0.0716205
0.0598983
0.0760274
0.0678005
0.0804838
0.0702228
0.0646883
0.0803286
0.0807212
0.0786692
0.0820647
0.0806276
0.0796626
0.0832041
0.077045
0.0839146
0.0761203
0.0765616
0.0740499
0.0819096
0.0740586
0.0785315
0.0753633
0.0786411
0.0794307
0.0837813
0.0857037
0.0882092
0.0910964
0.0857084
0.0863807
0.0849344
0.0845831
0.0845989
0.0838883
0.0823178
0.083696
0.0833001
0.0761932
0.0762551
0.0831058
0.0847569
0.0749909
0.0748986
0.0844599
0.0882116
0.0808136
0.0876841
0.0885539
0.0913523
0.0886504
0.0892241
0.0916171
0.0928066
0.0918039
0.0915017
0.0857116
0.0804391
0.0771604
0.073884
0.0691811
0.0691412
0.0668144
0.0562886
0.0676656
0.0567587
0.0664666
0.0618519
0.0662013
0.0721268
0.0735877
0.0779973
0.0740747
0.0767488
0.0765205
0.0729961
0.0711583
0.0726001
0.0677337
0.0781554
0.0707856
0.0724645
0.0719613
0.0690548
0.0736881
0.0765758
0.0750478
0.0819759
0.0781607
0.0800544
0.0758731
0.0769128
0.0752514
0.0777688
0.0775517
0.0788752
0.0766863
0.0744345
0.0776362
0.0782244
0.081805
0.0830907
0.0802342
0.0806066
0.0820686
0.0832917
0.0845951
0.0846624
0.0871257
0.0848122
0.0827607
0.08274
0.081243
0.0745843
0.0786717
0.0756132
0.0710659
0.0627822
0.0761122
0.0594591
0.0691993
0.0733626
0.0797388
0.0811256
0.0853761
0.0788175
0.0820387
0.0842233
0.0881174
0.0851294
0.0879382
0.0888921
0.0865881
0.0895532
0.0895906
0.0879586
0.0834961
0.0777124
0.0730846
0.0713935
0.0774911
0.0707536
0.0652932
0.0787222
0.0618834
0.0646137
0.0705861
0.069285
0.0741982
0.0796269
0.0761466
0.0812112
0.0789178
0.0861921
0.0871585
0.0836294
0.0872134
0.0828257
0.0857586
0.0852569
0.0822174
0.0816744
0.0796967
0.0740859
0.0756274
0.0648788
0.0770293
0.0694819
0.0771415
0.0747178
0.0764855
0.0803704
0.0801977
0.0816044
0.0797094
0.0809004
0.0762714
0.0695394
0.0658025
0.0787073
0.0684379
0.0736422
0.0577197
0.0729821
0.063726
0.0718229
0.0710399
0.0737549
0.0790187
0.0744791
0.0780504
0.0761348
0.0804835
0.0756144
0.0800704
0.0752352
0.0762557
0.073143
0.0685346
0.0544135
0.05555
0.0585252
0.0736421
0.0667078
0.0554033
0.0788705
0.0623915
0.0729255
0.0730732
0.0743317
0.0718382
0.0857814
0.0777737
0.0744442
0.0785103
0.0804545
0.080699
0.0791852
0.0767085
0.0794547
0.0742879
0.0739259
0.0726104
0.0672358
0.0641289
0.0697916
0.0525522
0.0738273
0.0639947
0.0606499
0.0712498
0.0619505
0.0661074
0.0754651
0.0636158
0.06838
0.0659906
0.0713121
0.0767019
0.0732236
0.0779399
0.0797142
0.0875303
0.0770612
0.0771235
0.0812877
0.0817743
0.0789717
0.0795144
0.0772055
0.0782961
0.080835
0.0771034
0.0710563
0.0617321
0.0633199
0.0661549
0.0622747
0.0530624
0.0409149
0.0425289
0.049473
0.0554142
0.0753213
0.0575071
0.0568595
0.0588449
0.0581603
0.0633664
0.059609
0.0588967
0.0598673
0.0742952
0.0786615
0.0766997
0.0835139
0.0815088
0.0856258
0.0815926
0.0841201
0.0834479
0.0818794
0.0728946
0.0733222
0.0699929
0.0751363
0.0644418
0.0548114
0.0663777
0.0531943
0.0629333
0.0593713
0.0625972
0.0530883
0.0437634
0.0621126
0.0542898
0.0553408
0.0584453
0.0564977
0.0758647
0.0679705
0.0730618
0.0717157
0.0677263
0.075584
0.0684884
0.0775232
0.0670882
0.0751493
0.0698572
0.0570801
0.0741811
0.0557859
0.0430611
0.0504017
0.0417362
0.0553004
0.0401755
0.0742859
0.059851
0.0545835
0.0468497
0.0521321
0.0643646
0.064431
0.0483686
0.0583977
0.0643555
0.0644367
0.0737161
0.0704456
0.0720648
0.0695134
0.0718562
0.0662447
0.0769527
0.0775931
0.0754642
0.065508
0.0751425
0.0705825
0.0622322
0.0727268
0.0641152
0.0643097
0.0449335
0.0567612
0.0516065
0.0420653
0.042331
0.060508
0.0484573
0.0363041
0.0573248
0.0537131
0.0616465
0.0629161
0.052424
0.0559469
0.0511246
0.0589632
0.0677406
0.0657791
0.0643504
0.0651247
0.0671011
0.0720723
0.0677003
0.0723143
0.0668084
0.0591683
0.0717042
0.0774624
0.076662
0.0735398
0.0713376
0.0641945
0.0586904
0.0595407
0.0551097
0.0474956
0.0418693
0.0457743
0.0408793
0.0513856
0.0678786
0.0557051
0.0569355
0.0464598
0.0525618
0.0555958
0.0528782
0.0496219
0.0583601
0.0636864
0.0637513
0.0623321
0.0665497
0.0745117
0.0763784
0.0805753
0.0677258
0.0659288
0.073566
0.0694477
0.0721328
0.0768637
0.0673353
0.0832284
0.0727578
0.0712742
0.0729854
0.0670456
0.0734023
0.0646044
0.052357
0.0446086
0.0498092
0.0382061
0.0407942
0.0488154
0.0502802
0.0667676
0.0525481
0.0572189
0.0587373
0.06413
0.0587792
0.0703617
0.0690461
0.0609889
0.0732069
0.0617906
0.0762378
0.0773172
0.0737657
0.0695516
0.0666316
0.074658
0.0630847
0.0483699
0.0549627
0.0344276
0.0473989
0.0309351
0.0557336
0.0380787
0.0566127
0.0584564
0.0397068
0.0429789
0.0514248
0.0663261
0.0518387
0.0578316
0.0381593
0.0656135
0.0523781
0.0316688
0.0480132
0.0605038
0.05647
0.047171
0.0494131
0.061242
0.0603817
0.0742484
0.0714677
0.0573858
0.0619513
0.0657998
0.0571601
0.0601778
0.0803788
0.0706177
0.0750058
0.055205
0.0560589
0.0471359
0.0430203
0.0570808
0.0492101
0.0397651
0.0594136
0.0513736
0.0235419
0.0447454
0.0503056
0.0500829
0.05766
0.0875361
0.11861
0.141355
0.175966
0.195119
0.215763
0.212538
0.200228
0.150468
0.118705
0.0730308
0.0675559
0.043997
0.0559023
0.0492657
0.0681897
0.0559668
0.0525773
0.0492206
0.0618985
0.062911
0.0629969
0.0642401
0.0617325
0.065217
0.0642085
0.0727545
0.0575366
0.0602165
0.0665372
0.0740587
0.0596536
0.0655781
0.0558282
0.0425895
0.0691233
0.043218
0.0482324
0.0427845
0.0662226
0.0483201
0.0658655
0.0586163
0.0413453
0.0718051
0.0717134
0.0536635
0.0666948
0.0511762
0.0601748
0.0747641
0.0772798
0.0634109
0.0783023
0.0514929
0.0534766
0.0288795
0.0360766
0.0449701
0.0515084
0.0446046
0.050047
0.0390362
0.0387454
0.0499574
0.0497611
0.0470497
0.0471629
0.0600454
0.0622978
0.0472858
0.0472546
0.0556513
0.0447291
0.0543532
0.0624593
0.0526077
0.0579639
0.0623607
0.0622966
0.048333
0.0346546
0.0527294
0.036286
0.0422118
0.0420587
0.0705016
0.0558443
0.0604857
0.060527
0.0536716
0.0634895
0.0456196
0.0577696
0.0616859
0.049656
0.056407
0.0351937
0.0350821
0.0205714
0.0100416
0.0480076
0.0251627
0.0364057
0.0220163
0.0277598
0.0479631
0.0148116
0.044195
0.0609755
0.0511949
0.0491804
0.0505794
0.0347336
0.0505897
0.0361665
0.0507424
0.0359777
0.0247769
0.0426161
0.0417859
0.0389572
0.0221713
0.0350661
0.0629484
0.0612463
0.0484346
0.0498501
0.0532363
0.0328331
0.0574555
0.0350459
0.0609582
0.0447225
0.0464249
0.0639597
0.0369896
0.055052
0.0535735
0.0659498
0.047539
0.0444839
0.0549716
0.0466797
0.043012
0.0348692
0.033295
0.0458291
0.0619068
0.0448269
0.0379999
0.0426025
0.0432018
0.0357327
0.059821
0.0440192
0.0543836
0.0619882
0.062873
0.0445633
0.0353647
0.0498782
0.0425199
0.0580039
0.0349363
0.0707395
0.0506021
0.0375787
0.0709974
0.0635181
0.0596838
0.0720663
0.0376198
0.0379449
0.0310204
0.026078
0.0603438
0.0409929
0.0194822
0.0459929
0.0410415
0.0314467
0.0493115
0.0411013
0.0505037
0.0314116
0.0413471
0.0415606
0.0330956
0.058181
0.0698874
0.0645108
0.0550075
0.0621031
0.0526544
0.0682695
0.0604722
0.0525468
0.0362731
0.0264682
0.0353546
0.0569786
0.0568976
0.0445457
0.0615578
0.0653064
0.0544725
0.0574992
0.0235676
0.0355816
0.0283078
0.0476414
0.0358022
0.0273408
0.0397937
0.0396543
0.039795
0.0444424
0.04204
0.047152
0.0524745
0.0534763
0.0293851
0.0414929
0.0496115
0.0365564
0.0485716
0.0373784
0.0410803
0.0446306
0.0535988
0.037449
0.0526321
0.046566
0.0394481
0.0373435
0.0448426
0.0370904
0.0359544
0.0341489
0.0487537
0.0467252
0.0337297
0.02918
0.0305295
0.0490324
0.0378747
0.0477965
0.0474959
0.0286698
0.032486
0.0359751
0.0299995
0.0503727
0.029564
0.0451397
0.0430427
0.0503337
0.0432369
0.0417018
0.0397314
0.0371883
0.0285504
0.0351116
0.0344247
0.0399458
0.0273459
0.0285143
0.0347587
0.0364528
0.0407412
0.0216244
0.037094
0.044061
0.0392547
0.0436032
0.0353699
0.0429361
0.0391495
0.0636208
0.0368673
0.0439718
0.0653528
0.0198778
0.0396869
0.0441489
0.0398317
0.0363724
0.0500966
0.0265649
0.0331259
0.0349904
0.0466681
0.0508636
0.0394501
0.0469169
0.0410151
0.0507855
0.0336328
0.0563423
0.0268772
0.0462636
0.0298503
0.0391874
0.0439604
0.030381
0.0462725
0.0291745
0.0341665
0.0452979
0.0385976
0.0440707
0.0269228
0.0255783
0.066476
0.0509473
0.0369345
0.0632431
0.0517699
0.0380499
0.0226972
0.0320345
0.038498
0.0291359
0.0340413
0.0436322
0.0650361
0.0256959
0.0321615
0.0388314
0.0496409
0.0369833
0.0713003
0.0570169
0.0338705
0.0176805
0.0651443
0.031778
0.025772
0.0218465
0.0444546
0.0301933
0.0418443
0.0134668
0.0288186
0.0416527
0.0252601
0.0135653
0.0105525
0.0504128
0.0524348
0.0581814
0.0316327
0.0261578
0.0477275
0.0308926
0.0419757
0.0292873
0.0328275
0.0418023
0.0467408
0.0430793
0.0436657
0.0466012
0.0524625
0.0565337
0.0482774
0.046478
0.0382221
0.0400351
0.0425585
0.0443738
0.0431843
0.045528
0.0319627
0.0454213
0.0425454
0.0427242
0.0406108
0.0425145
0.037798
0.0448584
0.0318186
0.0417216
0.0424731
0.0449486
0.0358472
0.0421512
0.0405232
0.0396484
0.0374655
0.038069
0.0409548
0.0337832
0.0318892
0.0469774
0.036477
0.0368981
0.0361059
0.0385031
0.0416408
0.0469658
0.0361253
0.0387382
0.0439101
0.0383615
0.0356207
0.0274429
0.0344367
0.0291861
0.0307238
0.0399779
0.0285543
0.0408677
0.0371455
0.0357486
0.0410846
0.0343072
0.0355313
0.0306299
0.0338551
0.0384893
0.0438447
0.0329872
0.0479202
0.0429462
0.0378383
0.03727
0.0440597
0.0456838
0.0371308
0.0445437
0.0371791
0.0366764
0.0400798
0.0430892
0.0424152
0.0327878
0.0285728
0.0368586
0.043894
0.0398752
0.0362052
0.0292486
0.0370517
0.0373683
0.0423289
0.0412389
0.0379043
0.0397854
0.0384319
0.0416824
0.0303638
0.0410014
0.0458203
0.0347851
0.0411636
0.0413665
0.0416817
0.041774
0.0352729
0.0286799
0.0402321
0.0401242
0.0378211
0.0378755
0.0441944
0.0313635
0.0341487
0.0457106
0.0348419
0.0358732
0.0286747
0.0462879
0.0348561
0.0423502
0.0543364
0.0361716
0.0325297
0.0324939
0.0376336
0.0278532
0.0348694
0.0356233
0.0413198
0.0428341
0.0409728
0.0407426
0.0336815
0.0395988
0.0427433
0.0344665
0.0368785
0.0387597
0.0547018
0.0406958
0.0368938
0.0415846
0.0394126
0.0413311
0.0312066
0.0415715
0.0414057
0.0336765
0.0337145
0.0389949
0.0362172
0.0230216
0.0307684
0.034965
0.0321357
0.0341885
0.0362231
0.0300673
0.0428259
0.0432165
0.0350064
0.0379149
0.043104
0.0391999
0.0372746
0.0463252
0.0379221
0.0478983
0.0248439
0.0242158
0.0328492
0.0302293
0.0426953
0.047622
0.0312685
0.0268347
0.0353964
0.0317774
0.0208021
0.0405285
0.0340703
0.0262772
0.0410021
0.0305158
0.034439
0.042538
0.0444475
0.0480558
0.0339204
0.0442172
0.0363121
0.045793
0.0543326
0.0478339
0.0312514
0.0306965
0.0380079
0.0409163
0.0506902
0.0416673
0.0265106
0.0352867
0.0453795
0.0454876
0.052642
0.0465093
0.0373897
0.0455465
0.0283576
0.0461283
0.0531156
0.0367467
0.0247019
0.0356443
0.0384769
0.0246497
0.0258467
0.043333
0.0383031
0.0164426
0.0412003
0.0326829
0.0330812
0.0427458
0.0372876
0.041838
0.0325409
0.0296912
0.0328225
0.0420477
0.0370878
0.035976
0.0495527
0.0370055
0.0368863
0.0361573
0.0363279
0.0488941
0.030629
0.0444562
0.0240303
0.0243024
0.0272497
0.0360214
0.0458522
0.0328
0.0312817
0.0360716
0.0406575
0.0502268
0.0535865
0.0386016
0.0423652
0.0379296
0.0403098
0.0369544
0.0309033
0.0385137
0.0323686
0.0297868
0.0433807
0.0412342
0.0308872
0.0366031
0.0436723
0.0433599
0.0349238
0.0267779
0.0352843
0.027846
0.0283483
0.037681
0.0299012
0.0241809
0.0332379
0.0399284
0.0398768
0.0452284
0.0441065
0.0329066
0.0364999
0.0392427
0.0415406
0.0380495
0.0383261
0.0404086
0.0349056
0.0367356
0.0428837
0.0306739
0.0422948
0.0307426
0.0391972
0.0313961
0.0322716
0.0425841
0.0369378
0.0265745
0.038087
0.028436
0.0383678
0.0405114
0.0329302
0.0360497
0.0344861
0.0327422
0.0387693
0.0358579
0.0426184
0.0491289
0.0357181
0.0385873
0.0388632
0.0327515
0.0350554
0.035021
0.0295937
0.0410532
0.0348639
0.0274924
0.043224
0.0425229
0.0401373
0.0408989
0.0356125
0.037586
0.030869
0.0387448
0.0322566
0.0391642
0.0341169
0.0313181
0.0383939
0.0307462
0.0361539
0.0334044
0.0378637
0.0467529
0.0300343
0.0340405
0.0371715
0.0373028
0.0335279
0.047117
0.0418335
0.0450834
0.0427628
0.0382942
0.0465711
0.0387879
0.0459203
0.0387402
0.0404427
0.0420216
0.0469959
0.0466794
0.0424704
0.0504413
0.0365917
0.0414141
0.046148
0.0451192
0.0383775
0.0398221
0.0468561
0.0456227
0.0570091
0.103547
0.198905
0.278712
0.323007
0.321361
0.315758
0.264747
0.157418
0.0889149
0.0607382
0.0633312
0.042357
0.044378
0.038556
0.038776
0.0410332
0.0333648
0.0409615
0.0420313
0.0363955
0.0437325
0.0419429
0.0425513
0.0416462
0.0349893
0.0364647
0.0389457
0.0392138
0.0348352
0.0412833
0.0417832
0.0331299
0.0357204
0.0424072
0.0364539
0.0386508
0.0450636
0.0414562
0.0457542
0.044887
0.0479798
0.0442426
0.0522908
0.0443986
0.052868
0.0422148
0.0382481
0.0380667
0.0423648
0.0434913
0.0482774
0.0433961
0.047839
0.0446365
0.0447602
0.038332
0.0445077
0.0396071
0.0407193
0.0438755
0.0433776
0.0434006
0.038496
0.0449559
0.0355357
0.037472
0.0365262
0.0497763
0.0414831
0.0390232
0.0332727
0.0330365
0.0464529
0.0356226
0.0229541
0.0307499
0.0399703
0.047695
0.0519776
0.0441471
0.0314732
0.0433145
0.0480507
0.0338259
0.0421822
0.0405044
0.0455356
0.0488017
0.0398963
0.0405134
0.0355488
0.0337103
0.0351433
0.0389868
0.0372777
0.0340094
0.0386975
0.0516875
0.0428215
0.0403132
0.0377137
0.0411547
0.0312952
0.0382623
0.0373886
0.0368714
0.0473574
0.0291228
0.0298105
0.0381921
0.0279691
0.0402123
0.020955
0.0367152
0.0528789
0.0463711
0.050235
0.0384936
0.0580046
0.0453825
0.0325622
0.029129
0.034535
0.0312651
0.0471362
0.0373276
0.0340818
0.0227279
0.0454176
0.0259793
0.0318502
0.0453309
0.0351941
0.0453204
0.0399239
0.0323753
0.0403412
0.0356544
0.0274727
0.0406234
0.0415049
0.0281756
0.0204733
0.0359837
0.0433305
0.0319444
0.0312703
0.0251458
0.0275623
0.0304466
0.029812
0.0157342
0.0690436
0.0411305
0.0199458
0.0387868
0.0256838
0.037767
0.0527708
0.0433523
0.0464024
0.0210858
0.0271863
0.0242581
0.0753101
0.0498617
0.0342295
0.0365877
0.0334672
0.0499607
0.014916
0.0223515
0.0381513
0.0196568
0.0267991
0.0517393
0.0212517
0.0650617
0.0397776
0.046099
0.0694699
0.0216271
0.0192386
0.0381897
0.0570088
0.0463644
0.0453339
0
0.0431488
0.0361776
0.0440101
0.0525648
0.0478663
0.0599929
0.0531151
0.0591557
0.0385959
0.0241439
0.0332558
0.026299
0.0407129
0.050966
0.0289835
0.0367827
0.0272587
0.0354322
0.0174046
0.0292475
0.0256281
0.0457044
0.0314776
0.0230408
0.0539961
0.0194517
0.0382131
0.0596713
0.0453892
0.0371133
0.057426
0.0349883
0.0609213
0.0537962
0.0344316
0.0487266
0.0597752
0.0343726
0.0330027
0.0346855
0.0348044
0.046254
0.0320388
0.0531122
0.0489665
0.0421571
0.0447265
0.0296999
0.0264318
0.0206917
0.0294661
0.0405016
0.0337798
0.031695
0.0436327
0.0368277
0.0551913
0.0493607
0.0302539
0.0453517
0.0497568
0.0533192
0.0466329
0.0443395
0.0563225
0.0506644
0.0594292
0.0542555
0.0607744
0.056605
0.0690312
0.059872
0.0669099
0.0559385
0.0447182
0.0620889
0.0422456
0.0494887
0.0423052
0.0255375
0.0419518
0.0445621
0.0652268
0.0508721
0.05915
0.03569
0.0480868
0.0329477
0.0533196
0.051837
0.0430386
0.0290264
0.0635459
0.0285708
0.0353936
0.0321856
0.0494917
0.0410261
0.0472397
0.0335474
0.035904
0.0491527
0.0412769
0.0366671
0.043497
0.0392274
0.0256092
0.0390462
0.0379351
0.041834
0.0371257
0.0365886
0.048997
0.0334895
0.0388474
0.0375089
0.0411473
0.0321482
0.0341661
0.0407393
0.0429792
0.0358888
0.0386962
0.0543712
0.0357355
0.0341343
0.0312439
0.0403919
0.0446383
0.0231344
0.0447833
0.0381048
0.0328253
0.0338824
0.0294172
0.0471708
0.047148
0.061181
0.0465789
0.0397494
0.0359174
0.0398845
0.0420722
0.0237561
0.046037
0.0343116
0.048422
0.0402248
0.0406106
0.0414218
0.0414933
0.0476468
0.0500507
0.0394598
0.0474874
0.042089
0.0431421
0.0404793
0.0488765
0.0340893
0.0494324
0.0317487
0.0331
0.051508
0.0388392
0.0354307
0.0399538
0.0371977
0.0394511
0.0445369
0.0413285
0.0451559
0.0461631
0.0389132
0.0401485
0.0479976
0.0417016
0.044608
0.0454924
0.0635534
0.04943
0.0448461
0.0478119
0.045799
0.0631905
0.0540325
0.0656523
0.064672
0.0600166
0.056553
0.0539878
0.0456457
0.0480861
0.0449689
0.0373779
0.0449031
0.0394975
0.0349983
0.0423428
0.0543503
0.0500456
0.0482183
0.05024
0.0440859
0.0408767
0.045631
0.0424062
0.0340753
0.0397925
0.040209
0.0328398
0.0454831
0.0478505
0.0520868
0.0447315
0.048593
0.0492096
0.048478
0.04841
0.0489512
0.0485954
0.0499075
0.0496961
0.0563384
0.0592275
0.0593596
0.0627393
0.0514512
0.0585524
0.0628565
0.0544498
0.0524795
0.0442043
0.0525714
0.0460435
0.0576347
0.0545401
0.0316345
0.063014
0.055873
0.0447087
0.04016
0.058159
0.0459331
0.0436198
0.0383435
0.0474908
0.0359401
0.0449634
0.0486699
0.0515528
0.0478645
0.0446386
0.0353451
0.0455428
0.0451584
0.0457534
0.050829
0.0502052
0.0468093
0.0548156
0.0564988
0.0452232
0.0561892
0.0525412
0.0513998
0.053807
0.0591674
0.0580839
0.0646406
0.0644547
0.0579135
0.0579202
0.049063
0.0582981
0.056561
0.0432346
0.0521414
0.0538397
0.0571757
0.0421032
0.0489371
0.0472645
0.0642927
0.0483314
0.0310145
0.044304
0.0568188
0.0346075
0.0287523
0.0496507
0.0530212
0.0433908
0.0276422
0.0341641
0.0381386
0.0475635
0.0426441
0.0385154
0.0615536
0.0360653
0.0375118
0.0185484
0.0466654
0.0381231
0.0381305
0.0285141
0.0417499
0.0362318
0.0387895
0.0350808
0.0485114
0.0391096
0.0502252
0.0364189
0.0412135
0.0430277
0.0466684
0.0337989
0.0322254
0.0382475
0.0442716
0.033089
0.0299488
0.0363805
0.0406998
0.0442673
0.0363465
0.0384456
0.0282811
0.0453704
0.0351923
0.0281676
0.0313501
0.0368867
0.0401136
0.03381
0.0444864
0.0539636
0.0482937
0.0571113
0.0580191
0.064258
0.0576368
0.0595074
0.065405
0.0608751
0.0700272
0.0596102
0.0605022
0.0675221
0.0596296
0.0693927
0.0591098
0.071465
0.0664089
0.0570625
0.0638581
0.0448827
0.0538927
0.0656336
0.0418217
0.0495803
0.0650654
0.062455
0.0471016
0.0628114
0.056834
0.0604866
0.0541465
0.059478
0.0599811
0.0589166
0.0748994
0.0611372
0.0334665
0.0380489
0.0441441
0.0644464
0.0499467
0.0638638
0.0656266
0.0715623
0.0438367
0.0651591
0.0674089
0.0577381
0.0634389
0.0635443
0.0820317
0.069107
0.0735039
0.064469
0.0707209
0.0573739
0.0702576
0.0682655
0.0760313
0.066933
0.0681312
0.0395704
0.0446448
0.0165372
0.0451032
0.0580861
0.0597286
0.0344771
0.0865378
0.0379162
0.052689
0.0416485
0.0327886
0.0563245
0.0464127
0.0609616
0.0605831
0.0521175
0.0751592
0.0592554
0.0924213
0.0715778
0.0526615
0.0856653
0.0684096
0.0965976
0.0681564
0.0584601
0.0727309
0.0620597
0.0577617
0.0620513
0.0677837
0.0707173
0.0607254
0.0777082
0.0736663
0.0700459
0.0813488
0.0765633
0.0814794
0.0874055
0.0864454
0.0846544
0.083706
0.0686794
0.0709706
0.0608427
0.0819378
0.0623119
0.0600183
0.0474037
0.0772377
0.0660023
0.0601787
0.0431146
0.0530105
0.0689193
0.0184368
0.019962
0.0712529
0.0339384
0.08834
0.0403396
0.0297797
0.0555403
0.0675809
0.0726459
0.0750165
0.0751506
0.0041947
0.0825366
0.065346
0.053222
0.0773882
0.0581847
0.0800956
0.0845193
0.00369116
0.0668967
0.0693553
0.119475
0.0606554
0.0655908
0.0696622
0.07974
0.0671621
0.0782396
0.0706767
0.0997692
0.0685872
0.078993
0.0747364
0.0793466
0.0818348
0.0938118
0.0897468
0.0613371
0.0987198
0.109338
0.0604024
0.0715118
0.0932414
0.0419769
0.0829549
0.0726748
0.0841767
0.0585655
0.0464444
0.0542813
0.053436
0.0536313
0.0908427
0.0349235
0.0755654
0.0856212
0.0799076
0.019678
0.04738
0.0806037
0.052614
0.0277806
0.0477246
0.0679089
0.0770796
0.0855353
0.060638
0.0502651
0.0536743
0.0707768
0.0636802
0.0511198
0.0872711
0.0596258
0.0657433
0.0577903
0.0516204
0.0410248
0.0695405
0.0721033
0.0180169
0.0330302
0.05399
0.105589
0.0535279
0.0445356
0.0883713
0.086001
0.0810469
0.103675
0.0736044
0.043547
0.000390332
0.0203828
0.0967391
0.0669834
0.0926088
0.0985963
0.0653173
0.093593
0.12181
0.0559103
0.026391
0.0647269
0.0918924
0.0696064
0.0746175
0.04906
0.044582
0.0691262
0.0442963
0.0463803
0.0733068
0.119163
0.0581653
0.0359065
0.119082
0.0767738
0.0465489
0.0137436
0.0222124
0.0536187
0.00587868
0.0394974
0.00164633
0.094731
0.0581809
0.05819
0.0376657
0.0394397
0.0426985
0.0822796
0.0428602
0.0161357
0.0408175
0.076657
0.0166783
0.014287
0.0326165
0.0479563
0.0681448
0.0530769
0.0172375
0.045129
0.0981231
0.0860743
0.0124881
0.0824668
0.034772
0.0608709
0.0528821
0.0360742
0.0472248
0.0736263
0.115935
0.0343322
0.0691699
0.103576
0.088412
0.0504088
0.0480329
0.0969982
0.0684628
0.0461321
0.0669852
0.0418422
0.050803
0.0929385
0.0700673
0.0715462
0.0953263
0.0836092
0.0742949
0.0404512
0.0728124
0.0301179
0.0402933
0.0116317
0.0958599
0.123538
0.0445614
0.0530009
0.0380349
0.0742557
0.0688295
0.0261221
0.0374433
