0.0612371
0.0535054
0.0602236
0.0523805
0.058028
0.0470804
0.0498375
0.0627636
0.0656038
0.0638924
0.0564335
0.0664376
0.0663998
0.0585388
0.0574068
0.065549
0.0615027
0.0591217
0.0547049
0.0612636
0.0584801
0.058475
0.0544818
0.0605525
0.0623806
0.0648123
0.0692376
0.0679729
0.0706707
0.0660735
0.0661962
0.0634366
0.0679128
0.0653504
0.063226
0.0629203
0.0645861
0.0598637
0.0585564
0.0601889
0.0588826
0.0654014
0.0622373
0.0625652
0.0663998
0.0702612
0.0642423
0.0699979
0.0683838
0.0731958
0.0683585
0.0695747
0.0715046
0.0718343
0.0713752
0.07109
0.0652734
0.0629097
0.0566961
0.0499061
0.0586116
0.0573693
0.0471353
0.0402867
0.053963
0.0451601
0.0489522
0.0397193
0.0466275
0.0517414
0.0518436
0.0597787
0.0569665
0.0599042
0.0588377
0.0536893
0.0500728
0.0539629
0.0521878
0.0607018
0.0505317
0.0536619
0.0542113
0.0479941
0.053999
0.0627267
0.0585149
0.0611652
0.0613916
0.0572684
0.059553
0.0589079
0.0615151
0.0565579
0.0563519
0.0569946
0.0639108
0.0618762
0.0599991
0.0579049
0.0611731
0.0636324
0.0610266
0.0624034
0.0677175
0.0697088
0.0660623
0.064403
0.0635922
0.0595252
0.0650048
0.0641473
0.0631426
0.0597897
0.0564052
0.0537883
0.0509132
0.0448464
0.0580914
0.050252
0.0578124
0.0583138
0.0604508
0.0636879
0.0670282
0.0588049
0.0612228
0.0628037
0.0721523
0.0642244
0.0657183
0.0669897
0.0671248
0.0688418
0.0692543
0.0683816
0.0652199
0.0578339
0.0543526
0.0546177
0.0525888
0.057261
0.0500908
0.0621076
0.0589389
0.0606675
0.0573991
0.0491133
0.0671001
0.0651871
0.0621678
0.0636003
0.062869
0.064994
0.0644773
0.0614241
0.0658789
0.0646696
0.0642556
0.0650211
0.0620166
0.0637689
0.0615839
0.055923
0.0543097
0.0462338
0.0581975
0.0535435
0.0522638
0.0608372
0.0578981
0.0568868
0.0613881
0.0587688
0.0652852
0.0596752
0.0551035
0.0547453
0.0473497
0.0554492
0.0497897
0.0480758
0.0405908
0.0600116
0.0563325
0.0614902
0.0481789
0.0574932
0.0580405
0.0583407
0.0586889
0.0573
0.0576561
0.0583789
0.062658
0.0591509
0.0546426
0.0538186
0.0486628
0.0390878
0.0403951
0.0495254
0.0499266
0.0544092
0.0384649
0.0515018
0.0523369
0.0602182
0.0505606
0.0611425
0.0537381
0.0621704
0.0598108
0.0597392
0.0561172
0.0616974
0.0582911
0.0601772
0.0567077
0.0586208
0.0533582
0.0574985
0.0525134
0.0465119
0.0520285
0.056766
0.0453654
0.0462111
0.0565844
0.0511791
0.0519697
0.0471573
0.0540781
0.0530505
0.0402673
0.0457777
0.0502485
0.0543195
0.0559949
0.0533994
0.0608535
0.063791
0.0626156
0.059116
0.0601768
0.05864
0.0596657
0.0603334
0.0561066
0.0580164
0.0578381
0.0628174
0.0551513
0.058561
0.0441906
0.0544242
0.0416829
0.0456326
0.0452558
0.0348177
0.040744
0.0484316
0.0472027
0.048224
0.0432463
0.0534643
0.0515012
0.048766
0.0490017
0.0478689
0.0476578
0.0525207
0.0582856
0.059847
0.0596213
0.0572397
0.064687
0.0641483
0.0647399
0.0649193
0.0610883
0.0616558
0.0552489
0.0556488
0.0589784
0.0616155
0.046287
0.0442507
0.045621
0.0499801
0.0430595
0.0540937
0.0457829
0.0385976
0.0510719
0.0384211
0.0419076
0.0533105
0.0490705
0.0536221
0.0530189
0.0563921
0.0558104
0.0558017
0.0568748
0.0551416
0.0495105
0.0575111
0.0559788
0.0589217
0.0487435
0.0419958
0.0497112
0.0388394
0.0267682
0.0397046
0.0285468
0.0556515
0.037598
0.0596912
0.0429143
0.0549752
0.0375735
0.0239807
0.0423717
0.0477704
0.0346699
0.0503201
0.0484925
0.0404505
0.0552918
0.0628628
0.0548175
0.0572628
0.0595794
0.0533486
0.0587298
0.0531559
0.0589698
0.0475322
0.0573325
0.0555574
0.0554168
0.0452942
0.0528838
0.0392104
0.0315745
0.0421181
0.0348344
0.0456934
0.0285993
0.0538297
0.0409434
0.0272353
0.0436182
0.041569
0.0506084
0.0546906
0.0325284
0.0384653
0.0554604
0.0361385
0.0449711
0.0459745
0.0474505
0.0531806
0.0496416
0.0522656
0.0502986
0.0477206
0.0539438
0.0475315
0.0508503
0.0650499
0.0646157
0.0561726
0.0524852
0.0459098
0.0395839
0.0432705
0.0329851
0.0414787
0.0452258
0.0333794
0.0296831
0.0387026
0.0506964
0.0416943
0.0380392
0.0423464
0.0459526
0.0525776
0.0445379
0.0571717
0.0431614
0.0436531
0.0524263
0.0507532
0.0575676
0.0592314
0.0565167
0.049549
0.0530809
0.0495038
0.0594759
0.0517226
0.057946
0.053386
0.0480573
0.0615223
0.0481047
0.0525401
0.0593453
0.0590663
0.0521634
0.0391585
0.0318815
0.0435736
0.0351129
0.0240362
0.0510166
0.0484509
0.0520031
0.0502914
0.0493038
0.0517552
0.0462768
0.0442056
0.0488202
0.0517229
0.049507
0.0471363
0.0605097
0.0431213
0.0610898
0.0603769
0.0578817
0.0562119
0.0644031
0.0489439
0.0482676
0.026093
0.0580174
0.0232553
0.031746
0.0360422
0.0512083
0.0305207
0.0354153
0.0547307
0.0297931
0.030174
0.0377624
0.0421799
0.0370942
0.0480974
0.0333584
0.0610625
0.0401909
0.0191609
0.0315351
0.0563346
0.0525766
0.0332117
0.035239
0.0474316
0.0524425
0.0591093
0.0620061
0.0431705
0.0517754
0.0469227
0.0602942
0.0445422
0.0580436
0.0570932
0.0643756
0.0473671
0.0446964
0.0413473
0.0399428
0.0340043
0.0460401
0.0400826
0.0372239
0.045126
0.0445027
0.033321
0.0504976
0.0369784
0.0432546
0.0785965
0.0956884
0.129316
0.166364
0.155947
0.178582
0.196619
0.18521
0.14298
0.117794
0.0676368
0.0564806
0.0416571
0.0195646
0.0362647
0.0370974
0.0437368
0.0582665
0.0352688
0.0445484
0.0521616
0.0454159
0.0495855
0.0425193
0.0530479
0.0505473
0.0455367
0.0431597
0.0486822
0.0463524
0.0465636
0.0373234
0.0531826
0.0423173
0.0377261
0.0426841
0.0311286
0.0517911
0.0498007
0.0519929
0.0317242
0.0556668
0.0650241
0.0546146
0.0481292
0.0472451
0.0563798
0.0615382
0.0444268
0.0422344
0.0534607
0.0516841
0.0444762
0.0641214
0.0356139
0.042721
0.0405681
0.0203053
0.0255312
0.0504861
0.0671931
0.0383934
0.0381797
0.0254859
0.0446228
0.0467466
0.0388071
0.0338257
0.0325409
0.0485854
0.0342445
0.0411187
0.0430485
0.036679
0.0501341
0.0394982
0.0396809
0.0581386
0.0653739
0.0429046
0.0336092
0.0379071
0.0494602
0.036837
0.0399845
0.0381016
0.0492516
0.0595535
0.0458257
0.0332726
0.0464496
0.0450847
0.0402967
0.0315489
0.0468276
0.0495204
0.0254245
0.0304593
0.0190796
0.037318
0.0186363
0.0576351
0.0274206
0.0472288
0.0245071
0.0410473
0.0632949
0.0187675
0.0694084
0.0611655
0.0410535
0.0414576
0.0331729
0.0529848
0.0493806
0.0559521
0.0411826
0.0175446
0.0235875
0.0108726
0.0280664
0.0345702
0.0423071
0.0444663
0.0458124
0.0533538
0.0439428
0.0370656
0.0566242
0.044226
0.0319562
0.0423897
0.0316528
0.046498
0.0403587
0.0584302
0.0452872
0.0457242
0.0400431
0.0440646
0.0459267
0.0392482
0.0336601
0.050739
0.045299
0.0298107
0.0338576
0.027458
0.0382481
0.0395959
0.0297
0.0521738
0.035076
0.0265485
0.0400023
0.055859
0.0373799
0.0571109
0.0552776
0.0252326
0.0617653
0.0337498
0.0506174
0.0740582
0.0503823
0.0551773
0.0448047
0.0364119
0.0621077
0.0305674
0.0571071
0.072628
0.0355811
0.0533146
0.0336869
0.00626608
0.0504163
0.0292809
0
0.0421728
0.0175571
0.0213438
0.0305879
0.0292768
0.0310732
0.026488
0.0348941
0.037243
0.0331088
0.0732005
0.0458934
0.0472068
0.0607765
0.0390937
0.0505789
0.0484871
0.0401793
0.0650211
0.0320277
0.0417184
0.0535154
0.0290182
0.0466607
0.0509357
0.0382152
0.0518702
0.0444794
0.0429848
0.0100726
0.0251301
0.0283565
0.0313904
0.0322496
0.0337779
0.0191142
0.0483241
0.0264694
0.0187044
0.0288289
0.0291011
0.036837
0.0349664
0.029959
0.0420363
0.0369535
0.0292923
0.0361191
0.0127616
0.0168744
0.0458756
0.0369663
0.0313228
0.0299392
0.0331959
0.0227862
0.0189485
0.0356919
0.0127263
0.0205396
0.0286106
0.0435306
0.036888
0.0321435
0.0325021
0.0209868
0.0285852
0.0392004
0.0285562
0.0405035
0.0368312
0.0275425
0.0404098
0.0157254
0.0303736
0.0287445
0.0481409
0.0396008
0.0372866
0.0361115
0.0247112
0.0297717
0.0350873
0.0340577
0.0253258
0.0423332
0.0322004
0.0227999
0.0380867
0.00998185
0.0293623
0.0260132
0.0239093
0.0450626
0.0428255
0.0331323
0.0266596
0.0217863
0.0266624
0.0292574
0.0374957
0.0381991
0.0470886
0.0549541
0.0249419
0.036536
0.0377674
0.0283941
0.0197031
0.0422529
0.0214928
0.0329568
0.0293486
0.0383487
0.0399515
0.04899
0.0394773
0.0242959
0.0400235
0.0344979
0.0351821
0.0332731
0.0541379
0.043414
0.0374508
0.0487796
0.0260545
0.0583086
0.0391337
0.0327505
0.0430784
0.0325768
0.0443465
0.0275617
0.0277546
0.0325668
0.0335669
0.0306468
0.0459012
0.0150401
0.0116938
0.0315565
0.0335052
0.0399526
0.0424627
0.0358744
0.0313205
0.0489739
0.0380459
0.0346433
0.0560955
0.0471456
0.0421808
0.0358977
0.084281
0.0215535
0.0537068
0.040609
0.0703876
0.0201124
0.0387622
0.0478168
0.024523
0.0394365
0.0143147
0.0417247
0.0346676
0.0224778
0.00793339
0.0253312
0.04859
0.0437785
0.0442465
0.0372528
0.0400438
0.0430435
0.035362
0.041053
0.0269467
0.0157861
0.0295832
0.0324523
0.0379232
0.0396246
0.0334149
0.0387041
0.0464824
0.0312837
0.0327989
0.0274481
0.0241429
0.0319886
0.0266386
0.0297325
0.027682
0.0322651
0.0269772
0.0215659
0.0299319
0.0205485
0.0299945
0.0218833
0.0281222
0.0194478
0.0264227
0.0220796
0.0246089
0.0233805
0.0301527
0.0234883
0.0274164
0.0167697
0.0237622
0.0276877
0.0199619
0.0194444
0.0309795
0.0244316
0.0162561
0.0232209
0.0279661
0.0296207
0.0305769
0.0221859
0.0230679
0.0232774
0.0258521
0.0172887
0.0196348
0.0149394
0.0198998
0.0229829
0.0269661
0.0148761
0.0267747
0.026787
0.0298475
0.0234407
0.0256971
0.0260541
0.0154102
0.0226847
0.0222753
0.0230049
0.0155635
0.0238006
0.0223838
0.0275801
0.0303946
0.0302481
0.0354525
0.0248944
0.0334391
0.0239219
0.0116267
0.0249119
0.0244163
0.022589
0.0268129
0.0175511
0.0220192
0.022086
0.022493
0.0236701
0.0250625
0.0280856
0.0306168
0.0300235
0.020632
0.0166402
0.0210132
0.0280824
0.0278783
0.0233307
0.021014
0.0259103
0.0243044
0.0254339
0.0235058
0.021039
0.0279867
0.0236866
0.0175138
0.0257841
0.0210343
0.0220688
0.0225464
0.0310093
0.0213503
0.0131085
0.0266684
0.0305299
0.0367245
0.0189519
0.0328428
0.0258786
0.0313478
0.0302007
0.0222416
0.0223205
0.0197584
0.0246113
0.0254644
0.020152
0.0261917
0.0288926
0.0209976
0.0357648
0.0244364
0.0231429
0.0254126
0.0290764
0.0206851
0.0120732
0.0265168
0.0330379
0.028431
0.029911
0.0242571
0.0259018
0.032
0.0192324
0.0300832
0.0290975
0.0246327
0.0268405
0.0160005
0.0189176
0.00625854
0.0266438
0.0238985
0.0270706
0.0198047
0.0162598
0.0140633
0.022592
0.0336757
0.0233543
0.0275627
0.0235553
0.0229008
0.0386824
0.032579
0.0284705
0.0275711
0.0282931
0.0270693
0.0192872
0.033177
0.0303599
0.0422512
0.032905
0.0254825
0.0253944
0.0173459
0.0265335
0.0388966
0.0222671
0.0196515
0.0182746
0.0172549
0.0274949
0.0278114
0.0299578
0.0414229
0.036739
0.0454669
0.0237314
0.0318135
0.0361289
0.0370209
0.0235727
0.0288575
0.035273
0.037035
0.0342618
0.028873
0.0253635
0.0200948
0.0270055
0.0420661
0.0334435
0.0341764
0.0241649
0.0320644
0.020915
0.0361918
0.0390091
0.023589
0.0253594
0.0429126
0.0200396
0.0303456
0.0332864
0.0273764
0.0304564
0.0207042
0.0264958
0.0145517
0.0318353
0.0304421
0.0284664
0.0269949
0.0294898
0.0193398
0.0285037
0.0244119
0.0269364
0.0322758
0.030743
0.0264095
0.0308411
0.0238749
0.0249437
0.0247735
0.0262086
0.0276808
0.0229545
0.034049
0.0109972
0.0208592
0.0266847
0.0266951
0.0211045
0.0290672
0.0269645
0.0462752
0.0298116
0.0133323
0.0142885
0.0302519
0.0263801
0.0247361
0.0222506
0.0286872
0.0200557
0.019137
0.0256059
0.0255071
0.0261341
0.0207825
0.0321682
0.0306424
0.0189193
0.0206269
0.0134389
0.0194695
0.02641
0.0368392
0.015863
0.00583366
0.0390614
0.00747017
0.0193691
0.0251829
0.0181486
0.0331505
0.0316636
0.0309277
0.0245653
0.0235179
0.0264044
0.0216913
0.0220397
0.0224595
0.0284578
0.0236793
0.027055
0.0144497
0.0224277
0.0276634
0.0357865
0.0281601
0.02608
0.0160978
0.0190353
0.0147791
0.0200249
0.0234354
0.0225105
0.0261878
0.0190617
0.0295957
0.02319
0.0142924
0.0387358
0.0322791
0.0216795
0.0192747
0.0297492
0.027365
0.0295782
0.0192341
0.0155222
0.0234798
0.027038
0.0190094
0.0277696
0.0330933
0.0259849
0.021045
0.0181166
0.0229538
0.0211108
0.0237119
0.0202952
0.0217274
0.0228893
0.0154722
0.0145456
0.01957
0.0220294
0.0189472
0.0233416
0.0304165
0.0165813
0.0070313
0.0230516
0.0326444
0.0216421
0.0384117
0.0288256
0.0243232
0.0290289
0.0311481
0.0313605
0.0244344
0.0323188
0.030173
0.0255792
0.0294136
0.0221378
0.0302716
0.0233345
0.0282857
0.0296485
0.0298732
0.0258494
0.0254262
0.0272672
0.0266154
0.0344016
0.0303276
0.0488864
0.0917181
0.165671
0.250516
0.28723
0.285003
0.287232
0.232049
0.132269
0.0713465
0.0362656
0.0427652
0.0352894
0.0306171
0.0235794
0.02232
0.0217882
0.0206554
0.0267449
0.0244396
0.0214168
0.028584
0.0202892
0.0248336
0.023866
0.0223346
0.0223043
0.0241566
0.0174156
0.0172617
0.0208687
0.0200886
0.0208337
0.0256132
0.0223785
0.024775
0.0261745
0.0291092
0.0282218
0.0329353
0.029293
0.0419266
0.0232021
0.0345062
0.0267565
0.0387097
0.0322813
0.025435
0.029607
0.0257369
0.0285411
0.0309001
0.028601
0.026877
0.0326686
0.0287356
0.0307363
0.0260851
0.0252953
0.0292087
0.0240829
0.028162
0.024477
0.0168842
0.0300234
0.0225664
0.0229505
0.0158964
0.0245189
0.0348005
0.0237008
0.0297895
0.0301637
0.0307462
0.0197934
0.013787
0.0269305
0.0330139
0.0355799
0.0223995
0.0199987
0.0268632
0.0250197
0.0256788
0.0299448
0.0276562
0.0297728
0.032224
0.035619
0.0258204
0.0197032
0.0206301
0.0196564
0.0142586
0.0264841
0.028241
0.022379
0.0273372
0.029694
0.0295995
0.0229307
0.0285621
0.029324
0.0171497
0.0343054
0.0220719
0.0238818
0.0309132
0.0246848
0.0278868
0.0285178
0.0122071
0.0254685
0.0182018
0.0238932
0.048268
0.0246542
0.0252384
0.0442128
0.0540759
0.0284461
0.0289944
0.0385461
0.0255499
0.0184737
0.0290946
0.0303643
0.0179854
0.0215332
0.0427319
0.0231685
0.025655
0.0359396
0.0286583
0.0260652
0.0430758
0.0274364
0.0281387
0.0234845
0.0277358
0.0349882
0.0339188
0.0299143
0.0118421
0.0376279
0.0368262
0.0247254
0.0159694
0.0238656
0.0323038
0.0173429
0.0461823
0.0143118
0.0669969
0.0419368
0.00720971
0.0521838
0.0268037
0.0574593
0.0352204
0.0342482
0.0343288
0.0106918
0.033738
0.0143112
0.0649699
0.0670826
0.0290633
0.0506209
0.0221314
0.0472541
0.0201936
0.0378882
0.0596421
0.05931
0.0584722
0.0517606
0.0572251
0.0624936
0.0179489
0.0362611
0.0564731
0.0176475
0.0462255
0.0402447
0.0306732
0.0523569
0.0398571
0.0272637
0.0427967
0.0112588
0.0332095
0.07857
0.0454691
0.0367016
0.0472248
0.0520766
0.0522091
0.021517
0.0228972
0.0327831
0.0613236
0.038379
0.0328317
0.0247244
0.0284048
0.0333144
0.0167965
0.0170027
0.036273
0.0251204
0.0307022
0.0312821
0.0310706
0.033289
0.0300212
0.0478518
0.0423259
0.0457225
0.0576276
0.0508218
0.0488784
0.0428235
0.0356639
0.0300395
0.0420024
0.0386546
0.043743
0.0189496
0.0352412
0.0459808
0.0360726
0.0392065
0.0332198
0.0298603
0.0288719
0.018193
0.0393141
0.0286202
0.0178867
0.0475705
0.0285138
0.0226961
0.03799
0.0144401
0.0375631
0.0511982
0.0321782
0.0314381
0.0348323
0.0421512
0.0296626
0.0358435
0.0464942
0.0459984
0.0481092
0.0464093
0.0419716
0.0447951
0.0529615
0.0392236
0.0478955
0.0364593
0.0387932
0.0414354
0.0384108
0.0342855
0.0258488
0.0172312
0.0360024
0.0317587
0.0429433
0.0237052
0.0492236
0.0381429
0.0347225
0.0224021
0.0358535
0.0420038
0.0489303
0.035485
0.0615494
0.0164527
0.0415106
0.0191409
0.029508
0.0222293
0.0319219
0.0282466
0.0278583
0.0406842
0.045268
0.0262521
0.0308174
0.0320824
0.0170367
0.0243735
0.0190343
0.0291073
0.0208067
0.0230083
0.0275114
0.0181599
0.0276571
0.0247772
0.0222482
0.0185753
0.0341327
0.0309852
0.0258131
0.0305996
0.0177718
0.026377
0.0243384
0.0346722
0.0287778
0.0365839
0.0352708
0.0255833
0.0223992
0.0218238
0.0348462
0.0204923
0.0145392
0.0240603
0.0336021
0.044561
0.0302453
0.0270272
0.0348513
0.0459213
0.0290057
0.0328433
0.035244
0.0241388
0.0322605
0.0284433
0.0259597
0.025375
0.0279516
0.0412014
0.0256335
0.0224963
0.026633
0.0322475
0.0302863
0.0241536
0.0289852
0.0155696
0.0287416
0.0253577
0.0292302
0.0330851
0.0296718
0.0248604
0.022853
0.0269091
0.0227639
0.0224499
0.0267403
0.0368361
0.0280231
0.0250764
0.0356799
0.0384055
0.0261071
0.0401203
0.0359316
0.0408206
0.0399894
0.0209675
0.0339362
0.026888
0.0468488
0.0437346
0.0449426
0.052277
0.0445807
0.048264
0.0416466
0.0372613
0.0294701
0.0301826
0.0285745
0.0308721
0.0287825
0.025558
0.033206
0.0315961
0.0290807
0.031289
0.0311874
0.0281711
0.0300604
0.0295859
0.0243576
0.0195824
0.028828
0.0262978
0.0268973
0.0246888
0.0268829
0.0318925
0.0319741
0.0326372
0.0390465
0.0277022
0.0307736
0.0355871
0.033456
0.0362729
0.0367172
0.0385308
0.0517427
0.0446201
0.0424069
0.0361097
0.043506
0.0433655
0.0435008
0.0460134
0.0385484
0.0443586
0.0303741
0.046681
0.0437535
0.025638
0.0528856
0.0443174
0.0251865
0.0229468
0.047363
0.0532126
0.0224249
0.024953
0.0412383
0.0411629
0.0365523
0.0395554
0.0363113
0.0386026
0.0314026
0.0257905
0.0219793
0.0326756
0.0285821
0.0290249
0.040661
0.0314021
0.0374653
0.042355
0.030583
0.0390377
0.0400516
0.041119
0.0386932
0.0383293
0.0457933
0.040623
0.0473155
0.037841
0.0506701
0.0322063
0.0350647
0.0408044
0.0300313
0.0306875
0.0334732
0.0312801
0.0268315
0.0293692
0.0294131
0.0413218
0.0321138
0.0202524
0.0259004
0.0395507
0.0220939
0.0310686
0.0355651
0.0258786
0.0378526
0.0276627
0.0332769
0.0337595
0.0274879
0.028133
0.0395252
0.0420688
0.0309274
0.0347708
0.0122808
0.0292622
0.02798
0.025908
0.0171541
0.0208256
0.0298469
0.0198816
0.0269648
0.02552
0.0237292
0.034361
0.0194155
0.0191485
0.025603
0.0287047
0.0234684
0.0218676
0.0270713
0.0289333
0.0181343
0.0231784
0.0160495
0.0247045
0.0293719
0.0211411
0.0194404
0.0204025
0.0290026
0.0231141
0.0146638
0.0207942
0.0205289
0.0200939
0.0277015
0.0342678
0.0319569
0.0351446
0.0422411
0.0420347
0.0447455
0.042119
0.0444361
0.0482294
0.0400796
0.0433466
0.0432311
0.0471359
0.0460535
0.0456208
0.0488531
0.0540976
0.0467049
0.0456667
0.040123
0.0507193
0.0332334
0.0331301
0.0472088
0.0346667
0.0577154
0.0548987
0.0502738
0.0356293
0.0614357
0.0483967
0.0509835
0.0393132
0.0472046
0.0597271
0.050524
0.0532586
0.0499597
0.0445523
0.0411379
0.0448284
0.0509215
0.0384638
0.0494903
0.0328185
0.05326
0.0452724
0.048057
0.0450879
0.052259
0.0530211
0.0570694
0.0611074
0.0559612
0.0538755
0.0555508
0.0669971
0.0446128
0.0528291
0.0680607
0.0581703
0.05112
0.0425877
0.0449645
0.0216376
0.0543953
0.0322998
0.0583679
0.0272069
0.0534728
0.0733876
0.00838517
0.0111217
0.08886
0.0527788
0.0610412
0.053078
0.0556524
0.0543622
0.0564808
0.0978982
0.0838851
0.07362
0.0869711
0.0561181
0.0407055
0.0804444
0.055324
0.0613612
0.0569461
0.0726007
0.0515851
0.0668645
0.0347777
0.0529799
0.0596782
0.0629068
0.0645595
0.0615552
0.0486678
0.0722046
0.0595971
0.0668095
0.0624605
0.0731523
0.0655086
0.0613405
0.0546982
0.0587946
0.0646711
0.0642431
0.0722046
0.0569661
0.0421249
0.0395008
0.0506086
0.0445153
0.0530348
0.0668752
0.0546256
0.0488734
0.012834
0.0448596
0.0394896
0.0505657
0.00292899
0.0767951
0.0227365
0.0780027
0.0184848
0.0672475
0.0960534
0.030801
0.0937817
0.0470497
0.0764665
0.0944268
0.0696024
0.0743471
0.0991326
0.0323409
0.0812272
0.0522816
0.0814175
0.0751567
0.0915721
0.0429791
0.0783952
0.0562144
0.0637539
0.0759466
0.0939893
0.0638836
0.0912449
0.082229
0.0872103
0.0533294
0.0736461
0.0586758
0.0493874
0.0755424
0.0836937
0.0656027
0.070777
0.0679335
0.0292322
0.0798351
0.0443809
0.066568
0.0315205
0.0901761
0.0883547
0.0526871
0.077684
0.0635169
0.0570754
0.110935
0.0774184
0.0957093
0.057022
0.0811115
0.112205
0.0549763
0.0448976
0.0475722
0.0495235
0.102363
0.12401
0.0766352
0.0607428
0.0354764
0.0847562
0.0653811
0.0667251
0.064835
0.0778864
0.0772604
0.0572698
0.0883336
0.045902
0.0606613
0.031179
0.0343683
0.063423
0.0176896
0.0429377
0.0921518
0.109431
0.109671
0.0629976
0.0303389
0.0846115
0.0348532
0.0762403
0.0452805
0.0516798
0.0716492
0.0837949
0.0841682
0.0815772
0.0685452
0.105383
0.135063
0.081565
0.0760549
0.0730219
0.0790059
0.0527645
0.073338
0.04538
0.039784
0.0858465
0.0700659
0.0932942
0.0890627
0.10833
0.0567289
0.0509873
0.104703
0.0698681
0.0641144
0.109593
0.0752768
0.0713699
0.0495841
0.0210247
0.0195232
0.0891863
0.0421008
0.107483
0.101431
0.080303
0.062672
0.0861538
0.060823
0.0627706
0.0849783
0.043154
0.0491773
0.0839077
0.068191
0.0370703
0.0766322
0.0949985
0.0472122
0.0857431
0.0578098
0.0601529
0.0348214
0.0682764
0.0325445
0.0719289
0.0359824
0.0321121
0.0648498
0.062697
0.0858387
0.0413306
0.106864
0.0510826
0.0340399
0.0626144
0.0794847
0.05518
0.0644153
0.0756522
0.0877041
0.0436914
0.0890163
0.0506808
0.0682285
0.0933985
0.070227
0.0681851
0.0652539
0.0664978
0.101026
0.0390156
0.0714775
0.0279023
0.0637637
0.0991238
0.0672807
0.0693787
0.0557611
0.0679152
0.0466262
0.0285924
0.0545968
