0.0576473
0.057573
0.0640657
0.0607594
0.0623374
0.0539885
0.0601282
0.0602057
0.0688705
0.0676253
0.0695888
0.0712545
0.06704
0.065725
0.0638177
0.0725765
0.0645803
0.063878
0.0636664
0.0640287
0.0641618
0.0696958
0.0664987
0.0714101
0.0669047
0.0697536
0.0725614
0.0770323
0.0793856
0.0733551
0.0729317
0.0706759
0.0732139
0.070837
0.0693203
0.0657654
0.0679674
0.0613986
0.059718
0.0624878
0.0608785
0.0686705
0.0713992
0.0676767
0.0734532
0.0741682
0.0716688
0.0761789
0.0760476
0.0792767
0.0742586
0.0735232
0.0758458
0.0760859
0.0752325
0.0746505
0.0693064
0.0668261
0.0607174
0.0594681
0.0558664
0.0613174
0.0654341
0.046952
0.0539686
0.0550632
0.0625203
0.053928
0.0576207
0.0649524
0.0627924
0.0656333
0.0598902
0.0664521
0.0641155
0.063245
0.0637223
0.0648465
0.0603191
0.0661832
0.0600006
0.0628986
0.0622166
0.0589845
0.0625067
0.0641257
0.066491
0.068268
0.0656102
0.064304
0.0668491
0.0643142
0.0674608
0.0632971
0.061688
0.0650325
0.0655277
0.0646004
0.0628976
0.0653478
0.0701208
0.0692617
0.0688804
0.0680865
0.0725097
0.072172
0.0709201
0.0663961
0.0731426
0.0689771
0.0681973
0.0682469
0.0648045
0.0604208
0.0638081
0.0561882
0.0540806
0.0518199
0.0640705
0.0535212
0.0709547
0.0596331
0.0702777
0.0661572
0.0739005
0.0651735
0.0698905
0.0751763
0.07737
0.0717915
0.0750789
0.0747072
0.0701833
0.0716238
0.0743696
0.0710652
0.0691483
0.0665589
0.0602233
0.0594421
0.0621142
0.0555857
0.0534951
0.071482
0.0639462
0.0589982
0.0641703
0.0578458
0.0631989
0.0727112
0.0683559
0.0715266
0.0699928
0.0712681
0.0730739
0.0692651
0.0735115
0.0732495
0.0716758
0.071719
0.0678053
0.0662202
0.0657573
0.0628002
0.0629638
0.0554432
0.0649664
0.0539604
0.0573667
0.0647897
0.0697085
0.0632451
0.0693798
0.0635732
0.0700882
0.0656096
0.064946
0.0635699
0.0545966
0.0723899
0.0618153
0.0531259
0.0514111
0.0615895
0.0600941
0.0637745
0.0670176
0.0721463
0.0627353
0.0676069
0.0641828
0.0636318
0.0671432
0.0598602
0.0658651
0.0640178
0.064499
0.0614588
0.0563967
0.050907
0.0404838
0.0558944
0.0641683
0.061405
0.0561249
0.0527385
0.0575787
0.0614646
0.0636402
0.0628587
0.0585246
0.0763578
0.063188
0.0699068
0.0630746
0.068537
0.0667367
0.0690033
0.0628351
0.0631962
0.06157
0.0604679
0.0596949
0.0553947
0.0508989
0.0560656
0.0509287
0.0629991
0.0629564
0.0628839
0.0687415
0.0498928
0.0580041
0.0594406
0.057384
0.0604288
0.0578173
0.0633917
0.0662738
0.0637181
0.0648921
0.0718908
0.0646844
0.0642362
0.0642056
0.0665725
0.069238
0.0671569
0.0654613
0.0609037
0.061981
0.0630932
0.0635646
0.0601104
0.0576763
0.0581728
0.0572991
0.0537637
0.0553389
0.0428223
0.0495476
0.0571679
0.0485301
0.0691624
0.0520323
0.0628575
0.0615992
0.0550405
0.0635616
0.050279
0.0505031
0.0558754
0.0609391
0.0677531
0.0635487
0.0691962
0.0653614
0.0627243
0.0683046
0.069142
0.070428
0.0686558
0.0625497
0.0621293
0.0604727
0.057881
0.0532005
0.0452484
0.0573746
0.046588
0.061713
0.0551918
0.0660657
0.0558122
0.0478138
0.055361
0.057542
0.0516405
0.0539815
0.0626657
0.0610682
0.065597
0.0582865
0.0562818
0.0581423
0.0648789
0.0583189
0.0630163
0.0603292
0.066424
0.0597227
0.0450964
0.0595761
0.0388855
0.0446013
0.0521555
0.0470562
0.0509203
0.0459018
0.0587569
0.054783
0.057946
0.0498607
0.0483945
0.065142
0.0494477
0.0469722
0.0627143
0.0403293
0.0610108
0.0650292
0.0617527
0.0662282
0.0596091
0.0667655
0.0669812
0.0602709
0.0600826
0.064964
0.0615608
0.0679726
0.0562681
0.0570815
0.0548593
0.0621361
0.051171
0.0488807
0.0489363
0.0440875
0.050646
0.0415435
0.0554219
0.0384388
0.0433599
0.0655561
0.0527142
0.0650088
0.0694433
0.0498127
0.0467318
0.0558949
0.0540063
0.0614007
0.0588735
0.058464
0.0580678
0.0607224
0.0625144
0.059096
0.0600237
0.0613136
0.0580891
0.064392
0.0619058
0.0742449
0.0614983
0.0644423
0.0546921
0.0501121
0.0568222
0.0447904
0.0457397
0.0397331
0.0544556
0.0400983
0.0502405
0.0602044
0.050682
0.056804
0.0526718
0.0413352
0.0477795
0.0466717
0.0481739
0.0584175
0.0586398
0.0563871
0.0588226
0.0640118
0.0562491
0.0583164
0.0644648
0.0603172
0.0611255
0.0554701
0.0563027
0.0638321
0.0566343
0.059503
0.0698878
0.0648384
0.060425
0.0599471
0.065149
0.0604013
0.0454002
0.0487642
0.0582578
0.0542385
0.0358069
0.0349215
0.0465909
0.0490887
0.0601352
0.0620369
0.0546965
0.054438
0.0630384
0.0614357
0.0662152
0.0618371
0.0584838
0.0597698
0.0593626
0.0600338
0.0652814
0.0665962
0.0632506
0.0560943
0.0544452
0.0552697
0.0381326
0.0600258
0.0375631
0.0309822
0.0387444
0.062248
0.0504768
0.0524936
0.0450124
0.0496717
0.0454057
0.0536288
0.0573946
0.055466
0.0610481
0.0389653
0.0498864
0.0736524
0.0365837
0.0398979
0.0698704
0.0540975
0.0486367
0.0618644
0.0551921
0.0573316
0.0660231
0.068165
0.0630032
0.0689443
0.0524007
0.0645318
0.058052
0.0674656
0.0521838
0.0689601
0.048103
0.0515862
0.038273
0.0476675
0.0517678
0.055825
0.0465552
0.033885
0.0424795
0.0385605
0.0356581
0.0407951
0.0524114
0.0541621
0.0799117
0.0865511
0.12282
0.147599
0.141208
0.170547
0.169083
0.157137
0.140207
0.118541
0.0870029
0.0630779
0.0528462
0.0471561
0.0436018
0.0561987
0.0570068
0.0458355
0.0379394
0.0544902
0.0596291
0.0533136
0.059359
0.057039
0.0527084
0.067634
0.0680868
0.0511237
0.0499711
0.0586661
0.0630525
0.0526601
0.0568439
0.0445691
0.0574072
0.033432
0.0608227
0.0493398
0.0566828
0.0590403
0.0482782
0.0532538
0.0748193
0.0485457
0.0620434
0.07051
0.0586282
0.0545862
0.0558246
0.0510401
0.0734343
0.0704602
0.0720224
0.0705325
0.054781
0.0390028
0.0387575
0.0305936
0.0422181
0.0664318
0.0682689
0.0650085
0.0486951
0.0455776
0.0401949
0.0575123
0.0510857
0.0396478
0.0489655
0.05661
0.0651646
0.049824
0.0735473
0.0240964
0.0430332
0.0466116
0.0531008
0.0622572
0.064958
0.0526608
0.0459494
0.0388992
0.0546437
0.0458684
0.0505714
0.0406504
0.0455075
0.043778
0.0481442
0.0615334
0.0477407
0.0450483
0.0487512
0.0568115
0.0569605
0.0283241
0.0487738
0.0503192
0.0382578
0.0310139
0.0426964
0.0560737
0.0481074
0.0414694
0.0362302
0.0524694
0.0685317
0.044919
0.0531392
0.0615764
0.0490828
0.0408662
0.0555268
0.0620702
0.060676
0.0548443
0.0442089
0.022602
0.0378492
0.0262212
0.0475635
0.0392928
0.037281
0.0317688
0.0611031
0.0614113
0.0404292
0.0450844
0.0698767
0.0551902
0.0402192
0.0497147
0.0621714
0.0527809
0.0495703
0.0478808
0.0555956
0.0560203
0.0469884
0.063022
0.0531314
0.0527988
0.0448615
0.0542016
0.047507
0.047951
0.0550226
0.036679
0.0614394
0.0491124
0.051451
0.0730443
0.0365931
0.0427277
0.0517819
0.0542725
0.0637752
0.0562843
0.0675513
0.0539033
0.0534163
0.0572862
0.0478984
0.0820362
0.0487786
0.0720554
0.0609704
0.0366768
0.0607785
0.055261
0.0544704
0.0792405
0.0535322
0.0336151
0.0479903
0.0311765
0.0562389
0.0370024
0.00523579
0.0333239
0.0457605
0.0403769
0.0528734
0.032367
0.0379404
0.0564066
0.066243
0.0546289
0.0560937
0.0751153
0.0533167
0.0737106
0.0549447
0.0638724
0.054168
0.0431783
0.0403882
0.0536195
0.0366666
0.0569179
0.0375536
0.0332773
0.0450025
0.0580275
0.0472298
0.0707021
0.0578179
0.0589433
0.0305955
0.0375904
0.0435232
0.0465251
0.0418947
0.0323228
0.0333325
0.0484002
0.0323573
0.0377361
0.0506568
0.0449532
0.0520904
0.0600388
0.0418822
0.0376084
0.0540064
0.0406455
0.0417169
0.0484847
0.0388275
0.0518822
0.0428612
0.0451177
0.031288
0.0471815
0.032559
0.035452
0.0496894
0.0181944
0.0398935
0.0391271
0.0414378
0.0442203
0.0348415
0.040496
0.0349553
0.0372017
0.0374916
0.0500754
0.043083
0.0320982
0.0434369
0.0325328
0.0333005
0.047554
0.0352443
0.0491904
0.0541777
0.0473612
0.0481748
0.0430415
0.0302131
0.0441278
0.0400755
0.0406426
0.0359278
0.0487275
0.0233684
0.0347963
0.027702
0.045607
0.0621123
0.0224572
0.0545567
0.0407082
0.0408461
0.0366333
0.0558399
0.0333361
0.0342236
0.0551278
0.0386491
0.0395008
0.0493084
0.0315363
0.0399229
0.0507595
0.0413344
0.0437838
0.0497756
0.0355209
0.0474346
0.0350632
0.0594953
0.0436711
0.0527826
0.0410798
0.0465713
0.062217
0.0396806
0.0529588
0.0402592
0.059011
0.0226757
0.0502597
0.0537573
0.0469925
0.0666387
0.0377126
0.0330795
0.0468112
0.050797
0.0386255
0.033593
0.0247607
0.0497298
0.0669611
0.0534694
0.0823223
0.0530059
0.0327388
0.0300215
0.0419937
0.0291802
0.0604565
0.0599525
0.0499223
0.0465611
0.0564845
0.0474037
0.0557677
0.0478403
0.0353032
0.0682527
0.0843556
0.0326838
0.0427505
0.0568612
0.0521203
0.0439319
0.0255544
0.0437983
0.0340553
0.0628594
0.00313017
0.0588731
0.0569557
0.031574
0.031147
0.0371303
0.0523484
0.0489541
0.0551147
0.0221602
0.0335322
0.0672307
0.0237014
0.0671054
0.0256779
0.0482878
0.0385668
0.0440248
0.0463647
0.0483878
0.0487538
0.0414043
0.0509852
0.0370412
0.0487163
0.0444589
0.0363353
0.0375587
0.048497
0.042489
0.038017
0.0428321
0.0451164
0.0442718
0.0387314
0.0422098
0.0392906
0.0360463
0.0428063
0.0328971
0.0372084
0.0385126
0.0393587
0.0339812
0.0405726
0.0361919
0.037061
0.0320805
0.0344207
0.0378345
0.0303124
0.0385984
0.0379645
0.0356407
0.0334932
0.0324635
0.0336185
0.0370006
0.0406088
0.0310706
0.0328305
0.0363514
0.0390909
0.0356388
0.0258035
0.0347354
0.0330876
0.0346794
0.0361288
0.0345992
0.0363036
0.0327238
0.0366366
0.034697
0.0350198
0.0347764
0.0323327
0.0360888
0.0329232
0.0353267
0.0301852
0.0406615
0.0341808
0.0358592
0.0324823
0.0414941
0.0433907
0.0313372
0.0406403
0.0461371
0.0307845
0.0308711
0.0437734
0.0364066
0.0308048
0.0305946
0.0334392
0.0363871
0.0342096
0.0395542
0.0324761
0.0373521
0.0300279
0.0446126
0.0363788
0.0423287
0.037259
0.0400892
0.0426366
0.0340787
0.0309282
0.0383761
0.0340257
0.0429832
0.0439644
0.0291964
0.0367083
0.0336577
0.0310977
0.0360523
0.0316683
0.0303742
0.0397337
0.0418683
0.0295807
0.0349325
0.0371348
0.0380354
0.0395015
0.0337926
0.0405407
0.0381526
0.052271
0.0433706
0.0344167
0.0386996
0.0383973
0.0324398
0.0351992
0.0346752
0.0305989
0.0400903
0.0306274
0.0430903
0.0416459
0.0398923
0.0364278
0.0342064
0.035535
0.0250888
0.0403353
0.0441188
0.044529
0.0358989
0.0451328
0.0386439
0.0354033
0.0304658
0.0523946
0.0341979
0.0432904
0.0361258
0.0356559
0.0347346
0.0285535
0.0477829
0.0317435
0.0395475
0.0287625
0.0343231
0.0218063
0.0387386
0.0411305
0.037707
0.0435072
0.0356541
0.0435771
0.0437731
0.0421409
0.0369633
0.0380189
0.0377465
0.0339528
0.0427458
0.0441883
0.046258
0.0549326
0.0388812
0.0351167
0.0392021
0.0360559
0.0267197
0.0480562
0.0378572
0.0253632
0.0359353
0.0330968
0.0429299
0.0325181
0.0451064
0.0265651
0.0350856
0.0534481
0.0335289
0.0524926
0.0466734
0.0536837
0.0316182
0.0382571
0.0433611
0.0421716
0.0484825
0.040965
0.0348368
0.0389333
0.0408659
0.0519537
0.0496092
0.0460072
0.0380266
0.0566008
0.0430202
0.0423152
0.0584438
0.0431226
0.0209048
0.0474142
0.029447
0.0440717
0.0380043
0.0449794
0.028487
0.0402197
0.0374725
0.0387622
0.0300209
0.0368809
0.0285135
0.0336403
0.0387199
0.0307062
0.0426737
0.0299127
0.0359751
0.0420056
0.0387693
0.0352792
0.0435685
0.0407619
0.0365707
0.0422497
0.0359294
0.0464475
0.0483672
0.028178
0.0358579
0.0308511
0.04199
0.0317141
0.0360807
0.0569519
0.0417252
0.0395745
0.0468539
0.0429831
0.0371356
0.0395075
0.0402392
0.0371021
0.0237747
0.0314086
0.0332187
0.032245
0.0409291
0.0463481
0.0385742
0.0367583
0.0433314
0.0353484
0.0337169
0.0268705
0.0343809
0.0424356
0.025424
0.0464485
0.0306835
0.0331635
0.0409062
0.0387594
0.0332143
0.0522128
0.0378651
0.0504918
0.0392304
0.041645
0.044565
0.0359186
0.041683
0.0426934
0.0309376
0.0384898
0.0329588
0.0397381
0.0349357
0.0249934
0.0317637
0.0354089
0.0391899
0.042207
0.0323942
0.0274888
0.0424142
0.0301262
0.0375163
0.0370689
0.037052
0.0312495
0.0361685
0.0407542
0.0397673
0.0381665
0.0495394
0.0510503
0.0353545
0.0428987
0.0389754
0.0344499
0.0355357
0.0383658
0.0276208
0.0342923
0.036126
0.0365739
0.0386255
0.0411629
0.0378192
0.0345512
0.0385718
0.040365
0.0313966
0.0323862
0.0289376
0.0295216
0.0369622
0.0347342
0.0349288
0.0292618
0.0275855
0.0251817
0.0340127
0.0424377
0.0383247
0.0282411
0.0391448
0.043345
0.0299022
0.0456559
0.0392238
0.0378953
0.035864
0.0409087
0.0428454
0.0349893
0.0401166
0.0369587
0.0334661
0.0374403
0.0358421
0.0452144
0.0401704
0.0452499
0.0400209
0.0401711
0.0384054
0.0341291
0.0346015
0.0382669
0.0405781
0.040779
0.0557462
0.0879405
0.155345
0.220926
0.255163
0.256517
0.250183
0.210642
0.130143
0.0798532
0.0490948
0.0509199
0.0510123
0.0448438
0.0361183
0.0357035
0.0335642
0.036083
0.0453994
0.0376604
0.0338119
0.036508
0.0399392
0.0329247
0.0432108
0.0298469
0.0350407
0.0376985
0.0341268
0.0316807
0.033091
0.0329956
0.0349888
0.0345227
0.0356179
0.0399909
0.0388232
0.0436357
0.0387301
0.0405976
0.0418579
0.0578363
0.0429868
0.048605
0.0413251
0.0510333
0.0353809
0.0399681
0.0394296
0.0383712
0.043291
0.0429845
0.0371233
0.0377203
0.0429653
0.0369435
0.0431701
0.0407598
0.0400006
0.0404602
0.0375065
0.038798
0.0429523
0.0409044
0.0405015
0.0413631
0.0290176
0.039568
0.0392452
0.0486296
0.0431086
0.0459911
0.0432335
0.0452654
0.0422749
0.0331725
0.0377268
0.0410441
0.040113
0.0518024
0.0419654
0.0328953
0.0436237
0.0409399
0.0414303
0.0462506
0.0434567
0.0424514
0.0391749
0.0385684
0.0349944
0.0366246
0.0349224
0.0415795
0.0383577
0.0381055
0.0335135
0.0356306
0.0473362
0.0384354
0.0306716
0.0370672
0.0416225
0.0410796
0.0450485
0.0329419
0.0298233
0.0393406
0.0463193
0.0401275
0.0410907
0.0310542
0.0427717
0.0216503
0.0325391
0.0578586
0.0521753
0.0477416
0.0364496
0.0556302
0.0367761
0.0420841
0.0417974
0.0339068
0.0318514
0.0612145
0.0338552
0.0256244
0.0217567
0.0388481
0.03015
0.0308209
0.038281
0.0397345
0.0461654
0.0415864
0.0361313
0.0374312
0.0221436
0.0201985
0.0410708
0.0520528
0.0404466
0.026895
0.0585834
0.0271217
0.0542585
0.0271523
0.0369917
0.0343252
0.0286415
0.0425658
0.0474364
0.0711751
0.0277474
0.04235
0.0642923
0.0427914
0.0521201
0.0650929
0.0553689
0.0441037
0.0309224
0.0507384
0.00136972
0.0647268
0.0533339
0.0362123
0.0493701
0.0508135
0.0413993
0.0321014
0.0219592
0.04653
0.0446837
0.0309106
0.0420168
0.0471487
0.0582634
0.0393081
0.037055
0.0907517
0.0494252
0.0577144
0.0382159
0.0485148
0.0684981
0.0569743
0.0172842
0.0348425
0.0272912
0.0607597
0.0786294
0.0334653
0.0891639
0.0467771
0.0568365
0.0494571
0.0392195
0.0519639
0.0525899
0.0522808
0.0421998
0.0511315
0.0357855
0.0411154
0.0525843
0.0526035
0.0447892
0.0453875
0.0533513
0.047583
0.0492519
0.038584
0.0356089
0.0638717
0.0587215
0.0633729
0.0550227
0.0543061
0.0479743
0.0627189
0.064346
0.035375
0.0325828
0.0572109
0.0510886
0.0329125
0.0356584
0.0690529
0.0673137
0.0376401
0.0450608
0.0250122
0.045046
0.0420419
0.0496078
0.0576013
0.0293988
0.0450937
0.0369523
0.045066
0.021815
0.0405453
0.0424112
0.0614565
0.049408
0.032117
0.0509881
0.0477053
0.0444663
0.0403674
0.0495855
0.0486426
0.0593356
0.0561208
0.0492235
0.0500142
0.0536465
0.0626669
0.0614241
0.0588745
0.0552504
0.051979
0.0495139
0.0506199
0.0453823
0.0432217
0.0345439
0.0377877
0.0517809
0.0638308
0.0404484
0.0570952
0.0371797
0.0552146
0.0400572
0.0521744
0.0548001
0.0637337
0.0459341
0.0659261
0.0361967
0.0602994
0.0300416
0.0439292
0.0300196
0.0417538
0.0371472
0.0454988
0.0455433
0.0429417
0.0341394
0.0375802
0.03545
0.0218681
0.037192
0.0281395
0.0448989
0.0351995
0.0291921
0.0422352
0.0337007
0.0332095
0.0356457
0.0344149
0.0318513
0.0404514
0.040254
0.0432628
0.0383609
0.0413774
0.0447264
0.0377153
0.0504507
0.0417597
0.035712
0.0409037
0.0364396
0.0360431
0.0314348
0.0362767
0.0257468
0.0391052
0.0496028
0.0408099
0.0496479
0.0446149
0.0478289
0.0496011
0.0361802
0.0411192
0.0437933
0.0461389
0.0339036
0.045234
0.0452177
0.038716
0.0404106
0.042457
0.036105
0.0467033
0.0347581
0.0422829
0.0378434
0.0408879
0.0391406
0.0391364
0.034426
0.041951
0.0342322
0.0425248
0.0403613
0.032659
0.0433705
0.0364522
0.0387545
0.03805
0.0388845
0.0404325
0.0431615
0.0361322
0.0377899
0.0437706
0.047077
0.0403472
0.0451421
0.0453808
0.0450571
0.0506348
0.0447789
0.0428239
0.0380976
0.0544942
0.0452136
0.0515626
0.0593241
0.0671662
0.053187
0.0506894
0.0467348
0.0490374
0.0435383
0.0379191
0.0412845
0.0472797
0.0400695
0.0460454
0.0425865
0.0395845
0.0408254
0.0460383
0.0439987
0.0404176
0.0448648
0.0452853
0.0299253
0.0417082
0.0349176
0.0318564
0.0371816
0.0378997
0.0412958
0.0391323
0.0440942
0.0474582
0.0382147
0.0412436
0.0425903
0.0444188
0.0430232
0.0478835
0.0500336
0.0564903
0.0475685
0.0500358
0.0555774
0.0578016
0.0463662
0.0468313
0.0504457
0.0403734
0.0449184
0.0430785
0.0559793
0.0393881
0.0363679
0.0583313
0.0478389
0.0537282
0.0362343
0.0477066
0.0541443
0.0412896
0.03608
0.0493866
0.0399957
0.0417352
0.0555435
0.0546163
0.0584735
0.0419605
0.0417081
0.0404292
0.0494969
0.0420432
0.0493329
0.0507939
0.0399278
0.0416743
0.0470153
0.0383855
0.0452673
0.049212
0.0553002
0.0424294
0.0523867
0.0534938
0.0578694
0.0540677
0.051102
0.0538253
0.0408948
0.0476186
0.0523815
0.0369075
0.0473188
0.0457195
0.0473799
0.0438292
0.0357447
0.0441887
0.0479186
0.0394632
0.0211858
0.0350037
0.0482676
0.0397737
0.0289718
0.0525721
0.0502661
0.04155
0.0382272
0.056837
0.0489144
0.047049
0.0452402
0.0480409
0.0601632
0.0463305
0.0315219
0.0253788
0.0468742
0.0455284
0.0404196
0.0362313
0.0442448
0.0374709
0.0355486
0.0374104
0.0406744
0.0403248
0.0425831
0.0330867
0.0359746
0.0421633
0.047376
0.0331398
0.0237786
0.0440573
0.0440722
0.0375802
0.0291449
0.0262278
0.0376356
0.0389717
0.0418431
0.0368212
0.0300799
0.042368
0.0352913
0.0296309
0.03252
0.0316357
0.0435429
0.037995
0.0464616
0.0433842
0.0505759
0.0562021
0.0541442
0.0520883
0.0530839
0.0552987
0.0622592
0.0478498
0.0575163
0.0627055
0.0668529
0.0522726
0.0600138
0.0644954
0.0527888
0.066064
0.0611402
0.0653062
0.058416
0.0415426
0.0517084
0.0728001
0.0539256
0.0653742
0.0642219
0.0635595
0.0501499
0.0566969
0.0415972
0.0371837
0.037687
0.0462508
0.0427839
0.0545484
0.0704124
0.0547667
0.0592685
0.0523695
0.0546972
0.0754674
0.0543525
0.0572999
0.0513251
0.0706797
0.0518933
0.0462287
0.0677124
0.056715
0.0611719
0.0665376
0.0632973
0.0621526
0.06782
0.0526609
0.0733845
0.0447093
0.054104
0.0675687
0.0671216
0.0567358
0.0324556
0.067371
0.0574057
0.0617163
0.0426387
0.0724724
0.0663318
0.0610289
0.046638
0.0521866
0.0669073
0.0726816
0.0377031
0.0481253
0.0452386
0.0484315
0.0519321
0.0833531
0.107909
0.0902534
0.0792136
0.0795756
0.0579085
0.0665156
0.0400799
0.0762672
0.0554627
0.0539622
0.103217
0.070878
0.0704299
0.0645198
0.053627
0.0718552
0.0512648
0.0699792
0.069528
0.0609563
0.0773294
0.0674403
0.0644945
0.0711323
0.0750361
0.0775337
0.0761611
0.0738904
0.0592691
0.041675
0.0770588
0.0584132
0.0671645
0.0408524
0.0579581
0.0601858
0.0657224
0.0567806
0.0535849
0.0402995
0.0436543
0.0441397
0.0879837
0.0158432
0.0769149
0.0469074
0.069038
0.0517374
0.071853
0.0580253
0.0908728
0.0426275
0.0301518
0.101491
0.0876462
0.0603038
0.0871235
0.0572378
0.106556
0.107158
0.024083
0.0835674
0.0941293
0.056664
0.104972
0.0919676
0.048597
0.0742233
0.0852662
0.0718221
0.0811227
0.0907118
0.079648
0.0782099
0.0830076
0.0949768
0.0618396
0.0718308
0.0672133
0.0562276
0.0999142
0.082261
0.0656311
0.066186
0.0921184
0.0483874
0.0952583
0.0699157
0.101748
0.0592811
0.0677069
0.0905687
0.103356
0.117479
0.0706672
0.0551598
0.0896681
0.0845163
0.0887647
0.0821276
0.0646419
0.101231
0.0487417
0.0470043
0.0453166
0.0604722
0.120827
0.0937638
0.0565272
0.0520462
0.046872
0.0922012
0.0887728
0.0394878
0.0514395
0.0544392
0.0629006
0.0646032
0.0965441
0.0443187
0.0758809
0.0530495
0.0542415
0.0209492
0.0405986
0.0856555
0.0599557
0.066721
0.142395
0.0971728
0.0704823
0.080415
0.0772317
0.0922375
0.0187271
0.0254605
0.0730504
0.0879731
0.124237
0.0925244
0.0453996
0.107009
0.100283
0.0852974
0.0342438
0.109893
0.111626
0.039641
0.0797829
0.0485131
0.0343872
0.0718931
0.086185
0.0596868
0.0858307
0.12159
0.0781023
0.0714535
0.109558
0.0658688
0.105802
0.0743341
0.0446368
0.0396549
0.0346672
0.0840445
0.0167613
0.0654888
0.10441
0.0811318
0.0870105
0.103677
0.0766903
0.0956016
0.10705
0.0322562
0.0633049
0.05452
0.0598031
0.073919
0.0810139
0.0929166
0.0798616
0.0565196
0.0693727
0.0413059
0.0699198
0.0819677
0.0504816
0.0657206
0.101879
0.0496389
0.0919449
0.0650746
0.0492461
0.0281137
0.0952227
0.0786529
0.108716
0.109542
0.051297
0.0530611
0.0735516
0.0721266
0.0854703
0.0651326
0.0799309
0.0824928
0.0805363
0.0657161
0.0805577
0.0899935
0.0963784
0.0653822
0.0571003
0
0.0863048
0.0172197
0.0821996
0.0420307
0.0989746
0.150161
0.0976451
0.0763828
0.0550232
0.0705206
0.0873118
0.0328669
0.0754287
