0.0948869
0.0928102
0.0926251
0.088958
0.104901
0.0940145
0.0830104
0.0996391
0.106665
0.0988682
0.101588
0.105715
0.104603
0.104167
0.100328
0.106751
0.0988657
0.0976368
0.0953954
0.109495
0.0976719
0.0981799
0.0997445
0.107959
0.1003
0.104974
0.103258
0.108857
0.109466
0.108295
0.106306
0.103684
0.106069
0.103068
0.103817
0.100739
0.101295
0.100493
0.096876
0.0951738
0.100232
0.106895
0.106952
0.0992337
0.10962
0.109184
0.104168
0.109871
0.111331
0.112995
0.109113
0.107639
0.110068
0.110484
0.109654
0.108497
0.101761
0.0991417
0.092043
0.0917838
0.0966357
0.0940651
0.0910278
0.080613
0.0933668
0.0828439
0.091382
0.0929732
0.0927143
0.101333
0.0973761
0.104017
0.0946655
0.10076
0.0987751
0.0955062
0.0934272
0.0978286
0.0933284
0.102918
0.095621
0.0924998
0.0939039
0.0879781
0.0939437
0.102497
0.10116
0.0984036
0.100893
0.0982001
0.100448
0.0939965
0.100734
0.0990917
0.094543
0.100452
0.0999539
0.0974603
0.0994206
0.0979422
0.102944
0.109134
0.1017
0.100868
0.103869
0.108167
0.102925
0.101561
0.101687
0.102586
0.103411
0.10164
0.0980876
0.0950891
0.0982931
0.0978042
0.0930904
0.0901627
0.101233
0.0927342
0.098417
0.0953748
0.102056
0.106999
0.107799
0.0998337
0.102514
0.107125
0.10504
0.109018
0.10708
0.104919
0.104641
0.106787
0.109234
0.105713
0.101421
0.0972027
0.0927207
0.0853609
0.098438
0.100969
0.0924248
0.0938598
0.0931418
0.0980181
0.103014
0.0967202
0.0945193
0.107083
0.104467
0.101626
0.100476
0.108409
0.104032
0.104532
0.102689
0.102015
0.105123
0.102312
0.101309
0.101099
0.101479
0.0977504
0.0916017
0.0887982
0.0940597
0.0904851
0.0926349
0.100112
0.0990468
0.102439
0.0998238
0.103122
0.0960265
0.0990835
0.0985524
0.0981978
0.0855756
0.100576
0.0986438
0.0888272
0.0861809
0.0970416
0.0963123
0.100428
0.0965845
0.102205
0.100987
0.0944897
0.0985294
0.0955537
0.0991319
0.0972402
0.0967645
0.0949367
0.0971897
0.0934665
0.0924104
0.0835036
0.0850151
0.0864597
0.0926615
0.100226
0.0860503
0.0984453
0.0923987
0.0933263
0.0991007
0.0948216
0.093976
0.103211
0.0989181
0.102151
0.0993191
0.103383
0.0998961
0.0997265
0.097125
0.0982017
0.0909139
0.0948127
0.0935718
0.0847538
0.0868832
0.0877545
0.0810986
0.0933417
0.0952988
0.0908645
0.0930478
0.0910371
0.0959134
0.0881353
0.0866988
0.0925467
0.0939051
0.0908135
0.102034
0.0935848
0.102259
0.102992
0.105027
0.0988402
0.0983694
0.100279
0.0991036
0.0975257
0.0992719
0.0986178
0.0975687
0.100049
0.0982386
0.0936288
0.0877655
0.0964487
0.0877046
0.0931828
0.098252
0.0712379
0.0835433
0.073836
0.0882686
0.0959802
0.0874547
0.0923572
0.085133
0.0872817
0.0930832
0.0882835
0.0857782
0.0862753
0.0977948
0.0982117
0.101958
0.0984765
0.102541
0.104132
0.0973509
0.101938
0.0990211
0.0994549
0.0943353
0.0953024
0.0997225
0.0934401
0.0847287
0.0839324
0.0781164
0.0841708
0.0848153
0.0967006
0.0955698
0.092131
0.0912582
0.0930709
0.0792432
0.0919391
0.0849166
0.0946695
0.0877406
0.0944185
0.098409
0.0930812
0.0948992
0.0978458
0.0922322
0.0969536
0.0955835
0.098104
0.0964632
0.0900874
0.0911881
0.0836304
0.0792357
0.0888219
0.0764812
0.0884524
0.07624
0.0941471
0.0898079
0.0902567
0.0694207
0.0797544
0.0805827
0.0875819
0.0852659
0.0890593
0.0903515
0.0787989
0.0978693
0.107344
0.102861
0.0938391
0.0995547
0.0880811
0.100103
0.091777
0.0957927
0.0916829
0.102707
0.0900584
0.0893406
0.093688
0.0895436
0.0824902
0.0683596
0.0706768
0.0866521
0.0716481
0.0641557
0.0976639
0.074084
0.072575
0.0882825
0.0912275
0.0820953
0.0884123
0.0876009
0.090318
0.0794796
0.0933948
0.0906052
0.0905397
0.0868541
0.0871509
0.0916877
0.0955993
0.0967875
0.0908667
0.0915107
0.091733
0.0958224
0.105666
0.0932079
0.10118
0.0916169
0.0831608
0.0793483
0.0772606
0.0823503
0.0823412
0.0780837
0.07799
0.075076
0.0808661
0.0857749
0.0863732
0.0811681
0.082691
0.0758595
0.0806457
0.0778851
0.0833106
0.0831991
0.0833402
0.0880356
0.0886411
0.0881354
0.0967831
0.0902412
0.093092
0.090519
0.0957565
0.0881787
0.0894136
0.0951812
0.0932789
0.0914997
0.0960726
0.0964913
0.0953669
0.0884213
0.102675
0.0915607
0.078626
0.074347
0.0674316
0.0794101
0.0766862
0.0690478
0.0759256
0.0706911
0.0892006
0.0886543
0.0769394
0.0949476
0.0832523
0.0845142
0.0919984
0.0983902
0.0888527
0.0915335
0.0912467
0.0976752
0.0918037
0.0982355
0.0931003
0.0901467
0.0888118
0.0897064
0.0589367
0.094769
0.0829636
0.0649918
0.0802
0.0843158
0.090891
0.0877295
0.0814269
0.0702218
0.0817328
0.0782292
0.0868087
0.0654328
0.0970577
0.0766465
0.0921146
0.0789907
0.0693544
0.0573002
0.0860526
0.0815297
0.0754617
0.0754213
0.088208
0.0888953
0.090591
0.100597
0.0890201
0.0903138
0.0955426
0.0842019
0.088417
0.0961376
0.0874277
0.107749
0.0839293
0.0749224
0.0694204
0.0724192
0.0695006
0.0711397
0.0735254
0.0660254
0.0560076
0.0788412
0.0734894
0.0636479
0.0745743
0.0902003
0.0996054
0.123471
0.12549
0.180979
0.186661
0.202872
0.202117
0.181495
0.163831
0.142324
0.117595
0.0885138
0.0872555
0.0652316
0.0727576
0.088706
0.0860644
0.083699
0.0814844
0.0854382
0.0802403
0.0823322
0.0943869
0.0934209
0.0874142
0.0922675
0.0980302
0.08402
0.081283
0.0847742
0.0884425
0.0809367
0.0983111
0.0831978
0.0730032
0.0869067
0.0983926
0.0866316
0.0771743
0.0735417
0.0785739
0.0822361
0.0798833
0.081306
0.0927325
0.0938017
0.0897606
0.0862502
0.0891077
0.0965328
0.091251
0.0930659
0.0895879
0.103
0.0891504
0.0719421
0.0736141
0.0692333
0.0715247
0.0866864
0.0845256
0.0835028
0.0879762
0.0862229
0.0844284
0.0944698
0.0858915
0.0730911
0.0811522
0.0760211
0.0862026
0.0767165
0.0930756
0.0602974
0.0895462
0.0845208
0.0872355
0.089538
0.0956484
0.0823229
0.082619
0.0720376
0.073263
0.0738167
0.0815895
0.0716921
0.0825132
0.0842819
0.081094
0.0867564
0.0858948
0.0841172
0.0887008
0.0932073
0.100942
0.0771963
0.0818367
0.0874439
0.0782708
0.0629601
0.0599287
0.0720477
0.0847294
0.067718
0.0736011
0.0771191
0.095109
0.0564227
0.0755929
0.0831234
0.0794784
0.0582481
0.0762008
0.0683384
0.100069
0.0776378
0.0837363
0.0514753
0.0696919
0.0628259
0.071986
0.0773836
0.0671787
0.0800044
0.0942315
0.105124
0.0722321
0.0800198
0.0981309
0.0791422
0.0680314
0.0784566
0.0823479
0.0815948
0.0788544
0.082004
0.0852924
0.0826539
0.0764823
0.0946267
0.0855736
0.0889628
0.0671579
0.0872039
0.0728398
0.0631777
0.0743931
0.0784782
0.0919539
0.0991385
0.0826717
0.0890792
0.0720625
0.0574972
0.0650571
0.0756509
0.0937762
0.0838456
0.0633571
0.0656671
0.0815762
0.0630219
0.0711355
0.0909031
0.079217
0.0880688
0.0820119
0.0592986
0.117292
0.0880227
0.0957802
0.0730959
0.0865643
0.0699192
0.0764291
0.040879
0.0929865
0.0726976
0.0388306
0.0647144
0.0601432
0.0617618
0.0719429
0.0524959
0.0715179
0.0932649
0.0963807
0.0787015
0.0835915
0.0947951
0.0779201
0.0877878
0.0886031
0.0871055
0.0886643
0.09166
0.06436
0.0803249
0.0606979
0.0771279
0.07436
0.0664631
0.0754397
0.0787007
0.0837907
0.0918023
0.0766262
0.0896695
0.0657167
0.0655745
0.0625424
0.0617513
0.076941
0.0758038
0.0663306
0.0545419
0.0642957
0.0747915
0.0811026
0.0692406
0.0798307
0.0765631
0.0689637
0.0728188
0.0724042
0.0787685
0.0763419
0.0662863
0.0738146
0.0814324
0.0763946
0.0664588
0.0641698
0.0731284
0.0620612
0.071735
0.0725632
0.0583371
0.0713592
0.0722833
0.0780026
0.0737558
0.0618502
0.0698381
0.0760238
0.0678888
0.0660973
0.0788257
0.0776152
0.0621478
0.0618595
0.0588757
0.0637617
0.0753962
0.0708985
0.0805972
0.0713156
0.0838782
0.0792934
0.0720318
0.0715656
0.0765665
0.0646143
0.0815465
0.0921101
0.0766805
0.0698355
0.0777549
0.0601431
0.0826077
0.0863611
0.0572209
0.0758116
0.0768205
0.0806746
0.0770313
0.0603815
0.0823276
0.0725207
0.0898252
0.0769611
0.0773663
0.0873017
0.0629599
0.0679724
0.0731881
0.0700735
0.0438877
0.0766419
0.0612855
0.0560731
0.0812677
0.0864602
0.0761416
0.084313
0.0778825
0.0720112
0.0774303
0.0822555
0.0814534
0.072741
0.0804243
0.0769578
0.0965105
0.0945485
0.0676277
0.0883434
0.0623393
0.0804522
0.0858747
0.064714
0.0663059
0.0561288
0.0627558
0.0668909
0.0819338
0.0651542
0.0835892
0.0823493
0.083967
0.0614745
0.0663241
0.0476468
0.0822514
0.0626983
0.0768379
0.0782595
0.0640289
0.0676585
0.0670878
0.0619135
0.0672109
0.0660213
0.0779809
0.0567174
0.0511534
0.0831507
0.0733698
0.0664788
0.0629025
0.0702842
0.0658073
0.0898612
0.0575536
0.0577129
0.0782994
0.0642288
0.0298252
0.0588871
0.0783424
0.0575957
0.0802037
0.0641707
0.0688868
0.0620061
0.0647494
0.0789662
0.0686448
0.0828201
0.0760548
0.0640069
0.0692856
0.0762601
0.0810932
0.0711802
0.0901321
0.0800659
0.0772279
0.0732489
0.0692692
0.0696519
0.0738022
0.0767933
0.068178
0.0736754
0.0743628
0.0809206
0.074007
0.0712335
0.0734517
0.0717283
0.0735455
0.0611569
0.0745774
0.0767909
0.0725455
0.0673556
0.0737108
0.075689
0.0753303
0.0657643
0.0640438
0.0786355
0.0677534
0.0676005
0.0751392
0.0622232
0.0638839
0.0641037
0.0730992
0.0672286
0.0770229
0.0689534
0.0659643
0.0725962
0.067839
0.065696
0.0665418
0.0735545
0.0708583
0.0665664
0.0756823
0.0703832
0.0689425
0.0704908
0.0627337
0.0676347
0.0729093
0.0703859
0.0643568
0.0716371
0.0661813
0.0755592
0.0625177
0.069854
0.072871
0.061531
0.0758639
0.0749168
0.0770532
0.0713007
0.0733722
0.0744761
0.0634906
0.0770322
0.0735602
0.0660132
0.0678453
0.0694014
0.0665005
0.0650214
0.0700562
0.0741399
0.0665664
0.0706576
0.0700904
0.0798886
0.0702956
0.0649245
0.0766638
0.0712386
0.0838575
0.0651481
0.0608674
0.0732934
0.0697682
0.0718078
0.0704875
0.0631662
0.0725547
0.0738551
0.0645239
0.0675152
0.0665904
0.0674797
0.0723054
0.0751456
0.0669716
0.0704753
0.0829526
0.0706268
0.0749502
0.066131
0.0797197
0.0722281
0.0850145
0.0736953
0.0690413
0.0740582
0.0638672
0.0684607
0.065363
0.0740153
0.0760215
0.0695803
0.0730394
0.073017
0.073834
0.0702385
0.0755422
0.0748651
0.0686482
0.0658741
0.0645891
0.0843882
0.0776536
0.06793
0.0740275
0.0697796
0.0693857
0.0666986
0.0751297
0.0755985
0.0768708
0.0725989
0.0683834
0.061018
0.0567931
0.0778265
0.0761551
0.067539
0.0749129
0.0628344
0.063639
0.0683643
0.0657998
0.0693556
0.0715766
0.0718973
0.070691
0.0674749
0.0751493
0.0660868
0.0724427
0.0649349
0.0593904
0.0758549
0.0709051
0.0658634
0.0708052
0.0620829
0.0584101
0.0590562
0.0627109
0.0655598
0.0739419
0.0765974
0.0545067
0.0661996
0.0724356
0.0727841
0.0652483
0.0687916
0.0715183
0.0692206
0.0628922
0.066753
0.0738451
0.0771576
0.0691355
0.06376
0.0732779
0.0652819
0.0852062
0.0799948
0.0689862
0.0676451
0.0557642
0.0632283
0.0720831
0.0743092
0.0733691
0.0689845
0.0647004
0.0624415
0.0772844
0.0762569
0.0629691
0.0644382
0.0814896
0.068688
0.0787795
0.0689016
0.0670494
0.0751372
0.0631641
0.0720301
0.05861
0.0728019
0.0705732
0.0715758
0.0746658
0.0749555
0.0642583
0.0612459
0.0730678
0.0705947
0.0788924
0.0767274
0.0665538
0.0774984
0.0689187
0.0769941
0.0761279
0.0626009
0.0749017
0.0683358
0.057857
0.068831
0.0812357
0.0776627
0.0716754
0.0671145
0.0759673
0.084884
0.0799074
0.0780788
0.0764616
0.0726052
0.0694133
0.0695806
0.0771111
0.068808
0.0743571
0.069827
0.0635501
0.0767274
0.071152
0.0694255
0.0631653
0.0771125
0.0670489
0.0670934
0.0661381
0.0703293
0.0690841
0.0616259
0.0752612
0.0572051
0.0576911
0.0759755
0.0689619
0.0724567
0.062278
0.0666882
0.0620258
0.0694594
0.0608211
0.0768159
0.0752287
0.0770477
0.0758736
0.064065
0.0725653
0.0629673
0.0672302
0.0682489
0.0618815
0.070076
0.0674287
0.0736004
0.0707904
0.0796663
0.0633128
0.0746881
0.0670066
0.0662839
0.0671964
0.0723654
0.0684352
0.071244
0.070976
0.0682795
0.0625543
0.0774676
0.0721437
0.05847
0.070007
0.0748367
0.0686536
0.0628653
0.0748449
0.0644684
0.07881
0.0688281
0.0685496
0.0645315
0.0725844
0.0754487
0.0707845
0.0726309
0.064759
0.0672485
0.0691318
0.0654528
0.0691037
0.0668028
0.0690267
0.0675672
0.0653835
0.0634583
0.0617011
0.0704136
0.0785592
0.0666366
0.0691172
0.0681384
0.0777133
0.070951
0.0779411
0.0782471
0.0735212
0.0764989
0.0763141
0.0791713
0.0694253
0.0805404
0.0694895
0.0732705
0.0803483
0.0722367
0.0791456
0.0744123
0.0752934
0.0722858
0.0706451
0.0751976
0.0683907
0.0727199
0.074166
0.0793653
0.0669818
0.0917804
0.1227
0.186804
0.250428
0.281285
0.276913
0.268738
0.241007
0.158499
0.103803
0.0886388
0.0901323
0.0721621
0.0707566
0.0757893
0.0737346
0.0734423
0.0678209
0.0721398
0.0717709
0.0723585
0.0737493
0.0715038
0.0722675
0.0788923
0.0672456
0.0723143
0.0718659
0.066972
0.0641102
0.0680866
0.0711652
0.0639149
0.0729323
0.0700683
0.0661324
0.0636704
0.0739214
0.0748922
0.0765362
0.0744419
0.0864112
0.0806852
0.0771206
0.0772733
0.085873
0.0768179
0.0700428
0.0798844
0.0738424
0.0776522
0.0716768
0.073271
0.0751033
0.0740726
0.0820234
0.0709212
0.0817287
0.0739439
0.0740314
0.074685
0.0723956
0.0767098
0.071947
0.0820669
0.0688925
0.0648378
0.0700909
0.0692722
0.0740453
0.0696115
0.0710852
0.0706552
0.0745947
0.0722614
0.0691908
0.0659309
0.081082
0.0717684
0.0786665
0.0708372
0.0731152
0.0673529
0.0675288
0.0711341
0.0788265
0.0734092
0.0788349
0.0722987
0.0725698
0.0702307
0.062452
0.0668595
0.0675302
0.0826216
0.0737456
0.067212
0.0670579
0.0773329
0.0775921
0.0688098
0.0683752
0.0650135
0.0595505
0.0668187
0.0731859
0.0650324
0.0809908
0.0702604
0.0655243
0.0630024
0.0529161
0.0776111
0.0359491
0.061314
0.0853782
0.0685274
0.071908
0.0803479
0.0833845
0.0716164
0.0861072
0.0756778
0.0706456
0.0686824
0.0814522
0.0628617
0.0594008
0.0686956
0.0767123
0.0649155
0.0714236
0.0661629
0.0623415
0.0737351
0.0725865
0.0670185
0.0705478
0.0656871
0.0606552
0.0736772
0.0677264
0.0637907
0.0506474
0.0853348
0.0724825
0.0652307
0.0572815
0.0622221
0.0607441
0.0767242
0.0576942
0.0472914
0.0901484
0.0562609
0.0612004
0.0702867
0.0525919
0.106437
0.0834663
0.0732899
0.0740142
0.042653
0.0763094
0.052957
0.089424
0.0822874
0.0643462
0.0830483
0.0811601
0.0870919
0.0364376
0.0528175
0.0571015
0.0709687
0.0740546
0.0932753
0.0797745
0.085707
0.0376652
0.0648287
0.0714393
0.0629615
0.0762546
0.061594
0.0880016
0.0454773
0.0741499
0.042917
0.0541481
0.038818
0.0640891
0.0922356
0.0633194
0.0891565
0.0794649
0.0893995
0.0646732
0.0534063
0.0808739
0.0645054
0.0736032
0.0722258
0.0692903
0.0675278
0.0577848
0.0555477
0.0617454
0.0639359
0.0531744
0.0587224
0.0678608
0.0705532
0.0669897
0.068154
0.0710429
0.0835825
0.0822334
0.084848
0.0866915
0.0835771
0.0884985
0.0730211
0.0630179
0.0592579
0.0808689
0.0743613
0.0769633
0.0551475
0.0811389
0.075821
0.0628392
0.0486523
0.0900522
0.0888399
0.0531596
0.0663257
0.072254
0.0801236
0.063316
0.0798256
0.0684479
0.05524
0.0665067
0.086411
0.0987038
0.0870528
0.0603014
0.0707823
0.0832554
0.0709917
0.0728707
0.0743744
0.0860559
0.0874073
0.0848464
0.087752
0.0800359
0.0891471
0.0959236
0.0896209
0.0837472
0.0829669
0.0887925
0.0846186
0.0813545
0.0809213
0.0636138
0.0632328
0.0938624
0.0919073
0.0836754
0.0664407
0.0875594
0.0731832
0.0765573
0.0674717
0.0751832
0.0624217
0.0787272
0.0769438
0.0833901
0.0703963
0.084065
0.0634559
0.0763323
0.062957
0.0754524
0.0680009
0.0678625
0.083664
0.0825662
0.0695887
0.0771195
0.0721442
0.0641386
0.064426
0.0672299
0.0772517
0.0607727
0.0601117
0.0782012
0.0656421
0.0724956
0.0782825
0.0745943
0.064265
0.0748123
0.0857325
0.080157
0.0759602
0.0594538
0.0851458
0.0700167
0.0771119
0.0788684
0.067513
0.0761107
0.0607066
0.0739668
0.061517
0.0704486
0.0650082
0.0797767
0.0676799
0.0774751
0.0896538
0.0785527
0.081071
0.0691665
0.0703753
0.0772462
0.0829862
0.0833664
0.0666791
0.0806748
0.075302
0.0727147
0.0668648
0.0698426
0.0854289
0.0788701
0.0676454
0.0768313
0.0778148
0.0735982
0.0736506
0.070864
0.0655389
0.0777199
0.069274
0.0712695
0.0760532
0.0697313
0.0695878
0.0699955
0.0772337
0.0712938
0.0717186
0.0724414
0.0729426
0.0844571
0.0701367
0.0744629
0.0805847
0.0716148
0.0796258
0.0797396
0.0895453
0.0737705
0.0768849
0.081796
0.0805673
0.0835649
0.0721006
0.0910583
0.0946144
0.0907565
0.0830064
0.0861349
0.0832543
0.0831721
0.0773778
0.0708307
0.0698673
0.0791065
0.073141
0.0753039
0.0808948
0.0720989
0.081433
0.0745884
0.0811649
0.0781124
0.0792088
0.0716514
0.0676759
0.0698195
0.0678389
0.0667417
0.0719801
0.0755744
0.0779338
0.0770875
0.0769032
0.0799905
0.0792864
0.0769563
0.0781186
0.0846792
0.0843755
0.08365
0.0849122
0.090459
0.0877565
0.0876755
0.0886086
0.0902235
0.0788718
0.0803548
0.0820037
0.0735733
0.077641
0.0698806
0.0747715
0.0854
0.0601183
0.0846267
0.0840158
0.0806173
0.0673999
0.0868671
0.0817269
0.0809306
0.0758242
0.0730364
0.0761643
0.0875629
0.0756592
0.0887186
0.0833046
0.0813641
0.0701965
0.0732055
0.0748417
0.0742694
0.0823906
0.0797583
0.0763113
0.0814652
0.0814525
0.077123
0.0856692
0.0854769
0.0867318
0.0824194
0.08475
0.0841063
0.088898
0.0899251
0.0877332
0.0858549
0.075925
0.079355
0.0832743
0.0750831
0.0840811
0.0705467
0.0852486
0.0744727
0.0747033
0.0753348
0.0870482
0.080048
0.0539776
0.0740432
0.0781826
0.0680059
0.0635586
0.0854495
0.0740815
0.0666502
0.055038
0.0720765
0.0632854
0.0730617
0.0755191
0.0834965
0.0778272
0.073027
0.0758416
0.0585505
0.0819065
0.0709151
0.0782002
0.0666767
0.0718868
0.0627779
0.0628317
0.0658154
0.0789076
0.0775779
0.0744096
0.0673066
0.0695002
0.0763002
0.0672897
0.0634774
0.0634494
0.076065
0.0695146
0.0731803
0.0645725
0.0621715
0.0677767
0.0692903
0.0735678
0.0702493
0.0733683
0.0719607
0.0609691
0.067404
0.0601406
0.0611708
0.0685175
0.071459
0.0776822
0.0794985
0.0789141
0.0923533
0.0862711
0.0867805
0.0862989
0.0866472
0.094347
0.0833068
0.0877223
0.080115
0.0875256
0.0947295
0.0873006
0.0857987
0.0741986
0.096736
0.0856207
0.0818212
0.081412
0.0801387
0.0971907
0.0776304
0.0626753
0.0712807
0.0918272
0.0987279
0.073198
0.084462
0.0880226
0.0785914
0.0791433
0.0742413
0.0718985
0.0757846
0.0921491
0.0857766
0.0642654
0.0716249
0.0784681
0.0913111
0.0628845
0.0831156
0.0808508
0.088826
0.0911673
0.0871601
0.0875895
0.089346
0.0854727
0.0933149
0.0964018
0.089868
0.0853715
0.0715834
0.0969398
0.0805263
0.0800026
0.105525
0.0974926
0.0920891
0.080932
0.0797363
0.0725041
0.0583107
0.0764342
0.0662411
0.0649967
0.0671603
0.0903467
0.0688863
0.0627425
0.0884193
0.0781392
0.0591762
0.0887927
0.0737625
0.0792341
0.0663669
0.124803
0.104326
0.1014
0.0793288
0.0676029
0.0907239
0.116668
0.101209
0.0873477
0.0818097
0.102141
0.0922646
0.112122
0.0803831
0.0793848
0.0873674
0.0810384
0.0969978
0.093505
0.0954288
0.111668
0.0994145
0.102437
0.0853412
0.086916
0.101931
0.0968781
0.0960971
0.0936
0.0786429
0.0831938
0.0904734
0.0814864
0.0666509
0.0845486
0.0993969
0.0801385
0.078893
0.07108
0.061422
0.0597454
0.0309357
0.0652147
0.0681311
0.0794189
0.0568363
0.0954014
0.0546072
0.0908895
0.0884293
0.0908205
0.0888109
0.0278367
0.0912351
0.0445675
0.0796563
0.102125
0.08741
0.0777855
0.114855
0.0525366
0.099932
0.101083
0.120641
0.083889
0.0932091
0.0920304
0.0927503
0.0583878
0.0814844
0.0972364
0.11139
0.104349
0.101804
0.101829
0.12734
0.108834
0.119866
0.0989588
0.0804157
0.106954
0.12266
0.105554
0.120247
0.101691
0.0541219
0.0847555
0.0776714
0.0950405
0.0744547
0.096205
0.118752
0.0962039
0.0869423
0.0939974
0.0562452
0.124194
0.106913
0.0787689
0.0930188
0.115721
0.116519
0.0597199
0.0645072
0.0727745
0.0664502
0.116278
0.127502
0.0707471
0.0935011
0.0738905
0.0801969
0.0826256
0.0883578
0.0739881
0.0889066
0.0708543
0.0664953
0.100022
0.0601076
0.0580116
0.0391762
0.058048
0.0552991
0.0386104
0.0948106
0.0984313
0.0814728
0.144654
0.0682842
0.025603
0.0989819
0.0535822
0.110458
0.0536185
0.0733058
0.115735
0.0902427
0.0467392
0.078175
0.0987481
0.0707831
0.138661
0.0828229
0.105752
0.097381
0.0649101
0.0717724
0.101391
0.0879883
0.0766938
0.0660791
0.0726754
0.0795268
0.0954527
0.10844
0.0875313
0.0397339
0.125579
0.0772807
0.0687814
0.0446452
0.0938172
0.0503581
0
0.0522297
0.019922
0.0598335
0.103192
0.0789115
0.095181
0.0744655
0.0649478
0.0382326
0.0563957
0.0949379
0.049631
0.0697275
0.0165068
0.0830484
0.0675438
0.0673523
0.0636525
0.0837569
0.0199371
0.0766121
0.0402468
0.0731273
0.0412994
0.0795941
0.0365206
0.0542135
0.0669917
0.0701088
0.0701337
0.0692589
0.0928579
0.0720928
0.107434
0.0307399
0.0296264
0.106317
0.0762823
0.0737007
0.0709553
0.0554773
0.102055
0.0837966
0.0738681
0.0544583
0.0812336
0.0954865
0.0906824
0.1039
0.0400547
0.0573415
0.0899055
0.0645227
0.0590768
0.0569165
0.0945695
0.07656
0.0961342
0.114226
0.091133
0.0868666
0.0699979
0.0707933
0.102912
