0.0863371
0.0832989
0.0784723
0.0845145
0.077608
0.082358
0.0818511
0.090902
0.0936294
0.095127
0.0906278
0.0971613
0.0889733
0.092467
0.0896602
0.0977764
0.0946664
0.0910667
0.0875755
0.0927515
0.0905554
0.0915792
0.0846573
0.0903544
0.0892614
0.0979353
0.0985233
0.101973
0.0984673
0.0997832
0.0956504
0.0941251
0.0960676
0.0932805
0.0958991
0.0897799
0.0937758
0.0919208
0.0887561
0.0864752
0.0942021
0.0970531
0.0940261
0.0950633
0.100357
0.094929
0.0974424
0.100522
0.101496
0.0978131
0.100444
0.0994496
0.101081
0.101705
0.100817
0.100161
0.0953793
0.0892092
0.0864387
0.0815614
0.0855471
0.083586
0.078273
0.0683518
0.0828286
0.0694433
0.0799133
0.0703606
0.0846304
0.0833565
0.0802088
0.0905389
0.0842458
0.0898624
0.0856575
0.0905688
0.0856573
0.0853334
0.0851013
0.0893332
0.0826824
0.0805156
0.0871311
0.0869928
0.0861487
0.0923694
0.0878447
0.0908796
0.0914229
0.0873032
0.0903847
0.0884763
0.0902801
0.0896833
0.0856763
0.0940662
0.0913609
0.0900066
0.0892942
0.0892076
0.0941578
0.0954794
0.0906503
0.0889816
0.093273
0.0935727
0.0956706
0.0961619
0.0972535
0.0942104
0.095757
0.0933807
0.0901189
0.0872455
0.0872266
0.0861964
0.0809164
0.0792456
0.0912109
0.0785055
0.091238
0.0807926
0.0884793
0.0920158
0.0923444
0.0862013
0.0940771
0.0955357
0.0958066
0.0975532
0.0957682
0.0967426
0.0974256
0.0965487
0.0987773
0.0970381
0.0932782
0.0875614
0.0824532
0.0825853
0.0852608
0.0837996
0.0730182
0.0912915
0.0876242
0.0801021
0.0835564
0.0836496
0.0943059
0.0962797
0.0949704
0.0921151
0.0929949
0.0940651
0.0969536
0.0966764
0.0976998
0.0921481
0.0954423
0.0947922
0.0911225
0.0937427
0.091927
0.0874224
0.0833416
0.0809573
0.0917305
0.0824146
0.084384
0.085659
0.0935684
0.0863774
0.0905304
0.0888691
0.0913515
0.09093
0.0916702
0.0843795
0.0738755
0.0840756
0.0809304
0.0837181
0.067172
0.0827505
0.0807309
0.0870215
0.0866837
0.0894769
0.0927665
0.0920965
0.0873795
0.0903658
0.0865255
0.0880733
0.0898067
0.0860053
0.0863006
0.08772
0.0870766
0.0706938
0.0665006
0.0843292
0.0827744
0.0866311
0.0673723
0.0761797
0.0828777
0.0838105
0.0823117
0.0892873
0.0795157
0.0955192
0.0943178
0.0888153
0.0907501
0.0951681
0.0902235
0.0897687
0.0875237
0.089708
0.0848969
0.0894218
0.086086
0.0773834
0.080397
0.0800573
0.0697589
0.0787402
0.0827834
0.0754523
0.0863489
0.0807552
0.0865771
0.0845981
0.0805713
0.0803487
0.0787693
0.0917379
0.0915853
0.0840571
0.0845924
0.096194
0.0924345
0.0860191
0.0930877
0.0895598
0.0947611
0.089673
0.0887072
0.0900671
0.0875707
0.0885033
0.0878062
0.0858644
0.0846994
0.0823615
0.0749749
0.088108
0.0768538
0.0752348
0.0723931
0.0689331
0.0721622
0.0861547
0.0815989
0.0866038
0.0677905
0.0773472
0.0847943
0.0744024
0.0773439
0.0837017
0.0770114
0.0890192
0.0905947
0.0908237
0.0931203
0.0936014
0.0936969
0.0933617
0.0936179
0.0905785
0.0880632
0.0883162
0.0851921
0.079856
0.0812934
0.069374
0.0726007
0.0726363
0.0757918
0.0837045
0.0762708
0.0732824
0.0738727
0.0710045
0.071044
0.0771998
0.0871152
0.0728503
0.081692
0.0855356
0.0796504
0.0814412
0.0795582
0.0861859
0.0798753
0.0839272
0.0808
0.0852111
0.0880282
0.0694939
0.0944741
0.071143
0.0662054
0.0780251
0.069521
0.0738881
0.0685379
0.0809454
0.0747306
0.0690534
0.0643917
0.0737285
0.0717621
0.0794722
0.0696396
0.0843525
0.0788221
0.0718985
0.0952145
0.0962081
0.0899012
0.0897966
0.0813994
0.0765918
0.0882957
0.0857676
0.0890199
0.0802557
0.0882874
0.0806941
0.0758714
0.0848193
0.0780074
0.0738089
0.063263
0.0748517
0.0615182
0.0674057
0.0702871
0.0808826
0.0781188
0.0646868
0.0814183
0.0646633
0.0796635
0.0853625
0.0636454
0.0725868
0.0859348
0.0760741
0.0944886
0.0774122
0.087223
0.0778747
0.0806171
0.09248
0.0810301
0.0820386
0.0835572
0.07498
0.0812954
0.0970199
0.092367
0.0950947
0.083823
0.0781608
0.0714585
0.076886
0.0612889
0.0707568
0.0683599
0.0588092
0.0641653
0.0690909
0.079602
0.0713566
0.0632511
0.0617504
0.0676949
0.0749111
0.0702696
0.0823041
0.0750109
0.0843141
0.0836503
0.0790649
0.087955
0.0828568
0.0829517
0.084568
0.0863014
0.0847966
0.0819383
0.0811118
0.0843052
0.0799773
0.08041
0.0880034
0.0825775
0.0881158
0.0871217
0.09461
0.0763635
0.0700867
0.0774681
0.0619604
0.0619814
0.0558819
0.0730177
0.0659998
0.0682778
0.0843273
0.0848698
0.0668528
0.0792306
0.0717393
0.0768888
0.0810877
0.0786693
0.0746435
0.0908514
0.075577
0.0895927
0.0861264
0.0841705
0.0911444
0.0899542
0.0803331
0.0619205
0.0540929
0.0756082
0.0588187
0.0500555
0.0636703
0.0810519
0.0709062
0.0718793
0.0732922
0.0690835
0.0675227
0.0856576
0.0594104
0.0696536
0.0917565
0.070753
0.0763665
0.0953584
0.0599622
0.0751063
0.0766888
0.0732322
0.0673827
0.0661926
0.0828071
0.0835445
0.0791524
0.083479
0.0768784
0.0784896
0.0833269
0.0915543
0.0824858
0.0892294
0.081909
0.0862945
0.0771124
0.0711533
0.0676988
0.0637117
0.0752798
0.0601452
0.0745205
0.065957
0.0591969
0.0555882
0.0591193
0.0844811
0.0798353
0.0815815
0.0891958
0.105914
0.139141
0.189981
0.18996
0.213484
0.195441
0.194084
0.174901
0.141331
0.101066
0.0784224
0.0631971
0.0696063
0.0638646
0.0813908
0.086131
0.0752203
0.0702261
0.0646282
0.0752702
0.0765283
0.0774161
0.0841982
0.0804765
0.0835577
0.0844659
0.081251
0.0746572
0.0780772
0.08408
0.0824303
0.0688461
0.0633362
0.0672531
0.0646734
0.0826613
0.0818943
0.0646397
0.0838082
0.0574146
0.0720797
0.0915563
0.0714574
0.0872169
0.0826904
0.0693169
0.0860727
0.0793084
0.0676415
0.0702202
0.0979756
0.0899569
0.0872869
0.0695525
0.0624409
0.0577796
0.0447063
0.0557752
0.0773389
0.0785129
0.0815683
0.0687091
0.0617577
0.0587375
0.0846874
0.0758193
0.0624627
0.0699318
0.0905606
0.0756622
0.0632882
0.0754124
0.0656038
0.0771046
0.0629836
0.0712924
0.0892248
0.0735688
0.0694922
0.0662314
0.0760534
0.0746486
0.0670973
0.0695831
0.04928
0.0680657
0.0799174
0.0625826
0.0764692
0.0831904
0.0797156
0.0689439
0.0701511
0.0856737
0.0673113
0.0784208
0.0781666
0.0437765
0.0480938
0.0510159
0.0723107
0.0251443
0.0510606
0.0430949
0.0660222
0.0802788
0.0374276
0.0614343
0.077974
0.0620138
0.0509618
0.0735853
0.0675476
0.0852093
0.0769697
0.0710344
0.0287088
0.0606371
0.0573681
0.0630876
0.0435204
0.0523027
0.0669996
0.0881521
0.0778555
0.0585672
0.0721143
0.0716748
0.057592
0.0597161
0.0608041
0.087508
0.0628435
0.0600185
0.0738589
0.0587458
0.0723946
0.0577065
0.0735651
0.0780077
0.0787522
0.0713431
0.0718681
0.0564187
0.0638378
0.0642031
0.057233
0.0684046
0.0671198
0.0630911
0.0669899
0.0451463
0.0546929
0.0624523
0.0770964
0.0662324
0.0744931
0.0896319
0.066499
0.0734455
0.0467825
0.0746596
0.0706543
0.0705518
0.0763916
0.0861866
0.0707684
0.102694
0.0539756
0.0559532
0.0820812
0.0761031
0.0602731
0.0540673
0.044334
0.0868717
0.0695844
0.0137189
0.0554402
0.0499906
0.0679412
0.0685662
0.0616235
0.0649315
0.0616298
0.0858347
0.0799343
0.0589928
0.0896663
0.0775102
0.0734476
0.0896339
0.0783766
0.0806905
0.0682481
0.0492056
0.0745517
0.0524035
0.057628
0.0714283
0.0587123
0.0602908
0.065269
0.087336
0.0780948
0.0773078
0.0743767
0.0459563
0.062172
0.0671125
0.0687467
0.0719367
0.0600824
0.0522196
0.0592976
0.0580016
0.0449494
0.0618707
0.0641294
0.0790089
0.0703132
0.0451828
0.06051
0.0637355
0.0571815
0.0670389
0.0601325
0.0589551
0.0701654
0.068187
0.0519642
0.0592721
0.0655774
0.0575342
0.0565878
0.0648949
0.0532504
0.0592074
0.0680141
0.0564076
0.0728757
0.069224
0.0597655
0.0551506
0.0549719
0.0731936
0.0649308
0.0517329
0.0462959
0.0539901
0.0633167
0.0442474
0.0574215
0.0462615
0.0683917
0.0639267
0.0611191
0.059738
0.0511761
0.0627427
0.054223
0.0629614
0.0619777
0.0589529
0.0714706
0.0373279
0.0597141
0.0471699
0.0679129
0.0682436
0.0483043
0.0638308
0.0814266
0.0725555
0.057664
0.0677794
0.0538852
0.0558803
0.088243
0.0714763
0.0587055
0.0816884
0.0670925
0.0423899
0.056651
0.0619243
0.0480368
0.0694266
0.0531147
0.0564896
0.0622772
0.0804864
0.0569628
0.0695101
0.0569796
0.0482888
0.066796
0.0594823
0.073918
0.0518923
0.0653829
0.0506274
0.0625252
0.0682412
0.0415796
0.0726625
0.0451992
0.0582389
0.0753474
0.0620072
0.0626454
0.04327
0.0560285
0.075412
0.0715535
0.0582438
0.0893464
0.0584437
0.0549051
0.0536514
0.0547532
0.0454681
0.0494036
0.0514642
0.0650386
0.0747511
0.0584244
0.0596256
0.0622139
0.0792804
0.071739
0.0437326
0.0922481
0.052101
0.0433473
0.0897927
0.0644636
0.0448703
0.042765
0.0882172
0.0730878
0.0530875
0.0456158
0.061664
0.0440277
0.0594659
0.00733732
0.0435184
0.0657705
0.0477207
0.0603421
0.0594706
0.0576671
0.0651918
0.0499008
0.0489538
0.0497528
0.0697731
0.0530208
0.0806183
0.0769256
0.0619019
0.0627435
0.0747044
0.07147
0.0619361
0.0609536
0.0629294
0.0657761
0.0633875
0.0680144
0.0564384
0.0597753
0.0683155
0.0611491
0.0597225
0.0605846
0.0632203
0.0631928
0.0608657
0.0570099
0.0429162
0.0586525
0.0584908
0.0608392
0.0478412
0.0583726
0.0625744
0.0541088
0.0545922
0.0483529
0.0585108
0.0526441
0.0533299
0.0608861
0.05181
0.0509582
0.0541859
0.0594746
0.0625287
0.0599834
0.0563077
0.0594517
0.0586305
0.0549611
0.0516437
0.0485717
0.0513274
0.0570463
0.053958
0.0533688
0.0492886
0.0598921
0.0607187
0.0537007
0.0558164
0.0561078
0.0546569
0.0546416
0.0562529
0.0651699
0.0558372
0.0507873
0.0570986
0.0524845
0.0550118
0.0548422
0.0602932
0.0631845
0.0504283
0.0632339
0.0613456
0.0539467
0.0566111
0.060318
0.0525317
0.0564016
0.0498411
0.0501937
0.0583874
0.0592766
0.0554561
0.0541284
0.0571359
0.0543728
0.0559997
0.0561417
0.0537061
0.0570911
0.0624262
0.060712
0.0561846
0.0565251
0.0550378
0.0527538
0.0636479
0.0575914
0.0513598
0.0595684
0.0588343
0.0540416
0.0546208
0.0548486
0.0577821
0.053458
0.0589276
0.0534584
0.0574017
0.0595875
0.0589405
0.0644257
0.0544476
0.0711237
0.051409
0.0689244
0.0565332
0.0603
0.0494167
0.0532006
0.0546471
0.0553397
0.0603334
0.0511572
0.0618405
0.0499453
0.0591838
0.0554161
0.0605368
0.0516308
0.0591488
0.056491
0.0494231
0.0578467
0.0639839
0.0595984
0.0565022
0.058256
0.0556129
0.0592952
0.0445177
0.0702038
0.0670407
0.0574769
0.0513886
0.0578588
0.0555723
0.0458531
0.0499139
0.0495284
0.0583475
0.0566486
0.0547098
0.051721
0.0560496
0.0556828
0.0466574
0.058567
0.0547893
0.0568718
0.0508318
0.0532843
0.0601086
0.0568485
0.0513275
0.0455487
0.0437245
0.0531404
0.0524767
0.0681378
0.0603682
0.0483726
0.0575768
0.0506103
0.0603004
0.0651677
0.0522503
0.0462767
0.0608354
0.0566724
0.0563621
0.054992
0.0663783
0.0624031
0.0586592
0.0652373
0.0565147
0.0681444
0.0659039
0.0737089
0.0608407
0.0602079
0.0494934
0.0778943
0.0588685
0.0702809
0.0606599
0.0514204
0.0586697
0.0693607
0.0616792
0.0630125
0.0604586
0.0649123
0.0601175
0.0637587
0.0569366
0.0597077
0.046946
0.0596259
0.0576585
0.0558841
0.0468105
0.0632428
0.0506187
0.0510435
0.0570423
0.0423628
0.0592619
0.0632057
0.062916
0.0591676
0.0547355
0.0482075
0.057532
0.0573683
0.0617533
0.056428
0.0595474
0.0510728
0.0661822
0.0575715
0.0717444
0.0601518
0.0436987
0.0560282
0.051789
0.055345
0.0538431
0.0580942
0.0523603
0.0531068
0.048142
0.0543289
0.0622953
0.0662755
0.0542509
0.0508353
0.0581561
0.0514321
0.0536285
0.0481111
0.0513686
0.0478676
0.0548963
0.045012
0.0542772
0.0656245
0.0594103
0.0590466
0.0632546
0.0612091
0.054367
0.0489962
0.0503677
0.0546028
0.0518562
0.070277
0.0475996
0.0486632
0.0646017
0.0448635
0.056061
0.0656646
0.0584284
0.0596096
0.0613471
0.0525356
0.0547652
0.0550532
0.0598504
0.0642092
0.0524124
0.0596899
0.0622783
0.0567242
0.0559806
0.0520282
0.0578313
0.0510696
0.0575826
0.056841
0.055284
0.0513807
0.0491659
0.050266
0.0620689
0.051054
0.0502695
0.0602746
0.0509796
0.0667509
0.0633642
0.0647605
0.0587092
0.0605696
0.0564468
0.0568748
0.0584765
0.0546394
0.0562442
0.0599628
0.0533553
0.0579598
0.0559375
0.0581111
0.0554845
0.0568968
0.0599858
0.054456
0.0595647
0.0513504
0.0559783
0.0547961
0.0468864
0.0573577
0.0503292
0.0490887
0.051878
0.0497429
0.0544105
0.0501229
0.0482847
0.0610285
0.0587678
0.0411313
0.059143
0.0691547
0.0660926
0.0726626
0.0580755
0.0562871
0.0610291
0.0606138
0.0648035
0.0604614
0.0648642
0.0605149
0.0552676
0.0579353
0.0537035
0.0648661
0.0607346
0.0592514
0.0585522
0.0589729
0.0635044
0.0570483
0.0611452
0.0554786
0.0693283
0.0624291
0.08083
0.114654
0.186008
0.265667
0.296712
0.293996
0.287268
0.247317
0.153542
0.1028
0.0699546
0.0676934
0.062442
0.0574648
0.0615455
0.0536577
0.0581418
0.0553415
0.0622808
0.0609733
0.0545689
0.063156
0.0580392
0.0598991
0.0610151
0.0530199
0.0565924
0.0600324
0.0497777
0.0485417
0.0593965
0.0573358
0.0535972
0.0617629
0.0597149
0.0529763
0.0552808
0.0596785
0.0627327
0.0597343
0.0596792
0.0708741
0.0677243
0.0738312
0.0615052
0.0633962
0.0632376
0.060764
0.062704
0.0615735
0.0567057
0.0560663
0.0575396
0.0616884
0.0556091
0.0648697
0.0582264
0.0654728
0.0545545
0.0643113
0.0590465
0.058699
0.0598437
0.0594379
0.0598544
0.0517103
0.0558469
0.0548015
0.060881
0.0640799
0.0611047
0.0626355
0.0586259
0.0643244
0.0680664
0.052137
0.0550765
0.0631908
0.0669683
0.0633446
0.0600113
0.0486929
0.057965
0.053011
0.0588751
0.0591507
0.0583071
0.061422
0.0627036
0.0552252
0.0573182
0.0560207
0.0522231
0.0536284
0.06366
0.0624047
0.0507966
0.0560834
0.063528
0.0550596
0.0476637
0.0531975
0.0636578
0.0590469
0.0615749
0.0562583
0.0476112
0.0587022
0.0629455
0.0600754
0.0672586
0.04066
0.0561463
0.0406062
0.0454144
0.0785766
0.0621381
0.0652618
0.061597
0.0816445
0.0482238
0.063536
0.0609064
0.0516972
0.0522485
0.0787393
0.0492712
0.0393007
0.0556539
0.0582332
0.050054
0.0504916
0.0677649
0.0431138
0.0700501
0.0564192
0.0619938
0.0479589
0.0609671
0.0482381
0.0563841
0.0531961
0.0527703
0.0439024
0.067488
0.0524498
0.07917
0.0575834
0.0464412
0.0506478
0.0564561
0.0544919
0.0383221
0.0745092
0.0634335
0.0422304
0.0831289
0.0589406
0.0789233
0.0564307
0.0613965
0.0607197
0.0422647
0.070055
0.0540183
0.114439
0.0872876
0.0634883
0.062255
0.0680204
0.0506265
0.0494446
0.0564032
0.0846893
0.0362979
0.0609121
0.0671119
0.0688798
0.0766362
0.0630964
0.062185
0.080674
0.0612864
0.0861833
0.0304001
0.0726235
0.0579339
0.0705563
0.0537915
0.071253
0.0379415
0.066484
0.0681553
0.0662151
0.0777192
0.0706393
0.0740564
0.0686917
0.0537923
0.0588944
0.0470461
0.0715596
0.0635089
0.0620083
0.0673319
0.0510126
0.0736536
0.0571914
0.0470091
0.0482544
0.0343599
0.0420803
0.0543875
0.063625
0.061315
0.059907
0.0485571
0.0788264
0.083562
0.0740933
0.0709237
0.0739687
0.0816972
0.0455157
0.0513815
0.0631982
0.0718549
0.0493577
0.0532278
0.0700424
0.0743354
0.0528986
0.0456209
0.0824872
0.0733203
0.0523335
0.074743
0.0745861
0.0583952
0.0686046
0.079665
0.0626426
0.0578194
0.0656012
0.0634275
0.0706966
0.0707918
0.051162
0.0712879
0.0606413
0.0800646
0.0582466
0.0563318
0.0751866
0.0747654
0.0834026
0.0714505
0.0716329
0.0747027
0.0812157
0.0735249
0.0709277
0.0708912
0.0675762
0.0628138
0.060669
0.064127
0.0617674
0.0728326
0.0742683
0.0640815
0.0684011
0.0726879
0.0626657
0.04679
0.0727738
0.0583734
0.0703934
0.0678819
0.0759586
0.0626819
0.0844415
0.0586928
0.0581479
0.0522772
0.0549454
0.0570514
0.0661257
0.0447813
0.0566747
0.0829953
0.0633202
0.0588433
0.0589565
0.0549366
0.0429814
0.0538241
0.0505103
0.0594466
0.0586413
0.0447609
0.0686886
0.0528087
0.064475
0.0631419
0.0555112
0.0497868
0.0565445
0.062651
0.0617247
0.0561993
0.0557568
0.0689345
0.0530292
0.0614319
0.0622888
0.0615401
0.0657328
0.0457168
0.0512896
0.0525275
0.0630787
0.0473319
0.0527591
0.0579094
0.0656249
0.0706534
0.0649324
0.0611445
0.0688135
0.0684774
0.059942
0.0600404
0.0641935
0.0520165
0.0629245
0.064389
0.0569126
0.0585268
0.0523141
0.0698424
0.0657343
0.0522533
0.0625555
0.0614
0.0623542
0.0527699
0.058948
0.053232
0.0637524
0.0543403
0.0559535
0.0629756
0.0560465
0.0594322
0.0541062
0.0612844
0.0571524
0.0529737
0.0553846
0.064782
0.0588218
0.0605993
0.0583432
0.0708222
0.0580401
0.0612144
0.0605491
0.0728998
0.0584619
0.0691756
0.0748455
0.0662963
0.0738501
0.0758111
0.0812111
0.072954
0.0762456
0.0749267
0.0650751
0.060199
0.0660518
0.0645316
0.0530129
0.0730056
0.0615816
0.061626
0.0637915
0.0659126
0.0521854
0.0676908
0.0602244
0.0600009
0.0599006
0.0691353
0.0580025
0.0503354
0.0638863
0.0616833
0.0547634
0.0615637
0.0600124
0.0637003
0.059261
0.0671441
0.0672237
0.0610698
0.0607651
0.0631962
0.0616981
0.0662676
0.0739279
0.0775964
0.0772355
0.0722491
0.0756075
0.0708919
0.0765583
0.0763145
0.072921
0.0698989
0.0636717
0.0741966
0.0656128
0.0588244
0.0744278
0.0596011
0.0810434
0.0764127
0.0617097
0.0572765
0.0681767
0.0698799
0.0587316
0.0613111
0.0641089
0.065657
0.0728732
0.0789331
0.0706433
0.0737176
0.0623928
0.0535003
0.0583725
0.0634143
0.0612943
0.0662869
0.0702706
0.063011
0.0733562
0.0629235
0.0599342
0.0681097
0.0669355
0.0752413
0.0683252
0.077922
0.0728288
0.0765961
0.0746564
0.0767228
0.076146
0.0695769
0.0764148
0.067085
0.0670482
0.0696013
0.0628405
0.0685944
0.0626125
0.0669028
0.0573788
0.0694535
0.0730715
0.0580145
0.0723123
0.0608365
0.0544364
0.066189
0.0610471
0.050679
0.0683756
0.0547317
0.0597215
0.0579659
0.0726458
0.0660656
0.0572241
0.0693965
0.0547098
0.0607896
0.0471641
0.0620607
0.0555917
0.0531336
0.0546627
0.0680248
0.0563723
0.0615699
0.0588787
0.0579559
0.0558479
0.0678123
0.0476015
0.0544226
0.0582228
0.0660575
0.0494437
0.0539723
0.0621425
0.0601683
0.056692
0.0511869
0.0510334
0.0539711
0.0593494
0.0576296
0.0610076
0.0546054
0.0602801
0.0486529
0.0486682
0.0508233
0.0386775
0.0634105
0.0590609
0.0680506
0.067647
0.0662709
0.0697098
0.0752797
0.0740824
0.0776254
0.0728642
0.0740638
0.0731703
0.0773569
0.0774476
0.0685078
0.0809717
0.08431
0.0736269
0.0711611
0.0856101
0.0747737
0.0778002
0.0751792
0.0434449
0.0639568
0.0813997
0.0675562
0.0912139
0.0715774
0.0713057
0.0836919
0.0866836
0.0771426
0.0725098
0.0654336
0.0744869
0.0779267
0.0726877
0.0869342
0.0681013
0.0631554
0.0618782
0.0577624
0.0801625
0.0685316
0.0759899
0.0772614
0.0813306
0.0814986
0.0791062
0.066309
0.0892567
0.0892254
0.0788115
0.0803862
0.0839974
0.0891585
0.0754982
0.0888293
0.0758027
0.0827819
0.0706042
0.082246
0.0771413
0.0697361
0.0765828
0.0673811
0.0761386
0.0451328
0.0863382
0.0747645
0.0708112
0.0668267
0.0474164
0.0760913
0.0642945
0.0449055
0.105294
0.0833608
0.121343
0.0740596
0.0948472
0.103398
0.119354
0.0960348
0.0829561
0.0737026
0.118551
0.0690204
0.0846366
0.100008
0.0657537
0.0702933
0.0863983
0.0872724
0.0704007
0.081264
0.093679
0.0799147
0.0741437
0.0849651
0.0846248
0.0974569
0.0830195
0.0866538
0.0985739
0.0971913
0.0903663
0.0927783
0.0864909
0.0908046
0.0865764
0.078771
0.0913154
0.0686808
0.066752
0.075379
0.0982925
0.102395
0.0829539
0.0546073
0.0563358
0.0475402
0.0511348
0.0595534
0.0311533
0.104285
0.0733368
0.0814141
0.0649229
0.0827732
0.0708685
0.0949253
0.0900552
0.0329117
0.101195
0.0957847
0.0911311
0.0667944
0.111273
0.0644863
0.132205
0.0621159
0.0697323
0.110685
0.122022
0.0615818
0.0935063
0.0592212
0.109754
0.078746
0.0866879
0.103476
0.119803
0.110195
0.105153
0.103636
0.112011
0.108942
0.112904
0.0765756
0.0766526
0.108822
0.122019
0.0691587
0.084951
0.109735
0.0879243
0.109878
0.0697943
0.128007
0.0890183
0.10074
0.0698975
0.0980322
0.0597422
0.0914629
0.0757136
0.103781
0.0817502
0.106387
0.095209
0.0778905
0.10703
0.0989504
0.0618666
0.073487
0.0784522
0.103038
0.135054
0.0767088
0.0537774
0.0764784
0.103871
0.0933605
0.100884
0.0740129
0.0688683
0.122414
0.0727411
0.0979473
0.0386029
0.0773874
0.0760822
0.033594
0.0728907
0.0362821
0.115889
0.102566
0.0818034
0.10525
0.108217
0.0612378
0.099188
0.041708
0.088431
0.0902853
0.0617094
0.06449
0.109257
0.106921
0.114216
0.048308
0.121469
0.143806
0.0894991
0.0936374
0.095441
0.11146
0.0599889
0.10878
0.0584332
0.0604879
0.101807
0.0877219
0.080187
0.0879003
0.176652
0.0889876
0.0715467
0.109653
0.0762787
0.090212
0.0738106
0.0505203
0.0761031
0.0620266
0.0688812
0.0467746
0.0965326
0.0853706
0.0656838
0.0780673
0
0.088757
0.079351
0.0849072
0.0304641
0.113841
0.089401
0.0694343
0.0871967
0.0538166
0.0228535
0.0931244
0.110446
0.0455944
0.0672104
0.115493
0.114619
0.0549836
0.0764465
0.089515
0.0870913
0.0947352
0.0675412
0.040605
0.0788202
0.087106
0.0642952
0.081975
0.0729085
0.0983347
0.083453
0.0825661
0.0772166
0.0990122
0.0918181
0.0805043
0.0873527
0.127296
0.0852177
0.108143
0.0741748
0.108352
0.0985948
0.102876
0.0703729
0.0901677
0.0471455
0.0816209
0.0200085
0.0952765
0.114941
0.088327
0.0584604
0.0846885
0.0846791
0.0637282
0.0634699
0.0888822
