0.155865
0.157613
0.161192
0.169327
0.169115
0.165292
0.183205
0.177281
0.180898
0.18673
0.189549
0.194337
0.195076
0.201438
0.206992
0.212867
0.219213
0.217019
0.214441
0.216266
0.21571
0.20884
0.221685
0.226619
0.232094
0.234955
0.244965
0.254972
0.253667
0.258139
0.263999
0.268879
0.26844
0.272981
0.278486
0.283228
0.284815
0.285145
0.286906
0.277439
0.260311
0.262525
0.273213
0.278559
0.288264
0.298539
0.304711
0.307317
0.316194
0.31969
0.307879
0.277788
0.263165
0.260574
0.260958
0.262451
0.282758
0.334613
0.339427
0.326967
0.301284
0.272864
0.213548
0.20435
0.183689
0.169908
0.167695
0.153822
0.13946
0.145936
0.138013
0.133024
0.131638
0.128108
0.122128
0.132372
0.123843
0.134284
0.129327
0.143191
0.140004
0.142588
0.144037
0.142013
0.14852
0.147044
0.157476
0.156471
0.154242
0.159554
0.170651
0.177029
0.190022
0.200852
0.212454
0.226723
0.247934
0.261035
0.276985
0.283665
0.280991
0.280489
0.277526
0.26496
0.230609
0.21631
0.209409
0.201604
0.206662
0.212383
0.218355
0.219769
0.220889
0.226817
0.227263
0.2279
0.222627
0.207076
0.201823
0.200778
0.214107
0.21451
0.223153
0.224426
0.22985
0.241908
0.242834
0.246511
0.254717
0.259187
0.260243
0.266131
0.264807
0.262618
0.261822
0.263967
0.275152
0.285126
0.28329
0.271515
0.255649
0.240165
0.227659
0.223815
0.23251
0.239273
0.244726
0.258844
0.260104
0.270404
0.28073
0.301175
0.296773
0.307774
0.312507
0.317724
0.323157
0.321796
0.322345
0.322782
0.324149
0.328867
0.333433
0.319623
0.296119
0.251632
0.183387
0.162456
0.132729
0.127472
0.126157
0.117154
0.122902
0.117348
0.124711
0.127627
0.136604
0.130606
0.145073
0.154961
0.154925
0.159608
0.166961
0.161969
0.164923
0.161151
0.15286
0.150621
0.14638
0.148746
0.143934
0.143444
0.152024
0.148296
0.153194
0.155675
0.163514
0.154385
0.153208
0.145345
0.146124
0.133785
0.11878
0.122974
0.124864
0.134322
0.138915
0.139671
0.160286
0.156812
0.16513
0.166858
0.175132
0.180032
0.183763
0.192579
0.190481
0.195974
0.202809
0.202333
0.206129
0.211928
0.204127
0.196495
0.180071
0.173228
0.161903
0.162052
0.160606
0.161347
0.166981
0.172594
0.1758
0.185044
0.192948
0.202461
0.212712
0.217939
0.225076
0.229359
0.233538
0.244583
0.254498
0.25584
0.264536
0.269379
0.274995
0.28078
0.285711
0.2875
0.298496
0.294307
0.299527
0.301323
0.294442
0.282442
0.237068
0.202986
0.197608
0.185514
0.184263
0.179013
0.184254
0.203415
0.199292
0.193694
0.200867
0.208813
0.223379
0.232878
0.229853
0.241031
0.245985
0.25332
0.256762
0.262881
0.255972
0.267203
0.259129
0.25152
0.245503
0.227877
0.198608
0.172843
0.150982
0.141181
0.148618
0.152087
0.153666
0.167576
0.170695
0.181497
0.173209
0.180842
0.184041
0.191275
0.189083
0.190401
0.178215
0.17171
0.170555
0.171076
0.159002
0.152797
0.145129
0.153983
0.152085
0.146852
0.155363
0.157631
0.160054
0.159433
0.165604
0.162449
0.147947
0.165537
0.154217
0.141148
0.137784
0.13846
0.132231
0.133417
0.151715
0.137944
0.140423
0.131908
0.139854
0.137413
0.147683
0.149537
0.144462
0.152055
0.164295
0.164195
0.166479
0.169517
0.184447
0.186313
0.182266
0.184477
0.194429
0.196923
0.208094
0.19745
0.195599
0.186385
0.197226
0.168817
0.171595
0.16544
0.159925
0.154171
0.135092
0.13169
0.14385
0.156631
0.157599
0.173391
0.162318
0.173764
0.161979
0.160181
0.150178
0.165319
0.175972
0.18373
0.186192
0.192723
0.199792
0.206836
0.214504
0.231943
0.237102
0.240978
0.244197
0.244361
0.242653
0.244013
0.215831
0.199793
0.179477
0.148826
0.14418
0.134656
0.133084
0.137764
0.136663
0.140927
0.149675
0.157244
0.150009
0.153786
0.17053
0.151993
0.134708
0.142412
0.145209
0.144101
0.148507
0.147763
0.13402
0.141441
0.137202
0.141671
0.150741
0.149557
0.16033
0.165967
0.185371
0.19748
0.219968
0.247717
0.261609
0.268466
0.281094
0.263439
0.245087
0.239411
0.229626
0.203572
0.203951
0.204458
0.221191
0.222647
0.215713
0.209453
0.212207
0.20654
0.19926
0.202631
0.202215
0.212527
0.207
0.201706
0.199421
0.193142
0.174562
0.172483
0.169367
0.171882
0.180259
0.178794
0.179507
0.183141
0.182437
0.179773
0.17755
0.183298
0.210465
0.182937
0.153038
0.172006
0.177676
0.184458
0.16743
0.171742
0.186437
0.183949
0.176557
0.178281
0.206556
0.208788
0.19246
0.182561
0.198033
0.19207
0.190567
0.199438
0.206748
0.196528
0.206519
0.207464
0.213893
0.213123
0.231348
0.219654
0.230329
0.242029
0.261409
0.272884
0.313352
0.359884
0.363095
0.360806
0.347224
0.306232
0.272503
0.227696
0.201329
0.210183
0.181003
0.198374
0.230609
0.26794
0.322453
0.377752
0.388676
0.40126
0.374078
0.323503
0.254449
0.203831
0.163195
0.165046
0.173214
0.164033
0.155805
0.171644
0.174385
0.174688
0.176794
0.18354
0.179998
0.182399
0.172455
0.193951
0.187618
0.190043
0.190526
0.2132
0.203976
0.201215
0.189788
0.163876
0.170477
0.161758
0.145004
0.149769
0.129787
0.138522
0.140778
0.125074
0.131337
0.138125
0.110047
0.111693
0.128152
0.107373
0.12796
0.115
0.134785
0.123095
0.141258
0.140661
0.133212
0.144717
0.144708
0.157118
0.183445
0.15843
0.16318
0.167814
0.168425
0.172942
0.15788
0.153054
0.155637
0.153997
0.143367
0.141312
0.146948
0.138447
0.141959
0.155056
0.166627
0.174099
0.158811
0.17311
0.17016
0.184635
0.152923
0.143012
0.132331
0.132118
0.145022
0.15327
0.139279
0.144809
0.156244
0.158826
0.154204
0.161243
0.169292
0.155762
0.15466
0.176123
0.158517
0.161079
0.167729
0.177118
0.190433
0.166968
0.15071
0.150372
0.147339
0.129987
0.133257
0.141225
0.134942
0.153361
0.129339
0.137989
0.118253
0.103203
0.142817
0.0974245
0.128199
0.120701
0.128076
0.129354
0.129346
0.132182
0.113321
0.13427
0.122255
0.119307
0.107716
0.10504
0.117839
0.115723
0.108378
0.0962936
0.0869608
0.0980539
0.106495
0.0918509
0.0986501
0.114485
0.116221
0.10968
0.133366
0.128482
0.150911
0.155388
0.162334
0.160618
0.156592
0.149656
0.119184
0.110218
0.0902067
0.0795719
0.0783799
0.0687531
0.0903278
0.0905199
0.101781
0.110555
0.130873
0.133821
0.131327
0.126764
0.137263
0.135437
0.108593
0.112379
0.14932
0.134349
0.137827
0.138593
0.144767
0.154131
0.170227
0.180849
0.153533
0.135564
0.158551
0.164107
0.136881
0.153655
0.161995
0.153648
0.140132
0.135572
0.150372
0.156155
0.137601
0.164661
0.151667
0.16043
0.146287
0.1294
0.138461
0.156873
0.140197
0.135713
0.134743
0.134329
0.118447
0.120089
0.120173
0.125889
0.117965
0.118683
0.126159
0.10937
0.0996201
0.100344
0.0946228
0.0980005
0.0864624
0.101172
0.068523
0.079398
0.066638
0.0911808
0.069002
0.0585802
0.0575279
0.0686663
0.0550865
0.0613408
0.0667241
0.059177
0.0672105
0.0637099
0.062072
0.062513
0.0519057
0.0461672
0.0526875
0.0589504
0.0587249
0.0459147
0.0472641
0.053639
0.0525919
0.0758463
0.0553972
0.0500413
0.0537775
0.0544977
0.0491068
0.0777989
0.0535191
0.0636626
0.0567827
0.0630207
0.0811136
0.0670189
0.0605865
0.0620888
0.0770174
0.073966
0.0524972
0.0695089
0.065055
0.0551728
0.058702
0.061794
0.0505956
0.0340385
0.0284844
0.0477371
0.0366977
0.0448131
0.0409149
0.0502785
0.0548693
0.0425978
0.0422377
0.0546395
0.0631809
0.0774911
0.0717363
0.0480459
0.0447262
0.0373206
0.0523144
0.0455984
0.0462117
0.0645573
0.0515748
0.0718127
0.052837
0.0642151
0.0642904
0.0766037
0.0888652
0.0926521
0.0861825
0.110604
0.104149
0.0826632
0.0905909
0.108879
0.08962
0.121814
0.116774
0.106121
0.134664
0.112522
0.113296
0.108518
0.125216
0.111627
0.113715
0.131608
0.123776
0.128914
0.157709
0.142204
0.150069
0.164352
0.163608
0.177141
0.181558
0.1994
0.199331
0.205954
0.228207
0.183268
0.154396
0.133721
0.116199
0.114597
0.133428
0.143965
0.132288
0.132672
0.112714
0.149402
0.123148
0.168736
0.157789
0.136216
0.157519
0.180027
0.159448
0.177288
0.184528
0.163396
0.139443
0.164164
0.164922
0.175699
0.21741
0.21236
0.205837
0.220779
0.213751
0.17776
0.165228
0.167962
0.16987
0.155064
0.142562
0.128069
0.115214
0.105447
0.0875225
0.0921514
0.0765242
0.0708486
0.0545022
0.051638
0.0444574
0.0339073
0.0250191
0.0185708
0.0131178
0.00943085
0.00867248
0.0154567
0.0156216
0.0173262
0.012942
0.0158733
0.0175632
0.0103643
0.0148391
0.0163061
0.0214799
0.0229358
0.0292051
0.0219955
0.0192779
0.0148636
0.0132092
0.0118157
0.00822933
0.0100275
0.00413689
0
0.0105781
0.00590377
0.00553368
0.00118902
0.00236637
0.0105885
0.00169342
0.00622639
0.00613851
0.0108903
0.0106278
0.0162689
0.0168442
0.0135539
0.0124933
0.0126483
0.00704077
0.0108467
0.0101837
0.0116688
0.0122185
0.0200102
0.0125743
0.019074
0.0212876
0.0126801
0.0160588
0.015088
0.0192331
0.0165179
0.0167606
0.0215091
0.0269671
0.0275594
0.0232768
0.0312215
0.034665
0.0289857
0.0308904
0.0187604
0.0240388
0.0232998
0.015613
0.0193588
0.0197754
0.0272724
0.0256545
0.0278198
0.0211162
0.0253461
0.0273538
0.0234274
0.0280748
0.0309338
0.0331233
0.0389023
0.0346403
0.0336708
0.0225665
0.0204268
0.0326306
0.0243266
0.0309021
0.021829
0.0253485
0.024665
0.0253251
0.0238945
0.019561
0.0267164
0.0259257
0.0221314
0.0254854
0.0286115
0.0264464
0.0271905
0.0331617
0.0401629
0.0451488
0.0391173
0.0488634
0.0413578
0.051102
0.0516249
0.0454192
0.0552857
0.0506885
0.0541704
0.059532
0.0574214
0.0546085
0.0583686
0.0637161
0.0558324
0.0518005
0.0588989
0.0665659
0.0699505
0.0688726
0.0740716
0.0812651
0.0851123
0.0888389
0.0851036
0.092959
0.0920001
0.0998077
0.0964835
0.0975035
0.0900054
0.0948491
0.0966815
0.0926814
0.0898991
0.0989118
0.0941877
0.0879664
0.092276
0.0916396
0.0923568
0.0824161
0.0851383
0.0972991
0.104281
0.107969
0.118247
0.110171
0.120581
0.112302
0.0956929
0.0895502
0.0797268
0.0815075
0.071257
0.0885347
0.0726923
0.0757381
0.0815479
0.0738205
0.064273
0.087788
0.0791043
0.0872141
0.0712972
0.073697
0.0844426
0.0882229
0.0771028
0.0809146
0.0810747
0.0770287
0.0738434
0.0696698
0.0769654
0.0564684
0.0656291
0.0624412
0.0438796
0.0595068
0.0499706
0.0587295
0.0596582
0.0483861
0.0436998
0.0447135
0.0364687
0.0383987
0.0441449
0.0470614
0.0438227
0.0326256
0.0386052
0.0453107
0.038445
0.0443338
0.0474452
0.0369149
0.0617426
0.0501701
0.0454553
0.0386282
0.0267036
0.0317507
0.0255357
0.0181965
0.0183665
0.0137806
0.0231974
0.00492344
0.0144593
0.0188218
0.00988957
0.0184159
0.00677382
0.00526078
0.0134477
0.0119885
0.0161907
0.0193939
0.0216446
0.0135616
0.0216761
0.025653
0.0460515
0.0317092
0.0353041
0.0442941
0.0293279
0.0492349
0.0409355
0.0353952
0.0405565
0.020871
0.0298941
0.0321842
0.0301631
0.0154736
0.0148583
0.0103437
0.0197991
0.023744
0.0262532
0.0129996
0.0200712
0.0202458
0.0252683
0.0118463
0.0133532
0.0200048
0.0120724
0.0084734
0.02158
0.0146963
0.0197971
0.0309105
0.029844
0.0128232
0.0263394
0.0130521
0.0171846
0.026368
0.0191573
0.0223789
0.027479
0.029842
0.0143138
0.0134544
0.01303
0.0213248
0.0136513
0.0138587
0.0193011
0.0112397
0.0234043
0.0160656
0.0199994
0.0160777
0.0108602
0.0130474
0.0228951
0.0258014
0.0252851
0.0260848
0.0256283
0.0318633
0.0406124
0.0242208
0.0322263
0.0236936
0.03502
0.0405792
0.0308918
0.0187911
0.0203076
0.0357494
0.0267335
0.0220136
0.0222121
0.023185
0.0143804
0.0179266
0.0216318
0.0206158
0.0155566
0.0204793
0.023909
0.0238722
0.0194568
0.0215707
0.0196689
0.0223182
0.0244728
0.0261538
0.0306785
0.0284133
0.0296016
0.0365465
0.0410239
0.0271622
0.0371701
0.0425769
0.0462383
0.0381164
0.041355
0.035722
0.0394586
0.0419278
0.0424314
0.0389455
0.0326422
0.0388711
0.0358326
0.0366946
0.0372301
0.0385766
0.0403502
0.0475823
0.0309629
0.04427
0.0366858
0.034825
0.0389442
0.0436945
0.0446531
0.0447445
0.043978
0.0529108
0.053529
0.0685299
0.101343
0.142357
0.283105
0.450987
0.527973
0.545449
0.524819
0.443168
0.277035
0.144493
0.0961142
0.0762004
0.0631295
0.0642284
0.0629008
0.0592214
0.0607977
0.0612154
0.0583104
0.057889
0.063659
0.061273
0.0585627
0.0590306
0.053151
0.0551841
0.0561145
0.0626705
0.0575433
0.0570928
0.0576571
0.0539199
0.0544712
0.0512088
0.0509853
0.0463503
0.0525973
0.0435109
0.0426283
0.0538993
0.0487378
0.0381621
0.0448806
0.0454351
0.0518494
0.0515273
0.0470343
0.0514944
0.0516895
0.0501178
0.0542534
0.0576411
0.0612106
0.0505933
0.0544421
0.0523564
0.0539023
0.0579482
0.051784
0.0551551
0.0600207
0.0518225
0.0550135
0.0541697
0.0537855
0.0583541
0.05252
0.0641093
0.0604892
0.0528376
0.0568544
0.0537604
0.0566708
0.0507526
0.054135
0.0558579
0.0523252
0.0471507
0.0430461
0.0501164
0.0508242
0.0520074
0.0479197
0.0571315
0.0547895
0.0554906
0.0617677
0.0543486
0.0500404
0.0511812
0.0538543
0.0453773
0.0497735
0.054897
0.0558042
0.0481925
0.054247
0.0526949
0.0575142
0.0532018
0.0522966
0.0582578
0.0638936
0.0601772
0.0650736
0.0530978
0.0559504
0.0645001
0.0588586
0.0518872
0.0519128
0.0525572
0.078404
0.0680152
0.0587128
0.08627
0.068074
0.0726255
0.0983879
0.0622966
0.0779475
0.067601
0.0646549
0.079771
0.0648344
0.0744962
0.0595141
0.0775176
0.0750328
0.065742
0.0816659
0.0701059
0.0624151
0.0757349
0.0738903
0.0768227
0.078081
0.0754138
0.076361
0.072121
0.0729094
0.0801386
0.0869828
0.070545
0.088784
0.087783
0.0786995
0.0723896
0.0778815
0.0954407
0.0712493
0.0908862
0.072717
0.0636995
0.0814094
0.0824357
0.0944723
0.0726751
0.11254
0.133035
0.0830405
0.0943488
0.129253
0.0977019
0.0842665
0.0797468
0.107384
0.0873628
0.101836
0.102455
0.122588
0.124694
0.0699767
0.104188
0.105919
0.124394
0.122989
0.131524
0.134731
0.143972
0.155536
0.139416
0.114668
0.103867
0.128305
0.0943505
0.11224
0.106817
0.109312
0.0974158
0.117125
0.132721
0.105494
0.106422
0.0992465
0.101244
0.0898089
0.0905256
0.114005
0.0867607
0.0991466
0.102217
0.0713961
0.110704
0.101305
0.101007
0.0929885
0.0975681
0.0860395
0.0940542
0.0934946
0.117569
0.102429
0.066022
0.0624566
0.0835529
0.0800447
0.0605011
0.0910166
0.0964837
0.101762
0.113646
0.112191
0.121332
0.104879
0.109418
0.109083
0.0993592
0.0948365
0.0945533
0.0862518
0.0813773
0.0719207
0.0559232
0.0817422
0.0691802
0.0718903
0.0700002
0.0582031
0.0706715
0.0525856
0.0624227
0.0623619
0.0590408
0.0632063
0.0691055
0.0722285
0.0868967
0.09849
0.0933981
0.087946
0.116409
0.108188
0.135345
0.118329
0.146726
0.152315
0.165277
0.181294
0.198805
0.203902
0.194251
0.206676
0.163152
0.111608
0.0682026
0.0668644
0.071344
0.0532939
0.05231
0.0701695
0.0597522
0.0545226
0.0411863
0.0554796
0.0742391
0.0646437
0.0528493
0.0593037
0.0530211
0.0694413
0.0623677
0.0677067
0.0406391
0.0463497
0.0606476
0.0694195
0.064701
0.0558348
0.0601571
0.0613647
0.0571032
0.0630122
0.0595502
0.0569139
0.0534172
0.0548929
0.0520794
0.0577395
0.0636853
0.0435221
0.0506
0.0512473
0.0586509
0.0625656
0.0614501
0.0561262
0.0623784
0.055461
0.0464283
0.0620016
0.0590973
0.0566531
0.0590457
0.061978
0.0578425
0.0745719
0.0639989
0.059217
0.0547055
0.0683314
0.0530957
0.0641065
0.0485565
0.0432682
0.0526526
0.0459596
0.0487626
0.0495193
0.0422552
0.0508031
0.0593142
0.0445133
0.04488
0.0485941
0.0540547
0.0584202
0.0577547
0.0593648
0.0565461
0.0516605
0.0584497
0.0500386
0.0521077
0.0547674
0.0589628
0.0522225
0.0533849
0.0488836
0.0452992
0.0572829
0.0501604
0.0505004
0.0506044
0.0489152
0.0510166
0.0583931
0.0565111
0.0536695
0.0580846
0.0515407
0.0596359
0.0596493
0.0584741
0.0628021
0.0613982
0.0733916
0.0610753
0.0736096
0.0699726
0.0770723
0.0815007
0.0815191
0.101033
0.0881275
0.0955936
0.092253
0.101829
0.0884007
0.0788219
0.0633526
0.0527633
0.0570518
0.045917
0.0477975
0.0389315
0.0533731
0.0406002
0.0421973
0.0482011
0.0514704
0.047079
0.0457128
0.0471102
0.0528668
0.0382116
0.0578111
0.0529793
0.0563245
0.0583683
0.0553173
0.0559106
0.0674608
0.0688635
0.0685177
0.0773564
0.0792237
0.0873882
0.0898852
0.0914818
0.0937452
0.112216
0.120665
0.129911
0.133231
0.140892
0.145037
0.134525
0.130452
0.122703
0.121109
0.107992
0.0988266
0.0860763
0.0889054
0.0809778
0.0691578
0.0651248
0.0701058
0.0620244
0.0663148
0.0700842
0.0729348
0.0785134
0.0778885
0.0776362
0.0678406
0.0742182
0.0835956
0.0831465
0.0922835
0.079544
0.0895573
0.0862229
0.0914658
0.0925265
0.0908573
0.105031
0.0995292
0.106316
0.111272
0.118411
0.121187
0.13065
0.135467
0.141856
0.147418
0.157217
0.15888
0.168209
0.164067
0.145091
0.138773
0.130412
0.116672
0.108096
0.100577
0.0887611
0.0840624
0.0798775
0.0852148
0.0851882
0.0924891
0.0869936
0.0929404
0.0773194
0.0876733
0.083123
0.0916814
0.0759751
0.0686314
0.0660292
0.0657478
0.0776731
0.0649902
0.0701403
0.0730645
0.0620863
0.0729817
0.0604426
0.0693786
0.0671656
0.0679319
0.0736491
0.0629348
0.0749456
0.074391
0.0742042
0.0762268
0.0681755
0.0649307
0.078455
0.0683619
0.0709791
0.0769911
0.0800649
0.0759376
0.0711795
0.0676859
0.0763819
0.0776684
0.0726659
0.077335
0.0697712
0.0774138
0.0729183
0.0740193
0.0757796
0.0836438
0.0654055
0.0730229
0.074408
0.0726465
0.0760958
0.0715963
0.0707117
0.0892304
0.0843978
0.0836319
0.0858888
0.082009
0.0829494
0.0889406
0.0935898
0.0905654
0.0849499
0.0898452
0.0900727
0.0905063
0.0884178
0.100208
0.106419
0.103481
0.113167
0.111932
0.124574
0.111991
0.131033
0.145255
0.121311
0.113885
0.143568
0.151874
0.140504
0.145646
0.149775
0.156026
0.148091
0.133459
0.137653
0.145837
0.116624
0.109113
0.128472
0.0997174
0.0807
0.111472
0.0925074
0.0959714
0.106185
0.119978
0.112296
0.103903
0.114679
0.131617
0.14104
0.151159
0.131248
0.145469
0.15262
0.129918
0.152571
0.141991
0.149841
0.137138
0.153593
0.144347
0.13744
0.12255
0.120225
0.121516
0.135095
0.133553
0.133532
0.14288
0.124645
0.121463
0.165369
0.128317
0.136582
0.134439
0.148121
0.139532
0.13494
0.112691
0.138313
0.147171
0.158035
0.164044
0.170128
0.162325
0.18239
0.170392
0.157313
0.176659
0.198109
0.17241
0.155918
0.174438
0.173002
0.174252
0.187327
0.184252
0.200852
0.192977
0.187175
0.203135
0.220281
0.20446
0.20171
0.200861
0.202056
0.192167
0.178122
0.190609
0.189337
0.183276
0.178466
0.144534
0.126536
0.116093
0.104479
0.121383
0.113343
0.100225
0.110075
0.106243
0.0944892
0.0775192
0.0894423
0.148967
0.135718
0.0867702
0.123084
0.136724
0.0918222
0.078883
0.094414
0.126199
0.143474
0.13277
0.130898
0.150282
0.143176
0.169349
0.190988
0.189145
0.180813
0.191757
0.166323
0.187334
0.191175
0.198552
0.203235
0.218572
0.221413
0.225653
0.2191
0.223297
0.237247
0.237688
0.249093
0.251579
0.238843
0.25275
0.253564
0.230248
0.241375
0.257687
0.226972
0.221368
0.229668
0.187751
0.191894
0.181501
0.160584
0.129022
0.131528
0.13307
0.118446
0.100985
0.135027
0.0995507
0.0809148
0.0801226
0.121087
0.097426
0.0847985
0.0983144
0.123235
0.0636548
0.111127
0.117715
0.0819353
0.114787
0.0865816
0.093377
0.128548
0.0768617
0.0950076
0.137421
0.130739
0.0994069
0.102606
0.127062
0.107098
0.128725
0.0857648
0.112304
0.132969
0.096801
0.0857335
0.07518
0.118277
0.115027
0.129889
0.131253
0.0966933
0.108269
0.106347
0.120182
0.144589
0.139789
0.145058
0.14878
0.135109
0.141726
0.150189
0.152358
0.0802332
0.147673
0.118579
0.122357
0.14282
0.113854
0.130521
0.137383
0.116526
0.13448
0.10399
0.152508
0.100139
0.105969
0.149413
0.140031
0.152429
0.121155
0.111167
0.138473
0.156436
0.141298
0.0946664
0.105683
0.104385
0.172961
0.0763063
0.111635
0.0625904
0.0932106
0.0883101
0.0635314
0.116869
0.147495
0.0987956
0.124256
0.0998882
0.0884369
0.100853
0.152185
0.0853484
0.113927
0.0816711
0.13767
0.117644
0.116787
0.130837
0.123858
0.114835
0.140861
0.153925
0.105844
0.117999
0.12796
0.127398
0.128928
0.133648
0.13801
0.126235
0.13326
0.129753
0.137218
0.157263
0.117104
0.15862
0.150837
0.11114
0.135126
0.171423
0.124585
0.161546
0.143202
0.115595
0.119481
0.138629
0.105175
0.177538
0.166494
0.109264
0.118404
0.100264
0.106917
0.100375
0.0710902
0.0516276
0.0885173
