0.12275
0.117558
0.124535
0.12934
0.137266
0.126837
0.139818
0.140096
0.131232
0.145714
0.14673
0.15226
0.148376
0.156372
0.160873
0.164376
0.168153
0.162266
0.157423
0.16409
0.16247
0.160038
0.165907
0.165513
0.166289
0.180946
0.18091
0.186532
0.190104
0.192376
0.194596
0.197208
0.199662
0.200311
0.203592
0.204948
0.207978
0.209464
0.207107
0.203075
0.187012
0.186304
0.193826
0.203041
0.208783
0.215659
0.215672
0.222463
0.228161
0.227021
0.224002
0.20855
0.198388
0.19635
0.196577
0.197473
0.21289
0.237717
0.240977
0.232084
0.211058
0.189954
0.159968
0.149662
0.133487
0.129044
0.11338
0.123903
0.116041
0.114977
0.106073
0.0998362
0.106282
0.10851
0.1038
0.103894
0.103648
0.110586
0.101034
0.11278
0.111787
0.111697
0.113693
0.111426
0.115733
0.114777
0.123653
0.122504
0.12179
0.127068
0.133004
0.135926
0.145734
0.15256
0.156482
0.165105
0.176269
0.185812
0.192984
0.201739
0.199445
0.200421
0.194796
0.18837
0.167544
0.161779
0.159896
0.152693
0.157956
0.162283
0.165046
0.166672
0.167948
0.173952
0.166138
0.177404
0.164039
0.152172
0.156416
0.157643
0.160395
0.157077
0.165263
0.165532
0.167408
0.180433
0.177424
0.183865
0.188459
0.193397
0.19268
0.196551
0.196066
0.1964
0.196745
0.197949
0.202973
0.209213
0.203869
0.192875
0.184387
0.169666
0.169901
0.156497
0.170406
0.17274
0.176079
0.183587
0.187531
0.194283
0.207407
0.216366
0.215807
0.224161
0.224784
0.226362
0.232591
0.233653
0.231555
0.233762
0.234894
0.238408
0.239145
0.226545
0.211486
0.180411
0.142294
0.125113
0.1145
0.101799
0.100426
0.099738
0.105057
0.0999415
0.106145
0.105987
0.110893
0.113323
0.115442
0.119915
0.12054
0.12816
0.122478
0.115976
0.12904
0.13012
0.11821
0.1169
0.116783
0.123628
0.120291
0.115293
0.122213
0.118965
0.124328
0.125773
0.131706
0.1228
0.114897
0.113246
0.105088
0.101328
0.090927
0.0935277
0.0893395
0.1025
0.108535
0.10739
0.122075
0.117966
0.125446
0.128752
0.132784
0.143974
0.142515
0.146218
0.147465
0.149971
0.157109
0.155857
0.152632
0.161852
0.153224
0.150389
0.133387
0.12511
0.122838
0.125177
0.11469
0.119804
0.130526
0.131358
0.128595
0.13418
0.137974
0.155023
0.164845
0.155908
0.170053
0.169589
0.172853
0.178493
0.189998
0.187584
0.193594
0.198635
0.197162
0.20419
0.201543
0.205101
0.213654
0.211255
0.204738
0.214106
0.214125
0.198892
0.160364
0.141774
0.139911
0.136977
0.125927
0.122701
0.131533
0.140864
0.140647
0.142154
0.142838
0.151242
0.160423
0.164268
0.175057
0.17756
0.180208
0.185358
0.184266
0.195767
0.194039
0.197559
0.193968
0.189249
0.179411
0.17413
0.148539
0.132756
0.114402
0.119245
0.120852
0.121974
0.119089
0.122447
0.131966
0.127107
0.123533
0.137716
0.139384
0.133267
0.131034
0.13538
0.123486
0.134703
0.133586
0.139052
0.125738
0.123513
0.112493
0.12166
0.119971
0.124188
0.122455
0.122023
0.123861
0.128751
0.12116
0.123288
0.125732
0.108725
0.113131
0.101006
0.108708
0.0971782
0.0928333
0.0962976
0.115203
0.107332
0.0950379
0.102797
0.111417
0.103979
0.10881
0.114904
0.106572
0.116842
0.120025
0.127671
0.123969
0.132828
0.1389
0.134625
0.136657
0.1421
0.154222
0.154398
0.156997
0.142316
0.138146
0.131564
0.136755
0.114573
0.112987
0.10305
0.108326
0.114199
0.112558
0.0969883
0.0968925
0.106465
0.117572
0.123757
0.124242
0.119772
0.117436
0.125022
0.117028
0.115118
0.125026
0.126132
0.13595
0.143392
0.151451
0.157564
0.158933
0.168314
0.173905
0.179211
0.181313
0.178235
0.170589
0.177504
0.153712
0.142882
0.120775
0.10579
0.103232
0.092233
0.0912007
0.104738
0.091746
0.104651
0.107291
0.0991702
0.114769
0.11823
0.120499
0.107373
0.102318
0.105106
0.101896
0.118812
0.121601
0.111998
0.108321
0.108684
0.102939
0.112128
0.128549
0.114902
0.129403
0.126982
0.139515
0.150347
0.162297
0.173704
0.185981
0.187108
0.197448
0.185468
0.189112
0.173193
0.165517
0.141561
0.150238
0.140002
0.164074
0.155829
0.15025
0.136764
0.131297
0.144823
0.144573
0.145205
0.150004
0.161672
0.150274
0.147792
0.146386
0.146652
0.138371
0.13762
0.123282
0.129531
0.132909
0.1272
0.131352
0.120368
0.112117
0.131049
0.140285
0.128187
0.146702
0.130426
0.111892
0.113322
0.131372
0.109303
0.101798
0.137762
0.12419
0.131026
0.131207
0.119101
0.139999
0.138983
0.141117
0.156954
0.140129
0.137917
0.131305
0.146575
0.153473
0.152838
0.164672
0.148822
0.156019
0.152819
0.180365
0.165016
0.17403
0.183052
0.175513
0.192846
0.215548
0.220331
0.224531
0.229529
0.228066
0.198954
0.178796
0.143264
0.145988
0.14528
0.141142
0.151385
0.20418
0.224623
0.279237
0.292386
0.349989
0.337199
0.3144
0.251787
0.204534
0.153692
0.120796
0.119662
0.134788
0.120811
0.11646
0.118425
0.13059
0.126655
0.153802
0.141741
0.131605
0.136183
0.125132
0.139103
0.128883
0.129834
0.135003
0.149253
0.148566
0.152316
0.13293
0.10918
0.115279
0.116505
0.0946484
0.104637
0.102312
0.095885
0.113707
0.102059
0.0982277
0.106007
0.0785082
0.0905943
0.0906838
0.0946862
0.105706
0.089414
0.113884
0.104295
0.120574
0.106172
0.110772
0.12592
0.115021
0.122259
0.129247
0.117402
0.10831
0.131327
0.099154
0.11251
0.133317
0.108585
0.108437
0.111274
0.104471
0.0838571
0.116111
0.109504
0.101118
0.11776
0.122965
0.127187
0.121394
0.124006
0.135218
0.14505
0.12063
0.100414
0.097696
0.124477
0.0974615
0.112749
0.0952862
0.114101
0.113273
0.128484
0.113456
0.11859
0.122168
0.111575
0.121478
0.120844
0.138426
0.11899
0.118997
0.133245
0.124535
0.120155
0.10835
0.0935001
0.117519
0.103902
0.118492
0.0950262
0.0985526
0.0979765
0.0914487
0.0908613
0.0817031
0.0812004
0.108005
0.0823712
0.104148
0.10135
0.100894
0.0941617
0.0894179
0.0823538
0.0794879
0.0917019
0.0905977
0.0857706
0.0808665
0.0772845
0.0820728
0.0811838
0.0839113
0.0746148
0.0707629
0.0760913
0.0709106
0.0646744
0.0825541
0.0783075
0.0769044
0.0830166
0.0966765
0.0938736
0.0955342
0.106058
0.116502
0.116186
0.100857
0.0975166
0.0914539
0.0768594
0.062115
0.0505804
0.0707399
0.0544465
0.0595295
0.063219
0.0715514
0.0953407
0.0983177
0.10272
0.0722779
0.105512
0.10206
0.0939216
0.0838352
0.102935
0.0991286
0.0942892
0.0780206
0.090536
0.108395
0.0978993
0.111762
0.133889
0.0984542
0.125182
0.123257
0.125484
0.119185
0.114409
0.120868
0.106781
0.0942459
0.0907435
0.0929345
0.116879
0.111219
0.107888
0.11758
0.108245
0.114063
0.105126
0.102604
0.111646
0.119157
0.132551
0.111227
0.110547
0.0858214
0.0945723
0.101545
0.0901155
0.108464
0.0799912
0.0912425
0.093024
0.0751117
0.0742779
0.0624773
0.0769945
0.0692907
0.0648341
0.0616062
0.0492675
0.0573302
0.0688105
0.0640783
0.0498361
0.0508545
0.0412123
0.042898
0.0433491
0.0606452
0.0492929
0.0562477
0.055336
0.0507336
0.0459158
0.0356531
0.0360567
0.0488832
0.044397
0.0346947
0.0273162
0.0448224
0.0351977
0.0571302
0.0512809
0.0478739
0.0483866
0.0372606
0.0424566
0.0387363
0.0559313
0.0464324
0.047765
0.0348497
0.0599398
0.0501356
0.0439424
0.0529851
0.0512754
0.0632841
0.0547261
0.0381187
0.0434247
0.0467731
0.0509494
0.0411211
0.0397048
0.0450188
0.0360583
0.0212952
0.0203106
0.0289379
0.0238061
0.0381816
0.0474124
0.044882
0.0460018
0.0391728
0.0507036
0.0356403
0.0665695
0.0361474
0.0366525
0.0343966
0.035328
0.0412244
0.0418368
0.0369497
0.0433165
0.0351106
0.0489347
0.0410068
0.0514998
0.0515949
0.0613734
0.0540671
0.079966
0.0481601
0.0763868
0.0680829
0.0770172
0.0659699
0.0710437
0.076499
0.0806921
0.0722543
0.0740237
0.104339
0.0827403
0.0827784
0.0833423
0.0883385
0.0830848
0.0874712
0.113183
0.0873759
0.0848865
0.121425
0.106173
0.09041
0.0973809
0.124988
0.117671
0.133555
0.145624
0.142108
0.141494
0.137989
0.121499
0.113803
0.0991895
0.0841586
0.0839791
0.0879155
0.112447
0.103177
0.112025
0.0802608
0.122692
0.095046
0.112316
0.109842
0.127444
0.120633
0.110966
0.131655
0.10748
0.112752
0.10594
0.107106
0.1235
0.112823
0.106823
0.153602
0.153349
0.157131
0.152758
0.153766
0.142906
0.113865
0.126029
0.110303
0.103917
0.0845244
0.0824848
0.0852966
0.0757002
0.0590106
0.0952687
0.0640723
0.051863
0.0474237
0.0374477
0.036388
0.0248552
0.018916
0.0174168
0.020958
0.0139921
0.00906657
0.00966425
0.0173597
0.0137638
0.0108153
0.0094376
0.0131979
0.0155212
0.00665577
0.00911749
0.0173511
0.0224781
0.0207011
0.0269858
0.0148721
0.0132576
0.00829576
0.0138045
0.00640569
0.00286741
0.0071884
0.00628474
0.0121024
0.00771968
0.0045277
0.00178475
0.00502096
0.00598213
0.00647818
0.000469386
0
0.00887584
0.0101239
0.0118186
0.0128432
0.0123256
0.010984
0.00957375
0.0138558
0.00619355
0.00723089
0.00790658
0.0138644
0.0137131
0.00841497
0.0124097
0.0182949
0.0111992
0.0165386
0.0125826
0.0181871
0.0108774
0.0116371
0.0156038
0.0192
0.0227165
0.0153444
0.0191774
0.0291319
0.0247357
0.0161951
0.0172666
0.0174821
0.0193536
0.0114575
0.0169014
0.0175259
0.0249627
0.0262557
0.014072
0.0140801
0.0113622
0.0203387
0.0182516
0.0221913
0.0251437
0.0259557
0.0248881
0.0235701
0.0265125
0.0165358
0.0155903
0.0198789
0.0176446
0.0197941
0.0156791
0.0207857
0.0180405
0.0186948
0.0102686
0.0076443
0.0175152
0.0169989
0.0222733
0.0142281
0.0172864
0.0163123
0.0138004
0.0282601
0.0294063
0.0330953
0.0243802
0.0337337
0.0321505
0.0355918
0.041181
0.0266577
0.0348607
0.0330082
0.0359174
0.0390833
0.0301419
0.0392356
0.0380372
0.0374483
0.0362827
0.0317383
0.0444516
0.0445726
0.0408364
0.0444706
0.0512895
0.0562516
0.0570909
0.0599243
0.0580973
0.0695383
0.0628021
0.0606956
0.0692412
0.0582141
0.0579095
0.0586849
0.0645857
0.0504154
0.0489392
0.0585664
0.0623976
0.0536843
0.0570618
0.0673789
0.0656722
0.0565678
0.0602352
0.0674665
0.0710285
0.0683582
0.092505
0.0708244
0.0889196
0.0697677
0.0614496
0.0771106
0.0545842
0.0647413
0.0519205
0.0493999
0.0581096
0.0542603
0.0629831
0.0465751
0.0521752
0.058127
0.0561415
0.0576931
0.0538436
0.0542277
0.0609251
0.0541669
0.0532523
0.0540215
0.0483
0.0441644
0.0670586
0.0561905
0.0477739
0.0426669
0.0392082
0.034039
0.0356988
0.0379611
0.0361794
0.0429205
0.0494655
0.0431596
0.0290018
0.0405261
0.0262545
0.0185375
0.0471445
0.0364643
0.0405993
0.0210338
0.0287732
0.0292934
0.0338288
0.0400837
0.0450075
0.0357112
0.036507
0.0415257
0.0349095
0.0236048
0.020473
0.0173876
0.0177634
0.0253875
0.0246916
0.00964472
0.0179656
0.00679235
0.018431
0.00857969
0.0154892
0.0117914
0.00977086
0.00181062
0.0219137
0.00460435
0.00823186
0.0134442
0.0157397
0.0184438
0.0129341
0.0239896
0.0232723
0.0329224
0.0293597
0.0413589
0.0318121
0.0455213
0.0346356
0.0239887
0.034527
0.0256935
0.0172409
0.0249253
0.0287104
0.0108312
0.0165127
0.0170847
0.0155975
0.0202911
0.0172582
0.0158639
0.0160837
0.0123864
0.0108387
0.0125322
0.00839477
0.0150452
0.0115523
0.00238209
0.0172164
0.00961407
0.0187641
0.0290904
0.0122536
0.00683499
0.0266456
0.021009
0.0136513
0.0201262
0.0256037
0.00946542
0.0268399
0.0129912
0.00962153
0.0074467
0.00878535
0.0198813
0.0164916
0.0158453
0.0177461
0.0123091
0.0135244
0.0140451
0.0189711
0.0198272
0.00808567
0.0186344
0.0177819
0.020313
0.0215745
0.0324141
0.0212681
0.0185099
0.0328408
0.0192978
0.0307325
0.026852
0.0311826
0.0144672
0.0264937
0.0180016
0.0234235
0.0250106
0.0226279
0.0156699
0.015868
0.0150888
0.0105984
0.00461213
0.0163556
0.0135225
0.0109828
0.00725841
0.0146571
0.015608
0.0175096
0.0171862
0.0103379
0.0165662
0.0174649
0.010381
0.0201148
0.024889
0.0160473
0.0145898
0.0312739
0.028476
0.0317873
0.0354861
0.0397283
0.0216953
0.0134955
0.0255831
0.0247241
0.0300816
0.0324948
0.0176375
0.0248826
0.0239946
0.0254001
0.0206211
0.0190304
0.0301255
0.0288645
0.0288624
0.0205984
0.0322539
0.0269172
0.0219884
0.0325904
0.0317169
0.0240079
0.0254908
0.0287633
0.0356411
0.0420306
0.0458357
0.0782511
0.120606
0.236247
0.391213
0.459291
0.470088
0.451851
0.379957
0.235453
0.117787
0.0733675
0.0502668
0.0444739
0.0502086
0.0378472
0.0467811
0.0407089
0.039566
0.0402198
0.0359326
0.0342139
0.0442795
0.0411658
0.0355475
0.0373821
0.0375248
0.0368729
0.0365697
0.0364218
0.0349513
0.038142
0.0336328
0.0366054
0.0318867
0.0376461
0.036151
0.0436049
0.0402112
0.0303739
0.0362414
0.0415436
0.0249203
0.0415084
0.0348563
0.0347013
0.0315696
0.0345133
0.0283809
0.0315701
0.0309287
0.0368109
0.0347688
0.0361275
0.0411267
0.0371251
0.0319379
0.0386173
0.0351773
0.0350451
0.0329476
0.0395271
0.0357108
0.0427308
0.0373803
0.0341448
0.0430306
0.0399884
0.0419906
0.0413097
0.0314075
0.0379282
0.038489
0.0309558
0.0324207
0.0368597
0.0363809
0.0352893
0.0341032
0.0251736
0.0360596
0.0277252
0.032783
0.028952
0.0332265
0.0385928
0.0353363
0.0377438
0.0343346
0.0332418
0.0391341
0.0346007
0.0320593
0.0392674
0.0411972
0.0355546
0.028237
0.0403703
0.035154
0.0350121
0.0373151
0.036068
0.0419623
0.0458694
0.0380392
0.0372195
0.032333
0.0320328
0.0552586
0.0589222
0.0305502
0.0383766
0.0290127
0.0574041
0.0429042
0.0395766
0.0720796
0.0447641
0.0691455
0.0479513
0.0468769
0.0626671
0.0503845
0.0433741
0.0454659
0.0511611
0.0601962
0.0437988
0.0624246
0.0551334
0.0474476
0.0612338
0.056817
0.046777
0.0499423
0.0495882
0.04574
0.0633994
0.047848
0.0575906
0.0479524
0.0542588
0.0614521
0.0686745
0.0694384
0.0763306
0.0751754
0.0495662
0.0400306
0.0624507
0.0734382
0.0629791
0.0631043
0.0494314
0.0510938
0.0434508
0.076631
0.0752262
0.0666352
0.0625092
0.0802217
0.0582523
0.0634992
0.0884413
0.0674713
0.0571954
0.0671085
0.0619275
0.0745462
0.095802
0.0831154
0.0868127
0.0948539
0.0659799
0.0809267
0.081834
0.0904046
0.0907327
0.100278
0.0854133
0.110834
0.134741
0.102354
0.0960495
0.0731258
0.0841998
0.0952038
0.0614001
0.0715412
0.0813087
0.0847857
0.0987819
0.0698551
0.0910152
0.0790718
0.0584437
0.0802696
0.0729199
0.0768311
0.0686972
0.0590321
0.0455536
0.0613833
0.0500932
0.059117
0.0492309
0.0817106
0.0655172
0.0782599
0.0636918
0.086086
0.0782102
0.079352
0.0761439
0.0479312
0.0594843
0.0694098
0.0561517
0.0665038
0.0812886
0.0826001
0.0693085
0.0790482
0.0773216
0.0792969
0.0733409
0.080711
0.0978564
0.0890447
0.0588694
0.0495101
0.0432802
0.060237
0.0469843
0.0365815
0.0614376
0.0491179
0.0718915
0.0572722
0.0618415
0.0585002
0.0511348
0.0347875
0.0496391
0.0370949
0.0391741
0.0368519
0.0554313
0.0633389
0.0744935
0.0718127
0.0736525
0.0861129
0.0720076
0.091727
0.0877523
0.101943
0.119104
0.119611
0.139412
0.138592
0.146208
0.136003
0.143364
0.117108
0.0735349
0.0585959
0.0521876
0.0535565
0.0342712
0.0336937
0.0558128
0.0361018
0.0461156
0.0448516
0.053473
0.0604411
0.05023
0.049529
0.047038
0.0282222
0.0354355
0.0500074
0.0457783
0.0306175
0.0368919
0.047075
0.0421706
0.0415311
0.0454472
0.0416276
0.0445338
0.0411599
0.0397859
0.0308144
0.0435981
0.0359643
0.0356579
0.0326312
0.0366471
0.0497404
0.0331766
0.031633
0.0447174
0.0357195
0.0383566
0.0341788
0.0335035
0.0510721
0.0398639
0.0336121
0.0418353
0.0404387
0.0415954
0.047741
0.0472629
0.0372521
0.0496281
0.0569067
0.0404787
0.0427513
0.0498453
0.0323709
0.0395963
0.0304431
0.0298462
0.0239237
0.0362952
0.021501
0.0399621
0.0281868
0.0299739
0.0407758
0.0377423
0.0278234
0.0384134
0.0414517
0.0430605
0.034717
0.0341232
0.0416807
0.0374395
0.0400843
0.0431598
0.0352096
0.0386634
0.0380332
0.0356172
0.0356118
0.0347572
0.0321329
0.0344767
0.0355339
0.0278085
0.0388307
0.0362449
0.0314684
0.0438605
0.0395118
0.0329101
0.0443446
0.0357716
0.0416505
0.0418926
0.0339791
0.0366856
0.0457748
0.0591751
0.0408633
0.0552681
0.0525831
0.0631861
0.0575856
0.0694267
0.0758842
0.0747514
0.0750318
0.0764473
0.0743848
0.0774504
0.0665839
0.0564051
0.0413327
0.0303402
0.0250671
0.0346642
0.0252851
0.0360302
0.033881
0.0303627
0.0287747
0.0374174
0.0358896
0.0373149
0.0322297
0.0330819
0.0274842
0.0353431
0.0369159
0.0407264
0.0357037
0.0366221
0.0393153
0.0521743
0.0465854
0.0533792
0.0528499
0.0528262
0.061007
0.0629695
0.0667616
0.0689393
0.0844841
0.0852902
0.0881825
0.103679
0.0999234
0.10441
0.103472
0.0967229
0.0938947
0.0942789
0.0797077
0.0674525
0.0504974
0.06003
0.0593772
0.060331
0.0489062
0.0527715
0.0491615
0.0444946
0.0543828
0.0415725
0.0548448
0.0510805
0.0525387
0.0461252
0.0559382
0.0659076
0.0520662
0.0567888
0.0512741
0.0640816
0.0641571
0.0632539
0.0667882
0.0637738
0.0721527
0.069372
0.0684206
0.0753982
0.0791907
0.0859969
0.0875439
0.0954738
0.0997851
0.103367
0.107264
0.113863
0.115571
0.107645
0.104772
0.0998032
0.0888061
0.0812657
0.0806554
0.0695989
0.0560886
0.0650298
0.0527414
0.0649561
0.0597603
0.0561078
0.0633058
0.0593778
0.05691
0.0675084
0.0571021
0.0664578
0.0642605
0.0424562
0.0485377
0.0438088
0.0458373
0.0528806
0.0525017
0.0521782
0.048435
0.0419483
0.0402626
0.0501833
0.0412314
0.0448576
0.0599954
0.0425874
0.0564185
0.0529472
0.0464208
0.0518297
0.0499991
0.0484121
0.0469898
0.0382138
0.0501494
0.0488229
0.0504143
0.0537135
0.0458627
0.0452031
0.0553255
0.0524739
0.0474427
0.0533879
0.042705
0.046403
0.046391
0.0496233
0.0510448
0.0497221
0.0488211
0.0479526
0.0533474
0.0473705
0.0558343
0.05175
0.0534878
0.0518687
0.0609792
0.0598574
0.0697415
0.0683599
0.066533
0.0648926
0.0713169
0.0794873
0.0739403
0.0704664
0.0823397
0.0860885
0.0682214
0.0820082
0.0848088
0.0839297
0.0971964
0.0924195
0.0735171
0.08771
0.122132
0.105796
0.0946017
0.0870572
0.110551
0.107734
0.108815
0.0848992
0.0911241
0.10901
0.0930674
0.0973
0.104229
0.0887274
0.0761626
0.0740921
0.0910308
0.0774955
0.0696534
0.0727861
0.0641448
0.0621243
0.0730094
0.0913794
0.0846901
0.100776
0.0919339
0.109149
0.1041
0.107437
0.0967393
0.116523
0.128907
0.104406
0.106484
0.110712
0.104159
0.0977673
0.117557
0.119257
0.096649
0.106769
0.097542
0.095628
0.109749
0.111936
0.0692595
0.0899025
0.100258
0.118603
0.0909893
0.108628
0.143118
0.0798333
0.102329
0.097006
0.121948
0.101075
0.095952
0.118426
0.113107
0.112293
0.122372
0.0964294
0.129088
0.112124
0.145635
0.127066
0.134988
0.146583
0.125345
0.135489
0.124633
0.135219
0.143374
0.150556
0.138844
0.150677
0.141439
0.158979
0.159662
0.15546
0.156986
0.14473
0.157055
0.153046
0.147427
0.139917
0.150589
0.141122
0.125793
0.106052
0.114853
0.102139
0.060199
0.100538
0.0924663
0.0583013
0.0839266
0.0756423
0.0715522
0.0498677
0.0918018
0.0923611
0.0779523
0.0843755
0.0996582
0.110115
0.0863994
0.0727292
0.0460927
0.117816
0.0898237
0.0907723
0.0975765
0.0954735
0.129764
0.112159
0.136686
0.157647
0.166208
0.141928
0.149766
0.143711
0.111345
0.166166
0.151922
0.180949
0.187744
0.181574
0.161579
0.164765
0.204416
0.182029
0.187669
0.195801
0.173712
0.190687
0.181481
0.172309
0.157123
0.175164
0.155871
0.164814
0.169862
0.139109
0.112653
0.162818
0.139139
0.139577
0.101222
0.140511
0.122334
0.115238
0.0942537
0.0825222
0.0716527
0.0694553
0.105532
0.107425
0.0719266
0.0953345
0.0898828
0.0755223
0.110972
0.095771
0.105114
0.0596028
0.102465
0.0771658
0.124594
0.056553
0.0950078
0.102347
0.092326
0.0850097
0.125709
0.132301
0.119969
0.100158
0.114217
0.0972418
0.0668611
0.0918527
0.0958192
0.0677738
0.100094
0.112597
0.0792173
0.0843652
0.0913208
0.124139
0.161755
0.123833
0.142825
0.0925215
0.142632
0.120142
0.123229
0.143345
0.111583
0.116256
0.0816605
0.144301
0.114881
0.0857841
0.14719
0.11241
0.0993384
0.136875
0.0938812
0.11582
0.0754297
0.127035
0.13749
0.137779
0.113755
0.102208
0.112992
0.101476
0.107146
0.129237
0.168039
0.0935338
0.101665
0.0775619
0.061893
0.082853
0.0687981
0.0906417
0.07314
0.0827933
0.0802217
0.0482247
0.0962947
0.0867034
0.0763489
0.0802447
0.0784719
0.0793651
0.101815
0.137059
0.0786986
0.0996814
0.0538907
0.0857895
0.13378
0.0824804
0.126621
0.0870649
0.0890956
0.125809
0.103989
0.112864
0.075391
0.140979
0.108657
0.134346
0.0983239
0.0770139
0.116603
0.120764
0.122372
0.114761
0.170366
0.0844974
0.116612
0.131217
0.12757
0.107121
0.150119
0.127492
0.13307
0.108399
0.129088
0.10593
0.123199
0.122412
0.139163
0.128032
0.0948979
0.119585
0.103722
0.0790204
0.070952
0.0604979
0.059488
0.0835606
