0.181657
0.182226
0.190454
0.198881
0.201843
0.202041
0.20897
0.202975
0.213355
0.222451
0.224475
0.22734
0.230865
0.237101
0.250282
0.249648
0.256695
0.258317
0.260425
0.257738
0.263061
0.250467
0.260858
0.268507
0.276711
0.288903
0.294573
0.302795
0.304412
0.308753
0.318389
0.324752
0.327317
0.332323
0.335713
0.345083
0.346406
0.353648
0.347073
0.335234
0.326754
0.315457
0.32263
0.332532
0.345167
0.362894
0.366133
0.377661
0.37939
0.388342
0.373369
0.333694
0.316738
0.313661
0.31325
0.315194
0.336965
0.406687
0.418138
0.403438
0.369996
0.327434
0.266003
0.239345
0.218899
0.209894
0.194828
0.185078
0.171562
0.168384
0.156502
0.154414
0.148851
0.145056
0.140496
0.144345
0.142486
0.15117
0.149173
0.160861
0.166739
0.169811
0.167392
0.168008
0.176679
0.171464
0.17825
0.182448
0.186101
0.196
0.200903
0.211382
0.226373
0.237457
0.25591
0.280826
0.307206
0.326239
0.34192
0.358185
0.358559
0.354305
0.343884
0.320162
0.279457
0.255978
0.245495
0.234854
0.243031
0.252719
0.258153
0.261306
0.263163
0.268139
0.269623
0.272212
0.260007
0.252674
0.246664
0.25133
0.252736
0.254731
0.266533
0.275384
0.275862
0.287767
0.289379
0.296369
0.302762
0.31067
0.312525
0.319909
0.319903
0.315953
0.314613
0.317001
0.333054
0.34463
0.341778
0.333588
0.311764
0.282023
0.274546
0.273719
0.281732
0.29415
0.300222
0.30924
0.322021
0.329127
0.348661
0.36516
0.363639
0.375941
0.383871
0.386824
0.39276
0.393561
0.393073
0.393627
0.394856
0.403594
0.408378
0.389771
0.360645
0.298154
0.220913
0.179052
0.16149
0.144035
0.140523
0.131971
0.138965
0.132314
0.140732
0.143184
0.15451
0.159525
0.163827
0.172768
0.188165
0.195978
0.196309
0.191889
0.190306
0.189241
0.176793
0.174247
0.16982
0.167833
0.166026
0.161799
0.172231
0.173268
0.178728
0.180017
0.190618
0.185401
0.176022
0.176867
0.166808
0.159927
0.153794
0.143657
0.146086
0.156818
0.158513
0.164677
0.178181
0.183305
0.18812
0.196052
0.205443
0.212875
0.219416
0.22418
0.227
0.231793
0.238986
0.239667
0.244719
0.251845
0.245934
0.23819
0.218437
0.21009
0.199756
0.201872
0.202863
0.197213
0.200625
0.210526
0.213768
0.224807
0.231181
0.242655
0.257387
0.257314
0.272569
0.277961
0.290652
0.298607
0.307157
0.313928
0.316072
0.327432
0.328247
0.345008
0.346929
0.350256
0.363328
0.368399
0.370256
0.378457
0.37137
0.349485
0.286017
0.263447
0.230594
0.222873
0.220486
0.219716
0.22143
0.231965
0.243851
0.234644
0.253602
0.254324
0.257406
0.275651
0.274966
0.289292
0.291652
0.303919
0.307229
0.323582
0.315169
0.321049
0.318659
0.312144
0.294644
0.277865
0.236413
0.205634
0.173194
0.170675
0.165351
0.178928
0.182142
0.196034
0.202447
0.20009
0.209304
0.227412
0.222017
0.223171
0.216941
0.222586
0.214601
0.197994
0.193515
0.186178
0.189426
0.168963
0.164021
0.171112
0.168358
0.174696
0.175971
0.179364
0.184126
0.190165
0.183999
0.184978
0.183868
0.177584
0.169143
0.162053
0.170553
0.168587
0.16394
0.157284
0.180324
0.165982
0.161193
0.161317
0.172289
0.172805
0.171998
0.166324
0.17735
0.187104
0.191296
0.196719
0.19919
0.204132
0.215398
0.21352
0.220878
0.224874
0.234538
0.233181
0.248416
0.23819
0.235903
0.226053
0.224975
0.209666
0.217595
0.202334
0.187
0.18975
0.181903
0.173364
0.181332
0.200587
0.206405
0.20193
0.204748
0.200581
0.197021
0.203489
0.192579
0.20288
0.216032
0.21628
0.21715
0.225698
0.243427
0.24744
0.264136
0.275962
0.286129
0.298538
0.299147
0.294799
0.29255
0.294818
0.270526
0.241768
0.209507
0.182171
0.177337
0.156843
0.162
0.162613
0.15694
0.16619
0.179138
0.18493
0.182573
0.182623
0.190487
0.184121
0.169836
0.167351
0.166645
0.175229
0.184831
0.161316
0.147084
0.16092
0.159586
0.164161
0.171815
0.173095
0.189282
0.190391
0.215794
0.242855
0.269851
0.294271
0.317476
0.326791
0.337341
0.320208
0.318306
0.295666
0.274167
0.252059
0.248493
0.248485
0.250819
0.269674
0.272508
0.25776
0.239118
0.242056
0.245191
0.247831
0.24958
0.256769
0.247804
0.250311
0.235979
0.222756
0.206998
0.201895
0.194349
0.210131
0.204257
0.21757
0.217928
0.21229
0.203803
0.230168
0.208656
0.218357
0.218172
0.235507
0.208303
0.214652
0.222435
0.200841
0.190999
0.22111
0.199163
0.217275
0.220902
0.222743
0.221433
0.238657
0.220937
0.224042
0.230453
0.231721
0.222361
0.245022
0.242839
0.242535
0.245635
0.247612
0.249096
0.256476
0.273781
0.267586
0.290962
0.29437
0.303215
0.34352
0.372865
0.432011
0.445827
0.441976
0.416683
0.374496
0.345814
0.279609
0.255094
0.233719
0.22498
0.255196
0.314154
0.33591
0.40712
0.470339
0.502779
0.510589
0.467811
0.412282
0.324825
0.250844
0.219987
0.201725
0.212213
0.186444
0.199994
0.210116
0.207446
0.21354
0.208801
0.230471
0.220115
0.223068
0.199711
0.22503
0.224059
0.223841
0.2335
0.254193
0.241392
0.242807
0.231454
0.20041
0.19115
0.184388
0.152874
0.167795
0.167995
0.176313
0.178115
0.155082
0.144944
0.15741
0.119332
0.141012
0.149537
0.141105
0.148684
0.137083
0.149297
0.144937
0.156653
0.155821
0.175168
0.185366
0.187505
0.204924
0.210046
0.197438
0.175726
0.206811
0.202303
0.211475
0.201277
0.18308
0.197093
0.184623
0.185181
0.142712
0.187355
0.17786
0.180804
0.188216
0.208015
0.201472
0.203549
0.217057
0.219717
0.222342
0.195456
0.178704
0.172267
0.18518
0.153822
0.170776
0.158278
0.180449
0.167451
0.191058
0.179605
0.183423
0.185252
0.18866
0.18466
0.194653
0.20364
0.187196
0.203095
0.216349
0.231057
0.211618
0.183513
0.154759
0.173429
0.161152
0.174802
0.164399
0.17164
0.184299
0.157003
0.13697
0.133284
0.141682
0.148208
0.135219
0.145131
0.163237
0.155739
0.134173
0.146735
0.144953
0.149725
0.158067
0.145095
0.128129
0.141461
0.135597
0.136533
0.131917
0.115395
0.104022
0.098887
0.119664
0.112263
0.111706
0.121632
0.13866
0.138189
0.137839
0.157755
0.155884
0.170732
0.191775
0.196438
0.208646
0.198864
0.189593
0.149847
0.145497
0.11335
0.0951793
0.106903
0.094331
0.0968166
0.107721
0.114129
0.138149
0.154122
0.160953
0.146377
0.171508
0.169173
0.160647
0.133862
0.146717
0.174357
0.17636
0.142982
0.182925
0.191481
0.178615
0.185685
0.19004
0.187556
0.207971
0.18541
0.191239
0.191582
0.190379
0.166953
0.181946
0.175176
0.155218
0.199005
0.179722
0.176182
0.193068
0.190401
0.179838
0.165865
0.167331
0.176921
0.174228
0.169186
0.1946
0.191578
0.165937
0.153996
0.135393
0.152244
0.159551
0.148664
0.146528
0.130798
0.125375
0.102649
0.103491
0.105252
0.11042
0.0992052
0.104291
0.087653
0.0868278
0.100832
0.0997188
0.084725
0.0804414
0.0754902
0.0698798
0.0602247
0.0703612
0.0841392
0.0719561
0.0796313
0.0714993
0.0651651
0.060208
0.0580208
0.0597821
0.067784
0.0776507
0.057874
0.0524838
0.0506858
0.0654471
0.0714171
0.0852506
0.0737758
0.0737262
0.0627128
0.0662215
0.0644523
0.0677123
0.0666829
0.0794835
0.0690957
0.0810335
0.0750653
0.0862984
0.0666067
0.0720224
0.0847548
0.076078
0.0750342
0.0801669
0.0725391
0.0667026
0.0715485
0.0593479
0.0565444
0.0527174
0.0277996
0.0486937
0.0566039
0.0579442
0.0442562
0.0561176
0.0630268
0.0567696
0.0556802
0.0714597
0.0621743
0.0685015
0.0678604
0.0750725
0.0655553
0.0519662
0.0514072
0.0528391
0.0581871
0.0593844
0.0594467
0.0772563
0.0586423
0.0786255
0.0585737
0.0823311
0.100277
0.115112
0.107903
0.113354
0.119266
0.121586
0.119873
0.127225
0.123153
0.15173
0.140192
0.126073
0.154861
0.149642
0.140808
0.116471
0.129006
0.134871
0.1353
0.16852
0.167513
0.161239
0.192733
0.189363
0.17814
0.206703
0.217577
0.202818
0.231195
0.260413
0.275399
0.244769
0.241687
0.225807
0.193753
0.162364
0.159121
0.130814
0.144097
0.168964
0.16654
0.152747
0.141565
0.157811
0.169665
0.165994
0.197273
0.198691
0.198829
0.201001
0.189228
0.197779
0.208589
0.19929
0.165189
0.213744
0.195533
0.213112
0.238306
0.235196
0.257448
0.264558
0.239947
0.24446
0.198771
0.202976
0.195717
0.173475
0.168793
0.152188
0.13798
0.127896
0.109689
0.12091
0.0976094
0.0811116
0.0730275
0.0547158
0.0577968
0.0387088
0.0268778
0.0169938
0.0175649
0.0144717
0.0139755
0.0119164
0.0164104
0.0143857
0.00993908
0.015285
0.0152836
0.0154138
0.0150556
0.0157198
0.0153117
0.0211603
0.025658
0.0255079
0.0212558
0.0227725
0.0172301
0.0135421
0.00328033
0.00813856
0.00200142
0.00515637
0.00743904
0.00374058
0.00573461
0.00240393
0.000956548
0.00210431
0.00366524
0.00333719
0
0.00809676
0.014204
0.019943
0.0181795
0.0213849
0.0230154
0.0181095
0.0135792
0.011894
0.0147856
0.015473
0.0169933
0.0210454
0.0131478
0.0145448
0.0111351
0.0151144
0.0183866
0.0144968
0.0192641
0.0181227
0.0147479
0.0224826
0.026312
0.0251424
0.0345314
0.0316293
0.0405651
0.028475
0.0278988
0.0266184
0.0195418
0.0215953
0.0222014
0.0242269
0.0262199
0.0289617
0.0360585
0.0279305
0.0231849
0.0256572
0.027627
0.0327715
0.0311642
0.0326692
0.0414154
0.0460546
0.0398871
0.0411274
0.0272098
0.028889
0.0383887
0.0302124
0.0309424
0.0217046
0.026121
0.0361543
0.0286826
0.0282006
0.0293176
0.0289159
0.0277284
0.0299181
0.0310367
0.0266338
0.0238812
0.0292974
0.0438402
0.046063
0.0471571
0.05318
0.0588475
0.0587461
0.0588644
0.0652063
0.0599022
0.0577349
0.0678709
0.07094
0.0661605
0.0713941
0.0699633
0.0744262
0.0700831
0.0743882
0.0700637
0.0759038
0.0760404
0.074641
0.0858652
0.0953855
0.0962146
0.101683
0.110184
0.104161
0.104503
0.103373
0.116967
0.106506
0.105665
0.110121
0.108276
0.111502
0.111101
0.105865
0.108335
0.108559
0.109328
0.105714
0.108443
0.112891
0.107758
0.105408
0.118948
0.127498
0.12919
0.142684
0.140972
0.137639
0.13161
0.119725
0.105527
0.0995613
0.109589
0.105504
0.0917807
0.08905
0.0968296
0.101151
0.0908193
0.0860461
0.107393
0.108616
0.108146
0.0963682
0.0863043
0.103951
0.095566
0.0958676
0.0945374
0.0809309
0.0910976
0.0881363
0.081873
0.0867616
0.0699484
0.0704791
0.0670909
0.0702264
0.0622146
0.0616537
0.0588569
0.0646449
0.0482942
0.0637555
0.0653155
0.0416358
0.0447074
0.0563025
0.0496467
0.0635322
0.0384011
0.0436567
0.0491071
0.0499321
0.0491774
0.0566307
0.0442716
0.0613797
0.0541534
0.0550861
0.0444046
0.0340285
0.0372675
0.0179356
0.0218194
0.0287753
0.0074981
0.020024
0.00297247
0.0140465
0.0176425
0.00622498
0.0139887
0.017066
0.0154087
0.021659
0.0105956
0.00880951
0.0215505
0.0256593
0.0229367
0.0235879
0.03695
0.0402928
0.044614
0.0406202
0.0574885
0.0452818
0.0647761
0.0473109
0.0321046
0.0387695
0.0352138
0.029437
0.0323474
0.0312725
0.0169729
0.0254962
0.0188038
0.0210168
0.0236122
0.0210629
0.0231719
0.0225953
0.0168085
0.0198171
0.0126854
0.0141498
0.0147284
0.0194138
0.0162812
0.0189293
0.0131194
0.0263301
0.0312
0.0211138
0.0203422
0.0244018
0.0342459
0.016836
0.0251199
0.0244893
0.0216508
0.0236995
0.0201283
0.0175842
0.0208858
0.0188962
0.0189165
0.0149515
0.0164939
0.0211933
0.0133594
0.0199517
0.0168829
0.0238448
0.0231907
0.0185995
0.0194611
0.0227387
0.0272433
0.0341297
0.0382001
0.0322334
0.0434027
0.0448815
0.0325651
0.0398452
0.0312081
0.0349359
0.0309381
0.0376514
0.0259506
0.0251422
0.03431
0.0315026
0.0239872
0.0248926
0.0210815
0.0176869
0.0197074
0.0242368
0.0251564
0.0168556
0.019686
0.0176333
0.0291843
0.0220641
0.0239183
0.0229275
0.0279432
0.0263472
0.0238713
0.028754
0.0325677
0.0310784
0.0438606
0.0479734
0.0438423
0.0495054
0.0478803
0.0512765
0.0475072
0.044486
0.0437859
0.0518824
0.0463715
0.0466352
0.0454784
0.045798
0.0461922
0.040326
0.0471229
0.0391123
0.0449166
0.0499635
0.0490998
0.0442297
0.0519068
0.0480779
0.0382794
0.050459
0.0509336
0.0529352
0.0496962
0.0564423
0.0682427
0.0644981
0.0843812
0.116728
0.18526
0.365325
0.575103
0.677464
0.69877
0.669507
0.570516
0.35257
0.189907
0.118246
0.0908946
0.0740804
0.0844497
0.0717261
0.0736617
0.072739
0.0737674
0.0744139
0.0719689
0.0742349
0.0707448
0.0706408
0.0709237
0.0677262
0.0688437
0.0658421
0.0694575
0.0686854
0.0700906
0.0770955
0.0690567
0.0633015
0.0656948
0.0612846
0.0601752
0.0595287
0.0519113
0.0510937
0.0529905
0.0636774
0.0497294
0.0542649
0.0540538
0.0578755
0.056522
0.0597492
0.0613493
0.0641128
0.0621916
0.0616346
0.065571
0.0678932
0.0666755
0.0668779
0.0650128
0.0673369
0.07545
0.0706189
0.0670883
0.0672038
0.0656263
0.0704016
0.0736078
0.0721861
0.0728889
0.0674473
0.0721464
0.0704075
0.0628368
0.0740134
0.0608253
0.0599929
0.0588681
0.0655051
0.0638673
0.0659562
0.055227
0.059404
0.0706799
0.0616645
0.0581316
0.0635454
0.066023
0.0679664
0.0636174
0.0716216
0.0644126
0.0698405
0.0642644
0.0625246
0.0650715
0.061574
0.0694973
0.0629076
0.0608393
0.0728091
0.071705
0.0620978
0.0654334
0.0657486
0.0721605
0.0805755
0.0680277
0.0768606
0.0666586
0.079693
0.0707965
0.0712862
0.0738203
0.0752942
0.0613971
0.0786097
0.0862546
0.0739507
0.0896709
0.072783
0.0986609
0.0951854
0.085682
0.0888083
0.0873605
0.0850371
0.0913609
0.0852049
0.104545
0.0827481
0.0982151
0.0883
0.0781208
0.0914159
0.0935794
0.0819427
0.0910485
0.0942585
0.0959175
0.0948836
0.0917921
0.0850413
0.0865107
0.0894922
0.0995075
0.0880476
0.0972348
0.103133
0.0999531
0.0693506
0.0940619
0.0832721
0.0901783
0.0782188
0.0998312
0.0673169
0.0945199
0.0922852
0.101371
0.121191
0.118732
0.121371
0.128747
0.0971424
0.118722
0.133663
0.113706
0.105069
0.118569
0.128161
0.108056
0.117217
0.114018
0.134283
0.137575
0.135283
0.131953
0.117453
0.126717
0.131426
0.155908
0.15177
0.176199
0.172369
0.15669
0.131736
0.124041
0.122623
0.130862
0.129082
0.126216
0.129537
0.125836
0.118175
0.127787
0.106434
0.115244
0.109158
0.134987
0.123488
0.101036
0.122603
0.103918
0.10698
0.105678
0.116268
0.102716
0.112118
0.134362
0.102275
0.10083
0.0988874
0.111552
0.103327
0.120934
0.109407
0.0987871
0.0901542
0.102784
0.0751371
0.0853137
0.107303
0.110306
0.11025
0.129534
0.12723
0.116465
0.132659
0.135219
0.132479
0.127827
0.121795
0.102131
0.0720449
0.10191
0.0732189
0.0724461
0.0980432
0.0764577
0.0963594
0.0786439
0.0931875
0.0829482
0.0750454
0.0737228
0.0805992
0.0898377
0.0832693
0.0860964
0.0747804
0.0977701
0.105565
0.11571
0.118232
0.128347
0.134299
0.154259
0.153323
0.168384
0.182247
0.201473
0.216637
0.239696
0.24274
0.237926
0.235004
0.199096
0.135405
0.0882159
0.089619
0.0908682
0.0756623
0.0612043
0.0665977
0.0722794
0.0563508
0.0635499
0.0707343
0.0887353
0.0841804
0.0670709
0.0659814
0.0670432
0.0714756
0.0637421
0.0598961
0.073367
0.0619869
0.0796237
0.0779199
0.0728154
0.0681358
0.0644784
0.0748237
0.0643453
0.072513
0.0674496
0.0728707
0.0664153
0.0580257
0.0610221
0.0699303
0.0747861
0.0642802
0.0695533
0.0765596
0.0643061
0.0701981
0.0759413
0.0767662
0.0655334
0.0700898
0.0660382
0.0705764
0.0699709
0.0800943
0.0695732
0.0675764
0.0664791
0.068541
0.0709785
0.0771612
0.0624068
0.0851823
0.0617682
0.0652937
0.0518555
0.057492
0.063483
0.0594076
0.0563204
0.0590943
0.0591565
0.0546275
0.056068
0.0529928
0.0550451
0.0637913
0.0684921
0.0620225
0.0642938
0.0580986
0.0640289
0.0661961
0.0714082
0.0670243
0.0638232
0.0691458
0.0668509
0.0663228
0.0564755
0.0612603
0.0574704
0.0643684
0.0618721
0.0622659
0.068006
0.0590142
0.0616244
0.0726754
0.0669116
0.072642
0.0697906
0.0685045
0.0709605
0.0765315
0.0722642
0.0703001
0.0819963
0.079938
0.0793154
0.0899293
0.0915424
0.0915652
0.0953604
0.0968824
0.111871
0.114046
0.116335
0.116723
0.113071
0.115034
0.0996469
0.0849589
0.0725118
0.0680547
0.0555417
0.0587568
0.0584624
0.0553909
0.0514094
0.0516781
0.0541415
0.0608924
0.060839
0.064406
0.0568506
0.0583955
0.0561758
0.0684253
0.0643773
0.0645911
0.0710511
0.0690756
0.0737248
0.0860562
0.0828101
0.0852331
0.08872
0.0919309
0.0985828
0.101554
0.113896
0.119775
0.134089
0.145474
0.152377
0.161789
0.166425
0.166979
0.159557
0.161189
0.150773
0.139596
0.130575
0.113899
0.0974008
0.094933
0.0901472
0.0871793
0.0801115
0.0863684
0.0730415
0.0869141
0.0731466
0.087323
0.090069
0.0847307
0.090328
0.0790479
0.0952182
0.0900105
0.0906008
0.0933568
0.0910856
0.101927
0.106855
0.112105
0.110679
0.114576
0.120324
0.123099
0.132138
0.132203
0.137322
0.152332
0.154841
0.166397
0.17635
0.182731
0.193337
0.194297
0.199902
0.193899
0.180556
0.172009
0.163257
0.140444
0.134326
0.11943
0.111794
0.102782
0.103445
0.0987412
0.103253
0.0979858
0.100707
0.103857
0.101302
0.108965
0.0979788
0.102143
0.0986288
0.0864142
0.0816931
0.0781268
0.0766803
0.0881613
0.0914176
0.0769562
0.0841569
0.0786555
0.0899568
0.0815428
0.0751657
0.0715365
0.0853479
0.0889362
0.0905217
0.0804191
0.0870261
0.0895903
0.0884471
0.0856017
0.0832589
0.0814414
0.0857467
0.0889996
0.085797
0.0886873
0.0839824
0.0803418
0.0878093
0.0866344
0.0853672
0.0889498
0.0842399
0.0878255
0.0835612
0.0896638
0.0864736
0.091123
0.0843885
0.0910699
0.0912038
0.0760096
0.0913155
0.0909853
0.0818584
0.0946873
0.0961278
0.0932414
0.0947116
0.0860762
0.0889105
0.0876461
0.0947235
0.0873994
0.0932563
0.0841405
0.094144
0.100151
0.0884696
0.10399
0.110751
0.120394
0.134197
0.136074
0.126131
0.145215
0.156653
0.136331
0.150368
0.13801
0.172065
0.174062
0.178454
0.173369
0.182921
0.177717
0.181198
0.158174
0.153646
0.164983
0.1347
0.140209
0.147035
0.122943
0.105861
0.130593
0.102972
0.109856
0.112057
0.142696
0.128919
0.137168
0.151093
0.140391
0.14976
0.160754
0.153411
0.179258
0.176537
0.162743
0.183563
0.157209
0.167729
0.151967
0.160266
0.163983
0.14981
0.153209
0.153232
0.133569
0.145625
0.142857
0.125645
0.125775
0.134783
0.125667
0.155188
0.141491
0.156366
0.124333
0.135155
0.148094
0.168733
0.151527
0.167826
0.179223
0.168424
0.184882
0.174438
0.177142
0.20129
0.202828
0.191196
0.199616
0.202552
0.221878
0.200631
0.201772
0.210634
0.234351
0.216377
0.219552
0.227763
0.230132
0.223382
0.241914
0.250515
0.244314
0.249313
0.238977
0.233442
0.225506
0.236135
0.231462
0.221306
0.198902
0.207635
0.162114
0.175512
0.147566
0.110462
0.135398
0.133963
0.116545
0.116789
0.0982574
0.124266
0.102875
0.112067
0.136864
0.127906
0.134509
0.14251
0.130777
0.108543
0.0889941
0.10959
0.124039
0.160149
0.173731
0.145938
0.155884
0.149422
0.171437
0.197126
0.221232
0.227852
0.221503
0.230673
0.192162
0.215502
0.238731
0.240603
0.263166
0.253983
0.300594
0.269559
0.278369
0.272061
0.289195
0.291232
0.317954
0.305926
0.300543
0.303868
0.287057
0.258444
0.267969
0.273282
0.270136
0.269218
0.246805
0.201139
0.193309
0.17619
0.150383
0.171376
0.155633
0.145304
0.126988
0.134845
0.108101
0.0754932
0.0963872
0.128443
0.118353
0.0746444
0.0913266
0.128921
0.0666886
0.122884
0.110437
0.115568
0.116441
0.112336
0.110156
0.129988
0.102582
0.104854
0.113909
0.11172
0.124247
0.147477
0.154367
0.132298
0.110463
0.123669
0.123216
0.158721
0.153072
0.136108
0.0865297
0.122071
0.157174
0.149457
0.159667
0.14517
0.131179
0.158043
0.163541
0.12923
0.137099
0.126395
0.161895
0.148251
0.161291
0.170689
0.122387
0.0903674
0.137779
0.154399
0.146375
0.171013
0.150125
0.139628
0.155563
0.128854
0.150221
0.125452
0.141508
0.12304
0.135715
0.126288
0.148861
0.151383
0.135363
0.0875126
0.166008
0.176952
0.119241
0.10528
0.106157
0.105303
0.108474
0.0536109
0.0653546
0.0955927
0.156054
0.111862
0.0824971
0.134226
0.135232
0.0888093
0.122639
0.125979
0.0764316
0.0971914
0.0995936
0.0956346
0.10309
0.0820685
0.160691
0.187541
0.114316
0.150789
0.13846
0.080666
0.175363
0.147481
0.128953
0.145883
0.161158
0.150561
0.199515
0.151682
0.145624
0.133688
0.173687
0.136891
0.159691
0.162434
0.129169
0.163462
0.171326
0.180821
0.188454
0.185748
0.138603
0.137631
0.126979
0.141783
0.165373
0.157335
0.136634
0.17328
0.172021
0.116199
0.106289
0.117501
0.0854038
0.0882389
0.0859731
0.0769271
0.0697372
