0.125979
0.126797
0.132225
0.143339
0.145434
0.142337
0.141928
0.145855
0.145366
0.161673
0.155673
0.160427
0.156933
0.162435
0.169021
0.170718
0.173007
0.173041
0.17346
0.173035
0.17359
0.171661
0.168293
0.178865
0.178205
0.189519
0.193719
0.194236
0.200089
0.199847
0.207092
0.210662
0.209524
0.212304
0.216084
0.219778
0.220691
0.21812
0.22217
0.215905
0.198723
0.193319
0.210972
0.213836
0.220441
0.226118
0.228549
0.231294
0.240394
0.242629
0.236278
0.220318
0.209639
0.208219
0.208272
0.209247
0.225514
0.252444
0.253528
0.249612
0.22485
0.201169
0.16191
0.158207
0.137591
0.135818
0.124698
0.128725
0.116288
0.122052
0.121683
0.109108
0.118861
0.113712
0.115251
0.111521
0.10475
0.122045
0.110659
0.116017
0.124563
0.113642
0.117391
0.119224
0.123662
0.120536
0.12712
0.128015
0.133254
0.138505
0.143632
0.145439
0.152933
0.156256
0.16634
0.178849
0.188675
0.195845
0.203422
0.211202
0.210108
0.210154
0.207242
0.20062
0.180898
0.170524
0.172871
0.161701
0.170287
0.172495
0.176706
0.177299
0.178076
0.181339
0.182893
0.183411
0.178451
0.169891
0.160206
0.166444
0.167303
0.161314
0.175468
0.182372
0.178176
0.186218
0.184888
0.192565
0.19996
0.201333
0.202086
0.207645
0.208531
0.207825
0.207783
0.209511
0.21447
0.218017
0.214724
0.211404
0.194362
0.177876
0.17732
0.175618
0.173509
0.173898
0.181925
0.197045
0.203175
0.208535
0.215815
0.225122
0.227677
0.23283
0.236346
0.239653
0.245705
0.247473
0.245094
0.246988
0.249037
0.250841
0.250813
0.241956
0.225728
0.18892
0.148669
0.134195
0.118216
0.115221
0.109783
0.106955
0.111815
0.108595
0.109281
0.113117
0.12072
0.119006
0.120101
0.127379
0.127861
0.134021
0.13413
0.125869
0.135614
0.13148
0.125587
0.116975
0.124333
0.125877
0.121664
0.125623
0.133136
0.126694
0.131671
0.134013
0.141865
0.133123
0.122269
0.11747
0.117078
0.11737
0.0974109
0.10063
0.0950659
0.107658
0.103892
0.111374
0.123774
0.127684
0.130173
0.133609
0.145638
0.151432
0.152073
0.156231
0.155934
0.160507
0.167437
0.167524
0.164459
0.172061
0.162659
0.159068
0.143729
0.136893
0.126027
0.131782
0.122674
0.120833
0.125774
0.134795
0.133437
0.143319
0.143781
0.155922
0.166552
0.169179
0.177206
0.17358
0.183517
0.18694
0.195069
0.199189
0.201348
0.20516
0.210056
0.218292
0.215329
0.218336
0.227426
0.224268
0.219505
0.225092
0.218742
0.209851
0.166155
0.154102
0.150768
0.140243
0.132807
0.131174
0.146535
0.148827
0.15233
0.153089
0.15723
0.162667
0.163027
0.167213
0.18085
0.183742
0.187887
0.18858
0.195075
0.20494
0.201985
0.21064
0.200746
0.198836
0.192786
0.183777
0.154003
0.143633
0.11751
0.119359
0.12754
0.123509
0.128043
0.138568
0.133698
0.139776
0.142578
0.13611
0.138212
0.153149
0.141051
0.135899
0.139054
0.137021
0.132123
0.135899
0.130089
0.122336
0.119589
0.131484
0.129843
0.123581
0.131239
0.127414
0.130959
0.131375
0.137345
0.133292
0.110565
0.133259
0.114697
0.0951545
0.0956552
0.0931954
0.0958067
0.0882968
0.113269
0.105217
0.104215
0.104692
0.100062
0.119322
0.112632
0.119606
0.115265
0.119954
0.132446
0.139063
0.132628
0.134227
0.147842
0.146779
0.148517
0.150258
0.155556
0.162462
0.165426
0.152136
0.147275
0.133316
0.135211
0.121225
0.132447
0.12152
0.113256
0.126826
0.111924
0.112497
0.105802
0.117709
0.122921
0.128877
0.12425
0.126236
0.131348
0.124111
0.12472
0.122815
0.133933
0.133049
0.142904
0.151531
0.155846
0.163523
0.173619
0.175158
0.185955
0.195254
0.194074
0.187231
0.188107
0.18087
0.164828
0.154816
0.132994
0.113232
0.109614
0.0973671
0.103538
0.112482
0.101259
0.107851
0.118965
0.121511
0.114323
0.127742
0.116204
0.111833
0.117293
0.118093
0.109107
0.111467
0.11998
0.111456
0.111166
0.114343
0.110103
0.114658
0.126959
0.130677
0.132869
0.133272
0.141991
0.157238
0.179468
0.189688
0.19311
0.204658
0.207708
0.190799
0.188983
0.168589
0.17884
0.140652
0.154281
0.154275
0.171837
0.163698
0.162781
0.154671
0.14459
0.140691
0.156626
0.150334
0.150862
0.169053
0.158178
0.15714
0.151485
0.151737
0.145352
0.140342
0.138624
0.137723
0.134929
0.141368
0.142315
0.127179
0.127748
0.131556
0.142176
0.135674
0.138575
0.128219
0.115404
0.123494
0.147487
0.126357
0.120211
0.119873
0.106424
0.115428
0.132147
0.132258
0.12964
0.155116
0.144403
0.142794
0.133714
0.1301
0.142822
0.151049
0.153862
0.158745
0.16073
0.165862
0.165172
0.155928
0.179542
0.176628
0.187315
0.187169
0.182926
0.204501
0.208707
0.23726
0.246026
0.234795
0.229663
0.203616
0.188743
0.169036
0.142139
0.14305
0.130115
0.141741
0.197258
0.220604
0.27334
0.331276
0.346364
0.350528
0.314359
0.274275
0.218054
0.158378
0.120497
0.12964
0.135465
0.126791
0.121727
0.127763
0.11236
0.136778
0.151309
0.139774
0.131291
0.136433
0.137681
0.143371
0.151269
0.132966
0.146433
0.164078
0.166878
0.150176
0.142427
0.118202
0.116328
0.117508
0.103081
0.103827
0.108173
0.10359
0.11401
0.104424
0.0992851
0.103536
0.0931798
0.0949945
0.0927235
0.0940844
0.112804
0.0954417
0.107868
0.0989073
0.120484
0.109132
0.117359
0.120815
0.122871
0.128519
0.137508
0.112691
0.12302
0.120389
0.112265
0.121476
0.111405
0.107403
0.117585
0.100981
0.105121
0.085197
0.118783
0.106508
0.1073
0.100336
0.130839
0.132306
0.118481
0.134385
0.140134
0.127632
0.131835
0.1141
0.100907
0.115001
0.107121
0.110563
0.104322
0.121348
0.110024
0.137287
0.120867
0.122431
0.125738
0.132593
0.118671
0.138948
0.129906
0.115863
0.12239
0.132848
0.131239
0.122568
0.0995937
0.0853048
0.103885
0.096661
0.105092
0.114001
0.0956762
0.105761
0.0940448
0.0793887
0.0909116
0.0807942
0.0996998
0.0866689
0.0840956
0.0995663
0.105047
0.0871508
0.0825323
0.104623
0.0760746
0.105391
0.0873568
0.0756697
0.0835088
0.0776871
0.0964182
0.0921065
0.0781154
0.072727
0.071202
0.0856176
0.0701991
0.0630684
0.0769564
0.0889524
0.0780337
0.0845754
0.0960826
0.105208
0.108038
0.122528
0.109458
0.11639
0.104665
0.100607
0.0979348
0.0894105
0.069281
0.0638452
0.0745231
0.0508995
0.0639702
0.0729292
0.0634004
0.0813778
0.108374
0.108407
0.0949042
0.0983065
0.0987582
0.0986241
0.0937398
0.101317
0.111181
0.101283
0.105674
0.100633
0.0934198
0.0969612
0.111177
0.111893
0.111533
0.117627
0.103125
0.121673
0.115964
0.100316
0.110964
0.119424
0.103201
0.0809188
0.102123
0.104059
0.0974329
0.119202
0.113855
0.102327
0.108778
0.101909
0.106143
0.112546
0.10764
0.0978504
0.123426
0.11158
0.0929329
0.0973615
0.102211
0.107508
0.096323
0.0924946
0.0988318
0.101099
0.0681015
0.0792666
0.0758372
0.0784382
0.0735159
0.0714469
0.0531889
0.0575707
0.0635044
0.0635546
0.0622289
0.0496579
0.0446347
0.0427784
0.0418506
0.0432936
0.056482
0.0430867
0.052317
0.0496089
0.0394718
0.0464036
0.0394995
0.032467
0.0448439
0.0469437
0.0409116
0.04098
0.030058
0.0372608
0.0498518
0.0480702
0.0431839
0.0467343
0.0429437
0.042109
0.0403222
0.044888
0.0445942
0.0477042
0.0450431
0.0519576
0.0520525
0.0532057
0.0556328
0.0563417
0.0616683
0.0412056
0.0455002
0.061826
0.0508809
0.0475451
0.0555857
0.052462
0.0399011
0.0285993
0.023748
0.033091
0.0331975
0.036325
0.0254699
0.0471449
0.0364907
0.0446809
0.0498764
0.0539704
0.0308376
0.053378
0.055665
0.0400427
0.0414363
0.0194799
0.0356853
0.0315732
0.03912
0.0431107
0.0422894
0.0584361
0.039721
0.0526386
0.0372167
0.0425789
0.0593686
0.0542811
0.0756116
0.0672387
0.0544892
0.0590103
0.0664067
0.0791575
0.0774553
0.0942774
0.102746
0.0749656
0.0993486
0.0869906
0.0672215
0.091645
0.0821129
0.0771999
0.0850814
0.109671
0.0925936
0.0930578
0.118099
0.109344
0.112381
0.106984
0.120636
0.138725
0.138506
0.15059
0.139238
0.135662
0.145448
0.120186
0.125765
0.101813
0.0758949
0.0782151
0.0926336
0.107405
0.112104
0.101595
0.101379
0.0959
0.101206
0.106131
0.129705
0.10999
0.116531
0.106382
0.117314
0.156797
0.102757
0.101236
0.117928
0.116971
0.125684
0.104386
0.156068
0.157783
0.148035
0.148918
0.146078
0.124898
0.102804
0.131866
0.10111
0.104079
0.0896333
0.0977088
0.0600934
0.0787286
0.0673211
0.0618805
0.0610419
0.0512987
0.0515566
0.0388653
0.0389415
0.0305196
0.0199366
0.021087
0.0207824
0.0134053
0.0176091
0.0187299
0.0178822
0.0132303
0.00932459
0.0159642
0.0178732
0.016116
0.0145583
0.0135723
0.0177673
0.026323
0.0327896
0.0274077
0.0131193
0.00899194
0.0138694
0.0133796
0.0107554
0.00861529
0.00864927
0.00870516
0.0097423
0.0107752
0.00723139
0
0.00563853
0.0119185
0.00513217
0.0079969
0.00328499
0.0152811
0.0156607
0.0167995
0.0164162
0.0132211
0.0179861
0.0176358
0.00743115
0.00548746
0.0105534
0.0147766
0.0150089
0.0185413
0.0152442
0.019867
0.0173598
0.0152889
0.0191262
0.0125146
0.0212545
0.0140513
0.01651
0.017903
0.0268354
0.0218584
0.0245475
0.0284714
0.0291119
0.027963
0.0196111
0.0219827
0.0229945
0.0218178
0.0185395
0.0203972
0.0168665
0.0285868
0.0260141
0.0244653
0.0220404
0.0182624
0.0162776
0.0247594
0.0272805
0.0295467
0.0323771
0.0328755
0.0328599
0.0245833
0.0214345
0.0237251
0.0245833
0.0269434
0.0255075
0.0139923
0.0251391
0.019208
0.0212203
0.0192837
0.0125899
0.0149344
0.0183756
0.0152208
0.0208734
0.0185655
0.0216879
0.0180171
0.0273241
0.0294238
0.0298688
0.0340473
0.0451345
0.0316356
0.0396307
0.0357913
0.0326009
0.0402197
0.0499838
0.045633
0.0424763
0.0399074
0.0428001
0.0500614
0.0481599
0.0435906
0.0373041
0.0461696
0.0450786
0.0497494
0.0526746
0.0509609
0.0601515
0.0653463
0.0612342
0.0575637
0.0701047
0.0607978
0.0739065
0.0711182
0.0673274
0.0735381
0.0639887
0.0701798
0.0665114
0.0674655
0.0694417
0.0682971
0.0589199
0.0617961
0.0701776
0.0645487
0.0614017
0.0590154
0.0709977
0.0671635
0.069122
0.0860555
0.0937005
0.0844182
0.085304
0.0793403
0.0604408
0.0611316
0.073807
0.0525844
0.0577045
0.0630145
0.0596848
0.0563565
0.0569827
0.0455942
0.0685619
0.0630852
0.0626916
0.0597986
0.0494868
0.0669346
0.0550313
0.0553272
0.0670208
0.0633719
0.0475447
0.0512178
0.0516945
0.0688418
0.0404867
0.0442629
0.0443261
0.0402353
0.0391209
0.0375207
0.0486407
0.0435238
0.0438703
0.0376374
0.0389006
0.0294516
0.0232034
0.0396903
0.0382467
0.0341266
0.023313
0.024426
0.0354469
0.0382428
0.0455686
0.0324602
0.0272334
0.0439694
0.0305041
0.0232476
0.0241371
0.0151899
0.0414113
0.0213707
0.0289872
0.0235539
0.0122635
0.0200902
0.00336949
0.0162097
0.0132779
0.00819801
0.011224
0.00893333
0.0153131
0.015435
0.0105676
0.0148336
0.0223615
0.0163624
0.0182024
0.028897
0.0294345
0.0304195
0.0173784
0.0317225
0.0427032
0.0301193
0.029931
0.0378457
0.0186021
0.0311017
0.0200394
0.0163052
0.0296449
0.0247986
0.0148429
0.0213494
0.0166834
0.0169336
0.0227074
0.0205369
0.0118132
0.0301128
0.0207833
0.0204675
0.0136968
0.0180745
0.0201937
0.0146214
0.00725495
0.0244033
0.00986639
0.0220997
0.0151426
0.0153305
0.018379
0.0316062
0.02675
0.0186331
0.0203458
0.0149204
0.0139441
0.028619
0.0188414
0.012563
0.0182927
0.0132119
0.0137879
0.013935
0.0224508
0.0188129
0.0145824
0.0230866
0.0118998
0.0210203
0.0188505
0.01164
0.0217305
0.0218503
0.0285979
0.0172358
0.0270373
0.0218441
0.0354617
0.0339575
0.0347994
0.0248779
0.0240686
0.0304542
0.0216166
0.027957
0.018457
0.0114442
0.0280718
0.0211786
0.0169854
0.0180026
0.0199833
0.00909737
0.00843002
0.0184175
0.0143323
0.015341
0.00789049
0.0148465
0.0282186
0.0243365
0.0169486
0.0138517
0.0128495
0.0181318
0.0195299
0.0242811
0.018906
0.0190227
0.020422
0.0387057
0.0173746
0.0291272
0.0331293
0.0371034
0.0245617
0.0263239
0.0337473
0.0251349
0.032017
0.0312053
0.0303437
0.0240182
0.0305064
0.0296762
0.0315884
0.0216054
0.0303486
0.0282783
0.0331697
0.0243598
0.0394866
0.0244525
0.0277172
0.0332253
0.0329648
0.0282632
0.0348754
0.0361976
0.0408856
0.044432
0.0482174
0.0836261
0.122852
0.254592
0.406006
0.485757
0.49148
0.472363
0.397808
0.25408
0.128773
0.0800452
0.0595995
0.0511141
0.0521224
0.0443782
0.0491494
0.0458035
0.0502746
0.0466746
0.0417468
0.045986
0.0498204
0.038433
0.0409589
0.0404137
0.0403167
0.0406539
0.0417298
0.0392782
0.0404067
0.0437994
0.0417057
0.0355338
0.0465182
0.0348495
0.0359151
0.0448497
0.0370092
0.046373
0.0452889
0.0353962
0.0337288
0.0336027
0.0355927
0.0444417
0.038211
0.0398814
0.0365367
0.0441379
0.0333491
0.0391194
0.0402119
0.0439898
0.0426504
0.0455234
0.0417532
0.0419942
0.0440061
0.0451164
0.0455096
0.0377611
0.0420053
0.0452127
0.0427823
0.0428345
0.0504732
0.0435732
0.0506933
0.0451274
0.0398015
0.0513548
0.0372804
0.0359549
0.0367429
0.0521153
0.0477845
0.0299969
0.0339485
0.0371663
0.0449805
0.036898
0.0333157
0.0445259
0.0413979
0.0441754
0.0384128
0.0490785
0.0446991
0.0407786
0.0353784
0.0405564
0.0383006
0.0416326
0.044524
0.0358769
0.0356155
0.0430409
0.0416607
0.0408251
0.039537
0.0380757
0.0419407
0.0494799
0.0427048
0.0399447
0.0480469
0.0396755
0.0557143
0.0477007
0.0378747
0.0397145
0.0416137
0.0510363
0.0527501
0.0497404
0.0480648
0.0373788
0.0593147
0.0521957
0.046473
0.0562468
0.0600652
0.0471413
0.0555641
0.0523417
0.0691139
0.0341302
0.0600543
0.0595159
0.045008
0.0649364
0.0588498
0.0524956
0.0489517
0.0475041
0.0530393
0.0567668
0.0562226
0.068928
0.0557721
0.0722664
0.061112
0.0515818
0.0553691
0.0769788
0.0462795
0.0522684
0.0489789
0.053114
0.0592833
0.0560027
0.0563882
0.0749691
0.0435003
0.0835244
0.0858495
0.119721
0.0605302
0.0778274
0.104489
0.0439347
0.05726
0.0850273
0.102459
0.0805103
0.0590983
0.0638485
0.0675288
0.083079
0.0759882
0.092765
0.0802582
0.0707958
0.0717504
0.0894048
0.074451
0.083331
0.0879137
0.108284
0.11438
0.134169
0.104279
0.0810296
0.0681268
0.0868271
0.100279
0.0716601
0.0848129
0.0683109
0.0663863
0.0766308
0.0815181
0.0958962
0.0675914
0.0671344
0.09338
0.0756455
0.0831997
0.0720623
0.068831
0.0775891
0.0685338
0.0636552
0.0461031
0.0851916
0.0876154
0.0589822
0.0544186
0.0611178
0.0615036
0.0597262
0.0773371
0.0799689
0.0506519
0.0435996
0.0560954
0.0511222
0.0449709
0.0665322
0.0364656
0.0707476
0.0850284
0.0755164
0.075868
0.075527
0.0842805
0.0885647
0.0795679
0.0689876
0.0580587
0.0578115
0.0667313
0.0463206
0.0558992
0.0559729
0.053896
0.0729753
0.0478598
0.0509794
0.0504409
0.0551532
0.0484489
0.0530143
0.0606241
0.0522197
0.0574482
0.0632762
0.0584396
0.0693174
0.0658964
0.0555403
0.0891605
0.0760498
0.0987296
0.0984196
0.110485
0.106772
0.134517
0.141157
0.151707
0.155697
0.1455
0.155828
0.124795
0.0768671
0.0424925
0.0589275
0.0601953
0.0391086
0.0456192
0.0523458
0.0307765
0.027411
0.026082
0.0418878
0.0536878
0.0442279
0.0328668
0.0501886
0.0331565
0.0453835
0.0493881
0.0408429
0.0404298
0.0418344
0.0401571
0.0456804
0.047744
0.0445383
0.0373411
0.050771
0.0425643
0.0452267
0.0416222
0.0464279
0.0389413
0.0315347
0.0369066
0.0439007
0.0449407
0.0353139
0.0403919
0.0494614
0.0452099
0.0496132
0.0485835
0.0436752
0.0437908
0.0449108
0.0436503
0.0455389
0.0372327
0.04315
0.0330233
0.0413179
0.0439697
0.0429408
0.0466979
0.0437536
0.0399634
0.0497737
0.0341819
0.0410917
0.0424128
0.0286748
0.036072
0.0423732
0.0258353
0.0381216
0.035899
0.0343578
0.0414227
0.0436135
0.0450932
0.0385962
0.0460986
0.0466856
0.0392472
0.0393847
0.0448455
0.0460938
0.0468198
0.043972
0.0425209
0.0457171
0.041896
0.0410685
0.0434377
0.0424657
0.0367175
0.0444277
0.0439709
0.0416104
0.0415662
0.0403599
0.0385919
0.0443122
0.0439952
0.0391739
0.04574
0.0381508
0.0416694
0.0508429
0.0406418
0.052615
0.0560147
0.0554928
0.0497237
0.06236
0.0630125
0.0679633
0.068402
0.0711243
0.0786789
0.0789494
0.0845605
0.0798941
0.0783321
0.069924
0.0730174
0.0584835
0.0441389
0.0361534
0.0363713
0.0410257
0.0281011
0.0474455
0.0306769
0.0355796
0.0373052
0.0410182
0.0364877
0.0441422
0.0373843
0.0399943
0.0306588
0.0425917
0.0333785
0.0429352
0.0438961
0.0414639
0.0466125
0.054613
0.0573315
0.0587747
0.0591214
0.0677993
0.0654625
0.0665688
0.0749844
0.0807225
0.0872017
0.0965266
0.100168
0.105775
0.111647
0.105995
0.113122
0.10196
0.0963351
0.0911811
0.0786171
0.070834
0.0546018
0.0610331
0.0713889
0.0510575
0.0585548
0.0526701
0.0500291
0.0492887
0.058355
0.0577882
0.0561702
0.0630029
0.0560783
0.0467291
0.0591339
0.0628501
0.0604122
0.0587214
0.0586625
0.0612148
0.0720202
0.0676317
0.0722314
0.0685677
0.0801934
0.078386
0.0854621
0.0852923
0.0888978
0.0907041
0.0957422
0.0996132
0.11105
0.105922
0.118855
0.119633
0.128932
0.11719
0.107977
0.107644
0.0964484
0.087344
0.0818149
0.076779
0.0671044
0.0735448
0.064478
0.0577327
0.0573491
0.0626042
0.062941
0.0718274
0.0594929
0.0797233
0.0535813
0.0659791
0.0595939
0.0616041
0.0408044
0.0551371
0.0511492
0.0527662
0.0508395
0.053106
0.0510557
0.0504378
0.0376185
0.0574553
0.0612146
0.0390379
0.0605358
0.043895
0.0537693
0.0537515
0.052978
0.0574338
0.0479032
0.0530559
0.0524302
0.0532723
0.0501008
0.058103
0.0524633
0.0606079
0.0540147
0.052956
0.0593505
0.0529402
0.0503317
0.0590372
0.0531053
0.0546602
0.0523343
0.0583532
0.0536942
0.0553532
0.0457923
0.0551609
0.0507994
0.0438196
0.0607777
0.059506
0.0520323
0.0639603
0.0609904
0.073614
0.0783153
0.0703835
0.0761966
0.0793812
0.0820356
0.0729949
0.0775168
0.0751837
0.0835859
0.089893
0.0734536
0.0883157
0.0841222
0.085408
0.0822417
0.0978988
0.0805937
0.0886062
0.110012
0.102387
0.10246
0.0869653
0.0948208
0.107182
0.130288
0.0959612
0.0995093
0.113597
0.109647
0.105407
0.104444
0.109237
0.0760462
0.0743431
0.0951223
0.0800804
0.0636272
0.0903497
0.0671835
0.0789668
0.0869425
0.103884
0.0911693
0.0977704
0.0961796
0.0948075
0.101757
0.117754
0.108054
0.131017
0.119937
0.111183
0.124608
0.108919
0.113188
0.112866
0.122569
0.121344
0.0992139
0.102774
0.100105
0.106007
0.0838452
0.100998
0.112958
0.0955337
0.0640495
0.0938472
0.0984915
0.0979012
0.133928
0.0792669
0.114602
0.10234
0.10998
0.0969164
0.0931455
0.125327
0.127615
0.114781
0.0856996
0.127554
0.143837
0.118882
0.1462
0.138007
0.132498
0.130102
0.120406
0.12504
0.13215
0.144252
0.131515
0.145214
0.147197
0.152293
0.156357
0.163541
0.176575
0.15646
0.167536
0.163124
0.148399
0.161355
0.144146
0.162761
0.14671
0.133107
0.141509
0.118437
0.100393
0.0774517
0.0636155
0.0885636
0.105063
0.0577555
0.0910902
0.0353111
0.0849358
0.0321328
0.0526145
0.118045
0.105038
0.0710289
0.100949
0.111426
0.0896599
0.068094
0.0573792
0.0773312
0.0833829
0.105374
0.101237
0.100421
0.0919493
0.10822
0.125583
0.154854
0.13425
0.131788
0.132062
0.129374
0.125534
0.137815
0.14196
0.187507
0.159657
0.195307
0.165895
0.164815
0.1829
0.187019
0.171401
0.201308
0.184623
0.19706
0.179688
0.17126
0.171379
0.188037
0.168329
0.17281
0.173965
0.149042
0.127624
0.131497
0.125654
0.0949845
0.11444
0.117748
0.108858
0.101321
0.0992437
0.0775699
0.0606252
0.0547804
0.112336
0.113579
0.067572
0.0989448
0.104691
0.0477976
0.0990396
0.0809051
0.0686778
0.0764654
0.0795839
0.0607392
0.0986292
0.0731776
0.0748597
0.0962668
0.0877278
0.0234647
0.117857
0.141356
0.0888474
0.0701184
0.0924428
0.0271614
0.0983846
0.105793
0.0855572
0.0347339
0.105886
0.0797819
0.116035
0.0940076
0.09367
0.128123
0.0933884
0.0891044
0.0928394
0.111011
0.111156
0.12594
0.115926
0.132449
0.136229
0.0937287
0.0577149
0.135339
0.0737086
0.0964097
0.111364
0.0938951
0.0744351
0.119038
0.08887
0.0850166
0.0977586
0.141128
0.0852013
0.114766
0.0913568
0.128164
0.12926
0.118445
0.071021
0.106813
0.116678
0.076583
0.0732371
0.0667246
0.0350053
0.0741889
0.0455249
0.0379858
0.079559
0.0217289
0.0391959
0.0885627
0.108078
0.0990647
0.0766009
0.0804572
0.0394605
0.0483435
0.061575
0.0964597
0.083208
0.0707014
0.066231
0.137231
0.098589
0.0782676
0.116706
0.0638868
0.0405942
0.156915
0.122575
0.0925391
0.0790313
0.117123
0.138807
0.15097
0.081941
0.103011
0.0976914
0.135054
0.0885287
0.133237
0.125073
0.0993718
0.115083
0.088168
0.0977838
0.124527
0.134181
0.0965126
0.128492
0.0887479
0.128638
0.091549
0.120386
0.0778383
0.12337
0.113493
0.0901825
0.105204
0.0841034
0.0823703
0.0705233
0.0861075
0.0666615
0.0536377
