0.132598
0.138681
0.139058
0.144523
0.142241
0.139643
0.148801
0.151378
0.14809
0.159256
0.157934
0.163355
0.158306
0.170169
0.174564
0.176981
0.179132
0.180017
0.176492
0.179701
0.179041
0.174324
0.180099
0.178553
0.186778
0.194509
0.197481
0.20758
0.209086
0.209247
0.213795
0.21512
0.219863
0.221457
0.224525
0.226385
0.227299
0.229574
0.23202
0.221619
0.208128
0.208768
0.215883
0.220738
0.22625
0.2366
0.23787
0.244105
0.252083
0.250439
0.249321
0.22794
0.21672
0.214239
0.215436
0.215869
0.232505
0.263452
0.266376
0.257941
0.235976
0.212433
0.169994
0.161061
0.147234
0.136902
0.127536
0.126096
0.121786
0.125735
0.119361
0.110113
0.120501
0.115783
0.108777
0.110449
0.110556
0.123965
0.109719
0.11042
0.122481
0.120322
0.118413
0.118684
0.129364
0.126615
0.129728
0.129674
0.130744
0.137452
0.145472
0.150312
0.154207
0.165335
0.174464
0.181824
0.19233
0.206246
0.210518
0.220737
0.219227
0.222854
0.216646
0.207317
0.18788
0.177917
0.17394
0.166799
0.170802
0.176683
0.180895
0.184988
0.18209
0.18535
0.189529
0.18689
0.1857
0.169924
0.158938
0.16428
0.172081
0.173411
0.185668
0.183396
0.1801
0.195369
0.197871
0.196435
0.207614
0.209415
0.212409
0.215598
0.21602
0.215594
0.215242
0.216501
0.222238
0.226746
0.22753
0.21824
0.201204
0.18806
0.181429
0.182823
0.178475
0.185491
0.192776
0.193799
0.210855
0.21754
0.227175
0.237405
0.241963
0.240704
0.247462
0.251446
0.255305
0.25866
0.253062
0.255773
0.257476
0.261724
0.258007
0.246979
0.230742
0.204534
0.147369
0.132081
0.120468
0.11596
0.109957
0.107876
0.113104
0.107505
0.110384
0.112399
0.12143
0.122685
0.121939
0.128778
0.126523
0.138745
0.138782
0.129478
0.137742
0.132788
0.123186
0.124249
0.124763
0.12996
0.125065
0.125084
0.129864
0.130799
0.136663
0.137141
0.142328
0.136977
0.13154
0.126808
0.117115
0.107127
0.0969124
0.100487
0.0935261
0.109069
0.103531
0.112828
0.134602
0.133588
0.137195
0.139122
0.147667
0.15293
0.154152
0.15984
0.160492
0.163904
0.170539
0.169788
0.170279
0.174638
0.165748
0.170799
0.147995
0.13788
0.131649
0.13089
0.132423
0.127729
0.141318
0.139588
0.14238
0.14724
0.155994
0.155984
0.173268
0.169789
0.179136
0.182192
0.190311
0.190431
0.200937
0.206309
0.211774
0.215293
0.217655
0.22899
0.225969
0.226701
0.232621
0.231048
0.230202
0.233394
0.220841
0.220196
0.184336
0.153759
0.147155
0.150338
0.141776
0.138409
0.154663
0.153331
0.149426
0.164025
0.153896
0.172513
0.176213
0.180879
0.181269
0.191508
0.19518
0.19976
0.200118
0.211037
0.206184
0.217777
0.205997
0.207865
0.202813
0.18504
0.159743
0.144424
0.130328
0.128537
0.120053
0.130086
0.134761
0.136915
0.139105
0.136922
0.134318
0.148961
0.146741
0.154234
0.144807
0.138928
0.138771
0.137452
0.144143
0.139471
0.134924
0.123662
0.123136
0.129077
0.129009
0.136011
0.130829
0.131512
0.134686
0.13329
0.133744
0.124022
0.117101
0.130243
0.124669
0.112099
0.109678
0.107682
0.108906
0.0922842
0.128519
0.115777
0.116605
0.121232
0.116171
0.121876
0.120114
0.113809
0.124781
0.131887
0.134976
0.142016
0.141278
0.138805
0.152468
0.152711
0.158992
0.155844
0.163738
0.161406
0.16895
0.160301
0.159327
0.142578
0.142798
0.128185
0.132217
0.131908
0.106715
0.12517
0.110635
0.111368
0.113165
0.129953
0.135891
0.141724
0.125915
0.125666
0.134633
0.126864
0.119562
0.133342
0.134266
0.141421
0.140039
0.149827
0.168072
0.162533
0.173546
0.181517
0.193509
0.196509
0.195583
0.195635
0.194297
0.184965
0.173127
0.159413
0.137787
0.11938
0.11752
0.0992825
0.11111
0.104663
0.101122
0.111129
0.111262
0.1138
0.115207
0.123842
0.117886
0.128521
0.116588
0.122878
0.120351
0.117156
0.127129
0.112409
0.112169
0.125851
0.113605
0.118051
0.13296
0.126848
0.139375
0.133442
0.147681
0.158206
0.181869
0.197489
0.202527
0.205117
0.220637
0.20131
0.19241
0.188477
0.187179
0.15344
0.154093
0.146671
0.177766
0.167832
0.169192
0.168727
0.165007
0.153606
0.159205
0.158527
0.164741
0.164201
0.166707
0.167856
0.162714
0.154022
0.150137
0.139895
0.140026
0.142887
0.13611
0.137969
0.150132
0.132649
0.14446
0.138156
0.133842
0.129907
0.143802
0.138855
0.120144
0.138925
0.152907
0.1345
0.121583
0.145186
0.134258
0.13251
0.140915
0.127868
0.155558
0.154886
0.150824
0.157406
0.15119
0.13573
0.148914
0.15784
0.160478
0.164069
0.171725
0.170141
0.170322
0.163835
0.190777
0.180146
0.188733
0.192178
0.190336
0.224952
0.218158
0.247913
0.257071
0.268745
0.242919
0.223068
0.199374
0.185726
0.168804
0.149303
0.153356
0.160765
0.209299
0.220787
0.271109
0.335956
0.362766
0.366017
0.335675
0.287977
0.2169
0.158677
0.140965
0.13384
0.145964
0.130698
0.137319
0.136838
0.133264
0.139544
0.15543
0.134226
0.142398
0.148191
0.126156
0.147655
0.146083
0.138848
0.149147
0.168687
0.165134
0.159567
0.14942
0.120407
0.122089
0.12601
0.113272
0.126926
0.104037
0.110491
0.123097
0.107275
0.100997
0.106481
0.0800129
0.0997346
0.0975878
0.104809
0.10564
0.0899285
0.10984
0.109696
0.118733
0.124411
0.124189
0.131983
0.123857
0.134552
0.147566
0.105839
0.132858
0.139715
0.143812
0.134514
0.122345
0.101505
0.107479
0.124715
0.118797
0.107738
0.113588
0.118636
0.100482
0.125557
0.138484
0.126146
0.130895
0.121657
0.140591
0.130904
0.133515
0.120874
0.107088
0.121833
0.123414
0.12034
0.110488
0.117997
0.115833
0.143728
0.12844
0.131117
0.129276
0.131381
0.118743
0.137636
0.139184
0.130076
0.13711
0.14585
0.120397
0.138223
0.121555
0.10571
0.113189
0.08816
0.110298
0.118222
0.0972429
0.122128
0.0993504
0.097193
0.084655
0.066678
0.125296
0.0810601
0.0833021
0.0894163
0.097677
0.104456
0.0912328
0.109882
0.108218
0.107861
0.104713
0.0805088
0.103898
0.08577
0.0977208
0.0962224
0.0888344
0.0718341
0.0744608
0.0841564
0.0799061
0.0652314
0.078247
0.106434
0.0966901
0.0918326
0.112279
0.097918
0.121585
0.126536
0.117485
0.125031
0.109283
0.107923
0.0939852
0.0900982
0.0686815
0.0640401
0.0642712
0.0609087
0.0631019
0.076874
0.0816503
0.0900713
0.110929
0.106581
0.0855684
0.104761
0.0996887
0.0991031
0.0774767
0.100623
0.117627
0.113783
0.115858
0.10998
0.100712
0.117882
0.119708
0.119728
0.120661
0.136009
0.127293
0.129086
0.124339
0.104751
0.104681
0.13093
0.102762
0.122178
0.120864
0.135581
0.0951969
0.119555
0.117622
0.111976
0.127555
0.107368
0.113326
0.121684
0.120992
0.113812
0.109944
0.0868953
0.0902985
0.0914106
0.0858293
0.102745
0.0975942
0.088731
0.0928549
0.0862185
0.0745776
0.0878009
0.0817208
0.0888648
0.0677256
0.0702021
0.0587513
0.0632963
0.0638658
0.0614779
0.05247
0.060685
0.038109
0.0572422
0.0458536
0.0483182
0.0595175
0.0514086
0.0572198
0.0503229
0.0562356
0.0437755
0.037001
0.0299229
0.0549855
0.0427179
0.0291936
0.0299778
0.0314965
0.042883
0.0456926
0.0555518
0.0489098
0.0469583
0.0490731
0.0513899
0.0535973
0.0577271
0.0446352
0.0556979
0.0381981
0.038511
0.0529506
0.0646108
0.0567472
0.0446459
0.0535292
0.0515782
0.0381573
0.0647198
0.0482835
0.0441541
0.0540342
0.0540392
0.0408336
0.0246895
0.0170437
0.0302897
0.031938
0.0376654
0.0402995
0.0489832
0.0423346
0.0448031
0.032546
0.0449419
0.0422726
0.0571851
0.0583628
0.0347725
0.0459314
0.0334694
0.0479243
0.0407061
0.0392647
0.0401928
0.023501
0.0493793
0.0513517
0.0452905
0.052786
0.0643421
0.0739419
0.0780359
0.0720908
0.0831754
0.0987496
0.0762286
0.0783286
0.0971422
0.0779367
0.0905777
0.09028
0.0985586
0.101973
0.102653
0.0810242
0.084984
0.0871116
0.0905944
0.0881699
0.111587
0.0929745
0.110676
0.105791
0.0980054
0.115901
0.124661
0.127011
0.118979
0.152203
0.153759
0.157161
0.153733
0.160172
0.146546
0.102445
0.10717
0.095344
0.0845572
0.0886702
0.117966
0.0967424
0.100063
0.101517
0.0971806
0.108783
0.13502
0.124731
0.119547
0.118097
0.11659
0.123546
0.12415
0.11943
0.1187
0.117252
0.12709
0.133495
0.124936
0.159216
0.169218
0.158978
0.179144
0.158395
0.154306
0.116398
0.127679
0.123465
0.103151
0.0999134
0.105045
0.0823505
0.0769439
0.0678946
0.0635788
0.0695752
0.0588041
0.0404129
0.0331893
0.0355641
0.0253772
0.0285446
0.0143899
0.0190679
0.0124838
0.0069417
0.0190492
0.0205523
0.0151344
0.0145856
0.0104803
0.0160832
0.0162932
0.00568273
0.0157946
0.0249806
0.0211109
0.0233971
0.02248
0.0195037
0.0127894
0.0106446
0.0110169
0.00614945
0.00793945
0.00392323
0.00877477
0.0109528
0.00417965
0.00810952
0.00430802
0.00339684
0.0060365
0.00478673
0
0.00371005
0.0117003
0.0162111
0.00678188
0.00745836
0.0102329
0.0147631
0.00176955
0.00887601
0.00832109
0.00830739
0.0117432
0.0105784
0.0161331
0.0124646
0.0137548
0.0107238
0.0106477
0.0172581
0.0131379
0.015033
0.0130085
0.0130282
0.013049
0.0212289
0.022381
0.026714
0.024692
0.0265654
0.0249923
0.0184787
0.0177293
0.01229
0.0179035
0.0183635
0.0138009
0.0177153
0.0263156
0.0195763
0.0189706
0.0139311
0.0181384
0.018849
0.0147554
0.0186842
0.023666
0.0303748
0.02598
0.0221316
0.0204034
0.0220861
0.0181599
0.025901
0.0243702
0.0215249
0.0123419
0.0175616
0.0168921
0.0189299
0.0141733
0.0121515
0.0200477
0.0173372
0.0199544
0.0158369
0.0174272
0.0212116
0.0172549
0.0238394
0.0312754
0.0363536
0.0276082
0.0424641
0.0288302
0.0360007
0.0348067
0.0370051
0.0450017
0.0390811
0.0486916
0.044393
0.0394577
0.0418734
0.0436854
0.0441779
0.0446463
0.0416686
0.048448
0.0441577
0.0461664
0.0514356
0.0541678
0.0576099
0.0631323
0.0670153
0.0589547
0.067834
0.0657486
0.0720801
0.0793098
0.0648065
0.0691257
0.0673887
0.0693114
0.0715199
0.0688003
0.0726565
0.0716919
0.0611568
0.0649618
0.064679
0.0702052
0.0649661
0.0579054
0.0721724
0.0739326
0.0757224
0.100077
0.0741461
0.0924553
0.0799401
0.0722271
0.0727978
0.0595842
0.0665743
0.0647882
0.0560964
0.0621978
0.0627015
0.0757552
0.063195
0.0544825
0.0736232
0.0650689
0.0651647
0.0561253
0.0523899
0.0681973
0.0581527
0.0619056
0.0649086
0.0601869
0.0559539
0.051435
0.0494103
0.0703036
0.0624971
0.0393808
0.0393279
0.0385156
0.035246
0.0494188
0.0520271
0.0439545
0.0415564
0.035794
0.0393781
0.0347547
0.0362097
0.0410034
0.0320184
0.0374722
0.0216711
0.0235067
0.023929
0.0353482
0.0303619
0.0501751
0.0264993
0.0536699
0.0365014
0.0379211
0.0236689
0.0137686
0.0331607
0.0191858
0.0185748
0.00902635
0.0119352
0.0156705
0.003508
0.018959
0.023274
0.0116266
0.00767311
0.00698819
0.0166914
0.0140704
0.00365299
0.0141561
0.0123426
0.0219056
0.00786048
0.020533
0.0283066
0.0343391
0.032319
0.0308709
0.0493363
0.0287777
0.0265175
0.0383329
0.030523
0.0272645
0.0120066
0.0209707
0.0212098
0.0217623
0.00789063
0.014565
0.0161946
0.0116459
0.0185845
0.0186435
0.00780172
0.0193382
0.0138717
0.0180781
0.0115189
0.00456544
0.0184486
0.0132445
0.0102157
0.01478
0.0186211
0.0211424
0.0187546
0.00764497
0.0194137
0.0345279
0.0244429
0.022653
0.0187836
0.015737
0.00612284
0.0266008
0.0192362
0.00728673
0.0114684
0.00924412
0.011493
0.0104215
0.0187109
0.0134283
0.019095
0.0189455
0.00777523
0.0187842
0.01412
0.0114221
0.0168034
0.0179554
0.0273963
0.0218257
0.024572
0.0142712
0.0318441
0.0265145
0.0225777
0.0256137
0.0260863
0.0289911
0.0141178
0.0322747
0.0139299
0.0195482
0.0213523
0.0221524
0.0194428
0.0182411
0.0158418
0.00324861
0.0106469
0.0115646
0.0162119
0.00538413
0.0141622
0.0200961
0.0150223
0.0141583
0.0157386
0.0114593
0.0158948
0.0160414
0.0211713
0.0253129
0.0214582
0.0154185
0.0266201
0.0247482
0.0247758
0.0325926
0.0353769
0.0420708
0.0295788
0.0232654
0.0297756
0.0272775
0.0338376
0.0323752
0.0281289
0.0246665
0.0288023
0.0269338
0.0290328
0.0254187
0.0286632
0.032464
0.0308855
0.0222767
0.0290322
0.0301869
0.0246712
0.0314349
0.0329146
0.0336016
0.032453
0.0374198
0.0392979
0.0397302
0.0536383
0.0836014
0.12091
0.25888
0.411002
0.490855
0.503336
0.488368
0.409263
0.255928
0.125622
0.0782869
0.057855
0.0510793
0.0429975
0.043042
0.0431857
0.0450125
0.0440313
0.0418746
0.0408134
0.0450044
0.0468923
0.0412873
0.0432255
0.0416335
0.0397128
0.0375604
0.0454715
0.0401975
0.0405384
0.0389293
0.0353241
0.040773
0.0459087
0.0353026
0.0408066
0.0348253
0.0295941
0.0336425
0.0353655
0.0355823
0.0285675
0.0356353
0.0423325
0.0445088
0.0397441
0.0331692
0.0377937
0.035162
0.0404974
0.038328
0.039592
0.0448194
0.0420128
0.0404417
0.0405774
0.0426735
0.0438884
0.0387453
0.0363622
0.0390549
0.0406145
0.0415405
0.0426503
0.0402315
0.0458633
0.0390837
0.0422348
0.0377188
0.0454902
0.052126
0.0401582
0.0450593
0.0326246
0.041015
0.0350265
0.0415159
0.0373594
0.0360377
0.0378915
0.0325968
0.0308861
0.0438061
0.0381605
0.0420465
0.0394065
0.0454428
0.035646
0.0409706
0.0363389
0.0389339
0.042544
0.0362122
0.0411943
0.038744
0.0378524
0.0384626
0.0438974
0.0431984
0.0371627
0.0350091
0.0386799
0.0466096
0.0477927
0.0391301
0.0427225
0.0397491
0.0516092
0.0388549
0.0509091
0.0464615
0.0360586
0.0633832
0.0415043
0.0548683
0.0581522
0.0592361
0.061886
0.0581889
0.0435421
0.0542774
0.0579952
0.0559546
0.0479718
0.0531782
0.0535154
0.0480291
0.0618186
0.0483882
0.0468981
0.0485364
0.0581843
0.0458783
0.0564368
0.0565107
0.0489361
0.0576332
0.0553875
0.0606651
0.0491588
0.0526397
0.0640453
0.058644
0.074757
0.0618812
0.0619767
0.0560801
0.0503023
0.067788
0.0822228
0.0593385
0.0741394
0.0612231
0.0413985
0.0730619
0.0694251
0.093175
0.0483085
0.0680775
0.0759441
0.06035
0.0661413
0.0888002
0.0465868
0.0639829
0.0773361
0.0834076
0.0842638
0.0699851
0.0688736
0.115399
0.0837651
0.083159
0.0940692
0.0913455
0.0904371
0.107622
0.117567
0.11482
0.112898
0.106586
0.0935335
0.073433
0.0839051
0.0744242
0.104751
0.0887317
0.0719988
0.0801035
0.0760275
0.0762797
0.105845
0.0830124
0.0935699
0.0642822
0.082442
0.0793779
0.0688205
0.0943412
0.0777923
0.0767103
0.0810261
0.0598521
0.0746184
0.0562893
0.0986989
0.0805259
0.0683855
0.0795094
0.06771
0.0767806
0.100515
0.0737501
0.0636462
0.0535681
0.0617878
0.0783429
0.0632655
0.0918201
0.0684337
0.0705164
0.0880076
0.0834827
0.0618894
0.0900882
0.0833494
0.112959
0.0937401
0.0667363
0.0658689
0.0635333
0.0568019
0.0522639
0.0423113
0.0767571
0.0509706
0.0670433
0.0541362
0.0517282
0.0498271
0.0555829
0.0515897
0.0534855
0.0580807
0.0627233
0.0593457
0.0706326
0.0608447
0.078098
0.0829551
0.0752966
0.0939494
0.0796829
0.0981163
0.0978057
0.120302
0.117929
0.133705
0.148276
0.156628
0.157996
0.147184
0.158652
0.129649
0.0913656
0.0534192
0.0580543
0.0489236
0.0361541
0.044476
0.0540698
0.0434804
0.0329803
0.0308786
0.051827
0.0564119
0.0391266
0.0380516
0.0444021
0.0475486
0.0403183
0.0570292
0.0573277
0.0406152
0.0462294
0.0423474
0.0427278
0.0458804
0.0443303
0.0460275
0.0425672
0.0422153
0.0369098
0.0433425
0.0546902
0.0353335
0.0338891
0.02908
0.0383028
0.0433093
0.0359855
0.0421872
0.0445181
0.0441475
0.048829
0.0457607
0.0446368
0.0467737
0.0458914
0.0321723
0.041357
0.0519904
0.0455134
0.0430159
0.0405024
0.0528175
0.0517811
0.0384099
0.05285
0.0415469
0.0539475
0.0389738
0.0467009
0.0471772
0.0282032
0.0395507
0.0335185
0.0336128
0.0463967
0.046002
0.0345837
0.0442221
0.0413721
0.0219595
0.0414988
0.0419897
0.0378683
0.0376115
0.0381387
0.0385869
0.0422569
0.0482362
0.0438025
0.0367715
0.0488355
0.0409525
0.0374163
0.0454783
0.0369031
0.0407817
0.0393714
0.0380218
0.0441626
0.0446845
0.0375195
0.0332952
0.044134
0.0442427
0.0353473
0.0470457
0.0396639
0.0420766
0.0484383
0.041613
0.0475324
0.0548586
0.0685299
0.0465259
0.0599745
0.059056
0.0626297
0.0646843
0.0716619
0.0681567
0.073945
0.0859984
0.0747591
0.0761777
0.0807146
0.0711204
0.0621299
0.0460487
0.0447347
0.0347103
0.0368212
0.0318092
0.0378168
0.0321955
0.0322354
0.03448
0.0368338
0.0378253
0.0436731
0.036334
0.0437932
0.0313617
0.0432955
0.0431103
0.0408392
0.0414887
0.0476764
0.0461851
0.0471121
0.0504117
0.0571146
0.0586217
0.0646766
0.067245
0.0694913
0.0715161
0.081071
0.0852149
0.100374
0.101384
0.106296
0.109173
0.106975
0.109387
0.107269
0.0925572
0.0941473
0.083075
0.078262
0.0617724
0.0555123
0.0634183
0.0504966
0.0580023
0.0448557
0.0467492
0.0540377
0.0492691
0.0512541
0.0478239
0.058328
0.0580018
0.04804
0.0581738
0.0636058
0.0549305
0.0608057
0.0560792
0.0685153
0.0665257
0.0738047
0.0700971
0.0721455
0.0794939
0.0758699
0.0815685
0.0786887
0.0891362
0.0947101
0.0961534
0.107258
0.103374
0.115048
0.117936
0.119948
0.127907
0.121058
0.111541
0.108599
0.0970249
0.0853378
0.0837225
0.0726522
0.0725581
0.0700165
0.064899
0.0669196
0.0619676
0.0675484
0.0633724
0.0673349
0.0570434
0.0696593
0.061396
0.0676542
0.0606467
0.0671226
0.0587828
0.049441
0.0481056
0.0633014
0.0517403
0.0539972
0.050903
0.0478493
0.04336
0.0508604
0.0489277
0.0423508
0.0600366
0.0472372
0.0574607
0.0533314
0.0495085
0.0513112
0.0480011
0.0544639
0.0500103
0.0487164
0.0522144
0.0459517
0.0578753
0.057039
0.0544795
0.0586976
0.0576581
0.0504109
0.0484122
0.0552957
0.0495536
0.0511921
0.0472111
0.0544954
0.0471574
0.0570474
0.0503729
0.0557287
0.0506648
0.0551622
0.0490661
0.0592459
0.062527
0.0644575
0.0711723
0.0736509
0.0676103
0.0776535
0.0745866
0.0861861
0.0786195
0.0831459
0.0766847
0.0804619
0.0808022
0.0813906
0.0686211
0.0885979
0.0985377
0.0853747
0.100223
0.087965
0.0861256
0.0988409
0.120243
0.0928103
0.104364
0.106463
0.102671
0.112597
0.108317
0.104529
0.105725
0.115095
0.11186
0.108743
0.108845
0.11749
0.092823
0.0755904
0.115623
0.0890842
0.0658592
0.0942178
0.0853077
0.0724734
0.0884398
0.10281
0.0857403
0.0920218
0.0911773
0.105501
0.116511
0.115596
0.0975311
0.130912
0.131079
0.12534
0.130491
0.118837
0.114162
0.115637
0.130286
0.134142
0.112645
0.115976
0.0936578
0.0993684
0.0995863
0.0936635
0.0874406
0.111005
0.0811698
0.1007
0.124213
0.10779
0.121892
0.0854821
0.096509
0.111392
0.145336
0.11568
0.115335
0.13349
0.117119
0.139099
0.132615
0.131887
0.146294
0.136839
0.144517
0.149072
0.150656
0.140783
0.122694
0.142861
0.138364
0.148954
0.155746
0.147061
0.157925
0.172345
0.152717
0.175569
0.185172
0.178453
0.169321
0.154203
0.144345
0.161942
0.168004
0.155987
0.161564
0.135712
0.14018
0.12222
0.113655
0.0951608
0.0781647
0.0956077
0.112142
0.0674076
0.0921404
0.0644797
0.0798321
0.0618616
0.0930782
0.106543
0.0888571
0.0856064
0.0939463
0.0910094
0.0613948
0.0802157
0.0918999
0.120898
0.0983162
0.110501
0.126365
0.104223
0.0978012
0.119941
0.18609
0.159525
0.132515
0.148346
0.143262
0.148079
0.139285
0.165187
0.162542
0.18614
0.18691
0.19441
0.189123
0.19231
0.200598
0.181058
0.189189
0.198242
0.207149
0.213174
0.205618
0.186506
0.173134
0.161984
0.163785
0.185027
0.198798
0.159031
0.130141
0.149384
0.125254
0.121574
0.14025
0.123249
0.109565
0.0968116
0.114371
0.0801803
0.068901
0.060737
0.0979597
0.0682801
0.0626846
0.0894982
0.0887276
0.0614381
0.118915
0.0815191
0.0987011
0.0799855
0.0934729
0.100212
0.128675
0.0999139
0.0700652
0.0711844
0.088558
0.0668548
0.118725
0.136526
0.128221
0.0747852
0.123427
0.0442264
0.0810244
0.108284
0.10378
0.0512306
0.0777773
0.100387
0.117673
0.0743194
0.101064
0.125245
0.126908
0.0992986
0.125812
0.12967
0.149885
0.153922
0.114489
0.136881
0.115078
0.115031
0.0983556
0.108217
0.116447
0.117416
0.0733612
0.118717
0.0985673
0.141625
0.12019
0.0962458
0.118021
0.134697
0.0803345
0.10542
0.0907717
0.097041
0.132657
0.124981
0.0873724
0.117959
0.115355
0.0919383
0.0994625
0.0638599
0.0787799
0.109159
0.0588939
0.052875
0.115739
0.103992
0.053597
0.113455
0.109759
0.148664
0.0783098
0.0930678
0.103885
0.101345
0.0579266
0.0831673
0.0862526
0.0711663
0.0875302
0.148449
0.12502
0.0330665
0.0504712
0.0997796
0.0986179
0.142275
0.126088
0.123095
0.0968769
0.122727
0.11466
0.135283
0.103513
0.129196
0.1178
0.138698
0.0799159
0.106839
0.108528
0.0852999
0.120199
0.122028
0.148768
0.106325
0.138869
0.1167
0.111374
0.103934
0.137283
0.0943155
0.13758
0.108658
0.121493
0.101933
0.0896149
0.0806826
0.0838208
0.0749588
0.0663568
0.0640913
0.0641704
0.0713526
