0.177197
0.182551
0.193332
0.195401
0.203777
0.199902
0.208872
0.21342
0.226199
0.221977
0.226094
0.233971
0.23615
0.250525
0.249903
0.256685
0.264933
0.258348
0.266416
0.26409
0.253683
0.258787
0.267964
0.271663
0.278237
0.287663
0.303609
0.310228
0.31815
0.315454
0.323852
0.326968
0.32928
0.336351
0.339503
0.343909
0.350016
0.350993
0.343164
0.338577
0.328985
0.321589
0.323677
0.345761
0.351702
0.36316
0.375478
0.387866
0.390342
0.395559
0.381401
0.34269
0.325214
0.322705
0.32342
0.322987
0.344588
0.409081
0.422104
0.395948
0.365852
0.32261
0.264528
0.240076
0.22379
0.209999
0.202528
0.184846
0.17668
0.164478
0.161355
0.163946
0.15942
0.150438
0.14512
0.149833
0.154697
0.155879
0.162692
0.167636
0.164373
0.173939
0.17282
0.182646
0.176797
0.176596
0.183996
0.18796
0.189333
0.200169
0.210434
0.218241
0.223905
0.241965
0.259866
0.285703
0.312027
0.32736
0.34798
0.36378
0.364308
0.362937
0.34888
0.325
0.295493
0.264856
0.25041
0.243766
0.249403
0.255985
0.256693
0.265449
0.267957
0.268637
0.271333
0.268285
0.256788
0.248491
0.235153
0.252096
0.248713
0.255964
0.266479
0.276751
0.286226
0.287781
0.300813
0.307443
0.312668
0.315963
0.323297
0.325635
0.325244
0.322673
0.323458
0.324439
0.339726
0.346585
0.343055
0.338277
0.311603
0.286678
0.269514
0.275418
0.278931
0.289817
0.294204
0.307578
0.313326
0.337212
0.350754
0.366044
0.371786
0.382063
0.387181
0.396082
0.396887
0.395716
0.397888
0.397583
0.401186
0.404704
0.405235
0.398411
0.35929
0.291584
0.228677
0.182874
0.162872
0.154615
0.145911
0.141697
0.139032
0.141966
0.138285
0.145727
0.150448
0.154226
0.163954
0.178574
0.181807
0.190246
0.198041
0.186297
0.190868
0.177222
0.187853
0.175504
0.176555
0.171693
0.167493
0.174212
0.17415
0.179479
0.184777
0.182251
0.178858
0.182329
0.181509
0.175446
0.15761
0.154125
0.149398
0.148061
0.157173
0.155332
0.169098
0.167388
0.179852
0.193224
0.201001
0.204869
0.209199
0.215735
0.220746
0.225513
0.229605
0.235384
0.242092
0.247461
0.247574
0.247597
0.246793
0.2316
0.217144
0.205392
0.191888
0.195921
0.204508
0.208825
0.208375
0.216832
0.215546
0.221822
0.231858
0.246648
0.257052
0.273321
0.282879
0.281997
0.290039
0.307116
0.316506
0.316164
0.327391
0.334564
0.334922
0.346737
0.349045
0.356597
0.360033
0.37204
0.374356
0.38573
0.371324
0.333899
0.298028
0.252078
0.238145
0.232285
0.22142
0.205865
0.219987
0.228516
0.248724
0.237734
0.242724
0.255022
0.260379
0.267269
0.289782
0.283824
0.29923
0.300173
0.317206
0.316363
0.322422
0.326273
0.325047
0.314983
0.304607
0.270771
0.24484
0.204558
0.177444
0.166308
0.167495
0.174392
0.174181
0.179572
0.202286
0.213129
0.216408
0.214588
0.223653
0.222816
0.212411
0.212304
0.218214
0.21176
0.200157
0.189562
0.179345
0.166805
0.174423
0.172652
0.170831
0.181264
0.18984
0.184004
0.182988
0.189099
0.18772
0.185261
0.179188
0.167001
0.15923
0.167695
0.157672
0.166257
0.158642
0.161525
0.177791
0.161756
0.161393
0.168017
0.16656
0.156028
0.167707
0.172261
0.180679
0.189162
0.191377
0.200916
0.203491
0.212198
0.218288
0.221982
0.228357
0.23093
0.23081
0.241759
0.241955
0.228451
0.229198
0.214917
0.220377
0.206246
0.207564
0.201652
0.19489
0.186259
0.172113
0.173574
0.184341
0.1808
0.1904
0.184731
0.219241
0.195148
0.210146
0.203302
0.203972
0.207219
0.212741
0.221667
0.217009
0.236443
0.239511
0.250673
0.267883
0.278437
0.288921
0.294443
0.302208
0.299558
0.296605
0.284447
0.271347
0.244887
0.217108
0.188256
0.17003
0.167179
0.161362
0.155564
0.165969
0.176035
0.187117
0.191862
0.18372
0.185704
0.18234
0.175467
0.186859
0.163635
0.163044
0.16586
0.160151
0.169988
0.173191
0.160999
0.175195
0.168044
0.168366
0.18152
0.185411
0.203323
0.220926
0.250387
0.273077
0.295933
0.323614
0.314508
0.322299
0.324357
0.314323
0.304205
0.278118
0.252997
0.245893
0.250647
0.252474
0.268259
0.261787
0.264022
0.262299
0.260361
0.242496
0.252006
0.256309
0.253015
0.25869
0.242683
0.240574
0.226498
0.207779
0.195471
0.204651
0.203252
0.214505
0.224705
0.21651
0.216651
0.217604
0.22095
0.231022
0.207917
0.206128
0.208971
0.202523
0.203308
0.188644
0.197573
0.209108
0.213791
0.220967
0.202716
0.2228
0.216768
0.225192
0.231939
0.213357
0.23039
0.213196
0.227323
0.231295
0.23096
0.241995
0.2354
0.248613
0.251571
0.243451
0.256855
0.261561
0.278108
0.276729
0.301504
0.307604
0.342761
0.36513
0.426036
0.443703
0.435535
0.436515
0.376549
0.353285
0.298719
0.248682
0.217293
0.226824
0.269321
0.315155
0.385252
0.449415
0.507928
0.55279
0.554208
0.518279
0.452388
0.341976
0.248091
0.215272
0.195737
0.194903
0.208502
0.194768
0.197511
0.210539
0.217935
0.229278
0.223506
0.222646
0.205024
0.214933
0.231088
0.224735
0.232509
0.243993
0.240039
0.242445
0.233987
0.231723
0.195119
0.181325
0.188515
0.186682
0.180918
0.179583
0.166555
0.157082
0.164392
0.164474
0.134365
0.125959
0.138249
0.144572
0.134254
0.130006
0.148647
0.157495
0.144883
0.156098
0.163493
0.164805
0.178559
0.178477
0.189696
0.199022
0.197102
0.18598
0.189618
0.185
0.210625
0.192442
0.191828
0.187962
0.173999
0.163145
0.166988
0.168387
0.172258
0.193702
0.184584
0.211412
0.191028
0.207801
0.209212
0.218475
0.221861
0.205476
0.188951
0.169399
0.155965
0.166865
0.17266
0.17764
0.185219
0.196363
0.178087
0.187759
0.188394
0.190304
0.182239
0.192678
0.187155
0.192722
0.179662
0.172644
0.197582
0.197794
0.209014
0.168776
0.172889
0.17068
0.176807
0.152907
0.162187
0.148321
0.130975
0.149882
0.147258
0.135488
0.138843
0.148912
0.146248
0.132532
0.142996
0.144572
0.146596
0.119894
0.14935
0.151672
0.142853
0.1291
0.145009
0.149042
0.144181
0.14048
0.131198
0.110492
0.121418
0.107236
0.0993574
0.101872
0.118493
0.11782
0.129474
0.142003
0.145604
0.171062
0.155042
0.185923
0.183224
0.198169
0.204323
0.194708
0.183502
0.143809
0.143106
0.100043
0.0921539
0.0891571
0.0914288
0.0871999
0.103948
0.111976
0.141719
0.135423
0.14412
0.160716
0.153388
0.147428
0.153626
0.152065
0.156201
0.141289
0.157751
0.144148
0.17778
0.170623
0.200587
0.188569
0.179095
0.174534
0.185977
0.177245
0.166126
0.159594
0.17525
0.170199
0.177067
0.158234
0.176384
0.171244
0.182905
0.152088
0.179092
0.166377
0.161069
0.173798
0.16516
0.171924
0.175397
0.191153
0.197726
0.166845
0.15045
0.147631
0.165966
0.140771
0.170908
0.149187
0.142727
0.151705
0.138182
0.119405
0.111116
0.109652
0.0936649
0.0817768
0.0898323
0.085618
0.0933269
0.0944915
0.087133
0.0738389
0.0720061
0.0620558
0.0659633
0.0619381
0.0607368
0.0723772
0.0662131
0.0746908
0.0635456
0.0559586
0.0557339
0.0584397
0.0617458
0.0669393
0.0632764
0.0444557
0.0608202
0.0464259
0.0481563
0.0613015
0.0612906
0.0712339
0.0640286
0.0766618
0.06644
0.0504393
0.0718732
0.0826665
0.0631063
0.0659438
0.0702394
0.070458
0.0670564
0.0576874
0.0859396
0.0722429
0.0777961
0.0818123
0.0831407
0.0647161
0.0622823
0.064931
0.0530766
0.032675
0.061104
0.048174
0.0421478
0.0432375
0.0459434
0.0550353
0.0481922
0.0483605
0.0661864
0.0601811
0.0544598
0.0528912
0.0571105
0.0681643
0.0495119
0.0560111
0.0542952
0.0594734
0.0546734
0.0588013
0.072225
0.0618654
0.0557757
0.0528688
0.0568854
0.0686516
0.0638605
0.0895997
0.102814
0.0953556
0.122644
0.109758
0.128167
0.12533
0.110603
0.109516
0.111621
0.129429
0.131558
0.139706
0.124548
0.119368
0.116756
0.148136
0.14607
0.130398
0.137132
0.168351
0.174808
0.153448
0.184243
0.192407
0.195079
0.209815
0.229498
0.230012
0.221705
0.253177
0.241978
0.229901
0.242126
0.190082
0.183655
0.138837
0.120624
0.131232
0.151097
0.158859
0.147851
0.14674
0.172144
0.16272
0.158279
0.163355
0.163245
0.169731
0.196615
0.194723
0.191505
0.169116
0.168493
0.164021
0.149782
0.189511
0.185103
0.235249
0.212792
0.239024
0.233339
0.207429
0.211298
0.206674
0.182473
0.178791
0.16128
0.168024
0.153017
0.152711
0.122257
0.113902
0.0872976
0.0863687
0.059345
0.0542135
0.0439376
0.044519
0.0400483
0.0280449
0.0164295
0.0203403
0.0182997
0.0185203
0.0129478
0.0138696
0.0117634
0.0189464
0.0177447
0.012751
0.0177947
0.0127628
0.0190541
0.0265201
0.021839
0.027072
0.0273971
0.0256002
0.0194107
0.0119832
0.00839327
0.0077285
0.0070296
0.00599033
0.00211478
0.00106692
0.00291019
0.00803275
0.00517195
0.00438518
0.00528389
0.00336566
0.00113565
0.00278428
0.00610177
0.00706528
0.0178719
0.0234154
0.0161974
0.0193756
0.0169035
0.0173411
0.0186678
0.00669101
0.0112958
0.0117328
0.00977573
0.0123657
0.0191111
0.0083158
0.0123375
0.0116285
0.0140908
0.0173733
0.0141963
0.0155109
0.0206164
0.0270486
0.0285122
0.028203
0.0372269
0.0314508
0.0262504
0.0227655
0.0221291
0.0252594
0.0174983
0.0312976
0.0225731
0.0289182
0.0281505
0.029539
0.0234845
0.0297508
0.0223891
0.0233719
0.0263885
0.030903
0.0323058
0.034324
0.0446573
0.0418078
0.032072
0.0313797
0.0225834
0.0309974
0.036092
0.028551
0.0228853
0.0241446
0.0245975
0.0228611
0.0275639
0.0342436
0.0332036
0.0270992
0.0266282
0.0291208
0.0282997
0.0222353
0.0379125
0.0409997
0.0396658
0.0449981
0.0504307
0.0536328
0.0525572
0.0610799
0.0624138
0.0656583
0.0562306
0.064647
0.0616859
0.0553923
0.0646717
0.0670598
0.0656245
0.0680162
0.0693528
0.0760368
0.0778486
0.0735437
0.0747641
0.0795611
0.0850126
0.0960058
0.0963689
0.11129
0.105212
0.0993262
0.0975594
0.108803
0.107752
0.113899
0.109656
0.111103
0.115231
0.108764
0.105503
0.0984317
0.102541
0.105724
0.101631
0.111019
0.10502
0.110902
0.109117
0.108394
0.124683
0.129681
0.127129
0.132863
0.130805
0.0956275
0.105322
0.102606
0.100076
0.0987679
0.0914799
0.090284
0.0843268
0.0899605
0.0905912
0.0885945
0.0973651
0.0779148
0.0807709
0.0836616
0.0755245
0.0904529
0.086311
0.0803496
0.0899197
0.101707
0.0949252
0.0841416
0.0794326
0.0798007
0.0863611
0.0648386
0.0755107
0.0664956
0.0589731
0.0676453
0.0618531
0.0488597
0.0544606
0.0597985
0.0505879
0.0543853
0.048343
0.0452962
0.0430896
0.0531807
0.0571415
0.0487145
0.0564085
0.053342
0.0401853
0.0475278
0.0526078
0.0652526
0.0540547
0.0552487
0.0555312
0.0422304
0.0311125
0.033765
0.0321069
0.0224902
0.0265567
0.00638172
0.00719084
0.0118492
0.0108847
0.0145688
0
0.00523837
0.0110428
0.00993695
0.0158389
0.00874888
0.00762534
0.0114365
0.0185097
0.017949
0.0176835
0.0437489
0.0430733
0.0327135
0.0442115
0.0515335
0.04427
0.0506035
0.0406873
0.0415791
0.0417275
0.0389289
0.0379053
0.016408
0.0195523
0.0284727
0.0225021
0.0178632
0.0138155
0.0182785
0.0186088
0.0231116
0.0110724
0.0181165
0.0167618
0.0135172
0.00691908
0.0160364
0.0155299
0.0128165
0.0184007
0.0148255
0.0140196
0.0166762
0.0246635
0.0234395
0.0280281
0.0247471
0.0157233
0.0132966
0.0229266
0.0199115
0.0161973
0.0256999
0.0102286
0.00875972
0.0193169
0.0111686
0.0167543
0.0166579
0.0153604
0.0193987
0.0187585
0.0211845
0.0178347
0.0108096
0.0212438
0.0139679
0.0263102
0.0201937
0.0239117
0.0231613
0.0370408
0.0385521
0.0382978
0.0347129
0.0381255
0.036737
0.0217088
0.0267924
0.0335679
0.0306264
0.0206079
0.0283215
0.0220883
0.024233
0.0170209
0.0110195
0.016858
0.0140354
0.0246598
0.0206234
0.025781
0.0254835
0.0222045
0.0174922
0.0232692
0.0229347
0.0257339
0.027152
0.0241371
0.0268181
0.0332301
0.0348163
0.0370324
0.0448665
0.0480361
0.0364769
0.045825
0.0491501
0.0497359
0.0543754
0.0341224
0.051044
0.0408233
0.0530428
0.0390179
0.0419107
0.040444
0.0503864
0.0476541
0.0459732
0.0421094
0.0465517
0.0479745
0.0470501
0.0422971
0.0513822
0.0440611
0.0534353
0.0471923
0.0553886
0.0492725
0.0573346
0.0611785
0.0656368
0.0687454
0.0885418
0.12544
0.198884
0.418727
0.662886
0.775407
0.80347
0.772068
0.643956
0.407551
0.193487
0.12813
0.0889701
0.0850114
0.0720341
0.0737136
0.07824
0.0743733
0.0670669
0.069821
0.0705397
0.0699242
0.0641614
0.0697328
0.0649362
0.0661407
0.0673976
0.0648321
0.0631653
0.071727
0.066486
0.064825
0.064288
0.0683619
0.0650644
0.0560302
0.0608867
0.0553266
0.0652259
0.0637026
0.0553371
0.0588699
0.0603593
0.0604784
0.0586523
0.0587656
0.0575759
0.0556852
0.0609868
0.0585541
0.0601192
0.0624362
0.0609144
0.0616554
0.0649533
0.066578
0.0650919
0.0738471
0.0706738
0.0640758
0.0651893
0.0626377
0.0684831
0.0708657
0.0652962
0.0704852
0.0658598
0.0655355
0.0668608
0.0671781
0.0667788
0.0636475
0.0654633
0.051374
0.0540452
0.0582909
0.0494919
0.0584832
0.0541298
0.0573964
0.0598985
0.0516003
0.0595087
0.0588233
0.059083
0.0563455
0.0570423
0.0640494
0.0585134
0.063347
0.0622862
0.0612865
0.0602029
0.0600499
0.0673576
0.067679
0.0645847
0.065453
0.063075
0.0666976
0.0606743
0.0691611
0.0709038
0.0700256
0.068157
0.067081
0.0745052
0.0747806
0.0801731
0.0692106
0.0692791
0.0654623
0.0696929
0.0735073
0.0825284
0.0861256
0.0895951
0.0956232
0.0803689
0.0928597
0.0885826
0.0849023
0.0842362
0.0950351
0.0888563
0.0632714
0.0778925
0.0901883
0.0826658
0.0900193
0.0869947
0.0916705
0.0699372
0.0860436
0.0835863
0.0967203
0.0836482
0.0791967
0.0892534
0.0852659
0.0819812
0.0830434
0.0833962
0.0917599
0.0644384
0.0661819
0.0832395
0.0976726
0.0980372
0.0888584
0.0802223
0.0881048
0.0964752
0.0871911
0.0962686
0.109514
0.102969
0.104341
0.090337
0.116959
0.111641
0.111415
0.0887438
0.116144
0.120903
0.100848
0.114263
0.114155
0.0906776
0.109948
0.128074
0.135483
0.120107
0.122697
0.124993
0.11096
0.11693
0.133778
0.151457
0.157631
0.137328
0.122205
0.167611
0.137064
0.142421
0.134459
0.121229
0.113673
0.0949115
0.100951
0.112834
0.115122
0.108084
0.106691
0.0985294
0.0989324
0.0879611
0.0917472
0.0851375
0.10161
0.10137
0.10815
0.0873838
0.107944
0.0975211
0.10938
0.0917607
0.109664
0.0951872
0.0865885
0.0929761
0.101578
0.105979
0.0918283
0.107829
0.0928888
0.104244
0.0773404
0.0946799
0.0960761
0.0877819
0.118486
0.110186
0.132121
0.124027
0.128453
0.136526
0.143807
0.131575
0.0937108
0.0918811
0.0709735
0.0910415
0.0467489
0.0612303
0.0718956
0.0744581
0.0607159
0.0798574
0.0796302
0.0814183
0.0744714
0.0790395
0.0765608
0.087906
0.0903817
0.0873192
0.102057
0.10193
0.110027
0.0969053
0.117579
0.126386
0.128938
0.160584
0.173657
0.171986
0.184597
0.199979
0.209394
0.240977
0.248974
0.259344
0.238467
0.194362
0.139547
0.0896894
0.0864035
0.0782385
0.0597351
0.055691
0.0618475
0.0820625
0.0502585
0.0631565
0.0712122
0.0631144
0.0673594
0.0755022
0.0609137
0.0816394
0.0621122
0.0707981
0.0595116
0.0664292
0.06967
0.0569921
0.0617503
0.0603112
0.0654178
0.0643187
0.0668193
0.0577113
0.0630215
0.0646794
0.0579701
0.066311
0.0686924
0.0736365
0.0599687
0.069774
0.0632783
0.0581128
0.0704733
0.0625701
0.0673708
0.0668334
0.0658593
0.0678129
0.0716814
0.0655145
0.0677441
0.0705078
0.0688573
0.0790662
0.0672686
0.0658429
0.0633655
0.072763
0.0688812
0.0652585
0.063873
0.0700368
0.0607438
0.051931
0.0552907
0.0565201
0.0646361
0.0582241
0.0602015
0.0637266
0.0454207
0.0582795
0.062317
0.0635143
0.0614367
0.0673247
0.064791
0.0649325
0.0628371
0.0737402
0.0580611
0.0587415
0.0612496
0.0658279
0.06349
0.0607964
0.0608249
0.0533535
0.0531358
0.0553869
0.0584571
0.0578212
0.0539626
0.0517078
0.0576755
0.053171
0.0666371
0.0772215
0.0705827
0.0699714
0.0651746
0.07058
0.0712532
0.070606
0.0882504
0.0871039
0.0835416
0.0837829
0.0947072
0.0938939
0.0960074
0.094349
0.105482
0.107997
0.121901
0.117099
0.124621
0.120608
0.114846
0.0962204
0.0861498
0.069632
0.0717365
0.0564009
0.0628835
0.0599706
0.05648
0.0626533
0.0548018
0.0604541
0.0545129
0.0590042
0.056068
0.0663088
0.0623251
0.0646203
0.0678819
0.0644325
0.0719196
0.068826
0.0736566
0.070962
0.0733221
0.0858061
0.083801
0.0837382
0.0912675
0.100888
0.105307
0.108266
0.117313
0.128925
0.148454
0.149708
0.160925
0.166205
0.170696
0.173246
0.15692
0.151912
0.144314
0.130081
0.119707
0.1045
0.0850146
0.0895491
0.0852428
0.0833861
0.0821205
0.0812951
0.0794268
0.0856011
0.0828981
0.0853128
0.0808896
0.0843956
0.0906354
0.0928667
0.0983034
0.104663
0.0965551
0.0947335
0.102636
0.103179
0.108199
0.112651
0.115716
0.121539
0.128742
0.132383
0.135977
0.148194
0.152462
0.155799
0.163939
0.16818
0.188776
0.193586
0.204273
0.203295
0.191674
0.189548
0.177398
0.164705
0.145927
0.13656
0.125778
0.103455
0.0978888
0.0969286
0.101913
0.109562
0.0993636
0.0987955
0.0993814
0.0879694
0.0911174
0.0990846
0.0984701
0.0818391
0.0798925
0.0812138
0.0737856
0.0859503
0.0845416
0.0804822
0.0772403
0.09754
0.07859
0.0739428
0.0841098
0.0848913
0.0822989
0.0835718
0.0740523
0.0807819
0.0854324
0.0840304
0.0776739
0.0870416
0.0885824
0.0780097
0.0742513
0.0811975
0.0749806
0.0799875
0.082525
0.0888886
0.079268
0.0839611
0.0799176
0.0821967
0.0905167
0.0783588
0.0843626
0.0855215
0.0779206
0.0833545
0.0817463
0.0823733
0.0762201
0.0870354
0.0891008
0.0838722
0.0884987
0.081376
0.0889773
0.091026
0.0838369
0.0843991
0.0916657
0.0879819
0.0885023
0.0927076
0.092705
0.0957974
0.0867921
0.0934675
0.0994749
0.105996
0.102101
0.106142
0.123791
0.133999
0.130658
0.145637
0.147615
0.138388
0.152342
0.14711
0.154384
0.167734
0.172393
0.177811
0.180311
0.192986
0.18305
0.182999
0.173162
0.158402
0.150694
0.160399
0.142282
0.131973
0.104724
0.106423
0.127637
0.123027
0.122033
0.11814
0.144563
0.140612
0.131232
0.132778
0.161114
0.150656
0.144093
0.167501
0.169202
0.160221
0.169346
0.162163
0.16117
0.1661
0.159744
0.168532
0.15255
0.156259
0.164019
0.169888
0.11951
0.153127
0.130327
0.119661
0.130032
0.13287
0.140063
0.168086
0.130132
0.141555
0.144337
0.164335
0.197632
0.175435
0.156955
0.173345
0.145807
0.158407
0.149343
0.194912
0.225971
0.198858
0.174661
0.167239
0.210692
0.199349
0.191526
0.198742
0.211881
0.199905
0.221086
0.208575
0.226101
0.242536
0.226235
0.235597
0.237341
0.243595
0.250847
0.251799
0.244743
0.233594
0.249584
0.225142
0.223893
0.211047
0.217608
0.211892
0.18776
0.171701
0.157327
0.150663
0.12992
0.135534
0.117015
0.153351
0.106712
0.136078
0.143274
0.0967901
0.0946885
0.139065
0.11529
0.163858
0.128402
0.111564
0.153715
0.177978
0.170901
0.105784
0.146177
0.159748
0.168023
0.185319
0.191461
0.195526
0.185636
0.199443
0.213169
0.225545
0.231947
0.219789
0.23869
0.278058
0.245316
0.262761
0.271503
0.263519
0.294197
0.288171
0.289933
0.313789
0.298791
0.315915
0.3024
0.299453
0.305169
0.259502
0.311154
0.261528
0.257511
0.240033
0.221933
0.227998
0.219932
0.175097
0.153744
0.131639
0.145735
0.10554
0.135321
0.11318
0.0603848
0.0941673
0.0990866
0.0907283
0.108402
0.0986494
0.0878796
0.0706136
0.0962891
0.115585
0.0930793
0.104773
0.108211
0.112911
0.118277
0.107047
0.122445
0.0939975
0.101981
0.0988792
0.108908
0.136674
0.0833308
0.142097
0.0949771
0.0892528
0.105466
0.13238
0.113214
0.170789
0.129619
0.143839
0.123979
0.118146
0.151235
0.118238
0.165111
0.160825
0.109805
0.158736
0.0930302
0.123015
0.142831
0.13298
0.162716
0.134747
0.16486
0.140172
0.134804
0.125083
0.130386
0.126069
0.126398
0.169414
0.134485
0.158298
0.158774
0.105004
0.112817
0.115712
0.144091
0.138303
0.0904907
0.160251
0.118204
0.0942047
0.152848
0.114559
0.128065
0.129761
0.0705055
0.105018
0.126158
0.120253
0.121373
0.122846
0.0952555
0.0933162
0.118203
0.104468
0.128507
0.086926
0.128485
0.0883476
0.0891654
0.126292
0.0842992
0.151185
0.0643812
0.0832972
0.15655
0.149161
0.171794
0.180016
0.127977
0.184851
0.150256
0.154162
0.127451
0.126321
0.157102
0.142713
0.123408
0.183487
0.148525
0.176908
0.150931
0.145245
0.175284
0.19707
0.183081
0.128874
0.123964
0.182917
0.154697
0.162952
0.144265
0.161888
0.136901
0.181552
0.130678
0.133768
0.157364
0.139319
0.120268
0.141365
0.0985464
0.134106
0.101668
0.0857378
0.106411
0.0795939
0.0972729
