0.166289
0.164705
0.167994
0.171372
0.18017
0.176593
0.188597
0.195022
0.199915
0.199064
0.199295
0.213919
0.213152
0.217711
0.221053
0.224534
0.228912
0.229275
0.230785
0.234997
0.220818
0.232141
0.233457
0.234284
0.245676
0.252315
0.26732
0.273234
0.277446
0.278055
0.282448
0.289612
0.28837
0.294627
0.295504
0.299001
0.301228
0.305512
0.300548
0.292886
0.291127
0.291677
0.287791
0.305965
0.308234
0.320013
0.333415
0.338783
0.341175
0.346353
0.333868
0.299243
0.282922
0.280757
0.280937
0.28045
0.301883
0.356479
0.365762
0.350624
0.314154
0.277011
0.235012
0.202947
0.194696
0.182506
0.184887
0.165746
0.157773
0.142742
0.138579
0.143505
0.144884
0.136532
0.135044
0.132681
0.135636
0.141219
0.144468
0.151502
0.149185
0.161995
0.154881
0.162457
0.154633
0.158742
0.161667
0.166302
0.168714
0.177094
0.18286
0.190209
0.200695
0.210949
0.228366
0.246038
0.262767
0.279676
0.300337
0.305265
0.311145
0.310573
0.298135
0.281234
0.251623
0.233859
0.218983
0.220763
0.22186
0.22425
0.226602
0.23472
0.234857
0.236518
0.23728
0.234769
0.226073
0.219792
0.217376
0.226988
0.225753
0.232808
0.241042
0.24629
0.254066
0.260035
0.261045
0.26888
0.273996
0.279923
0.281512
0.286028
0.284621
0.280937
0.280701
0.282313
0.294436
0.303244
0.296849
0.295305
0.269321
0.254965
0.234248
0.246541
0.251162
0.251436
0.259571
0.282184
0.270688
0.296353
0.316304
0.320642
0.326686
0.337213
0.338732
0.343325
0.344443
0.347239
0.349795
0.347646
0.348887
0.354343
0.352953
0.345797
0.316105
0.253919
0.201419
0.173004
0.150164
0.140447
0.13809
0.131058
0.125011
0.127113
0.129451
0.132788
0.136777
0.13907
0.141993
0.160272
0.16585
0.16545
0.174567
0.172008
0.173097
0.168408
0.161868
0.160702
0.162037
0.155566
0.151688
0.152046
0.157848
0.161269
0.161505
0.164863
0.163435
0.164011
0.159632
0.153906
0.134501
0.140956
0.134892
0.131004
0.140035
0.134427
0.150483
0.149748
0.156612
0.174393
0.180509
0.18548
0.18341
0.197811
0.195396
0.200176
0.20742
0.204167
0.214575
0.2201
0.217771
0.220191
0.21613
0.205688
0.191109
0.186146
0.165596
0.177837
0.177198
0.183221
0.188642
0.186124
0.187202
0.196399
0.200118
0.218293
0.225837
0.24013
0.252992
0.243957
0.257443
0.274651
0.27659
0.279175
0.28772
0.29057
0.292394
0.301131
0.305369
0.309597
0.314006
0.315359
0.321628
0.33123
0.312948
0.290601
0.270401
0.220003
0.215449
0.20091
0.190621
0.193674
0.206728
0.20085
0.216269
0.211714
0.211662
0.222937
0.241682
0.243453
0.243533
0.258422
0.263356
0.268089
0.277607
0.28132
0.278968
0.280915
0.283803
0.279298
0.264836
0.238709
0.209829
0.187027
0.157732
0.15198
0.147016
0.159889
0.160274
0.16717
0.196132
0.178532
0.188678
0.201383
0.199236
0.206136
0.19236
0.188982
0.190647
0.184705
0.172329
0.165055
0.161243
0.158368
0.150818
0.158975
0.158714
0.164489
0.167069
0.166126
0.166472
0.174718
0.162421
0.160003
0.160914
0.16466
0.144644
0.155653
0.146087
0.147339
0.156087
0.145633
0.15562
0.153467
0.147997
0.156722
0.150653
0.139847
0.152924
0.154901
0.160427
0.163709
0.164522
0.182812
0.195279
0.191351
0.194474
0.191572
0.198993
0.196932
0.201496
0.211468
0.213809
0.213314
0.203614
0.198065
0.195646
0.192743
0.187639
0.184286
0.173948
0.159365
0.170078
0.154284
0.15072
0.153897
0.167964
0.179665
0.183697
0.180034
0.177309
0.184281
0.189798
0.183153
0.19056
0.192891
0.190549
0.205278
0.206031
0.221564
0.234361
0.242792
0.253907
0.262871
0.264649
0.26604
0.257204
0.255224
0.240824
0.205528
0.177607
0.163898
0.144058
0.151429
0.137228
0.145214
0.15159
0.157602
0.172953
0.176202
0.158804
0.176748
0.160812
0.159577
0.150218
0.161761
0.141239
0.142994
0.142494
0.157956
0.150077
0.148876
0.15314
0.151372
0.158127
0.165581
0.170044
0.180639
0.200829
0.217231
0.235097
0.261754
0.284045
0.273255
0.288562
0.297687
0.277686
0.270379
0.239385
0.218059
0.211831
0.22162
0.229994
0.225508
0.22767
0.225859
0.21858
0.226017
0.212676
0.222798
0.224106
0.230808
0.221481
0.207842
0.208487
0.197553
0.181186
0.179498
0.181404
0.180231
0.188723
0.200454
0.192429
0.187096
0.182052
0.206628
0.188323
0.19446
0.195585
0.187182
0.191409
0.188672
0.189191
0.185345
0.192115
0.194842
0.202585
0.197631
0.218425
0.187232
0.205282
0.199087
0.183394
0.211368
0.192837
0.20951
0.200072
0.203639
0.211705
0.227961
0.213142
0.22284
0.223026
0.22554
0.233793
0.247168
0.259553
0.272676
0.281074
0.288644
0.332267
0.362192
0.378556
0.386654
0.374454
0.346433
0.294785
0.270662
0.217952
0.199939
0.210334
0.234605
0.248188
0.30984
0.36665
0.402496
0.437788
0.443247
0.419837
0.372209
0.285091
0.20996
0.186319
0.183464
0.178157
0.183121
0.182453
0.178832
0.176112
0.194709
0.199134
0.197962
0.192009
0.200453
0.188074
0.200558
0.212974
0.203176
0.203621
0.209904
0.206524
0.216054
0.210924
0.18778
0.171959
0.15663
0.158506
0.153512
0.164313
0.16244
0.141872
0.144559
0.144859
0.132993
0.110606
0.128278
0.117905
0.125518
0.130656
0.127021
0.139219
0.140819
0.133853
0.142192
0.145637
0.156733
0.164022
0.178696
0.199593
0.185187
0.165818
0.176457
0.17622
0.173189
0.174557
0.173266
0.160771
0.147572
0.155
0.154235
0.169775
0.151938
0.177402
0.170326
0.179756
0.18261
0.189295
0.199123
0.199368
0.18947
0.191996
0.176674
0.156736
0.13219
0.164338
0.15009
0.162528
0.177836
0.175671
0.149568
0.160722
0.178501
0.173947
0.169413
0.158207
0.177528
0.170597
0.175696
0.159727
0.17175
0.184616
0.193767
0.142024
0.158337
0.150951
0.15513
0.139364
0.141333
0.157903
0.131057
0.143821
0.130734
0.124835
0.115158
0.137662
0.140043
0.119091
0.124084
0.123268
0.156651
0.115809
0.146339
0.132652
0.120548
0.119568
0.129737
0.132069
0.116714
0.131261
0.120199
0.107078
0.105448
0.0925846
0.0959461
0.101547
0.0947921
0.11117
0.117131
0.128548
0.133143
0.149936
0.141469
0.169862
0.160659
0.175511
0.177159
0.167324
0.15765
0.127372
0.131208
0.0923323
0.0803437
0.0858174
0.0660331
0.081361
0.0923105
0.0780809
0.115608
0.127716
0.127208
0.134549
0.123167
0.139898
0.126331
0.144953
0.14438
0.124581
0.15368
0.141912
0.165697
0.16282
0.17929
0.170338
0.157583
0.166863
0.160431
0.164357
0.161519
0.157622
0.156461
0.153078
0.151185
0.128069
0.151609
0.150872
0.162001
0.183941
0.182849
0.153062
0.166338
0.148722
0.145454
0.160913
0.162865
0.172015
0.164327
0.144309
0.136816
0.148649
0.134439
0.123877
0.143948
0.123657
0.135645
0.131439
0.119423
0.121645
0.11251
0.104433
0.0860826
0.100039
0.084931
0.0774325
0.0728662
0.0926588
0.0771565
0.0871693
0.0577577
0.0692141
0.0534848
0.0511774
0.0708538
0.0566943
0.0682617
0.0621539
0.0495357
0.0541049
0.0556068
0.0594798
0.0627602
0.0523526
0.0468882
0.0448429
0.0542083
0.0495499
0.0461727
0.0528086
0.0550964
0.0575045
0.0666552
0.0570296
0.061764
0.0584528
0.0768286
0.0795037
0.0606012
0.0494783
0.0651416
0.0595897
0.0620123
0.0574446
0.0649151
0.0659192
0.0741546
0.0674879
0.0750669
0.0649927
0.0673075
0.0698908
0.0649862
0.0320571
0.0482627
0.0523061
0.0419216
0.0404793
0.04503
0.0501996
0.0460985
0.0421191
0.0563277
0.0496024
0.0508782
0.0529456
0.0592452
0.0595825
0.0497755
0.0576695
0.0412721
0.0429926
0.0492886
0.0606221
0.0568965
0.0552954
0.0541514
0.0442508
0.0532965
0.0657418
0.0641427
0.0844797
0.0942845
0.0980961
0.107039
0.108161
0.106259
0.0988973
0.0861212
0.0931106
0.113491
0.137224
0.127128
0.116099
0.117803
0.122563
0.11267
0.129822
0.116461
0.11114
0.1397
0.142121
0.158062
0.142693
0.157664
0.165405
0.175145
0.200638
0.191404
0.212777
0.192439
0.219248
0.230524
0.210026
0.222347
0.165943
0.145283
0.135384
0.122828
0.138555
0.143394
0.132886
0.146463
0.142711
0.147721
0.150341
0.127459
0.154412
0.152539
0.164392
0.178378
0.189621
0.163025
0.169418
0.143765
0.155371
0.146441
0.182412
0.187376
0.209632
0.184934
0.220991
0.217011
0.187422
0.211919
0.198055
0.164826
0.171521
0.140908
0.15897
0.149631
0.139469
0.113559
0.0942729
0.0895895
0.0679207
0.0687572
0.0535155
0.0421516
0.0487045
0.0327314
0.0198002
0.0106275
0.0174298
0.0238971
0.0167089
0.0120379
0.0144187
0.0125376
0.0169402
0.0126918
0.0124493
0.014495
0.0113453
0.0214425
0.028401
0.0204353
0.0316048
0.024577
0.0361381
0.0200978
0.0143005
0.0135907
0.0119075
0.00338778
0.00447815
0.00223142
0.00755842
0.00426006
0.00700989
0.00803685
0.0054645
0.00461136
0.00312117
0.00722264
0.0014018
0.0115422
0.0117188
0.0238108
0.0100323
0.01486
0.0212019
0.0101108
0.0188085
0.0132582
0.00901324
0.0059601
0.0118522
0.0151773
0.0144357
0.0168207
0.00692912
0.0178801
0.0102495
0.0143167
0.015312
0.0177555
0.0198184
0.0209337
0.0261142
0.0282651
0.0251961
0.0258542
0.0252959
0.0358027
0.0206548
0.0227965
0.0230836
0.0202884
0.0283019
0.0232092
0.0246218
0.0275264
0.0278076
0.0233278
0.0249091
0.022378
0.0192792
0.0284755
0.0280259
0.0327231
0.0296876
0.0500617
0.0389321
0.0334241
0.0278392
0.0258494
0.0271964
0.0240688
0.0282025
0.0226934
0.0224858
0.0234634
0.0262197
0.0278516
0.0348621
0.0228823
0.026987
0.0221149
0.0266565
0.0255045
0.0238552
0.0306313
0.0388955
0.042571
0.0420568
0.0554053
0.0476731
0.057406
0.0531086
0.051447
0.0548881
0.0491343
0.0538077
0.0596704
0.0522991
0.0595582
0.0648529
0.0578699
0.0703832
0.0598361
0.0675913
0.0710036
0.0656329
0.067944
0.0692459
0.0822357
0.083259
0.0781029
0.0956521
0.0937687
0.0984124
0.0973968
0.0876796
0.102614
0.112581
0.0998488
0.100243
0.0957601
0.100232
0.0994605
0.0967833
0.0868593
0.0962979
0.0887672
0.0926772
0.0963447
0.0997274
0.101506
0.0964656
0.109282
0.12148
0.105612
0.122476
0.121308
0.0865818
0.0971949
0.097169
0.0957528
0.0779662
0.0848067
0.0779281
0.080728
0.0890054
0.0753162
0.0955971
0.0822296
0.0852203
0.071785
0.0777295
0.0764109
0.0826204
0.0824051
0.074156
0.0759422
0.0820839
0.0838606
0.0753091
0.0770795
0.0707422
0.0786837
0.0616869
0.0620719
0.0612295
0.0565843
0.0662168
0.0455087
0.0573649
0.0575834
0.055094
0.0369002
0.0425716
0.042438
0.0504494
0.0440119
0.0446204
0.0464918
0.0390379
0.047464
0.0540254
0.0481822
0.0477293
0.0512804
0.0583536
0.0570824
0.0483668
0.0547642
0.0357129
0.0320064
0.0246477
0.0286123
0.0215559
0.0270731
0.0109783
0.00136742
0.00853858
0.00854243
0.018511
0.0092767
0.0067543
0
0.0102667
0.0130923
0.014374
0.0124574
0.0138381
0.0119215
0.0242983
0.0190761
0.0254925
0.0374978
0.0402351
0.0400709
0.0522791
0.0432443
0.0463511
0.0456195
0.039011
0.04327
0.0217217
0.0334075
0.0231261
0.0196342
0.0222622
0.027432
0.0253655
0.0108133
0.0173409
0.0183073
0.0214533
0.0221952
0.0227109
0.0174588
0.0227534
0.0132906
0.015934
0.0106861
0.0202631
0.0175132
0.0135201
0.0148854
0.0180314
0.0205519
0.0168881
0.0177136
0.0262272
0.0245405
0.0172013
0.0175001
0.0297533
0.0158524
0.0216692
0.0126711
0.0149772
0.0208249
0.0132552
0.0130737
0.017283
0.00605603
0.0273974
0.0177896
0.0188696
0.0134765
0.00961344
0.0165849
0.0216425
0.0227621
0.0173529
0.0210172
0.0187269
0.0315813
0.0341631
0.030723
0.0384441
0.0256023
0.0391231
0.0327721
0.0316857
0.03293
0.0326319
0.0302958
0.0239504
0.0172169
0.0197207
0.0188352
0.0197153
0.0210197
0.0154641
0.025569
0.0230388
0.0196344
0.0273042
0.0207331
0.0185547
0.0227766
0.0200346
0.0216819
0.0207286
0.0240396
0.0249389
0.0297169
0.0268865
0.0350078
0.0483319
0.047797
0.0426141
0.0517955
0.0465529
0.0499117
0.0483451
0.0352397
0.0419378
0.0437504
0.0463132
0.0399436
0.0325737
0.0362615
0.0432749
0.042551
0.0405995
0.0342526
0.0414579
0.0412086
0.0481656
0.0431403
0.0391382
0.0438652
0.0441362
0.0454572
0.0467519
0.0490753
0.0467436
0.0533057
0.0551694
0.0641887
0.0704197
0.102579
0.160196
0.31993
0.515242
0.598143
0.615513
0.599896
0.504551
0.314747
0.155425
0.0957977
0.0821683
0.0746945
0.0625112
0.059979
0.0660341
0.0689632
0.0594643
0.0663669
0.0636928
0.0593689
0.0608309
0.0657158
0.0608614
0.0600349
0.0580374
0.0606325
0.0582808
0.060422
0.0576187
0.0572009
0.0552152
0.0558684
0.0600336
0.0559978
0.0461233
0.0604867
0.0551864
0.0551295
0.0454022
0.0511598
0.0569244
0.0470639
0.050475
0.0540039
0.0520314
0.0467786
0.0568814
0.0540621
0.0568173
0.0503301
0.0558656
0.0569139
0.0582148
0.0601451
0.0643019
0.0615578
0.0594697
0.0581734
0.0622047
0.0684835
0.0537399
0.0582546
0.0585855
0.0671396
0.0645769
0.0614625
0.0597918
0.0600846
0.0623315
0.0608314
0.0531006
0.0487346
0.0533032
0.0457149
0.0536921
0.0585281
0.0472755
0.060478
0.0559352
0.0458433
0.0488869
0.061215
0.05535
0.047396
0.0457921
0.059535
0.0566363
0.0583402
0.0549351
0.0569318
0.0596878
0.0513816
0.0613904
0.0591763
0.0541176
0.0604679
0.0597778
0.0647288
0.060375
0.0614032
0.0542906
0.0597553
0.0585234
0.0636945
0.0592877
0.066703
0.0658049
0.058718
0.0662665
0.0682136
0.0570692
0.0677511
0.0632547
0.0659604
0.0695773
0.0795736
0.0699107
0.0745187
0.0902003
0.0699925
0.0743004
0.0784089
0.0944391
0.0677596
0.0762925
0.0785499
0.0773007
0.0758418
0.0648182
0.0770426
0.0673169
0.0803742
0.0773346
0.0785048
0.0710751
0.0770851
0.0749981
0.0728022
0.0674194
0.0761778
0.0937434
0.0856222
0.0581855
0.069968
0.0841496
0.0858029
0.06851
0.0934112
0.0741297
0.0924428
0.0811449
0.0805427
0.0999847
0.0985283
0.0948605
0.0797082
0.0844887
0.0987011
0.101055
0.116791
0.0717226
0.104198
0.0985725
0.0844136
0.0725679
0.111567
0.096266
0.101616
0.143579
0.111587
0.0961887
0.105708
0.11655
0.0861128
0.104198
0.128617
0.125199
0.122139
0.125478
0.143439
0.145097
0.104786
0.114966
0.101214
0.1229
0.0942614
0.0766567
0.0848542
0.0972357
0.099565
0.120265
0.0835605
0.0855913
0.108086
0.0510527
0.0999013
0.104624
0.081136
0.103672
0.0869715
0.0918912
0.0872195
0.0692706
0.0980822
0.0920737
0.0706615
0.0784644
0.0981908
0.0676602
0.102338
0.101957
0.0941646
0.0966152
0.0969282
0.0813502
0.0813376
0.0813221
0.0820714
0.0769509
0.101315
0.124847
0.106975
0.113517
0.0969642
0.124159
0.113578
0.102333
0.0796608
0.0678339
0.0677438
0.077941
0.0551253
0.0652261
0.0728314
0.064428
0.0713046
0.0626823
0.0691746
0.0653466
0.0732993
0.0712995
0.0588133
0.085679
0.0699175
0.0651899
0.0858808
0.0761203
0.0923426
0.098556
0.108299
0.108794
0.124914
0.136291
0.147577
0.144306
0.161204
0.165649
0.190281
0.207207
0.221137
0.222463
0.205111
0.179908
0.119989
0.0783575
0.0606229
0.0768791
0.066958
0.035712
0.0476227
0.0763248
0.0635138
0.0567861
0.0582171
0.0590841
0.0542279
0.0537923
0.058622
0.0727869
0.0448493
0.0665993
0.0663892
0.0608749
0.0535428
0.050043
0.0585886
0.0626259
0.0665602
0.0688815
0.0612679
0.0617933
0.0434359
0.0619073
0.0573875
0.060053
0.0645476
0.0619459
0.055541
0.0651322
0.058845
0.0531792
0.0621664
0.0637096
0.0605773
0.0616958
0.0553044
0.0672064
0.0652287
0.0600868
0.0647515
0.072359
0.0612024
0.0706044
0.0599924
0.0650537
0.063145
0.0674511
0.061012
0.0650887
0.0568123
0.0499446
0.0608632
0.0455961
0.0504735
0.0471851
0.0542519
0.047042
0.0491597
0.0452713
0.0384369
0.0481033
0.055485
0.051587
0.057206
0.0543474
0.0591429
0.0483154
0.0602727
0.0576655
0.0551198
0.0546005
0.0541525
0.0574233
0.0570585
0.0581589
0.055531
0.0523325
0.046579
0.0528947
0.0542485
0.0550257
0.0530606
0.0479288
0.0625941
0.0504867
0.0481564
0.0630216
0.0610701
0.0658745
0.0631555
0.0550977
0.0637757
0.0653014
0.0804723
0.0806383
0.0679285
0.069883
0.0880682
0.073308
0.0821462
0.0810865
0.0996711
0.0962947
0.117334
0.100916
0.117067
0.111933
0.105912
0.0868663
0.0764609
0.0551204
0.054729
0.0538979
0.0511587
0.0521189
0.0593174
0.0495117
0.053263
0.049824
0.0568509
0.0511675
0.0454543
0.0592178
0.0527689
0.0558197
0.0612637
0.0591881
0.0644679
0.0593594
0.0618931
0.0589326
0.0701273
0.0734821
0.0757375
0.0749363
0.0826902
0.0882444
0.0959382
0.0955921
0.10455
0.114437
0.126236
0.130726
0.147258
0.142821
0.149764
0.150199
0.140759
0.130253
0.124792
0.111428
0.105611
0.0987664
0.0766569
0.0763547
0.082878
0.0741088
0.0830334
0.0861277
0.0723302
0.0769146
0.0762456
0.0728885
0.0776097
0.0772108
0.0788793
0.0841924
0.0866708
0.0856516
0.0850916
0.0867148
0.0937922
0.0866745
0.0947267
0.104734
0.102748
0.103669
0.116327
0.114853
0.115959
0.130613
0.135703
0.13956
0.139596
0.154347
0.162827
0.167313
0.177865
0.174369
0.169524
0.164221
0.155297
0.147329
0.126586
0.116997
0.10533
0.0904866
0.0935876
0.0814763
0.0886292
0.0927122
0.0919058
0.0919642
0.0848165
0.0872739
0.0983197
0.0883224
0.0925221
0.0710127
0.0811021
0.0675307
0.0640847
0.0774643
0.0760553
0.0758313
0.0700195
0.0909308
0.075404
0.0671456
0.0784239
0.0710592
0.0741674
0.0725563
0.0749734
0.077099
0.0664172
0.0727512
0.077968
0.0839497
0.0826022
0.0718371
0.070317
0.0695761
0.0752529
0.0745996
0.0773738
0.0834287
0.0770029
0.0783786
0.0723922
0.0664574
0.0815483
0.0724395
0.0798905
0.0794172
0.0770481
0.0719301
0.0751742
0.0710473
0.0678846
0.0810905
0.0761378
0.0746117
0.0893619
0.0829216
0.0872096
0.083692
0.0862031
0.0952989
0.0943133
0.095765
0.0928662
0.0985698
0.100072
0.102708
0.0929696
0.0904615
0.0970949
0.102439
0.105671
0.102138
0.12106
0.117656
0.11831
0.11789
0.132269
0.133092
0.128037
0.138484
0.133687
0.133695
0.152228
0.144231
0.149725
0.153644
0.152869
0.1517
0.151798
0.137178
0.126901
0.130731
0.124076
0.101804
0.100111
0.10945
0.0991733
0.0919634
0.0877195
0.109098
0.118417
0.111315
0.11815
0.123626
0.147966
0.131642
0.134294
0.146339
0.157432
0.156688
0.156974
0.134304
0.147318
0.145326
0.138588
0.125977
0.137935
0.11663
0.141736
0.153124
0.107346
0.145952
0.113028
0.0975486
0.129991
0.114671
0.132134
0.133585
0.0974582
0.112061
0.10968
0.119262
0.13623
0.132984
0.104908
0.160809
0.128089
0.123833
0.124889
0.161746
0.199178
0.173091
0.142198
0.143406
0.181331
0.166551
0.163005
0.155815
0.191325
0.196423
0.17295
0.193786
0.201345
0.199653
0.194027
0.194001
0.207986
0.211897
0.219024
0.228235
0.218045
0.212698
0.212581
0.204887
0.204747
0.182163
0.184427
0.192043
0.154197
0.163601
0.135891
0.116525
0.115108
0.105189
0.104349
0.10931
0.122594
0.115103
0.115312
0.0960636
0.0988469
0.112293
0.0860281
0.128149
0.122714
0.110335
0.0783185
0.127908
0.128775
0.123545
0.146441
0.144555
0.15437
0.154652
0.146342
0.189584
0.15165
0.197581
0.182454
0.205225
0.226916
0.187524
0.215754
0.260839
0.221791
0.213784
0.209894
0.236618
0.243366
0.226182
0.259943
0.276203
0.257001
0.273242
0.251571
0.246695
0.249651
0.232975
0.256175
0.235221
0.229964
0.207765
0.203779
0.2279
0.182342
0.164723
0.135511
0.106973
0.137078
0.089525
0.100725
0.0752676
0.0671096
0.0730428
0.0943367
0.0746801
0.0863532
0.0937681
0.0965061
0.0484642
0.0862101
0.0987795
0.121823
0.101871
0.0824238
0.085777
0.112767
0.103627
0.117416
0.104493
0.0866258
0.0701518
0.0899853
0.0973367
0.0605355
0.128547
0.115242
0.0967963
0.0519676
0.0686496
0.136961
0.125782
0.0779245
0.126144
0.122575
0.126292
0.0860302
0.090338
0.136959
0.118517
0.0982269
0.0889459
0.0588079
0.0979902
0.131538
0.133563
0.112345
0.15172
0.107477
0.124386
0.119661
0.118873
0.107495
0.10612
0.130527
0.131028
0.107595
0.120552
0.130187
0.117083
0.135502
0.117265
0.150259
0.105951
0.116069
0.12388
0.0709009
0.110084
0.105778
0.161565
0.0901249
0.106834
0.0542433
0.068898
0.13762
0.0964971
0.0441904
0.0763442
0.0941285
0.129925
0.108427
0.110664
0.0674659
0.140039
0.0887323
0.108207
0.047131
0.0842658
0.0957393
0.0802302
0.09346
0.0618452
0.111336
0.0773549
0.0619521
0.102435
0.114743
0.160208
0.136511
0.0731832
0.135867
0.108599
0.13188
0.106037
0.0726978
0.137553
0.140207
0.11803
0.142815
0.123867
0.130382
0.121509
0.132892
0.149054
0.112861
0.172252
0.151045
0.112561
0.160698
0.122861
0.093359
0.169287
0.105424
0.148994
0.126069
0.098547
0.11277
0.102942
0.113369
0.119922
0.0763494
0.0745487
0.113287
0.089056
0.0817133
