0.1538
0.161311
0.159468
0.169272
0.172401
0.166898
0.173265
0.181336
0.181365
0.187419
0.188292
0.195482
0.194489
0.204797
0.203109
0.207617
0.213301
0.211703
0.218317
0.215491
0.205651
0.206702
0.214819
0.223298
0.224803
0.231232
0.246916
0.248443
0.255078
0.253244
0.256623
0.257879
0.26308
0.267424
0.26778
0.268932
0.275055
0.273614
0.275053
0.266177
0.264871
0.255145
0.261503
0.274691
0.280564
0.289526
0.296148
0.30488
0.303351
0.309934
0.302496
0.27451
0.260525
0.258811
0.257796
0.258335
0.276894
0.318107
0.325397
0.308001
0.278327
0.251174
0.203447
0.183434
0.179686
0.169296
0.175008
0.150182
0.14571
0.137365
0.134729
0.138877
0.135953
0.131871
0.128306
0.133429
0.129392
0.135065
0.13629
0.143567
0.142041
0.146952
0.145957
0.152234
0.147077
0.14556
0.154821
0.160768
0.158065
0.167246
0.172675
0.177504
0.184092
0.197947
0.205862
0.223259
0.238342
0.253041
0.267229
0.272869
0.280737
0.281064
0.271337
0.251645
0.229695
0.217478
0.206575
0.203393
0.205763
0.205924
0.209875
0.215375
0.219975
0.218399
0.21674
0.21395
0.210701
0.201034
0.194101
0.206958
0.201812
0.217692
0.218947
0.219327
0.229407
0.236123
0.2437
0.248023
0.248692
0.252268
0.2581
0.259096
0.260884
0.257822
0.258208
0.259751
0.268069
0.273177
0.269182
0.258944
0.240144
0.235602
0.212633
0.224698
0.23372
0.2349
0.238637
0.249477
0.244849
0.266467
0.277456
0.285049
0.291892
0.304085
0.305896
0.30998
0.309933
0.31219
0.310171
0.311888
0.315823
0.317857
0.317054
0.309541
0.281606
0.23222
0.190312
0.155984
0.145002
0.135886
0.135961
0.127713
0.1243
0.126012
0.126323
0.130082
0.138844
0.133851
0.14033
0.154024
0.154888
0.148825
0.168504
0.160987
0.157818
0.156502
0.151305
0.149997
0.157048
0.144418
0.140718
0.148447
0.14944
0.15404
0.156914
0.154279
0.153794
0.155582
0.152935
0.139821
0.126677
0.130393
0.125053
0.120091
0.127955
0.125712
0.13664
0.146337
0.151876
0.154181
0.169515
0.17382
0.170743
0.18387
0.183092
0.18742
0.193218
0.191917
0.199962
0.20092
0.200375
0.20501
0.202536
0.189958
0.171163
0.17162
0.151833
0.160351
0.16228
0.165036
0.173716
0.172193
0.176454
0.174966
0.179049
0.199574
0.207399
0.216297
0.228735
0.229986
0.227505
0.24938
0.252107
0.258517
0.256839
0.262675
0.261517
0.271633
0.273068
0.277839
0.280676
0.279367
0.289099
0.292099
0.27482
0.252911
0.224835
0.200596
0.190492
0.177038
0.184416
0.178174
0.186247
0.179465
0.183636
0.185999
0.194307
0.20225
0.21606
0.216783
0.222389
0.232812
0.242689
0.25329
0.246092
0.256169
0.25365
0.255849
0.257097
0.250974
0.244264
0.219832
0.196771
0.173843
0.15391
0.141192
0.14391
0.15289
0.152752
0.162116
0.177035
0.179914
0.164002
0.180601
0.189268
0.185951
0.165755
0.17809
0.18193
0.169471
0.163095
0.164185
0.149424
0.142579
0.138798
0.145914
0.147764
0.150364
0.157466
0.162164
0.146113
0.160858
0.155595
0.15315
0.147011
0.148632
0.133941
0.133941
0.122007
0.124946
0.132
0.131601
0.161419
0.146687
0.144817
0.141264
0.138511
0.142302
0.151631
0.154107
0.15542
0.151655
0.154645
0.168536
0.1763
0.17372
0.181582
0.18652
0.186765
0.180018
0.181767
0.196572
0.193789
0.194078
0.191013
0.175626
0.172425
0.171088
0.159302
0.163435
0.159693
0.147929
0.14106
0.132709
0.156852
0.154302
0.153672
0.149986
0.172842
0.160037
0.169108
0.160389
0.154812
0.162404
0.175125
0.178631
0.171795
0.191993
0.187633
0.201892
0.214734
0.220083
0.233292
0.234648
0.237059
0.240237
0.229177
0.225594
0.21045
0.193125
0.170525
0.152043
0.133496
0.132901
0.136046
0.137559
0.140747
0.138453
0.151405
0.158304
0.14222
0.144968
0.143384
0.151157
0.1565
0.147374
0.135563
0.136259
0.139681
0.139147
0.146107
0.139644
0.145943
0.146936
0.147574
0.148891
0.1578
0.165612
0.191417
0.203157
0.212508
0.237048
0.25314
0.252998
0.256406
0.257606
0.24413
0.238422
0.211372
0.205736
0.197044
0.196086
0.200108
0.205421
0.205332
0.199422
0.196113
0.20573
0.198063
0.196751
0.210356
0.20569
0.206745
0.188439
0.193567
0.181025
0.170343
0.171449
0.170332
0.165222
0.175944
0.17503
0.17543
0.176146
0.164218
0.180812
0.186861
0.159021
0.161885
0.157354
0.166044
0.193218
0.171982
0.175267
0.179485
0.184374
0.179468
0.158762
0.204605
0.169965
0.185397
0.180824
0.173983
0.189483
0.160447
0.191091
0.182775
0.176668
0.194315
0.199661
0.193738
0.207076
0.197699
0.207361
0.215327
0.227258
0.226485
0.233427
0.251225
0.253226
0.280799
0.331043
0.323884
0.315042
0.323478
0.307987
0.270157
0.25543
0.212401
0.186391
0.177834
0.219921
0.239686
0.299849
0.338239
0.382151
0.411681
0.434756
0.394742
0.350772
0.267191
0.190746
0.177568
0.18154
0.156201
0.165808
0.165104
0.162245
0.172381
0.165565
0.187449
0.168819
0.18647
0.170924
0.175544
0.1894
0.178075
0.180723
0.186222
0.188611
0.199661
0.196755
0.19176
0.168602
0.153046
0.143894
0.156349
0.144267
0.153902
0.140654
0.128311
0.135087
0.140927
0.11531
0.108711
0.127077
0.109059
0.123538
0.130381
0.124077
0.130061
0.137289
0.135896
0.13994
0.146439
0.152717
0.162174
0.171604
0.170029
0.167465
0.143234
0.164802
0.162791
0.158785
0.157049
0.165355
0.138686
0.138165
0.143594
0.131332
0.154978
0.142347
0.151721
0.15727
0.168835
0.166579
0.169343
0.172421
0.176252
0.185072
0.161065
0.156868
0.138318
0.121596
0.156653
0.138219
0.154806
0.166256
0.155957
0.145336
0.154007
0.165013
0.157317
0.16744
0.156351
0.147861
0.146481
0.14956
0.152008
0.162524
0.16856
0.164894
0.143512
0.122993
0.127831
0.142439
0.140426
0.124256
0.137347
0.12606
0.124465
0.118932
0.104224
0.118319
0.131647
0.128421
0.121411
0.112642
0.122059
0.131192
0.107703
0.115542
0.125489
0.109978
0.131662
0.114357
0.114639
0.121914
0.128518
0.105426
0.100963
0.112223
0.0907743
0.0777816
0.100207
0.0958378
0.119879
0.11186
0.119144
0.114952
0.13539
0.138801
0.147793
0.152652
0.155985
0.157721
0.159975
0.137226
0.119099
0.10775
0.0927085
0.0779306
0.0812086
0.0587078
0.081476
0.0676279
0.0874844
0.110449
0.110116
0.117273
0.113846
0.11112
0.13487
0.120565
0.12326
0.139929
0.128144
0.132989
0.122593
0.147652
0.14156
0.151427
0.155347
0.14557
0.15346
0.159424
0.15911
0.146273
0.13732
0.124034
0.149114
0.127751
0.126594
0.13883
0.122753
0.135073
0.149948
0.142304
0.156631
0.139799
0.138026
0.119953
0.131217
0.154547
0.156331
0.153859
0.126298
0.154953
0.110602
0.145104
0.11183
0.147618
0.106908
0.123631
0.121456
0.114086
0.120708
0.0949934
0.0932215
0.0843703
0.0788833
0.0755826
0.0797878
0.0682168
0.0785028
0.0702608
0.0632286
0.0561365
0.0577935
0.0610594
0.058972
0.0605151
0.0623907
0.058848
0.0573037
0.0557082
0.0392586
0.0650401
0.0593667
0.065017
0.0530307
0.0475483
0.0509164
0.045335
0.0475828
0.055873
0.0569629
0.0474347
0.0576789
0.0652091
0.0678251
0.0709037
0.0467802
0.0728559
0.0941662
0.0504049
0.0570906
0.0684381
0.0587422
0.0553187
0.0540491
0.065556
0.0662468
0.0736258
0.0687305
0.0717249
0.0629805
0.0556742
0.0531366
0.0573651
0.0205212
0.036163
0.0537916
0.0412483
0.0383572
0.0446616
0.0406708
0.0523495
0.0414416
0.0613967
0.0413276
0.0455934
0.0598568
0.0551253
0.0669307
0.0484037
0.0589198
0.0411289
0.0517619
0.0532911
0.060631
0.0690406
0.052073
0.0427297
0.0534083
0.0543945
0.0533341
0.0623437
0.0862015
0.0972332
0.0780416
0.089301
0.106759
0.103539
0.0971775
0.0796039
0.0888956
0.107096
0.118321
0.121481
0.118079
0.118254
0.116023
0.101837
0.11502
0.116396
0.119761
0.119213
0.128489
0.141143
0.115428
0.137569
0.143027
0.152442
0.169131
0.169515
0.181079
0.191743
0.208768
0.200956
0.184375
0.193174
0.156911
0.144859
0.111555
0.116898
0.120666
0.122192
0.128369
0.126029
0.130199
0.128895
0.145216
0.138331
0.124019
0.14767
0.149358
0.160016
0.172185
0.174612
0.152694
0.138281
0.153121
0.151592
0.163182
0.17085
0.177212
0.168604
0.18664
0.178421
0.182971
0.170744
0.159799
0.151427
0.140808
0.128361
0.139055
0.151222
0.133361
0.0977063
0.0973028
0.0859894
0.0817182
0.0577787
0.0413798
0.0422382
0.0483774
0.0301596
0.0261075
0.0172805
0.0189296
0.0229532
0.0122734
0.0120303
0.0195493
0.0204453
0.0125515
0.0182143
0.0110901
0.0150288
0.0177557
0.0199801
0.0285413
0.0225031
0.0274984
0.0233643
0.0332374
0.0286902
0.0202122
0.0150935
0.00902213
0.0070949
0.010906
0.00610201
0.00823762
0.0170723
0.012663
0.00989277
0.0102896
0.00634326
0.00495168
0.00403455
0.00728618
0.0153876
0.00907175
0.0156661
0.0157399
0.0127912
0.0169153
0.0119753
0.0204941
0.01428
0.0124382
0.0142493
0.0166137
0.0167248
0.0128065
0.0180474
0.0110946
0.0158571
0.0133173
0.0160776
0.0219311
0.0158194
0.0219259
0.0214977
0.0257358
0.0303432
0.027689
0.0324947
0.0238547
0.0300799
0.0201428
0.0231957
0.0217387
0.0242433
0.0298934
0.0235312
0.0248069
0.0247227
0.028665
0.0272628
0.024701
0.0244305
0.0241681
0.0313425
0.0292752
0.0305038
0.0317612
0.0372652
0.0390848
0.0260583
0.0277624
0.0231422
0.027332
0.0308696
0.0227169
0.0260793
0.0273723
0.0213703
0.0261848
0.0209379
0.0298507
0.027368
0.0236267
0.0267057
0.0261025
0.0292118
0.027803
0.0252863
0.0347841
0.0338233
0.0437241
0.0468254
0.0481506
0.0445977
0.0552195
0.0587727
0.0502755
0.0449677
0.0465593
0.0592416
0.0504321
0.0593878
0.0610719
0.0517923
0.0537444
0.0575105
0.06905
0.0693268
0.0708014
0.0610477
0.0742766
0.080742
0.0760061
0.0803212
0.0745983
0.0796016
0.0798452
0.0936975
0.0839634
0.100479
0.0901823
0.0841406
0.0845092
0.0856732
0.0944
0.0931033
0.089122
0.0812165
0.0880639
0.0820123
0.088757
0.0890164
0.0927269
0.0812927
0.0875912
0.102562
0.101935
0.106688
0.098747
0.101712
0.0747209
0.0787795
0.0869539
0.078534
0.0878094
0.0741684
0.0762689
0.0720473
0.0631514
0.0812961
0.0714098
0.0746
0.0842881
0.0721229
0.0724995
0.0618065
0.0858146
0.0683088
0.0713679
0.0784656
0.0762471
0.0717196
0.0836305
0.0795527
0.0695003
0.0684622
0.0644904
0.0699502
0.0617227
0.0489702
0.0642085
0.0467313
0.0477575
0.0571221
0.0523088
0.0422974
0.0384618
0.0430756
0.0387107
0.0523425
0.0469075
0.0494192
0.0408974
0.0323279
0.0429005
0.0372106
0.0413133
0.0506862
0.0639836
0.0528462
0.041971
0.0505164
0.0349742
0.0410976
0.0430776
0.0330608
0.0155702
0.0210338
0.00831762
0.00446206
0.000626659
0.00885675
0.0127263
0.0137477
0.0186783
0
0.0132033
0.0182308
0.0195606
0.0114877
0.0153697
0.0155174
0.0248818
0.0239544
0.032447
0.0389936
0.0342708
0.0359998
0.0449673
0.033381
0.0430916
0.0438153
0.0431135
0.0389432
0.0302508
0.0372788
0.0244975
0.0184177
0.0237499
0.0311308
0.0215673
0.0182396
0.0181416
0.0247045
0.028944
0.0124865
0.0202384
0.0169012
0.0159987
0.013209
0.0201057
0.023813
0.0173975
0.0237768
0.0217233
0.0203191
0.024087
0.0217075
0.0284321
0.0183531
0.019966
0.0126533
0.0246242
0.0205326
0.0256406
0.0177724
0.0281772
0.0244535
0.0151354
0.0215591
0.00855659
0.0153312
0.0166847
0.0121973
0.0279694
0.024563
0.0176319
0.0152498
0.0183847
0.0197242
0.0198
0.0288351
0.0199753
0.0182785
0.0275599
0.0319286
0.0339754
0.039523
0.0333294
0.0381721
0.03605
0.030501
0.0322905
0.031425
0.0217172
0.0266025
0.0244065
0.0237844
0.0229127
0.0193961
0.0214788
0.0218405
0.016094
0.0230817
0.0257173
0.0245837
0.0266315
0.0159158
0.0164147
0.0197562
0.0222127
0.0201299
0.0242578
0.0231166
0.0290615
0.0297757
0.0320716
0.0355041
0.0414028
0.0461816
0.0355802
0.0459686
0.0390336
0.0552698
0.0475004
0.0417984
0.0381786
0.037841
0.0445504
0.0354949
0.036113
0.0346661
0.0361687
0.0448864
0.0365037
0.0312163
0.0359093
0.0429768
0.0479657
0.0409734
0.0389436
0.0393692
0.0400199
0.0382267
0.0436105
0.0384139
0.0469708
0.0492957
0.0572576
0.0562338
0.0669946
0.100663
0.153004
0.314769
0.493339
0.574284
0.599308
0.58279
0.488907
0.30574
0.149475
0.0910939
0.0736593
0.0676258
0.0646958
0.0576134
0.0601282
0.0583844
0.0518949
0.0573994
0.058489
0.0515467
0.0533054
0.0496598
0.0525022
0.0558335
0.0561757
0.0524111
0.0521276
0.0553162
0.0534592
0.0492443
0.053339
0.053475
0.0508494
0.0487703
0.0455931
0.0503236
0.0469266
0.0492257
0.0441856
0.0404945
0.0533551
0.0521128
0.0528297
0.0521899
0.0477666
0.0496885
0.0464058
0.0483874
0.0564497
0.0501262
0.0531226
0.0512856
0.0528639
0.0591536
0.0566033
0.0518895
0.0550501
0.0534034
0.05415
0.0543809
0.0541522
0.0567019
0.0479778
0.0502974
0.0580381
0.0531178
0.0556919
0.0577755
0.0505068
0.0566354
0.054817
0.0435937
0.0426764
0.0448946
0.0533285
0.0536253
0.0408678
0.0566017
0.0532083
0.0455608
0.0526557
0.0547141
0.0482452
0.0460148
0.0451667
0.0531213
0.0520416
0.0533431
0.0553515
0.053341
0.0488052
0.041827
0.0631437
0.0492808
0.0530199
0.0471428
0.0601687
0.0516304
0.0545645
0.0540056
0.0528899
0.0592979
0.0564535
0.051602
0.0628264
0.0663648
0.0661062
0.0575805
0.0502853
0.06305
0.0763674
0.0767395
0.0593581
0.0705747
0.0649583
0.0772739
0.0737394
0.0749579
0.0908087
0.0697904
0.0811495
0.0867106
0.0775083
0.0624428
0.0731122
0.0816587
0.0773899
0.0705561
0.0754927
0.0697468
0.0548558
0.0611912
0.0737068
0.0714047
0.0650443
0.0722631
0.0765812
0.0666865
0.059707
0.0618629
0.0829445
0.0840308
0.0542171
0.0556809
0.0654203
0.073553
0.0688955
0.0702216
0.0583369
0.0826165
0.0736059
0.0481907
0.0652299
0.0981796
0.111872
0.0852189
0.0650522
0.107247
0.108351
0.0827805
0.0785474
0.108028
0.0843504
0.0998915
0.103122
0.0936682
0.096056
0.090479
0.101496
0.125945
0.0909801
0.120053
0.108689
0.100224
0.113995
0.107594
0.130122
0.127303
0.123463
0.120895
0.138138
0.138108
0.114727
0.11689
0.130306
0.100258
0.105603
0.100227
0.119206
0.0865553
0.101013
0.100736
0.0750827
0.110769
0.0912652
0.103081
0.0821983
0.0901156
0.0933259
0.0803276
0.0758407
0.103725
0.088235
0.0793145
0.0779992
0.0964923
0.100189
0.0874666
0.0963179
0.0863685
0.091053
0.0808585
0.0867763
0.0750302
0.0886258
0.093421
0.0932852
0.0812386
0.0779522
0.0887328
0.110998
0.0998574
0.118822
0.0908164
0.111732
0.105121
0.100063
0.0834047
0.0825317
0.0612817
0.0675715
0.0430881
0.0787716
0.071405
0.0645128
0.0746698
0.0706808
0.0774004
0.075376
0.0843435
0.0767848
0.0734413
0.0797787
0.0654944
0.0663938
0.0802819
0.0739561
0.07008
0.0893284
0.107579
0.0992551
0.102261
0.130707
0.144702
0.146151
0.145077
0.168216
0.174148
0.190734
0.201076
0.210425
0.186343
0.16196
0.117928
0.0748839
0.0678537
0.0758305
0.048439
0.0363182
0.0474387
0.0789886
0.0588784
0.0508053
0.0703295
0.0593097
0.0527723
0.0666755
0.0590359
0.0699249
0.0632048
0.0621299
0.0574788
0.0540995
0.0588804
0.0590493
0.054653
0.0512716
0.061091
0.058063
0.0528014
0.0552704
0.0506853
0.0568173
0.0566315
0.0579864
0.0534665
0.0627789
0.0510329
0.0639428
0.0469039
0.0451602
0.0592703
0.0596932
0.0578316
0.0535493
0.0562326
0.0565785
0.0580111
0.0512847
0.0537831
0.0597346
0.0628298
0.0594889
0.0591498
0.0659524
0.0569737
0.068205
0.0554273
0.0537926
0.0589913
0.0580546
0.0487584
0.0477219
0.0570498
0.0515955
0.0624977
0.0493343
0.0483805
0.0537822
0.0403794
0.0443242
0.0618711
0.0582005
0.0449694
0.0608995
0.0530655
0.0565773
0.0511223
0.0518073
0.055752
0.0462647
0.0487787
0.052687
0.0533028
0.0584302
0.0504285
0.0462564
0.0425081
0.0487994
0.0472751
0.0539376
0.04577
0.0449623
0.0572972
0.046861
0.0542808
0.0593747
0.0567972
0.0600532
0.0581304
0.05498
0.0583856
0.0608014
0.0689777
0.0692777
0.0739855
0.0689893
0.0781265
0.0712615
0.0794613
0.0867726
0.08854
0.090926
0.111629
0.0925933
0.103
0.0983363
0.0989557
0.0771934
0.0727012
0.0586398
0.0617475
0.0455764
0.0495483
0.0491265
0.0484364
0.0496844
0.0503323
0.0515027
0.0476824
0.0419542
0.0445819
0.0505627
0.0525871
0.0535509
0.0533433
0.0525836
0.0550345
0.0545959
0.0548984
0.0538667
0.0598054
0.0713991
0.0681062
0.069096
0.0787947
0.0860497
0.086577
0.085295
0.0988341
0.10449
0.123552
0.117843
0.129308
0.135839
0.140239
0.143458
0.125727
0.118318
0.119797
0.110505
0.101219
0.0856327
0.0789911
0.0798948
0.0859129
0.0683305
0.0801292
0.07354
0.0717367
0.0718258
0.0757524
0.0752538
0.0752749
0.0691577
0.0726379
0.0824759
0.0865159
0.082516
0.0754143
0.0791372
0.087422
0.0855349
0.0869406
0.093093
0.0907261
0.0987809
0.106885
0.107082
0.103731
0.11819
0.117653
0.125983
0.131863
0.137594
0.150549
0.157223
0.157028
0.15904
0.148719
0.148043
0.141013
0.128772
0.119861
0.106166
0.0972708
0.0831397
0.078718
0.077553
0.0829514
0.0865175
0.0781704
0.0818327
0.0833277
0.0838847
0.0834067
0.0893341
0.0839222
0.0695293
0.075582
0.075533
0.0702959
0.0699786
0.0697553
0.0670106
0.0629533
0.0869399
0.0602958
0.0689965
0.0604625
0.0708945
0.0737259
0.0769017
0.0673936
0.0713845
0.063439
0.0666826
0.0669738
0.0678816
0.0641801
0.0708963
0.0693401
0.0623194
0.0656272
0.0727326
0.0715105
0.0714092
0.0760142
0.0738221
0.0664475
0.0582237
0.0683322
0.0669867
0.0715532
0.0670891
0.0686537
0.0636232
0.0694597
0.0631422
0.0611701
0.0672399
0.0739705
0.0697127
0.0861634
0.064416
0.0721536
0.0793456
0.0842383
0.0872373
0.0907072
0.0950895
0.096908
0.0949059
0.103088
0.0989608
0.0969136
0.0961351
0.102171
0.107076
0.106055
0.110058
0.121327
0.121657
0.11769
0.124927
0.131501
0.131754
0.128614
0.131223
0.140576
0.128628
0.145099
0.125966
0.137204
0.123434
0.142977
0.147546
0.140878
0.124859
0.116961
0.134671
0.109624
0.11974
0.0975875
0.118437
0.0983094
0.100867
0.0959679
0.0996273
0.121201
0.130325
0.123252
0.114929
0.139365
0.136543
0.134119
0.139938
0.14519
0.145988
0.165369
0.144626
0.131153
0.128626
0.143127
0.137681
0.135047
0.127842
0.163891
0.143005
0.111443
0.134192
0.109121
0.0964744
0.114846
0.114052
0.132315
0.133389
0.113473
0.139855
0.120141
0.129406
0.159204
0.124241
0.155813
0.163096
0.129335
0.137891
0.139688
0.148929
0.168345
0.166333
0.139232
0.150212
0.162355
0.174574
0.165177
0.155366
0.168024
0.187016
0.169506
0.186846
0.194254
0.197647
0.188139
0.187414
0.192602
0.196316
0.208268
0.216283
0.199248
0.187243
0.191853
0.204501
0.179164
0.185073
0.157048
0.170936
0.165323
0.152854
0.140004
0.129159
0.117641
0.0934764
0.120741
0.115837
0.106745
0.119225
0.132039
0.0897953
0.0960215
0.123507
0.0882574
0.122179
0.123495
0.110688
0.130509
0.149731
0.134861
0.130754
0.156112
0.135718
0.157686
0.143038
0.164962
0.151429
0.159463
0.205781
0.164471
0.19935
0.211645
0.180097
0.19828
0.217396
0.214027
0.208557
0.221991
0.215273
0.239618
0.235938
0.22899
0.247221
0.221829
0.249352
0.243582
0.228382
0.22736
0.204986
0.248744
0.219716
0.218115
0.209933
0.207207
0.230525
0.15328
0.176618
0.163345
0.131071
0.108783
0.107891
0.119162
0.0866934
0.0598454
0.092441
0.119267
0.0934865
0.129316
0.13362
0.104213
0.0648009
0.100831
0.144083
0.101258
0.117055
0.0912267
0.122157
0.116313
0.130104
0.102933
0.106015
0.0661292
0.105837
0.143535
0.131383
0.109871
0.103294
0.0786253
0.0743554
0.0829079
0.137918
0.152494
0.139457
0.115781
0.148183
0.118146
0.139921
0.10535
0.0703414
0.180451
0.143523
0.101958
0.140513
0.111331
0.118377
0.101086
0.137374
0.144727
0.163042
0.118555
0.0913979
0.124817
0.13391
0.107935
0.117817
0.136495
0.158448
0.130049
0.129624
0.138677
0.101771
0.132546
0.0900181
0.119216
0.129138
0.107433
0.147411
0.0808266
0.1042
0.130231
0.140149
0.0747366
0.104003
0.125972
0.105475
0.144587
0.112605
0.125145
0.135204
0.101168
0.0899556
0.0938334
0.103398
0.0838201
0.130236
0.130989
0.083753
0.0553453
0.117577
0.0779361
0.104787
0.152172
0.113325
0.132968
0.126627
0.0988621
0.0970685
0.120804
0.15914
0.155614
0.12363
0.126456
0.112313
0.128102
0.11261
0.111186
0.143704
0.140922
0.161268
0.136648
0.16553
0.139289
0.151002
0.160293
0.152357
0.105983
0.141948
0.159419
0.131655
0.118166
0.129792
0.1139
0.165743
0.0900321
0.16331
0.178704
0.14063
0.107057
0.146313
0.118893
0.114618
0.111677
0.0870923
0.142688
0.096962
0.100567
