0.168085
0.173555
0.176832
0.18267
0.187554
0.190408
0.189571
0.202
0.207803
0.210892
0.210489
0.220429
0.222349
0.231957
0.233302
0.236075
0.245601
0.24462
0.243976
0.246386
0.236446
0.241341
0.244663
0.257596
0.266589
0.271384
0.281174
0.292049
0.296992
0.295531
0.29868
0.305504
0.30544
0.312876
0.316388
0.319914
0.326918
0.3275
0.32106
0.313709
0.310281
0.301827
0.308355
0.325124
0.340394
0.340503
0.355909
0.359623
0.364759
0.366535
0.354084
0.316642
0.2993
0.297181
0.296981
0.297276
0.318982
0.379933
0.391348
0.375738
0.340518
0.296519
0.241527
0.22319
0.214321
0.198372
0.190105
0.179622
0.165654
0.150633
0.153646
0.145095
0.146753
0.142215
0.1383
0.136418
0.142016
0.146219
0.14477
0.155165
0.151705
0.163833
0.158412
0.169062
0.163842
0.165995
0.165792
0.170709
0.176268
0.185699
0.190871
0.199525
0.208871
0.226889
0.23753
0.264117
0.287489
0.302895
0.325097
0.333742
0.335216
0.335164
0.321448
0.303922
0.270747
0.245539
0.23762
0.230047
0.232246
0.23475
0.239105
0.245063
0.249807
0.250441
0.253811
0.247634
0.244136
0.235698
0.235069
0.23524
0.236173
0.246655
0.244515
0.257068
0.272962
0.272268
0.282063
0.28813
0.29115
0.294971
0.299108
0.303457
0.301482
0.297821
0.297397
0.298813
0.313934
0.326628
0.322118
0.316085
0.288773
0.273823
0.254298
0.263038
0.270613
0.281714
0.284461
0.297906
0.29729
0.315023
0.330173
0.337315
0.347987
0.36161
0.365484
0.369983
0.369919
0.370447
0.371553
0.370845
0.37412
0.37791
0.380582
0.371828
0.336078
0.268127
0.215213
0.173045
0.152382
0.14061
0.136638
0.132094
0.129677
0.126978
0.132069
0.14016
0.142676
0.133059
0.151384
0.166127
0.178884
0.182309
0.177501
0.188123
0.182346
0.174071
0.170986
0.168941
0.169983
0.157629
0.155338
0.162959
0.164332
0.165781
0.175031
0.166424
0.168105
0.170971
0.172325
0.152984
0.151574
0.150852
0.142041
0.138152
0.139361
0.136889
0.157988
0.157962
0.168762
0.177944
0.188906
0.190978
0.18841
0.20244
0.206139
0.213486
0.216996
0.221731
0.225057
0.229753
0.231078
0.233398
0.227356
0.215534
0.198184
0.192461
0.178033
0.180506
0.195887
0.195381
0.206468
0.200056
0.201262
0.208373
0.209625
0.229948
0.235443
0.24693
0.266736
0.262579
0.274706
0.286785
0.297642
0.301348
0.303509
0.312132
0.314161
0.322508
0.324358
0.331998
0.338393
0.342779
0.351659
0.357256
0.342158
0.319903
0.273061
0.23802
0.223049
0.215481
0.209103
0.199828
0.213631
0.221297
0.230655
0.218673
0.233468
0.240982
0.256143
0.251429
0.265058
0.266192
0.277687
0.288531
0.294094
0.297142
0.293113
0.304397
0.305456
0.295393
0.285474
0.256492
0.22527
0.188698
0.165183
0.155282
0.155992
0.161357
0.16242
0.174228
0.187844
0.198092
0.19219
0.207609
0.210949
0.218723
0.205815
0.193324
0.215978
0.189255
0.187879
0.170995
0.167052
0.159919
0.162143
0.156804
0.155092
0.166658
0.170094
0.174293
0.170306
0.173155
0.17462
0.17382
0.169735
0.186706
0.156132
0.154285
0.163999
0.154846
0.160054
0.154221
0.173077
0.160732
0.153114
0.145117
0.153376
0.146419
0.160334
0.157344
0.167821
0.174914
0.185904
0.189356
0.190857
0.195408
0.205557
0.197192
0.209268
0.211181
0.214794
0.229606
0.227993
0.227558
0.219523
0.20264
0.200834
0.209297
0.189141
0.182539
0.190801
0.16456
0.161754
0.165648
0.164244
0.17619
0.183662
0.174558
0.203017
0.182173
0.189722
0.197861
0.189566
0.193405
0.193174
0.199417
0.198735
0.215318
0.221777
0.229413
0.244615
0.25974
0.278633
0.280978
0.284433
0.284027
0.273607
0.269562
0.25417
0.222632
0.200488
0.171508
0.165231
0.157891
0.149942
0.156576
0.158598
0.163721
0.186164
0.178076
0.171664
0.165992
0.179866
0.164259
0.180598
0.162248
0.145216
0.153435
0.152978
0.14706
0.163054
0.156289
0.15931
0.158834
0.165128
0.172508
0.1741
0.187088
0.207663
0.23498
0.253716
0.277539
0.30399
0.306489
0.306776
0.306754
0.291385
0.279649
0.249876
0.246914
0.242065
0.237022
0.239374
0.246841
0.249027
0.237458
0.243694
0.229479
0.227094
0.232089
0.233007
0.242123
0.239321
0.22595
0.222654
0.210465
0.186537
0.190685
0.18638
0.186886
0.196618
0.214288
0.221039
0.20515
0.210997
0.200407
0.204356
0.191304
0.186471
0.195734
0.18378
0.198502
0.191182
0.204029
0.193777
0.213147
0.223975
0.205292
0.22782
0.203414
0.216995
0.224508
0.205163
0.196948
0.196948
0.222639
0.22404
0.214217
0.218939
0.226017
0.226913
0.231685
0.236342
0.242671
0.248152
0.258526
0.261958
0.285377
0.295864
0.316796
0.358719
0.40941
0.421953
0.421005
0.398995
0.369354
0.329648
0.297638
0.239012
0.208373
0.211351
0.24561
0.263661
0.333264
0.388603
0.431234
0.465735
0.473289
0.445291
0.378444
0.297262
0.231142
0.191269
0.203289
0.18625
0.172334
0.194367
0.198328
0.196943
0.19879
0.215985
0.203565
0.203769
0.20702
0.20224
0.212832
0.215911
0.21848
0.217604
0.217887
0.221459
0.223428
0.210483
0.194348
0.160924
0.165377
0.172165
0.173935
0.158703
0.170751
0.157893
0.153337
0.149622
0.130961
0.123307
0.134579
0.132076
0.118881
0.134026
0.127807
0.142846
0.145605
0.135919
0.148009
0.155415
0.158625
0.156461
0.181701
0.200781
0.192437
0.172798
0.19076
0.184044
0.185501
0.176226
0.186171
0.172436
0.173106
0.165198
0.154127
0.159704
0.168222
0.181486
0.163048
0.188813
0.191278
0.195292
0.20501
0.211083
0.213821
0.193916
0.183006
0.155336
0.152301
0.162168
0.16277
0.166073
0.170384
0.176913
0.161126
0.166166
0.175115
0.180686
0.179649
0.172596
0.179773
0.174708
0.190101
0.175669
0.17782
0.185668
0.195781
0.16734
0.17153
0.161865
0.16488
0.163177
0.162738
0.137616
0.144329
0.133971
0.141642
0.123646
0.12152
0.132172
0.136394
0.128575
0.108739
0.151596
0.159361
0.133835
0.143909
0.131171
0.129614
0.12798
0.134522
0.134632
0.123595
0.121855
0.128586
0.110831
0.102338
0.0965722
0.0913728
0.109965
0.106732
0.122089
0.123883
0.140184
0.135559
0.149811
0.141207
0.175959
0.171805
0.192866
0.174247
0.19072
0.16694
0.144232
0.125365
0.0938564
0.0908204
0.0805392
0.0799765
0.0864455
0.0998959
0.11159
0.116164
0.128921
0.129629
0.153061
0.12416
0.135959
0.135001
0.143257
0.143389
0.135302
0.138663
0.132724
0.174231
0.176262
0.17179
0.165251
0.17585
0.174936
0.189535
0.194769
0.169612
0.166658
0.161056
0.151892
0.162517
0.140361
0.156285
0.147775
0.145303
0.170657
0.172457
0.161946
0.154951
0.164722
0.155726
0.151689
0.165255
0.170464
0.1802
0.163629
0.138045
0.15611
0.157181
0.127768
0.155404
0.127564
0.150085
0.130847
0.134181
0.122128
0.110463
0.0927952
0.0883833
0.0831387
0.0900354
0.083001
0.0763642
0.086023
0.0809065
0.0716234
0.0677238
0.0565166
0.0565779
0.0582044
0.0667348
0.0628039
0.0736014
0.071909
0.0587187
0.051923
0.0620509
0.0633454
0.058122
0.0591228
0.0525935
0.0536886
0.0479992
0.0431925
0.046775
0.0612729
0.0606672
0.0648553
0.0704606
0.0556994
0.0754184
0.051408
0.0719461
0.0949821
0.0716999
0.0580188
0.0588958
0.0504151
0.0653072
0.0689378
0.075928
0.0649457
0.0780549
0.0579526
0.0737221
0.064299
0.0711584
0.0650841
0.0574216
0.0344738
0.0437071
0.0596005
0.0522558
0.0458749
0.0379404
0.0472261
0.0361909
0.0372662
0.0632867
0.0616957
0.0437915
0.0585669
0.0626946
0.0622655
0.0505077
0.0480928
0.0526496
0.0433072
0.0530481
0.062385
0.0526593
0.0571611
0.0478482
0.0472917
0.0489422
0.0595252
0.0669729
0.0990525
0.099317
0.0975077
0.106922
0.108438
0.120675
0.107715
0.0990398
0.111628
0.112573
0.131173
0.117245
0.115788
0.116121
0.113532
0.128995
0.129261
0.124375
0.13057
0.133788
0.150306
0.16126
0.147119
0.173776
0.179275
0.197952
0.217886
0.205818
0.213789
0.214688
0.235402
0.229986
0.22309
0.221263
0.175322
0.164255
0.131069
0.121205
0.14315
0.156839
0.133338
0.139389
0.131343
0.164933
0.167438
0.164887
0.149676
0.155708
0.192648
0.193563
0.188107
0.193638
0.175124
0.165363
0.169257
0.134502
0.178804
0.178975
0.218235
0.216893
0.232024
0.240973
0.202427
0.210891
0.203225
0.179194
0.184475
0.150615
0.145929
0.145808
0.133834
0.128724
0.115952
0.0993741
0.0723984
0.0666647
0.0580774
0.0426088
0.0435389
0.0292776
0.0258561
0.0111453
0.0126963
0.0148578
0.0123072
0.0162444
0.0147731
0.00872405
0.014294
0.0116559
0.00773055
0.0103989
0.0107807
0.0170677
0.0276586
0.0192035
0.0199157
0.0244471
0.0268585
0.0222637
0.0125319
0.00606021
0.00941295
0.005796
0.00669125
0.00196576
0.00861935
0.00310267
0.00721631
0.00483638
0.000361241
0.00125152
0.00495412
0
0.00799592
0.00186012
0.0102853
0.0158061
0.0146241
0.0231158
0.0208079
0.0150176
0.0238368
0.0103694
0.00834981
0.0092616
0.00619879
0.00734577
0.016564
0.0213993
0.014497
0.00854431
0.0149536
0.0128796
0.0160524
0.0142003
0.0202965
0.0211064
0.0232578
0.026636
0.0276157
0.0309913
0.0275294
0.0267493
0.0249578
0.0268767
0.0164999
0.0183367
0.0271919
0.0201914
0.0236758
0.0268126
0.0284194
0.0256955
0.0327728
0.0231398
0.0254957
0.0295603
0.0237292
0.0324981
0.0274521
0.0411578
0.0348244
0.0338295
0.0279138
0.0175914
0.0298551
0.0287464
0.0248722
0.0282317
0.0251891
0.0248266
0.0283216
0.021585
0.0333555
0.0265848
0.0267319
0.021897
0.0208356
0.0297954
0.0253835
0.0309477
0.0423881
0.0435549
0.0460339
0.0599664
0.0503442
0.0623325
0.0570983
0.064861
0.0606263
0.0513797
0.0571429
0.068577
0.0594072
0.0581955
0.0717089
0.063642
0.0589165
0.0643928
0.0749481
0.0701429
0.0698493
0.0779888
0.0821929
0.0891178
0.0897209
0.0933126
0.100112
0.104951
0.0991317
0.104597
0.105374
0.11454
0.11246
0.108455
0.104106
0.104606
0.111049
0.103361
0.102243
0.0899192
0.0991499
0.100891
0.102909
0.0980239
0.10389
0.108091
0.111363
0.111557
0.125698
0.120098
0.120167
0.112491
0.0942625
0.0956202
0.0878251
0.0939239
0.0929285
0.0945532
0.0829649
0.0746334
0.0910068
0.0879999
0.0904445
0.0793013
0.0997333
0.0855631
0.0771568
0.0854458
0.0876158
0.0854192
0.0876277
0.0827303
0.0903099
0.101717
0.0807619
0.079998
0.0586844
0.0806322
0.065162
0.065109
0.0568896
0.0511401
0.0579957
0.0585397
0.0576952
0.0645506
0.0527123
0.0476905
0.0363174
0.0369278
0.0485735
0.052483
0.0510911
0.0600264
0.040653
0.0492111
0.044738
0.0409442
0.0536063
0.0535901
0.0602673
0.0500984
0.0488766
0.054105
0.039566
0.037796
0.0415266
0.0254347
0.0251493
0.0252876
0.00604271
0.00422147
0.01092
0.0126811
0.0161591
0.00343638
0.0145793
0.00425671
0.0171893
0.0128292
0.0149813
0.0149778
0.012302
0.0102029
0.0178923
0.0225022
0.0326865
0.0419363
0.0461838
0.0381654
0.0536721
0.0442407
0.0423975
0.0480777
0.0447586
0.0465996
0.0397296
0.037407
0.0211144
0.0153201
0.0246285
0.0216358
0.0253557
0.016452
0.0180076
0.0215438
0.0227912
0.00898634
0.0204856
0.0162991
0.0208282
0.00330177
0.0130124
0.0141975
0.0175174
0.0197562
0.0126212
0.0123523
0.023934
0.027389
0.0195721
0.00959612
0.0224115
0.0180479
0.0212737
0.017307
0.0240001
0.0128311
0.0241479
0.0146707
0.0129627
0.0227512
0.00966185
0.0125091
0.011679
0.0123865
0.0181712
0.0209779
0.0174933
0.0152202
0.0113019
0.0187916
0.016762
0.0236646
0.0246688
0.0271439
0.0221109
0.0337609
0.0344335
0.0305163
0.0340365
0.031715
0.0302856
0.0388893
0.0369761
0.0250614
0.0319706
0.0260019
0.0271051
0.0172069
0.0224235
0.0169477
0.0184027
0.0206639
0.01565
0.0213561
0.0231759
0.0234706
0.0249747
0.0220568
0.020143
0.0224159
0.0209419
0.0281913
0.0249667
0.0225172
0.027817
0.0344385
0.0361665
0.0417166
0.0479478
0.045178
0.0358148
0.0393405
0.0373557
0.0521729
0.0566626
0.0387421
0.0448239
0.0382835
0.0417283
0.0449089
0.0448023
0.038064
0.0422143
0.0490484
0.0418734
0.0389964
0.0432337
0.0471226
0.0463693
0.0448839
0.0406949
0.0444613
0.0511007
0.044626
0.0504789
0.0467771
0.0480668
0.0570082
0.0615138
0.0700466
0.0716378
0.114831
0.168403
0.346699
0.539855
0.633628
0.658543
0.632714
0.539004
0.339271
0.167301
0.107181
0.0804509
0.0828658
0.0769125
0.0658946
0.0732896
0.0698154
0.0651535
0.0685484
0.068085
0.063748
0.0654132
0.0678681
0.0609213
0.0642503
0.0649547
0.0623877
0.0622902
0.0638191
0.0608485
0.0602152
0.0617294
0.0632792
0.0571892
0.0563255
0.0545101
0.0581946
0.0560734
0.0561596
0.0516317
0.0576867
0.0565943
0.0535859
0.0529449
0.059003
0.0551011
0.0482439
0.0591918
0.0605936
0.0605236
0.0586381
0.0622179
0.0562769
0.0615267
0.0645537
0.0643326
0.0622743
0.0648751
0.0642321
0.0653906
0.0625892
0.066965
0.0654592
0.055281
0.0620934
0.0700185
0.0660215
0.0677924
0.0652346
0.0652184
0.0597309
0.0536959
0.0513153
0.0539387
0.057684
0.0550176
0.067383
0.0485556
0.0550539
0.0550431
0.0608839
0.0619327
0.051138
0.0546601
0.0543927
0.058821
0.0571511
0.0604114
0.0585369
0.0650905
0.0613708
0.0620352
0.0542115
0.0655681
0.0599751
0.0627782
0.056096
0.0623264
0.0669157
0.0627888
0.066955
0.06841
0.0667957
0.0660279
0.0703432
0.0714038
0.0678828
0.0829577
0.0717609
0.0710083
0.064511
0.0683709
0.0793411
0.0695996
0.0614225
0.0699977
0.0870084
0.085317
0.0770959
0.0824551
0.0856491
0.083389
0.0937569
0.0926988
0.0791415
0.0888466
0.076231
0.0847577
0.0888447
0.0792188
0.0811248
0.0614578
0.0712404
0.0827944
0.0893347
0.0738409
0.079658
0.0838056
0.081148
0.0861937
0.071165
0.0736016
0.0889963
0.0700898
0.071722
0.0756146
0.0896886
0.0958439
0.0924234
0.0793759
0.10243
0.0936511
0.0872034
0.0728909
0.109806
0.0936467
0.0695145
0.0779915
0.10627
0.0979421
0.11584
0.0904623
0.109896
0.0990306
0.0972402
0.0870418
0.102615
0.0886356
0.110084
0.129368
0.124841
0.121437
0.110118
0.108557
0.111972
0.135243
0.13256
0.141189
0.134799
0.122924
0.134926
0.165623
0.131499
0.118268
0.13275
0.119837
0.099306
0.118858
0.0943659
0.114792
0.118702
0.121904
0.125622
0.0916531
0.113209
0.0870681
0.107761
0.104396
0.108252
0.105192
0.114108
0.100681
0.111468
0.0849571
0.106762
0.0868032
0.089438
0.10767
0.110565
0.0823125
0.0959525
0.114801
0.0977038
0.102193
0.0635847
0.0850201
0.0942549
0.0977959
0.0954962
0.100028
0.10201
0.0907867
0.121411
0.12094
0.134467
0.129147
0.119942
0.108614
0.0871389
0.0868479
0.0820341
0.101851
0.0622191
0.0903453
0.0796775
0.0587227
0.0804182
0.074459
0.0767091
0.0531057
0.0886184
0.0609414
0.0716541
0.0847744
0.079097
0.0816414
0.0872696
0.0800636
0.102672
0.0963373
0.117027
0.116016
0.128469
0.157217
0.163755
0.154138
0.171877
0.187663
0.206224
0.223975
0.225312
0.23957
0.212903
0.186236
0.130004
0.0729311
0.0664095
0.0591199
0.0512128
0.0326552
0.0575217
0.0631402
0.0494354
0.0542918
0.072166
0.0629342
0.0747574
0.0748532
0.067064
0.0783632
0.0699459
0.0657821
0.0565827
0.059318
0.0599006
0.0581051
0.0718935
0.0659877
0.0757919
0.0695098
0.0623141
0.0558765
0.0579042
0.0681021
0.0627907
0.0695707
0.065276
0.0775787
0.0579773
0.0667428
0.0622069
0.0558835
0.072672
0.0757697
0.0659742
0.0617971
0.0663603
0.072622
0.0722982
0.0597623
0.0586971
0.0659666
0.0694622
0.0749905
0.0698769
0.0759327
0.0664296
0.0730462
0.0692623
0.0667604
0.0617314
0.0524735
0.0587665
0.0501326
0.0592415
0.0459071
0.0645854
0.0561152
0.0602474
0.0535215
0.0405
0.0537839
0.0598693
0.050677
0.0590568
0.0567666
0.0590743
0.0612101
0.0584498
0.060883
0.0534768
0.056745
0.0588144
0.0638988
0.0613174
0.0598792
0.0559106
0.0563448
0.0467719
0.0602834
0.0612036
0.0542932
0.0489512
0.054337
0.0634007
0.0556551
0.0606031
0.067148
0.0650091
0.0676358
0.0653312
0.0688357
0.0685136
0.0704951
0.0810885
0.0751535
0.0775501
0.0778752
0.0897796
0.0843056
0.0935534
0.0881559
0.0938053
0.104041
0.117453
0.107199
0.111855
0.109792
0.111512
0.0931466
0.0883674
0.0662988
0.0672872
0.062112
0.051549
0.0552669
0.061548
0.0525456
0.0567405
0.0592345
0.0567669
0.0556691
0.0539997
0.059851
0.0627567
0.0562779
0.0630662
0.0635024
0.0648056
0.0652393
0.0711955
0.0649601
0.0698128
0.0819333
0.0816102
0.081595
0.0927363
0.0982756
0.103779
0.101859
0.11399
0.120977
0.13634
0.144015
0.150431
0.152739
0.161058
0.154805
0.147282
0.136785
0.134665
0.122769
0.112861
0.0985735
0.0788649
0.0846545
0.0818167
0.0943364
0.0759669
0.0799392
0.0835285
0.0877194
0.0788027
0.0720667
0.084544
0.0881645
0.0800137
0.0824195
0.0996952
0.088184
0.0890971
0.0987991
0.0978998
0.0977428
0.1002
0.116484
0.109126
0.115284
0.125957
0.119985
0.130789
0.139814
0.141436
0.148773
0.153707
0.169094
0.176233
0.177072
0.190132
0.194152
0.181148
0.176308
0.165658
0.155757
0.142055
0.124674
0.118844
0.0962503
0.0961196
0.085032
0.0866783
0.0964518
0.095957
0.0986863
0.0947464
0.0963842
0.100246
0.0957731
0.0931993
0.0710205
0.0876532
0.092165
0.0750725
0.0806892
0.0816136
0.0875721
0.0754857
0.0898105
0.0697501
0.0706266
0.0753313
0.0812021
0.0758352
0.0778567
0.0734761
0.0720993
0.0766235
0.0822411
0.0823572
0.0772246
0.0874209
0.0796229
0.0840464
0.0739144
0.0822046
0.0876437
0.085507
0.0871709
0.0829182
0.0852325
0.0814388
0.0839742
0.0788821
0.0809454
0.0800122
0.0830026
0.0767486
0.0822996
0.085496
0.0828405
0.0806927
0.082293
0.084565
0.0839991
0.0921717
0.085745
0.0910349
0.0867552
0.0991985
0.0891012
0.0949807
0.0935805
0.0992931
0.0975215
0.0948139
0.10267
0.0885571
0.0915615
0.0977885
0.102229
0.103574
0.110505
0.122842
0.127498
0.115038
0.134067
0.147416
0.135414
0.135529
0.150523
0.122672
0.154703
0.162966
0.163477
0.163657
0.175421
0.173702
0.165631
0.165538
0.135779
0.135799
0.135209
0.140088
0.11388
0.0960064
0.105908
0.0989514
0.11685
0.109709
0.120079
0.123256
0.136067
0.128677
0.131067
0.15172
0.141439
0.150329
0.141923
0.159315
0.15727
0.163528
0.159961
0.151805
0.140835
0.153122
0.141308
0.145984
0.13242
0.155571
0.153938
0.119129
0.136662
0.105603
0.115847
0.127055
0.128839
0.146609
0.158231
0.111499
0.130932
0.119827
0.126839
0.167073
0.142788
0.149879
0.155938
0.142369
0.172787
0.157863
0.183254
0.172147
0.188566
0.150695
0.179435
0.17452
0.197251
0.187097
0.187715
0.188264
0.200542
0.201742
0.217241
0.205876
0.223667
0.209242
0.220169
0.214677
0.229338
0.239264
0.232102
0.235297
0.208312
0.209793
0.222192
0.209036
0.205431
0.195803
0.207302
0.173738
0.183601
0.11901
0.133929
0.128541
0.122935
0.11924
0.08772
0.102453
0.123105
0.137039
0.0816381
0.0908541
0.127406
0.117244
0.13874
0.166309
0.111326
0.143175
0.131094
0.147648
0.104851
0.181344
0.146776
0.168621
0.156565
0.165174
0.197299
0.19689
0.221429
0.220914
0.212135
0.2193
0.209786
0.206374
0.251605
0.238343
0.220402
0.238491
0.248201
0.256497
0.262453
0.263392
0.29564
0.274869
0.286425
0.28154
0.264188
0.261254
0.245753
0.281672
0.249605
0.22351
0.230074
0.229628
0.215437
0.20009
0.187592
0.172478
0.151122
0.144841
0.0995826
0.126372
0.109534
0.0674479
0.0851861
0.0793294
0.088871
0.0978754
0.117034
0.0845157
0.0644397
0.100945
0.151264
0.108667
0.0701843
0.0941191
0.120188
0.13589
0.0892958
0.126883
0.108791
0.0760124
0.0648546
0.074198
0.152451
0.109111
0.0916873
0.125786
0.0900327
0.0856901
0.128931
0.0943287
0.112514
0.0876349
0.142303
0.116138
0.130844
0.16102
0.101202
0.113845
0.0945386
0.117429
0.140291
0.096564
0.0633099
0.135136
0.141812
0.117279
0.152609
0.111178
0.107708
0.117553
0.157253
0.109139
0.125038
0.142069
0.16852
0.130636
0.129087
0.107248
0.10879
0.124159
0.0904457
0.119331
0.087389
0.143968
0.135944
0.0993101
0.0510997
0.129603
0.155653
0.142025
0.121832
0.0776571
0.120743
0.140532
0.0675595
0.0777288
0.0720597
0.107403
0.0888291
0.103128
0.117759
0.0954435
0.106805
0.0653696
0.116488
0.0525748
0.134771
0.113249
0.0787897
0.101761
0.0854802
0.0984358
0.0988211
0.0740477
0.15439
0.131959
0.132726
0.117744
0.121639
0.130328
0.150539
0.124732
0.0905962
0.13685
0.145705
0.120888
0.13989
0.12435
0.159135
0.125108
0.134884
0.158351
0.157405
0.13846
0.159628
0.153654
0.163368
0.124675
0.144755
0.104492
0.163008
0.124452
0.170699
0.126794
0.133224
0.120637
0.15436
0.107903
0.119339
0.0846976
0.0807237
0.112611
0.0912084
0.102511
