0.115133
0.127044
0.124238
0.122397
0.128794
0.128464
0.136107
0.143589
0.14566
0.142316
0.139026
0.150907
0.150443
0.156693
0.160714
0.156658
0.165967
0.160925
0.16299
0.16309
0.151397
0.158689
0.163987
0.167326
0.16513
0.176979
0.190002
0.187056
0.189509
0.189986
0.191757
0.193101
0.193473
0.197731
0.199839
0.199716
0.201642
0.202102
0.194364
0.193185
0.189979
0.182693
0.188601
0.200998
0.205977
0.209486
0.215067
0.223162
0.222336
0.225906
0.222305
0.20757
0.19812
0.196339
0.196339
0.196577
0.209924
0.228597
0.234409
0.221915
0.201667
0.178451
0.145966
0.130925
0.136442
0.132242
0.127285
0.115406
0.116057
0.103732
0.108764
0.10652
0.113615
0.106707
0.099157
0.108574
0.107423
0.109021
0.110219
0.114334
0.111084
0.111917
0.109868
0.111492
0.113018
0.119388
0.123601
0.123539
0.125762
0.131255
0.134049
0.137534
0.138998
0.146517
0.154752
0.168121
0.173919
0.183495
0.194279
0.190814
0.197528
0.199503
0.195508
0.182538
0.17262
0.160748
0.155688
0.158763
0.158337
0.160593
0.159939
0.165774
0.165816
0.166295
0.163532
0.157955
0.154166
0.147283
0.146956
0.157235
0.153501
0.158608
0.160376
0.171146
0.178516
0.17803
0.179012
0.188149
0.184364
0.187679
0.190932
0.196236
0.195376
0.19474
0.195488
0.196053
0.201653
0.202495
0.196622
0.193798
0.178287
0.168584
0.162724
0.166143
0.166202
0.172174
0.170679
0.183894
0.178251
0.188566
0.205097
0.209937
0.211904
0.220101
0.220533
0.22494
0.222834
0.224516
0.227779
0.227194
0.229797
0.228355
0.225704
0.22388
0.203861
0.176591
0.142055
0.123951
0.10906
0.108253
0.106495
0.110123
0.108566
0.107695
0.106885
0.107219
0.10973
0.103999
0.113489
0.113575
0.112408
0.115005
0.120907
0.121596
0.121806
0.117817
0.118984
0.11932
0.127631
0.116715
0.113213
0.120477
0.123955
0.127907
0.125077
0.122599
0.121662
0.118605
0.117808
0.106717
0.0987409
0.0938207
0.0936435
0.0864627
0.0943191
0.0914953
0.106296
0.108202
0.113368
0.118355
0.127989
0.129537
0.134418
0.138584
0.142826
0.147104
0.146411
0.150482
0.1547
0.150215
0.152487
0.150175
0.150856
0.136937
0.128274
0.126545
0.10852
0.116588
0.117369
0.124061
0.130301
0.124623
0.12211
0.138352
0.133537
0.14607
0.15291
0.157843
0.16772
0.161203
0.178709
0.182168
0.190228
0.186211
0.19358
0.191953
0.196096
0.199849
0.202172
0.208796
0.202862
0.201269
0.211144
0.207243
0.201599
0.176114
0.165932
0.148071
0.128741
0.119135
0.117906
0.119942
0.133837
0.122847
0.134417
0.135724
0.142529
0.140096
0.15733
0.157167
0.167894
0.170557
0.17173
0.178909
0.187569
0.187415
0.187546
0.187404
0.192338
0.192659
0.182618
0.163739
0.154484
0.127131
0.117262
0.110143
0.11307
0.117367
0.115577
0.115439
0.130059
0.126801
0.129542
0.120652
0.12916
0.128383
0.128103
0.11872
0.125792
0.127383
0.123432
0.120193
0.114298
0.10982
0.113991
0.119916
0.112664
0.121973
0.125496
0.130638
0.124969
0.113696
0.120161
0.111703
0.106676
0.103219
0.0908155
0.108059
0.096894
0.0913936
0.10143
0.0951242
0.100902
0.102797
0.10332
0.103701
0.0987553
0.095375
0.100529
0.111556
0.112609
0.115364
0.115798
0.125642
0.131421
0.137828
0.146366
0.139484
0.14176
0.137556
0.133433
0.145674
0.141373
0.153136
0.131814
0.123241
0.121816
0.123941
0.104007
0.117375
0.111547
0.109093
0.0910316
0.0913231
0.100093
0.101537
0.113712
0.103676
0.126306
0.122274
0.119631
0.120865
0.115453
0.117405
0.121288
0.132125
0.120874
0.139866
0.14087
0.152868
0.158998
0.16633
0.17452
0.174073
0.17022
0.176383
0.166567
0.170959
0.15749
0.139795
0.12835
0.116546
0.0931225
0.0976374
0.0977743
0.104633
0.104586
0.0976103
0.111963
0.118383
0.101836
0.106991
0.113178
0.122265
0.11621
0.100691
0.103004
0.101879
0.104492
0.106938
0.112985
0.108912
0.116705
0.114041
0.119847
0.120759
0.127033
0.122546
0.146414
0.154339
0.15911
0.173585
0.186522
0.182825
0.176789
0.188487
0.171473
0.175454
0.147997
0.164959
0.129851
0.138562
0.146953
0.149552
0.147822
0.153362
0.147927
0.144969
0.144353
0.142289
0.15514
0.157883
0.156293
0.143847
0.139985
0.14304
0.128447
0.129783
0.127828
0.133368
0.120945
0.131152
0.126609
0.142696
0.117234
0.119648
0.139625
0.123537
0.12196
0.121423
0.109124
0.133827
0.116718
0.123271
0.122275
0.134896
0.128947
0.106163
0.133169
0.13176
0.139882
0.133431
0.123078
0.131974
0.121607
0.140827
0.146003
0.129214
0.146374
0.146561
0.154988
0.151959
0.14979
0.150961
0.158213
0.169482
0.161911
0.177236
0.178307
0.180244
0.19792
0.229122
0.223813
0.228158
0.248854
0.206354
0.162769
0.168014
0.145946
0.129654
0.126453
0.155943
0.176655
0.242133
0.295481
0.318213
0.345306
0.357241
0.332638
0.279117
0.212741
0.16132
0.12331
0.126793
0.119982
0.11679
0.121574
0.120704
0.10579
0.133781
0.13751
0.122195
0.134181
0.126755
0.128918
0.12674
0.1388
0.134308
0.138522
0.145528
0.134324
0.151412
0.139471
0.127136
0.100074
0.115125
0.11052
0.118558
0.123625
0.096623
0.103988
0.100522
0.099449
0.0952272
0.0802139
0.103788
0.0894509
0.0733524
0.0916102
0.0891077
0.105753
0.0997051
0.103075
0.121146
0.112373
0.117097
0.10972
0.120522
0.144847
0.120801
0.0918896
0.129336
0.112495
0.123861
0.103138
0.10922
0.101903
0.110064
0.0882024
0.104816
0.113635
0.102171
0.10932
0.107372
0.115456
0.114661
0.133075
0.121338
0.135993
0.139683
0.12168
0.112024
0.103062
0.0931252
0.114607
0.0995242
0.124553
0.129184
0.121176
0.11792
0.127463
0.122753
0.130449
0.117765
0.114868
0.111153
0.120528
0.102745
0.0989025
0.118103
0.120439
0.131705
0.0898014
0.0793401
0.0897103
0.118257
0.0995516
0.0995959
0.112712
0.085725
0.0871838
0.111575
0.0951811
0.0792739
0.0892887
0.0831066
0.0862852
0.0701076
0.0915581
0.110116
0.0865432
0.108729
0.0936535
0.0664971
0.0777508
0.0900596
0.077412
0.0906028
0.0926701
0.0796165
0.0677956
0.0825485
0.0561428
0.0534893
0.07199
0.0703406
0.0917242
0.0855072
0.0936951
0.0788837
0.10252
0.0830513
0.108237
0.10158
0.112468
0.0976918
0.10637
0.0960994
0.081734
0.0807893
0.0591874
0.0552992
0.0458284
0.0496538
0.068352
0.0930917
0.0610322
0.0622849
0.0832268
0.0930885
0.0876131
0.0750404
0.095192
0.0937169
0.0802229
0.0865651
0.075939
0.10347
0.0810096
0.0927276
0.107934
0.112187
0.103343
0.112451
0.107441
0.102536
0.131693
0.0778466
0.0978462
0.0978925
0.102386
0.113121
0.0831535
0.116916
0.0952219
0.0853008
0.0839599
0.108665
0.10231
0.10505
0.0984404
0.105111
0.100257
0.117067
0.112469
0.118166
0.0892421
0.0982534
0.0971253
0.100008
0.0875927
0.112892
0.0894574
0.0830324
0.0841191
0.0991208
0.0895381
0.0672515
0.0703354
0.0716992
0.0582339
0.0534781
0.0453936
0.0535935
0.0521606
0.0547358
0.0469308
0.0505413
0.0469943
0.0321087
0.0440245
0.047804
0.0510516
0.0581289
0.037942
0.0328405
0.0401763
0.0390659
0.029878
0.0358069
0.046412
0.0339883
0.032288
0.0256417
0.0292567
0.0348388
0.0336363
0.0352823
0.0374672
0.0542386
0.043195
0.0487821
0.0360038
0.0407066
0.0541885
0.0225092
0.0330338
0.0438415
0.0405871
0.0440774
0.0431654
0.0480631
0.0459416
0.055926
0.0489061
0.0553016
0.0461544
0.037375
0.0499499
0.0453217
0.0204342
0.0361032
0.0417596
0.0272895
0.021389
0.0262773
0.0323777
0.0236385
0.0336059
0.060026
0.0365616
0.035892
0.0268684
0.0516268
0.0204982
0.0346528
0.0392509
0.0211046
0.0239968
0.0336061
0.045188
0.0425155
0.0309882
0.0380965
0.0378102
0.0451077
0.0516409
0.0333377
0.0751685
0.0674215
0.0738198
0.0677139
0.0672285
0.0875418
0.0710328
0.0498409
0.0827893
0.0754432
0.0913321
0.083483
0.0893893
0.0792008
0.0814613
0.0741863
0.0921208
0.0828062
0.0734714
0.0794796
0.109876
0.0844183
0.0924147
0.100246
0.0963146
0.106674
0.127478
0.132867
0.138113
0.121831
0.138098
0.121709
0.126781
0.134992
0.10201
0.109381
0.0622717
0.0829989
0.0732753
0.0740169
0.0802543
0.0949665
0.0843967
0.098496
0.0864897
0.090863
0.0796265
0.107866
0.112819
0.102573
0.125497
0.114417
0.107821
0.103661
0.0946563
0.102612
0.117956
0.100282
0.135476
0.129376
0.157873
0.12993
0.108502
0.128732
0.108149
0.103201
0.107493
0.0826454
0.0998632
0.0919393
0.0688941
0.0679348
0.0769127
0.0559275
0.0564524
0.0330387
0.0387478
0.0330145
0.0267737
0.021668
0.0147212
0.00919503
0.0115511
0.0206308
0.0127732
0.0126172
0.0171532
0.00984641
0.011366
0.00873081
0.00687157
0.0153807
0.0120485
0.0157786
0.023859
0.0159376
0.0181083
0.0152165
0.0225893
0.0100483
0.0105848
0.0137733
0.00560518
0.0103112
0.00461916
0.00120484
0.00271882
0.0055964
0.00798823
0.00465465
0.000416047
0.00741657
0.00380973
0
0.00562227
0.00800359
0.00357535
0.00894406
0.0100546
0.0112481
0.0103599
0.00769804
0.0153824
0.0124282
0.00304363
0.000704703
0.00540309
0.00750359
0.0138633
0.0116232
0.00387491
0.00852891
0.0128604
0.00899309
0.0115544
0.00684844
0.0178285
0.0210646
0.0185293
0.0192131
0.0192136
0.0172882
0.0163717
0.0210532
0.0179995
0.0161167
0.00679601
0.0101438
0.0189081
0.0123772
0.0139159
0.0233221
0.0212755
0.0164831
0.0189295
0.0171062
0.0142465
0.0209414
0.0162713
0.0199547
0.0276934
0.0302564
0.0244584
0.0154566
0.0203661
0.00926093
0.0176284
0.0183664
0.0175346
0.0153588
0.0162151
0.0177631
0.0191387
0.0141677
0.0236085
0.0195507
0.0128014
0.00952956
0.0123883
0.0171314
0.0109709
0.0151919
0.0283615
0.0187866
0.0260537
0.0302686
0.0337452
0.0378501
0.0346243
0.0400032
0.0405158
0.0288198
0.0302388
0.0345669
0.0303105
0.036074
0.0296624
0.0249905
0.0337556
0.0368296
0.0399801
0.0449246
0.0418081
0.0428007
0.0434394
0.0488875
0.0471741
0.0508491
0.0548771
0.0592167
0.0544932
0.0623169
0.0577785
0.0655078
0.0604511
0.0597378
0.0580252
0.0600711
0.0579149
0.0555059
0.0618299
0.0560126
0.056684
0.0601111
0.0563675
0.05941
0.0578852
0.0540058
0.0598688
0.0723448
0.0706897
0.0600137
0.0751522
0.0763329
0.0440669
0.0577053
0.0622118
0.0511468
0.051636
0.0506853
0.0451842
0.0520858
0.0415396
0.0424342
0.050002
0.0536725
0.0551496
0.0450018
0.0437139
0.044899
0.0504975
0.0385342
0.0467755
0.0424923
0.0465718
0.0510018
0.0460792
0.0457579
0.0448344
0.0544394
0.0398463
0.0455393
0.0426497
0.0301927
0.046185
0.0355996
0.0369861
0.0432525
0.0325811
0.0312471
0.0325937
0.0322796
0.0227584
0.0240784
0.0298519
0.0434843
0.0325006
0.0299044
0.0245397
0.025477
0.0250684
0.0270583
0.0300722
0.042057
0.0328783
0.0223573
0.0328914
0.0396023
0.0303152
0.0171025
0.0170165
0.0193583
0.00479002
0.00505721
0.00535486
0.0022509
0.0140632
0.0125445
0.0067038
0.00203135
0.0208539
0.00613338
0.0103415
0.000434806
0.00959739
0.00824405
0.0193724
0.00606604
0.0198527
0.0284651
0.0154188
0.0264576
0.0237066
0.0331448
0.0239128
0.0307848
0.0289635
0.0359007
0.0140117
0.0231357
0.0157662
0.00961109
0.0238787
0.0162324
0.0168176
0.0152875
0.0172638
0.00589567
0.0105903
0.0122266
0.0147816
0.00576163
0.00974211
0.00809479
0.00688573
0.00836395
0.0164644
0.0143646
0.00950283
0.0119555
0.0137639
0.0184901
0.0175317
0.0124559
0.0121075
0.00653999
0.0216611
0.00997257
0.0182279
0.0143524
0.0308901
0.00600566
0.0113345
0.0153556
0.00876183
0.0119355
0.00874634
0.00855968
0.0218529
0.0173997
0.0185827
0.00660451
0.0122357
0.0139218
0.0127358
0.0183229
0.0174448
0.018661
0.0190565
0.0219892
0.0281404
0.0233166
0.0240194
0.0134842
0.023619
0.0278139
0.0131257
0.0118898
0.0128109
0.0283254
0.0184205
0.0130779
0.0171376
0.00874744
0.0094157
0.0130933
0.00728164
0.0108209
0.018966
0.0203909
0.0146461
0.0156294
0.0124382
0.0177769
0.0146715
0.0102401
0.0213089
0.0187684
0.0176065
0.0167972
0.0244693
0.0274318
0.0284388
0.0302596
0.0220058
0.0256942
0.0260391
0.0341705
0.0357846
0.0254043
0.025595
0.0242229
0.0281876
0.0239513
0.0216202
0.0186614
0.0234937
0.0245793
0.0242674
0.0216465
0.0300461
0.0276071
0.029111
0.0282929
0.0273472
0.0256023
0.031667
0.0232105
0.0344047
0.0257808
0.0360114
0.0395619
0.0400702
0.0386288
0.0469955
0.0758312
0.128394
0.256623
0.419037
0.49441
0.512539
0.492461
0.413183
0.254087
0.124999
0.0715892
0.0503123
0.0490248
0.0390663
0.0322316
0.0392545
0.0410667
0.0339853
0.0412223
0.0390221
0.0342416
0.0325106
0.0325955
0.0327425
0.0340664
0.0330962
0.0381993
0.0340692
0.0345215
0.0335211
0.0298935
0.0283701
0.0342976
0.0323928
0.0327423
0.0283821
0.0333455
0.0365699
0.0369839
0.0338398
0.0269869
0.0392179
0.0352147
0.0320297
0.0359865
0.0349069
0.0288586
0.0372226
0.0343364
0.0354067
0.03273
0.0367103
0.034859
0.0380234
0.0394303
0.0401374
0.0383844
0.037352
0.0331481
0.0350381
0.0342195
0.0319133
0.036185
0.0274049
0.0341891
0.0462274
0.0315794
0.0381198
0.0309747
0.037154
0.0357256
0.030239
0.0362614
0.0266225
0.0349299
0.03222
0.0346153
0.0286107
0.0372809
0.0280766
0.034876
0.0222068
0.0324649
0.027339
0.0321344
0.031011
0.0367272
0.033246
0.0353981
0.0377396
0.0338414
0.0345448
0.0339427
0.0407541
0.0397089
0.0327495
0.0348365
0.0366045
0.0373732
0.0298316
0.0373072
0.0407369
0.0399908
0.0332132
0.0436244
0.0434666
0.0471685
0.0355708
0.0292577
0.0292624
0.041461
0.0341224
0.0525159
0.0430057
0.0513637
0.0408041
0.05935
0.0515044
0.0526487
0.0603907
0.0375617
0.0490058
0.0576366
0.0566966
0.0264724
0.0552699
0.0554975
0.0505117
0.0506937
0.0392716
0.0466691
0.0493544
0.042663
0.0501754
0.0608213
0.0389119
0.0421971
0.044103
0.0515351
0.041552
0.0374191
0.0416002
0.0539169
0.040717
0.0338369
0.0340937
0.0572291
0.0641973
0.0734029
0.0324158
0.0794906
0.0441789
0.0345006
0.0509747
0.0846403
0.0897744
0.0599653
0.0299178
0.0708805
0.0649813
0.0722536
0.0440763
0.0843538
0.0611597
0.0908225
0.0611879
0.0725949
0.0834754
0.0818096
0.0801959
0.102358
0.0884971
0.10346
0.0720584
0.0804745
0.08979
0.101379
0.114491
0.0975495
0.0833289
0.104157
0.0955307
0.0967219
0.083849
0.0935996
0.107606
0.0772844
0.065523
0.0719212
0.0748684
0.0627832
0.0782852
0.0631454
0.0588817
0.0850674
0.0560056
0.0832146
0.073974
0.067009
0.0812742
0.0584268
0.0575848
0.0604798
0.0349327
0.0560577
0.0623255
0.061994
0.0347984
0.0830866
0.0516949
0.0616809
0.0746656
0.0788831
0.0638669
0.0518747
0.0521906
0.0501088
0.0607176
0.0835458
0.0607729
0.0749521
0.0590063
0.083298
0.0910433
0.0731424
0.0778295
0.0800948
0.0780129
0.0539611
0.0512899
0.0522813
0.0607391
0.0332066
0.0241212
0.032854
0.0402496
0.0644126
0.0453256
0.0485646
0.0418892
0.0627102
0.0506593
0.0436812
0.0489391
0.0472468
0.0389761
0.0580111
0.0454871
0.0522215
0.0660608
0.0769503
0.0760676
0.0707503
0.087045
0.105889
0.0951353
0.101362
0.108449
0.127267
0.143019
0.14035
0.14668
0.134281
0.111545
0.0818312
0.047944
0.0550115
0.0472845
0.0417124
0.0294708
0.0288316
0.0466218
0.0413335
0.0430026
0.0353524
0.0316185
0.0381578
0.0516781
0.0434017
0.046078
0.034467
0.0379985
0.0367351
0.0282031
0.0317121
0.0395345
0.0297811
0.0349258
0.0333964
0.030546
0.039294
0.0344831
0.0320766
0.041175
0.0336954
0.0375516
0.0369409
0.039115
0.0410592
0.0373035
0.0313847
0.025672
0.038434
0.0383458
0.0433803
0.0334991
0.0323372
0.0352837
0.0414101
0.0358279
0.0363591
0.0372757
0.044961
0.0450486
0.0427198
0.0419638
0.0327665
0.0339124
0.0421945
0.0455326
0.0401309
0.0402373
0.0459429
0.0278556
0.0290871
0.0211813
0.0363486
0.0382148
0.0263916
0.0379907
0.029649
0.0345938
0.0470913
0.0434256
0.03867
0.0363046
0.0482071
0.0467281
0.0410599
0.0360671
0.0376267
0.0368735
0.0299712
0.0335654
0.0393593
0.0365246
0.0265331
0.0286582
0.0252081
0.0322124
0.0285006
0.0334593
0.0305761
0.0271208
0.0330623
0.027199
0.0408399
0.0447422
0.0379767
0.0422644
0.0313968
0.0400656
0.0459153
0.0413897
0.04662
0.0563972
0.052105
0.0464628
0.0611315
0.0571544
0.0634605
0.0659652
0.0585795
0.0711869
0.0863895
0.0761787
0.0716223
0.0720653
0.0852963
0.068808
0.0484593
0.0396373
0.0497212
0.0343187
0.0278429
0.0373931
0.0327012
0.033737
0.0356551
0.0343044
0.0347349
0.0327533
0.0302828
0.0377688
0.0368225
0.0437507
0.0381316
0.0394594
0.0410365
0.0419766
0.0379447
0.0370679
0.0419421
0.0475864
0.0494492
0.0468505
0.053392
0.0572314
0.0552404
0.0568442
0.0738684
0.0729569
0.089872
0.0859286
0.0927105
0.0984244
0.10629
0.0995246
0.093697
0.0875657
0.0878434
0.0780239
0.0724874
0.057897
0.0522382
0.0548137
0.0538757
0.055941
0.0627587
0.0544667
0.0552261
0.0599698
0.05775
0.0427324
0.054761
0.0473906
0.0496332
0.0565598
0.0673144
0.0552985
0.0484702
0.0555365
0.0578545
0.0538247
0.0585414
0.0684799
0.0661309
0.062879
0.0799594
0.0736975
0.0801242
0.0864187
0.0915795
0.0868116
0.0889459
0.0997445
0.107709
0.111785
0.114978
0.113024
0.107955
0.104407
0.0963976
0.091628
0.07675
0.0772025
0.0704308
0.0622285
0.048068
0.0512012
0.0576581
0.0654969
0.0492924
0.0569107
0.0534595
0.0620256
0.0534679
0.0565015
0.0504305
0.0457724
0.0530146
0.0542985
0.0487789
0.0445564
0.0484755
0.0423364
0.0408023
0.0667149
0.0369047
0.0488382
0.0477038
0.048571
0.0497561
0.0519328
0.0534156
0.0518356
0.0450317
0.0379808
0.0510633
0.0525033
0.0524211
0.0466139
0.0407352
0.0408799
0.0385781
0.0474312
0.050305
0.0440583
0.0432762
0.0480625
0.0516178
0.0346519
0.0460036
0.0393852
0.0504458
0.0426833
0.0408277
0.0446643
0.0422658
0.0337205
0.0393879
0.0377443
0.0492795
0.0442532
0.0610351
0.0481237
0.0531099
0.0561327
0.0670832
0.0738478
0.0701385
0.0804321
0.0822437
0.0816057
0.0761335
0.083715
0.0788613
0.0751602
0.0842941
0.0829954
0.0858534
0.0863544
0.094447
0.086185
0.072091
0.0935698
0.092825
0.0923951
0.101773
0.105802
0.09518
0.0867204
0.100401
0.0994275
0.105785
0.0980621
0.105489
0.101721
0.110222
0.0826432
0.0765569
0.0854484
0.103653
0.0667992
0.0468502
0.071086
0.0606372
0.0746454
0.060565
0.0735059
0.0815781
0.10661
0.0761978
0.0982795
0.121397
0.114794
0.0893346
0.113072
0.110975
0.112373
0.119835
0.10073
0.111902
0.10739
0.120498
0.117035
0.0947601
0.0995542
0.114039
0.108935
0.0856165
0.0917625
0.087406
0.0622747
0.0749816
0.0892402
0.0888297
0.107992
0.0832386
0.123708
0.0867349
0.0925107
0.0853341
0.0995648
0.119692
0.112014
0.0980661
0.104359
0.113201
0.141469
0.119462
0.126614
0.0995304
0.116207
0.11629
0.145978
0.123687
0.11599
0.127756
0.142832
0.137767
0.130817
0.136705
0.139662
0.137947
0.125642
0.150298
0.1601
0.153307
0.156353
0.16265
0.136406
0.157133
0.146523
0.137803
0.134963
0.140817
0.134781
0.115077
0.123231
0.0938013
0.0954615
0.079452
0.0702215
0.0979606
0.0627108
0.0675393
0.061702
0.0964307
0.0855422
0.0696564
0.0924871
0.0753714
0.0709028
0.0845535
0.0956491
0.0822882
0.093531
0.112363
0.074772
0.107841
0.079747
0.119369
0.135316
0.115424
0.139808
0.102585
0.160883
0.147811
0.130084
0.169932
0.122485
0.14387
0.177792
0.152879
0.126112
0.165297
0.149539
0.178798
0.172801
0.164557
0.171905
0.171889
0.184134
0.18179
0.172038
0.18809
0.141992
0.178453
0.169086
0.161413
0.139943
0.135485
0.1594
0.140651
0.120701
0.116385
0.0933926
0.0971201
0.0776321
0.0843264
0.0700552
0.0598983
0.0522561
0.0821746
0.0727616
0.0822877
0.10817
0.0823476
0.0514941
0.0840509
0.100129
0.0800402
0.0677911
0.0746457
0.0884664
0.114021
0.0917897
0.115039
0.0924103
0.0495148
0.0699908
0.099187
0.0708337
0.0491933
0.109864
0.101695
0.0456538
0.052762
0.0752258
0.0910967
0.108012
0.086293
0.0817952
0.0694212
0.0705409
0.126215
0.0690867
0.121452
0.113591
0.115841
0.137007
0.0819849
0.0785923
0.129772
0.0838712
0.0675868
0.123174
0.0811159
0.120634
0.101688
0.0852225
0.0901643
0.0909098
0.118869
0.113398
0.0975198
0.105817
0.100412
0.0906067
0.0960565
0.087582
0.0797865
0.0598342
0.085835
0.085035
0.087077
0.0661827
0.109961
0.112769
0.0695844
0.0875723
0.0792537
0.0660423
0.0813391
0.104805
0.0379252
0.103741
0.119607
0.0578952
0.0480166
0.117039
0.0406166
0.132558
0.0568405
0.0557007
0.0646809
0.0810068
0.056518
0.0828973
0.0668248
0.0842028
0.0588818
0.0878106
0.135804
0.150952
0.0903428
0.118082
0.126578
0.11662
0.126597
0.0595412
0.0792055
0.0746615
0.0773951
0.117596
0.119412
0.129365
0.126097
0.0958345
0.110894
0.105256
0.146897
0.104134
0.0852378
0.122802
0.121878
0.126472
0.109942
0.109161
0.0813573
0.11518
0.0824552
0.113702
0.113397
0.048411
0.0946238
0.106772
0.10498
0.0856119
0.0643267
0.0771565
0.0905885
0.07063
0.0686371
