0.131139
0.127694
0.133101
0.128838
0.13192
0.134994
0.13451
0.146195
0.153739
0.150834
0.149058
0.15754
0.157472
0.159866
0.163121
0.162252
0.169423
0.164461
0.165237
0.165252
0.152462
0.161929
0.162844
0.172329
0.167896
0.17373
0.187024
0.195026
0.190625
0.192845
0.191606
0.196821
0.19721
0.19776
0.200429
0.201106
0.205103
0.202879
0.196408
0.193343
0.193612
0.186664
0.192395
0.20559
0.20481
0.213447
0.218352
0.228007
0.223433
0.224645
0.222307
0.208317
0.198327
0.197345
0.197176
0.197376
0.209854
0.229869
0.232257
0.220187
0.198506
0.184638
0.145418
0.147163
0.134645
0.138083
0.132508
0.126635
0.114459
0.112569
0.115739
0.116324
0.117994
0.113202
0.109343
0.107948
0.110513
0.112697
0.111382
0.121818
0.11263
0.124949
0.120419
0.123307
0.121218
0.118915
0.125175
0.131778
0.129095
0.135823
0.136669
0.143441
0.144819
0.153606
0.159633
0.165332
0.175693
0.179315
0.19201
0.19491
0.199402
0.200764
0.191829
0.19021
0.17116
0.167592
0.16398
0.159566
0.161829
0.161661
0.16461
0.170548
0.165262
0.17006
0.171945
0.161432
0.157755
0.1488
0.151689
0.154922
0.154087
0.164916
0.162269
0.178302
0.173513
0.178032
0.182139
0.191786
0.189327
0.192081
0.19229
0.194053
0.196417
0.196638
0.196408
0.197506
0.19982
0.201369
0.199318
0.190106
0.181569
0.169114
0.160641
0.170774
0.173837
0.180598
0.173724
0.182422
0.181529
0.19571
0.204827
0.206193
0.211311
0.222704
0.224002
0.224886
0.225686
0.225713
0.228679
0.228462
0.229484
0.228704
0.225568
0.222262
0.206955
0.169791
0.147083
0.132506
0.118473
0.117591
0.115845
0.115475
0.110568
0.113342
0.109944
0.112952
0.116884
0.108774
0.117485
0.125954
0.122358
0.124559
0.133448
0.128798
0.12765
0.126764
0.129743
0.130932
0.131278
0.124899
0.120941
0.124614
0.13095
0.129039
0.130483
0.128586
0.123491
0.123421
0.121915
0.114128
0.104672
0.0981974
0.0976202
0.0966299
0.11103
0.102875
0.110957
0.112652
0.124698
0.125608
0.135806
0.13566
0.136045
0.144494
0.147626
0.144168
0.150272
0.154167
0.155643
0.155845
0.158597
0.157629
0.15441
0.140581
0.133307
0.131534
0.117988
0.11832
0.122703
0.12563
0.137195
0.128541
0.132248
0.134372
0.137328
0.156338
0.158442
0.162686
0.169557
0.173668
0.172904
0.188707
0.189499
0.191008
0.193358
0.192356
0.194658
0.200933
0.202685
0.205361
0.206355
0.206005
0.214063
0.211283
0.198328
0.18564
0.17193
0.147001
0.14014
0.126336
0.127884
0.12052
0.142109
0.140372
0.150082
0.139587
0.152379
0.148529
0.163803
0.16549
0.168765
0.168535
0.178814
0.179483
0.187845
0.186355
0.19138
0.19162
0.193296
0.188741
0.183097
0.167675
0.157812
0.140239
0.132443
0.117711
0.1174
0.123753
0.118144
0.118131
0.133901
0.115159
0.125909
0.135268
0.145565
0.139504
0.13156
0.131059
0.136605
0.130668
0.126029
0.12768
0.122378
0.114649
0.119076
0.125145
0.121142
0.12646
0.130237
0.125701
0.128366
0.123634
0.114422
0.12745
0.110502
0.116478
0.115436
0.106342
0.101963
0.103702
0.115654
0.1018
0.116206
0.116386
0.118232
0.112281
0.119213
0.103411
0.113521
0.130463
0.120833
0.117428
0.118127
0.137765
0.141384
0.146313
0.142115
0.140666
0.146328
0.135045
0.149613
0.153743
0.145894
0.142672
0.132029
0.129335
0.12384
0.131881
0.132282
0.124522
0.115077
0.109484
0.112506
0.0942984
0.0983905
0.10634
0.113387
0.120451
0.123283
0.118941
0.135244
0.122613
0.127725
0.131381
0.131935
0.136798
0.135503
0.152003
0.148363
0.156182
0.154938
0.163813
0.173473
0.176954
0.184481
0.17892
0.169901
0.167288
0.1575
0.135186
0.130025
0.115929
0.0943341
0.102949
0.107769
0.100942
0.106628
0.113172
0.12384
0.116947
0.121759
0.114401
0.120405
0.124658
0.124785
0.109898
0.104929
0.112789
0.114521
0.114059
0.115975
0.116251
0.124796
0.120857
0.122184
0.130622
0.127082
0.133176
0.146584
0.161837
0.161531
0.167393
0.192247
0.18217
0.182106
0.184032
0.172065
0.173416
0.157212
0.149477
0.147169
0.151249
0.144921
0.157125
0.15972
0.162162
0.153142
0.154507
0.150259
0.154671
0.144461
0.161992
0.159432
0.148538
0.154173
0.139291
0.130581
0.136622
0.13681
0.133049
0.133772
0.133775
0.137334
0.138708
0.121818
0.130059
0.135505
0.120859
0.122978
0.114698
0.11458
0.134062
0.11517
0.128227
0.123487
0.141625
0.134931
0.126298
0.150324
0.137411
0.146437
0.137981
0.137985
0.127635
0.128612
0.141028
0.142685
0.142105
0.143716
0.144426
0.151809
0.164487
0.148452
0.156724
0.16008
0.171788
0.165744
0.170802
0.174392
0.169665
0.188359
0.227248
0.231683
0.215678
0.235383
0.21361
0.183885
0.174502
0.159884
0.123601
0.141994
0.16366
0.191155
0.241507
0.277467
0.307221
0.341592
0.344214
0.311646
0.28561
0.198984
0.144396
0.124977
0.126587
0.133808
0.128944
0.125548
0.121675
0.139994
0.128994
0.145533
0.131305
0.142503
0.136284
0.14252
0.141379
0.145086
0.139522
0.150195
0.143874
0.153933
0.154669
0.142243
0.13721
0.116601
0.112767
0.128694
0.114899
0.122333
0.118663
0.108791
0.114223
0.108146
0.0966227
0.0791388
0.0998881
0.0871035
0.098234
0.0903074
0.107272
0.111802
0.111861
0.113067
0.127235
0.119082
0.133652
0.113917
0.139297
0.136063
0.121594
0.120017
0.117267
0.125372
0.116424
0.12353
0.126699
0.109482
0.115916
0.122124
0.110837
0.118076
0.115926
0.118372
0.123019
0.126777
0.116652
0.123521
0.141449
0.138309
0.13926
0.126243
0.120505
0.109594
0.100999
0.10888
0.109327
0.11465
0.139898
0.122489
0.123456
0.130565
0.127916
0.120432
0.130549
0.118371
0.124681
0.125006
0.112242
0.112392
0.129586
0.136615
0.130194
0.0987198
0.102547
0.0941894
0.125707
0.105405
0.122566
0.105441
0.0938082
0.101101
0.100799
0.0820943
0.0785072
0.111694
0.0871397
0.0910493
0.0642065
0.107365
0.124966
0.0930026
0.106461
0.0931146
0.080211
0.0810968
0.0996186
0.0969907
0.0948329
0.0950007
0.0875388
0.0624264
0.0918787
0.0730299
0.070847
0.0809892
0.083353
0.0892121
0.0788162
0.106703
0.0870567
0.108563
0.0965766
0.107032
0.114715
0.128042
0.105068
0.112843
0.110772
0.0873002
0.0934263
0.0704895
0.066306
0.0667187
0.0540068
0.0825189
0.0700666
0.0737878
0.0795724
0.079929
0.0812939
0.105568
0.0981526
0.0841806
0.0860473
0.096759
0.0976574
0.0828311
0.0896229
0.0911638
0.113738
0.100659
0.116674
0.120212
0.0990105
0.10996
0.125669
0.106723
0.102822
0.113297
0.109405
0.101693
0.105785
0.0909908
0.104975
0.0880839
0.114419
0.112965
0.123127
0.102227
0.111276
0.102103
0.10054
0.100873
0.113956
0.11914
0.131252
0.101135
0.103822
0.109019
0.122946
0.0850526
0.103872
0.10964
0.106184
0.0919779
0.094492
0.0881383
0.0896338
0.0815381
0.0679058
0.0777808
0.0657777
0.0649356
0.0505181
0.0667338
0.0591934
0.0595402
0.0563318
0.0477554
0.0449914
0.0626061
0.0564859
0.044236
0.057205
0.059787
0.0442361
0.0407685
0.0493494
0.0564453
0.0466981
0.0487321
0.038596
0.0435513
0.0504163
0.0381303
0.0468246
0.0468108
0.050896
0.0512718
0.0533523
0.0496535
0.0570594
0.0555452
0.0575392
0.0732275
0.0479186
0.0371052
0.0470535
0.0399261
0.0529406
0.0488246
0.0541405
0.0506343
0.0568527
0.0623766
0.0683085
0.057273
0.0499078
0.0575101
0.0417524
0.0302688
0.0456717
0.0529864
0.042728
0.0405569
0.0390898
0.0492757
0.0450171
0.036558
0.0620443
0.0358799
0.0377797
0.0525393
0.0445642
0.054838
0.0440074
0.0475602
0.032415
0.0452093
0.0426418
0.0523526
0.0563386
0.0378496
0.0458593
0.0492668
0.0542563
0.0645197
0.047054
0.0608891
0.0651306
0.0654826
0.0858987
0.0848043
0.0841775
0.0791948
0.0660578
0.0773844
0.0929213
0.0921295
0.0850849
0.0901105
0.083061
0.0746065
0.0831494
0.0921115
0.0850337
0.0715891
0.086068
0.0901488
0.102313
0.108919
0.123269
0.120583
0.120594
0.136415
0.130805
0.129976
0.13016
0.134794
0.143895
0.127708
0.138117
0.103652
0.101427
0.0881461
0.0685049
0.102893
0.10023
0.0788639
0.106555
0.105134
0.109886
0.09455
0.124328
0.0857032
0.0960086
0.108479
0.134938
0.112792
0.111543
0.106544
0.106663
0.113516
0.0924138
0.118477
0.0975422
0.143936
0.122756
0.145393
0.136609
0.129651
0.143419
0.126341
0.0913095
0.110679
0.0907235
0.0774803
0.0833876
0.0933035
0.083698
0.0700422
0.074191
0.0653873
0.058247
0.044642
0.0432271
0.039661
0.0393235
0.0318233
0.0178534
0.0235507
0.0248691
0.0260147
0.021238
0.0218195
0.0278481
0.0262204
0.0215156
0.0208633
0.0294017
0.0230427
0.0305607
0.0320109
0.0248961
0.0309178
0.0215051
0.0290281
0.0278248
0.0237047
0.0291352
0.0229056
0.0135759
0.0149807
0.0167694
0.0193854
0.0137906
0.0178532
0.0226446
0.0157563
0.0140171
0.0173189
0.0169423
0.0159499
0.019025
0.0175511
0.0236605
0.0248192
0.0232413
0.0257272
0.019891
0.0274472
0.0259219
0.014823
0.0144499
0.0196297
0.0193526
0.0235952
0.0284371
0.0171368
0.0191845
0.019894
0.0273668
0.0220891
0.0206943
0.022364
0.0265137
0.0332214
0.0311996
0.0309861
0.0355092
0.0299544
0.0366389
0.0218928
0.0342358
0.0244738
0.0289082
0.0269662
0.0251732
0.0292138
0.0315398
0.034295
0.0316721
0.0319041
0.0279368
0.030909
0.0271214
0.0307157
0.0326207
0.0262463
0.0402927
0.0402279
0.0282954
0.0226617
0.0325588
0.0297248
0.0303606
0.0290098
0.018214
0.0252805
0.0195676
0.026991
0.0259864
0.0320755
0.0259085
0.0292716
0.0284874
0.0217194
0.0313739
0.0295439
0.030981
0.0365292
0.0336643
0.037226
0.0392651
0.0409937
0.0474806
0.048917
0.0490249
0.0468721
0.0416522
0.034316
0.0492356
0.0439328
0.0464955
0.0488221
0.0420843
0.0451123
0.0484557
0.0566229
0.0561073
0.0481294
0.0546675
0.0556054
0.0599912
0.0611658
0.0578709
0.0671776
0.0736871
0.0648258
0.075196
0.0622359
0.066913
0.0659149
0.0695439
0.0722105
0.0615158
0.0646415
0.0636199
0.067342
0.0599782
0.0627989
0.068609
0.0621648
0.0680365
0.0634151
0.0605011
0.0646679
0.0711034
0.0708616
0.0683029
0.085711
0.0800589
0.0684455
0.0628416
0.0664602
0.0611916
0.0776925
0.0660528
0.0564588
0.0581393
0.0689921
0.0669666
0.0599234
0.0665735
0.0635951
0.0507399
0.0601997
0.0596911
0.0574179
0.0548674
0.0646022
0.0616084
0.0651745
0.0690352
0.0573112
0.0654998
0.0569358
0.0505102
0.0485817
0.0469138
0.0466504
0.0456731
0.0503214
0.0550373
0.0403848
0.0548908
0.045474
0.0409355
0.0388846
0.036324
0.0447257
0.045604
0.0391536
0.0467637
0.0454213
0.0421357
0.0540083
0.0409194
0.0531831
0.049636
0.0489463
0.050278
0.0458631
0.0466114
0.0400765
0.0475475
0.0425113
0.0237885
0.0222876
0.0326502
0.0192706
0
0.00721226
0.0303021
0.0233945
0.0170302
0.0224848
0.0133043
0.0274682
0.0190715
0.0223586
0.022629
0.0284995
0.0282385
0.0292539
0.030322
0.0431901
0.0415441
0.05248
0.0440812
0.0488
0.0342126
0.0437857
0.0424593
0.0386497
0.0418644
0.0296059
0.0318458
0.0272148
0.0215951
0.0321217
0.0287029
0.0247019
0.0324413
0.0286308
0.021829
0.029633
0.0158104
0.030887
0.0177488
0.0226606
0.0235713
0.0308739
0.0214537
0.024425
0.025105
0.0265723
0.0184186
0.0309522
0.0248858
0.0366683
0.0182432
0.0241325
0.0185052
0.0270198
0.0259272
0.0307329
0.0207081
0.0288533
0.0177555
0.0249841
0.0283311
0.0194352
0.028482
0.0230218
0.0167707
0.030956
0.0265511
0.0265726
0.0252778
0.0223669
0.0195317
0.0218227
0.0309593
0.0289114
0.01917
0.0291624
0.0285131
0.0330327
0.0405986
0.0348841
0.0217291
0.0343607
0.0333164
0.0314322
0.0283755
0.0251569
0.0367946
0.0316433
0.0248113
0.0261011
0.0202753
0.0239389
0.0234182
0.0145523
0.0228316
0.0240513
0.0226143
0.0284887
0.0238916
0.0176606
0.0276673
0.0236531
0.0236329
0.0314551
0.0263101
0.0240412
0.0327993
0.0272978
0.0355024
0.0390782
0.0308831
0.0316618
0.0324206
0.0405147
0.0469801
0.0529643
0.0340841
0.0440155
0.0379827
0.0364765
0.028982
0.0360009
0.0356482
0.0309138
0.0407389
0.0357438
0.0320019
0.0320157
0.0375813
0.0407316
0.0368761
0.0356467
0.042021
0.0415819
0.0411448
0.0434987
0.0401948
0.0400508
0.0434801
0.0478021
0.0538545
0.0555634
0.0905996
0.129563
0.252744
0.404717
0.47104
0.495461
0.472032
0.395253
0.249427
0.121409
0.0787728
0.060786
0.0598751
0.0525867
0.0487342
0.0535951
0.0490134
0.0417257
0.050624
0.0514521
0.0437088
0.0452053
0.0428886
0.0446952
0.0422492
0.0444029
0.0436769
0.0434155
0.0496281
0.045413
0.0473137
0.0453423
0.0418231
0.0432155
0.0431741
0.045059
0.0479827
0.0439401
0.0466055
0.0443649
0.0471756
0.0490936
0.0495484
0.0466312
0.044132
0.0395319
0.0345982
0.03978
0.0443106
0.045525
0.043262
0.050405
0.0429449
0.0469822
0.053973
0.0510722
0.050693
0.0470964
0.0501394
0.051153
0.0462297
0.0455212
0.0391403
0.0396565
0.0424459
0.0505533
0.0496572
0.0478881
0.0464088
0.0599739
0.0449593
0.0407914
0.0348643
0.0413126
0.0441969
0.0372022
0.0441613
0.0345254
0.0444213
0.0417337
0.0411649
0.0428547
0.0466192
0.0418997
0.0370387
0.0424129
0.0462967
0.0410457
0.040525
0.0484882
0.0487865
0.0421332
0.0453964
0.0511277
0.0489146
0.0374429
0.0425865
0.041671
0.0446509
0.0369543
0.0409489
0.0439318
0.0472973
0.0477173
0.0439195
0.0474032
0.0486916
0.0579927
0.0388588
0.0520692
0.053969
0.0498646
0.0592714
0.0404852
0.0688473
0.0566827
0.0647558
0.062352
0.066816
0.0682774
0.0523304
0.0656504
0.0652823
0.0622986
0.0468717
0.0654122
0.0582172
0.0561828
0.061852
0.058058
0.063133
0.0429783
0.0499778
0.0534222
0.06212
0.0562743
0.0527722
0.0581898
0.0455465
0.0522373
0.0566335
0.0686019
0.0757545
0.0445586
0.0451666
0.0600806
0.0709528
0.0712356
0.0647558
0.0547019
0.081513
0.0481318
0.059292
0.0686751
0.059126
0.0996181
0.0987558
0.0372137
0.111013
0.0819836
0.0918982
0.051507
0.0798177
0.0712588
0.0726839
0.0682189
0.106227
0.0858307
0.0917885
0.0980066
0.0932174
0.0833431
0.0949183
0.0747131
0.102905
0.0788801
0.0783462
0.102576
0.106278
0.0907593
0.0986547
0.116577
0.100186
0.0924781
0.0746026
0.100802
0.0723569
0.0687388
0.06923
0.0715179
0.0766862
0.0847522
0.0881643
0.0652103
0.0937546
0.0869405
0.0813275
0.0864789
0.0661985
0.0754798
0.069565
0.0640088
0.0729575
0.0703763
0.0815283
0.065164
0.0783288
0.0793229
0.0714003
0.062652
0.0365614
0.0731935
0.0571985
0.0530394
0.0686573
0.0607645
0.070565
0.0958075
0.0794733
0.0772346
0.0759701
0.0801916
0.0684117
0.082714
0.0844064
0.0990847
0.0846361
0.0778275
0.0728363
0.0634784
0.0487135
0.0681809
0.0453792
0.0727857
0.0539166
0.0519671
0.0502923
0.0522827
0.0648022
0.0566579
0.0655465
0.0931887
0.053618
0.0524423
0.0630294
0.047106
0.0644206
0.0533448
0.0757464
0.062125
0.0895054
0.0796659
0.0773003
0.0994956
0.111742
0.0986921
0.112628
0.13649
0.134945
0.139428
0.143251
0.159456
0.138407
0.118871
0.0862815
0.0526863
0.0540706
0.0640117
0.0477246
0.0284589
0.0464811
0.0527791
0.0328923
0.0435677
0.0587733
0.0471558
0.0542724
0.062816
0.0575492
0.0690366
0.0517908
0.0471263
0.0491307
0.0556468
0.045373
0.0527774
0.0407941
0.0467589
0.0542981
0.043507
0.0491308
0.0452013
0.0445523
0.0378511
0.0427165
0.0527314
0.0479339
0.055138
0.0450419
0.0500045
0.0441031
0.036027
0.0451144
0.0473534
0.0429514
0.0448118
0.0435259
0.0469062
0.0474892
0.0397662
0.0522787
0.0476303
0.045571
0.0553507
0.0494627
0.0571994
0.053185
0.0600096
0.0534577
0.0470882
0.0490202
0.0482427
0.0522934
0.0437657
0.0458885
0.0398427
0.0495769
0.049293
0.0456759
0.0532582
0.0318544
0.0367412
0.0497831
0.0534874
0.0416168
0.0425636
0.0472717
0.047989
0.0458768
0.0564121
0.0449496
0.0457858
0.0484417
0.0482697
0.054326
0.0489239
0.0471184
0.0394868
0.0347021
0.0392517
0.0411378
0.0460395
0.0412344
0.0465652
0.0531135
0.0417419
0.0422049
0.0521956
0.0539971
0.0455697
0.0436716
0.0546108
0.0572521
0.0506568
0.063405
0.0634499
0.0663819
0.0688267
0.0685035
0.0634899
0.0709783
0.0711579
0.0765903
0.0799421
0.0946317
0.0840275
0.0838222
0.0834623
0.0900085
0.0654721
0.0617165
0.0579665
0.0574106
0.0505376
0.0455383
0.0394804
0.0408765
0.0439268
0.0429564
0.0476397
0.0424349
0.0408896
0.0444093
0.0433266
0.0464968
0.0459991
0.0452612
0.0481578
0.0519823
0.0467987
0.0474474
0.0516058
0.0547049
0.054633
0.0553149
0.0610228
0.0663713
0.0651942
0.0706918
0.072992
0.0768496
0.0834949
0.0969318
0.0971587
0.100986
0.101991
0.11634
0.109
0.100607
0.0972164
0.0880476
0.0946089
0.0789331
0.0813732
0.0591026
0.0652343
0.0613817
0.0620749
0.0639397
0.069841
0.0691604
0.0555409
0.0603629
0.054939
0.0626134
0.0568722
0.0582137
0.0696804
0.0754865
0.0742319
0.0559918
0.0710797
0.0715719
0.0707633
0.0626509
0.0799154
0.0724069
0.0738149
0.0826582
0.0864688
0.0837022
0.0962678
0.0981669
0.095511
0.100625
0.104793
0.117911
0.114201
0.118969
0.117572
0.115283
0.110784
0.110674
0.103376
0.0898583
0.0806287
0.0747621
0.0676456
0.0644607
0.0635868
0.0682178
0.0779339
0.0664413
0.0701951
0.0543778
0.0648296
0.0673005
0.0605417
0.0593209
0.0497518
0.0608353
0.059988
0.0565503
0.0564931
0.0548313
0.0632705
0.0516947
0.0731857
0.0511116
0.0554128
0.0474383
0.0596418
0.0580672
0.0584909
0.0553283
0.0519354
0.0580021
0.0595012
0.0561042
0.059432
0.0660838
0.056044
0.0584691
0.0518625
0.0557639
0.0625088
0.0595653
0.0592549
0.0500175
0.056928
0.0504875
0.0524098
0.048538
0.0487022
0.0554606
0.0515556
0.0509821
0.0512065
0.0564697
0.0503537
0.0448342
0.049662
0.0555166
0.0484326
0.0569621
0.0521591
0.0592914
0.0663571
0.0736855
0.0825917
0.081108
0.0840259
0.090504
0.0940807
0.0959696
0.100083
0.0908872
0.0873962
0.0989567
0.0950196
0.095278
0.0905406
0.0994702
0.109523
0.0974731
0.100159
0.0992915
0.0860107
0.110236
0.0953302
0.107745
0.11065
0.110707
0.120049
0.113417
0.107399
0.108064
0.109519
0.104669
0.0916449
0.0881655
0.106953
0.0922842
0.0760811
0.0791228
0.0921777
0.0846077
0.0795531
0.0821895
0.0909559
0.0845592
0.0997459
0.0956248
0.0980267
0.125889
0.10403
0.123211
0.123247
0.117672
0.119655
0.135955
0.114127
0.110937
0.102947
0.122704
0.119774
0.102751
0.102136
0.116438
0.124854
0.0845041
0.106791
0.0942253
0.0741989
0.0827798
0.11984
0.1165
0.114788
0.0682504
0.109567
0.0867966
0.110927
0.132971
0.116347
0.107725
0.137687
0.088061
0.114711
0.125558
0.11709
0.140428
0.127028
0.093137
0.125702
0.127854
0.135082
0.135304
0.133021
0.135801
0.131367
0.135833
0.14754
0.143597
0.174337
0.141079
0.144972
0.146546
0.149845
0.161162
0.146152
0.162814
0.141549
0.15327
0.16247
0.141047
0.135598
0.142684
0.146238
0.12311
0.125765
0.104993
0.117268
0.0909687
0.0959637
0.106286
0.0745607
0.086742
0.0914092
0.0935074
0.0627991
0.0709949
0.0930343
0.06615
0.105423
0.0927253
0.0949041
0.0834777
0.0921869
0.120684
0.0903259
0.126904
0.104626
0.129939
0.130426
0.0794114
0.0961566
0.12906
0.136264
0.146322
0.176911
0.152839
0.127966
0.16649
0.177983
0.166507
0.137447
0.189308
0.167701
0.164292
0.161253
0.176396
0.196692
0.180534
0.19682
0.192917
0.176514
0.190984
0.168879
0.199302
0.163876
0.158558
0.165233
0.169824
0.146348
0.136952
0.140779
0.154181
0.12348
0.122667
0.0649856
0.0955591
0.096876
0.0684906
0.0814565
0.0751723
0.0875807
0.105095
0.107308
0.101887
0.0489754
0.110392
0.0947717
0.128041
0.12166
0.0968608
0.112171
0.0946463
0.106145
0.0920061
0.10134
0.0692452
0.0920953
0.0862893
0.117018
0.0590237
0.0851626
0.11877
0.0721669
0.0535257
0.0795201
0.134175
0.0912208
0.0891882
0.104023
0.0798397
0.130285
0.107265
0.090609
0.118464
0.113297
0.107539
0.106087
0.0854533
0.0898343
0.117221
0.139588
0.113756
0.113375
0.0888341
0.091814
0.0935144
0.110242
0.0934668
0.114473
0.0897558
0.125502
0.0951998
0.107813
0.0973132
0.103291
0.134557
0.101902
0.0750913
0.120589
0.0909853
0.126299
0.0648595
0.0798502
0.121932
0.146748
0.0927154
0.102074
0.110415
0.0735301
0.149898
0.132587
0.0758511
0.11007
0.134825
0.102318
0.114978
0.105085
0.0697338
0.0944147
0.0839875
0.100964
0.0539117
0.101191
0.0793111
0.0909308
0.0791145
0.0604711
0.080502
0.113809
0.143703
0.106169
0.109499
0.175042
0.126065
0.113943
0.0909
0.0960979
0.0905653
0.0915327
0.109499
0.128211
0.0886518
0.140325
0.116226
0.127888
0.101711
0.114109
0.133049
0.108276
0.0883956
0.124719
0.140535
0.136829
0.126248
0.119057
0.115263
0.130147
0.110546
0.0875514
0.106548
0.0665455
0.141076
0.150066
0.112208
0.07773
0.0861815
0.100537
0.110239
0.0812708
0.0829439
