0.119211
0.130315
0.118231
0.124734
0.1416
0.134555
0.136795
0.144358
0.150347
0.147051
0.154862
0.156517
0.159246
0.16234
0.165385
0.164334
0.168908
0.167177
0.171856
0.170182
0.157708
0.167873
0.168937
0.170794
0.171117
0.182336
0.189031
0.197119
0.200876
0.196385
0.200103
0.203519
0.20302
0.203917
0.207795
0.207801
0.211427
0.209802
0.202006
0.19867
0.199251
0.197146
0.19342
0.207279
0.212766
0.219628
0.22809
0.23437
0.234645
0.23752
0.232788
0.216168
0.206157
0.205047
0.205232
0.204787
0.218293
0.241094
0.244292
0.231972
0.208115
0.186692
0.154523
0.141055
0.136093
0.141591
0.125868
0.114943
0.109764
0.113357
0.121353
0.10941
0.115823
0.111918
0.108116
0.110622
0.110191
0.11241
0.113816
0.115475
0.109712
0.116894
0.119647
0.121878
0.122324
0.120338
0.127131
0.12821
0.130182
0.13312
0.140966
0.140029
0.147535
0.15337
0.161361
0.172458
0.180238
0.191371
0.200644
0.205855
0.208663
0.207056
0.198055
0.196767
0.17889
0.169034
0.165694
0.163319
0.167859
0.165981
0.167227
0.172293
0.171498
0.172216
0.172613
0.168112
0.162032
0.155386
0.150679
0.160025
0.157919
0.160283
0.160652
0.172881
0.180133
0.180779
0.189822
0.196735
0.1945
0.2004
0.199649
0.202763
0.203349
0.204011
0.204499
0.205036
0.208104
0.211555
0.205494
0.198146
0.18201
0.175352
0.168822
0.174737
0.173855
0.176149
0.181127
0.190267
0.183633
0.199212
0.215987
0.219354
0.220195
0.227388
0.232713
0.236506
0.232335
0.237634
0.239148
0.238515
0.240185
0.240511
0.23811
0.233483
0.210115
0.172634
0.149584
0.130008
0.11355
0.114269
0.111129
0.108591
0.109646
0.107385
0.112388
0.114471
0.117733
0.105525
0.11447
0.119094
0.119712
0.127104
0.131583
0.120174
0.128047
0.122382
0.126757
0.121271
0.128549
0.118068
0.119385
0.125812
0.125068
0.129971
0.12939
0.128396
0.124394
0.12589
0.123041
0.106387
0.0977736
0.102414
0.0956131
0.0972341
0.103031
0.0987651
0.109931
0.108858
0.122398
0.124447
0.13319
0.134404
0.136742
0.14948
0.148265
0.149769
0.154862
0.157376
0.159053
0.159539
0.158871
0.160629
0.155325
0.138556
0.133644
0.135731
0.115447
0.121121
0.13036
0.123942
0.136663
0.129429
0.133211
0.136722
0.137284
0.153643
0.154154
0.166356
0.177081
0.167121
0.181835
0.19316
0.191733
0.195478
0.199422
0.203567
0.200363
0.20563
0.208229
0.212644
0.208967
0.210269
0.220201
0.214855
0.20353
0.18643
0.16865
0.149742
0.132529
0.137655
0.129624
0.123232
0.136495
0.13661
0.145237
0.152858
0.143688
0.154685
0.168485
0.167094
0.174239
0.173139
0.18346
0.186939
0.188495
0.197123
0.195673
0.200013
0.201951
0.196967
0.188662
0.172198
0.159081
0.139117
0.12416
0.110862
0.115728
0.121502
0.119091
0.116275
0.136725
0.126848
0.115668
0.128692
0.143801
0.145331
0.123947
0.129656
0.133762
0.1334
0.133609
0.121842
0.118076
0.110163
0.119643
0.126499
0.117247
0.123485
0.132403
0.125009
0.123765
0.126912
0.120834
0.120573
0.10888
0.121188
0.103826
0.100633
0.0830736
0.100779
0.0948372
0.0974826
0.117662
0.102053
0.10798
0.104512
0.11214
0.105347
0.111335
0.112593
0.117145
0.124842
0.119606
0.127427
0.130511
0.137435
0.141822
0.140358
0.147119
0.140213
0.147602
0.151114
0.144978
0.145396
0.132535
0.122934
0.131788
0.116661
0.103275
0.103444
0.113153
0.100931
0.109952
0.0977814
0.101433
0.101611
0.118081
0.114429
0.126001
0.108951
0.138091
0.12378
0.125658
0.129154
0.130374
0.129496
0.134337
0.142765
0.145833
0.159103
0.163703
0.174626
0.17753
0.183345
0.185025
0.187195
0.175027
0.173335
0.160966
0.13853
0.126314
0.106845
0.0867034
0.0995921
0.103192
0.103683
0.106951
0.111437
0.115067
0.117913
0.110508
0.105746
0.11689
0.119186
0.115363
0.106621
0.100667
0.112601
0.110464
0.108727
0.116847
0.108143
0.124533
0.121819
0.123215
0.12431
0.12284
0.135028
0.148792
0.151636
0.166581
0.175333
0.193436
0.195159
0.188984
0.189076
0.181016
0.183102
0.155619
0.154647
0.143381
0.140392
0.151688
0.147147
0.14756
0.158677
0.151906
0.147229
0.143154
0.148701
0.160789
0.159203
0.152343
0.152562
0.155503
0.138121
0.134268
0.139027
0.137041
0.128977
0.136176
0.142676
0.132886
0.139414
0.105094
0.122806
0.128086
0.124836
0.118908
0.115531
0.109776
0.12842
0.102249
0.113308
0.122614
0.119059
0.131641
0.12331
0.150774
0.124737
0.136495
0.124052
0.119603
0.133514
0.112055
0.137094
0.140947
0.139865
0.143191
0.139441
0.149358
0.140627
0.156554
0.156738
0.155201
0.174721
0.16699
0.183688
0.1799
0.18117
0.194856
0.223479
0.236998
0.227374
0.235696
0.213054
0.185587
0.181952
0.150536
0.130646
0.135478
0.146578
0.187716
0.241736
0.29477
0.327859
0.373407
0.36418
0.347325
0.290245
0.202161
0.150367
0.122117
0.130863
0.117885
0.117329
0.108585
0.115441
0.13312
0.127326
0.146182
0.135432
0.141984
0.126739
0.126767
0.135792
0.14874
0.13821
0.143491
0.145822
0.145559
0.145671
0.139665
0.124139
0.10091
0.124473
0.114401
0.100502
0.113398
0.113201
0.10307
0.0994859
0.103105
0.0883959
0.0664049
0.099976
0.0938459
0.0934956
0.100147
0.0989455
0.115091
0.101235
0.105796
0.112798
0.113596
0.121373
0.117506
0.135741
0.137964
0.12761
0.0933867
0.107829
0.0984832
0.108542
0.107674
0.110825
0.101652
0.104633
0.103143
0.100404
0.106304
0.102703
0.113395
0.106682
0.129218
0.111567
0.119385
0.131912
0.128095
0.122667
0.12224
0.110428
0.112352
0.0966521
0.107047
0.104166
0.111357
0.132154
0.119345
0.105572
0.125479
0.12431
0.121496
0.11737
0.116551
0.122932
0.106217
0.110236
0.106512
0.120922
0.129195
0.131524
0.0857701
0.104634
0.0689647
0.0946878
0.0856062
0.101808
0.100414
0.0972419
0.096756
0.0904793
0.0959228
0.0842275
0.0896313
0.0719166
0.0886505
0.0805754
0.0943841
0.0986888
0.0883798
0.0911971
0.0882673
0.0771728
0.0820344
0.0769624
0.0899255
0.0797541
0.084143
0.0807187
0.0664253
0.0798232
0.0607173
0.0624861
0.0726231
0.0784123
0.0759034
0.0746637
0.0986555
0.0798919
0.106294
0.0984866
0.109404
0.0949277
0.109355
0.0963899
0.108593
0.100025
0.0807438
0.0893673
0.0614636
0.0449641
0.0663405
0.0539432
0.0692929
0.0653279
0.0678205
0.0647613
0.0739009
0.0789645
0.0974026
0.0619423
0.0860264
0.0841697
0.0733741
0.0979721
0.0879387
0.0856297
0.08868
0.108211
0.105347
0.0922013
0.111697
0.0962512
0.104183
0.12038
0.10387
0.0773441
0.0863383
0.0980277
0.113137
0.0981299
0.0826614
0.0843153
0.086072
0.1016
0.0992178
0.115635
0.100789
0.090238
0.106855
0.0890458
0.104507
0.112483
0.11796
0.12603
0.105413
0.0967071
0.0929179
0.0805187
0.0905878
0.100991
0.0735846
0.0849167
0.0860341
0.0899736
0.0813694
0.073659
0.0778386
0.0482392
0.0592359
0.0455095
0.0525408
0.0454043
0.0593524
0.0501002
0.0468226
0.0377771
0.0443578
0.0515091
0.0344676
0.0436325
0.0459381
0.0547031
0.0445494
0.0329193
0.0193788
0.0310253
0.0469373
0.035796
0.0409709
0.037151
0.0305536
0.0446495
0.033113
0.0337814
0.0410652
0.0349103
0.0346927
0.0319797
0.0400641
0.0402582
0.0428632
0.0388146
0.065307
0.0217051
0.0445332
0.0322498
0.0355748
0.0371429
0.0326816
0.0487938
0.0376238
0.0486581
0.0411341
0.0519355
0.0523851
0.0381853
0.0506471
0.0358155
0.0238292
0.0344237
0.0405346
0.0305583
0.0356982
0.0306734
0.0333388
0.0195803
0.0303917
0.0429998
0.0351186
0.0225017
0.0392133
0.0417621
0.0451629
0.0345718
0.0313958
0.0316643
0.0191479
0.0313903
0.0469567
0.0438413
0.0197096
0.0298557
0.0401041
0.0356694
0.0506498
0.0384482
0.0593958
0.0680428
0.0458744
0.0590829
0.0576796
0.0718926
0.0616764
0.0463808
0.0615479
0.0673827
0.0886842
0.0661843
0.0796664
0.086572
0.0859557
0.0745677
0.086788
0.0761413
0.0707786
0.0753686
0.0810575
0.0836606
0.0953735
0.104112
0.111193
0.116165
0.137284
0.10361
0.113217
0.110565
0.129035
0.127146
0.117717
0.141367
0.0953583
0.0914038
0.0801804
0.0701727
0.0840951
0.0986586
0.0882771
0.0773488
0.0763857
0.100373
0.0942099
0.0975976
0.0850458
0.110556
0.098964
0.11379
0.116057
0.07114
0.12027
0.0854788
0.0928036
0.0850675
0.133276
0.0937028
0.119992
0.119862
0.128856
0.142426
0.110647
0.131617
0.121812
0.104122
0.0938724
0.0809794
0.0903909
0.0861395
0.0652256
0.0742331
0.0595049
0.0532062
0.055642
0.0418958
0.0528907
0.0221747
0.0281586
0.0213458
0.0207198
0.0187616
0.0131755
0.0205012
0.00900841
0.0138235
0.00945669
0.00678217
0.00743992
0.0138846
0.00962171
0.0144731
0.0142172
0.0156274
0.0249465
0.020007
0.0240022
0.0196414
0.0237298
0.0197648
0.00566627
0.0138197
0.00416992
0.00265279
0.00597685
0.00678959
0.00684546
0.00986212
0.00873585
0.00408601
0.0081846
0.00708796
0.00349841
0.00296058
0.00824959
0.00357005
0.0069894
0.0126009
0.0104025
0.0154494
0.0092729
0.00726975
0.0178284
0.00943444
0.00929966
0.00773989
0.00888095
0.0123576
0.0167515
0.0132839
0.00516197
0.0137313
0.00655763
0.01126
0.00704836
0.0112415
0.0146361
0.0131434
0.0207497
0.016552
0.0171735
0.0261492
0.0282687
0.0227583
0.0144122
0.02137
0.0202369
0.0153474
0.0232372
0.0129977
0.0157709
0.0195447
0.0198648
0.0151231
0.0162376
0.0164688
0.0166951
0.0206639
0.0171468
0.0148889
0.0157232
0.0289453
0.0239766
0.0182782
0.0143023
0.0151078
0.0196604
0.0203226
0.019344
0.0106997
0.0122473
0.0163441
0.0105765
0.0147177
0.026769
0.0205973
0.0166541
0.0131064
0.01564
0.013015
0.0151542
0.0196993
0.0263632
0.0172079
0.0214915
0.0282184
0.0322167
0.0335551
0.0336201
0.0346024
0.0314253
0.0242924
0.0339478
0.0448102
0.0334936
0.0309532
0.0339991
0.0380105
0.0395463
0.0351483
0.0433961
0.0471863
0.0371032
0.0406342
0.0412857
0.0458474
0.0502091
0.0471807
0.0541056
0.0638866
0.0580402
0.067972
0.06165
0.0610162
0.0634381
0.0567598
0.0551873
0.0625841
0.0591572
0.0567035
0.0541077
0.0431699
0.0534399
0.061672
0.0594023
0.0579739
0.0683891
0.0598801
0.0661826
0.060326
0.0729364
0.0616879
0.0738768
0.0662685
0.0564686
0.0515897
0.0416645
0.0498678
0.0577657
0.0447014
0.0517743
0.0466009
0.0508099
0.0504302
0.0448186
0.0591875
0.048508
0.0453262
0.0514982
0.0464752
0.0380283
0.0509657
0.0480387
0.0408461
0.049645
0.0478761
0.0395409
0.0474923
0.0372912
0.0566347
0.0466857
0.0413115
0.0389939
0.0245319
0.0450733
0.0322362
0.0334093
0.0364712
0.0356822
0.0314588
0.0247839
0.0167811
0.0203008
0.0350501
0.0324279
0.0277201
0.0223103
0.0300206
0.029794
0.0301776
0.0320141
0.0266677
0.0261775
0.0270249
0.0226768
0.0323033
0.0198423
0.0253028
0.0273046
0.0188755
0.014541
0.0218816
0.00421471
0.00404566
0.00174629
0.00465362
0.010811
0.011624
0
0.0032046
0.00805744
0.00741499
0.0128168
0.00433497
0.00569373
0.00820512
0.00631619
0.0182132
0.0254318
0.0217206
0.0267843
0.0264894
0.0282881
0.025517
0.0225731
0.0361629
0.0183381
0.0308089
0.0147033
0.0172596
0.0105321
0.0131815
0.016585
0.0231338
0.0171301
0.0140322
0.0119747
0.013531
0.0152508
0.0136092
0.0163612
0.0111279
0.00943436
0.0131743
0.0152485
0.0111714
0.0112274
0.00543022
0.0118568
0.00813489
0.0157724
0.0125366
0.0178882
0.00515515
0.0154396
0.00465918
0.0149627
0.0145435
0.014769
0.0100194
0.0200893
0.0106932
0.011394
0.0199953
0.00734097
0.0114979
0.0129974
0.0105796
0.0227074
0.0177368
0.0120163
0.0127589
0.0109765
0.0128129
0.00865307
0.014494
0.0123644
0.0132535
0.014466
0.0259375
0.026158
0.0192325
0.0264547
0.0225778
0.0318631
0.0233542
0.0212486
0.0230595
0.0114127
0.0159155
0.0186723
0.0124689
0.0188934
0.00787085
0.0109391
0.00931133
0.0102059
0.0110037
0.00619771
0.0137242
0.0158003
0.0111616
0.0171161
0.0135596
0.0122783
0.0160084
0.0176845
0.0199562
0.0101805
0.0184875
0.0204915
0.0281765
0.0266818
0.0355495
0.0252266
0.0320645
0.0202159
0.0265106
0.0351224
0.0222924
0.0260127
0.0181819
0.029065
0.0214795
0.0229694
0.0256758
0.0201117
0.0263173
0.0269322
0.0195324
0.0262341
0.0274471
0.0266615
0.0287188
0.0236588
0.0288708
0.0325243
0.0290029
0.0339797
0.0326925
0.030885
0.0336762
0.0359948
0.0408728
0.0511215
0.0827755
0.125921
0.276844
0.436046
0.51631
0.533682
0.511624
0.433356
0.268125
0.127141
0.07437
0.049868
0.0541999
0.0395532
0.0386775
0.043677
0.0389688
0.0368078
0.0437648
0.0433628
0.0363044
0.0342739
0.0338022
0.0354977
0.0346053
0.0363231
0.0387429
0.0353062
0.0359547
0.0321462
0.0344508
0.0316159
0.0377512
0.0354895
0.0305821
0.0336491
0.0380636
0.0270738
0.0377274
0.0295966
0.0403985
0.0390029
0.0328742
0.0308162
0.0359134
0.0370209
0.0323505
0.0335598
0.030908
0.0411206
0.0347109
0.0335715
0.0390196
0.0376707
0.0455274
0.0459356
0.0425024
0.0372425
0.039668
0.0357824
0.0334891
0.0382355
0.0417528
0.0323666
0.0369041
0.0428636
0.0353097
0.0471991
0.0403867
0.0399054
0.0354338
0.0357452
0.035912
0.0332928
0.0279432
0.0250879
0.0396162
0.0234824
0.0330681
0.0276741
0.0293026
0.0305142
0.0293378
0.0305296
0.030632
0.0364858
0.0336467
0.0332184
0.0300109
0.040574
0.03675
0.0335808
0.032612
0.0383281
0.0348915
0.034402
0.0373514
0.0367128
0.0346714
0.0330023
0.0357808
0.0351497
0.0406489
0.0365844
0.0400328
0.0410289
0.0343989
0.0497096
0.0378338
0.0353066
0.0316317
0.0339491
0.0347761
0.0369138
0.0562161
0.0418493
0.0546726
0.0527923
0.0513633
0.056794
0.0393396
0.0537211
0.0568191
0.0533595
0.04202
0.0558097
0.0521797
0.0372459
0.0444027
0.0461935
0.0424179
0.0376866
0.0437447
0.0456786
0.0607578
0.0384841
0.0459489
0.0456645
0.0414439
0.0448236
0.0422757
0.0564361
0.0547007
0.0184129
0.0345127
0.0421029
0.0562043
0.0684149
0.0496488
0.0406701
0.0841175
0.0503385
0.0529289
0.0333462
0.0425424
0.0721757
0.070295
0.0203228
0.0569782
0.0672205
0.0802644
0.0603337
0.0544772
0.0719739
0.0755704
0.0678576
0.0604116
0.0521146
0.0579581
0.117666
0.0874949
0.0670224
0.0768196
0.0780445
0.0481903
0.0780979
0.0723919
0.0966876
0.104964
0.0625881
0.0888215
0.100095
0.075386
0.0858531
0.0844804
0.0875117
0.0717455
0.0642666
0.0381449
0.0929852
0.0488369
0.0727079
0.055824
0.0574501
0.0880435
0.0509371
0.0581852
0.0480564
0.0700641
0.0524518
0.0625119
0.0577991
0.0658978
0.0459024
0.0485859
0.043131
0.0643586
0.0479805
0.0505256
0.0491223
0.053823
0.0525021
0.0744953
0.050095
0.0516973
0.0465693
0.0424795
0.0655019
0.0505586
0.0614627
0.0668535
0.0731525
0.0803727
0.0952565
0.0653409
0.0892394
0.0822237
0.0698342
0.0546168
0.0529549
0.0310302
0.0640749
0.0392227
0.0361366
0.0441154
0.0331809
0.049939
0.0490892
0.0591501
0.0380799
0.0519964
0.0660657
0.0409798
0.0482639
0.0517669
0.0501026
0.0535634
0.0484997
0.0616176
0.0466808
0.0787281
0.0695231
0.0751158
0.0934624
0.101738
0.104496
0.111544
0.111616
0.123573
0.140663
0.147169
0.155266
0.138085
0.112535
0.0909793
0.051675
0.0387306
0.0421058
0.0225555
0.00238738
0.0349615
0.0450246
0.0609638
0.0350729
0.0519303
0.0345079
0.0382767
0.0464384
0.0418915
0.0419557
0.0370919
0.0446811
0.0368557
0.0444856
0.0436286
0.045222
0.0267837
0.032251
0.0462545
0.0370307
0.0414914
0.0360575
0.0355689
0.0287408
0.0367099
0.0370069
0.0339583
0.0437258
0.0446545
0.0407138
0.0320381
0.024821
0.0332912
0.0371882
0.0361148
0.0305981
0.0364964
0.0416271
0.0350363
0.0311185
0.0448125
0.0354332
0.0450024
0.0538352
0.0322192
0.0448129
0.0339836
0.0467035
0.0396414
0.0429577
0.0318034
0.0418266
0.0425036
0.0331677
0.0287247
0.026853
0.0425736
0.0313215
0.034448
0.0388605
0.0196293
0.0323474
0.0460228
0.0429611
0.0358196
0.0416062
0.034378
0.0404042
0.0469721
0.0396787
0.0359188
0.030966
0.0347087
0.0347232
0.038562
0.0388867
0.039512
0.0344154
0.0215432
0.0354533
0.0294203
0.0341649
0.0310436
0.0262622
0.0341172
0.0277486
0.0343862
0.0397766
0.0382306
0.0380955
0.0360392
0.0426088
0.042666
0.0516589
0.0486219
0.0482658
0.0603021
0.0514116
0.0595247
0.0564632
0.0642884
0.0672538
0.0718865
0.0726339
0.0915471
0.0758098
0.0792674
0.0830977
0.0781623
0.0604088
0.0574865
0.0467143
0.0513906
0.0373041
0.0258226
0.0265392
0.0359515
0.0371898
0.0394048
0.0371967
0.0331046
0.0298124
0.0354132
0.0338378
0.0367009
0.0369973
0.0376712
0.033351
0.040372
0.0367889
0.036465
0.0424103
0.047725
0.0539018
0.0479134
0.051399
0.060632
0.065898
0.0638445
0.0679508
0.0706503
0.0785433
0.0913183
0.092642
0.0964945
0.105775
0.106562
0.10705
0.0942518
0.0921881
0.0840708
0.0897049
0.0674854
0.0699253
0.0532107
0.0481251
0.0566517
0.044999
0.0577456
0.0538848
0.0522181
0.0515228
0.0519625
0.0344528
0.0472116
0.0496686
0.0396643
0.0582438
0.0656914
0.0498535
0.0560243
0.0596054
0.0596609
0.0575044
0.0613672
0.0701816
0.0640139
0.068768
0.0786756
0.0761502
0.0809737
0.0911414
0.0848844
0.0886822
0.0968016
0.104383
0.111098
0.114
0.116698
0.117212
0.109837
0.108313
0.103312
0.0899354
0.0896927
0.075715
0.0619716
0.0616953
0.0576398
0.0498396
0.0605191
0.0590631
0.0587879
0.066927
0.0538657
0.0487068
0.0612918
0.0552801
0.0627528
0.0517946
0.0680907
0.0502822
0.0365691
0.0437647
0.0495989
0.044223
0.0468259
0.062235
0.0421524
0.0435149
0.0530501
0.0370346
0.0532567
0.0474596
0.0466753
0.0480618
0.0458656
0.0433239
0.0508988
0.0513143
0.0508738
0.0407805
0.0455129
0.0439666
0.0517139
0.0475189
0.0423459
0.0534525
0.0494518
0.0477741
0.0478744
0.0427326
0.0487142
0.0408184
0.0502242
0.0451599
0.0449634
0.0425425
0.0494535
0.0436706
0.0396562
0.0422483
0.0507286
0.0442303
0.0669399
0.047853
0.0461708
0.0589329
0.0621766
0.0718134
0.0752061
0.0771944
0.083915
0.0898962
0.0794125
0.0849562
0.0749895
0.0779121
0.0821523
0.0773153
0.0863815
0.0883781
0.0997575
0.101132
0.0844082
0.0908663
0.105842
0.0985601
0.0926771
0.0966935
0.0958217
0.0879654
0.0934785
0.103196
0.102098
0.109978
0.106398
0.103697
0.106452
0.0863496
0.0850322
0.08723
0.0815159
0.0779684
0.0531174
0.0846535
0.0654583
0.0785215
0.0664952
0.0624093
0.0742365
0.0962239
0.090034
0.0879734
0.12423
0.0985876
0.108212
0.118146
0.112801
0.114291
0.13594
0.114778
0.104248
0.111664
0.108554
0.113195
0.0923591
0.0980369
0.123572
0.123013
0.0880877
0.101381
0.0766956
0.078436
0.0783999
0.0846844
0.0906466
0.129396
0.0831366
0.0877689
0.0832179
0.104193
0.103636
0.0796591
0.0876375
0.124956
0.0662623
0.10378
0.0720416
0.126098
0.124523
0.129694
0.0889279
0.109856
0.125254
0.119892
0.138352
0.122711
0.129568
0.125811
0.1357
0.140005
0.149512
0.150012
0.145294
0.140264
0.157146
0.149388
0.157305
0.164379
0.148155
0.143639
0.151671
0.150642
0.141566
0.128696
0.13988
0.115463
0.113442
0.108391
0.0651122
0.0891969
0.0677104
0.0823005
0.0736267
0.0596237
0.0735675
0.0523617
0.0911554
0.0503712
0.092833
0.0773886
0.0558862
0.08575
0.0950126
0.0582131
0.0752717
0.0811969
0.0924533
0.0754718
0.0943475
0.0903105
0.0815813
0.117486
0.0916128
0.122327
0.105303
0.123779
0.142624
0.132579
0.138694
0.140586
0.149977
0.157185
0.155592
0.141662
0.159519
0.169254
0.153869
0.170007
0.172897
0.196244
0.174572
0.168896
0.194445
0.181382
0.182855
0.162462
0.175457
0.172764
0.160014
0.141638
0.169386
0.147481
0.129928
0.119091
0.105236
0.0959335
0.0870233
0.0195143
0.0784898
0.049568
0.0499179
0.00653872
0.0774328
0.0895681
0.107863
0.0973662
0.0868291
0.031249
0.109453
0.0739007
0.0784103
0.0879826
0.0749851
0.117505
0.0847515
0.0553905
0.0992286
0.0617785
0.0570689
0.0587323
0.0795316
0.0997956
0.0564804
0.0807423
0.0986443
0.0544096
0.0879675
0.0328224
0.0804403
0.059563
0.101485
0.055987
0.0885938
0.0881195
0.102489
0.0285214
0.0703792
0.102672
0.073211
0.110358
0.0853499
0.0885653
0.0953976
0.0851572
0.0705836
0.100126
0.0655836
0.086912
0.101456
0.074201
0.0737917
0.094076
0.0657673
0.0917935
0.0736895
0.0858945
0.0999052
0.0896682
0.112034
0.0972367
0.0871573
0.0763558
0.0349686
0.111605
0.0626081
0.0208907
0.107765
0.140929
0.0480372
0.0772271
0.0549396
0.0514507
0.129111
0.0794975
0.0786484
0.0515515
0.0423075
0.0370569
0.0298088
0.0942103
0.0681052
0.114011
0.0772408
0.0451343
0.0361561
0.0838439
0.00298056
0.0624219
0.0729795
0.0701555
0.052318
0.0933775
0.086966
0.0644197
0.0769594
0.097127
0.0743795
0.124637
0.0727924
0.0528746
0.109544
0.0823744
0.0594758
0.116755
0.0893502
0.126314
0.088052
0.119386
0.0828241
0.108093
0.137025
0.113931
0.0629665
0.126344
0.111868
0.108647
0.104817
0.113863
0.079219
0.108056
0.0681882
0.10876
0.100799
0.101933
0.0812277
0.08742
0.0876543
0.0769239
0.0669919
0.0564094
0.113463
0.0717838
0.0792791
