0.175571
0.184425
0.188218
0.19414
0.20106
0.193477
0.192853
0.205623
0.217621
0.214092
0.217273
0.229575
0.229525
0.234311
0.241536
0.245266
0.253655
0.25085
0.254433
0.258281
0.242144
0.249439
0.255327
0.264661
0.266776
0.276567
0.292008
0.300406
0.30517
0.306619
0.309798
0.31787
0.318391
0.322012
0.32701
0.329022
0.336295
0.334112
0.33257
0.32352
0.319561
0.318851
0.318228
0.326022
0.343138
0.350827
0.362144
0.373272
0.371056
0.37413
0.366632
0.328039
0.310223
0.308197
0.308368
0.30831
0.330129
0.394162
0.403765
0.386385
0.351665
0.306545
0.244995
0.221446
0.216595
0.200119
0.201545
0.179017
0.168145
0.158011
0.157057
0.153085
0.151589
0.145031
0.140695
0.146157
0.147243
0.15167
0.150535
0.162818
0.16145
0.164783
0.166917
0.172462
0.171858
0.173651
0.175694
0.179727
0.186074
0.191004
0.19962
0.209242
0.2197
0.236712
0.250779
0.273104
0.300404
0.312864
0.332597
0.338989
0.349829
0.347533
0.332567
0.315399
0.283342
0.256292
0.242922
0.236786
0.240464
0.243913
0.247383
0.254004
0.254858
0.260152
0.259893
0.252896
0.251968
0.245775
0.23406
0.239501
0.239662
0.257943
0.265505
0.271521
0.279281
0.283209
0.289081
0.299963
0.301699
0.303236
0.309859
0.311877
0.310999
0.308709
0.308364
0.30989
0.32486
0.33523
0.330423
0.320952
0.299869
0.276026
0.268632
0.271622
0.276292
0.283566
0.28389
0.302017
0.303913
0.324
0.335741
0.349652
0.353732
0.370166
0.374141
0.376877
0.380699
0.380561
0.382147
0.38123
0.383785
0.388399
0.388889
0.381297
0.348835
0.281415
0.222575
0.182646
0.154611
0.147439
0.141392
0.135374
0.133314
0.133591
0.139746
0.14108
0.148249
0.145816
0.153794
0.174431
0.184867
0.180405
0.186634
0.189983
0.187075
0.186984
0.185768
0.173937
0.172889
0.168898
0.161348
0.164522
0.17077
0.171259
0.17631
0.174185
0.177026
0.178809
0.175665
0.164296
0.157564
0.149405
0.145332
0.144229
0.150437
0.140918
0.153588
0.165287
0.174521
0.184587
0.192246
0.193872
0.206393
0.211322
0.215085
0.215176
0.226928
0.228259
0.233759
0.235851
0.239443
0.238866
0.239509
0.223113
0.212003
0.200176
0.185824
0.191997
0.194528
0.196308
0.201424
0.202513
0.205889
0.206527
0.220925
0.246626
0.243624
0.256692
0.270976
0.27122
0.287241
0.300322
0.306229
0.308152
0.316522
0.321723
0.321719
0.32908
0.334459
0.343887
0.352038
0.351107
0.361699
0.366129
0.354204
0.328407
0.286674
0.233919
0.217918
0.214529
0.21249
0.212219
0.231735
0.22072
0.229494
0.237662
0.234645
0.244108
0.256156
0.262008
0.271977
0.28188
0.284325
0.298004
0.299403
0.304094
0.307409
0.309643
0.311998
0.304522
0.288826
0.257257
0.232823
0.200485
0.171103
0.155543
0.155467
0.169193
0.172001
0.180869
0.198033
0.199961
0.187205
0.218373
0.214874
0.208386
0.216775
0.209415
0.208392
0.203712
0.183638
0.180077
0.1726
0.161435
0.167757
0.168411
0.167283
0.163297
0.176481
0.174387
0.177895
0.179602
0.179501
0.167836
0.174518
0.183096
0.159172
0.163294
0.160129
0.158976
0.158841
0.1557
0.165541
0.162321
0.154962
0.156308
0.161744
0.160956
0.16514
0.166323
0.175127
0.17284
0.187564
0.196166
0.204293
0.203133
0.211827
0.213968
0.217807
0.217038
0.218782
0.234555
0.228103
0.229617
0.218781
0.211194
0.201731
0.218242
0.196269
0.189546
0.185933
0.17707
0.175739
0.158276
0.176791
0.182304
0.198792
0.177581
0.208154
0.191444
0.189544
0.192943
0.200282
0.19519
0.200858
0.210089
0.20429
0.226693
0.23246
0.244312
0.257003
0.272059
0.27645
0.283418
0.285153
0.290762
0.28563
0.266267
0.262069
0.229432
0.199525
0.185741
0.163069
0.169878
0.148662
0.158908
0.161541
0.167284
0.180614
0.183574
0.167547
0.184003
0.184839
0.176182
0.174557
0.164512
0.155164
0.161362
0.162208
0.152535
0.158132
0.153975
0.172243
0.166212
0.167993
0.174662
0.1773
0.195541
0.218146
0.237064
0.261615
0.288754
0.313593
0.31404
0.313212
0.311305
0.305914
0.289388
0.261366
0.246758
0.24884
0.250554
0.242856
0.252139
0.253497
0.250571
0.246909
0.243993
0.238345
0.24919
0.243678
0.252767
0.241716
0.232838
0.228682
0.214628
0.19656
0.196337
0.198413
0.197166
0.204119
0.211045
0.20506
0.202962
0.213161
0.209593
0.208578
0.19516
0.20933
0.200463
0.205315
0.206749
0.191969
0.19152
0.204441
0.207134
0.211875
0.204606
0.227227
0.212208
0.224457
0.221426
0.205341
0.214868
0.196647
0.222947
0.225085
0.212342
0.229427
0.23045
0.238683
0.245972
0.236436
0.250615
0.253779
0.273956
0.272703
0.290128
0.298205
0.323741
0.348376
0.41294
0.437375
0.421539
0.398384
0.363052
0.337944
0.299275
0.237297
0.205779
0.229535
0.250663
0.298724
0.344078
0.402991
0.459773
0.509446
0.505038
0.484531
0.40091
0.322662
0.233335
0.201813
0.192644
0.182823
0.183603
0.187027
0.181402
0.194038
0.212908
0.217512
0.202454
0.222354
0.205812
0.21568
0.22086
0.224995
0.225358
0.230846
0.23745
0.232001
0.231082
0.225833
0.198383
0.182406
0.167949
0.162105
0.182863
0.173372
0.171346
0.154336
0.148569
0.152637
0.120741
0.109929
0.130351
0.133993
0.133025
0.139256
0.13436
0.148572
0.148464
0.138338
0.154706
0.162949
0.161476
0.180745
0.190302
0.19621
0.19258
0.184683
0.179451
0.182742
0.190406
0.175594
0.179486
0.181815
0.172667
0.173119
0.167063
0.171483
0.174747
0.186629
0.182726
0.193216
0.193957
0.19519
0.216728
0.213143
0.204794
0.17787
0.196215
0.168037
0.153114
0.166691
0.165074
0.173751
0.194338
0.177542
0.171676
0.18085
0.183289
0.191783
0.182593
0.17162
0.180948
0.189264
0.179132
0.170345
0.182657
0.197459
0.193468
0.167023
0.153449
0.159274
0.1601
0.146318
0.155188
0.149368
0.125124
0.129464
0.134995
0.143144
0.14385
0.150329
0.139586
0.133328
0.119162
0.137371
0.165414
0.130114
0.138805
0.152279
0.131371
0.138045
0.140615
0.141058
0.128869
0.145904
0.130036
0.104409
0.116066
0.105581
0.101814
0.0958587
0.112638
0.124968
0.129013
0.13295
0.138057
0.151377
0.160423
0.182483
0.174633
0.186546
0.193031
0.180724
0.169694
0.134895
0.134035
0.105493
0.101389
0.0863299
0.0656493
0.0899876
0.109519
0.114371
0.119809
0.121539
0.136662
0.142435
0.140286
0.145
0.153009
0.151059
0.142912
0.13474
0.142153
0.144913
0.182596
0.168789
0.1842
0.190319
0.181326
0.175047
0.186926
0.165583
0.16259
0.159802
0.152395
0.162625
0.146877
0.14951
0.167113
0.15926
0.17386
0.178094
0.185824
0.15828
0.163491
0.151161
0.165991
0.158428
0.164823
0.169921
0.185291
0.153378
0.170174
0.147022
0.150996
0.14191
0.153883
0.142335
0.129544
0.13334
0.137211
0.125133
0.117606
0.104154
0.0849764
0.100305
0.081463
0.0829558
0.0849548
0.0940548
0.0835744
0.0639091
0.0645945
0.0644416
0.0681319
0.0744547
0.0677622
0.07103
0.0764915
0.0656442
0.0571275
0.0555214
0.0663315
0.0613233
0.0572141
0.0567308
0.0594677
0.0437944
0.0533226
0.0439518
0.0622747
0.0552024
0.0517911
0.0645171
0.0620219
0.066988
0.0700859
0.0558036
0.0720415
0.0873745
0.0551044
0.0600471
0.06827
0.0591552
0.0680012
0.0682578
0.0723708
0.0778404
0.0871974
0.0794714
0.0726118
0.0702573
0.0567998
0.0707646
0.0553251
0.039903
0.0477344
0.0590842
0.0514791
0.048355
0.0403732
0.0423175
0.0461009
0.0445302
0.0674307
0.0476881
0.0574972
0.0576636
0.0720951
0.0669985
0.0504263
0.057371
0.0547126
0.0563027
0.0438739
0.0671088
0.0528323
0.0490408
0.0532135
0.0618046
0.0538383
0.0747344
0.0657444
0.0961946
0.0976244
0.103897
0.111316
0.102043
0.115277
0.125204
0.0943377
0.109635
0.122997
0.127381
0.125832
0.128121
0.142567
0.122939
0.117657
0.122866
0.136129
0.142638
0.134276
0.170727
0.158864
0.153652
0.152751
0.17969
0.192053
0.197213
0.198666
0.215474
0.229266
0.245531
0.233016
0.226958
0.234842
0.204948
0.171241
0.136339
0.127503
0.158888
0.15481
0.138606
0.143718
0.169156
0.178819
0.124094
0.146874
0.160384
0.183975
0.179032
0.212831
0.188864
0.179261
0.178663
0.147174
0.14141
0.157028
0.18555
0.168877
0.239364
0.211301
0.24776
0.226926
0.197365
0.223547
0.193481
0.179611
0.175189
0.159941
0.150612
0.144426
0.144527
0.134443
0.124311
0.0901971
0.0799126
0.0756645
0.0593872
0.0445452
0.0513622
0.0317167
0.0248308
0.0145998
0.0116533
0.0205926
0.0121584
0.0157544
0.0119887
0.0142024
0.0145641
0.0159236
0.00996013
0.0148688
0.0133026
0.0211489
0.0223426
0.0197455
0.0269463
0.0161467
0.028191
0.0218293
0.0168067
0.0168727
0.0105631
0.00828256
0.00219307
0.00529155
0.00278645
0.00775813
0.0111726
0.00813872
0.00684797
0.00527388
0
0.00264943
0.00725908
0.00774659
0.00829632
0.0152689
0.0213802
0.0159208
0.0237063
0.0148594
0.0176533
0.0170513
0.00616397
0.0107422
0.0107827
0.00980574
0.0165069
0.0140286
0.00795198
0.0201672
0.0134522
0.0139719
0.0217681
0.013246
0.0214199
0.0224086
0.0311476
0.0266278
0.0302755
0.0277186
0.0255838
0.0327775
0.0265043
0.0250769
0.0173221
0.0231765
0.0231065
0.0212356
0.0260742
0.0329896
0.0294126
0.0251027
0.0278809
0.0261372
0.0246854
0.0301593
0.0245564
0.0351248
0.0322212
0.040399
0.0430262
0.0294045
0.0311714
0.023914
0.0266259
0.0293389
0.0253943
0.0163285
0.0274533
0.0202989
0.0265877
0.0295087
0.0269205
0.0276867
0.026693
0.0217476
0.0276345
0.0253965
0.0349674
0.0336964
0.0391108
0.0392825
0.0408834
0.0543444
0.0516086
0.0580383
0.0566682
0.0597766
0.0614088
0.0566787
0.0631165
0.0669037
0.0542475
0.0625323
0.0680759
0.0628534
0.0669928
0.0667382
0.0742136
0.0717105
0.072449
0.0737235
0.0741185
0.0871047
0.0915958
0.089004
0.0977156
0.102296
0.0936316
0.104231
0.101268
0.110445
0.108193
0.109584
0.10642
0.107534
0.114571
0.109037
0.100326
0.100371
0.106832
0.110413
0.107946
0.102974
0.106947
0.109012
0.117454
0.122656
0.120576
0.123068
0.134389
0.123504
0.100234
0.105765
0.0907646
0.106909
0.104621
0.0944647
0.0859196
0.0873266
0.0882376
0.0959236
0.0863001
0.0818729
0.08925
0.0933797
0.078597
0.0827899
0.0825124
0.0874211
0.0889966
0.0840967
0.091926
0.092055
0.0782089
0.0798315
0.0857433
0.0798859
0.0686265
0.0641684
0.0578062
0.053121
0.0614005
0.0476319
0.0558562
0.0536429
0.0533759
0.0531839
0.0446478
0.0528069
0.0584968
0.0460702
0.0480326
0.048868
0.0396732
0.0543436
0.044767
0.0393935
0.0607994
0.0456855
0.0518814
0.0481892
0.0527497
0.0540333
0.0443769
0.0398352
0.0354372
0.0326848
0.0307043
0.0310869
0.00670849
0.00671959
0.00382896
0.012324
0.012039
0.0114861
0.0150189
0.00940083
0.0147212
0.0149892
0.0118463
0.00819771
0.0133116
0.0100985
0.0211555
0.0115745
0.0298712
0.0352035
0.0402176
0.0440324
0.0602265
0.0410707
0.0503017
0.0451567
0.0506139
0.0489502
0.0351677
0.0326381
0.0255995
0.0242312
0.0328054
0.0281983
0.0189795
0.0149041
0.013555
0.0268891
0.0154367
0.0155999
0.0194807
0.0167002
0.0152106
0.00931474
0.0168845
0.0205217
0.0140439
0.0193171
0.0222013
0.0193056
0.0310567
0.0240375
0.0188159
0.0151138
0.0283893
0.0175578
0.0188004
0.0182268
0.0185944
0.012028
0.0177858
0.0144409
0.0226464
0.0172919
0.0106012
0.0177537
0.016319
0.0128975
0.0250924
0.0239917
0.0224831
0.0144367
0.010218
0.0186239
0.0170126
0.0203458
0.0157354
0.0193888
0.027229
0.0330275
0.0444412
0.0431842
0.0354454
0.0326758
0.0392297
0.0352037
0.0341082
0.0382394
0.0237593
0.0336041
0.024402
0.0125439
0.0342516
0.0189144
0.0179627
0.0145001
0.0172641
0.0196358
0.0197006
0.0254274
0.0166358
0.0229101
0.0267667
0.0226829
0.0230063
0.022714
0.0293051
0.0277199
0.0265653
0.0307297
0.0346576
0.0410222
0.0470995
0.0468587
0.0443895
0.0402668
0.040831
0.0519979
0.0536717
0.0404494
0.045681
0.0467403
0.0530074
0.0333764
0.043796
0.03902
0.0404924
0.0451847
0.0393702
0.0362933
0.0445358
0.0460682
0.0469361
0.0454559
0.0501964
0.0462732
0.0523053
0.0498127
0.0533916
0.0517725
0.0593757
0.0610187
0.0657075
0.0697895
0.0816194
0.120996
0.179998
0.376233
0.594086
0.691839
0.71429
0.690338
0.583637
0.366635
0.181585
0.112008
0.0894252
0.0828411
0.076032
0.0692035
0.0760185
0.0732892
0.0681864
0.0708323
0.0729548
0.0659236
0.0696446
0.0675229
0.0663284
0.0665776
0.0635784
0.0630714
0.0657261
0.0650427
0.0620779
0.0623834
0.0611939
0.0586212
0.059459
0.0530233
0.0582324
0.0607703
0.060496
0.055655
0.0541966
0.0558977
0.0575723
0.0558928
0.0535127
0.0549903
0.057596
0.0510795
0.058229
0.0647445
0.0662097
0.0582533
0.0641061
0.0597821
0.0664123
0.0680709
0.0655997
0.0678878
0.0642554
0.0664457
0.0630933
0.063184
0.0662016
0.0701288
0.0613559
0.0624158
0.0679708
0.0625837
0.0691819
0.0692179
0.0662055
0.0558084
0.059328
0.0564642
0.0600822
0.0595422
0.0487729
0.0552041
0.0519476
0.0579544
0.0571215
0.0589873
0.0627916
0.0596704
0.054897
0.0542485
0.0623242
0.0655568
0.061412
0.060597
0.0696591
0.065915
0.059926
0.0528064
0.0647127
0.0640022
0.0605546
0.0654236
0.0605355
0.0660698
0.0619662
0.0660331
0.0644813
0.0728865
0.0588388
0.0675884
0.0726097
0.0719285
0.0705115
0.0691126
0.0684203
0.0729982
0.0771651
0.0524224
0.0691439
0.0673774
0.0781167
0.0853082
0.0868571
0.0724191
0.0894451
0.0823596
0.080584
0.0828637
0.0909176
0.0754871
0.0859799
0.0935149
0.0910276
0.0828808
0.0695207
0.0832273
0.0796149
0.0852724
0.077639
0.0873091
0.0812846
0.086069
0.0792758
0.0842217
0.0896338
0.0832376
0.0942756
0.0964932
0.0874564
0.0656384
0.0808967
0.0867175
0.0880579
0.0978792
0.0822731
0.103421
0.0970111
0.100341
0.0859434
0.0980048
0.10837
0.0923018
0.0786525
0.118712
0.105914
0.126639
0.10804
0.102305
0.0965136
0.096097
0.0955104
0.109858
0.0951822
0.113167
0.126319
0.122812
0.118756
0.117553
0.114822
0.11716
0.115859
0.128719
0.144029
0.147957
0.134915
0.143307
0.154189
0.14071
0.13447
0.119001
0.123836
0.131481
0.133444
0.120126
0.109115
0.123857
0.120981
0.105539
0.113739
0.120131
0.0723943
0.0856521
0.110426
0.0945436
0.0933702
0.124475
0.0869528
0.107371
0.0907882
0.105237
0.0994396
0.11711
0.0926835
0.101272
0.0855406
0.0799971
0.119395
0.107866
0.0928089
0.109715
0.0791521
0.0740359
0.0914738
0.0773008
0.104655
0.0938634
0.111747
0.12236
0.101899
0.129652
0.1302
0.143616
0.111714
0.0877525
0.0853376
0.0623519
0.0926992
0.0582692
0.0776847
0.078815
0.0620931
0.0669806
0.0586131
0.0650106
0.0697185
0.0727232
0.0826807
0.0781177
0.0860114
0.0905645
0.0773576
0.0948916
0.0732347
0.0915809
0.106924
0.124089
0.120601
0.13105
0.152118
0.164588
0.15817
0.175673
0.19263
0.200868
0.228904
0.245165
0.249362
0.21389
0.191545
0.135288
0.0749867
0.0704152
0.0830572
0.0566627
0.0432281
0.0726754
0.0763721
0.0736907
0.0492842
0.0757226
0.0569179
0.0681161
0.0772352
0.0749839
0.0850615
0.0621498
0.0477416
0.0679724
0.0638679
0.0598136
0.0587027
0.0539885
0.0647326
0.0756218
0.0695078
0.0641219
0.0678885
0.0643339
0.0606481
0.0625789
0.0716987
0.0634685
0.069545
0.0619005
0.0665889
0.0620337
0.0578473
0.0720533
0.0691103
0.0656902
0.0678739
0.0642331
0.0700242
0.0601652
0.0657641
0.0687677
0.07874
0.0762757
0.0806565
0.0666503
0.0733593
0.0673486
0.0761625
0.0678517
0.0638714
0.0639181
0.0637547
0.0629195
0.0574721
0.0664615
0.0483939
0.052775
0.0669951
0.0599801
0.0602282
0.0487513
0.0561819
0.0588211
0.0648146
0.0590386
0.0610193
0.05734
0.0665479
0.0617971
0.058894
0.063792
0.0626313
0.0607642
0.0648278
0.067407
0.0621517
0.0621225
0.0570759
0.0523463
0.0605561
0.0577873
0.0602815
0.057224
0.0592665
0.0702177
0.0626851
0.0625975
0.0703595
0.0716719
0.0647444
0.0672744
0.0760159
0.0665079
0.0688631
0.0823531
0.0853708
0.0876602
0.0773507
0.095603
0.0918909
0.0915352
0.100755
0.105319
0.1058
0.122663
0.114605
0.119643
0.113322
0.119525
0.087853
0.0772816
0.0734788
0.0646461
0.0642991
0.0544924
0.0647318
0.0549906
0.0592304
0.056271
0.0576117
0.0597495
0.0539596
0.049946
0.0607161
0.0624722
0.0636383
0.0634303
0.0686341
0.0703259
0.0652781
0.0686102
0.0684538
0.0761098
0.0820788
0.0819304
0.0898567
0.0870102
0.0949268
0.104696
0.106855
0.120194
0.121465
0.14113
0.145508
0.155217
0.156469
0.166936
0.165912
0.156628
0.140282
0.139313
0.122424
0.115976
0.102214
0.0933449
0.0847021
0.0855091
0.0768605
0.0806164
0.0873245
0.0801839
0.087004
0.0833083
0.0774314
0.0835675
0.090689
0.0826481
0.0956135
0.0979088
0.0979446
0.0973102
0.100525
0.0997222
0.0973982
0.101487
0.111332
0.111448
0.116491
0.129676
0.12287
0.136422
0.147246
0.146708
0.153209
0.156438
0.173398
0.186123
0.187127
0.191784
0.197771
0.183022
0.181207
0.172244
0.154319
0.142511
0.12697
0.116351
0.109726
0.0889622
0.0917876
0.0930053
0.102401
0.0966665
0.0921781
0.0936936
0.0801247
0.0993643
0.0996168
0.1026
0.0765673
0.0827996
0.085694
0.0791413
0.0850101
0.0880469
0.0776401
0.0853541
0.0993819
0.0712588
0.0758677
0.0797159
0.0759436
0.0741741
0.0817958
0.0769545
0.0743433
0.0729256
0.0815083
0.0824608
0.0867636
0.089022
0.0803418
0.0830754
0.0763046
0.0772073
0.0854787
0.0785237
0.0847858
0.0859256
0.0846001
0.0794718
0.0775418
0.0844674
0.0852577
0.0831055
0.0745489
0.0841752
0.0814703
0.077601
0.078013
0.0858035
0.0833733
0.0887031
0.0834683
0.0889162
0.0786404
0.0874388
0.0902988
0.0915567
0.0918525
0.0901374
0.0966499
0.0950688
0.0976293
0.0906923
0.100148
0.0870732
0.0925897
0.101722
0.0972566
0.111128
0.110591
0.119079
0.12429
0.123756
0.137582
0.130956
0.13664
0.138931
0.153734
0.152789
0.146507
0.168836
0.178279
0.168031
0.188343
0.163224
0.172459
0.170437
0.156937
0.14616
0.128333
0.132803
0.132262
0.111467
0.109614
0.109291
0.0969383
0.0989227
0.0996141
0.12685
0.129975
0.130814
0.135924
0.143962
0.159678
0.150482
0.159029
0.166035
0.173001
0.170642
0.155789
0.161786
0.154488
0.157484
0.164028
0.151794
0.146469
0.169429
0.145122
0.120359
0.152327
0.12091
0.10967
0.126581
0.12719
0.153747
0.141827
0.114807
0.13451
0.147646
0.137274
0.161449
0.182945
0.147508
0.165
0.13379
0.153172
0.164615
0.175129
0.187011
0.169907
0.185401
0.175359
0.193796
0.190753
0.192674
0.201203
0.179359
0.215193
0.206307
0.210658
0.223618
0.236757
0.221046
0.212999
0.230671
0.245945
0.247046
0.240152
0.246695
0.229745
0.240505
0.221296
0.210514
0.197559
0.212881
0.204227
0.173317
0.175477
0.159826
0.15819
0.13084
0.105146
0.115962
0.124062
0.127923
0.122111
0.144651
0.113039
0.111391
0.123891
0.0961276
0.151017
0.138738
0.0977429
0.123068
0.142523
0.157111
0.110871
0.146541
0.143238
0.181628
0.182084
0.159896
0.171856
0.194105
0.235059
0.22087
0.208399
0.21649
0.212201
0.257855
0.272867
0.249134
0.233589
0.252034
0.260318
0.243983
0.268664
0.260914
0.305383
0.282682
0.29443
0.299972
0.286369
0.290779
0.260174
0.288739
0.256407
0.26071
0.220476
0.214786
0.233395
0.21573
0.198515
0.142833
0.135781
0.132046
0.130795
0.109569
0.104976
0.0763776
0.106701
0.102968
0.0597326
0.101726
0.125888
0.0865339
0.0621
0.10567
0.125077
0.113655
0.105833
0.0955345
0.119092
0.113541
0.105682
0.106368
0.106986
0.115262
0.129745
0.128414
0.10751
0.0826859
0.141656
0.0847607
0.0984517
0.0719436
0.11314
0.154591
0.153118
0.107676
0.126779
0.0993677
0.167408
0.120292
0.103812
0.165633
0.131432
0.129611
0.138092
0.0984205
0.0876213
0.104382
0.118759
0.118987
0.137786
0.120426
0.155722
0.105191
0.110188
0.147475
0.143601
0.12357
0.16341
0.125823
0.129419
0.123488
0.131051
0.126141
0.150802
0.152241
0.119021
0.089562
0.136311
0.123914
0.109861
0.136955
0.168969
0.0926146
0.118429
0.101749
0.102411
0.141291
0.121974
0.0810958
0.0863374
0.107534
0.0915784
0.0938283
0.112325
0.0978265
0.115522
0.10867
0.100528
0.0423902
0.101443
0.0996405
0.13239
0.0673085
0.0546901
0.0900772
0.142165
0.148681
0.139254
0.0874009
0.161315
0.126117
0.135764
0.144874
0.115195
0.130484
0.125716
0.125088
0.168784
0.143476
0.168005
0.134318
0.131624
0.164212
0.158516
0.175006
0.151838
0.147064
0.156707
0.141308
0.153098
0.136
0.148729
0.141109
0.159983
0.0984954
0.126599
0.135918
0.126372
0.1458
0.102668
0.0915025
0.10374
0.110366
0.0688795
0.10872
0.0823083
0.0970591
