0.13462
0.141164
0.139541
0.139002
0.141398
0.131434
0.147815
0.157567
0.153841
0.166833
0.165114
0.175678
0.170408
0.177085
0.178073
0.181441
0.185008
0.18984
0.190466
0.183686
0.180614
0.187872
0.186201
0.193181
0.199131
0.204155
0.204248
0.215099
0.216359
0.218719
0.2223
0.221875
0.224786
0.228892
0.231267
0.232058
0.234306
0.232776
0.233179
0.218371
0.217766
0.216277
0.222331
0.222553
0.236828
0.239681
0.244181
0.247254
0.253546
0.255759
0.25721
0.245727
0.232528
0.229229
0.228257
0.229048
0.24747
0.268536
0.266337
0.259406
0.242125
0.210872
0.171865
0.16015
0.143852
0.136387
0.137196
0.130232
0.131444
0.13735
0.125142
0.13077
0.128642
0.129719
0.122372
0.122585
0.126995
0.123739
0.12278
0.133598
0.129575
0.130493
0.135524
0.135237
0.130942
0.13473
0.131485
0.145303
0.14319
0.153309
0.15837
0.160392
0.167363
0.175086
0.179843
0.189464
0.208194
0.21946
0.220102
0.22368
0.228239
0.236695
0.22526
0.213465
0.197643
0.188625
0.185634
0.18185
0.178605
0.187763
0.189146
0.190792
0.192087
0.195187
0.189337
0.1904
0.186137
0.172073
0.176443
0.168831
0.168469
0.174889
0.179587
0.185691
0.183201
0.195921
0.20288
0.214146
0.212522
0.216999
0.2217
0.221171
0.22662
0.226942
0.22811
0.227861
0.23309
0.228412
0.228432
0.220631
0.195501
0.194975
0.178651
0.178487
0.192456
0.195052
0.200241
0.199238
0.207551
0.211011
0.222331
0.238794
0.242095
0.247843
0.250558
0.252441
0.261949
0.256578
0.25815
0.265138
0.266355
0.261776
0.262363
0.256181
0.236067
0.199142
0.163917
0.143986
0.13298
0.132485
0.123146
0.121536
0.123336
0.119941
0.116371
0.124379
0.130568
0.12423
0.133755
0.132014
0.138581
0.134859
0.132269
0.136959
0.137084
0.141463
0.134791
0.133579
0.134095
0.135844
0.136072
0.135436
0.140805
0.13878
0.144948
0.142298
0.142085
0.145635
0.134339
0.129591
0.112885
0.119988
0.112884
0.111374
0.108081
0.114526
0.114344
0.121516
0.132423
0.141806
0.147012
0.154032
0.154122
0.153995
0.163949
0.170106
0.167964
0.172858
0.177497
0.17912
0.183411
0.181493
0.176347
0.162984
0.146218
0.134613
0.132056
0.131846
0.136799
0.13768
0.136494
0.135878
0.140775
0.156316
0.157888
0.169477
0.17087
0.182741
0.178624
0.187554
0.204509
0.203893
0.206855
0.212993
0.220037
0.221675
0.231185
0.227753
0.232519
0.235494
0.232113
0.237477
0.227464
0.234864
0.243905
0.214838
0.186287
0.168519
0.127853
0.148475
0.147577
0.143833
0.135885
0.152447
0.153337
0.161291
0.169564
0.1601
0.170428
0.178025
0.199597
0.196595
0.196598
0.202836
0.218509
0.217426
0.219704
0.217933
0.220858
0.214981
0.207947
0.186972
0.181171
0.160254
0.138298
0.130265
0.127278
0.127255
0.133159
0.142706
0.137102
0.128647
0.138446
0.138741
0.143422
0.139919
0.151337
0.136223
0.150559
0.131483
0.134959
0.140533
0.135969
0.129377
0.132369
0.139713
0.131969
0.142916
0.136095
0.145389
0.145169
0.138152
0.145395
0.136506
0.109164
0.101134
0.116679
0.109182
0.108627
0.101768
0.099654
0.10169
0.116814
0.101018
0.101442
0.106372
0.117561
0.114199
0.122061
0.115539
0.125393
0.132251
0.132989
0.14133
0.146835
0.151905
0.15821
0.15764
0.165598
0.15998
0.168779
0.162732
0.170552
0.151252
0.154376
0.14088
0.112769
0.132629
0.128276
0.131413
0.119195
0.128055
0.109268
0.112282
0.12339
0.108723
0.123433
0.118651
0.131129
0.139643
0.136689
0.13186
0.140559
0.139729
0.141429
0.146431
0.15457
0.15403
0.164834
0.171225
0.172927
0.194383
0.187603
0.203109
0.207621
0.200679
0.203118
0.184792
0.160365
0.166351
0.130812
0.118263
0.10897
0.122572
0.109242
0.0959375
0.10502
0.123386
0.118383
0.124343
0.119154
0.115494
0.114821
0.129061
0.125839
0.113905
0.12065
0.128359
0.121803
0.131682
0.128126
0.131946
0.148772
0.131025
0.136593
0.142069
0.135856
0.147418
0.163525
0.169503
0.180215
0.191749
0.199087
0.220548
0.218004
0.190837
0.197996
0.190075
0.168727
0.156979
0.1529
0.167086
0.158233
0.147883
0.165344
0.178128
0.175253
0.15561
0.176763
0.171754
0.16402
0.180557
0.16396
0.170008
0.161977
0.167484
0.15204
0.149018
0.149463
0.146834
0.144905
0.127074
0.145109
0.139798
0.127579
0.13973
0.143961
0.122946
0.130481
0.133066
0.114826
0.136407
0.134898
0.147122
0.125883
0.142639
0.120699
0.122837
0.13186
0.148939
0.140882
0.158657
0.139545
0.141226
0.126482
0.151179
0.146367
0.162859
0.158997
0.157332
0.16352
0.171276
0.167155
0.16734
0.177213
0.188334
0.185681
0.195547
0.190544
0.20121
0.213691
0.216776
0.225251
0.247821
0.218613
0.215866
0.194363
0.176211
0.13816
0.137153
0.131587
0.194265
0.245132
0.295169
0.361553
0.401084
0.463923
0.444647
0.436557
0.343577
0.256349
0.186114
0.139703
0.14615
0.128993
0.131485
0.135154
0.123955
0.129462
0.149878
0.12062
0.146918
0.151302
0.148216
0.148939
0.159863
0.157904
0.147232
0.160961
0.164024
0.157611
0.163426
0.146114
0.148343
0.106764
0.108761
0.126788
0.118263
0.097347
0.113442
0.0879427
0.102235
0.111239
0.0860559
0.0935513
0.10052
0.109682
0.112352
0.110051
0.0987628
0.105145
0.109011
0.11383
0.108472
0.118147
0.118169
0.121872
0.131386
0.0964911
0.117438
0.106947
0.123517
0.113661
0.12261
0.13079
0.114367
0.139666
0.126647
0.0997437
0.116487
0.122603
0.111549
0.112849
0.124775
0.123993
0.13014
0.13138
0.134367
0.135756
0.14028
0.1239
0.123594
0.119371
0.11865
0.128204
0.120034
0.117005
0.129752
0.134595
0.125572
0.12942
0.129107
0.1232
0.116409
0.133612
0.13257
0.124308
0.107521
0.138095
0.136143
0.100028
0.135472
0.103547
0.12073
0.0974921
0.0800295
0.104182
0.0987228
0.113186
0.122124
0.0891395
0.0924562
0.069187
0.0911352
0.103252
0.108705
0.0880917
0.0968698
0.0896976
0.0860247
0.0796348
0.0938273
0.0948248
0.0760054
0.0823298
0.0949006
0.0809086
0.0917
0.0866919
0.0868935
0.0835936
0.0784951
0.0741944
0.0754559
0.0623081
0.0845509
0.0917246
0.0973015
0.0908831
0.101818
0.105919
0.11493
0.118711
0.105766
0.107408
0.100137
0.111681
0.108396
0.101391
0.0833238
0.045935
0.0559647
0.0770022
0.0646188
0.0790249
0.0565536
0.0816132
0.0736819
0.0958243
0.0891881
0.104792
0.0950608
0.0978919
0.0916316
0.104502
0.0972689
0.0881364
0.105986
0.118091
0.108792
0.122718
0.114948
0.10625
0.119477
0.127475
0.113562
0.107857
0.0826198
0.105828
0.107007
0.113167
0.0832068
0.0864947
0.116817
0.120225
0.114995
0.111667
0.115678
0.108149
0.11668
0.130349
0.112682
0.146231
0.107602
0.132235
0.120673
0.10815
0.121536
0.0918602
0.106803
0.0796998
0.107628
0.102363
0.0932604
0.0938419
0.0949256
0.0877809
0.0755573
0.0672146
0.078946
0.0596333
0.0542209
0.0571559
0.0491184
0.0534809
0.0655888
0.0400484
0.0484657
0.0497411
0.0457046
0.0466367
0.0408341
0.0416767
0.0469192
0.0429578
0.0438601
0.0465052
0.0371316
0.0377655
0.045618
0.0338478
0.0309721
0.0409537
0.0336652
0.0438354
0.0395349
0.0357519
0.0386829
0.0396966
0.0509903
0.0360009
0.050423
0.0426955
0.0410062
0.042986
0.0550795
0.0490264
0.0491393
0.0483387
0.0518307
0.0372921
0.0483256
0.0597763
0.0612226
0.0465374
0.0520194
0.0483171
0.0423141
0.0418351
0.0403444
0.0376064
0.0379556
0.0224098
0.0199208
0.047597
0.0356832
0.0372916
0.0403252
0.0284209
0.0302344
0.0336392
0.0321933
0.0486367
0.0392983
0.0307677
0.0295569
0.0257115
0.0410284
0.0289901
0.0167478
0.0396057
0.0274122
0.0285826
0.0447216
0.0303966
0.0343725
0.0562252
0.0447466
0.0629035
0.0735433
0.0837295
0.0771783
0.0666373
0.0695474
0.0606857
0.0948761
0.0832597
0.0780068
0.0733977
0.0792101
0.0858361
0.0753806
0.0843445
0.0782201
0.0872386
0.0924532
0.0926618
0.0915075
0.088631
0.098493
0.0882251
0.112994
0.126649
0.120681
0.136648
0.1443
0.155246
0.141378
0.146695
0.148594
0.160173
0.101347
0.0979239
0.108418
0.121801
0.0867668
0.112024
0.0969867
0.0720649
0.0725654
0.0922094
0.0940663
0.079359
0.128204
0.0750578
0.119879
0.109078
0.10263
0.121938
0.0870948
0.103385
0.104175
0.124348
0.103166
0.114525
0.100107
0.128977
0.123893
0.141263
0.131404
0.12564
0.109539
0.101112
0.134036
0.094009
0.0872696
0.092217
0.0835865
0.0923847
0.095081
0.0603865
0.0645738
0.0443115
0.0527797
0.0414501
0.0337511
0.0166354
0.0201947
0.0164273
0.0149984
0.0105328
0.014091
0.0144501
0.0225704
0.0228484
0.0192507
0.0195807
0.0121228
0.00797611
0.0149349
0.0113943
0.0145511
0.0256592
0.0275137
0.0325083
0.0171354
0.0162067
0.0105843
0.0103533
0.0101172
0.00293901
0.00765854
0.00985045
0
0.00523791
0.00978924
0.0106482
0.0117441
0.0090695
0.010184
0.00777729
0.00635394
0.00300239
0.0117049
0.00274089
0.0189176
0.0204232
0.0142165
0.00767719
0.0102232
0.0118554
0.0110197
0.00687792
0.00986187
0.00916743
0.013374
0.0126297
0.0136719
0.0102017
0.00845532
0.0165056
0.0113591
0.015985
0.0122821
0.019969
0.0142889
0.0178435
0.022287
0.0305226
0.019903
0.0256193
0.0170108
0.018754
0.0125352
0.0180235
0.0140292
0.0281413
0.0267633
0.0151836
0.0260776
0.0240108
0.0165778
0.0139123
0.0206087
0.0175683
0.018273
0.020748
0.0291394
0.0261732
0.0210232
0.021308
0.0240632
0.0213631
0.0188473
0.0254016
0.0179121
0.0130489
0.0262354
0.0154736
0.0237323
0.0201659
0.0179663
0.022114
0.0209004
0.0156551
0.0225665
0.0242327
0.019247
0.0274165
0.0235138
0.0259891
0.0334532
0.0331653
0.0286553
0.0294748
0.0404802
0.0375129
0.0337375
0.037118
0.0318459
0.0464931
0.0355458
0.0353246
0.0436472
0.0408619
0.0447424
0.0481351
0.0379832
0.0421959
0.0451587
0.0416951
0.0431352
0.044534
0.0552395
0.0635335
0.0589042
0.0658668
0.0588043
0.0589699
0.0675541
0.0660914
0.0702003
0.0624951
0.066761
0.0684771
0.0614201
0.0540208
0.0672114
0.0620206
0.0683048
0.0649898
0.0521242
0.0644885
0.0662813
0.0603968
0.0609355
0.0703017
0.0715721
0.0692411
0.0781918
0.0897274
0.0740379
0.0803581
0.0649741
0.0623841
0.0533219
0.0553215
0.0620465
0.0570667
0.0534705
0.0654038
0.0544811
0.0575459
0.0491376
0.0556179
0.0629584
0.0599027
0.058456
0.0681495
0.0721558
0.0516013
0.0570897
0.0647866
0.0590429
0.0587105
0.0642219
0.05477
0.0472365
0.0488009
0.0447739
0.0471181
0.0318461
0.0300802
0.0383198
0.0308535
0.027979
0.0469954
0.0299991
0.028909
0.0426006
0.0287954
0.0344761
0.0293039
0.0453234
0.035316
0.0358648
0.0289433
0.023669
0.0276613
0.0383311
0.0333469
0.0315579
0.027574
0.042251
0.0287004
0.0278088
0.0129423
0.018453
0.0349092
0.0106541
0.0107931
0.0108373
0.0164703
0.0235228
0.0116482
0.00986016
0.0179422
0.0253509
0.00406394
0.0141968
0.00409927
0.0183188
0.0153988
0.0115226
0.0161129
0.0200634
0.0298776
0.037587
0.0227973
0.0360788
0.0284921
0.0214304
0.0229402
0.0337098
0.0285894
0.0326481
0.0109831
0.0221397
0.0215991
0.0145801
0.00932803
0.0133738
0.0221141
0.0122523
0.0139166
0.00844211
0.0190663
0.0146523
0.0253666
0.0104946
0.00639986
0.00749016
0.0195506
0.0141915
0.0154137
0.0167078
0.0123013
0.0219347
0.011041
0.0122282
0.0266567
0.00962081
0.016339
0.0302585
0.0240261
0.0173171
0.0129712
0.00320199
0.01976
0.0227771
0.00238
0.00473979
0.00811709
0.00742496
0.0050897
0.0161628
0.0119102
0.0136514
0.0121884
0.00897523
0.00935842
0.0101717
0.0169952
0.0117689
0.0204174
0.00902962
0.0204325
0.0220148
0.0249144
0.0204689
0.0168468
0.0312963
0.0258744
0.0289448
0.0134577
0.01518
0.0284039
0.0120113
0.0176783
0.0104513
0.0155032
0.0192038
0.0130449
0.0204145
0.0100877
0.0231373
0.0175552
0.00990656
0.0137047
0.007899
0.014573
0.0151819
0.0167648
0.0177225
0.0215738
0.0134091
0.00963095
0.0185891
0.0169511
0.0270977
0.0326815
0.0303727
0.0344046
0.0209871
0.0283372
0.0360944
0.0213
0.0360657
0.0323943
0.0293035
0.0270392
0.0261418
0.0345192
0.0306402
0.0296406
0.0274058
0.03133
0.0353221
0.0285366
0.032305
0.0262463
0.0304271
0.0281539
0.0252081
0.0325212
0.0349546
0.0335763
0.0368905
0.0410502
0.0426659
0.0465046
0.0574863
0.0591064
0.0893301
0.154194
0.335147
0.544499
0.632901
0.656876
0.631107
0.546418
0.337873
0.160659
0.0913122
0.0626113
0.0618371
0.0525656
0.0496103
0.0435664
0.046504
0.0453459
0.0430032
0.0509568
0.0439847
0.043814
0.0400083
0.0476442
0.0380322
0.0419216
0.0406415
0.0424967
0.0388655
0.0469008
0.0419726
0.034971
0.0443699
0.0270719
0.0319605
0.0354908
0.0312927
0.0323714
0.037489
0.0481818
0.0337797
0.0416011
0.0349309
0.0419778
0.0397873
0.040589
0.0320113
0.0484224
0.042831
0.0376494
0.0412479
0.0381641
0.0480524
0.040417
0.0386894
0.0409634
0.0468394
0.0439836
0.0403455
0.0407129
0.0434691
0.0413044
0.0437275
0.0335795
0.0384268
0.0351922
0.0422648
0.0410066
0.0353086
0.0456097
0.0460404
0.051658
0.0402971
0.0457431
0.0488275
0.0295821
0.0355789
0.0342119
0.0456694
0.036481
0.0335997
0.0415514
0.0425664
0.0346919
0.0381395
0.0383082
0.0373889
0.0411832
0.0433114
0.0379248
0.0352431
0.042728
0.0336248
0.0449661
0.0364021
0.0423177
0.0361764
0.0442798
0.0390498
0.046247
0.0364719
0.0380799
0.0436731
0.0409285
0.046568
0.0493783
0.0492017
0.0539593
0.0565198
0.0445947
0.0430219
0.0477155
0.0658932
0.0440055
0.0485302
0.051203
0.0676015
0.0493586
0.0537812
0.0523853
0.0523639
0.0540129
0.0543019
0.0562708
0.0551416
0.0639933
0.0468043
0.0568979
0.05677
0.0543791
0.0751673
0.0506895
0.0543709
0.0509686
0.0680403
0.0312827
0.0505735
0.0393847
0.0518514
0.0572604
0.0565162
0.0659909
0.0626347
0.0598154
0.0475163
0.0364463
0.0483038
0.0668078
0.0624857
0.0614179
0.0612307
0.086733
0.0617749
0.0362712
0.0613001
0.0598855
0.0459794
0.0651112
0.0567906
0.075806
0.0973169
0.057754
0.0747999
0.0676921
0.0728475
0.06327
0.0540914
0.0931145
0.0699803
0.0680959
0.070445
0.0774705
0.063819
0.0700079
0.055106
0.102746
0.0811959
0.0914939
0.073483
0.112574
0.113445
0.103885
0.0633834
0.0786163
0.0517126
0.0792582
0.075447
0.0615127
0.0444349
0.0768353
0.0812597
0.0783745
0.0509757
0.0682452
0.0715559
0.0809489
0.0908537
0.0348629
0.0710117
0.0779844
0.07771
0.0782199
0.0806323
0.0534968
0.0631861
0.0844965
0.0675164
0.0774162
0.0756312
0.0338498
0.0499014
0.0611749
0.068781
0.0724074
0.0653996
0.0476788
0.070054
0.0743276
0.0488844
0.056558
0.0794577
0.0698464
0.094732
0.0922606
0.0836635
0.0965785
0.0942835
0.0835802
0.0766067
0.0601166
0.0486701
0.0593839
0.0387996
0.0326026
0.0513541
0.0576884
0.066837
0.0495757
0.0647346
0.0646772
0.0536969
0.0656471
0.0538701
0.0531248
0.0478515
0.0560709
0.0587
0.0587002
0.0739604
0.066935
0.0897898
0.100685
0.0761798
0.102474
0.103886
0.104283
0.132425
0.127793
0.147417
0.169361
0.1701
0.167565
0.158261
0.138965
0.0908422
0.0625042
0.0734308
0.0602297
0.0451243
0.0469025
0.0572377
0.057863
0.0383744
0.0426069
0.0303098
0.043425
0.0408673
0.0285559
0.052007
0.0457219
0.0432899
0.047522
0.0475578
0.0341199
0.0430188
0.0484116
0.0374883
0.0494979
0.0498938
0.0486628
0.0308604
0.0458178
0.0417442
0.0419232
0.0386136
0.0401487
0.0435138
0.0388714
0.0361281
0.0324091
0.0343548
0.0490329
0.0411616
0.0377571
0.0375305
0.0409219
0.0428178
0.0418762
0.0366942
0.0461933
0.0491413
0.0579474
0.0384633
0.0401676
0.0501316
0.037091
0.0412488
0.0337655
0.0492903
0.0509627
0.0344839
0.040112
0.0575971
0.0475705
0.0360847
0.0315817
0.0325234
0.033545
0.0416811
0.0386079
0.0492286
0.0376461
0.0431979
0.0310256
0.0375641
0.0463695
0.0477611
0.0388856
0.0393707
0.0390136
0.0465323
0.0413432
0.0393647
0.0492155
0.0397754
0.0480291
0.0391197
0.0387146
0.0329511
0.0391021
0.0316816
0.0388844
0.035798
0.0371486
0.0340908
0.0323777
0.0332232
0.0333023
0.0448604
0.0384211
0.036417
0.0515612
0.0575228
0.0578479
0.0506539
0.0539253
0.0566275
0.0657044
0.0745489
0.0660799
0.0664095
0.0727896
0.0756499
0.0814887
0.0796311
0.089101
0.0939121
0.0817677
0.0791565
0.0650329
0.0594873
0.049387
0.0476254
0.0414396
0.0402954
0.0369264
0.0370886
0.0390537
0.0338013
0.0347485
0.0383347
0.0391526
0.033126
0.0344559
0.0355124
0.0369145
0.0484545
0.0380065
0.0463132
0.0444381
0.0385033
0.0453223
0.0425238
0.0489182
0.0550989
0.0582514
0.0579695
0.0709198
0.0710888
0.0776024
0.080268
0.0907305
0.0970489
0.108199
0.109031
0.114163
0.122074
0.119458
0.115563
0.100097
0.0917873
0.0869929
0.0753411
0.0749804
0.0543644
0.0555507
0.0599452
0.0497554
0.0518709
0.0486933
0.0570324
0.0571959
0.0399882
0.0454227
0.0541265
0.0577156
0.0536051
0.0621931
0.0676545
0.0594652
0.0651005
0.0599954
0.0704222
0.0638307
0.0718621
0.0702884
0.0738529
0.0742552
0.0764522
0.0828635
0.0878173
0.093524
0.0990438
0.0987031
0.10661
0.107599
0.121645
0.123621
0.127307
0.128029
0.129032
0.11478
0.10524
0.107956
0.0905339
0.0801906
0.0684392
0.0668281
0.0650457
0.0552575
0.0644516
0.0633697
0.060277
0.0708767
0.0642622
0.0568623
0.0653386
0.0740218
0.0622864
0.0596376
0.0561894
0.0516957
0.0542171
0.0546622
0.0523573
0.0503622
0.0637849
0.0495626
0.0432389
0.0493258
0.0444871
0.0571427
0.0516113
0.057288
0.0450203
0.0567202
0.0544247
0.0480814
0.0515037
0.0418887
0.0426615
0.0501519
0.0487735
0.0535231
0.0486784
0.0527259
0.0537903
0.0497039
0.0465083
0.0475905
0.0469198
0.0579261
0.0528796
0.0378376
0.0496931
0.0446619
0.0429431
0.0466693
0.0426648
0.0476664
0.0445691
0.0440687
0.0480211
0.0473764
0.0588404
0.0583804
0.0575236
0.0506763
0.0565658
0.0573283
0.0552422
0.0587722
0.0664043
0.0601473
0.0601999
0.047599
0.0578037
0.0636006
0.070228
0.0608436
0.0673872
0.0715091
0.0952886
0.0949104
0.107547
0.106998
0.116473
0.107483
0.0929626
0.0925251
0.115075
0.10166
0.114353
0.0995302
0.107269
0.141916
0.129488
0.108934
0.11466
0.107581
0.0999043
0.0790109
0.0900013
0.108486
0.0799103
0.0788724
0.0726086
0.0697088
0.0714262
0.0972103
0.094797
0.0968159
0.101872
0.111942
0.109661
0.109019
0.116935
0.123493
0.126553
0.126948
0.137148
0.11901
0.111813
0.105364
0.123695
0.130761
0.115538
0.111829
0.127655
0.0879713
0.102883
0.113472
0.0756413
0.0803748
0.136876
0.104111
0.103584
0.104214
0.102738
0.102014
0.120214
0.112998
0.126597
0.124211
0.12184
0.121371
0.141367
0.0929426
0.126122
0.116526
0.150069
0.129491
0.129622
0.121744
0.157921
0.154182
0.141989
0.151849
0.168419
0.147926
0.175793
0.151077
0.155482
0.157004
0.16438
0.15591
0.171691
0.181257
0.184068
0.155519
0.170986
0.164967
0.159074
0.146444
0.162456
0.14647
0.135758
0.129069
0.137798
0.119516
0.114741
0.118189
0.109874
0.0927027
0.0920566
0.107641
0.0891762
0.0942052
0.0852089
0.103802
0.106414
0.0742189
0.0666189
0.126624
0.0928006
0.113492
0.0856777
0.123503
0.0943999
0.08177
0.100481
0.0939472
0.118503
0.127037
0.154483
0.165406
0.16236
0.169963
0.15059
0.131033
0.173375
0.185617
0.155632
0.164781
0.170829
0.1845
0.182181
0.152202
0.200483
0.193412
0.192791
0.191275
0.204117
0.208422
0.207153
0.210164
0.18915
0.208891
0.201064
0.185685
0.204303
0.175617
0.180107
0.146317
0.118124
0.134705
0.110126
0.113591
0.141315
0.0614582
0.14165
0.0812598
0.0734392
0.124429
0.114677
0.073751
0.115312
0.12831
0.110944
0.0482203
0.099379
0.0931812
0.0525585
0.0823698
0.122358
0.0867082
0.110706
0.0878219
0.121234
0.0916562
0.0537675
0.0908073
0.105446
0.0888052
0.128046
0.0563087
0.11807
0.086297
0.0841056
0.154445
0.098517
0.147978
0.125569
0.159673
0.144804
0.121807
0.126006
0.107532
0.144993
0.136399
0.135147
0.119996
0.166492
0.142838
0.113677
0.0826686
0.106859
0.111925
0.0892406
0.131206
0.117804
0.138685
0.13877
0.12076
0.119222
0.111917
0.0997042
0.140511
0.103608
0.101544
0.113788
0.134384
0.0981518
0.0651033
0.106068
0.129364
0.0879944
0.0761243
0.103413
0.0878789
0.135867
0.045577
0.0674846
0.12393
0.0265837
0.125185
0.0951951
0.116011
0.11401
0.14922
0.0842262
0.0795218
0.1077
0.0525718
0.109786
0.0943139
0.10459
0.117473
0.119338
0.0887958
0.10809
0.087992
0.080236
0.11909
0.112772
0.118829
0.0686941
0.0703823
0.125018
0.0965259
0.115665
0.158859
0.0971598
0.130832
0.137414
0.109264
0.0756631
0.112894
0.14865
0.123248
0.156493
0.134289
0.124822
0.132126
0.169704
0.139688
0.116348
0.148701
0.116051
0.163742
0.131752
0.169503
0.143524
0.120775
0.080728
0.132389
0.102633
0.0918473
0.0948758
0.0834647
0.0716455
0.0621473
0.0260746
0.0699579
0.0553525
