0.220937
0.224298
0.226619
0.235441
0.228252
0.216834
0.220578
0.232797
0.232835
0.248972
0.251829
0.261174
0.267873
0.282863
0.286652
0.303013
0.314045
0.320205
0.328848
0.327395
0.316738
0.311638
0.306834
0.310714
0.309994
0.318719
0.326718
0.337604
0.345359
0.352179
0.362566
0.370968
0.378082
0.391
0.402497
0.416285
0.426366
0.435734
0.436111
0.418418
0.397945
0.37059
0.377564
0.380997
0.385823
0.399204
0.404738
0.415452
0.423
0.433305
0.429528
0.403598
0.380332
0.376212
0.37515
0.375506
0.404963
0.500428
0.517422
0.51122
0.473962
0.413528
0.335035
0.289121
0.257916
0.245493
0.227573
0.21442
0.213388
0.200783
0.187793
0.18662
0.178433
0.180607
0.172857
0.172203
0.179607
0.18295
0.190553
0.197066
0.207209
0.203454
0.194448
0.20164
0.193942
0.196355
0.194536
0.199851
0.209867
0.226573
0.236651
0.247749
0.259675
0.277941
0.298766
0.323312
0.343569
0.36278
0.370578
0.382542
0.396903
0.403168
0.388014
0.367516
0.326506
0.290978
0.280704
0.278496
0.27723
0.285561
0.295478
0.308163
0.317383
0.327448
0.32832
0.33125
0.334094
0.310689
0.295582
0.284568
0.280852
0.288071
0.294295
0.303141
0.305548
0.318326
0.328451
0.34056
0.337793
0.348282
0.35654
0.36388
0.372086
0.376138
0.376372
0.379719
0.405226
0.421359
0.429808
0.418785
0.37806
0.35422
0.31674
0.314774
0.328111
0.329145
0.331764
0.34923
0.359789
0.365348
0.384866
0.397214
0.406253
0.415066
0.423779
0.431715
0.441031
0.44279
0.450196
0.454339
0.465542
0.478045
0.488324
0.480112
0.443092
0.364788
0.282326
0.215589
0.194093
0.173265
0.163151
0.158019
0.158541
0.162266
0.167417
0.172977
0.185104
0.195986
0.215209
0.216253
0.220957
0.215046
0.213529
0.21356
0.209675
0.207301
0.197637
0.194332
0.191571
0.188826
0.189301
0.192685
0.197411
0.202978
0.213885
0.227005
0.227933
0.234581
0.235613
0.213687
0.1961
0.19432
0.179212
0.182202
0.178804
0.180493
0.178776
0.184583
0.200949
0.209849
0.21758
0.227969
0.236241
0.232743
0.247405
0.253174
0.256106
0.261428
0.270877
0.284745
0.300094
0.306941
0.308407
0.296142
0.266745
0.243372
0.232025
0.215371
0.219223
0.215955
0.22304
0.226199
0.231771
0.246188
0.249197
0.270559
0.289507
0.305966
0.303127
0.31721
0.325028
0.335376
0.347374
0.348944
0.36212
0.368204
0.377997
0.387542
0.402292
0.414326
0.420176
0.430148
0.429256
0.429272
0.429511
0.396341
0.336693
0.299321
0.252807
0.265811
0.257186
0.256149
0.260027
0.259053
0.274354
0.262274
0.280744
0.278178
0.28921
0.312885
0.316946
0.323934
0.332545
0.340325
0.348576
0.357191
0.357175
0.363995
0.367256
0.365671
0.347022
0.3202
0.293573
0.245771
0.214998
0.198437
0.197544
0.21096
0.22618
0.224594
0.216441
0.222111
0.230887
0.229195
0.250984
0.249561
0.247213
0.230165
0.237229
0.218983
0.211409
0.206473
0.205221
0.196354
0.192987
0.198271
0.193915
0.201168
0.203299
0.21539
0.229268
0.237961
0.243021
0.229634
0.209427
0.201187
0.193803
0.18648
0.18594
0.189181
0.189992
0.194557
0.194125
0.189513
0.17491
0.187385
0.191976
0.179604
0.19203
0.190685
0.201703
0.205593
0.219909
0.222368
0.236528
0.234832
0.239055
0.243479
0.254189
0.257562
0.275397
0.284181
0.291978
0.281566
0.269217
0.25116
0.228895
0.239456
0.226685
0.224363
0.217789
0.200788
0.193502
0.191373
0.202072
0.194429
0.203204
0.202857
0.214233
0.225849
0.223061
0.221015
0.230227
0.224802
0.225386
0.244479
0.249093
0.250919
0.268112
0.280476
0.290543
0.307921
0.31757
0.325262
0.339006
0.337129
0.344215
0.335732
0.31046
0.286014
0.22891
0.186587
0.178638
0.176344
0.176821
0.162919
0.165988
0.200063
0.186556
0.194232
0.195012
0.202505
0.18976
0.202291
0.190574
0.190014
0.179376
0.197973
0.187606
0.189292
0.190962
0.19408
0.197443
0.184052
0.198343
0.198962
0.201804
0.223624
0.245097
0.277744
0.305932
0.336111
0.345356
0.373375
0.378521
0.35982
0.360766
0.348138
0.31639
0.271864
0.273888
0.286153
0.267136
0.264173
0.281415
0.289955
0.267618
0.250339
0.266352
0.264541
0.26092
0.277902
0.265985
0.269115
0.264836
0.250053
0.234482
0.227942
0.23117
0.243808
0.245064
0.238465
0.254538
0.245564
0.232968
0.244899
0.24919
0.226438
0.219607
0.220176
0.203391
0.219874
0.211915
0.229314
0.220803
0.24822
0.211939
0.217897
0.230529
0.250614
0.223991
0.232651
0.251165
0.252486
0.237784
0.244834
0.237249
0.250157
0.252408
0.247174
0.26678
0.271765
0.277326
0.276375
0.286901
0.303807
0.311572
0.335324
0.354123
0.375817
0.387117
0.421788
0.441733
0.427548
0.416902
0.387926
0.349672
0.302858
0.255814
0.244168
0.233317
0.272544
0.336598
0.371642
0.452599
0.496115
0.58436
0.578791
0.57267
0.489054
0.375819
0.28166
0.2167
0.21532
0.205815
0.207744
0.207294
0.205865
0.207448
0.239382
0.206598
0.23816
0.238011
0.239584
0.238371
0.250488
0.246072
0.250734
0.261931
0.267153
0.265503
0.265405
0.274245
0.231536
0.198795
0.197616
0.20663
0.193146
0.164406
0.190473
0.160903
0.159162
0.161624
0.156368
0.153755
0.147909
0.14777
0.150668
0.152818
0.149545
0.151574
0.170421
0.1618
0.177499
0.182428
0.186801
0.186365
0.206465
0.192637
0.206025
0.188615
0.191964
0.197512
0.196015
0.204003
0.186508
0.199227
0.201841
0.178568
0.178708
0.191119
0.194759
0.183834
0.193377
0.21159
0.227237
0.226508
0.230044
0.230531
0.221993
0.225701
0.19303
0.190385
0.179153
0.184773
0.195006
0.171838
0.19365
0.19378
0.187976
0.189444
0.196569
0.185344
0.194793
0.206074
0.196023
0.198013
0.202961
0.211762
0.204748
0.193183
0.204819
0.189276
0.195335
0.17418
0.176675
0.165803
0.162396
0.161456
0.148581
0.168989
0.156718
0.126692
0.154133
0.165346
0.149533
0.148441
0.146511
0.144075
0.143966
0.147479
0.151993
0.141707
0.152813
0.138341
0.155274
0.145776
0.139622
0.147118
0.133565
0.13734
0.117502
0.108269
0.122175
0.104027
0.13987
0.135541
0.144353
0.144717
0.150966
0.177285
0.179348
0.193356
0.191269
0.204598
0.202448
0.202932
0.186454
0.166277
0.151514
0.111121
0.102838
0.103049
0.103113
0.103274
0.115642
0.131284
0.143415
0.155589
0.164847
0.181165
0.184299
0.163362
0.17194
0.156436
0.172551
0.162663
0.162378
0.16514
0.17824
0.175357
0.189655
0.168963
0.21199
0.223676
0.207632
0.195453
0.172242
0.17849
0.168409
0.182793
0.169497
0.176315
0.195976
0.18272
0.170512
0.152978
0.190495
0.16495
0.210781
0.195057
0.178937
0.203788
0.179316
0.184607
0.188579
0.178868
0.180839
0.176547
0.181936
0.145872
0.161372
0.139193
0.137827
0.125659
0.142033
0.138916
0.108901
0.104427
0.0961157
0.0989214
0.0932192
0.0913158
0.0905986
0.0806281
0.088499
0.0854041
0.0715163
0.0670338
0.0623742
0.0822392
0.0657685
0.06343
0.0740983
0.0676371
0.0702476
0.0602548
0.0553691
0.0693689
0.0735704
0.0632518
0.0597819
0.058453
0.0550601
0.0632213
0.058896
0.0617133
0.0663026
0.0585165
0.0609715
0.0657416
0.07006
0.0825012
0.0737849
0.0728515
0.0804034
0.0693549
0.064712
0.0763163
0.067196
0.0804062
0.085303
0.100328
0.0982304
0.0729574
0.0779513
0.074744
0.0653553
0.0657329
0.0667366
0.0470234
0.0431051
0.0560978
0.0485822
0.058067
0.0535247
0.0597858
0.0578872
0.0615054
0.0547706
0.0549284
0.0657026
0.0784113
0.0650206
0.0597875
0.0618
0.0576884
0.0663569
0.0627596
0.0488631
0.0609055
0.0584938
0.0672926
0.069629
0.0689151
0.0554985
0.0846354
0.0898473
0.101435
0.119868
0.137632
0.129787
0.122044
0.121775
0.108293
0.130653
0.134734
0.134406
0.122974
0.13221
0.144002
0.147395
0.141421
0.133156
0.127455
0.135415
0.135786
0.160941
0.159915
0.186765
0.157692
0.176276
0.176703
0.205516
0.218575
0.224694
0.245748
0.238552
0.25986
0.239806
0.267357
0.204158
0.209111
0.19135
0.182458
0.124313
0.166537
0.163241
0.15743
0.151246
0.16951
0.163829
0.139321
0.168027
0.143248
0.182234
0.197072
0.169033
0.211788
0.187731
0.146653
0.164349
0.189031
0.155555
0.206827
0.195311
0.194272
0.214244
0.221662
0.223354
0.207197
0.187923
0.181411
0.203605
0.15981
0.155797
0.155415
0.139338
0.137426
0.132449
0.100953
0.0907255
0.0729181
0.0801572
0.0639443
0.047146
0.0349325
0.0356794
0.0133091
0.0154962
0.0139182
0.0121043
0.0108255
0.0135056
0.0172146
0.0152251
0.0203777
0.0114021
0.00974227
0.0123084
0.0115649
0.0163024
0.0258725
0.0225779
0.0293966
0.0243557
0.0268219
0.0188404
0.00787823
0.00828803
0.00632876
0.00509292
0.00446535
0.00317291
0.0082452
0.00503077
0.00730318
0.0110023
0
0.00910504
0.000465027
0.00358249
0.00414303
0.016614
0.0124536
0.0275027
0.0331675
0.0250375
0.0149141
0.0204112
0.0181478
0.0152319
0.00928573
0.0119815
0.0122131
0.0165307
0.0198206
0.0229325
0.015906
0.0119564
0.0104848
0.0210171
0.0208534
0.0166695
0.0330164
0.0294458
0.0314841
0.0381589
0.0428078
0.0307258
0.0279928
0.0295321
0.0225127
0.0267192
0.0329864
0.0278439
0.0299452
0.0329391
0.0325785
0.0382637
0.0366495
0.0310238
0.0236873
0.0314895
0.0271193
0.0332488
0.033124
0.0377644
0.0475782
0.0401066
0.0396846
0.0406162
0.0316786
0.0406345
0.0398655
0.0328349
0.0255275
0.0352912
0.0333966
0.0372324
0.0388543
0.046359
0.0416374
0.0343054
0.0306275
0.0363594
0.0307915
0.035453
0.0379423
0.0378981
0.0432327
0.0591354
0.056643
0.0544828
0.0611825
0.0672593
0.0680568
0.0599632
0.0674118
0.0635267
0.074591
0.0643337
0.0658088
0.0729137
0.0697996
0.0750197
0.0760915
0.0676351
0.070765
0.0778427
0.0735971
0.0720591
0.0760395
0.0912219
0.112847
0.10588
0.109024
0.114478
0.106087
0.107188
0.1156
0.120442
0.112547
0.112579
0.108178
0.108267
0.104679
0.115322
0.115275
0.116322
0.103186
0.110058
0.107012
0.112859
0.112102
0.11429
0.111745
0.12425
0.139335
0.146204
0.153481
0.128212
0.122461
0.115953
0.106981
0.101029
0.102399
0.102941
0.0961313
0.108877
0.098675
0.0976537
0.0944391
0.100642
0.104281
0.096008
0.0961714
0.0896148
0.104434
0.103886
0.105918
0.110689
0.11076
0.10115
0.0893386
0.0888034
0.0863539
0.0795591
0.0774045
0.0688701
0.0722514
0.05995
0.0513192
0.050047
0.0555952
0.0380589
0.0627666
0.0543065
0.0642451
0.0632821
0.0620054
0.0582365
0.0586416
0.0671067
0.0590118
0.0501886
0.0510772
0.0400541
0.068195
0.0555828
0.0766392
0.0657954
0.0469408
0.0633039
0.0532792
0.0447229
0.042643
0.0321963
0.0311232
0.0233421
0.0122194
0.0179839
0.00398648
0.02135
0.015477
0.0204881
0.0080019
0.0174739
0.00717
0.00466975
0.00717696
0.0102544
0.0211209
0.0155437
0.0287342
0.0280058
0.037299
0.0469282
0.0373939
0.0444925
0.0406918
0.0342015
0.0448649
0.057534
0.0418624
0.0402376
0.0350273
0.0263277
0.0300628
0.0186663
0.0180402
0.0248413
0.0242427
0.016332
0.0284781
0.0175446
0.0122471
0.0156834
0.0170235
0.0165138
0.011965
0.0141208
0.0196168
0.0156956
0.0240971
0.0202341
0.0225392
0.0236866
0.0271953
0.0166291
0.0260129
0.0284801
0.0311374
0.0351755
0.0223733
0.0217463
0.02275
0.0160283
0.0189518
0.0176812
0.00605343
0.00928378
0.00923317
0.0115372
0.0125274
0.0208865
0.0186614
0.018636
0.0177556
0.0168497
0.0198557
0.0175933
0.0240627
0.01698
0.0322741
0.0209339
0.0261179
0.0298122
0.0450827
0.0463735
0.0351458
0.0399092
0.0386523
0.0313116
0.0394653
0.0313309
0.0351228
0.0239784
0.0259471
0.0146906
0.0305037
0.02162
0.0213228
0.0189014
0.0244326
0.0281911
0.0248523
0.023242
0.0211321
0.0167188
0.0185249
0.0229227
0.0203853
0.0285064
0.0237839
0.028584
0.0251316
0.031157
0.0384859
0.0457874
0.0456118
0.0499169
0.0439072
0.0427663
0.0437476
0.0536822
0.0400132
0.0504046
0.0476372
0.0509509
0.0431837
0.0429955
0.0479666
0.0488567
0.047293
0.0428111
0.0481728
0.0487461
0.0471428
0.0485782
0.0459825
0.0503069
0.0488544
0.0476046
0.0495064
0.0577386
0.0602498
0.0591267
0.0641543
0.0616728
0.0738204
0.0848614
0.0942562
0.129467
0.201809
0.408829
0.644563
0.764305
0.793449
0.769544
0.678045
0.437105
0.214687
0.133006
0.0936554
0.0906585
0.0848376
0.0769685
0.0745123
0.0810031
0.0756056
0.0754722
0.0815524
0.0784971
0.0745735
0.0712851
0.0774862
0.0715542
0.0801171
0.0771613
0.0753651
0.0725673
0.0734145
0.0768561
0.0721441
0.0752166
0.0664127
0.0619114
0.0612458
0.0687288
0.0570464
0.0591364
0.0665979
0.0645997
0.0624367
0.0602193
0.0670585
0.0636592
0.0631325
0.0625299
0.0715318
0.0622551
0.0637675
0.0704246
0.07417
0.0748232
0.0740473
0.0676562
0.0754636
0.0788275
0.0698387
0.0686547
0.0688463
0.0733962
0.0689713
0.0727643
0.0697709
0.075412
0.0676959
0.0773846
0.0788485
0.0750621
0.0757154
0.0707559
0.0698289
0.070114
0.0669369
0.0647722
0.0627246
0.0640025
0.0556345
0.0655188
0.0652087
0.0626819
0.0632486
0.0634612
0.0658914
0.0732996
0.0666147
0.0649891
0.0710427
0.0715069
0.0654743
0.0675485
0.0743838
0.0641574
0.0701709
0.0695507
0.0755117
0.0675051
0.0734267
0.0715925
0.0814632
0.0673051
0.0747375
0.0728932
0.0740827
0.0709951
0.0865634
0.0743719
0.0849121
0.0845245
0.0777061
0.0878541
0.083185
0.0763231
0.0747773
0.086137
0.104864
0.100707
0.0916911
0.0972331
0.0835063
0.096835
0.090242
0.102047
0.0960201
0.101697
0.0997753
0.0926799
0.0906196
0.0970957
0.0929029
0.100901
0.0931767
0.0987217
0.0982143
0.103312
0.0818156
0.0936974
0.0895976
0.0820716
0.0968858
0.105068
0.102208
0.103459
0.0910631
0.0838586
0.0849196
0.0933385
0.0871121
0.078169
0.102722
0.0851529
0.0906886
0.0896986
0.108891
0.0950719
0.0996667
0.0821486
0.105425
0.0944765
0.0991177
0.114937
0.0978401
0.0993433
0.115407
0.11681
0.121357
0.111292
0.133889
0.115482
0.10244
0.130043
0.129546
0.105785
0.118988
0.143333
0.122594
0.119168
0.134656
0.118225
0.1621
0.18152
0.127451
0.119699
0.135548
0.134823
0.12819
0.107127
0.120572
0.113369
0.124211
0.139905
0.122861
0.099822
0.105461
0.0939202
0.110629
0.101255
0.0789372
0.103812
0.0969943
0.103695
0.117155
0.113273
0.0868247
0.0765899
0.117804
0.103577
0.11
0.0963161
0.0881039
0.086524
0.104493
0.109298
0.0972102
0.0940993
0.10387
0.105811
0.123869
0.0955617
0.0936646
0.100097
0.121643
0.135621
0.148618
0.170241
0.142879
0.134896
0.12541
0.102289
0.0970444
0.0884085
0.0997454
0.0787944
0.0559601
0.0783705
0.06915
0.0800979
0.0764734
0.094251
0.0893101
0.0855332
0.0830089
0.0827632
0.0914648
0.0759532
0.0940497
0.100558
0.094524
0.110147
0.111961
0.139256
0.147892
0.143002
0.162627
0.171853
0.181872
0.191912
0.212345
0.234364
0.25779
0.26635
0.278929
0.259784
0.221077
0.156082
0.10008
0.100643
0.0705725
0.0666572
0.0638358
0.0690807
0.0914948
0.0727315
0.0719749
0.0547976
0.0689246
0.0711236
0.0639904
0.0803139
0.0829476
0.0598561
0.0761979
0.0807714
0.067705
0.0651294
0.0775497
0.065769
0.0817518
0.0680302
0.070014
0.0589777
0.0762447
0.0729143
0.0671212
0.0613299
0.0694132
0.0723392
0.0616739
0.058905
0.0608349
0.0685494
0.0710459
0.0754865
0.0665769
0.0651125
0.0587044
0.0705835
0.06671
0.0637973
0.0656644
0.0777007
0.0753255
0.0728001
0.0705722
0.0714745
0.0660073
0.0778522
0.0659703
0.0742183
0.0676442
0.0591268
0.062395
0.0702049
0.0582162
0.0592682
0.0641882
0.0494629
0.0569797
0.0541409
0.0612007
0.0635873
0.0548939
0.0616476
0.0585988
0.0614804
0.067745
0.055598
0.0623849
0.0603328
0.0626782
0.0691653
0.0596002
0.0618561
0.0663386
0.0646719
0.0661834
0.0622095
0.0574162
0.0604149
0.0603899
0.0563753
0.0575549
0.0593663
0.0603186
0.0610827
0.0643327
0.0663522
0.0568432
0.0696929
0.0686188
0.0689351
0.0793224
0.080993
0.076209
0.079279
0.0853003
0.0872827
0.0911713
0.0965211
0.0872718
0.0957444
0.101649
0.106484
0.110785
0.111733
0.129304
0.12693
0.120629
0.123583
0.101907
0.0890235
0.0730258
0.0677262
0.0630407
0.0613216
0.0592089
0.0608416
0.0613372
0.0600391
0.0529189
0.0567619
0.0638208
0.0608285
0.0628545
0.0635487
0.0618964
0.0685136
0.0623535
0.0735833
0.0684394
0.0767839
0.0750291
0.0809146
0.0855532
0.0947261
0.0948246
0.0988693
0.104068
0.109908
0.114458
0.130306
0.139966
0.147488
0.162628
0.169471
0.175048
0.182592
0.171873
0.176226
0.158442
0.146402
0.120805
0.116446
0.117225
0.0985272
0.0969572
0.0939001
0.0904974
0.0866921
0.0853651
0.0880288
0.0868216
0.0740012
0.0875548
0.0806276
0.0963516
0.0963576
0.0869887
0.102292
0.101881
0.107764
0.102506
0.111837
0.114324
0.117442
0.116982
0.131228
0.133607
0.134221
0.142115
0.145649
0.152065
0.160873
0.157338
0.170949
0.184535
0.19357
0.206848
0.212923
0.215876
0.206297
0.197484
0.181503
0.179841
0.155935
0.134339
0.129261
0.123216
0.10539
0.101613
0.108279
0.103057
0.104072
0.118716
0.117033
0.104534
0.104685
0.109367
0.100435
0.0931814
0.0914029
0.0846916
0.0876915
0.0783852
0.090328
0.0885275
0.0738875
0.0784272
0.0909028
0.0800663
0.0711501
0.0811946
0.0916871
0.0924635
0.0838805
0.0831446
0.0908692
0.0843401
0.0863002
0.0864173
0.084399
0.0869055
0.0830834
0.0840114
0.0801536
0.0874109
0.0876689
0.0956988
0.0862567
0.0817255
0.09009
0.0910108
0.0879828
0.0834526
0.0991058
0.0899803
0.0855412
0.0863846
0.0854423
0.0913963
0.0872127
0.0851219
0.0896432
0.0942279
0.0924355
0.0886185
0.0849271
0.0782093
0.0686375
0.0527077
0.0461234
0.0500756
0.0451858
0.0411081
0.0480075
0.0400962
0.046407
0.0483516
0.0580741
0.0684071
0.0631792
0.0805533
0.107658
0.107533
0.135509
0.140797
0.142206
0.149391
0.147053
0.150121
0.160708
0.158794
0.160432
0.153861
0.171936
0.20319
0.173325
0.170096
0.1711
0.166752
0.149385
0.130727
0.125075
0.128518
0.124968
0.119669
0.120228
0.108644
0.11875
0.11797
0.12327
0.137154
0.135056
0.1523
0.15622
0.152752
0.160125
0.161781
0.164804
0.181135
0.183596
0.178757
0.1729
0.164736
0.164346
0.173582
0.146792
0.156264
0.175306
0.152773
0.133595
0.163856
0.123326
0.147292
0.157139
0.150521
0.140442
0.147228
0.134489
0.164502
0.156131
0.180915
0.180956
0.189262
0.18396
0.171936
0.189785
0.171678
0.191152
0.179995
0.173598
0.187631
0.196733
0.195186
0.193897
0.212426
0.212238
0.231407
0.233735
0.208979
0.250642
0.228267
0.234707
0.243037
0.243833
0.249035
0.258051
0.270822
0.26994
0.270699
0.248928
0.237041
0.250236
0.23401
0.244966
0.218512
0.222714
0.200169
0.20144
0.178792
0.182514
0.154756
0.164035
0.13359
0.138934
0.138588
0.137332
0.132921
0.100166
0.148726
0.154074
0.164657
0.122383
0.15461
0.152272
0.163372
0.169907
0.164002
0.156307
0.171005
0.170622
0.201521
0.183403
0.156025
0.21982
0.236975
0.252364
0.273764
0.255361
0.226169
0.272351
0.258099
0.259217
0.283348
0.268306
0.283682
0.285441
0.277608
0.315141
0.317756
0.310561
0.306299
0.313224
0.318466
0.327943
0.317365
0.306527
0.316384
0.306326
0.302181
0.29966
0.264639
0.260383
0.238656
0.211426
0.202759
0.168821
0.157071
0.154857
0.0958553
0.149269
0.141219
0.114334
0.117129
0.136194
0.124039
0.121443
0.103944
0.122728
0.0894944
0.106914
0.137233
0.0905034
0.122464
0.115713
0.110193
0.118192
0.100634
0.144257
0.104917
0.113589
0.109404
0.107008
0.138217
0.153476
0.138426
0.170969
0.138032
0.1208
0.179835
0.136654
0.157665
0.159109
0.110492
0.149361
0.139953
0.194573
0.169785
0.198764
0.150443
0.184895
0.147986
0.173049
0.195874
0.158348
0.135868
0.14074
0.104622
0.135878
0.170879
0.155459
0.145922
0.180681
0.140508
0.166651
0.147612
0.139958
0.152156
0.11861
0.153159
0.139266
0.145178
0.156362
0.130738
0.13755
0.135275
0.114653
0.156744
0.195919
0.131301
0.142743
0.106094
0.109739
0.165717
0.0895301
0.119926
0.171281
0.136355
0.180127
0.188164
0.122485
0.132257
0.10029
0.175544
0.143458
0.0878469
0.113364
0.143242
0.141275
0.144367
0.200252
0.091729
0.111901
0.164967
0.190218
0.138062
0.137237
0.15506
0.152806
0.153097
0.174177
0.200972
0.170837
0.138555
0.137779
0.171314
0.181003
0.175422
0.183325
0.167716
0.222819
0.199792
0.189989
0.202512
0.204302
0.165025
0.156421
0.179976
0.191563
0.185882
0.190302
0.201935
0.217846
0.1239
0.143756
0.146582
0.122106
0.104598
0.127909
0.0934708
0.0818918
0.0261278
0.0301187
0.0229392
0.0122633
