0.140646
0.143105
0.142384
0.150054
0.140616
0.143324
0.146895
0.167005
0.163295
0.17544
0.169019
0.173613
0.175671
0.181503
0.180632
0.186925
0.191239
0.194981
0.190759
0.187178
0.183921
0.18419
0.179344
0.196192
0.202018
0.203774
0.211562
0.215688
0.225379
0.225626
0.225792
0.230085
0.230719
0.235077
0.235537
0.238098
0.240682
0.236787
0.236804
0.222869
0.228977
0.215014
0.221328
0.226927
0.237278
0.248921
0.247539
0.256156
0.261443
0.263891
0.261996
0.251162
0.238311
0.234295
0.233844
0.234891
0.25276
0.272639
0.272814
0.266866
0.246445
0.213347
0.18115
0.177557
0.151929
0.146354
0.138352
0.145201
0.136429
0.134727
0.132883
0.130519
0.133365
0.128281
0.122279
0.121667
0.12661
0.124268
0.125309
0.131189
0.13025
0.129804
0.130521
0.142267
0.135713
0.143438
0.137973
0.147616
0.150085
0.156384
0.160714
0.162149
0.170046
0.178076
0.189455
0.195354
0.211987
0.224277
0.226359
0.231723
0.240825
0.244508
0.230331
0.219732
0.205695
0.189129
0.189288
0.190803
0.185774
0.191685
0.192337
0.19724
0.198887
0.198606
0.195775
0.188951
0.19169
0.172294
0.177466
0.180199
0.173034
0.179757
0.180409
0.193265
0.189594
0.206226
0.20827
0.218325
0.216132
0.220881
0.224687
0.227437
0.230827
0.23432
0.233782
0.234406
0.235561
0.239195
0.236372
0.223935
0.202167
0.190567
0.186439
0.185365
0.191313
0.204305
0.211
0.211265
0.218159
0.216574
0.23366
0.241461
0.245676
0.252917
0.256817
0.260045
0.263995
0.263822
0.267498
0.267163
0.272138
0.272425
0.271676
0.263404
0.242001
0.204122
0.176203
0.148194
0.138808
0.134541
0.124038
0.117803
0.123056
0.127007
0.125409
0.1259
0.131648
0.12708
0.134527
0.130431
0.137569
0.139455
0.135351
0.142425
0.14134
0.14078
0.136997
0.141904
0.138183
0.137754
0.140356
0.141444
0.143173
0.143776
0.146452
0.147563
0.148062
0.146933
0.140768
0.128867
0.123979
0.118867
0.113527
0.125181
0.117578
0.116353
0.118672
0.127667
0.134654
0.139504
0.151606
0.153859
0.162574
0.160327
0.169691
0.171198
0.17186
0.179173
0.17905
0.18232
0.182482
0.186678
0.177664
0.172355
0.152551
0.140266
0.135591
0.131638
0.13809
0.13991
0.144678
0.147037
0.146746
0.155552
0.160291
0.169551
0.180514
0.189379
0.185717
0.192439
0.205284
0.210632
0.21742
0.220869
0.227884
0.228358
0.233339
0.233954
0.241245
0.241503
0.237733
0.242455
0.238014
0.24374
0.241559
0.215584
0.197985
0.168737
0.149201
0.157082
0.15729
0.131135
0.153819
0.149131
0.158799
0.154058
0.173759
0.166777
0.176969
0.19425
0.197794
0.197913
0.207929
0.213122
0.224589
0.212155
0.226505
0.224931
0.226126
0.224283
0.206782
0.195057
0.184787
0.158619
0.141681
0.13693
0.126463
0.130151
0.129537
0.137378
0.141135
0.137991
0.148717
0.147865
0.135203
0.145473
0.143611
0.134635
0.158866
0.139724
0.136568
0.138708
0.145903
0.13015
0.129458
0.136161
0.134643
0.140746
0.133516
0.145422
0.144229
0.147385
0.146483
0.136513
0.131669
0.103332
0.120655
0.118605
0.110419
0.101955
0.109903
0.119312
0.119808
0.104923
0.111652
0.113793
0.120804
0.111351
0.122746
0.122647
0.127471
0.134088
0.14216
0.147917
0.14821
0.157247
0.162042
0.157989
0.167805
0.167121
0.171453
0.169902
0.179114
0.161499
0.150021
0.143055
0.126477
0.12981
0.126101
0.125214
0.125531
0.121639
0.123275
0.116896
0.122722
0.121275
0.132341
0.109101
0.143147
0.145486
0.141284
0.135925
0.139514
0.143951
0.142982
0.15452
0.158499
0.156287
0.170923
0.172864
0.183622
0.186575
0.190514
0.202487
0.210197
0.198528
0.205379
0.192433
0.173386
0.154858
0.136224
0.117239
0.106279
0.11945
0.105046
0.101682
0.110654
0.127416
0.124357
0.126991
0.117516
0.122608
0.120542
0.133402
0.117079
0.122269
0.116516
0.130476
0.124496
0.131418
0.12912
0.136582
0.141709
0.133663
0.136606
0.139673
0.143125
0.14814
0.156775
0.178832
0.188101
0.199777
0.202694
0.216368
0.22247
0.194928
0.201792
0.187252
0.170533
0.157489
0.151231
0.160296
0.156853
0.155133
0.172257
0.182746
0.160299
0.157833
0.17346
0.165703
0.169342
0.180154
0.172688
0.177786
0.169369
0.165258
0.154398
0.159957
0.147321
0.154779
0.155055
0.134427
0.13691
0.137947
0.148121
0.137473
0.166723
0.142415
0.13809
0.127666
0.135216
0.148021
0.133442
0.141967
0.128142
0.138284
0.124323
0.11252
0.124553
0.16577
0.152814
0.140924
0.162221
0.149339
0.150488
0.154263
0.153548
0.166105
0.164304
0.15732
0.161205
0.175161
0.176185
0.181923
0.17664
0.18985
0.19425
0.198899
0.206712
0.218066
0.206372
0.233347
0.242649
0.246268
0.228573
0.219119
0.198762
0.184077
0.160515
0.161081
0.158565
0.206549
0.251772
0.29768
0.36031
0.399053
0.472334
0.463551
0.448009
0.365865
0.260205
0.200798
0.13747
0.134876
0.137361
0.13346
0.132237
0.130401
0.14275
0.153884
0.119485
0.153326
0.151751
0.157582
0.148984
0.155542
0.159454
0.160614
0.160246
0.171496
0.158108
0.154952
0.154966
0.135806
0.115054
0.116616
0.136446
0.128431
0.0967905
0.120657
0.100702
0.0957095
0.117578
0.0957454
0.0925928
0.113995
0.108912
0.107049
0.103533
0.106306
0.114548
0.127273
0.117758
0.113695
0.123182
0.11109
0.115217
0.128684
0.107746
0.119205
0.126975
0.116292
0.112406
0.13668
0.113828
0.124973
0.127072
0.138975
0.120321
0.0986904
0.11322
0.129315
0.109412
0.110101
0.123202
0.13501
0.136372
0.143775
0.145434
0.156143
0.141974
0.124019
0.120656
0.114159
0.129624
0.125783
0.121487
0.13528
0.124478
0.120964
0.133619
0.13012
0.124928
0.134536
0.134013
0.137189
0.11881
0.116616
0.137934
0.142843
0.109046
0.130279
0.118669
0.130111
0.105683
0.100334
0.102552
0.0905223
0.102404
0.106715
0.0946891
0.110102
0.0975442
0.0957959
0.099043
0.0976474
0.0899361
0.0968091
0.0909711
0.0917291
0.0922211
0.0995981
0.0872839
0.0946078
0.0852548
0.0930105
0.0888857
0.0959545
0.09227
0.094012
0.097658
0.078869
0.0683434
0.0694983
0.0835645
0.0921287
0.088759
0.0949503
0.0978387
0.0951221
0.110439
0.11606
0.109867
0.117567
0.112251
0.120255
0.128322
0.1046
0.107025
0.0844167
0.0597764
0.0565699
0.0748926
0.0709883
0.0747715
0.0698341
0.0821198
0.0827365
0.11156
0.0863472
0.0968531
0.104424
0.104448
0.0961388
0.107848
0.116223
0.0992859
0.110431
0.0727925
0.113749
0.118064
0.108751
0.113276
0.131871
0.134366
0.128326
0.0916398
0.0944126
0.112735
0.119016
0.113747
0.0988912
0.110922
0.125774
0.0996323
0.126681
0.0979064
0.126097
0.113595
0.111143
0.102667
0.11356
0.125027
0.114115
0.116307
0.123377
0.103041
0.123367
0.102951
0.0989979
0.0855052
0.11377
0.103051
0.0959346
0.0729133
0.113877
0.077928
0.066371
0.0792401
0.0725263
0.0711909
0.0741192
0.0580262
0.0485
0.0538456
0.0564465
0.0505141
0.0582114
0.0435192
0.0492602
0.0466413
0.04544
0.0434941
0.0543077
0.0482298
0.0370742
0.0498424
0.033988
0.0349105
0.0412729
0.0308087
0.0433944
0.0371311
0.032376
0.0560835
0.04004
0.0364197
0.0338905
0.0273834
0.0448527
0.0394947
0.0477459
0.0453437
0.045769
0.0507167
0.0566911
0.0438478
0.0457016
0.0498081
0.0470153
0.0621963
0.0581874
0.0608627
0.0687145
0.0580107
0.0597397
0.0584423
0.04874
0.0418255
0.0430915
0.0327942
0.0356419
0.0312469
0.0239814
0.0441997
0.0359661
0.0277253
0.0471653
0.0374976
0.028566
0.0358455
0.0396154
0.0445456
0.046313
0.0292917
0.0430236
0.0378819
0.04738
0.038288
0.0349344
0.0380675
0.0403459
0.0477836
0.0479969
0.0501172
0.035149
0.0481053
0.0557187
0.045118
0.0625363
0.0831534
0.0871835
0.0845024
0.0896568
0.064485
0.0944625
0.0646745
0.0723295
0.066969
0.0708233
0.0881069
0.0919687
0.0918447
0.0980292
0.0704262
0.086314
0.0835815
0.095839
0.0934195
0.104041
0.0973685
0.107168
0.107576
0.124812
0.133138
0.149183
0.168148
0.15809
0.146757
0.153951
0.157774
0.113903
0.125699
0.104107
0.112477
0.0809063
0.105278
0.105036
0.0666644
0.0965744
0.125648
0.103612
0.10736
0.112659
0.100809
0.115738
0.126767
0.0952338
0.124143
0.0922155
0.0945611
0.0970058
0.122453
0.110698
0.128282
0.110625
0.117152
0.118747
0.138528
0.146859
0.129153
0.128931
0.120677
0.138349
0.0793784
0.115419
0.097261
0.0844905
0.0764935
0.0920483
0.081698
0.0671794
0.0428626
0.0519394
0.0498866
0.0250172
0.0230017
0.0215649
0.0173125
0.0169509
0.0223546
0.0128841
0.0112148
0.0107803
0.0210799
0.0135179
0.0203997
0.0201894
0.0151064
0.0156173
0.0154584
0.00747149
0.0144061
0.0213077
0.0227694
0.0281897
0.020475
0.013857
0.0087463
0.0117123
0.00652077
0.00436098
0.0118357
0.00751094
0.00672439
0.00624005
0.0058782
0.00904772
0.00532259
0.0111146
0.00431461
0.00281561
0.00201728
0.00358892
0.00796711
0.0180165
0.0182693
0.0166289
0.011473
0.0105168
0.0153015
0.0122877
0.0122431
0.0127388
0.00912861
0.0134143
0.0191139
0.0161564
0.0115613
0.0185164
0.0115414
0.0085676
0.0123415
0.011262
0.0176624
0.0188964
0.022688
0.020275
0.0280615
0.0280297
0.0181572
0.0149508
0.0168051
0.0184703
0.0174305
0.0126086
0.0234014
0.0210994
0.018793
0.0278706
0.020586
0.0185963
0.0161469
0.0187004
0.0146386
0.0198693
0.0223034
0.0217783
0.0337742
0.0190927
0.0273063
0.0263587
0.0182997
0.0231238
0.0254577
0.0245862
0.0135272
0.0195608
0.0187734
0.0169096
0.0254914
0.0276826
0.0218096
0.0233098
0.0156893
0.0241683
0.017279
0.0203094
0.0203813
0.0281346
0.0256366
0.0367298
0.0383789
0.0284727
0.033878
0.0367309
0.0407522
0.031064
0.0382928
0.0320034
0.044551
0.0356102
0.0379974
0.0482938
0.0408995
0.0365534
0.0404049
0.0376364
0.037653
0.0448163
0.0446712
0.0427003
0.0528745
0.0626033
0.052151
0.0551604
0.0638553
0.066728
0.0640051
0.067935
0.069667
0.0610215
0.0681829
0.0679427
0.0611476
0.0635833
0.0535159
0.0668835
0.0641981
0.0636674
0.0683269
0.0617912
0.0604109
0.0600527
0.0646347
0.0636966
0.0687939
0.0820799
0.0716132
0.0859388
0.0875761
0.0706
0.0809448
0.0639062
0.0619404
0.0628547
0.0524856
0.0523904
0.0588661
0.0689457
0.0552098
0.048017
0.0606081
0.0660763
0.0503087
0.0572251
0.0614383
0.0541495
0.0627238
0.0633771
0.0548534
0.0577602
0.0551454
0.0599794
0.0705468
0.0603422
0.0475012
0.0380989
0.0536775
0.0406872
0.0372271
0.0345187
0.0421413
0.0354755
0.0477818
0.0208056
0.0511616
0.0503509
0.040336
0.0448572
0.0397774
0.0424504
0.0328293
0.0394523
0.0189285
0.0234042
0.0177044
0.0329721
0.0316053
0.0321396
0.0535864
0.0324843
0.025484
0.0365889
0.0303834
0.0335517
0.0149592
0.0170359
0.0317732
0.0209753
0.011689
0.00970715
0.0024191
0.0141652
0.014476
0.011718
0.0155661
0.0197273
0.00239242
0.016175
0.00737534
0.015064
0.0174714
0.00396995
0.0274206
0.0159244
0.02461
0.0250311
0.0200238
0.0228398
0.0237271
0.0294272
0.0273537
0.0287277
0.0365484
0.0195238
0.0276934
0.017043
0.0304962
0.00958458
0.011247
0.0147856
0.0179931
0.00889998
0.0158267
0.0112417
0
0.0127145
0.015582
0.0144071
0.0114441
0.00871835
0.0125776
0.0169105
0.0239746
0.00412967
0.0214478
0.017518
0.0211506
0.00982085
0.0239459
0.0137299
0.021807
0.0189251
0.0192891
0.0213948
0.0141223
0.00707404
0.021769
0.0198076
0.00810278
0.00138642
0.0100574
0.0127625
0.0117579
0.0132565
0.0161457
0.0124114
0.0153544
0.00834378
0.00928027
0.0140832
0.0186919
0.0123748
0.0143009
0.012207
0.0227119
0.018284
0.0201745
0.0241983
0.0313814
0.0225758
0.0321382
0.0120573
0.0151761
0.0181637
0.0176877
0.012821
0.0264056
0.0120216
0.0239155
0.0224213
0.0157036
0.0199676
0.00943378
0.0157881
0.0117428
0.0114395
0.0132602
0.0166566
0.0144847
0.0151285
0.0229481
0.0152296
0.0152941
0.0180157
0.0158394
0.02409
0.0200646
0.0237383
0.0269161
0.0378351
0.0320014
0.0229933
0.027776
0.0284276
0.0205715
0.0290984
0.0368109
0.0302298
0.0281243
0.0294028
0.0265654
0.0311812
0.0301428
0.0229835
0.0286905
0.0235181
0.0275327
0.029742
0.025426
0.0341899
0.0244195
0.0299551
0.0343848
0.031697
0.0366107
0.0412163
0.0465057
0.039539
0.0464069
0.055273
0.0594071
0.0928209
0.161295
0.346312
0.548142
0.653793
0.677418
0.645395
0.563303
0.349953
0.166971
0.0963766
0.0598886
0.0591186
0.054665
0.0471163
0.0459775
0.0489143
0.0465494
0.0437373
0.0511393
0.0388986
0.0429761
0.04442
0.0505847
0.0447771
0.0486875
0.0408477
0.0453767
0.0441799
0.0442093
0.0422805
0.0357222
0.0455109
0.0348641
0.0352929
0.0347329
0.0357076
0.0296968
0.0377282
0.0433229
0.0356087
0.0351199
0.0510385
0.0370605
0.0389863
0.036417
0.0358912
0.0511751
0.0409135
0.0414177
0.0369316
0.0423372
0.0453749
0.0419028
0.0409154
0.0412617
0.0444598
0.0491612
0.0410554
0.0483601
0.0401004
0.0413923
0.0398387
0.0415125
0.0418646
0.0385497
0.0466456
0.0426936
0.0452534
0.048919
0.0461342
0.048172
0.0340793
0.042905
0.0339288
0.0414134
0.0332869
0.0289306
0.043919
0.0309775
0.0449424
0.04232
0.0418664
0.0396305
0.0463732
0.0379582
0.038377
0.0370461
0.0437219
0.0362628
0.0340563
0.0407214
0.0359344
0.0379595
0.0311863
0.0433692
0.0392899
0.047815
0.0390756
0.044982
0.0396589
0.0414869
0.0488339
0.0359945
0.0434965
0.0414547
0.0461251
0.0584874
0.0502899
0.0396047
0.0568421
0.0567166
0.0501287
0.0545481
0.0396469
0.061011
0.0723877
0.0478243
0.0577513
0.058019
0.0671802
0.0524348
0.0525278
0.0583161
0.0541697
0.0645881
0.0525205
0.0540051
0.0547798
0.0573904
0.0628318
0.0532087
0.0497067
0.0494769
0.0678367
0.0535831
0.0632843
0.0489763
0.0477305
0.0597593
0.0637203
0.0615637
0.0615157
0.0497443
0.0328216
0.0457361
0.0581653
0.0537915
0.0613499
0.0630941
0.0418839
0.0587077
0.0718482
0.0550531
0.0814593
0.0665175
0.0462856
0.0699663
0.0561974
0.0748239
0.0656025
0.0575053
0.0713786
0.0736994
0.0721976
0.0717257
0.0686387
0.0984901
0.0630409
0.0859279
0.101101
0.0907855
0.0722061
0.0676468
0.0700732
0.066343
0.0735092
0.0890452
0.0943606
0.0973108
0.109793
0.0770514
0.084497
0.09568
0.0819914
0.0705297
0.0601281
0.0685399
0.0847567
0.0650353
0.0948062
0.068141
0.0536616
0.07021
0.0638426
0.0876203
0.0769664
0.0465272
0.0750805
0.0701401
0.0673236
0.0925672
0.0823125
0.0666354
0.0617148
0.0881946
0.0658113
0.0722728
0.0583214
0.0543377
0.0594626
0.0371341
0.0699624
0.0803349
0.0726512
0.0570614
0.0668979
0.0674384
0.0541026
0.0695991
0.082251
0.0917092
0.0841464
0.0998775
0.109845
0.0828248
0.117466
0.0694654
0.0751841
0.0603073
0.0559735
0.059184
0.0552269
0.0380403
0.0445118
0.0307297
0.0713748
0.0399497
0.0807423
0.0700637
0.0584811
0.0517726
0.0602815
0.0473016
0.0462683
0.0617641
0.0556713
0.0504002
0.0657615
0.0743877
0.072478
0.0946728
0.0878603
0.0974564
0.105004
0.112027
0.128884
0.135953
0.153968
0.168672
0.171507
0.179751
0.1693
0.138232
0.107947
0.0623096
0.0728829
0.0459795
0.0266295
0.034662
0.0498065
0.0452301
0.0378665
0.0482406
0.029658
0.0446497
0.0357827
0.0367408
0.070558
0.0417522
0.02674
0.0571979
0.0540477
0.035964
0.0583829
0.0616526
0.0357125
0.0432421
0.0457592
0.0482226
0.0400211
0.0474945
0.0394222
0.0411676
0.0349116
0.0422628
0.0408348
0.0284689
0.040858
0.0366031
0.0326376
0.0471997
0.0347595
0.0411423
0.0443827
0.0388851
0.0513283
0.0399884
0.0367778
0.0430137
0.0534111
0.0513399
0.0415851
0.0442996
0.0400209
0.0312677
0.0428936
0.0346601
0.0476724
0.0559151
0.0363245
0.0387655
0.051513
0.0363308
0.0321708
0.0401285
0.0278535
0.0374934
0.0441191
0.0547992
0.0392482
0.0424217
0.0467321
0.0374896
0.0311558
0.0443882
0.0404419
0.0467072
0.0415575
0.0349434
0.042608
0.0451738
0.0464654
0.04597
0.0429339
0.0411586
0.0416848
0.0369616
0.0371686
0.0407991
0.037076
0.0408899
0.0336538
0.0395387
0.0366148
0.0343
0.0348878
0.0333783
0.0444737
0.0442776
0.0465641
0.0560389
0.0552597
0.0520248
0.0517486
0.060597
0.0742946
0.0708217
0.0582877
0.0565783
0.0580909
0.0740472
0.0758159
0.0819247
0.0794932
0.0933999
0.0998985
0.0879239
0.0814291
0.0663247
0.0692381
0.052962
0.0501795
0.0430804
0.0363127
0.038972
0.0457951
0.0421422
0.0367318
0.0349898
0.0392235
0.0381874
0.0330271
0.0367264
0.039799
0.0417274
0.0460685
0.0413563
0.0445313
0.0416306
0.0426746
0.0506938
0.0481165
0.0573596
0.057091
0.0652324
0.0630708
0.0713725
0.0729141
0.0802018
0.089805
0.0924312
0.100987
0.11236
0.114083
0.118849
0.118361
0.111504
0.122361
0.102152
0.0928253
0.0790069
0.0737422
0.0838812
0.0639714
0.0582399
0.0535491
0.0573715
0.0577962
0.058984
0.0575728
0.0603059
0.0454681
0.0468987
0.058207
0.0645525
0.0609268
0.0600143
0.0599232
0.0550976
0.0597572
0.0624737
0.0640772
0.0703342
0.0723503
0.0869044
0.0769499
0.0782641
0.0797207
0.0848894
0.0882509
0.0954208
0.104386
0.101421
0.10826
0.114258
0.124657
0.127945
0.128402
0.132607
0.133938
0.121606
0.109694
0.1149
0.0969455
0.0778345
0.0698229
0.0780336
0.0572183
0.0553316
0.0665947
0.0676647
0.0678139
0.0794971
0.0731324
0.0693498
0.0675512
0.0780264
0.0764686
0.0640888
0.0510763
0.0403631
0.0513341
0.0529299
0.0504768
0.0386956
0.0511901
0.0477095
0.0518898
0.0547865
0.052535
0.0516396
0.0689495
0.0536829
0.0431452
0.0532511
0.0630191
0.0494031
0.0542656
0.0489996
0.0460236
0.0538582
0.0554197
0.0611937
0.0531776
0.0621075
0.0502977
0.0602793
0.0507091
0.0510419
0.0472518
0.0490121
0.0449392
0.044303
0.0513368
0.0485888
0.0391517
0.0494523
0.0513319
0.0514882
0.0459112
0.0412313
0.0488039
0.0524299
0.0560699
0.0483682
0.049518
0.0573272
0.0624691
0.0548703
0.0541073
0.0574411
0.0620076
0.057115
0.0713458
0.056587
0.0627185
0.0593719
0.0782727
0.0669609
0.0772418
0.0821213
0.0837487
0.0901947
0.1133
0.115093
0.11573
0.102463
0.0965598
0.111416
0.110938
0.102137
0.115663
0.117742
0.114381
0.133071
0.124758
0.109023
0.113735
0.130599
0.112646
0.100852
0.0838287
0.104154
0.089499
0.0718724
0.0924564
0.0936503
0.0998749
0.0974213
0.095967
0.102068
0.0875573
0.105332
0.121285
0.111516
0.110217
0.133181
0.118983
0.138315
0.146207
0.129571
0.134996
0.120192
0.130257
0.137797
0.113815
0.126131
0.12494
0.0925402
0.0693358
0.120234
0.0815442
0.0886975
0.127066
0.11667
0.122254
0.104279
0.0977811
0.139601
0.115848
0.124973
0.104871
0.151024
0.146391
0.119095
0.150649
0.103901
0.125574
0.139021
0.140732
0.125839
0.145264
0.142119
0.149375
0.127455
0.159222
0.150373
0.167909
0.149401
0.184512
0.150234
0.156819
0.173302
0.164464
0.175446
0.172517
0.183247
0.189797
0.182793
0.180294
0.168101
0.169278
0.162779
0.166478
0.14476
0.141179
0.134623
0.154922
0.124763
0.134458
0.113195
0.117369
0.0958492
0.104621
0.126327
0.102698
0.104536
0.0795325
0.0985838
0.0628343
0.0953439
0.0794142
0.119388
0.105056
0.102048
0.111441
0.100154
0.0756566
0.114884
0.148208
0.138793
0.125554
0.111144
0.163977
0.15569
0.153291
0.186418
0.172298
0.159265
0.18928
0.152083
0.181116
0.182186
0.160402
0.173717
0.202749
0.172437
0.197378
0.215062
0.195781
0.213486
0.207089
0.213022
0.217607
0.221512
0.214289
0.210152
0.202873
0.203477
0.214645
0.194677
0.167157
0.14267
0.15824
0.138949
0.112081
0.111182
0.100633
0.0966287
0.127907
0.127748
0.0948109
0.124544
0.110452
0.102617
0.124936
0.123405
0.114916
0.0390659
0.116167
0.128423
0.0634441
0.0897391
0.0861847
0.120141
0.0942088
0.0901726
0.099011
0.088199
0.0653977
0.0827929
0.10507
0.0770849
0.0907156
0.135422
0.134505
0.110058
0.0799518
0.183138
0.0843814
0.13764
0.145189
0.142771
0.107827
0.115659
0.136516
0.186964
0.164204
0.155455
0.123625
0.137962
0.13745
0.162906
0.0760933
0.128709
0.0985509
0.0894577
0.101783
0.120555
0.161435
0.148937
0.120185
0.0667127
0.134865
0.0828948
0.124492
0.161445
0.133598
0.122497
0.129662
0.11465
0.104146
0.0924628
0.0983795
0.13592
0.106594
0.125
0.147899
0.0580554
0.129492
0.0740299
0.0968179
0.0737261
0.067752
0.10786
0.126907
0.11311
0.131578
0.130965
0.103285
0.114704
0.125407
0.134029
0.105154
0.105778
0.0656431
0.0708264
0.117047
0.147474
0.131454
0.0903174
0.163616
0.140792
0.135296
0.141732
0.129683
0.10991
0.131184
0.159097
0.148501
0.182619
0.0990056
0.12074
0.115698
0.150666
0.133075
0.139759
0.138728
0.134956
0.170302
0.152204
0.138324
0.118981
0.17281
0.146996
0.154301
0.13926
0.142777
0.157097
0.150794
0.153631
0.106173
0.0859616
0.104984
0.1006
0.103009
0.09772
0.115283
0.104106
0.0703755
0.0721567
0.0506911
0.0700056
0.0558006
