0.150775
0.162511
0.160008
0.164514
0.156114
0.157292
0.16376
0.183141
0.179429
0.189225
0.191341
0.195421
0.196042
0.210755
0.207861
0.214773
0.216517
0.218559
0.218683
0.214407
0.205306
0.207139
0.21371
0.226919
0.224718
0.234986
0.237861
0.247672
0.250294
0.25667
0.258904
0.26059
0.264062
0.271149
0.272633
0.275958
0.27762
0.275453
0.274414
0.260525
0.256485
0.250383
0.265621
0.265382
0.27448
0.280089
0.28743
0.293525
0.301067
0.303089
0.305063
0.28702
0.270517
0.265898
0.264877
0.266128
0.288153
0.321432
0.322035
0.312003
0.285418
0.257798
0.210482
0.187901
0.17255
0.165581
0.152867
0.147697
0.15145
0.148478
0.143631
0.140149
0.134365
0.141624
0.135147
0.134497
0.132782
0.131097
0.137865
0.149738
0.142217
0.150147
0.151597
0.150566
0.149569
0.161331
0.158831
0.157279
0.165247
0.173837
0.175349
0.185183
0.195365
0.201116
0.212225
0.227409
0.244981
0.261609
0.270049
0.276748
0.281407
0.286258
0.273888
0.257329
0.230975
0.215574
0.21022
0.213635
0.208196
0.212305
0.214597
0.223673
0.224154
0.225114
0.21947
0.219429
0.214972
0.201112
0.202811
0.201654
0.20516
0.204098
0.206343
0.221544
0.224714
0.237481
0.240346
0.249063
0.244005
0.252223
0.258357
0.259189
0.264686
0.265304
0.265769
0.26695
0.273422
0.272539
0.271764
0.260462
0.23937
0.225165
0.216485
0.220962
0.230917
0.223261
0.23212
0.23827
0.2524
0.255532
0.27118
0.281216
0.285998
0.292386
0.300487
0.3028
0.30582
0.308785
0.31144
0.314509
0.313394
0.317685
0.315633
0.306683
0.283806
0.237586
0.189259
0.163234
0.150584
0.140404
0.132024
0.130967
0.128989
0.132008
0.135899
0.136169
0.141057
0.137847
0.144041
0.155093
0.146276
0.158721
0.151009
0.15577
0.152359
0.158604
0.156091
0.155112
0.15256
0.156118
0.149466
0.148294
0.156355
0.156537
0.16287
0.163773
0.163763
0.161972
0.152292
0.142946
0.130821
0.139148
0.129657
0.131675
0.129674
0.135716
0.136753
0.14201
0.143481
0.158666
0.169156
0.173952
0.180413
0.184353
0.190241
0.196017
0.191802
0.202046
0.204743
0.204127
0.210064
0.213231
0.202919
0.194714
0.174279
0.165198
0.159683
0.156905
0.154923
0.164511
0.166163
0.165129
0.172622
0.18158
0.189596
0.202707
0.207688
0.217711
0.214092
0.222372
0.235087
0.240291
0.248697
0.251414
0.257381
0.262749
0.271554
0.27034
0.275092
0.282274
0.274243
0.286991
0.281858
0.295479
0.286876
0.262133
0.231723
0.203007
0.167032
0.180824
0.172149
0.166141
0.168739
0.185334
0.192227
0.182534
0.200262
0.187749
0.206136
0.212244
0.22773
0.230494
0.238341
0.239641
0.254269
0.260007
0.255808
0.259291
0.255726
0.259852
0.239511
0.222482
0.202512
0.174406
0.15817
0.139368
0.139511
0.142969
0.152951
0.162736
0.147085
0.15298
0.169644
0.156463
0.178022
0.170537
0.171914
0.16716
0.165739
0.16873
0.155998
0.158282
0.154403
0.143863
0.148851
0.155538
0.155657
0.155126
0.157271
0.161671
0.162837
0.16504
0.164863
0.162548
0.14919
0.121653
0.133505
0.125645
0.119961
0.119799
0.113168
0.111987
0.131339
0.118585
0.110789
0.131896
0.133617
0.137617
0.141356
0.133222
0.132037
0.14512
0.16018
0.156489
0.170335
0.184419
0.172868
0.184913
0.188148
0.189169
0.19109
0.194488
0.201159
0.182671
0.178183
0.171851
0.136005
0.159297
0.149973
0.150977
0.148601
0.148486
0.13694
0.134713
0.144436
0.140733
0.14531
0.140069
0.150502
0.16109
0.159467
0.147315
0.171492
0.163175
0.170673
0.172692
0.176631
0.185406
0.192857
0.198972
0.209852
0.215663
0.223836
0.236363
0.237926
0.227806
0.236732
0.228909
0.204877
0.177159
0.151281
0.140921
0.132886
0.128204
0.12613
0.123123
0.124164
0.145525
0.142097
0.147184
0.141056
0.135045
0.129405
0.144353
0.133935
0.135952
0.147325
0.146183
0.142203
0.153194
0.142718
0.143065
0.15934
0.149962
0.148979
0.158882
0.158932
0.169155
0.178475
0.199259
0.212573
0.233932
0.237117
0.253918
0.263817
0.238992
0.24516
0.220206
0.202883
0.188279
0.183441
0.190449
0.201248
0.178467
0.200814
0.197099
0.193087
0.191745
0.194248
0.195249
0.19602
0.210183
0.205244
0.20493
0.196373
0.192276
0.172946
0.174284
0.168501
0.166646
0.165746
0.159757
0.172665
0.168162
0.155882
0.162137
0.177174
0.154496
0.163865
0.158771
0.156925
0.157197
0.142168
0.168875
0.151044
0.153249
0.148304
0.153706
0.172506
0.182342
0.170825
0.168878
0.176015
0.168931
0.16961
0.179801
0.173357
0.172907
0.204076
0.189924
0.199234
0.196261
0.200358
0.20768
0.203676
0.216042
0.22427
0.239715
0.246763
0.255652
0.262396
0.295856
0.305952
0.30689
0.286763
0.281582
0.253662
0.220992
0.170091
0.16412
0.177768
0.222229
0.274912
0.331516
0.390082
0.454028
0.519374
0.500502
0.494936
0.396789
0.290686
0.205181
0.166089
0.176369
0.163999
0.155174
0.151321
0.151015
0.160549
0.172284
0.152149
0.173866
0.179692
0.179562
0.175527
0.18048
0.182335
0.179825
0.187655
0.19079
0.185957
0.17558
0.178079
0.160905
0.133586
0.123798
0.157851
0.140261
0.126222
0.134889
0.13725
0.120072
0.122089
0.107281
0.0941385
0.134119
0.124374
0.11881
0.128556
0.111962
0.134525
0.13092
0.130532
0.134841
0.130294
0.141523
0.142129
0.155855
0.138618
0.146632
0.14242
0.134268
0.142504
0.157246
0.155097
0.130651
0.143915
0.164504
0.131028
0.12799
0.138606
0.151038
0.132648
0.137234
0.144082
0.152624
0.165702
0.169339
0.162997
0.161619
0.167064
0.154041
0.133897
0.130009
0.150253
0.148165
0.131644
0.140058
0.148904
0.147575
0.139713
0.145565
0.138503
0.143813
0.142401
0.151354
0.148012
0.126769
0.13701
0.148471
0.120662
0.156837
0.141577
0.154073
0.119748
0.112285
0.126067
0.105627
0.122859
0.1183
0.119503
0.124789
0.110621
0.127409
0.101126
0.113434
0.108802
0.106067
0.112894
0.100264
0.103284
0.114174
0.118387
0.105113
0.110389
0.111518
0.120197
0.117095
0.108297
0.0980506
0.105205
0.0792649
0.0795378
0.0751379
0.0823874
0.103821
0.0961249
0.108287
0.111494
0.12002
0.119508
0.128303
0.139365
0.144099
0.129788
0.140747
0.137186
0.137573
0.119881
0.0999852
0.0680436
0.0729154
0.0798738
0.0720073
0.0681881
0.0871742
0.0973361
0.0929263
0.134679
0.106497
0.110424
0.110515
0.130869
0.116418
0.124175
0.121134
0.116279
0.105391
0.0985036
0.12552
0.125725
0.131198
0.118378
0.143869
0.167308
0.147488
0.112184
0.103552
0.116589
0.130488
0.13676
0.123082
0.145229
0.124893
0.117841
0.145459
0.126219
0.12311
0.131937
0.140606
0.134476
0.136608
0.147789
0.130126
0.148572
0.131637
0.123499
0.140144
0.109719
0.12601
0.0988513
0.120827
0.11759
0.119018
0.108338
0.106225
0.105272
0.0769117
0.0904903
0.0883526
0.0711749
0.0664147
0.060122
0.0569621
0.0676686
0.0556684
0.0531267
0.0611631
0.0588157
0.0471211
0.0582884
0.0361286
0.0528002
0.0569716
0.0483643
0.056297
0.048664
0.0383748
0.0405085
0.0567036
0.0492346
0.043027
0.0481958
0.0337472
0.0457622
0.0423052
0.0455531
0.0366907
0.0399392
0.0525396
0.0536068
0.0479394
0.0453435
0.057429
0.0553861
0.0590183
0.0514402
0.0497683
0.0612336
0.0469504
0.0558615
0.0580716
0.0737153
0.077834
0.0472065
0.0568619
0.0467038
0.0540529
0.0483744
0.0510077
0.0361401
0.0364999
0.0403331
0.0198655
0.0368117
0.0455067
0.0405956
0.0331121
0.0484832
0.0437593
0.0501366
0.0388545
0.0521851
0.0400347
0.0319295
0.0334562
0.0409642
0.0345734
0.0426416
0.0308989
0.0433192
0.0323711
0.0365995
0.0512899
0.0405385
0.0432281
0.0514206
0.0641465
0.0693287
0.0931985
0.0922595
0.0811706
0.0830987
0.0909802
0.0808861
0.110488
0.0821427
0.0960612
0.091161
0.0954072
0.0979242
0.10173
0.101414
0.0966699
0.0852767
0.111023
0.103857
0.10857
0.116929
0.122025
0.117867
0.125573
0.137339
0.13874
0.158906
0.161877
0.184469
0.17466
0.167883
0.188823
0.172132
0.136733
0.135294
0.125347
0.138226
0.0870285
0.121608
0.114142
0.111449
0.109677
0.126696
0.125202
0.114158
0.129544
0.12174
0.125581
0.135255
0.101286
0.141067
0.112199
0.126538
0.133614
0.143284
0.114596
0.135591
0.152295
0.13485
0.168154
0.175692
0.184812
0.150929
0.155554
0.136002
0.133329
0.114625
0.125317
0.123577
0.0964529
0.102581
0.0946551
0.083267
0.0813701
0.0447219
0.0613612
0.0537114
0.0241888
0.022828
0.0278321
0.0163867
0.0180283
0.00808152
0.0131253
0.00814128
0.0236446
0.0199174
0.00919849
0.0170719
0.0199318
0.0185743
0.015585
0.0115145
0.0107933
0.0182162
0.0185615
0.0226103
0.0261086
0.016793
0.0162393
0.00994685
0.00463059
0.00347374
0.00214031
0.00517057
0.00411751
0.00542512
0.00560773
0.00927717
0.00422854
0.00547859
0.00831682
0.00613478
0.00153505
0
0.00775992
0.00437262
0.0188737
0.0185471
0.0217922
0.00897341
0.0187337
0.0137104
0.00934576
0.00538273
0.00911085
0.0109087
0.00760694
0.0106906
0.0119259
0.0156594
0.00722253
0.00863084
0.0124893
0.0191947
0.0117747
0.0156918
0.0179554
0.0188557
0.0183674
0.0223468
0.0232839
0.0242967
0.0115504
0.0139784
0.0194726
0.0149236
0.0158076
0.0251348
0.0278473
0.0203046
0.0221095
0.0254977
0.0194617
0.0159124
0.0153946
0.0192091
0.0226176
0.022712
0.0267844
0.0328919
0.0237023
0.021536
0.0230613
0.0205119
0.0188584
0.0302508
0.0203545
0.0110993
0.0169481
0.0198541
0.0223516
0.0230879
0.0304399
0.0252015
0.0200984
0.0111041
0.0234344
0.0189215
0.0263645
0.0235966
0.0258401
0.0240423
0.0346482
0.0383532
0.0413054
0.0432107
0.0391953
0.0457841
0.0367041
0.044978
0.0455599
0.0544601
0.0455735
0.0418735
0.0527555
0.0492284
0.0438475
0.0497135
0.0513572
0.0510805
0.0467291
0.049013
0.0491951
0.0549384
0.0608777
0.0720126
0.0688303
0.0785746
0.0777468
0.0732309
0.0776797
0.0792937
0.0803548
0.0803313
0.0775843
0.078746
0.073901
0.0674973
0.0764659
0.0789251
0.0876168
0.0754812
0.0717557
0.0788328
0.0799731
0.0676323
0.0749827
0.0767144
0.0817386
0.0824584
0.105138
0.101636
0.0891687
0.0793229
0.0815901
0.067352
0.0686695
0.0661805
0.0704209
0.0650816
0.0750792
0.0724249
0.0632163
0.0724023
0.0704
0.0625715
0.0595743
0.0813984
0.0710503
0.0735148
0.079939
0.0674936
0.0746327
0.0653977
0.0773081
0.0706273
0.0714248
0.0599071
0.0598047
0.0573617
0.056902
0.0451611
0.0374062
0.0369588
0.0337566
0.053891
0.0312079
0.04144
0.0322387
0.0353957
0.0371621
0.0284058
0.0467243
0.0341005
0.0558343
0.0263131
0.0305086
0.0360728
0.036403
0.0414593
0.0437194
0.0463823
0.04422
0.043414
0.0403343
0.029117
0.0270986
0.0302548
0.0162604
0.0206344
0.0120722
0.0134113
0.0160547
0.0158032
0.0138013
0.0140342
0.00961548
0.0175327
0.0210547
0.00416809
0.016906
0.0103545
0.0091727
0.0175251
0.0158398
0.0132498
0.0161819
0.0318445
0.0374995
0.0345798
0.0250156
0.0303081
0.0434853
0.0374712
0.0439777
0.0230984
0.0289035
0.0279942
0.0213417
0.0253225
0.0227292
0.0116703
0.0211592
0.0197982
0.00982882
0.0176383
0.0138626
0.00940619
0.00886338
0.0169207
0.00994887
0.0159447
0.00595863
0.0185565
0.00574684
0.0273836
0.0172881
0.0133712
0.0174308
0.0239472
0.010118
0.026361
0.0204598
0.0253938
0.0242548
0.0150584
0.0199116
0.0112563
0.0133996
0.0160068
0.0189096
0.00633205
0.00833628
0.00966493
0.00985498
0.00355182
0.0170633
0.0176107
0.0156604
0.00997711
0.0129986
0.00479178
0.015196
0.0135985
0.00826812
0.0160753
0.0133358
0.0251414
0.0184942
0.0337437
0.0325461
0.0278985
0.0254462
0.0291706
0.0226279
0.0199974
0.0184527
0.0261377
0.0140832
0.0242279
0.0179844
0.0240325
0.023978
0.0130394
0.0165913
0.0149264
0.0197555
0.0152771
0.0125283
0.0182859
0.0146599
0.00978977
0.0162359
0.0222848
0.0214403
0.0206865
0.0127417
0.0164349
0.0251688
0.0197879
0.027117
0.0350838
0.03179
0.041321
0.0277232
0.0297354
0.031064
0.0322767
0.0340678
0.0373892
0.0378976
0.0325893
0.0217012
0.0308487
0.0338267
0.0287556
0.0304708
0.0331295
0.0356551
0.0404018
0.0333537
0.0271249
0.0337691
0.0295757
0.0296574
0.039753
0.0387865
0.0371658
0.0453936
0.0437918
0.0427665
0.0533014
0.0609969
0.0691512
0.100819
0.170819
0.373502
0.593247
0.70115
0.715216
0.69213
0.598132
0.37857
0.184072
0.100085
0.0753148
0.0706093
0.059487
0.0494608
0.0518377
0.0563598
0.052064
0.0506421
0.0583799
0.0455205
0.0521893
0.0481658
0.0549454
0.0485617
0.0534872
0.0524701
0.0450297
0.0518222
0.0510422
0.0482174
0.041172
0.0479189
0.0407512
0.0416808
0.0396651
0.0461658
0.0360779
0.0502513
0.0498288
0.0427271
0.0508776
0.0379115
0.0443412
0.0399804
0.0388517
0.0402832
0.0517432
0.0463841
0.0509549
0.0458334
0.0501939
0.0471941
0.0474886
0.0423079
0.0553458
0.0487591
0.0540018
0.0464811
0.0526413
0.0513094
0.0470053
0.0507659
0.0449085
0.0475325
0.0427714
0.0486806
0.0430117
0.0549261
0.0531796
0.0503668
0.0493284
0.0489258
0.0434716
0.0462267
0.0405111
0.0369823
0.0375134
0.056533
0.0369584
0.0391907
0.0483094
0.0406629
0.0494336
0.05551
0.0431236
0.0499759
0.0462988
0.0522363
0.0434497
0.0448027
0.0455832
0.043658
0.0498259
0.0471476
0.0492075
0.0448456
0.048546
0.0466454
0.0540614
0.0410975
0.0490928
0.0454109
0.0454782
0.0418758
0.055359
0.0581571
0.0716382
0.0590539
0.056141
0.0564422
0.0500045
0.0521263
0.0416669
0.0524149
0.0772953
0.0772044
0.0524124
0.0539399
0.0578813
0.0601216
0.0612248
0.0625714
0.0752879
0.0696781
0.0709776
0.0535803
0.0586784
0.0687846
0.0734489
0.0750968
0.0576283
0.0710243
0.0637463
0.0766444
0.0541076
0.0540253
0.0594698
0.0662158
0.0780117
0.0755659
0.071701
0.070221
0.0590821
0.0475306
0.0581455
0.0640752
0.0672692
0.0739048
0.0619712
0.0619907
0.0714832
0.0507827
0.079665
0.0669994
0.0736801
0.03552
0.0751233
0.0734617
0.0862197
0.0982651
0.0922549
0.0689522
0.0489054
0.104746
0.0925778
0.0759811
0.115407
0.0911093
0.0783675
0.0850193
0.0907797
0.0825983
0.0751615
0.112617
0.0956813
0.0968873
0.103196
0.115907
0.12194
0.104369
0.0904486
0.0970437
0.111048
0.0986521
0.0960246
0.0803063
0.0764747
0.0911464
0.0911499
0.108535
0.105325
0.0586199
0.0861022
0.079014
0.102964
0.0944904
0.0606673
0.0743694
0.081636
0.0752358
0.0865608
0.0860084
0.0645223
0.066244
0.087799
0.0744877
0.0942273
0.0820812
0.0791677
0.0646492
0.0700998
0.0916488
0.0620056
0.0745749
0.0893957
0.102342
0.0805641
0.0714513
0.0672809
0.0746399
0.0892847
0.111322
0.113849
0.116729
0.0891007
0.118407
0.108717
0.0809036
0.064765
0.0682475
0.0479794
0.0544221
0.0526591
0.0641738
0.0599521
0.064389
0.0602059
0.0647759
0.0526495
0.0612778
0.0518999
0.0634459
0.0546516
0.0725189
0.073175
0.0741042
0.0777894
0.0920142
0.0790632
0.0935346
0.106477
0.108123
0.118964
0.127427
0.128622
0.148834
0.156178
0.175736
0.192146
0.198488
0.202385
0.19278
0.166456
0.106363
0.0768088
0.0694174
0.0373151
0.035204
0.0455943
0.05292
0.0535952
0.0571072
0.0679748
0.040409
0.0586122
0.0448977
0.0338521
0.0752955
0.0514284
0.0440117
0.0419567
0.0488476
0.0569836
0.0536584
0.060616
0.038831
0.0534298
0.051801
0.0578485
0.0455267
0.0496817
0.0502402
0.0522055
0.0502735
0.0515923
0.0497918
0.0447808
0.0520911
0.0453052
0.0406448
0.0607118
0.0533157
0.0477512
0.0477533
0.0523843
0.0538751
0.0516558
0.0432004
0.0475258
0.0599753
0.0627637
0.0434407
0.0531453
0.0669359
0.0536262
0.0499241
0.0445513
0.0478607
0.0547541
0.0481562
0.0394139
0.055942
0.0460686
0.0459582
0.0467373
0.0337809
0.0389276
0.0503073
0.0463879
0.0434198
0.0366707
0.0471348
0.0459726
0.0425474
0.0526983
0.0446194
0.0486153
0.0460099
0.0533683
0.0548234
0.0559549
0.0492812
0.0478272
0.0450142
0.0469681
0.0457648
0.0462434
0.0414462
0.0447424
0.0395083
0.047508
0.0385938
0.0453653
0.0441689
0.0384913
0.0397785
0.0387317
0.0441055
0.0467762
0.0483341
0.055433
0.0575442
0.0554528
0.0673023
0.0596654
0.0630772
0.0690363
0.0797465
0.0701748
0.0766962
0.0783816
0.0854963
0.0920079
0.100591
0.101267
0.104745
0.0992156
0.0966609
0.0808068
0.069647
0.0552291
0.0548311
0.0434159
0.0422154
0.0438803
0.0509631
0.0414079
0.0400563
0.0433502
0.0414543
0.0436946
0.0416616
0.0410975
0.0535362
0.0486345
0.0526196
0.0489003
0.0504245
0.0529112
0.053392
0.0547325
0.0531124
0.0594516
0.0666517
0.0758307
0.0721049
0.0780022
0.086214
0.0906916
0.100233
0.105174
0.110168
0.124135
0.127198
0.138324
0.133579
0.133247
0.133892
0.128932
0.108592
0.0949485
0.0893245
0.0825474
0.0778081
0.0718659
0.0689598
0.061236
0.05838
0.0681181
0.0588314
0.0658791
0.0592608
0.0636057
0.0557239
0.064137
0.0680403
0.0663611
0.0769323
0.0730215
0.0697307
0.0715982
0.0772568
0.0833779
0.0827302
0.0856994
0.0884938
0.0967161
0.0971591
0.0928168
0.104021
0.113946
0.114683
0.118094
0.125735
0.137861
0.140497
0.153113
0.149452
0.152134
0.154639
0.141947
0.13023
0.123653
0.113054
0.100694
0.0880752
0.08004
0.0808617
0.0706915
0.0710927
0.0731621
0.0782789
0.090945
0.0868054
0.0813681
0.071831
0.0770294
0.0784785
0.0558678
0.0687283
0.0606927
0.0681791
0.0634038
0.047701
0.0573924
0.0647764
0.0468399
0.0470985
0.068556
0.0589861
0.0597381
0.0581762
0.0668525
0.0456232
0.0562132
0.0618792
0.0620158
0.0620455
0.0528522
0.0538148
0.0633123
0.0578614
0.0624093
0.063089
0.0637876
0.058793
0.0634683
0.0602685
0.0587672
0.0579574
0.0599663
0.0516635
0.0507871
0.0661954
0.0613766
0.0524608
0.0526885
0.0553785
0.0555163
0.0558238
0.058683
0.0565992
0.0624592
0.0670972
0.0622771
0.069961
0.0632677
0.0717784
0.064826
0.059578
0.0668763
0.0661908
0.0580277
0.0717945
0.0563888
0.0696644
0.0677439
0.0813728
0.0730504
0.0682657
0.0865624
0.0993464
0.0996698
0.115042
0.11853
0.13413
0.132289
0.109993
0.136804
0.132375
0.139758
0.132165
0.139626
0.135536
0.160805
0.151386
0.147307
0.118031
0.116183
0.116746
0.109724
0.116177
0.107774
0.10079
0.110916
0.0835035
0.0852687
0.0921951
0.112454
0.107817
0.114068
0.125823
0.126439
0.141372
0.134686
0.126276
0.147658
0.143073
0.144992
0.151091
0.148244
0.145867
0.136746
0.136519
0.153359
0.126154
0.132426
0.143432
0.0961301
0.107679
0.126565
0.127717
0.0910556
0.125849
0.111414
0.137618
0.107805
0.124352
0.169978
0.127896
0.15343
0.131982
0.145027
0.138949
0.127367
0.136882
0.138958
0.14727
0.136799
0.149393
0.149268
0.149985
0.127365
0.178256
0.169715
0.15665
0.195594
0.184182
0.153209
0.195078
0.190951
0.188952
0.181017
0.19318
0.192014
0.213349
0.2152
0.2149
0.211046
0.198417
0.197772
0.184411
0.172348
0.184213
0.174688
0.165733
0.16129
0.165824
0.157779
0.150108
0.153693
0.141159
0.104973
0.0982261
0.13478
0.122552
0.121058
0.0903247
0.107917
0.113315
0.0937951
0.111483
0.109367
0.124752
0.146969
0.126636
0.142766
0.108652
0.139799
0.136765
0.182214
0.142216
0.15634
0.159546
0.165501
0.1809
0.202704
0.207604
0.162693
0.20042
0.197868
0.208027
0.194358
0.200873
0.207057
0.209514
0.214895
0.208776
0.242308
0.243014
0.230024
0.257318
0.252515
0.243045
0.242139
0.219626
0.249068
0.2418
0.233452
0.244373
0.206136
0.208456
0.165902
0.1824
0.153117
0.140547
0.0959448
0.144635
0.0925124
0.10783
0.152959
0.105977
0.12628
0.125187
0.0847423
0.122587
0.0835419
0.129481
0.0744038
0.106266
0.108104
0.106795
0.0987049
0.0972946
0.112409
0.0957024
0.0777149
0.133238
0.106022
0.0651983
0.0994085
0.0981789
0.114989
0.102991
0.114237
0.102324
0.103932
0.116356
0.185824
0.0902163
0.157886
0.169275
0.194986
0.1351
0.0786387
0.160715
0.177714
0.129905
0.0965011
0.149461
0.187438
0.161351
0.158992
0.122203
0.113866
0.137483
0.135976
0.11912
0.125998
0.167327
0.160026
0.176775
0.116697
0.132315
0.16469
0.113921
0.148291
0.122739
0.130718
0.143553
0.143732
0.153734
0.113585
0.152439
0.132696
0.132408
0.120541
0.119848
0.128882
0.115754
0.113199
0.0915615
0.164816
0.0755374
0.12316
0.11256
0.129472
0.133879
0.13754
0.117796
0.0609059
0.0967066
0.145277
0.11871
0.108286
0.0996358
0.112943
0.112453
0.150596
0.113057
0.164996
0.127663
0.163267
0.119425
0.120755
0.141679
0.0596148
0.13858
0.155074
0.162773
0.204423
0.140082
0.160748
0.169124
0.135429
0.152027
0.14132
0.157169
0.17278
0.198513
0.164972
0.145724
0.147434
0.184153
0.172601
0.139583
0.160267
0.153266
0.165782
0.165628
0.185001
0.154548
0.0992496
0.106326
0.0924155
0.10475
0.0875033
0.121075
0.11135
0.0732681
0.07596
0.0426632
0.0736567
0.0435938
