0.192729
0.192351
0.194017
0.206167
0.195937
0.203756
0.209286
0.229742
0.225524
0.239434
0.236913
0.243277
0.245713
0.255604
0.256954
0.265559
0.27039
0.272052
0.272776
0.276214
0.269419
0.26146
0.272231
0.289871
0.294335
0.30225
0.308763
0.320524
0.324875
0.329992
0.334464
0.340632
0.34328
0.349627
0.355533
0.357877
0.364205
0.361023
0.361708
0.348174
0.344011
0.328638
0.342211
0.358318
0.369389
0.379044
0.385132
0.395468
0.400002
0.408047
0.397987
0.364425
0.340657
0.336097
0.334811
0.335713
0.364033
0.428783
0.435428
0.426133
0.391711
0.339347
0.278174
0.262363
0.233733
0.219431
0.203343
0.198935
0.186764
0.187229
0.175135
0.170995
0.162165
0.161495
0.147281
0.153952
0.157768
0.157618
0.166286
0.176233
0.183903
0.182496
0.183555
0.193514
0.18632
0.194822
0.191161
0.194476
0.201366
0.212762
0.219637
0.227185
0.242944
0.255923
0.276502
0.300707
0.331266
0.353123
0.370764
0.384797
0.390926
0.390085
0.370849
0.344945
0.306082
0.27374
0.263694
0.263413
0.261256
0.263153
0.268867
0.27336
0.278857
0.28108
0.280038
0.277029
0.273975
0.263618
0.261396
0.260673
0.260303
0.266031
0.271831
0.290673
0.288189
0.301815
0.307582
0.318786
0.322406
0.329525
0.334199
0.335057
0.340842
0.337068
0.337231
0.33942
0.352489
0.360408
0.356661
0.346229
0.314485
0.301213
0.28056
0.284326
0.299905
0.304836
0.312697
0.321127
0.334007
0.338734
0.358775
0.379126
0.380348
0.393543
0.397166
0.404301
0.412922
0.413318
0.412976
0.412624
0.418509
0.421145
0.42321
0.409901
0.379271
0.306054
0.242331
0.200398
0.174375
0.160199
0.149691
0.142532
0.151659
0.144235
0.149345
0.150511
0.158097
0.160415
0.171663
0.178154
0.194537
0.20476
0.19012
0.203542
0.195092
0.200935
0.185677
0.184922
0.181211
0.176969
0.173378
0.178347
0.181167
0.179191
0.192136
0.192809
0.193945
0.193134
0.184816
0.179032
0.169117
0.168779
0.162766
0.167025
0.166878
0.167439
0.169786
0.171482
0.185507
0.202553
0.20974
0.211812
0.220674
0.222797
0.23204
0.239766
0.240171
0.248095
0.253735
0.256255
0.260372
0.266045
0.257229
0.247632
0.229083
0.220317
0.213239
0.203833
0.211022
0.21713
0.223341
0.223116
0.234436
0.241645
0.248364
0.261143
0.274971
0.282264
0.28425
0.295952
0.306821
0.313881
0.329195
0.330151
0.343574
0.3488
0.357492
0.359951
0.366372
0.374966
0.377763
0.386227
0.389244
0.405004
0.39435
0.368834
0.311599
0.281015
0.232816
0.239826
0.231923
0.218591
0.234684
0.244177
0.240527
0.245029
0.256592
0.262534
0.269143
0.279138
0.304572
0.306443
0.307982
0.314978
0.330572
0.332665
0.331859
0.335495
0.337361
0.33366
0.313221
0.280336
0.25294
0.215359
0.182481
0.172753
0.174076
0.179442
0.191824
0.198519
0.189824
0.214567
0.225127
0.203651
0.229444
0.228285
0.234565
0.223488
0.224709
0.203689
0.198978
0.184864
0.194206
0.182786
0.180494
0.186049
0.181394
0.184734
0.189439
0.190371
0.192721
0.193392
0.200579
0.19952
0.186047
0.173703
0.186027
0.179393
0.161793
0.171039
0.16103
0.163309
0.185609
0.158827
0.169965
0.175199
0.174459
0.168132
0.181729
0.174975
0.185583
0.188756
0.204192
0.206306
0.21406
0.222134
0.224652
0.227153
0.233318
0.235265
0.249219
0.24143
0.248839
0.241524
0.243772
0.227699
0.210094
0.21867
0.209654
0.217199
0.200349
0.189226
0.184977
0.185287
0.178328
0.184737
0.200028
0.197317
0.202537
0.213867
0.216037
0.210689
0.223468
0.218593
0.218118
0.225999
0.233697
0.239344
0.259948
0.265156
0.27292
0.288492
0.30026
0.30519
0.312925
0.309604
0.311421
0.29438
0.263642
0.237367
0.215899
0.188842
0.17955
0.173225
0.17124
0.159788
0.156262
0.185228
0.18267
0.191117
0.189081
0.189273
0.181311
0.182745
0.17784
0.175125
0.180302
0.177816
0.177724
0.173308
0.17422
0.182079
0.182361
0.180502
0.184302
0.186404
0.193032
0.209772
0.230121
0.25417
0.281345
0.311372
0.324883
0.336155
0.353957
0.32949
0.329296
0.304523
0.279045
0.267068
0.250228
0.262682
0.268278
0.267794
0.281354
0.278878
0.26997
0.256025
0.270221
0.262026
0.265481
0.27174
0.261304
0.268981
0.254449
0.236439
0.218959
0.211186
0.205201
0.214046
0.20988
0.208233
0.22341
0.224512
0.213138
0.218257
0.229775
0.209327
0.228857
0.220128
0.212827
0.211445
0.206714
0.215962
0.207873
0.224568
0.206046
0.206067
0.207448
0.235835
0.226628
0.229646
0.233996
0.235742
0.22472
0.226805
0.22381
0.235889
0.244876
0.239795
0.245987
0.257377
0.256137
0.264053
0.268523
0.280357
0.291366
0.304168
0.318173
0.346513
0.372631
0.413071
0.433032
0.436914
0.414095
0.399641
0.324694
0.28042
0.248177
0.236052
0.224045
0.278983
0.344236
0.412599
0.478572
0.523738
0.599204
0.593249
0.572945
0.467033
0.363941
0.265223
0.208598
0.214321
0.201197
0.193615
0.206817
0.206039
0.203157
0.218371
0.215695
0.23494
0.228181
0.215416
0.234799
0.240425
0.242743
0.233697
0.248503
0.253047
0.24784
0.246452
0.248977
0.226209
0.170291
0.190594
0.194815
0.185345
0.15719
0.178063
0.157836
0.164772
0.148396
0.148966
0.135653
0.145466
0.146838
0.144863
0.150566
0.130502
0.1546
0.159832
0.159605
0.159223
0.175535
0.156624
0.175715
0.195367
0.185148
0.192392
0.184425
0.201845
0.176736
0.202326
0.200148
0.191746
0.200059
0.20208
0.172845
0.18264
0.177137
0.197577
0.186878
0.188313
0.197082
0.205844
0.212302
0.227699
0.238571
0.233755
0.208813
0.200488
0.178766
0.178586
0.181833
0.168927
0.171622
0.187297
0.187048
0.19362
0.190113
0.186249
0.188242
0.185867
0.194496
0.196518
0.190974
0.175412
0.20172
0.207758
0.1807
0.195873
0.199577
0.202867
0.164566
0.165376
0.155236
0.154967
0.161348
0.146263
0.169125
0.145871
0.13169
0.169801
0.151239
0.156413
0.156091
0.130383
0.132114
0.149419
0.134602
0.132833
0.14418
0.147432
0.137856
0.149824
0.144122
0.149021
0.145739
0.122039
0.120229
0.109747
0.105259
0.11196
0.110862
0.138436
0.132629
0.138384
0.142029
0.152961
0.157389
0.17419
0.172129
0.175934
0.193714
0.185654
0.199604
0.192886
0.169869
0.145747
0.109813
0.093155
0.100486
0.0961857
0.10169
0.108897
0.122956
0.12604
0.149418
0.149929
0.171688
0.169786
0.167445
0.15329
0.158695
0.149703
0.153071
0.168327
0.143995
0.178034
0.182395
0.190268
0.176832
0.19157
0.222752
0.180047
0.190225
0.146114
0.166507
0.180292
0.182748
0.151815
0.17597
0.181691
0.185122
0.182359
0.177865
0.184964
0.173335
0.187699
0.188053
0.173624
0.195391
0.167843
0.199899
0.198912
0.15603
0.16864
0.158941
0.157126
0.14084
0.156907
0.145907
0.145608
0.130603
0.145657
0.124831
0.122787
0.114656
0.11239
0.101583
0.0941315
0.0820877
0.0931054
0.0806671
0.0972356
0.0847837
0.0843574
0.0719992
0.0651391
0.0677128
0.0593347
0.0677219
0.0616171
0.0748564
0.0623649
0.0705879
0.0699346
0.0669437
0.0690125
0.0593582
0.0643096
0.0585538
0.0461056
0.0707102
0.0588075
0.0620436
0.057472
0.0627917
0.0738917
0.0610234
0.0733362
0.0685214
0.0683247
0.0817073
0.0885481
0.0642439
0.0786773
0.0757117
0.0703852
0.0646355
0.0857675
0.0903038
0.0847859
0.0726974
0.0761263
0.0775316
0.0701947
0.0597995
0.0550886
0.0540761
0.0436642
0.0485241
0.0398341
0.0626769
0.0473052
0.054593
0.0698646
0.0592031
0.0477251
0.0526051
0.0542853
0.0687714
0.0589134
0.0552494
0.0595715
0.0482122
0.051745
0.0540305
0.0471048
0.0681583
0.0502093
0.072397
0.0684143
0.058893
0.0664431
0.0679074
0.0886309
0.0974399
0.100257
0.133053
0.120217
0.115026
0.118915
0.119865
0.126086
0.119526
0.127225
0.129581
0.12553
0.140971
0.137839
0.139182
0.139155
0.130406
0.14008
0.15178
0.162903
0.153931
0.177071
0.190661
0.194032
0.182261
0.204948
0.223514
0.232008
0.257687
0.238053
0.262123
0.254566
0.280584
0.212194
0.197406
0.173862
0.16677
0.135409
0.15662
0.163881
0.16264
0.161314
0.168907
0.167288
0.157808
0.165544
0.155108
0.173413
0.181947
0.178711
0.193092
0.179432
0.174497
0.146379
0.185075
0.1773
0.207856
0.198733
0.20002
0.234323
0.23401
0.245415
0.205376
0.202582
0.191484
0.216608
0.17244
0.168339
0.168945
0.14252
0.131458
0.13793
0.118803
0.105561
0.0878751
0.0916302
0.0714139
0.0455384
0.0505153
0.0520958
0.0219163
0.0242232
0.0146647
0.0145974
0.0167349
0.0137326
0.0211583
0.0187299
0.0223059
0.0164772
0.0163791
0.0202676
0.0198224
0.0147155
0.0318716
0.0262277
0.030545
0.0313232
0.028125
0.0252405
0.0202024
0.0126354
0.00774711
0.0095928
0.00846869
0.00556938
0.0107073
0.007427
0.00884596
0.015244
0
0.0118415
0.00922542
0.000386359
0.00561099
0.0132394
0.0125937
0.0232192
0.0238135
0.0220092
0.0201801
0.0277243
0.0212801
0.0208704
0.0160806
0.0139094
0.0179274
0.0183123
0.0172978
0.0200256
0.0200148
0.0202962
0.0190584
0.0195109
0.0266876
0.0194121
0.0252669
0.0279195
0.0257788
0.0345684
0.048238
0.0360889
0.0295342
0.0285457
0.0310205
0.0294558
0.0258221
0.0297203
0.0317792
0.0276559
0.0319474
0.0330673
0.0277531
0.0331939
0.0237874
0.0311696
0.0307695
0.0269374
0.0402854
0.0372964
0.0468857
0.0289179
0.0350392
0.0396453
0.0348442
0.0346991
0.0429828
0.0323271
0.0288625
0.0355454
0.0269258
0.0347242
0.0380906
0.038666
0.0388103
0.0374917
0.0296069
0.0377929
0.02697
0.0294248
0.0368478
0.0396338
0.0396605
0.0536104
0.0523676
0.0486995
0.0633115
0.0622672
0.0668086
0.0557271
0.0688758
0.0683659
0.076373
0.0660593
0.0659498
0.0726052
0.0707923
0.0718673
0.0790918
0.0690049
0.0737634
0.0769615
0.0759115
0.0756294
0.0908096
0.0977589
0.10842
0.105137
0.112025
0.110034
0.104913
0.111445
0.112076
0.111266
0.107873
0.123275
0.114696
0.102168
0.105666
0.11312
0.116784
0.113377
0.11379
0.111473
0.110437
0.107876
0.109322
0.116711
0.123808
0.122767
0.122769
0.13858
0.136768
0.140685
0.125568
0.119248
0.0972926
0.0995699
0.103481
0.094393
0.0953138
0.103224
0.099716
0.0862927
0.0975313
0.0941669
0.106037
0.0920232
0.0978411
0.0956354
0.0964417
0.102619
0.0906273
0.103723
0.0964097
0.100633
0.0961759
0.10122
0.0887167
0.0819386
0.0807091
0.0761115
0.0704245
0.0586983
0.0634699
0.0580359
0.0620335
0.0480399
0.0551763
0.057052
0.0665561
0.0669814
0.0571103
0.0535969
0.0494414
0.0670535
0.0591496
0.0526157
0.0483048
0.0599143
0.0718853
0.064684
0.0619384
0.057839
0.0463744
0.0565791
0.0540246
0.042808
0.0394202
0.029791
0.0348331
0.0264399
0.0211737
0.0202111
0.0130562
0.0256213
0.0160832
0.0134197
0.00931952
0.0241526
0.00444694
0.0164521
0.0121127
0.0214916
0.0220361
0.0261242
0.0235452
0.0305345
0.0392453
0.0415674
0.0374219
0.039308
0.0535824
0.0437255
0.0514927
0.047033
0.0505376
0.0544218
0.0477111
0.0406429
0.0379937
0.0284568
0.0284782
0.0251823
0.0253246
0.0266439
0.0232683
0.0203142
0.0228092
0.0170555
0.0190336
0.0151676
0.0199187
0.0123066
0.0228801
0.0255558
0.0239742
0.0260447
0.0268019
0.0217734
0.0296836
0.0187791
0.0312802
0.0242882
0.0316742
0.0297238
0.0314931
0.0236128
0.0230728
0.0210695
0.024749
0.0262664
0.00561562
0.0153292
0.0150582
0.0179089
0.0183357
0.0219737
0.0205856
0.021276
0.0194607
0.0177803
0.0167542
0.0161481
0.0233514
0.0279898
0.0219512
0.0222444
0.0319154
0.0322416
0.0416757
0.0355884
0.0341621
0.0439089
0.0396029
0.0270399
0.0341553
0.0347575
0.0330111
0.0224445
0.0320261
0.0247311
0.0321381
0.0277937
0.0227539
0.0271023
0.0262606
0.0287511
0.0250956
0.0244571
0.0245354
0.0265039
0.0237074
0.0230971
0.0311554
0.0304026
0.0344411
0.0350605
0.0268248
0.0361471
0.0351326
0.0476642
0.0509845
0.0560444
0.0517265
0.0413089
0.0452834
0.056309
0.0464623
0.0542415
0.0551848
0.0592964
0.0530604
0.0456586
0.046701
0.0496608
0.0505206
0.0472926
0.0512027
0.0498807
0.0542477
0.0541911
0.0476934
0.0533618
0.049232
0.0478038
0.0627414
0.057211
0.0628414
0.0667311
0.0668365
0.0645666
0.0748362
0.0856086
0.0958727
0.133702
0.212678
0.44521
0.693136
0.811291
0.83452
0.801654
0.701579
0.442893
0.224231
0.1403
0.100354
0.0916031
0.0846158
0.0815133
0.0765777
0.0850668
0.0813393
0.0775597
0.0837335
0.0751697
0.0757675
0.0729577
0.0758874
0.0731022
0.0775295
0.0750409
0.0762858
0.0702108
0.074832
0.0738347
0.0696856
0.0770353
0.0664258
0.0593485
0.0639947
0.0694132
0.0566267
0.0627907
0.0711825
0.0639273
0.0570428
0.0678147
0.0631389
0.0610444
0.0668769
0.0664335
0.0707092
0.0695054
0.0720154
0.0712797
0.0723893
0.0805563
0.0767026
0.071398
0.0780498
0.0736897
0.0733066
0.0698684
0.0764996
0.0720482
0.0742107
0.079929
0.0727443
0.0775791
0.0726371
0.0737874
0.0749587
0.0718115
0.0803796
0.0750418
0.0733613
0.0731975
0.0630669
0.0597385
0.0688198
0.0651699
0.0565656
0.0704979
0.0690832
0.059055
0.0699189
0.0645046
0.0610233
0.0750463
0.0720167
0.0685799
0.0717011
0.0749546
0.0677066
0.0682458
0.0713237
0.0697316
0.0757919
0.068057
0.0763538
0.0670282
0.0730871
0.0733429
0.0781623
0.0664215
0.0695093
0.0779602
0.0747076
0.0783871
0.0748712
0.0824455
0.0864229
0.089664
0.0820727
0.082759
0.0876584
0.0847094
0.0932514
0.0884364
0.0999304
0.104699
0.0952321
0.0896029
0.0841516
0.101734
0.0984448
0.104153
0.094713
0.0927152
0.107467
0.0983116
0.0975155
0.0921186
0.0925738
0.105295
0.0974851
0.0945629
0.0815892
0.107609
0.0891621
0.0917627
0.0931677
0.088783
0.10233
0.107989
0.108859
0.094889
0.0931244
0.072127
0.0951225
0.12025
0.093897
0.0871567
0.0978173
0.0944289
0.0983243
0.0835031
0.105225
0.112755
0.114154
0.0957521
0.0969062
0.102085
0.140495
0.106419
0.0948432
0.12115
0.115091
0.149409
0.128896
0.12033
0.122099
0.128649
0.125455
0.141852
0.137012
0.136007
0.124198
0.132855
0.141476
0.143313
0.140195
0.153071
0.168145
0.144707
0.139722
0.140711
0.126871
0.149095
0.133703
0.136179
0.141585
0.149813
0.131848
0.133579
0.113592
0.087974
0.106484
0.108428
0.127448
0.125246
0.0966503
0.100795
0.0898686
0.126724
0.13102
0.113131
0.0881357
0.0944265
0.127083
0.100591
0.0940304
0.104425
0.0883288
0.133356
0.102246
0.12694
0.114326
0.0925979
0.0803585
0.112111
0.129202
0.0944062
0.113943
0.110843
0.134166
0.150918
0.123339
0.152622
0.14228
0.153108
0.117852
0.121236
0.0996868
0.104861
0.0821612
0.0731298
0.0713201
0.097215
0.092581
0.100579
0.0769029
0.0906364
0.10646
0.0797198
0.0906038
0.095282
0.0984107
0.0828542
0.0854175
0.0987334
0.100567
0.122341
0.115185
0.127329
0.15072
0.142132
0.166712
0.170424
0.179261
0.209456
0.214644
0.231048
0.264089
0.274192
0.273146
0.25621
0.214488
0.15518
0.0940295
0.0998072
0.0839591
0.0670551
0.0753946
0.0766103
0.0871652
0.0855258
0.0762107
0.058543
0.0735255
0.0631134
0.0752946
0.0876183
0.0819831
0.0742528
0.0808061
0.0893519
0.0793828
0.0883394
0.0814226
0.0641234
0.0772177
0.0779435
0.0767875
0.076565
0.0852083
0.0608339
0.0716127
0.0744395
0.0759233
0.0728902
0.065827
0.0683962
0.070246
0.0741438
0.0777865
0.0782776
0.0704936
0.0734932
0.0694297
0.0718341
0.0798399
0.070603
0.0795042
0.0845364
0.0869982
0.0783109
0.0778934
0.073421
0.0748365
0.0781702
0.0672629
0.0687901
0.0697079
0.0562061
0.0670089
0.0811252
0.0698608
0.0653704
0.0630647
0.0623635
0.0756843
0.065309
0.0626346
0.061958
0.0536402
0.0671065
0.062198
0.0663662
0.0667338
0.0694788
0.0720936
0.0621301
0.062642
0.0670777
0.0706455
0.0725881
0.0686882
0.0661491
0.0687073
0.0665156
0.0685271
0.0655374
0.0678377
0.0634687
0.0620179
0.05972
0.0672821
0.065496
0.0632091
0.0672757
0.0659509
0.0729833
0.0700261
0.0796736
0.080695
0.0827101
0.0819154
0.0774834
0.0853226
0.0963036
0.0958127
0.106678
0.0982778
0.107011
0.104478
0.110011
0.113303
0.111706
0.13123
0.134416
0.126592
0.122122
0.0975955
0.0934891
0.0755905
0.0716472
0.0708604
0.0621871
0.0592337
0.071381
0.0656827
0.0643214
0.0644606
0.0633497
0.0627625
0.0644447
0.0656937
0.0685878
0.0674975
0.0727355
0.0673372
0.0763741
0.0738936
0.0766136
0.084505
0.081763
0.0889018
0.0918161
0.0999506
0.0986973
0.114869
0.114624
0.118201
0.131861
0.139358
0.15096
0.168182
0.171568
0.183505
0.182052
0.1763
0.176866
0.164929
0.148605
0.131898
0.121519
0.123601
0.10368
0.107376
0.0986978
0.0895267
0.0892672
0.102799
0.0907753
0.0981825
0.0822871
0.08236
0.0814306
0.101413
0.0987642
0.114307
0.107465
0.0959748
0.108172
0.103778
0.116079
0.119151
0.115692
0.123098
0.124012
0.125736
0.13598
0.139661
0.147442
0.159162
0.163477
0.161059
0.173329
0.190127
0.200464
0.206911
0.206873
0.211121
0.212219
0.198907
0.182976
0.174147
0.153806
0.137539
0.125896
0.126432
0.113176
0.105581
0.100851
0.10859
0.108462
0.118165
0.110535
0.101283
0.105229
0.119904
0.111441
0.0953922
0.0951917
0.0893657
0.0970653
0.0860274
0.0958759
0.0841401
0.0945106
0.0794373
0.0901061
0.0927731
0.0812366
0.0899425
0.0907621
0.0903177
0.0889115
0.0844674
0.0959756
0.080122
0.0877649
0.0844345
0.0872667
0.0881297
0.0942049
0.0940838
0.0846674
0.0922803
0.0900111
0.0986344
0.0902649
0.0897634
0.0889958
0.0884595
0.0986289
0.08601
0.0951804
0.0888673
0.0859437
0.0839577
0.088299
0.0914437
0.092791
0.0890285
0.0824965
0.0993118
0.095973
0.08762
0.0920077
0.0840662
0.0916129
0.0749447
0.0755071
0.0784879
0.0792606
0.0707445
0.0779172
0.0669812
0.0705606
0.0803269
0.0864985
0.0858923
0.0903303
0.100955
0.128018
0.136963
0.153132
0.144233
0.164003
0.171746
0.170078
0.166831
0.179619
0.174084
0.168356
0.18237
0.190614
0.210333
0.228093
0.196157
0.173663
0.197356
0.176462
0.157171
0.152285
0.165843
0.116131
0.131186
0.112828
0.128735
0.134529
0.137966
0.121052
0.145821
0.144888
0.146779
0.164351
0.172342
0.171626
0.170639
0.182439
0.184408
0.185177
0.17611
0.183872
0.16309
0.171349
0.189883
0.163016
0.165616
0.177169
0.147052
0.148589
0.17809
0.138842
0.140615
0.155338
0.161974
0.159891
0.156282
0.164529
0.183981
0.173457
0.179004
0.167703
0.191829
0.184284
0.165682
0.192394
0.180765
0.181996
0.205543
0.199144
0.177648
0.203722
0.211011
0.231277
0.205405
0.195168
0.23649
0.251258
0.22423
0.239405
0.235946
0.251194
0.240667
0.254834
0.249373
0.255019
0.271153
0.266467
0.26488
0.262993
0.256274
0.250391
0.242942
0.254755
0.239239
0.206989
0.208288
0.205367
0.173752
0.188791
0.18148
0.156029
0.147687
0.142847
0.147968
0.148178
0.134188
0.134203
0.134643
0.151487
0.14794
0.151412
0.158991
0.146108
0.171101
0.161926
0.170231
0.131862
0.194104
0.183717
0.215668
0.183482
0.204962
0.214074
0.222363
0.208297
0.246924
0.241974
0.217831
0.249987
0.265336
0.273653
0.275086
0.264381
0.258599
0.301958
0.266578
0.298338
0.32793
0.301554
0.316478
0.31799
0.320097
0.327154
0.316508
0.307814
0.327269
0.310945
0.308332
0.309024
0.268424
0.257377
0.229417
0.249533
0.19546
0.194662
0.14347
0.172959
0.161035
0.163151
0.164863
0.151742
0.16583
0.147541
0.110854
0.153478
0.14163
0.112667
0.0819829
0.123451
0.122699
0.107825
0.0992375
0.107758
0.126456
0.146689
0.123875
0.127857
0.138565
0.12071
0.142463
0.117295
0.117207
0.145736
0.137563
0.160315
0.127789
0.173569
0.213721
0.161387
0.149532
0.160109
0.212108
0.168295
0.116827
0.198097
0.184876
0.175873
0.202372
0.209851
0.148078
0.170066
0.202058
0.174513
0.146402
0.182233
0.143425
0.141422
0.149513
0.176945
0.151109
0.1565
0.163275
0.188026
0.162056
0.144418
0.16875
0.158193
0.115749
0.149791
0.175002
0.156072
0.14239
0.153128
0.184505
0.162844
0.165382
0.164252
0.140028
0.145129
0.130426
0.121347
0.143243
0.14219
0.142121
0.151449
0.182789
0.141559
0.155629
0.1801
0.150402
0.159731
0.143334
0.182469
0.129104
0.132137
0.143821
0.152991
0.191831
0.144285
0.17344
0.131263
0.189449
0.131159
0.157633
0.143943
0.129145
0.186534
0.162804
0.195783
0.226133
0.193308
0.182484
0.175402
0.177045
0.174677
0.212619
0.192219
0.189427
0.193989
0.205331
0.1921
0.214679
0.200674
0.184373
0.194463
0.202742
0.179612
0.21789
0.174196
0.224142
0.225526
0.159768
0.154708
0.168608
0.136555
0.130532
0.149196
0.143344
0.111999
0.0941237
0.0533631
0.0543943
0.0407929
