0.154591
0.159207
0.148165
0.161983
0.152782
0.137863
0.153998
0.171247
0.168305
0.181098
0.182901
0.185425
0.188908
0.197071
0.197953
0.203166
0.206613
0.200895
0.206825
0.202814
0.194552
0.197928
0.2002
0.213593
0.214296
0.221833
0.225732
0.235079
0.236273
0.242369
0.245069
0.248676
0.249897
0.253455
0.257326
0.257744
0.25883
0.258348
0.256739
0.246087
0.244889
0.233052
0.246693
0.250723
0.258849
0.266937
0.267853
0.275466
0.282734
0.287361
0.281993
0.269873
0.255805
0.251817
0.251119
0.251414
0.271686
0.298305
0.296134
0.2885
0.267052
0.242841
0.192765
0.182393
0.166761
0.150493
0.1487
0.149402
0.157617
0.143718
0.133302
0.135318
0.134677
0.135191
0.12898
0.127259
0.131219
0.129017
0.136689
0.139151
0.140367
0.142734
0.145365
0.148408
0.144584
0.152782
0.148425
0.151503
0.15569
0.168431
0.172865
0.172385
0.183799
0.193476
0.199989
0.215265
0.228472
0.241577
0.246706
0.254814
0.260878
0.262036
0.24945
0.243948
0.221005
0.207931
0.202194
0.200121
0.200235
0.198192
0.207568
0.208915
0.211808
0.21419
0.203133
0.205862
0.196919
0.190761
0.189911
0.187805
0.176187
0.196994
0.193855
0.211656
0.205363
0.219862
0.226849
0.232826
0.231301
0.240334
0.239263
0.245673
0.248916
0.250245
0.250894
0.251673
0.255613
0.25565
0.250047
0.243119
0.222761
0.212052
0.197169
0.204595
0.214023
0.217322
0.222666
0.224022
0.234253
0.233867
0.24843
0.260282
0.265807
0.273207
0.280697
0.283526
0.285957
0.287207
0.289912
0.291567
0.293177
0.296549
0.292742
0.283743
0.264262
0.222739
0.174781
0.164611
0.141594
0.136407
0.134841
0.130017
0.129733
0.128617
0.131416
0.132688
0.135113
0.135417
0.142672
0.141466
0.150997
0.141097
0.142628
0.148434
0.143156
0.15026
0.147685
0.148015
0.141363
0.149068
0.148894
0.145651
0.14868
0.152611
0.155543
0.155306
0.159398
0.157999
0.151953
0.139964
0.135225
0.12811
0.118069
0.127872
0.124912
0.132429
0.128604
0.135754
0.142657
0.150292
0.157982
0.16646
0.166736
0.170015
0.180102
0.183875
0.185683
0.188628
0.195286
0.195936
0.198087
0.199244
0.191948
0.178422
0.167668
0.156418
0.153299
0.143281
0.148
0.148103
0.157036
0.155215
0.160634
0.170764
0.176048
0.188968
0.194639
0.201514
0.203342
0.21027
0.220259
0.224032
0.234104
0.231765
0.243216
0.247941
0.255297
0.252358
0.257662
0.262215
0.258842
0.266352
0.259951
0.265973
0.26576
0.238023
0.212862
0.182614
0.153599
0.174167
0.168391
0.158703
0.156626
0.161718
0.173005
0.172285
0.18601
0.18604
0.185823
0.193687
0.203365
0.218435
0.2215
0.223108
0.237993
0.237273
0.242128
0.242149
0.241811
0.238991
0.224664
0.209811
0.190297
0.169921
0.153247
0.143167
0.133788
0.133192
0.150035
0.15429
0.139821
0.152474
0.15319
0.129727
0.157555
0.157264
0.157083
0.15726
0.16617
0.153019
0.147532
0.148768
0.157502
0.145732
0.136841
0.152771
0.150559
0.151336
0.147086
0.153073
0.153997
0.15131
0.152631
0.147902
0.13796
0.127277
0.137328
0.119462
0.11716
0.116781
0.11986
0.124582
0.126326
0.115326
0.111387
0.133902
0.115757
0.122304
0.13279
0.129783
0.138414
0.142077
0.144263
0.152228
0.166893
0.170631
0.174319
0.170837
0.17855
0.178722
0.187594
0.177924
0.188657
0.167389
0.168558
0.156255
0.128755
0.139132
0.135459
0.150459
0.153761
0.119094
0.124431
0.135878
0.130874
0.126541
0.143526
0.132879
0.142761
0.151383
0.145587
0.147359
0.161683
0.155937
0.148262
0.171909
0.166707
0.166368
0.18039
0.184054
0.198472
0.200629
0.212034
0.221707
0.223951
0.221678
0.218447
0.211018
0.191381
0.175315
0.145711
0.131712
0.113205
0.121419
0.109324
0.111065
0.12066
0.140074
0.125386
0.131213
0.141514
0.144041
0.126935
0.13841
0.125327
0.134556
0.134066
0.142143
0.135635
0.136352
0.1395
0.14331
0.145583
0.140981
0.142376
0.151508
0.150126
0.166092
0.176976
0.189941
0.199482
0.216888
0.224636
0.232252
0.236531
0.21171
0.218537
0.207462
0.185609
0.174543
0.186002
0.180421
0.183493
0.173381
0.190092
0.188835
0.185652
0.179761
0.187665
0.181574
0.191001
0.193588
0.190092
0.186686
0.182259
0.175117
0.162917
0.162399
0.161984
0.167045
0.16489
0.150879
0.163326
0.165529
0.152712
0.162044
0.155371
0.144593
0.145225
0.149862
0.150042
0.150214
0.135682
0.15072
0.127752
0.167069
0.148459
0.151805
0.139674
0.174462
0.153722
0.16585
0.163119
0.160628
0.158217
0.156615
0.153701
0.174669
0.17977
0.165421
0.184257
0.186853
0.194041
0.198165
0.196094
0.208708
0.207581
0.225272
0.221396
0.236259
0.232599
0.255884
0.273186
0.264589
0.262399
0.237662
0.221383
0.193471
0.154174
0.163015
0.148322
0.196694
0.278591
0.325229
0.379785
0.431978
0.506806
0.482821
0.48178
0.371603
0.290702
0.198751
0.147679
0.149773
0.143972
0.140209
0.140546
0.135643
0.147023
0.159492
0.146989
0.157288
0.1744
0.161732
0.161295
0.16948
0.167519
0.16006
0.175606
0.179909
0.178053
0.179498
0.171777
0.153161
0.114711
0.122383
0.144825
0.134131
0.113477
0.136583
0.120985
0.113599
0.121812
0.107446
0.1026
0.124358
0.109618
0.125228
0.122567
0.114334
0.124752
0.127385
0.130997
0.134203
0.134004
0.121429
0.132355
0.139388
0.119221
0.139656
0.135058
0.13096
0.143219
0.146535
0.146994
0.147379
0.138369
0.153096
0.129938
0.109171
0.12921
0.147784
0.129442
0.127325
0.130643
0.150881
0.154699
0.15629
0.159126
0.149691
0.15119
0.132128
0.141755
0.128
0.132134
0.126576
0.115057
0.127888
0.1429
0.133689
0.129598
0.146617
0.147642
0.147719
0.147989
0.133429
0.139078
0.122851
0.136867
0.147393
0.112006
0.150699
0.145483
0.146051
0.111242
0.107987
0.10492
0.107166
0.114223
0.121766
0.117889
0.110147
0.0836749
0.10085
0.112014
0.107735
0.0957587
0.0973509
0.103277
0.104652
0.0982941
0.114627
0.0938634
0.099799
0.10572
0.101692
0.0966751
0.100066
0.0840094
0.099825
0.100056
0.0862236
0.0822579
0.084811
0.0745793
0.0972286
0.0992706
0.108577
0.093851
0.111405
0.127296
0.122287
0.136724
0.128318
0.119803
0.126129
0.129146
0.124802
0.111432
0.108917
0.0683803
0.0653844
0.0753504
0.0668912
0.0686195
0.0766051
0.0872022
0.0986019
0.113489
0.105356
0.111795
0.11618
0.106998
0.123695
0.108649
0.105397
0.120257
0.123857
0.0901607
0.11714
0.133896
0.104809
0.11357
0.131631
0.157987
0.130365
0.132091
0.100734
0.116621
0.136117
0.12881
0.115033
0.152597
0.121475
0.114315
0.134609
0.123412
0.119461
0.109974
0.128772
0.137276
0.118737
0.133484
0.127967
0.141987
0.124158
0.108101
0.118422
0.117168
0.11363
0.0866958
0.102879
0.116592
0.101574
0.0963655
0.118303
0.0900936
0.0856915
0.0736528
0.0854655
0.064047
0.0586317
0.0606471
0.0523677
0.0651465
0.066177
0.0663875
0.0535491
0.0500738
0.0468927
0.0544292
0.0398981
0.0425841
0.0526716
0.0518871
0.0502144
0.0388308
0.0474538
0.0388578
0.0386567
0.0412776
0.0442939
0.0451619
0.0377334
0.0539909
0.0492441
0.033807
0.0400504
0.0372994
0.0452501
0.0406297
0.0630423
0.0470901
0.0519921
0.0500539
0.0568532
0.0520004
0.0542461
0.0511899
0.0532021
0.0636531
0.068342
0.0594848
0.0700887
0.0539667
0.0526911
0.0554829
0.0571886
0.0531262
0.0505665
0.0317052
0.0359911
0.0345487
0.0319099
0.0437018
0.0418865
0.0369369
0.0437304
0.0395535
0.0383002
0.0309306
0.0300186
0.0488802
0.04379
0.0424604
0.0383944
0.0360978
0.0427658
0.0375442
0.0307171
0.0394113
0.0375118
0.0418741
0.0543076
0.0450285
0.0506146
0.06869
0.0639507
0.0682193
0.0666019
0.0833047
0.0813843
0.0793601
0.0957486
0.0708769
0.0902597
0.0833154
0.078638
0.0796364
0.0974791
0.104154
0.106379
0.107387
0.0877517
0.0862748
0.08748
0.107003
0.105162
0.108287
0.115993
0.114779
0.120467
0.136318
0.135448
0.152256
0.14957
0.179145
0.169882
0.173633
0.17067
0.170049
0.123612
0.139125
0.123149
0.123667
0.0854377
0.114416
0.101789
0.114523
0.118866
0.130309
0.119446
0.0934036
0.121021
0.108051
0.117283
0.121478
0.110562
0.136797
0.113951
0.108441
0.105379
0.126416
0.10703
0.156611
0.147824
0.135857
0.151354
0.162528
0.16388
0.125565
0.123652
0.107512
0.139888
0.101653
0.124754
0.116179
0.0848298
0.100953
0.0949638
0.0850619
0.0773169
0.0481509
0.0498553
0.0614791
0.0288296
0.0292858
0.0273257
0.0144515
0.0119823
0.0100999
0.013897
0.0179724
0.0136712
0.0173849
0.013596
0.0158531
0.011473
0.0147327
0.0154482
0.0168528
0.0100528
0.0218721
0.0235656
0.0260712
0.030448
0.0210811
0.0086543
0.0136127
0.014531
0.00745144
0.00598157
0.0109368
0.00169831
0.00233305
0.0119442
0.0116577
0.0120821
0.00654064
0.010936
0.00576956
0.00120476
0
0.00516434
0.00921617
0.0147741
0.0156217
0.0189549
0.00443228
0.0123216
0.0131782
0.010954
0.00756968
0.00975146
0.0114203
0.0104405
0.0160566
0.0143133
0.0120266
0.00801407
0.00765744
0.0130347
0.0112511
0.0157764
0.0162098
0.0146077
0.0259984
0.0234199
0.0307558
0.0242902
0.0230427
0.0206294
0.0123289
0.0185999
0.0189629
0.0181364
0.024006
0.0263638
0.0186658
0.0223669
0.0247859
0.0240694
0.0206926
0.0213671
0.0227303
0.0207045
0.017868
0.0247266
0.0304587
0.0198436
0.0238218
0.0251441
0.0267256
0.0208892
0.0255363
0.0232119
0.0120259
0.0246778
0.0164027
0.0180491
0.0215732
0.0231703
0.0236602
0.0249034
0.0165848
0.024113
0.0266586
0.0171527
0.0260591
0.0268799
0.020364
0.0318521
0.031171
0.0320759
0.0357555
0.0384271
0.0428851
0.0295949
0.0354758
0.0395293
0.0449859
0.0439131
0.0408312
0.0484232
0.0502431
0.0388821
0.0499922
0.0443765
0.0388746
0.0399143
0.0401465
0.0425086
0.0589811
0.0561601
0.0667399
0.0637346
0.0722766
0.0754764
0.0607512
0.0693875
0.0708793
0.074576
0.0736939
0.0623932
0.0694439
0.0662602
0.0598075
0.0748238
0.0698325
0.075138
0.0779171
0.0654581
0.0712556
0.0677917
0.069847
0.0752741
0.0658597
0.0837044
0.0812427
0.0868619
0.0888178
0.0874577
0.0836903
0.0726948
0.0620743
0.0583857
0.0638197
0.0696895
0.0576016
0.0736289
0.0640668
0.0581077
0.0592538
0.059894
0.0590413
0.0631694
0.0581214
0.0678347
0.0591587
0.070488
0.067588
0.0738317
0.0621572
0.0576525
0.0698029
0.0676403
0.0502424
0.0454656
0.0621076
0.0384238
0.0455797
0.0374179
0.0362167
0.0351663
0.043502
0.0368092
0.0406345
0.0399537
0.040817
0.0377093
0.0313628
0.0314455
0.034255
0.0492969
0.0275164
0.0314259
0.0399748
0.0209007
0.019691
0.0433756
0.0539821
0.0439692
0.0289161
0.0486598
0.0398088
0.0303873
0.0250897
0.0121387
0.0332919
0.0175525
0.0131029
0.0185633
0.0188643
0.0121115
0.0162774
0.0102284
0.0158787
0.0130041
0.017777
0.00583655
0.00393127
0.00855662
0.0224826
0.00892083
0.0114202
0.0313798
0.0180494
0.033959
0.0284786
0.0237133
0.028908
0.0398174
0.0362336
0.0193438
0.0225831
0.0302103
0.0397523
0.0194421
0.0188093
0.0144126
0.0109053
0.0156106
0.0180787
0.0186187
0.0155764
0.0133978
0.00591989
0.0126777
0.0110395
0.0140802
0.0098841
0.00684453
0.0182058
0.0142478
0.0182332
0.0134735
0.0164734
0.0149544
0.0177408
0.0109544
0.027323
0.0127411
0.0117461
0.0216992
0.0233308
0.0155378
0.0106
0.013169
0.0210481
0.0201682
0.00270901
0.0109118
0.00678521
0.00645237
0.0112257
0.0198326
0.0121927
0.0103989
0.0138025
0.0143392
0.00996317
0.0144344
0.0228062
0.0151329
0.0152426
0.0112838
0.0156265
0.0219525
0.0274901
0.0286655
0.0181142
0.02406
0.0264079
0.0287283
0.0134755
0.0192056
0.0301598
0.0151885
0.0131939
0.00522915
0.0152816
0.0242785
0.0160823
0.0172843
0.0130075
0.0154378
0.0141923
0.0108481
0.0140568
0.0097094
0.0108277
0.0175884
0.01988
0.0159183
0.0189513
0.0190564
0.0121693
0.0212131
0.0179954
0.0306151
0.0265346
0.0237623
0.0398476
0.0287192
0.02736
0.0383371
0.0267697
0.0333926
0.032542
0.034031
0.032084
0.0229541
0.0293143
0.0238788
0.0367662
0.0287335
0.0361998
0.0319235
0.0307433
0.0299811
0.0279886
0.037019
0.0261929
0.023502
0.035507
0.0364009
0.0403043
0.0385732
0.0426282
0.0344061
0.0485456
0.059853
0.0593177
0.0991172
0.166866
0.365574
0.577639
0.680556
0.698775
0.676123
0.587032
0.370701
0.17663
0.104721
0.0622932
0.0615134
0.0603978
0.0505662
0.0473348
0.0520403
0.0489654
0.0460891
0.0493836
0.0478914
0.0497017
0.0467627
0.0465855
0.0473482
0.0545471
0.0493635
0.0425392
0.0446296
0.0448312
0.0470441
0.0432929
0.0455733
0.037286
0.0319001
0.0330959
0.0421915
0.0326398
0.0402142
0.0493148
0.0425002
0.0453066
0.0385633
0.0450135
0.043431
0.0401425
0.0380008
0.0470534
0.0465466
0.0433981
0.0447284
0.0452968
0.0442088
0.0499283
0.0462075
0.0433471
0.0458041
0.049724
0.0463655
0.04647
0.0447595
0.0427741
0.0442434
0.0450395
0.0449718
0.036027
0.0488201
0.0529157
0.0466713
0.0494354
0.0435694
0.0522328
0.0384411
0.0388515
0.036638
0.0410772
0.0395742
0.0341569
0.0353692
0.0366813
0.0426057
0.0490153
0.0397719
0.0388712
0.0464994
0.0468237
0.0386545
0.043092
0.0518749
0.0400906
0.0341234
0.0419179
0.0421503
0.0491849
0.0435501
0.0489819
0.040836
0.0497905
0.0421771
0.0417126
0.0357137
0.0441897
0.0425851
0.0309946
0.0528129
0.0581959
0.0551854
0.055797
0.0430473
0.044226
0.0529977
0.0555891
0.0520546
0.0631071
0.0554372
0.068522
0.0675185
0.0492573
0.0526899
0.0467486
0.0693421
0.0542758
0.0678768
0.0642279
0.0645931
0.0628243
0.0560352
0.0596412
0.0728197
0.0607936
0.0689967
0.0627532
0.0621867
0.0491061
0.0615061
0.0411658
0.0662402
0.0481731
0.0487988
0.0585338
0.0741458
0.0634596
0.0669614
0.0657935
0.0509884
0.0502189
0.0717826
0.0545092
0.0569569
0.0391851
0.0734162
0.0596314
0.0417436
0.0445853
0.0603295
0.0470176
0.0478411
0.0625111
0.0525489
0.0901088
0.0687154
0.0654308
0.0783701
0.0760652
0.0840348
0.080841
0.0792496
0.0875562
0.0722325
0.0818467
0.0925013
0.0704926
0.0782665
0.0842005
0.103186
0.0953466
0.0862036
0.0953144
0.0815877
0.101764
0.130961
0.0987331
0.0996987
0.0878536
0.0909321
0.0795074
0.0794124
0.0869983
0.0663625
0.0758221
0.0898251
0.0819245
0.0748359
0.0967671
0.0693606
0.106507
0.0766403
0.0469701
0.0930099
0.0755296
0.079558
0.0947033
0.101915
0.0672826
0.0642037
0.0929375
0.0698646
0.100996
0.0768118
0.0452099
0.0618732
0.0698998
0.0710794
0.0664529
0.0542994
0.0677676
0.0830664
0.0893239
0.0740302
0.0788003
0.0728138
0.0748215
0.0935009
0.119213
0.100629
0.0979579
0.117766
0.0898193
0.0766433
0.07853
0.0620369
0.0765074
0.0616561
0.0478966
0.0545096
0.0603355
0.0487344
0.0440595
0.0673037
0.0530063
0.0455607
0.0640249
0.0621772
0.0630066
0.0478443
0.061774
0.0571268
0.0601104
0.0781649
0.077434
0.0885799
0.101065
0.0947732
0.103485
0.103625
0.115931
0.134984
0.140951
0.160194
0.186714
0.192329
0.191599
0.172661
0.154303
0.107149
0.0647654
0.0602032
0.0469774
0.0414772
0.0437819
0.0477043
0.0508066
0.0463102
0.0400503
0.0227842
0.0475503
0.0372612
0.0386097
0.0584872
0.0374915
0.0274485
0.0423667
0.0484767
0.0335448
0.049428
0.0559467
0.0417683
0.0585504
0.0386254
0.0487158
0.0453036
0.048372
0.038002
0.0424624
0.0428662
0.043467
0.0448794
0.0366198
0.0446214
0.0404856
0.0410442
0.0492762
0.0472905
0.0515647
0.0479527
0.0387138
0.0545228
0.0477525
0.0386153
0.0388798
0.0471499
0.0530899
0.0423984
0.0367408
0.0460125
0.0466472
0.0451161
0.0468472
0.0447031
0.0353412
0.0394194
0.0499746
0.0522367
0.0333847
0.0322503
0.0470731
0.0395132
0.0465438
0.0385182
0.0499738
0.0413369
0.0372963
0.049672
0.0432186
0.0479674
0.0537997
0.0382761
0.043579
0.0415879
0.0467358
0.0470918
0.0477257
0.0469652
0.0453765
0.0434916
0.0433736
0.0428773
0.0457621
0.0368932
0.0429223
0.0348165
0.0390452
0.035365
0.0420119
0.04298
0.037897
0.0421213
0.0321926
0.0449175
0.0434877
0.0451153
0.0584103
0.0614044
0.0502738
0.0616346
0.0586997
0.0711203
0.0667072
0.0764712
0.0693886
0.0754071
0.0753026
0.0732637
0.076544
0.0932671
0.0978581
0.104015
0.0888617
0.0952645
0.073387
0.0619315
0.0557861
0.0579233
0.0456551
0.0409717
0.0368466
0.044289
0.0429015
0.0406398
0.0398876
0.0394098
0.0386047
0.0355314
0.0379052
0.0398251
0.0436911
0.0483186
0.0407282
0.046315
0.0479183
0.0444208
0.0532118
0.0506477
0.0596738
0.0600565
0.0660333
0.0638575
0.0760951
0.076513
0.0835259
0.088589
0.0971182
0.108475
0.119426
0.120032
0.123777
0.131064
0.125791
0.124268
0.11709
0.100599
0.0943971
0.0805871
0.0851163
0.0713418
0.0617239
0.0570477
0.0580348
0.0580273
0.0446649
0.0594712
0.048957
0.0495484
0.0585503
0.0569446
0.0664572
0.0627342
0.0628163
0.0698724
0.0630392
0.068645
0.0679934
0.0756945
0.0786844
0.0762148
0.0829364
0.0828136
0.0852158
0.0889941
0.0911005
0.0985734
0.10456
0.108837
0.109771
0.116356
0.126579
0.131757
0.135442
0.139388
0.143862
0.141674
0.127019
0.118576
0.112134
0.102774
0.0943602
0.0748964
0.0803666
0.0703547
0.062265
0.0671598
0.0678105
0.0641008
0.0757826
0.0705596
0.0631076
0.0618869
0.0824056
0.0692906
0.0635881
0.0487715
0.0555541
0.0634955
0.0650398
0.0394297
0.0427834
0.0630123
0.0495008
0.0616154
0.050235
0.0574394
0.0543192
0.0499483
0.0621208
0.0456903
0.0513988
0.0590483
0.0548954
0.0593589
0.0478234
0.058769
0.0568314
0.0524359
0.0559983
0.0562375
0.0528792
0.0570941
0.0574037
0.05767
0.0557207
0.0545845
0.0566518
0.0526598
0.0434219
0.0541198
0.0586373
0.0511654
0.0532385
0.0539497
0.0541524
0.0484177
0.0510836
0.0538038
0.0607657
0.054057
0.0602938
0.0566519
0.0649097
0.060567
0.0568112
0.0530505
0.0641327
0.061095
0.0593989
0.0710163
0.0601488
0.0584672
0.067447
0.0745671
0.0699366
0.0666179
0.083922
0.0822117
0.0919761
0.101611
0.12246
0.106239
0.118348
0.120264
0.110363
0.129704
0.11887
0.115558
0.108273
0.133814
0.151297
0.150172
0.126314
0.117149
0.122872
0.11807
0.1019
0.0901876
0.101801
0.0796146
0.0814759
0.0815879
0.0636348
0.103098
0.0900394
0.091193
0.102621
0.117791
0.128926
0.125418
0.139115
0.124477
0.1303
0.134664
0.144202
0.151008
0.13776
0.141329
0.124867
0.133731
0.128538
0.114294
0.129631
0.12008
0.104609
0.0979903
0.118322
0.0953952
0.0786198
0.134611
0.102241
0.120914
0.103588
0.0929147
0.138201
0.151134
0.117788
0.114638
0.11534
0.121128
0.119453
0.13129
0.107196
0.132308
0.165845
0.162746
0.135931
0.148925
0.138158
0.151575
0.157108
0.13382
0.158782
0.174714
0.156101
0.180124
0.171903
0.178967
0.189015
0.18399
0.189556
0.194499
0.193501
0.199724
0.200396
0.183424
0.171119
0.185552
0.17276
0.188434
0.166489
0.15444
0.143782
0.144263
0.112726
0.121248
0.127006
0.12527
0.100501
0.100358
0.0989741
0.108624
0.0902869
0.0807927
0.0756625
0.102815
0.0832706
0.105309
0.120026
0.0753435
0.099368
0.106146
0.10344
0.0866899
0.102002
0.134619
0.119644
0.125531
0.148257
0.141301
0.150252
0.156254
0.177324
0.177792
0.138209
0.186172
0.162634
0.18268
0.213572
0.180961
0.189215
0.217847
0.181893
0.234579
0.235134
0.215919
0.226173
0.211583
0.212408
0.230118
0.244039
0.220194
0.227478
0.221084
0.22876
0.222041
0.197039
0.192115
0.164622
0.169723
0.143945
0.116695
0.104484
0.0989185
0.0520294
0.122893
0.0866655
0.0878029
0.111926
0.110833
0.0815022
0.0886748
0.107625
0.0953469
0.0537134
0.0987718
0.125161
0.0700801
0.100871
0.112805
0.0960178
0.089996
0.0790788
0.108501
0.102159
0.0822093
0.112146
0.103853
0.109005
0.101844
0.109898
0.156843
0.121655
0.0995598
0.18617
0.113274
0.132774
0.104599
0.126062
0.141573
0.104885
0.155909
0.126256
0.135297
0.127244
0.131305
0.123549
0.105715
0.144166
0.0889079
0.111647
0.117017
0.146225
0.10305
0.112082
0.129487
0.113741
0.120383
0.101563
0.143151
0.157409
0.113893
0.138889
0.115365
0.0848401
0.12052
0.128792
0.109955
0.0764808
0.109571
0.142584
0.08937
0.0923922
0.0920848
0.104193
0.11174
0.0726439
0.123479
0.0842672
0.0414819
0.0649802
0.140821
0.115207
0.119626
0.125703
0.0841926
0.090959
0.151053
0.141509
0.0763739
0.0663219
0.0897391
0.105355
0.135992
0.0748318
0.132713
0.0827681
0.115076
0.123458
0.131522
0.133449
0.101103
0.0765479
0.132546
0.137694
0.130598
0.188353
0.0938002
0.13888
0.145082
0.100493
0.142099
0.124617
0.153721
0.128229
0.152554
0.140841
0.142144
0.179184
0.162206
0.128658
0.143766
0.157768
0.142082
0.131869
0.139225
0.167011
0.141879
0.147979
0.0473074
0.106516
0.0899524
0.088719
0.0904192
0.0836836
0.0909842
0.065777
0.0609364
0.0603628
0.036859
