0.186631
0.195346
0.190115
0.202103
0.187318
0.196926
0.198117
0.211798
0.215656
0.239855
0.236399
0.236258
0.236797
0.248561
0.253787
0.259682
0.270025
0.266723
0.273207
0.267597
0.267996
0.267147
0.267047
0.283758
0.285609
0.300332
0.29983
0.313618
0.315699
0.323996
0.329441
0.331959
0.335419
0.341839
0.346218
0.351843
0.353708
0.354326
0.352423
0.342866
0.335879
0.320437
0.331509
0.34732
0.364694
0.369812
0.377632
0.386291
0.394191
0.396636
0.386858
0.35546
0.331753
0.32771
0.326317
0.326946
0.355274
0.421387
0.426615
0.41179
0.379436
0.336652
0.283346
0.25288
0.222616
0.211359
0.202321
0.194318
0.183387
0.17577
0.171304
0.165467
0.156311
0.15602
0.150326
0.152983
0.151074
0.153021
0.162237
0.173835
0.174103
0.171948
0.18793
0.1907
0.185854
0.188107
0.186952
0.193808
0.196389
0.209339
0.215482
0.22533
0.234611
0.249405
0.271266
0.295367
0.323837
0.348219
0.366579
0.375022
0.378886
0.38019
0.360183
0.332915
0.300274
0.275101
0.257681
0.253938
0.252189
0.257991
0.261127
0.269006
0.271935
0.276228
0.270934
0.269809
0.270762
0.257876
0.254716
0.25689
0.255384
0.261391
0.27249
0.277764
0.280019
0.291511
0.302912
0.315104
0.31461
0.322077
0.32634
0.329315
0.334052
0.329459
0.327925
0.329611
0.343926
0.350112
0.350313
0.339705
0.308091
0.293531
0.275862
0.277682
0.28784
0.299891
0.30627
0.317779
0.326908
0.331364
0.349001
0.365122
0.373618
0.380753
0.394023
0.397177
0.40499
0.401536
0.405897
0.406274
0.407756
0.414733
0.412948
0.4031
0.374683
0.299608
0.231228
0.196242
0.173498
0.155858
0.142819
0.138829
0.13866
0.139419
0.142066
0.150916
0.153543
0.157186
0.166797
0.172088
0.187186
0.193836
0.193894
0.198589
0.187527
0.191921
0.187456
0.180031
0.173162
0.171786
0.174412
0.171886
0.174346
0.180577
0.185867
0.188552
0.188531
0.189391
0.183669
0.171111
0.171693
0.167903
0.16151
0.159595
0.161187
0.168044
0.164817
0.173585
0.180756
0.18971
0.203187
0.209187
0.216833
0.222395
0.227661
0.234883
0.234581
0.242163
0.24541
0.250786
0.256109
0.259482
0.251067
0.240297
0.219758
0.223408
0.202269
0.201891
0.206684
0.211254
0.219576
0.218691
0.218412
0.236665
0.240773
0.258494
0.265376
0.284137
0.281466
0.287125
0.304566
0.311867
0.32119
0.327143
0.333188
0.339789
0.34909
0.34783
0.35953
0.367807
0.366615
0.380722
0.380783
0.388414
0.383337
0.360209
0.304648
0.266318
0.224177
0.236084
0.233974
0.226505
0.229006
0.228368
0.236602
0.237874
0.258141
0.258779
0.265577
0.282044
0.292352
0.295565
0.310289
0.312196
0.32215
0.326662
0.324595
0.332028
0.329785
0.324028
0.306736
0.27676
0.250796
0.211469
0.176991
0.171144
0.165817
0.171207
0.181617
0.202414
0.197931
0.210871
0.205896
0.208381
0.225995
0.221265
0.216689
0.208666
0.217539
0.203836
0.198337
0.183251
0.186421
0.181125
0.171734
0.178137
0.171543
0.178632
0.18051
0.183984
0.182278
0.188313
0.191579
0.1911
0.18644
0.167964
0.173883
0.175759
0.166972
0.171075
0.160885
0.157121
0.17964
0.157631
0.159666
0.169629
0.165784
0.164444
0.170848
0.175946
0.181354
0.181878
0.194662
0.199894
0.207295
0.221036
0.228077
0.225129
0.234304
0.235198
0.243075
0.236926
0.249301
0.241561
0.230737
0.224444
0.211763
0.218996
0.205308
0.214861
0.197802
0.183487
0.173707
0.181022
0.17961
0.191807
0.198302
0.194072
0.202612
0.197637
0.20685
0.204438
0.211605
0.211013
0.203757
0.224969
0.234752
0.231838
0.249734
0.258653
0.272804
0.277546
0.289892
0.302441
0.309093
0.30669
0.300671
0.290795
0.261212
0.240121
0.203299
0.186316
0.171843
0.175706
0.149231
0.162618
0.164646
0.180809
0.184075
0.192983
0.188902
0.189823
0.178902
0.184645
0.178019
0.175271
0.177693
0.175436
0.168005
0.180788
0.169983
0.176975
0.179331
0.179761
0.176976
0.186373
0.189942
0.207711
0.221679
0.257547
0.274689
0.30358
0.313803
0.337353
0.342656
0.316586
0.322306
0.296854
0.28927
0.253213
0.247321
0.24757
0.254728
0.251693
0.265833
0.274396
0.265693
0.250107
0.263969
0.254823
0.248203
0.268278
0.250655
0.258925
0.239942
0.235027
0.209242
0.201147
0.201004
0.215351
0.200492
0.198725
0.22189
0.224751
0.209621
0.219424
0.215261
0.222716
0.208575
0.204521
0.208102
0.222221
0.204647
0.218123
0.204603
0.220834
0.210895
0.203504
0.20935
0.228644
0.213538
0.224785
0.222793
0.230634
0.219889
0.228124
0.221173
0.244512
0.233724
0.229285
0.245039
0.249886
0.254275
0.258399
0.269314
0.276405
0.28085
0.305855
0.322522
0.338333
0.36326
0.398453
0.422944
0.432974
0.406782
0.401129
0.326614
0.289235
0.249354
0.233845
0.20407
0.274353
0.324276
0.385967
0.446935
0.49797
0.564799
0.559326
0.561229
0.460929
0.364254
0.255421
0.195809
0.223222
0.195893
0.189159
0.197744
0.194009
0.204191
0.218842
0.195012
0.226585
0.219558
0.213323
0.226589
0.239569
0.23726
0.232924
0.244876
0.23723
0.232906
0.249441
0.235322
0.218468
0.172476
0.176425
0.185285
0.182393
0.159055
0.179733
0.154977
0.153249
0.174243
0.133416
0.12337
0.143655
0.15062
0.149988
0.140696
0.13992
0.149203
0.159478
0.150128
0.155734
0.162429
0.165951
0.173032
0.190166
0.187065
0.199261
0.182794
0.179317
0.178092
0.200603
0.187447
0.195282
0.207508
0.19509
0.175763
0.172689
0.185615
0.192656
0.179163
0.171892
0.19627
0.202719
0.212101
0.222878
0.222985
0.206398
0.212425
0.186881
0.173307
0.168668
0.182441
0.177155
0.171839
0.187334
0.176107
0.1846
0.17823
0.191283
0.188157
0.194632
0.189679
0.190256
0.181092
0.175559
0.206955
0.201292
0.169669
0.200364
0.200239
0.185585
0.174324
0.167573
0.183827
0.144882
0.150744
0.156718
0.155758
0.16382
0.142961
0.158298
0.167298
0.146874
0.133394
0.144407
0.13673
0.143136
0.140987
0.146147
0.147122
0.143484
0.138729
0.139722
0.134064
0.146458
0.14425
0.129104
0.13082
0.108729
0.10445
0.0954383
0.10864
0.126716
0.12748
0.124622
0.140075
0.151619
0.162984
0.168009
0.18241
0.178697
0.179805
0.175467
0.202891
0.188435
0.160733
0.144487
0.104816
0.077421
0.107393
0.0935512
0.0986037
0.107716
0.124945
0.12813
0.145834
0.151694
0.159691
0.146039
0.151906
0.159452
0.14283
0.153742
0.156632
0.146052
0.152887
0.169689
0.173175
0.194274
0.175965
0.177596
0.197895
0.184761
0.157361
0.161827
0.172075
0.168953
0.169547
0.160314
0.183098
0.173841
0.179682
0.179388
0.166553
0.193363
0.171818
0.190042
0.168793
0.188576
0.195931
0.179576
0.181389
0.168358
0.166927
0.17184
0.165411
0.155562
0.144801
0.146046
0.152555
0.13678
0.116812
0.144221
0.118853
0.111801
0.10783
0.104708
0.109384
0.096461
0.0810503
0.0763651
0.0827644
0.0868976
0.0775044
0.0731542
0.0810218
0.0591258
0.0768468
0.0565453
0.0632371
0.0715523
0.0577114
0.0623762
0.0640128
0.0689719
0.0641546
0.0711352
0.0595487
0.0658164
0.0506129
0.0509981
0.0693079
0.0528862
0.0600278
0.0617787
0.0595812
0.0709734
0.0578712
0.0726818
0.0681452
0.0739362
0.0740914
0.0859409
0.058028
0.0688668
0.0720567
0.0641481
0.0714269
0.0795939
0.0953529
0.0904906
0.067624
0.0730145
0.0648732
0.0622036
0.062964
0.0535229
0.048976
0.0443453
0.0419715
0.0340139
0.0524383
0.0514998
0.0509656
0.0573131
0.0644755
0.0436159
0.0552219
0.0551151
0.0630633
0.0697209
0.049066
0.0531455
0.0575297
0.0605883
0.0417029
0.0395648
0.062114
0.0590952
0.0589927
0.070874
0.0539438
0.0635848
0.0823881
0.0972169
0.08975
0.0978733
0.119454
0.121188
0.14399
0.110557
0.115954
0.138122
0.131406
0.12038
0.123492
0.132587
0.144525
0.15047
0.137373
0.139679
0.120245
0.137527
0.133196
0.149029
0.156599
0.165856
0.178495
0.191897
0.193486
0.20455
0.212791
0.233103
0.267757
0.24844
0.261833
0.263062
0.268827
0.19096
0.20093
0.175908
0.1729
0.132869
0.157
0.161669
0.160086
0.146899
0.170479
0.177587
0.154756
0.154083
0.14465
0.178204
0.170329
0.15696
0.192995
0.176041
0.159604
0.172954
0.185984
0.157584
0.2016
0.189906
0.208336
0.228163
0.220355
0.220915
0.207456
0.187554
0.195723
0.203821
0.177269
0.185157
0.154137
0.142745
0.138794
0.14143
0.115787
0.102666
0.0807341
0.0830659
0.0727348
0.0531738
0.0394512
0.0345028
0.0268331
0.0162138
0.0169714
0.0145447
0.0188981
0.0158913
0.024284
0.0123239
0.0190352
0.0122512
0.0174775
0.0151951
0.0150496
0.0142318
0.0323558
0.027291
0.0331881
0.0369014
0.0261468
0.0231682
0.0119681
0.0105769
0.00576521
0.00778391
0.00729266
0.00582223
0.00906192
0.00610534
0.00891405
0.014414
0.00737791
0.0056269
0.00401824
0.00455917
0.0109953
0.0100291
0.0148779
0.0259227
0.0225429
0.0240303
0.0149679
0.0210017
0.0123424
0.0187792
0.00933847
0.0130576
0.015097
0.014633
0.019834
0.0186544
0.0207829
0.0192133
0.0182335
0.0179623
0.0221193
0.0229897
0.0253812
0.0266179
0.0278279
0.0295639
0.0471815
0.0405937
0.0323196
0.0288036
0.02697
0.0270813
0.0255708
0.0229847
0.0316504
0.0326969
0.0275258
0.0308737
0.0345721
0.0329563
0.0245933
0.0325716
0.0293106
0.0323994
0.0366819
0.0373933
0.0376989
0.0397532
0.0390943
0.0417721
0.0357442
0.0295453
0.0424441
0.0262047
0.0162455
0.0335578
0.0290694
0.0275554
0.0362986
0.0309424
0.0350115
0.0373983
0.0301967
0.0346438
0.031182
0.0340141
0.0282228
0.0382465
0.0354845
0.0510382
0.0544605
0.0493271
0.0567214
0.0630391
0.0698491
0.0568977
0.0631742
0.0603177
0.0799199
0.06634
0.0630827
0.071497
0.0707672
0.0662996
0.0742755
0.0704633
0.0657777
0.0769733
0.0739449
0.0713299
0.0808628
0.0938745
0.104828
0.101896
0.112398
0.105819
0.105473
0.112693
0.110258
0.112804
0.11916
0.111286
0.111863
0.11106
0.106491
0.108835
0.108863
0.111842
0.113281
0.105416
0.109244
0.112367
0.113947
0.105108
0.109358
0.123658
0.129822
0.134957
0.136824
0.130199
0.123189
0.117972
0.103824
0.0972253
0.108094
0.0880918
0.0953348
0.0949678
0.100353
0.0946139
0.0994873
0.0942555
0.0861815
0.0912317
0.0945178
0.0920988
0.0998484
0.100998
0.101902
0.0998588
0.0991305
0.0926055
0.0924988
0.0990404
0.0857844
0.0794809
0.0713409
0.0699493
0.0617961
0.0498708
0.0629062
0.05888
0.0647031
0.0563828
0.0546931
0.0546447
0.0507038
0.0592493
0.0519822
0.0611084
0.0581979
0.0549259
0.0516471
0.0559446
0.0457798
0.0535505
0.0525814
0.0537121
0.0613502
0.067779
0.049467
0.0575843
0.0500068
0.0464792
0.0370227
0.0163249
0.0335225
0.0280421
0.0187496
0.026909
0.0180182
0.0212744
0.0225363
0
0.0120619
0.0283414
0.00605069
0.0200532
0.0152394
0.0141979
0.0282559
0.0208201
0.0175174
0.0269723
0.0374168
0.0411461
0.0492348
0.0456597
0.0592935
0.0474841
0.0316321
0.0495586
0.0465889
0.0466152
0.0452075
0.0307284
0.0361131
0.028227
0.0250043
0.0191352
0.0222647
0.0211231
0.0261471
0.0108485
0.0192728
0.0189522
0.0186069
0.0139519
0.0144807
0.0105431
0.0188818
0.0215518
0.023538
0.0202871
0.023131
0.0274229
0.0217353
0.0180331
0.0288363
0.0281107
0.0312522
0.0245176
0.0207308
0.0297445
0.0125238
0.0145616
0.0282186
0.0217284
0.00986197
0.0147119
0.0122001
0.0158146
0.015391
0.0216448
0.0230275
0.0184238
0.0162883
0.0167547
0.0169883
0.0192554
0.0204604
0.0238267
0.0221413
0.0229266
0.0320249
0.0333263
0.0367971
0.0387653
0.0300068
0.0358809
0.0356059
0.0387662
0.0275603
0.0337168
0.0389443
0.0247066
0.0282955
0.0119316
0.0238957
0.0313711
0.0223909
0.0343953
0.023252
0.0239375
0.0231895
0.0239329
0.0198057
0.019821
0.0243295
0.0284795
0.0298182
0.0294579
0.026623
0.029977
0.0294225
0.0326307
0.0314282
0.0380127
0.0429924
0.0544446
0.0585086
0.0446408
0.0481378
0.046978
0.0487977
0.0492335
0.0515886
0.0496647
0.0456276
0.0428213
0.0442801
0.04983
0.0515383
0.046496
0.0540433
0.0456421
0.0525737
0.0479949
0.0461302
0.0503158
0.0477045
0.0511381
0.0569067
0.0551827
0.0565594
0.0623314
0.0614504
0.0630253
0.0791784
0.0839845
0.092496
0.131016
0.206874
0.429662
0.663297
0.772587
0.788549
0.759566
0.662689
0.42331
0.211974
0.136204
0.0978389
0.0914589
0.0837814
0.0777059
0.0745248
0.0778232
0.082813
0.0764239
0.0777763
0.0757589
0.0774392
0.0740084
0.0786339
0.0757859
0.0756224
0.0761195
0.0749626
0.0741667
0.0757453
0.0744871
0.0665075
0.0734129
0.0585019
0.0626515
0.0563294
0.0585545
0.0554205
0.0655134
0.0718429
0.0578075
0.0660982
0.0584981
0.069041
0.0607386
0.0653057
0.0561965
0.0697432
0.0666483
0.0695067
0.0734621
0.066124
0.0719088
0.069226
0.0689539
0.071871
0.0730317
0.074695
0.0688812
0.0741819
0.0679218
0.0703745
0.0677133
0.0690519
0.0725614
0.0717072
0.073073
0.0748767
0.0704471
0.0785008
0.075742
0.0656703
0.0648258
0.0658245
0.0636468
0.0596712
0.0595582
0.0522701
0.0665621
0.0589922
0.0577121
0.067707
0.0669637
0.0688762
0.0659323
0.0664216
0.0660991
0.0647568
0.0697203
0.0692839
0.0653728
0.0626264
0.0626229
0.0707013
0.0628771
0.0750228
0.0680478
0.0677999
0.0726178
0.0703725
0.0674793
0.0763306
0.0718352
0.072341
0.0751959
0.0809039
0.0623906
0.0763573
0.0797623
0.0714828
0.0739858
0.0777289
0.0958182
0.0804399
0.0670615
0.0918353
0.102016
0.0874473
0.0828088
0.0912747
0.0976308
0.0842956
0.100091
0.0980861
0.105703
0.103294
0.0899385
0.0955589
0.099259
0.0979161
0.0966778
0.0926027
0.0963194
0.0834703
0.101431
0.0792152
0.10033
0.0917341
0.0952453
0.100834
0.092723
0.101962
0.0854599
0.0775881
0.0681625
0.103896
0.105692
0.11063
0.0828091
0.0896148
0.0893931
0.0913799
0.100954
0.0860761
0.101423
0.0906022
0.0710632
0.109361
0.116767
0.109531
0.104828
0.101535
0.121632
0.109004
0.142284
0.0899254
0.120545
0.125919
0.10674
0.111307
0.105797
0.155655
0.127441
0.102605
0.115746
0.138236
0.115837
0.139919
0.134872
0.177518
0.150437
0.140519
0.149469
0.138998
0.128525
0.121481
0.125659
0.117049
0.123123
0.114689
0.130459
0.136135
0.105087
0.110498
0.102224
0.121734
0.120731
0.0796385
0.118013
0.0901788
0.0962698
0.11302
0.122909
0.105171
0.100711
0.126909
0.117506
0.12332
0.105446
0.0833812
0.0963807
0.107245
0.105869
0.103423
0.0998421
0.0983091
0.105856
0.103857
0.0951342
0.104202
0.0984894
0.146532
0.143675
0.145792
0.144137
0.138237
0.142551
0.134707
0.114125
0.0977136
0.0860159
0.0963611
0.0939077
0.0769911
0.0740881
0.0623677
0.0962265
0.0663113
0.0977622
0.0776903
0.0742903
0.071088
0.0825666
0.0897135
0.0937652
0.0984562
0.0998059
0.0992716
0.111537
0.110585
0.127159
0.153963
0.142173
0.162049
0.164889
0.16954
0.19354
0.200059
0.236411
0.253745
0.263631
0.267581
0.244152
0.213508
0.138655
0.0912143
0.0871807
0.070194
0.0750615
0.0637835
0.0796325
0.0833821
0.0750862
0.066204
0.0587605
0.0782291
0.0697679
0.0618021
0.0823468
0.0761265
0.0538658
0.0669891
0.0747148
0.0684061
0.0745653
0.0820282
0.0776679
0.065657
0.0828176
0.0833067
0.0600009
0.0736604
0.0634759
0.0744936
0.0760549
0.0664901
0.0727444
0.0659117
0.0685218
0.0655965
0.0728097
0.07512
0.0748149
0.0757607
0.0768513
0.0722561
0.0785691
0.075945
0.0683697
0.0758365
0.0737484
0.0898304
0.079232
0.0725698
0.0704558
0.0691527
0.0848553
0.0685635
0.0730962
0.0612211
0.0657265
0.0613042
0.0790211
0.0634369
0.0605606
0.0454509
0.0458987
0.0620671
0.0619355
0.0587448
0.0578187
0.0655186
0.0643527
0.0559336
0.0672887
0.0702808
0.0628969
0.067095
0.0618293
0.0627655
0.0690957
0.0709811
0.0654547
0.0641322
0.0685756
0.0659729
0.0596707
0.0619299
0.0605541
0.0642282
0.0577523
0.0690658
0.0599819
0.0628963
0.0653646
0.0556187
0.0612807
0.0594921
0.0689157
0.070018
0.06921
0.0811155
0.0827718
0.0803032
0.078553
0.0804001
0.0923418
0.0910346
0.100734
0.0927847
0.101598
0.100386
0.114898
0.110404
0.114145
0.126014
0.128889
0.127393
0.118144
0.100489
0.0903087
0.0728827
0.0809554
0.0648143
0.0685504
0.0598001
0.0725343
0.0653391
0.0619985
0.0555164
0.0614223
0.0627852
0.0604243
0.0602139
0.0684937
0.066116
0.0736923
0.070578
0.0737264
0.0709945
0.0718009
0.0833625
0.0780738
0.0855818
0.0894182
0.10198
0.0976615
0.106552
0.111471
0.116304
0.12805
0.139373
0.146904
0.164497
0.163393
0.179076
0.181573
0.168563
0.172941
0.152335
0.140872
0.13421
0.111839
0.111044
0.0972223
0.104243
0.0964868
0.0845815
0.0881885
0.0849513
0.0780362
0.0717697
0.079383
0.0884928
0.0868647
0.0981342
0.104097
0.0963454
0.102982
0.103808
0.100144
0.0999771
0.109287
0.110087
0.112846
0.121009
0.129904
0.131212
0.132798
0.14044
0.138803
0.154398
0.163334
0.161639
0.16696
0.179516
0.189181
0.20146
0.203569
0.204572
0.210124
0.187756
0.175686
0.16676
0.155527
0.13502
0.120399
0.122749
0.106828
0.101907
0.106576
0.103833
0.10751
0.112006
0.106355
0.103817
0.104159
0.113692
0.107089
0.0968292
0.0878005
0.0943139
0.0902756
0.0847749
0.0898599
0.0790845
0.0842506
0.0761782
0.0794957
0.0928974
0.0721227
0.0826128
0.0917252
0.0898294
0.078158
0.0863617
0.0835838
0.0840422
0.0871684
0.0842793
0.0857083
0.0883112
0.0850469
0.0860951
0.0827648
0.0932129
0.0953472
0.0934983
0.0872086
0.0876231
0.0901694
0.0893989
0.0925955
0.0870788
0.100764
0.0940354
0.0900812
0.0907214
0.0883682
0.0955324
0.0975057
0.090376
0.0889249
0.0948989
0.0962567
0.0989239
0.0895612
0.0889832
0.08793
0.0748163
0.0692398
0.0786057
0.0721022
0.0677282
0.0769491
0.068366
0.0729835
0.0762534
0.0898207
0.0849096
0.0891066
0.11091
0.116524
0.137236
0.156477
0.167928
0.142133
0.161915
0.162896
0.15574
0.180155
0.169788
0.170907
0.174245
0.192406
0.206085
0.203212
0.174734
0.19826
0.195539
0.176628
0.147382
0.140675
0.162535
0.132782
0.123289
0.112604
0.12691
0.12377
0.128026
0.126215
0.136105
0.158718
0.153257
0.169366
0.169734
0.148609
0.178897
0.170039
0.170164
0.182332
0.160602
0.179826
0.158256
0.16316
0.168052
0.150814
0.152377
0.168075
0.125932
0.14607
0.173436
0.122209
0.140987
0.154233
0.148376
0.175486
0.175617
0.146269
0.182769
0.163273
0.175661
0.145278
0.181186
0.172848
0.17315
0.181439
0.160742
0.185799
0.19856
0.232565
0.180428
0.192568
0.208438
0.217795
0.203564
0.171414
0.225539
0.231108
0.227389
0.240386
0.239777
0.240218
0.240048
0.243895
0.244935
0.261186
0.261257
0.280238
0.263592
0.253924
0.248447
0.243123
0.233489
0.241341
0.224707
0.207676
0.213969
0.211712
0.173057
0.187497
0.141895
0.172604
0.150052
0.120724
0.133222
0.169482
0.133694
0.107939
0.129655
0.13116
0.131367
0.138217
0.142163
0.149304
0.170813
0.168914
0.166321
0.12141
0.172736
0.139631
0.184653
0.192553
0.159907
0.202965
0.214225
0.224089
0.228914
0.252829
0.239696
0.288779
0.245734
0.236776
0.243136
0.257159
0.267371
0.272443
0.272572
0.311772
0.32361
0.294688
0.279413
0.31996
0.324043
0.325816
0.320863
0.301136
0.299662
0.317512
0.298807
0.294723
0.252428
0.26357
0.227443
0.197132
0.200012
0.168023
0.151347
0.153605
0.114596
0.134724
0.133453
0.152272
0.152507
0.138097
0.122678
0.122504
0.121678
0.131171
0.0796478
0.150318
0.151677
0.107696
0.0840989
0.10488
0.10266
0.129483
0.126045
0.131173
0.0939083
0.109237
0.112057
0.126697
0.156563
0.1385
0.15258
0.169322
0.117969
0.121397
0.193645
0.156952
0.183203
0.159732
0.172294
0.178861
0.151103
0.167755
0.14163
0.135735
0.177326
0.180547
0.178085
0.16764
0.20419
0.192166
0.0966842
0.166317
0.145794
0.14231
0.173041
0.167898
0.138466
0.197713
0.131803
0.166409
0.144911
0.136582
0.162845
0.147438
0.151518
0.138316
0.167509
0.165823
0.139097
0.124733
0.169912
0.134568
0.149883
0.172438
0.132001
0.132201
0.156549
0.134064
0.126652
0.0519162
0.109351
0.181901
0.16219
0.148643
0.142568
0.152853
0.141575
0.12558
0.157837
0.141335
0.0817922
0.128263
0.151258
0.161536
0.117404
0.177137
0.11559
0.12497
0.116346
0.112039
0.188201
0.18715
0.146739
0.1532
0.15372
0.201722
0.19364
0.140209
0.155051
0.166133
0.147623
0.171111
0.14546
0.198139
0.192179
0.176057
0.169774
0.175953
0.190538
0.209735
0.191168
0.164217
0.199756
0.182597
0.19491
0.164922
0.194495
0.159543
0.124293
0.139363
0.168544
0.138719
0.093024
0.141472
0.124258
0.0727952
0.0654597
0.0766513
0.0644328
0.0482501
