0.19482
0.198421
0.18978
0.20159
0.203073
0.201355
0.211263
0.230733
0.221745
0.239929
0.239145
0.244626
0.251576
0.256038
0.260392
0.266729
0.270824
0.273751
0.276871
0.273104
0.275407
0.273089
0.278075
0.295703
0.290567
0.301357
0.30969
0.317897
0.332023
0.33188
0.336784
0.34179
0.343768
0.352104
0.357013
0.362773
0.367598
0.365017
0.364581
0.349012
0.340462
0.335085
0.343659
0.356301
0.370872
0.380648
0.387049
0.394975
0.403654
0.410099
0.401462
0.367308
0.343678
0.338581
0.337997
0.338793
0.366756
0.431556
0.435337
0.424788
0.398685
0.342926
0.287768
0.261761
0.218334
0.220922
0.210628
0.197128
0.190915
0.182347
0.175461
0.171573
0.163498
0.166147
0.155975
0.154326
0.156929
0.160355
0.170924
0.180132
0.179851
0.190046
0.183894
0.19249
0.192384
0.197786
0.189432
0.194044
0.204719
0.212467
0.221
0.229387
0.240384
0.256492
0.275502
0.304281
0.332367
0.361694
0.380291
0.380862
0.392249
0.393495
0.373132
0.351312
0.310626
0.275776
0.264255
0.264589
0.258365
0.263214
0.269699
0.275638
0.280027
0.284394
0.277542
0.277105
0.272697
0.265801
0.263373
0.261569
0.263305
0.264429
0.27699
0.285293
0.290899
0.298028
0.312162
0.321262
0.322529
0.332487
0.335776
0.338113
0.342312
0.340439
0.339725
0.341971
0.355243
0.362008
0.359601
0.343297
0.321299
0.300058
0.280697
0.287644
0.299463
0.305772
0.312115
0.317913
0.334792
0.340857
0.361482
0.374862
0.382029
0.394971
0.401746
0.406966
0.414732
0.414358
0.416157
0.418288
0.41905
0.421305
0.424881
0.415086
0.380251
0.312878
0.246113
0.197483
0.178047
0.164523
0.150468
0.146929
0.143566
0.142734
0.149473
0.15339
0.155755
0.160272
0.173212
0.182416
0.186731
0.196164
0.200873
0.211508
0.194978
0.196813
0.188492
0.185415
0.178607
0.179603
0.177813
0.179583
0.179584
0.182266
0.190769
0.195566
0.194285
0.197002
0.18387
0.181596
0.173057
0.168186
0.162537
0.163527
0.167417
0.174777
0.177828
0.178974
0.182409
0.197018
0.208101
0.211933
0.220609
0.227501
0.231949
0.241371
0.240638
0.246733
0.252342
0.257127
0.26454
0.262326
0.261337
0.244447
0.234533
0.218126
0.206791
0.205457
0.21689
0.221488
0.223259
0.227516
0.230459
0.240547
0.248438
0.261148
0.277526
0.288213
0.2879
0.295404
0.31021
0.323495
0.330195
0.333374
0.340595
0.352694
0.359457
0.359715
0.369958
0.380518
0.375033
0.388343
0.396021
0.404547
0.398586
0.362539
0.316704
0.266484
0.229752
0.241884
0.227884
0.227024
0.235243
0.240754
0.242667
0.243264
0.263632
0.27121
0.273924
0.291512
0.290235
0.311548
0.315571
0.31354
0.325663
0.331097
0.339394
0.338708
0.340794
0.334441
0.309194
0.286488
0.256249
0.221008
0.182374
0.169935
0.168224
0.174781
0.186051
0.208342
0.203103
0.212477
0.2131
0.213812
0.22513
0.232822
0.224121
0.21987
0.226244
0.204834
0.195525
0.182925
0.184145
0.179433
0.180462
0.183316
0.182833
0.180615
0.184591
0.18867
0.191261
0.19599
0.203523
0.196109
0.197716
0.176544
0.182073
0.163547
0.171456
0.161854
0.164896
0.160882
0.166107
0.157355
0.165754
0.167042
0.169698
0.170365
0.18475
0.189956
0.180583
0.187101
0.197999
0.206488
0.21903
0.221807
0.225361
0.230681
0.238673
0.236769
0.244262
0.247676
0.261432
0.237619
0.23487
0.227381
0.215943
0.215689
0.211792
0.212362
0.211845
0.19237
0.197892
0.181934
0.183905
0.18604
0.199894
0.196685
0.203119
0.20285
0.219924
0.21508
0.21781
0.214903
0.216486
0.237112
0.239715
0.240178
0.250823
0.258158
0.274408
0.291251
0.299387
0.302903
0.318415
0.306407
0.319283
0.297199
0.271957
0.244718
0.21672
0.184712
0.170992
0.178618
0.17266
0.172129
0.164904
0.180645
0.190594
0.19171
0.194843
0.185934
0.182485
0.195878
0.185878
0.183257
0.180924
0.18186
0.180529
0.182715
0.183493
0.180428
0.183908
0.176797
0.186534
0.194347
0.191075
0.212434
0.238176
0.250934
0.285121
0.313084
0.323128
0.349902
0.352932
0.332725
0.320448
0.303766
0.28924
0.259462
0.251493
0.264449
0.277836
0.258615
0.268839
0.287784
0.267422
0.261082
0.272918
0.261824
0.261449
0.268368
0.260987
0.264289
0.252977
0.23526
0.215199
0.20952
0.20158
0.214514
0.210118
0.208522
0.226016
0.233411
0.219618
0.23024
0.237979
0.222685
0.211886
0.207622
0.211769
0.216087
0.201024
0.217145
0.205095
0.215176
0.213356
0.218978
0.200013
0.23442
0.223224
0.227764
0.223856
0.24191
0.217775
0.243812
0.21884
0.238511
0.231786
0.238692
0.245229
0.25582
0.253275
0.273119
0.267305
0.278765
0.29423
0.300753
0.316985
0.356515
0.370128
0.412045
0.420075
0.42966
0.422816
0.393144
0.338617
0.287981
0.2557
0.241705
0.219561
0.270455
0.328684
0.411706
0.496131
0.542039
0.615457
0.597922
0.595035
0.483413
0.378347
0.270653
0.234924
0.223117
0.20107
0.197182
0.197815
0.194528
0.207719
0.228073
0.206633
0.229868
0.232548
0.228525
0.231695
0.236818
0.24114
0.242332
0.238979
0.24817
0.2426
0.243136
0.23851
0.219622
0.183918
0.186801
0.193559
0.188816
0.1567
0.176907
0.160833
0.161291
0.1616
0.147192
0.13454
0.140693
0.158645
0.157965
0.16766
0.14114
0.15006
0.162158
0.151335
0.167462
0.17071
0.161747
0.17115
0.200297
0.189661
0.197268
0.204407
0.191665
0.189892
0.199447
0.201879
0.20642
0.210982
0.187794
0.187593
0.179231
0.194897
0.183751
0.187162
0.183934
0.204776
0.214407
0.216791
0.23578
0.232586
0.235677
0.213295
0.184368
0.183053
0.171698
0.17449
0.178463
0.176647
0.184438
0.193825
0.179288
0.191126
0.188474
0.18146
0.190383
0.191273
0.201692
0.190259
0.190746
0.212719
0.203962
0.185982
0.209836
0.209121
0.197559
0.165736
0.173761
0.169341
0.175106
0.15762
0.143598
0.160058
0.172844
0.144393
0.164384
0.160009
0.165191
0.149066
0.15524
0.135362
0.145717
0.153847
0.152282
0.146829
0.150459
0.143517
0.148086
0.149793
0.150953
0.136569
0.138126
0.136766
0.117349
0.107087
0.118856
0.111189
0.134626
0.137791
0.135136
0.15047
0.153825
0.164423
0.170417
0.188121
0.185454
0.196727
0.212284
0.203836
0.204704
0.154544
0.1442
0.0990082
0.0962703
0.111979
0.0894372
0.103629
0.115867
0.139101
0.139552
0.158961
0.156222
0.164384
0.153586
0.165364
0.16579
0.168446
0.139466
0.136531
0.160347
0.147742
0.177393
0.200225
0.185397
0.172714
0.204007
0.234211
0.182906
0.188204
0.166463
0.166117
0.160718
0.171397
0.176089
0.184488
0.191861
0.174506
0.185003
0.187192
0.203873
0.159287
0.180067
0.183839
0.188472
0.197755
0.180452
0.192747
0.175484
0.168802
0.170381
0.163537
0.167747
0.152816
0.154188
0.12953
0.153902
0.125363
0.158028
0.127589
0.115784
0.114938
0.110422
0.114321
0.0966313
0.0877121
0.087446
0.0921071
0.0885907
0.0846055
0.0736935
0.07356
0.0688002
0.068185
0.0707335
0.0691619
0.0786892
0.0663659
0.0735165
0.0673396
0.0661698
0.0660671
0.0758767
0.06267
0.0631264
0.0552614
0.0540928
0.0736285
0.05476
0.0535498
0.0597855
0.0634139
0.0799517
0.0677985
0.0654081
0.0625649
0.0764116
0.0770266
0.0797259
0.0700373
0.071161
0.0638705
0.0719121
0.0740359
0.0807946
0.0954248
0.0907606
0.0865473
0.0838372
0.06884
0.0670976
0.0648496
0.0594319
0.0415233
0.0416663
0.0574726
0.0501482
0.0556243
0.0383893
0.0559919
0.0568925
0.0549845
0.0492752
0.0625479
0.0616224
0.0621072
0.0595009
0.0514699
0.0409798
0.0506048
0.0568997
0.0495338
0.04376
0.0536408
0.0517456
0.0678716
0.0690101
0.0717217
0.0663171
0.0673134
0.0919695
0.0984836
0.107663
0.133078
0.12455
0.115201
0.122303
0.121213
0.151515
0.133682
0.120346
0.133954
0.133721
0.141968
0.141864
0.154025
0.126761
0.125595
0.145782
0.14282
0.164212
0.164241
0.184977
0.179499
0.193805
0.188771
0.207063
0.225551
0.228287
0.252611
0.267592
0.25954
0.256277
0.271125
0.202326
0.204795
0.169899
0.177888
0.133241
0.160603
0.155197
0.169091
0.153447
0.173873
0.15724
0.157422
0.173589
0.154947
0.174873
0.213306
0.165482
0.184525
0.170186
0.178564
0.169003
0.176983
0.172856
0.218326
0.200014
0.203099
0.224925
0.229164
0.217878
0.222166
0.222374
0.188841
0.196619
0.173215
0.175134
0.172826
0.147579
0.141476
0.127678
0.110507
0.114128
0.0721115
0.0806047
0.0743943
0.0570098
0.0444804
0.0348987
0.0241587
0.0205113
0.0164134
0.0150307
0.0133539
0.0161631
0.018051
0.0157937
0.0184197
0.0120328
0.0106567
0.0180143
0.0142929
0.0142788
0.0233407
0.0260354
0.0307977
0.0278031
0.0255599
0.0224645
0.0180287
0.0157479
0.00823026
0.00974958
0.0140047
0.00276197
0.00780046
0.00459709
0.0123701
0.0135486
0.00594281
0.0103644
0.00308763
0
0.00425672
0.0080845
0.00780197
0.0180787
0.0218975
0.0249153
0.0222453
0.0219681
0.0179015
0.014059
0.0153857
0.0150462
0.0168486
0.0149174
0.0178364
0.0170376
0.0151467
0.0102123
0.0136805
0.0179339
0.0161724
0.0149918
0.023795
0.0222362
0.0259118
0.0370938
0.0362889
0.0345924
0.036954
0.029921
0.0293937
0.0289618
0.0217979
0.0270082
0.0317155
0.0289147
0.0300201
0.0346812
0.0329622
0.0319977
0.0241245
0.028576
0.027628
0.0281895
0.0296287
0.0353343
0.0400466
0.0281886
0.0365158
0.0411298
0.033268
0.0273909
0.0446984
0.0324039
0.0248479
0.0326703
0.0307886
0.0314357
0.0339661
0.0385567
0.0383348
0.0360431
0.0286451
0.0405106
0.0271592
0.0342006
0.0375591
0.04002
0.0430396
0.0454526
0.0567853
0.0522944
0.0615654
0.0585239
0.069726
0.0644983
0.0568675
0.0604252
0.0772903
0.0673286
0.0673797
0.0742446
0.0720662
0.0748526
0.0755852
0.0703629
0.0724439
0.0738763
0.0746472
0.0691163
0.086522
0.0891758
0.104867
0.0960133
0.101257
0.118934
0.111268
0.105354
0.119297
0.118133
0.110511
0.117579
0.111318
0.108248
0.105103
0.107029
0.114821
0.117032
0.114631
0.104956
0.11349
0.11081
0.107126
0.110834
0.118689
0.128396
0.125054
0.143181
0.143979
0.132082
0.134559
0.112825
0.103558
0.117333
0.09723
0.0989249
0.0924536
0.106162
0.103552
0.100188
0.0996484
0.102375
0.095064
0.10484
0.0893619
0.0921121
0.0962168
0.102613
0.0898065
0.108654
0.109487
0.0953369
0.101781
0.0892267
0.0904426
0.0849366
0.0813735
0.0868175
0.067997
0.0643902
0.0526705
0.0562457
0.0641585
0.0482667
0.0671434
0.0612915
0.0547271
0.0696585
0.050066
0.0646878
0.0544919
0.0624895
0.0515016
0.0545035
0.0610758
0.0487866
0.0645336
0.0679294
0.0653236
0.0635707
0.0602567
0.0645295
0.0521792
0.0482588
0.0385034
0.0282506
0.0392692
0.0304903
0.0292487
0.0175433
0.0189025
0.0208946
0.018363
0.0130792
0.0107073
0.0232946
0.0180065
0.0205626
0.0134326
0.0136578
0.0205049
0.0136774
0.025882
0.0341401
0.0398278
0.0506177
0.0394177
0.0453493
0.0508566
0.0279888
0.052823
0.0532171
0.0427275
0.0488315
0.0457214
0.0348862
0.0318478
0.0248109
0.0225416
0.0239499
0.0283753
0.0231862
0.0301039
0.0201333
0.0147793
0.0182899
0.0193445
0.0180528
0.0113642
0.0162492
0.0228381
0.0175582
0.0254474
0.0154177
0.0229664
0.0306443
0.0281761
0.0228847
0.0323522
0.0259954
0.0276223
0.0343291
0.0310397
0.0302701
0.0200971
0.020964
0.0254796
0.0225005
0.0187106
0.0147544
0.0126558
0.0106431
0.0129139
0.0172887
0.0275422
0.0161826
0.0173033
0.0192047
0.0233079
0.0139111
0.0284387
0.020686
0.0256613
0.0213131
0.0222934
0.0331571
0.0378566
0.0447026
0.039578
0.0397542
0.0343861
0.0365157
0.0287047
0.0377298
0.0371102
0.0250043
0.0260563
0.0188934
0.0292597
0.0276931
0.0238039
0.0268784
0.0256708
0.0281772
0.0210757
0.0244319
0.0205646
0.0187197
0.0220691
0.0264754
0.0266165
0.027878
0.0297585
0.0250681
0.0300399
0.0328108
0.0417542
0.0480413
0.0477742
0.0466794
0.0511289
0.0444542
0.0439564
0.0538109
0.0453252
0.0578613
0.0568567
0.0496339
0.0441593
0.0478352
0.044433
0.0483022
0.0512241
0.0425626
0.0505508
0.0483126
0.0472763
0.0506337
0.0525311
0.0570767
0.0461066
0.0497101
0.0537503
0.0547435
0.0602935
0.0645206
0.0612236
0.0632363
0.0741689
0.082803
0.0949689
0.13593
0.219246
0.453424
0.708082
0.825362
0.851781
0.823745
0.715086
0.451723
0.22336
0.142642
0.101675
0.0914034
0.0899601
0.0790176
0.0772389
0.0807231
0.0786538
0.0747613
0.0771824
0.0770746
0.0804309
0.0737735
0.0810295
0.073771
0.0751002
0.0735445
0.0766392
0.0754123
0.0744271
0.076177
0.0730036
0.0690449
0.0694603
0.0592036
0.0523114
0.0630952
0.0571005
0.0723129
0.0674854
0.0586968
0.0617154
0.0566098
0.0647103
0.0618701
0.0630501
0.0573436
0.0677945
0.0682281
0.0668976
0.0715216
0.0687563
0.0748019
0.0707599
0.0632287
0.0668624
0.0739141
0.0775406
0.0711684
0.0753539
0.0681118
0.0735415
0.0780575
0.0708501
0.07139
0.066661
0.076389
0.0763644
0.0710475
0.0795009
0.073155
0.074147
0.0662734
0.0685093
0.0656664
0.0663555
0.0619018
0.0586315
0.0670582
0.069622
0.0589635
0.0715441
0.0675726
0.0658612
0.0722951
0.0686744
0.0625057
0.0677545
0.0654147
0.0678767
0.0647222
0.0682701
0.0709339
0.0685555
0.0654998
0.0739639
0.0651567
0.0764119
0.0748915
0.0805343
0.0713565
0.0698148
0.0724145
0.0744269
0.0709505
0.0722845
0.0829765
0.0955494
0.0881895
0.0891236
0.0824429
0.077556
0.0828388
0.0848864
0.086873
0.0910282
0.10623
0.0975506
0.0924215
0.0899141
0.102166
0.0983074
0.0947119
0.101872
0.0979019
0.102102
0.0958051
0.0992193
0.10325
0.101875
0.104924
0.0935389
0.0998723
0.0892091
0.105049
0.0919841
0.0969401
0.0978782
0.0963587
0.0994261
0.11049
0.0893146
0.0845011
0.0974029
0.091875
0.080481
0.0974263
0.113292
0.0974702
0.097246
0.0888483
0.102656
0.10527
0.0928058
0.121965
0.0931438
0.103407
0.126996
0.115844
0.113555
0.131095
0.108932
0.129338
0.121152
0.121357
0.135322
0.107147
0.124677
0.106332
0.150484
0.145597
0.128786
0.121017
0.118781
0.136882
0.139225
0.147458
0.153538
0.168619
0.158348
0.160567
0.14449
0.133872
0.151417
0.146898
0.133932
0.139148
0.118445
0.120939
0.147116
0.133174
0.12464
0.106105
0.105838
0.123768
0.122172
0.134731
0.0732538
0.112746
0.112991
0.110979
0.103315
0.108836
0.123144
0.0851464
0.131695
0.106653
0.111908
0.0950102
0.0870087
0.120422
0.120861
0.11158
0.113389
0.0999006
0.095768
0.120134
0.130355
0.118978
0.122379
0.117014
0.124109
0.166324
0.140031
0.159095
0.146827
0.161521
0.140758
0.0983201
0.111812
0.0928051
0.108149
0.100558
0.0778834
0.0885314
0.073177
0.101658
0.0836739
0.103982
0.105695
0.0793886
0.0881943
0.0886824
0.106328
0.0836993
0.102047
0.10512
0.0924717
0.118253
0.122648
0.134935
0.153405
0.15327
0.165742
0.164052
0.177935
0.195365
0.211186
0.234382
0.253635
0.272929
0.269695
0.26453
0.232409
0.154359
0.102491
0.0895709
0.0776003
0.0787626
0.0681738
0.0836927
0.0833468
0.0834453
0.0884088
0.0588457
0.0619113
0.0822351
0.0616345
0.095147
0.0822211
0.0807107
0.0794022
0.0803037
0.0781552
0.0879616
0.074692
0.0721652
0.082992
0.0817323
0.0723121
0.0620994
0.0844421
0.0730616
0.0633603
0.065488
0.0734967
0.0727289
0.0699521
0.0696024
0.0682628
0.0731452
0.0787022
0.0734717
0.0634821
0.0769711
0.069537
0.0722828
0.0711973
0.0705791
0.0675339
0.0752216
0.0838644
0.0716991
0.0742732
0.0635424
0.0741417
0.0798804
0.0704762
0.0752677
0.0840367
0.0659323
0.0667484
0.0851589
0.0651949
0.0494802
0.0729374
0.0654451
0.0649169
0.063923
0.0717071
0.0634382
0.0551936
0.0742418
0.0594485
0.0737413
0.0632871
0.0623979
0.0682025
0.0633998
0.0631668
0.0697217
0.0685497
0.0727142
0.0717593
0.068994
0.067189
0.0637064
0.0627507
0.0600774
0.0675383
0.0561611
0.0603229
0.0612034
0.0642758
0.0650773
0.0653018
0.0625316
0.0634575
0.0718199
0.0674433
0.0734341
0.0868274
0.0783578
0.0858729
0.0809384
0.0863134
0.0935467
0.0973375
0.105823
0.0956526
0.0976155
0.111393
0.117142
0.115781
0.119098
0.1308
0.132356
0.126801
0.128009
0.103854
0.0945193
0.0862458
0.0685926
0.0633958
0.0664853
0.0601627
0.0622294
0.0661222
0.0638558
0.059804
0.0650561
0.0611214
0.0647012
0.069902
0.0657089
0.0749592
0.0680399
0.0705615
0.0745815
0.0752178
0.0719437
0.0830632
0.0799072
0.0899603
0.0950921
0.0946165
0.0961984
0.112137
0.111205
0.120675
0.136324
0.146874
0.149495
0.167961
0.171013
0.175869
0.182531
0.173197
0.177101
0.160314
0.151273
0.128274
0.112589
0.117469
0.106931
0.0981627
0.0911219
0.0920582
0.0883
0.0870394
0.0885791
0.0917786
0.0813897
0.0854399
0.0868095
0.0992831
0.101588
0.0988106
0.102608
0.102666
0.103957
0.106475
0.117659
0.118437
0.11398
0.127104
0.128848
0.137423
0.137116
0.145703
0.152136
0.157462
0.160404
0.164628
0.174424
0.187807
0.197644
0.203617
0.212799
0.211863
0.210754
0.194999
0.18142
0.175515
0.156877
0.137617
0.122366
0.126379
0.113876
0.102017
0.109306
0.107569
0.106841
0.109938
0.112846
0.0984538
0.106843
0.113564
0.105879
0.0976046
0.0857547
0.0803686
0.0871311
0.0951631
0.092293
0.0833703
0.0962185
0.079687
0.0899034
0.0870486
0.0871226
0.0859782
0.0874323
0.0924898
0.0853861
0.0888712
0.0954063
0.0897128
0.0915215
0.0804269
0.0818786
0.0874167
0.0846898
0.0956341
0.0855514
0.0927771
0.0938032
0.0963401
0.0842162
0.0913514
0.091525
0.0911546
0.0925914
0.0874401
0.0976292
0.0887133
0.082294
0.0941912
0.0913138
0.0922664
0.0904953
0.0876858
0.0936284
0.0971443
0.101302
0.0912436
0.0857891
0.0929407
0.0873446
0.0775699
0.0672069
0.0764894
0.0728808
0.0659464
0.0754229
0.065088
0.0771288
0.0763329
0.0875055
0.0857351
0.0898308
0.108081
0.123687
0.132494
0.150238
0.170625
0.168191
0.176666
0.164929
0.172109
0.187035
0.168641
0.177784
0.191424
0.210941
0.218439
0.223971
0.195731
0.197255
0.195298
0.17775
0.156438
0.147063
0.143684
0.124588
0.137355
0.122459
0.118784
0.121457
0.137078
0.141289
0.145793
0.147029
0.159071
0.175466
0.162188
0.166061
0.172316
0.174623
0.179183
0.185845
0.181781
0.180115
0.17342
0.185338
0.17646
0.162765
0.182305
0.180062
0.154631
0.133661
0.157529
0.142771
0.146744
0.157941
0.174119
0.158379
0.156185
0.16615
0.185602
0.190821
0.172025
0.22143
0.201994
0.193582
0.160063
0.196818
0.179255
0.188207
0.206016
0.230266
0.205388
0.19628
0.212008
0.220737
0.209806
0.222621
0.237646
0.247037
0.216974
0.246758
0.2289
0.250455
0.249579
0.253301
0.25897
0.261139
0.270105
0.277841
0.28264
0.27574
0.258523
0.248808
0.246473
0.256088
0.23441
0.215047
0.212969
0.208175
0.194207
0.178686
0.172426
0.174437
0.154143
0.142325
0.163166
0.157411
0.153759
0.118587
0.157125
0.144635
0.133606
0.138315
0.141614
0.160406
0.170951
0.151075
0.163545
0.144423
0.195078
0.214048
0.189999
0.203121
0.19656
0.232318
0.220327
0.264601
0.253308
0.292644
0.244406
0.268153
0.2557
0.269198
0.309345
0.276599
0.252248
0.306856
0.279017
0.32929
0.337859
0.288311
0.317182
0.322036
0.339602
0.335164
0.329701
0.333748
0.329632
0.316472
0.318356
0.314101
0.291922
0.257153
0.216304
0.230039
0.223973
0.180461
0.177471
0.173934
0.11716
0.16315
0.169364
0.119525
0.122908
0.148141
0.123827
0.172487
0.110511
0.137646
0.0671189
0.121067
0.166132
0.118316
0.136398
0.125804
0.122642
0.129694
0.13568
0.14477
0.118732
0.0961748
0.128313
0.152997
0.160693
0.113859
0.151447
0.161005
0.183876
0.17462
0.210264
0.166307
0.199043
0.181789
0.226106
0.16173
0.193414
0.209725
0.199107
0.180262
0.195313
0.198464
0.169419
0.179983
0.188201
0.16622
0.149335
0.189171
0.175072
0.152506
0.148748
0.21146
0.165606
0.206788
0.163421
0.166564
0.165891
0.1505
0.190797
0.128926
0.158198
0.18349
0.174399
0.162849
0.147914
0.163487
0.194564
0.14376
0.157453
0.166701
0.121683
0.21319
0.136341
0.15242
0.15883
0.0836327
0.164904
0.179333
0.164932
0.173995
0.15717
0.159758
0.147347
0.183087
0.180486
0.111548
0.149628
0.111859
0.162244
0.177994
0.165403
0.213608
0.166566
0.186106
0.216001
0.158681
0.173573
0.152481
0.169758
0.179127
0.153199
0.188387
0.202903
0.14462
0.182496
0.196377
0.168655
0.167443
0.189118
0.202142
0.21997
0.198296
0.203084
0.204064
0.194339
0.225678
0.201886
0.173198
0.209336
0.180374
0.202857
0.173293
0.21355
0.191367
0.174827
0.185323
0.198295
0.152385
0.125811
0.16686
0.117107
0.124976
0.0744022
0.0702581
0.0845624
0.0432418
