0.182321
0.184841
0.192348
0.192773
0.198049
0.205668
0.199412
0.220011
0.217384
0.226764
0.231731
0.232058
0.24167
0.243038
0.250782
0.265047
0.260661
0.262962
0.265294
0.261341
0.260577
0.262413
0.273544
0.273618
0.278361
0.297357
0.295038
0.308299
0.310755
0.319814
0.326617
0.328043
0.334032
0.33688
0.344385
0.35028
0.351055
0.353691
0.348088
0.339252
0.332051
0.329271
0.330091
0.340473
0.35843
0.365316
0.379635
0.387371
0.39137
0.392301
0.385556
0.344788
0.323566
0.320653
0.319696
0.321687
0.344722
0.413257
0.419709
0.413155
0.37099
0.323248
0.263514
0.245297
0.218025
0.207126
0.199127
0.181897
0.178886
0.173449
0.160301
0.161382
0.150241
0.149151
0.146335
0.148955
0.154803
0.156098
0.160652
0.164088
0.167887
0.17794
0.177854
0.182235
0.182716
0.180144
0.185922
0.183673
0.196964
0.205327
0.208855
0.214845
0.231961
0.245536
0.265432
0.285283
0.309794
0.331672
0.350401
0.364781
0.372867
0.374034
0.35974
0.329227
0.29706
0.265038
0.247441
0.246319
0.248865
0.254515
0.264032
0.263549
0.268767
0.272721
0.2736
0.273605
0.260222
0.252172
0.251743
0.242942
0.256518
0.260299
0.259875
0.274265
0.27925
0.289531
0.299952
0.305564
0.307904
0.316184
0.323113
0.326285
0.327807
0.322847
0.321641
0.32326
0.340874
0.351987
0.348845
0.339057
0.312162
0.294484
0.280994
0.270079
0.288986
0.288025
0.298896
0.3186
0.320477
0.339468
0.354671
0.363721
0.373393
0.382071
0.38834
0.392346
0.398933
0.396503
0.400389
0.400416
0.401481
0.409669
0.406557
0.400016
0.363717
0.30583
0.234143
0.182582
0.162357
0.151098
0.136594
0.139837
0.13717
0.13781
0.140733
0.145585
0.154235
0.15679
0.161067
0.179226
0.190087
0.191266
0.197193
0.194416
0.18854
0.180441
0.182769
0.177472
0.178152
0.17038
0.172624
0.170206
0.175364
0.175532
0.178662
0.187142
0.188332
0.189088
0.180098
0.171924
0.160854
0.168206
0.152761
0.154236
0.152522
0.154584
0.165313
0.16766
0.176637
0.187556
0.201684
0.207843
0.211051
0.218638
0.223011
0.229819
0.232079
0.239111
0.241851
0.24711
0.256309
0.2526
0.243632
0.237269
0.215232
0.203364
0.199433
0.206889
0.204969
0.204823
0.210209
0.210922
0.213723
0.224805
0.240436
0.245301
0.258879
0.268496
0.277985
0.292817
0.298527
0.307859
0.314541
0.320409
0.329597
0.336801
0.343267
0.348243
0.352938
0.360682
0.367432
0.372089
0.381588
0.390243
0.375429
0.34181
0.299638
0.255424
0.222758
0.20659
0.208673
0.214787
0.229862
0.221286
0.235272
0.238503
0.26454
0.255197
0.267967
0.281972
0.269225
0.291867
0.297371
0.301662
0.317723
0.321588
0.325558
0.326933
0.322154
0.312761
0.300819
0.27249
0.241999
0.198161
0.172747
0.169884
0.168167
0.169639
0.178945
0.192031
0.19321
0.193693
0.207912
0.213336
0.208973
0.217709
0.221878
0.212578
0.201821
0.198851
0.184781
0.184072
0.185912
0.175892
0.178299
0.174161
0.179063
0.177858
0.179556
0.177862
0.184635
0.192526
0.185401
0.185497
0.167449
0.178576
0.154743
0.157361
0.164623
0.15332
0.158681
0.169168
0.170806
0.156897
0.168305
0.164257
0.152962
0.164949
0.175555
0.167705
0.173756
0.177108
0.193046
0.200788
0.203665
0.205107
0.218421
0.222551
0.221454
0.233316
0.235629
0.238198
0.244928
0.233785
0.2387
0.218568
0.200729
0.216474
0.207168
0.208858
0.187137
0.184215
0.1739
0.178904
0.175244
0.193338
0.18581
0.192624
0.199795
0.189342
0.191052
0.214505
0.192845
0.210244
0.221326
0.216515
0.224302
0.224546
0.245362
0.244928
0.260248
0.282489
0.29395
0.299351
0.305365
0.299939
0.302261
0.293017
0.26523
0.245989
0.207995
0.175766
0.1604
0.161287
0.145682
0.161855
0.161689
0.156853
0.18043
0.189067
0.194095
0.184172
0.185107
0.183823
0.173671
0.174725
0.172906
0.16851
0.162059
0.169608
0.181862
0.166011
0.178599
0.1754
0.180647
0.182234
0.184337
0.202567
0.217722
0.24521
0.277193
0.298979
0.315076
0.323539
0.342379
0.329846
0.310391
0.288965
0.259034
0.250056
0.245387
0.249679
0.26136
0.249205
0.271015
0.256235
0.261587
0.252527
0.246875
0.257598
0.255413
0.257372
0.257894
0.247636
0.238077
0.223328
0.203464
0.203196
0.191231
0.201379
0.207126
0.207032
0.200769
0.224819
0.232468
0.211823
0.201483
0.233616
0.202315
0.198867
0.226075
0.212624
0.187252
0.197526
0.188022
0.20073
0.218431
0.200881
0.222277
0.195568
0.207929
0.229385
0.229403
0.233946
0.234687
0.236536
0.236488
0.235463
0.238817
0.241534
0.239847
0.247842
0.252668
0.245514
0.248961
0.272668
0.278647
0.287121
0.308169
0.342094
0.362998
0.415755
0.434965
0.432203
0.403512
0.39343
0.358011
0.278623
0.24703
0.226091
0.218299
0.255897
0.323821
0.353395
0.440782
0.484816
0.522989
0.541354
0.510864
0.429462
0.341566
0.235657
0.204945
0.18449
0.203391
0.184445
0.196
0.193757
0.193852
0.212711
0.211824
0.216966
0.207435
0.213398
0.208413
0.223581
0.225636
0.227338
0.238959
0.229682
0.25511
0.250746
0.231015
0.212266
0.197888
0.177913
0.156524
0.16809
0.165313
0.161256
0.15758
0.142098
0.150833
0.140251
0.134725
0.130873
0.142622
0.135504
0.138052
0.143584
0.136958
0.145571
0.156705
0.155813
0.173765
0.156426
0.175652
0.173041
0.191522
0.194162
0.180305
0.189642
0.193365
0.184003
0.180411
0.178218
0.191802
0.17517
0.167528
0.178186
0.162719
0.158982
0.181215
0.188278
0.206507
0.201328
0.217959
0.216163
0.210118
0.204721
0.188213
0.171743
0.174202
0.179704
0.17818
0.16598
0.172308
0.167282
0.19001
0.181369
0.186487
0.183773
0.176275
0.193068
0.190995
0.185586
0.180331
0.201614
0.205265
0.174789
0.231201
0.200302
0.184841
0.157382
0.165863
0.152221
0.166061
0.14637
0.146627
0.141283
0.141836
0.156521
0.135233
0.137591
0.142444
0.134375
0.131197
0.141803
0.122387
0.127742
0.127303
0.130967
0.14163
0.130381
0.144067
0.139192
0.155151
0.131388
0.140479
0.121382
0.116331
0.109459
0.100929
0.110226
0.105843
0.112831
0.121216
0.136587
0.139488
0.148684
0.15395
0.16026
0.173112
0.172474
0.183152
0.196696
0.189435
0.175825
0.177183
0.164675
0.110697
0.100496
0.102938
0.0836579
0.0992072
0.0913206
0.107313
0.130076
0.135368
0.142237
0.154607
0.142342
0.155071
0.175475
0.144104
0.155375
0.157711
0.143284
0.142322
0.159293
0.172556
0.186653
0.159082
0.209361
0.186209
0.162627
0.168214
0.161996
0.173357
0.141155
0.171698
0.169159
0.182344
0.151922
0.170604
0.170924
0.165792
0.177186
0.17832
0.169015
0.180347
0.187174
0.159402
0.146972
0.185099
0.171596
0.183424
0.160764
0.140458
0.14884
0.133295
0.136148
0.144046
0.136017
0.1377
0.129604
0.109917
0.103012
0.0945099
0.0964106
0.0889659
0.0985227
0.0910705
0.0754757
0.0814933
0.0734718
0.0740927
0.071365
0.069642
0.0719358
0.0617193
0.0545127
0.0573817
0.0616375
0.0674674
0.0729728
0.0685805
0.0550875
0.0625925
0.0666318
0.070557
0.0542485
0.0483452
0.0599702
0.0579556
0.0505606
0.0479712
0.0531944
0.0666346
0.0627192
0.0566547
0.0703516
0.0670634
0.0616203
0.0748469
0.0736927
0.0654284
0.0579135
0.0772966
0.0757739
0.0690558
0.0705864
0.0878559
0.0807084
0.0735341
0.0826507
0.0763044
0.0617355
0.0658997
0.0611013
0.0543985
0.0489488
0.0425119
0.0456586
0.0491612
0.0299904
0.0537737
0.0414894
0.0565694
0.0550583
0.0628293
0.0612951
0.0712318
0.0730141
0.0349217
0.0633598
0.0579677
0.053755
0.0549669
0.0451378
0.0459862
0.0566909
0.0656696
0.0598026
0.0583201
0.0562759
0.0596164
0.0757247
0.0771612
0.103996
0.117855
0.112313
0.112904
0.110684
0.101897
0.114492
0.133098
0.10606
0.11413
0.128568
0.113934
0.1467
0.136672
0.125492
0.120833
0.11903
0.129578
0.140734
0.158228
0.166741
0.1755
0.196413
0.186012
0.196532
0.193854
0.207977
0.24395
0.250309
0.257191
0.246993
0.249799
0.2104
0.178622
0.157315
0.167533
0.148477
0.143049
0.125126
0.159586
0.1565
0.139276
0.154753
0.12302
0.160787
0.159948
0.174437
0.176504
0.168299
0.201437
0.183547
0.158647
0.16491
0.16074
0.151426
0.183101
0.189994
0.200113
0.229746
0.243488
0.219868
0.217005
0.205329
0.190079
0.189175
0.18834
0.160728
0.174977
0.135754
0.129002
0.113071
0.112273
0.0888676
0.0858727
0.082127
0.0625748
0.0482246
0.0486566
0.0363504
0.0218419
0.014947
0.0160802
0.0103964
0.0151666
0.0147103
0.0100255
0.0151424
0.0188881
0.0114516
0.0106655
0.0106539
0.0184187
0.0124931
0.0248639
0.030813
0.0290841
0.0264326
0.0234049
0.013606
0.00908762
0.00829778
0.00242124
0.00282811
0.00690295
0.000859116
0.0038489
0.00851466
0.00529683
0.00693171
0.00090778
0.00632796
0.00685886
0.00258618
0.00891521
0.00899604
0.00219329
0.014429
0.0234633
0.0148738
0.0135453
0.0124676
0.0225053
0.012764
0.0106192
0.010795
0.00939429
0.0142963
0.0144167
0.00962149
0.0140186
0.0154166
0.0135707
0.014348
0.0190717
0.017858
0.0268629
0.0229407
0.021978
0.02542
0.0197253
0.0309813
0.0217956
0.0277073
0.0275355
0.0248919
0.0198807
0.0228221
0.0262806
0.0262718
0.0261309
0.0235269
0.0295868
0.0242999
0.0315051
0.0200164
0.0230363
0.0239418
0.0303947
0.0264149
0.0387987
0.0362017
0.0322968
0.0388389
0.0289995
0.0304282
0.0297382
0.0182655
0.0276006
0.0303348
0.0263912
0.0310004
0.0390575
0.035565
0.0336663
0.0317337
0.0259313
0.0213102
0.0333081
0.0260819
0.0297484
0.0386624
0.0400001
0.0389958
0.051691
0.0582499
0.0516518
0.059905
0.0571267
0.0615477
0.0730467
0.0619172
0.0681073
0.0661511
0.061013
0.0641582
0.0680292
0.0696013
0.0697907
0.0689076
0.0697057
0.0753869
0.0732541
0.0739287
0.0820502
0.0831797
0.0929944
0.109933
0.106678
0.0967329
0.0993773
0.102409
0.113735
0.103333
0.107237
0.111176
0.113799
0.114562
0.115239
0.106677
0.113266
0.108493
0.105835
0.101176
0.102483
0.118562
0.111297
0.108948
0.1133
0.1224
0.127084
0.12586
0.145867
0.119974
0.113478
0.11146
0.0905706
0.0791007
0.0906006
0.0958653
0.0984389
0.0974874
0.091388
0.0907884
0.0896453
0.0883896
0.0917014
0.0942398
0.0892954
0.0838389
0.0798864
0.0921402
0.0875091
0.0840652
0.0920429
0.0946792
0.0865544
0.0854616
0.0829534
0.0721631
0.0627757
0.0683808
0.0670284
0.0544042
0.0737862
0.0386381
0.0453708
0.0582948
0.0511554
0.0379891
0.0465046
0.0576277
0.0547317
0.0440113
0.0438403
0.0478361
0.0495918
0.0520512
0.0632359
0.0455617
0.0521261
0.0616049
0.0460496
0.057185
0.032685
0.0491707
0.0417154
0.0315599
0.0353263
0.0331512
0.0214876
0.0252396
0
0.0193832
0.00660303
0.0149118
0.0188767
0.0173949
0.0150597
0.00989762
0.0153442
0.00837805
0.00248534
0.0251413
0.0136025
0.00713723
0.0247581
0.0213749
0.024114
0.0318183
0.0265644
0.039072
0.0427541
0.0325437
0.0543639
0.0421262
0.0400894
0.0487863
0.0269949
0.0397512
0.0332343
0.0196536
0.0209573
0.0239847
0.0189652
0.0193355
0.0238089
0.0230451
0.0170059
0.0191295
0.00993607
0.0174308
0.0148838
0.0170031
0.0124537
0.0112387
0.0185254
0.0167384
0.0198152
0.00644125
0.0185991
0.016063
0.0327699
0.0213538
0.0254331
0.0206687
0.0156251
0.0187145
0.0163644
0.0228648
0.0108995
0.00908032
0.0119235
0.0112121
0.0135577
0.0111921
0.0152765
0.0178813
0.0160255
0.0211668
0.0174028
0.0164933
0.017406
0.0176534
0.0207411
0.0212554
0.0265527
0.0159409
0.0261214
0.0318689
0.0446415
0.0397717
0.028981
0.0288845
0.0291863
0.0247372
0.0311737
0.0344158
0.0272168
0.0267405
0.0341119
0.0235687
0.0208176
0.0168768
0.0257875
0.0201421
0.0148635
0.0216444
0.0217379
0.0255437
0.016938
0.0245657
0.0240686
0.0202345
0.0230854
0.0285083
0.0282455
0.0248318
0.0301299
0.0371477
0.0362609
0.03937
0.0396891
0.0457388
0.0424848
0.047205
0.0423982
0.0469171
0.0476471
0.0509583
0.0480391
0.0467783
0.0376355
0.047424
0.0417622
0.0441387
0.0415607
0.0451709
0.0439611
0.0451408
0.0409084
0.0576287
0.0515254
0.045961
0.0414765
0.0518682
0.0540113
0.050581
0.0526142
0.0603149
0.0579037
0.0560996
0.0674634
0.0730615
0.0913276
0.116397
0.183919
0.393444
0.611875
0.728417
0.746303
0.721845
0.608443
0.387058
0.191897
0.124393
0.0977668
0.0809762
0.0789466
0.0714448
0.070471
0.0763366
0.0785445
0.0763177
0.0737662
0.0797963
0.0727082
0.0724487
0.0732235
0.0703863
0.0717084
0.0696627
0.0704256
0.0753076
0.076525
0.0695005
0.0633187
0.064404
0.0634221
0.0567434
0.0548249
0.0568793
0.0596512
0.0549073
0.0564688
0.0539712
0.0499457
0.0559756
0.0612568
0.0620654
0.0625899
0.0594734
0.0587567
0.0597104
0.0625152
0.0622481
0.0684714
0.0639653
0.068407
0.0658764
0.0689766
0.0694312
0.0685949
0.0628419
0.0728914
0.0737195
0.0747708
0.068861
0.0699796
0.0686397
0.0681083
0.0703222
0.0661176
0.0690243
0.0688911
0.0695795
0.0647072
0.0663497
0.0734293
0.0555318
0.0578868
0.0560366
0.0659201
0.0622739
0.0642532
0.0618319
0.0531871
0.0586459
0.0616983
0.0696467
0.0654683
0.0672552
0.0581234
0.063143
0.0692123
0.0684331
0.0617184
0.0676759
0.0646362
0.0660831
0.0662367
0.0604494
0.0676848
0.066086
0.0705736
0.0658523
0.0644039
0.0658833
0.074189
0.0791597
0.0620275
0.0731018
0.0643619
0.0665318
0.0770192
0.0776325
0.0815813
0.0557849
0.0777072
0.0760595
0.074292
0.0694467
0.0910644
0.0865466
0.0897992
0.095177
0.0994603
0.0869992
0.0872311
0.0768482
0.0820009
0.0912313
0.0794068
0.0897298
0.077724
0.0780512
0.0896599
0.0735539
0.0806814
0.0823343
0.092798
0.091184
0.0911907
0.0793582
0.0803467
0.0894252
0.088228
0.0891475
0.0838179
0.0786222
0.0821021
0.0755637
0.071862
0.08675
0.0806213
0.0782567
0.0948937
0.0774139
0.0639924
0.08288
0.0945009
0.0892243
0.0876698
0.0912187
0.11641
0.0847625
0.0844807
0.105065
0.0884022
0.106206
0.0969787
0.0925263
0.0951869
0.0954696
0.115533
0.102268
0.111598
0.130631
0.117015
0.116556
0.143558
0.114571
0.117819
0.139708
0.153138
0.118814
0.13348
0.12042
0.117101
0.0892367
0.11952
0.112339
0.128807
0.124256
0.0976542
0.0946778
0.0980438
0.112167
0.10655
0.0911911
0.0903107
0.0962213
0.104396
0.116199
0.0768891
0.0881873
0.0857054
0.0894107
0.0730008
0.0885814
0.0872576
0.110627
0.0940042
0.0987357
0.0979395
0.0883917
0.0703595
0.0904802
0.105841
0.0855848
0.104695
0.0931451
0.0910545
0.0854494
0.0778459
0.097442
0.111939
0.114914
0.119224
0.123754
0.135059
0.126884
0.109432
0.0861319
0.0767759
0.080848
0.0712684
0.0633748
0.0677309
0.0634108
0.0619955
0.0611412
0.0634388
0.0707038
0.0693207
0.0587681
0.0842832
0.0727514
0.0687049
0.073837
0.083407
0.0992966
0.0939838
0.0999347
0.105239
0.106893
0.134397
0.143775
0.149143
0.162514
0.179456
0.177717
0.19666
0.219452
0.246178
0.263585
0.245367
0.234552
0.20169
0.131727
0.0700325
0.0847884
0.0691735
0.062849
0.0720891
0.0653348
0.0647654
0.0467529
0.0502344
0.048995
0.0626867
0.0685622
0.0573518
0.0724168
0.0615129
0.0533748
0.061227
0.0597533
0.0535176
0.0663693
0.0715459
0.0691944
0.0586243
0.064155
0.0752598
0.0661394
0.0632056
0.0641397
0.0616013
0.0599907
0.0563523
0.0679495
0.0722672
0.0648057
0.067607
0.0692244
0.059827
0.0660761
0.065451
0.0778403
0.0644589
0.0668917
0.0632106
0.0711241
0.0672905
0.0703453
0.0620813
0.0679082
0.0690809
0.0584415
0.0646739
0.0697674
0.0738562
0.057546
0.0689292
0.066097
0.0537641
0.0710387
0.0661871
0.0476589
0.046015
0.056634
0.0559431
0.0506031
0.051567
0.0518026
0.0675832
0.0523614
0.0413398
0.0487716
0.0671584
0.0590355
0.0618473
0.060328
0.0666224
0.0655884
0.0689673
0.0669094
0.066097
0.0614161
0.0615826
0.0593916
0.0573979
0.0549258
0.0583756
0.0669088
0.0579319
0.0648862
0.061671
0.0559168
0.0610433
0.0675952
0.0602123
0.0686075
0.069366
0.0678445
0.0768425
0.0683159
0.0706223
0.0807514
0.066887
0.0799443
0.0779936
0.0943504
0.0889921
0.090985
0.10728
0.0997857
0.0987645
0.114225
0.116481
0.121774
0.115802
0.105789
0.0971127
0.0851425
0.0726122
0.0689095
0.0632362
0.0508764
0.0593705
0.0492887
0.0560875
0.0510927
0.0587185
0.0632857
0.060457
0.0651669
0.0611194
0.0627085
0.0611386
0.0704923
0.0684664
0.0737855
0.0664835
0.0676269
0.0723833
0.0789224
0.0833648
0.0837973
0.0900843
0.0957826
0.106097
0.109654
0.111615
0.120531
0.132136
0.141893
0.151949
0.157968
0.172494
0.168965
0.167246
0.161147
0.14754
0.136821
0.121126
0.105566
0.096765
0.0912257
0.0745823
0.0831547
0.0865634
0.075588
0.0629189
0.0859182
0.0876585
0.0876582
0.0852101
0.0904985
0.0919376
0.0907953
0.087447
0.0946823
0.093214
0.104149
0.107801
0.100816
0.110727
0.112504
0.111079
0.113191
0.121986
0.132495
0.129923
0.142006
0.143318
0.152052
0.154904
0.16828
0.178551
0.188348
0.198067
0.199581
0.203877
0.203243
0.190444
0.174913
0.160482
0.148897
0.130869
0.122181
0.11152
0.100536
0.105259
0.103645
0.0966782
0.106548
0.100382
0.101538
0.0903251
0.0900308
0.0902577
0.100175
0.0976601
0.0908062
0.093015
0.0861589
0.0810836
0.0791462
0.075916
0.0732105
0.0883545
0.0793685
0.0920441
0.0728368
0.0814071
0.0870052
0.0721272
0.079571
0.0812419
0.0890348
0.0756226
0.0836813
0.0843721
0.0856562
0.0833339
0.0811714
0.0852194
0.0790638
0.0855786
0.0840862
0.0835322
0.0902249
0.0855562
0.0827491
0.0832194
0.0876191
0.0899504
0.0863685
0.0824466
0.090531
0.0905458
0.0898245
0.0816899
0.0858708
0.083827
0.0819665
0.0844366
0.0845759
0.0889232
0.0851741
0.0868638
0.0820034
0.0821736
0.0809829
0.0798445
0.0752094
0.0789299
0.07836
0.0735514
0.0771624
0.0800039
0.0874788
0.0865089
0.0887535
0.112717
0.102018
0.108417
0.123817
0.133543
0.118424
0.143857
0.149495
0.137821
0.152664
0.180356
0.162541
0.187742
0.184615
0.184702
0.188858
0.154056
0.153165
0.161221
0.147329
0.134842
0.126622
0.131498
0.125641
0.102502
0.113214
0.0994243
0.112465
0.11036
0.128715
0.110791
0.130997
0.141303
0.130928
0.151973
0.154223
0.155653
0.165246
0.170477
0.163286
0.160823
0.150903
0.155404
0.165872
0.152837
0.113015
0.127631
0.155766
0.104599
0.124914
0.124233
0.119334
0.103895
0.103488
0.12726
0.084653
0.112252
0.166508
0.153296
0.12986
0.137532
0.134753
0.181645
0.157161
0.122868
0.144237
0.195087
0.171369
0.155791
0.149026
0.181184
0.16882
0.19439
0.192899
0.207818
0.194778
0.192176
0.205499
0.211656
0.200411
0.212522
0.22278
0.2332
0.218648
0.240048
0.234711
0.244974
0.260768
0.234575
0.24152
0.239405
0.245114
0.215771
0.205774
0.199527
0.223115
0.19892
0.166511
0.171569
0.141482
0.149287
0.136036
0.124117
0.143029
0.114755
0.135554
0.0839181
0.0926619
0.0638502
0.127503
0.0923816
0.0893985
0.12045
0.132101
0.130946
0.134747
0.138279
0.111228
0.128061
0.130991
0.154735
0.177717
0.151745
0.170393
0.180885
0.201349
0.217517
0.183668
0.226761
0.219121
0.231528
0.209737
0.23037
0.271875
0.249881
0.271766
0.271153
0.26948
0.283936
0.290058
0.282932
0.313051
0.31822
0.291291
0.294362
0.293754
0.273595
0.27418
0.273945
0.267934
0.257634
0.243086
0.188392
0.178188
0.141154
0.106446
0.132722
0.106737
0.10504
0.117473
0.0779829
0.104975
0.104396
0.0995718
0.098571
0.0744312
0.076738
0.111401
0.0654745
0.0795549
0.0889644
0.126336
0.114045
0.0662589
0.139432
0.116083
0.0998966
0.0622574
0.0701223
0.0952842
0.0883033
0.0979199
0.0884267
0.0720061
0.0949045
0.134742
0.145827
0.108342
0.0889271
0.0689804
0.084763
0.0642921
0.0990811
0.105033
0.130583
0.132565
0.118701
0.101452
0.0802598
0.0818806
0.141151
0.100728
0.128207
0.105723
0.175799
0.116422
0.139661
0.0886991
0.165718
0.141831
0.142442
0.106207
0.118706
0.123642
0.129881
0.127482
0.133337
0.114157
0.126009
0.116865
0.109608
0.124562
0.0932403
0.164397
0.1191
0.130049
0.112208
0.103136
0.0978379
0.0626571
0.0258012
0.0670892
0.114651
0.125971
0.124367
0.0353711
0.0834356
0.109412
0.104005
0.0812528
0.0526867
0.0714877
0.0824452
0.100121
0.0936953
0.062776
0.115356
0.082795
0.0413904
0.0746097
0.102568
0.0882518
0.140783
0.125892
0.113698
0.0549674
0.0964443
0.0886549
0.109999
0.105287
0.103536
0.192088
0.173981
0.0965473
0.113238
0.137531
0.142792
0.163544
0.157286
0.178804
0.142344
0.165622
0.137183
0.142251
0.119236
0.132917
0.171746
0.130737
0.151947
0.129352
0.126907
0.101335
0.142957
0.0717625
0.113415
0.111175
0.119022
0.0593353
0.0937138
0.070398
0.0879736
0.079812
0.0412901
0.0208369
