0.1459
0.154775
0.16114
0.158574
0.158198
0.161769
0.158147
0.16227
0.169663
0.175221
0.183363
0.183325
0.188703
0.194021
0.195873
0.203336
0.198583
0.200916
0.200965
0.197213
0.201416
0.195626
0.207133
0.203675
0.211585
0.22538
0.224593
0.231763
0.232334
0.240672
0.243177
0.243909
0.250081
0.25048
0.253785
0.257206
0.257
0.257946
0.253533
0.245128
0.241941
0.244221
0.239971
0.250149
0.256513
0.267634
0.273171
0.279415
0.28298
0.281682
0.283037
0.264054
0.247628
0.2456
0.245315
0.246138
0.265178
0.297277
0.298877
0.294516
0.268761
0.228214
0.190892
0.178049
0.166848
0.159421
0.150366
0.150627
0.133231
0.1346
0.129612
0.136159
0.127925
0.126725
0.122856
0.131844
0.13459
0.129852
0.131344
0.136736
0.136841
0.139944
0.141056
0.146593
0.14021
0.147719
0.15054
0.149134
0.158914
0.164249
0.168362
0.168891
0.176965
0.188511
0.198228
0.210962
0.22349
0.22908
0.251357
0.250031
0.260704
0.262407
0.254358
0.237383
0.218384
0.204949
0.19051
0.195626
0.196079
0.200736
0.206464
0.209192
0.207552
0.211452
0.209368
0.208697
0.196429
0.190524
0.187749
0.176519
0.184002
0.193798
0.192491
0.208832
0.211602
0.217065
0.22664
0.231226
0.235863
0.236616
0.241047
0.246204
0.246802
0.245996
0.245658
0.246309
0.254656
0.258767
0.253394
0.23922
0.226818
0.216615
0.201919
0.203117
0.214755
0.214862
0.221308
0.23311
0.229751
0.245504
0.257988
0.263149
0.270073
0.274707
0.277865
0.285998
0.289225
0.291006
0.288853
0.288235
0.291386
0.295842
0.293943
0.283322
0.262702
0.225679
0.179453
0.156464
0.135722
0.12517
0.122161
0.12333
0.127462
0.125235
0.124914
0.13248
0.133022
0.137182
0.132508
0.145132
0.15116
0.145723
0.149637
0.148282
0.145048
0.146708
0.14803
0.138995
0.143758
0.145184
0.144581
0.145788
0.148199
0.149082
0.154516
0.153564
0.153893
0.158664
0.150153
0.135765
0.12917
0.122392
0.114639
0.106932
0.122179
0.119298
0.128808
0.134822
0.140566
0.148017
0.156183
0.159723
0.170686
0.170278
0.176547
0.180092
0.181883
0.189283
0.191208
0.193457
0.201179
0.194948
0.186078
0.18017
0.167149
0.156725
0.149254
0.154747
0.150336
0.146531
0.153698
0.153595
0.158869
0.171604
0.177157
0.179149
0.188305
0.199969
0.203189
0.209717
0.21953
0.223486
0.228848
0.233808
0.243076
0.243572
0.247371
0.253413
0.258313
0.262963
0.258307
0.261414
0.264966
0.277402
0.259674
0.236314
0.21133
0.191229
0.164101
0.147288
0.158558
0.164218
0.168138
0.168354
0.163317
0.173783
0.190913
0.180324
0.190109
0.200354
0.18869
0.225061
0.214594
0.222311
0.231109
0.242536
0.240425
0.240743
0.242522
0.232701
0.229107
0.211603
0.187032
0.16175
0.139042
0.138585
0.13891
0.135393
0.145254
0.143161
0.148352
0.13827
0.162636
0.155493
0.156449
0.161619
0.164039
0.164836
0.158856
0.150558
0.149601
0.150061
0.143107
0.146771
0.146059
0.147844
0.153695
0.143703
0.148957
0.151569
0.152679
0.156528
0.139442
0.144018
0.131044
0.123429
0.13282
0.127688
0.123356
0.111816
0.115098
0.118253
0.128095
0.114264
0.120259
0.120722
0.12117
0.120945
0.131763
0.134454
0.14084
0.147658
0.160616
0.143727
0.162037
0.165466
0.173326
0.173369
0.176659
0.177299
0.180028
0.17996
0.190105
0.172803
0.161348
0.15786
0.147462
0.154491
0.135778
0.148199
0.130163
0.133736
0.122311
0.120506
0.133912
0.162992
0.141692
0.143752
0.147534
0.135731
0.141563
0.148196
0.147591
0.156598
0.154901
0.165118
0.155978
0.168672
0.18956
0.184815
0.196544
0.207028
0.215834
0.222962
0.223761
0.226451
0.217281
0.210584
0.202193
0.185052
0.160439
0.130086
0.119598
0.121954
0.123367
0.124944
0.13443
0.118951
0.13108
0.133239
0.134576
0.133264
0.131491
0.140083
0.128746
0.138622
0.133221
0.133902
0.11918
0.13563
0.14258
0.144261
0.151035
0.138335
0.142007
0.154863
0.152355
0.158916
0.175404
0.186619
0.209085
0.220691
0.230906
0.235849
0.252659
0.228478
0.218216
0.200022
0.179885
0.186344
0.171257
0.170197
0.185154
0.180397
0.178291
0.183136
0.186807
0.180057
0.180406
0.17785
0.177405
0.193759
0.191388
0.188141
0.179483
0.174835
0.167896
0.161883
0.153712
0.159799
0.155974
0.15608
0.159676
0.168366
0.153528
0.150449
0.146144
0.159893
0.149793
0.131907
0.160284
0.146102
0.131299
0.130946
0.138076
0.156872
0.169024
0.154126
0.172798
0.149246
0.157167
0.165242
0.145666
0.160506
0.177773
0.170483
0.177857
0.167504
0.187744
0.176707
0.175217
0.191144
0.180601
0.183157
0.205697
0.198901
0.205591
0.212385
0.224335
0.23645
0.236264
0.284587
0.290094
0.275846
0.258393
0.25304
0.237225
0.185432
0.173021
0.185396
0.155021
0.201602
0.252059
0.278525
0.364362
0.400293
0.433507
0.450205
0.4142
0.333098
0.26785
0.181496
0.152169
0.140401
0.147475
0.131766
0.137296
0.142349
0.147007
0.149196
0.152977
0.157411
0.153749
0.150742
0.171482
0.159406
0.177175
0.161752
0.168145
0.177702
0.184343
0.177527
0.160572
0.158996
0.125633
0.118242
0.109216
0.131628
0.121271
0.115982
0.117043
0.101982
0.113333
0.116057
0.117685
0.117403
0.120859
0.115043
0.113142
0.111591
0.113399
0.12075
0.125223
0.122996
0.131003
0.141237
0.149517
0.145603
0.13184
0.130397
0.13699
0.131228
0.128938
0.134837
0.128602
0.142787
0.135721
0.126929
0.115408
0.142538
0.116316
0.121122
0.131634
0.131472
0.146402
0.141173
0.165674
0.150134
0.151402
0.129447
0.137223
0.129781
0.141877
0.146473
0.140732
0.13015
0.125656
0.126873
0.124419
0.141633
0.148451
0.143417
0.142501
0.152371
0.134585
0.154386
0.130644
0.142991
0.145114
0.145943
0.140848
0.141408
0.136135
0.124455
0.126983
0.111912
0.122645
0.110712
0.109752
0.121484
0.0988015
0.120202
0.108797
0.108884
0.124167
0.102109
0.0830404
0.118573
0.0849434
0.10292
0.103868
0.102179
0.118447
0.089444
0.112767
0.0975291
0.0925429
0.0975689
0.104949
0.0912745
0.0780597
0.0930812
0.0936126
0.0810017
0.066951
0.0804824
0.097339
0.0954611
0.107197
0.103153
0.113625
0.119281
0.131123
0.125724
0.128447
0.12476
0.140176
0.114121
0.118069
0.0982056
0.075497
0.0687648
0.0907412
0.056122
0.0875765
0.0849754
0.06816
0.0989657
0.105087
0.10592
0.122736
0.0946638
0.112864
0.123867
0.0927627
0.106406
0.112246
0.107471
0.122474
0.103186
0.138117
0.118172
0.113835
0.150429
0.120742
0.12535
0.121102
0.126228
0.109397
0.0926182
0.132214
0.110057
0.128531
0.112417
0.129556
0.104081
0.109685
0.121237
0.148005
0.120769
0.12898
0.120384
0.103731
0.112076
0.135931
0.116522
0.118036
0.0961231
0.0969515
0.105445
0.117536
0.10249
0.113368
0.0964679
0.0867035
0.0921601
0.0993218
0.0824608
0.0854088
0.0751051
0.0641321
0.0747159
0.0744356
0.0507844
0.0659115
0.0579889
0.0579571
0.0516896
0.0672358
0.0612483
0.0471157
0.0442887
0.0542336
0.0548421
0.0430654
0.0586484
0.0540191
0.0451153
0.0581781
0.050951
0.047615
0.0368138
0.0372602
0.0573715
0.0484355
0.0385687
0.0423481
0.0568487
0.0468816
0.0518932
0.0433037
0.0529935
0.0513346
0.0467652
0.0640466
0.0532991
0.0617706
0.0624523
0.0581538
0.0614313
0.0581077
0.0565298
0.0726328
0.0574742
0.0628194
0.0689703
0.0559224
0.0542715
0.0374381
0.0316651
0.0520282
0.0282887
0.0281889
0.0389567
0.0389077
0.0403422
0.0347161
0.0365112
0.0522457
0.046098
0.0554505
0.0436513
0.0521556
0.0501558
0.0412594
0.046329
0.0441385
0.041197
0.0464548
0.0491018
0.0264219
0.043114
0.0429672
0.0468426
0.0373151
0.0487279
0.0512657
0.0744057
0.0512558
0.0690246
0.0882361
0.080661
0.0822383
0.0764347
0.0838439
0.0804601
0.0927236
0.074605
0.0616299
0.0955357
0.0681093
0.11188
0.0894393
0.0797636
0.0829977
0.0992647
0.0922501
0.0922446
0.126668
0.118427
0.141273
0.106398
0.120935
0.136424
0.143769
0.144787
0.167175
0.170796
0.182661
0.164562
0.135639
0.150498
0.119314
0.125829
0.100642
0.0754103
0.0993028
0.102391
0.110394
0.111916
0.0928078
0.112232
0.0950089
0.122601
0.110638
0.143864
0.120589
0.12406
0.152668
0.141031
0.105458
0.130222
0.107348
0.116675
0.145319
0.125461
0.142636
0.176247
0.159593
0.156744
0.150113
0.144559
0.129
0.159546
0.131492
0.117123
0.117398
0.107132
0.0986004
0.0847714
0.0761283
0.0736977
0.06221
0.0629975
0.0352817
0.0389185
0.0311556
0.0254392
0.0232842
0.0227635
0.0158703
0.0164341
0.0166285
0.0111812
0.0101228
0.018472
0.023684
0.0174774
0.0207397
0.0174334
0.0232864
0.0150516
0.0257226
0.026611
0.0299468
0.0242178
0.0201412
0.016912
0.0126796
0.0180273
0.0102505
0.0107675
0.00721224
0.00679379
0.00370487
0.00686973
0.00359619
0.00982011
0.00607114
0.0110736
0.00302862
0.00401434
0.011044
0.014743
0.00537329
0.0119074
0.0123984
0.0170628
0.0186633
0.01596
0.0214698
0.0190163
0.0152293
0.0137061
0.0124288
0.0133248
0.0165416
0.0139035
0.00925825
0.0122627
0.0119286
0.0143849
0.0184541
0.0179031
0.0232297
0.0252788
0.0203071
0.0251963
0.0265796
0.0332094
0.0164466
0.0217643
0.0215117
0.0220985
0.0191098
0.0243956
0.0159167
0.0225523
0.0229125
0.0193425
0.0173541
0.0179013
0.0243482
0.0197604
0.0220066
0.0158279
0.0229102
0.0245821
0.0344892
0.0337592
0.0307891
0.028613
0.0319384
0.0240197
0.021492
0.0166021
0.0237226
0.0187731
0.0184171
0.0298888
0.030613
0.0279152
0.0256469
0.0258497
0.0173609
0.0173457
0.0187576
0.015868
0.0202164
0.0353125
0.0326738
0.0277394
0.0383242
0.0413122
0.0461423
0.0465142
0.0423093
0.0410446
0.0463579
0.0389645
0.0507053
0.0423408
0.0434448
0.0483343
0.0475048
0.047075
0.0477279
0.0522685
0.0460776
0.0463714
0.0472434
0.056861
0.0562823
0.0530112
0.0686541
0.0724251
0.0796569
0.0702839
0.0699738
0.0716688
0.0806624
0.0702724
0.0700377
0.0711643
0.0798656
0.082952
0.0843384
0.0732192
0.0759172
0.0667746
0.0741867
0.0660159
0.0681267
0.0846433
0.0808652
0.0769896
0.0785178
0.0869713
0.0834659
0.0896837
0.0916694
0.0743104
0.0912266
0.0679237
0.06471
0.0601621
0.0658479
0.0698107
0.0701881
0.0659901
0.0630007
0.0686259
0.0662432
0.0694581
0.0608787
0.0620955
0.0602084
0.048765
0.0596418
0.0590496
0.0570123
0.0644727
0.0579731
0.0674853
0.068764
0.0646715
0.0619837
0.0469512
0.0521425
0.048902
0.0472671
0.0384876
0.0559467
0.0350514
0.0413392
0.0504072
0.0411995
0.0296815
0.0525236
0.0373281
0.0414945
0.0403778
0.0334525
0.0399346
0.0484504
0.0390439
0.0421204
0.0383846
0.0456771
0.0462545
0.0420865
0.0465619
0.0404015
0.0448527
0.0292305
0.0356948
0.0284323
0.0161522
0.0113463
0.0322298
0.0134928
0.0199859
0.0126391
0.0151199
0.0188901
0.0192674
0.0111199
0.0056584
0.0153965
0.00990811
0.00543426
0.0237981
0
0.0109071
0.0238943
0.0390065
0.0230063
0.0276741
0.0287683
0.0304196
0.0300267
0.0208633
0.0407873
0.0263671
0.0309683
0.0258104
0.0367026
0.0258071
0.0293348
0.0164334
0.0218539
0.0253666
0.0159903
0.00976225
0.0140628
0.0183642
0.0129292
0.011278
0.0138158
0.00754771
0.012077
0.0153
0.0167791
0.0123517
0.00986896
0.0149313
0.0124805
0.0164471
0.00760344
0.0150468
0.0234901
0.0179487
0.0182729
0.0176302
0.016168
0.013693
0.00565803
0.0159608
0.0164363
0.018585
0.0141589
0.0137996
0.00472724
0.00505133
0.0121945
0.00841128
0.0170942
0.0144258
0.0155336
0.0084966
0.0212709
0.0157638
0.0221004
0.013103
0.0197518
0.0105125
0.0236096
0.0280318
0.0280292
0.0366056
0.0258435
0.0177402
0.0148655
0.0241571
0.0230119
0.0313237
0.0205886
0.0228265
0.0268169
0.0175583
0.015938
0.0167593
0.0168564
0.0113725
0.0138885
0.0185619
0.0190531
0.0211264
0.0178326
0.0154114
0.0238645
0.0167554
0.0167645
0.0180454
0.0267452
0.0182857
0.0216827
0.0264718
0.0225877
0.0259042
0.0307936
0.0366493
0.0250527
0.0254612
0.0218134
0.0307906
0.0347224
0.0345076
0.0339018
0.0329267
0.0270286
0.0399471
0.0357996
0.0313869
0.0299075
0.024792
0.0300903
0.031709
0.0363679
0.0404666
0.0384928
0.0382715
0.0299326
0.0337876
0.0427882
0.0386625
0.0408155
0.0429788
0.0390618
0.043262
0.0418806
0.0561695
0.0613772
0.103269
0.157498
0.332677
0.497338
0.604709
0.624471
0.598383
0.504223
0.319085
0.156146
0.0935181
0.0717235
0.0556652
0.0541588
0.0563065
0.0529187
0.0510261
0.0543673
0.0525955
0.0451413
0.0539502
0.0500929
0.0467763
0.0507227
0.0491426
0.050503
0.0455026
0.0492878
0.0534522
0.0504778
0.0440275
0.04166
0.0471182
0.0401159
0.0310699
0.0412023
0.0392514
0.0480511
0.0472346
0.035906
0.051906
0.0394748
0.0416499
0.0375935
0.0399106
0.0437747
0.0370916
0.0436325
0.0427589
0.0436724
0.0471747
0.0498486
0.0460233
0.0481111
0.0427152
0.0512432
0.048449
0.0488859
0.0468254
0.0473905
0.0486173
0.049309
0.0508762
0.0508113
0.0494338
0.048493
0.0527129
0.0515302
0.052255
0.0530889
0.0478354
0.0541848
0.0441609
0.0475934
0.0400727
0.0385089
0.041562
0.0389089
0.0364087
0.0542893
0.0361792
0.0354694
0.0461272
0.0522919
0.0481387
0.0425421
0.0403021
0.0390037
0.0472626
0.0444837
0.0484779
0.0400532
0.0511508
0.0505023
0.0473918
0.0452333
0.0412757
0.0497808
0.0414774
0.0465749
0.0380807
0.0465601
0.0433416
0.0498378
0.0572553
0.0537608
0.058408
0.0463147
0.0447092
0.0529796
0.0514966
0.0548901
0.0466641
0.0582774
0.0548725
0.0410324
0.0585997
0.0766107
0.0640355
0.0662166
0.0756687
0.0650091
0.0563015
0.0686864
0.0692398
0.0468475
0.0734778
0.0605411
0.0574936
0.0646633
0.0566611
0.0693501
0.0492387
0.0548701
0.0557575
0.0616094
0.0542447
0.0608363
0.0687047
0.0497598
0.0585761
0.0592458
0.0686749
0.0608521
0.0430326
0.0425198
0.0566062
0.0465751
0.0606845
0.066217
0.0435882
0.0609134
0.0556761
0.0595056
0.0602961
0.0779553
0.0805553
0.0409821
0.0694015
0.0622739
0.0801183
0.0514597
0.0588004
0.0749909
0.0661623
0.0699606
0.064858
0.0485277
0.0642079
0.0498543
0.0583235
0.0905445
0.0716891
0.0858722
0.0907171
0.101468
0.0781268
0.0789735
0.12548
0.127898
0.103124
0.0972915
0.100718
0.0909917
0.0572065
0.0700859
0.0960577
0.117899
0.10376
0.0922644
0.0679491
0.106679
0.0786141
0.0754379
0.062559
0.0621951
0.0854095
0.110679
0.0703437
0.0516581
0.066879
0.0804343
0.0568336
0.0597169
0.0690209
0.062801
0.0759321
0.0840804
0.0598357
0.0847328
0.0715891
0.0471717
0.0590675
0.0549303
0.0762104
0.0725019
0.066984
0.0644601
0.0652575
0.0566223
0.0762987
0.0685015
0.0711686
0.0936934
0.100835
0.0957163
0.0913738
0.0789359
0.0762414
0.049843
0.0397979
0.0566463
0.0506977
0.0308178
0.0458694
0.0380644
0.0478748
0.0563988
0.0416641
0.0461747
0.0438938
0.0549082
0.0598313
0.0730653
0.0626793
0.068088
0.0602083
0.0717905
0.0834691
0.0860704
0.07418
0.104968
0.103326
0.113011
0.113356
0.123993
0.126391
0.14236
0.158183
0.173925
0.185328
0.180534
0.167028
0.147244
0.104145
0.0551831
0.0456633
0.0501519
0.065908
0.0552408
0.0436251
0.0481945
0.0549759
0.0561901
0.0321242
0.0368062
0.0458812
0.0527223
0.0516989
0.0388576
0.0338594
0.0437942
0.0317272
0.0414496
0.0413838
0.0456842
0.0578474
0.0533365
0.0346447
0.0456064
0.0424083
0.0445177
0.0464617
0.0407791
0.0381279
0.0366087
0.0407738
0.0480652
0.0418191
0.0407687
0.0443277
0.0400951
0.0414427
0.0480192
0.058485
0.0468443
0.0419423
0.046145
0.0412992
0.0419469
0.0417042
0.0468703
0.0474962
0.0476573
0.0366162
0.0508541
0.0420323
0.0564111
0.053357
0.0461413
0.0433394
0.0375675
0.0577084
0.0428549
0.0490534
0.045317
0.0462637
0.0382699
0.0401078
0.036328
0.0416132
0.048128
0.0383394
0.0297395
0.0383308
0.0531519
0.0448125
0.0532346
0.0477879
0.0512431
0.0465141
0.0493328
0.0472931
0.0513248
0.0459555
0.0444427
0.0394803
0.0373614
0.0415526
0.0328152
0.0364603
0.0409043
0.0485972
0.0446455
0.0406253
0.0352008
0.0496958
0.0494933
0.0415916
0.0471248
0.0521379
0.0601219
0.0556279
0.0541707
0.060604
0.0550759
0.0584979
0.0661421
0.0703888
0.0588313
0.0659844
0.0782184
0.0778223
0.0732564
0.0763248
0.0933322
0.100894
0.0976013
0.0835873
0.0720067
0.0604468
0.0518377
0.0508033
0.0403168
0.0447534
0.0463368
0.0399037
0.0477362
0.0346375
0.0481188
0.0447907
0.0424164
0.04888
0.0451686
0.0454176
0.048309
0.0468736
0.0503301
0.0496384
0.049088
0.051522
0.0468069
0.0586995
0.0633831
0.059704
0.0690315
0.071914
0.0728243
0.0807343
0.0815731
0.088737
0.0983747
0.103605
0.113943
0.115966
0.123671
0.128468
0.129905
0.118365
0.107741
0.10701
0.0917
0.0804627
0.0764485
0.0669324
0.0633358
0.0657246
0.0579693
0.0495007
0.0486031
0.0676271
0.0660337
0.0623999
0.0558808
0.0677654
0.0529521
0.0620251
0.0596458
0.0637517
0.0648629
0.0696002
0.0731193
0.0798148
0.0858289
0.0724575
0.080608
0.0802737
0.0905119
0.0900732
0.0961962
0.100689
0.102472
0.106802
0.104891
0.115287
0.128934
0.136296
0.138675
0.147449
0.14139
0.137786
0.135206
0.127702
0.116885
0.105672
0.0958223
0.0874325
0.0764145
0.0668895
0.0757351
0.0734021
0.0647911
0.0815692
0.0687036
0.0684554
0.0641408
0.0702806
0.0706547
0.0642849
0.0700931
0.0787546
0.0546362
0.067583
0.0471219
0.0556455
0.0495913
0.0545849
0.059656
0.0691564
0.0629854
0.0478983
0.0604956
0.0559069
0.0468607
0.0672612
0.0599314
0.0612208
0.0558183
0.0520328
0.0587387
0.0570126
0.0585045
0.0572659
0.0607275
0.0604277
0.0611501
0.0558868
0.0504133
0.0585514
0.0584813
0.052788
0.0611191
0.0639857
0.0648737
0.0665081
0.0567046
0.0556907
0.0589066
0.0574788
0.0554956
0.0594719
0.0548529
0.0548139
0.0618248
0.0620441
0.065755
0.0569444
0.0739273
0.0688682
0.070838
0.0688004
0.0689753
0.072963
0.0762736
0.0798304
0.073275
0.0776054
0.079684
0.0745887
0.0773162
0.080369
0.0945408
0.0916106
0.0937967
0.0969013
0.0956777
0.1014
0.116814
0.106906
0.13457
0.108525
0.111016
0.126674
0.106967
0.143611
0.132644
0.137013
0.114303
0.119328
0.124498
0.0972045
0.0950314
0.0916537
0.106098
0.0829653
0.0798672
0.0841728
0.0739164
0.0936658
0.0983451
0.100215
0.0938599
0.0974143
0.111983
0.114061
0.118215
0.131457
0.140048
0.146555
0.133961
0.143556
0.121665
0.131798
0.126327
0.13717
0.119691
0.104336
0.122348
0.126808
0.0951167
0.113696
0.109116
0.104204
0.0777326
0.108239
0.11183
0.064748
0.0932257
0.0935761
0.121948
0.107611
0.110806
0.095354
0.105487
0.139403
0.128507
0.116646
0.119021
0.138177
0.134359
0.122721
0.125483
0.13663
0.166422
0.153301
0.163364
0.128012
0.168369
0.150342
0.138554
0.174165
0.171143
0.159435
0.166581
0.181531
0.184473
0.177505
0.190636
0.199904
0.187079
0.189635
0.178571
0.172036
0.160745
0.166022
0.170148
0.181809
0.139935
0.150387
0.143021
0.115665
0.105287
0.0902281
0.0928116
0.12414
0.0723235
0.0916133
0.0701401
0.0897789
0.0626808
0.0759511
0.0797107
0.099797
0.0831009
0.0838294
0.0760599
0.0936195
0.115792
0.149133
0.102762
0.101738
0.0971989
0.129334
0.175111
0.126375
0.146936
0.164823
0.140756
0.151429
0.169827
0.156506
0.179147
0.163605
0.166187
0.180695
0.196991
0.21715
0.217738
0.185394
0.2122
0.185381
0.203338
0.22898
0.247277
0.221042
0.218473
0.214265
0.211881
0.21748
0.192417
0.222264
0.200675
0.159866
0.133421
0.143654
0.138855
0.051375
0.107714
0.0612666
0.0712289
0.110529
0.0424299
0.071544
0.0884769
0.0906483
0.110142
0.0650643
0.0554555
0.0976485
0.0842839
0.0552449
0.122675
0.117528
0.0682224
0.0960822
0.105216
0.0652132
0.0938257
0.0515749
0.0802525
0.0883495
0.0691009
0.103632
0.122946
0.108165
0.0777822
0.122804
0.133933
0.120788
0.128313
0.0950275
0.103388
0.0544361
0.0908996
0.0747926
0.124057
0.11094
0.0625168
0.111867
0.0964368
0.105922
0.133768
0.123195
0.106944
0.115682
0.115166
0.091737
0.143843
0.0673472
0.138619
0.124955
0.0816365
0.0751631
0.0713226
0.110968
0.12961
0.105754
0.113724
0.133132
0.112264
0.105275
0.0848115
0.0786359
0.0892136
0.152858
0.0920924
0.114892
0.0968845
0.09283
0.0646813
0.0531848
0.0213256
0.0659618
0.140852
0.103333
0.0846856
0.0499384
0.0305488
0.0769333
0.0980555
0.0448715
0.114914
0.0999613
0.0696408
0.087124
0.0392836
0.097353
0.089126
0.0734392
0.0888375
0.0788035
0.10312
0.0808491
0.0855103
0.0836982
0.106867
0.088403
0.104628
0.077395
0.100268
0.0957163
0.125513
0.139448
0.124066
0.0762711
0.11603
0.0973685
0.102482
0.151532
0.141185
0.122082
0.101934
0.111329
0.115491
0.145335
0.0987161
0.107285
0.131774
0.113014
0.114648
0.130569
0.140216
0.110068
0.0844412
0.075232
0.108296
0.0953041
0.102292
0.0712093
0.111619
0.0802205
0.0697525
0.0589769
0.0603353
0.0329141
