0.164963
0.188063
0.182165
0.189961
0.185796
0.194469
0.19468
0.20058
0.209671
0.215674
0.213798
0.218145
0.225046
0.232344
0.233433
0.24547
0.241056
0.246469
0.248861
0.24542
0.237104
0.248657
0.254814
0.251633
0.266329
0.273965
0.274122
0.290524
0.289983
0.298893
0.302014
0.30412
0.306359
0.31247
0.318879
0.321386
0.325576
0.328251
0.318281
0.315017
0.310551
0.310875
0.312961
0.320448
0.331201
0.342043
0.350378
0.355254
0.358543
0.361438
0.353897
0.320905
0.299541
0.297563
0.296633
0.298097
0.32066
0.381602
0.384505
0.374932
0.346517
0.294738
0.252912
0.235412
0.204873
0.192306
0.188527
0.18173
0.170312
0.168124
0.153498
0.155128
0.146921
0.148849
0.142328
0.149223
0.147996
0.150347
0.15087
0.160496
0.155591
0.168247
0.170084
0.170108
0.173395
0.166745
0.177805
0.175189
0.188311
0.192371
0.197642
0.204998
0.214176
0.228028
0.241677
0.261962
0.286335
0.306092
0.323269
0.330652
0.337652
0.343145
0.322515
0.30432
0.272968
0.250124
0.237216
0.23227
0.23322
0.239836
0.247606
0.250318
0.250322
0.254929
0.253591
0.252015
0.247573
0.230073
0.234261
0.228467
0.236118
0.239398
0.245264
0.257693
0.263288
0.27309
0.281685
0.282847
0.28729
0.295398
0.295425
0.302311
0.302928
0.298443
0.297436
0.299354
0.316892
0.323111
0.325811
0.311644
0.287656
0.278532
0.257412
0.259867
0.273
0.271198
0.283864
0.290645
0.299074
0.308969
0.32468
0.329272
0.345836
0.358083
0.359263
0.363599
0.367104
0.367228
0.369087
0.367023
0.369363
0.375319
0.372348
0.370042
0.33261
0.284249
0.228416
0.179165
0.155419
0.148317
0.134794
0.136974
0.139541
0.137129
0.133034
0.140317
0.1479
0.153432
0.158301
0.17245
0.188944
0.184945
0.185348
0.190718
0.184056
0.171997
0.179752
0.170607
0.164263
0.163793
0.165788
0.164573
0.167019
0.168126
0.173489
0.176025
0.180173
0.177788
0.172978
0.170345
0.155734
0.151745
0.147719
0.144258
0.14854
0.148249
0.156375
0.160433
0.176264
0.180898
0.189811
0.193489
0.201216
0.208093
0.211787
0.216439
0.219198
0.225879
0.230029
0.23046
0.23989
0.23186
0.228683
0.223917
0.21038
0.19742
0.184909
0.196646
0.189984
0.189049
0.190829
0.19532
0.203016
0.212503
0.219309
0.227091
0.243908
0.245882
0.258821
0.26414
0.275304
0.280793
0.28937
0.295176
0.302045
0.310341
0.314163
0.318877
0.325276
0.336705
0.334312
0.336589
0.344227
0.356088
0.341448
0.313792
0.270148
0.242188
0.224198
0.191856
0.213882
0.216363
0.218658
0.220748
0.234897
0.235646
0.237461
0.246539
0.24621
0.26253
0.251736
0.27428
0.284353
0.277769
0.296351
0.298376
0.298808
0.300588
0.303881
0.293131
0.286
0.256896
0.228069
0.188971
0.166538
0.159369
0.166043
0.172343
0.1806
0.18354
0.18662
0.188687
0.194389
0.190577
0.210454
0.213319
0.204013
0.207363
0.194786
0.188108
0.183151
0.185472
0.173107
0.173591
0.167764
0.167326
0.172799
0.172439
0.172214
0.176882
0.180429
0.187612
0.177151
0.173459
0.160511
0.172368
0.161326
0.166859
0.159036
0.147011
0.15243
0.153312
0.165896
0.160864
0.151527
0.1591
0.153263
0.161622
0.170213
0.163564
0.161163
0.165992
0.183288
0.18393
0.200284
0.190397
0.20737
0.205942
0.210072
0.218928
0.221982
0.224145
0.228685
0.217733
0.217631
0.210816
0.19149
0.19716
0.186643
0.204192
0.193235
0.169127
0.166645
0.168005
0.171032
0.185533
0.177794
0.171936
0.187516
0.18119
0.183751
0.198376
0.188478
0.182966
0.208283
0.216084
0.207669
0.22024
0.236372
0.231707
0.247442
0.250978
0.271602
0.278301
0.279624
0.281226
0.283001
0.265257
0.248984
0.231404
0.210486
0.166138
0.163248
0.161372
0.147812
0.156732
0.162217
0.161295
0.162681
0.173573
0.172786
0.17216
0.175094
0.171061
0.167938
0.16928
0.170948
0.163947
0.16084
0.157402
0.162331
0.160229
0.177093
0.163438
0.168275
0.175928
0.179535
0.187023
0.205745
0.228436
0.253419
0.276729
0.293858
0.298371
0.32169
0.304397
0.296243
0.265854
0.238769
0.234577
0.230973
0.233482
0.232403
0.229762
0.246136
0.238565
0.246336
0.235626
0.235112
0.235026
0.226963
0.250547
0.241602
0.229272
0.221164
0.212346
0.195569
0.194034
0.188586
0.203159
0.192066
0.202704
0.207349
0.226145
0.213238
0.189379
0.19165
0.212397
0.2024
0.190584
0.206819
0.192773
0.18848
0.193163
0.202998
0.192312
0.215347
0.207221
0.215317
0.186732
0.210213
0.22022
0.21686
0.21536
0.210099
0.224474
0.235592
0.210948
0.22664
0.230982
0.226583
0.231806
0.236846
0.228963
0.238328
0.25727
0.262431
0.277461
0.29507
0.327734
0.339123
0.378589
0.398619
0.403665
0.379233
0.356227
0.321214
0.277853
0.237709
0.225005
0.202005
0.241013
0.289383
0.309839
0.393145
0.442938
0.473184
0.484597
0.471756
0.391926
0.311207
0.217821
0.200943
0.185134
0.190077
0.176508
0.177192
0.188974
0.189725
0.188817
0.197784
0.20494
0.19846
0.200057
0.203693
0.206061
0.213005
0.216754
0.215835
0.219275
0.23979
0.2409
0.214008
0.202974
0.178578
0.161599
0.161067
0.170185
0.1599
0.149303
0.154175
0.140113
0.140472
0.147883
0.142095
0.137452
0.136284
0.134202
0.141569
0.133497
0.137579
0.148324
0.139931
0.157856
0.159883
0.168933
0.172986
0.173614
0.192286
0.199377
0.186707
0.181325
0.20826
0.178923
0.172453
0.187053
0.181206
0.17249
0.161956
0.174915
0.159303
0.155279
0.176145
0.175904
0.19417
0.185291
0.20256
0.191609
0.206507
0.202045
0.183784
0.176831
0.178303
0.176159
0.179656
0.171326
0.16728
0.169742
0.16654
0.181379
0.175254
0.175642
0.174743
0.192897
0.181444
0.188082
0.176346
0.189963
0.206327
0.188726
0.20962
0.189222
0.180022
0.178184
0.156179
0.155289
0.166915
0.157404
0.160414
0.143057
0.149877
0.151635
0.121673
0.145808
0.163063
0.142225
0.12956
0.142651
0.126287
0.128798
0.146215
0.121341
0.141018
0.125511
0.149895
0.151839
0.138799
0.138948
0.118672
0.110441
0.118096
0.106292
0.101568
0.117539
0.115485
0.105321
0.112698
0.121062
0.132577
0.139925
0.156207
0.158733
0.171835
0.168299
0.178889
0.181875
0.196416
0.170602
0.145401
0.145832
0.116961
0.0831069
0.0964431
0.0793116
0.100387
0.0965041
0.108339
0.148371
0.147895
0.131705
0.146616
0.142249
0.148179
0.147244
0.130453
0.162299
0.151277
0.150775
0.1511
0.147824
0.168447
0.174602
0.159935
0.195659
0.160386
0.186471
0.17875
0.180717
0.149643
0.151994
0.158925
0.1758
0.186809
0.16959
0.167143
0.160002
0.159546
0.174004
0.157434
0.154708
0.185874
0.167961
0.159764
0.141508
0.158371
0.184186
0.178434
0.152918
0.129687
0.135887
0.14669
0.141501
0.143757
0.136248
0.151686
0.130051
0.111824
0.104813
0.0977463
0.0922059
0.0853525
0.104325
0.0959529
0.0817337
0.0862805
0.0777781
0.0653738
0.0693103
0.0713336
0.0668165
0.0630313
0.0620824
0.0759199
0.0697233
0.061804
0.0605174
0.073033
0.0583924
0.0563026
0.0629066
0.0650757
0.0569328
0.0516226
0.0625116
0.0555172
0.0472991
0.055702
0.0627048
0.0626594
0.0633799
0.0514107
0.0623632
0.069612
0.071422
0.0680804
0.0715045
0.0815639
0.0654901
0.0715507
0.073477
0.0767305
0.0834389
0.0887185
0.0767037
0.0815214
0.0820957
0.0840082
0.0722648
0.0641933
0.0558021
0.0539245
0.0459476
0.047413
0.0472065
0.0506089
0.0386081
0.052037
0.0537582
0.0611904
0.0522165
0.0675544
0.0525948
0.0562232
0.0592823
0.0553623
0.0668508
0.0487144
0.0623545
0.0580629
0.0547853
0.0568205
0.0505631
0.058273
0.0730071
0.074423
0.054069
0.0708148
0.083833
0.0749587
0.0961212
0.103641
0.120105
0.106473
0.118748
0.0991234
0.115562
0.122367
0.119917
0.13065
0.121089
0.119761
0.129083
0.12327
0.129676
0.127069
0.121676
0.134512
0.140247
0.149983
0.170004
0.18025
0.172699
0.194072
0.19223
0.187946
0.218012
0.239999
0.214455
0.242292
0.223368
0.218699
0.202479
0.152872
0.164842
0.173321
0.118683
0.135447
0.127751
0.155753
0.156039
0.137212
0.143281
0.139375
0.175965
0.145198
0.17429
0.165817
0.165913
0.203968
0.185258
0.16559
0.176213
0.150408
0.190445
0.200816
0.203588
0.196725
0.250794
0.230944
0.222143
0.234843
0.211018
0.198887
0.202377
0.185301
0.15522
0.183014
0.151348
0.129851
0.112846
0.10455
0.10683
0.0953961
0.0817846
0.0576961
0.0468848
0.0483263
0.0382807
0.035479
0.0157618
0.0235626
0.0201742
0.0243796
0.01945
0.0109415
0.0135812
0.0220164
0.0209566
0.021102
0.0210771
0.0256596
0.0227967
0.0211839
0.0301376
0.028024
0.038781
0.0330242
0.0246638
0.0119745
0.0143711
0.0192214
0.00956059
0.00782242
0.00769593
0.00615779
0.00935067
0.0089739
0.0143664
0.0102774
0.0115697
0.00327207
0.00582842
0.0122977
0.022475
0.0145539
0.0211865
0.0224179
0.020532
0.0225646
0.0239247
0.0267199
0.0240763
0.020099
0.0136076
0.0149085
0.0150531
0.0160751
0.0129803
0.0202076
0.0197166
0.0248097
0.0215722
0.0221367
0.0226031
0.0295342
0.0306963
0.0338734
0.0286414
0.0281192
0.0346437
0.0280499
0.0348463
0.029
0.0333464
0.0252933
0.033549
0.0306135
0.0271048
0.0255717
0.0268809
0.0294921
0.0275777
0.0272021
0.0289309
0.0314511
0.0288658
0.0382678
0.0354691
0.0397954
0.0439362
0.0391183
0.0403642
0.0368017
0.0307744
0.0268895
0.0249083
0.0321508
0.0323088
0.0280076
0.0376841
0.0436486
0.0393902
0.0350143
0.0374613
0.027694
0.0208924
0.0360567
0.0292922
0.0344958
0.039201
0.0449514
0.0428522
0.0558942
0.0620521
0.0647924
0.0465459
0.0563698
0.0561412
0.0649636
0.0662867
0.0764908
0.0694416
0.0682105
0.0672406
0.0682178
0.0688543
0.0756944
0.0735531
0.0708135
0.0730894
0.0704732
0.0784301
0.0839157
0.0777977
0.0967557
0.102202
0.0997394
0.0992369
0.103037
0.109376
0.108114
0.102495
0.103379
0.108442
0.108145
0.103245
0.121069
0.107662
0.108231
0.0964791
0.108269
0.0995935
0.0994249
0.11051
0.108628
0.109761
0.114435
0.120375
0.132081
0.133306
0.132208
0.114233
0.113322
0.0992183
0.0994518
0.0911025
0.0853287
0.0916729
0.0899087
0.0987544
0.0910922
0.0896736
0.0901958
0.095137
0.0929873
0.0897282
0.0895206
0.0851588
0.0913652
0.0824643
0.0893743
0.0901421
0.0797359
0.102151
0.0962076
0.0838577
0.10626
0.0818574
0.0662778
0.0603516
0.0611972
0.056337
0.0678597
0.0605452
0.0595595
0.0676333
0.0566464
0.0513649
0.0554456
0.0525351
0.0438694
0.0463955
0.0532411
0.0684665
0.0564853
0.0611889
0.0557219
0.0490554
0.0484689
0.064942
0.0632771
0.0534407
0.0444051
0.0572565
0.0404969
0.0490157
0.0312592
0.0193885
0.0228095
0.0261877
0.0185866
0.0202792
0.015517
0.0186267
0.0128347
0.0193416
0.0106066
0.0151206
0.0226363
0.0136029
0
0.0221927
0.0145374
0.025163
0.0335471
0.0348147
0.0304757
0.0333184
0.0311503
0.0363192
0.0445529
0.0391835
0.0552811
0.0543207
0.0496112
0.0445234
0.0317611
0.0234014
0.0357873
0.025436
0.0282741
0.0341805
0.019267
0.0205164
0.0218975
0.0242083
0.0191907
0.0164188
0.013543
0.019656
0.0217756
0.0200731
0.0219198
0.0183206
0.0271085
0.0276924
0.0268645
0.0197084
0.0284604
0.017412
0.0321386
0.0248637
0.0296243
0.0270259
0.0133898
0.026816
0.0135026
0.0249671
0.0139855
0.0236575
0.024173
0.0167837
0.0151915
0.0137247
0.0176674
0.0208027
0.0201452
0.0187864
0.0220337
0.017355
0.0264952
0.0224122
0.023235
0.0236811
0.0275302
0.0142137
0.0257453
0.0343548
0.0416845
0.0519276
0.0473554
0.0310667
0.030373
0.02977
0.0405484
0.0398785
0.0396562
0.0334518
0.0318049
0.020859
0.0285655
0.0235969
0.0307111
0.0244896
0.0268155
0.0258692
0.0241446
0.0285212
0.025651
0.0230475
0.0264889
0.0212057
0.0240094
0.0292693
0.0287308
0.0307839
0.0295146
0.0355187
0.0332198
0.0364401
0.0393479
0.047323
0.0348345
0.0438812
0.0457026
0.0462181
0.0404311
0.0464475
0.0455958
0.0459652
0.0447971
0.0454924
0.0489697
0.046926
0.0440964
0.0411424
0.0493859
0.0414091
0.0441271
0.0477466
0.050225
0.0570272
0.0417938
0.051298
0.0509499
0.0542363
0.0526911
0.0579254
0.059542
0.0567693
0.0587268
0.0771477
0.0864941
0.114215
0.177358
0.354393
0.537479
0.644379
0.664529
0.638199
0.539611
0.348715
0.171171
0.116008
0.09339
0.0844267
0.0772137
0.0761857
0.0718303
0.0732979
0.0727699
0.0706816
0.0692793
0.0735059
0.0734118
0.0695065
0.0699749
0.0698126
0.0746018
0.0682427
0.0688917
0.0712626
0.0747725
0.0627242
0.0597297
0.0622408
0.0603013
0.0573481
0.0612789
0.0549386
0.0603618
0.0541767
0.0580313
0.0610116
0.0484246
0.0590835
0.0673509
0.0593235
0.0575706
0.0589478
0.0607117
0.0580457
0.0677175
0.0638696
0.0652805
0.0605537
0.0713446
0.0691096
0.0685416
0.0671998
0.0652489
0.0628131
0.0695027
0.0685764
0.0720189
0.0630182
0.0670897
0.0697216
0.0639936
0.0672303
0.0657207
0.0697824
0.0702599
0.0672171
0.07376
0.0566888
0.070279
0.0590775
0.0559798
0.063059
0.0626385
0.0588834
0.0636332
0.0595579
0.0572101
0.0634701
0.0651755
0.0687837
0.0568766
0.0627677
0.0617981
0.0653531
0.0667623
0.0713506
0.0575691
0.0681522
0.0644652
0.0697179
0.0657467
0.06334
0.0673104
0.0633513
0.0722981
0.066798
0.0633748
0.0605719
0.0741332
0.0723913
0.064924
0.0841429
0.0699345
0.0716028
0.0797008
0.0786556
0.0846491
0.0552045
0.0811813
0.0654958
0.0711972
0.078895
0.0959053
0.0832443
0.0933704
0.0944627
0.0901935
0.0869794
0.0881264
0.0860556
0.0731913
0.0900642
0.0832938
0.0788958
0.0858344
0.0787963
0.0961039
0.0757393
0.0741971
0.0869909
0.0865408
0.0823046
0.0891843
0.0845402
0.0749166
0.100009
0.0889956
0.0919976
0.0876798
0.0820735
0.0926851
0.0609315
0.0684816
0.0622684
0.096023
0.0834235
0.084908
0.0913518
0.0799993
0.0772323
0.0920478
0.118269
0.0768597
0.10449
0.0885568
0.0833414
0.0898504
0.108055
0.103075
0.110899
0.104727
0.0905131
0.080381
0.110661
0.119534
0.0863978
0.125367
0.10501
0.0806416
0.105907
0.137407
0.0938994
0.118907
0.154115
0.159105
0.127201
0.160004
0.129155
0.135375
0.0900318
0.124097
0.0966442
0.126912
0.136261
0.111217
0.110016
0.1287
0.103184
0.102387
0.096798
0.104954
0.118362
0.103654
0.10407
0.0930616
0.0953189
0.114344
0.0770565
0.101047
0.0784623
0.0996816
0.112032
0.102627
0.0937989
0.108613
0.0922063
0.0931665
0.0851207
0.112799
0.0871036
0.111469
0.122204
0.0887241
0.0939999
0.105371
0.0999322
0.10669
0.113507
0.129549
0.127007
0.133962
0.125318
0.110651
0.0890475
0.0781052
0.0834924
0.0866799
0.0650459
0.0796329
0.0617191
0.0499104
0.0672405
0.0676032
0.0847667
0.0648237
0.0675951
0.0740894
0.0723794
0.0779779
0.075627
0.0833449
0.088284
0.09539
0.100352
0.0979844
0.101919
0.131691
0.132919
0.154307
0.157711
0.170589
0.166365
0.186674
0.204129
0.224298
0.248018
0.232891
0.213608
0.186524
0.128649
0.0689992
0.0796019
0.0765051
0.0726732
0.0688216
0.0541556
0.0666109
0.0561814
0.0698199
0.0532305
0.0773687
0.0828987
0.0649034
0.0777206
0.0628189
0.0585834
0.0654802
0.0582769
0.0572733
0.074511
0.075072
0.065231
0.0609647
0.0575706
0.0827553
0.0557685
0.0710838
0.0701468
0.0671516
0.0576001
0.0638394
0.07376
0.0731719
0.0710642
0.0599499
0.0764132
0.0632351
0.0725691
0.0620564
0.0725065
0.0688708
0.0682284
0.0588158
0.0635507
0.0674046
0.0688449
0.0745232
0.0679685
0.06327
0.0658576
0.0819639
0.0669459
0.0668562
0.0744242
0.0649132
0.0577202
0.0588151
0.0607481
0.0632479
0.0713076
0.0632756
0.0607715
0.0588968
0.0526891
0.0545273
0.046981
0.0633356
0.052662
0.0519498
0.0468318
0.0680004
0.0591367
0.0592341
0.0568788
0.0652461
0.067509
0.063271
0.0627467
0.0629463
0.061056
0.0617631
0.0578543
0.0603283
0.0567574
0.0545567
0.0552082
0.0656016
0.060788
0.0589291
0.0602855
0.0621356
0.0592683
0.0627885
0.0545156
0.065259
0.0705354
0.0779257
0.0705701
0.0768771
0.0752699
0.0733873
0.0774441
0.0833427
0.0865114
0.0840599
0.0940519
0.103285
0.0989912
0.100741
0.102035
0.114681
0.11782
0.116347
0.098208
0.0920058
0.0873817
0.0736865
0.0674771
0.0534836
0.058465
0.0633304
0.0584193
0.0570597
0.0492004
0.055144
0.053276
0.0597011
0.0663969
0.0617933
0.0556742
0.0652854
0.0642527
0.0702474
0.0695736
0.0678925
0.069445
0.069016
0.0720711
0.082838
0.0869188
0.0924341
0.0913173
0.0973715
0.103221
0.107521
0.120093
0.124948
0.128055
0.140611
0.150641
0.154598
0.162134
0.156062
0.149864
0.142995
0.132916
0.121676
0.112475
0.0962934
0.0938655
0.0686656
0.07972
0.0810384
0.0766064
0.0745445
0.0956466
0.0863529
0.0800994
0.0856931
0.0965191
0.0849958
0.0898532
0.0852306
0.0874784
0.0897009
0.0984543
0.100674
0.105404
0.0995136
0.10341
0.110118
0.111782
0.121242
0.119548
0.126497
0.137835
0.136708
0.139295
0.136215
0.154341
0.167006
0.174546
0.184462
0.186351
0.189697
0.185504
0.174667
0.168897
0.153059
0.140886
0.123486
0.118995
0.111343
0.0909097
0.0923274
0.0950525
0.0911643
0.103236
0.0934017
0.0973576
0.0833569
0.0966688
0.0906777
0.0917972
0.0961682
0.0814699
0.0952717
0.0853228
0.0803208
0.0790814
0.0839503
0.07313
0.0788825
0.0895237
0.0814271
0.0730533
0.083264
0.0824836
0.0676623
0.0800038
0.0842116
0.0853661
0.0775128
0.0857029
0.0832719
0.0812665
0.0798351
0.0782865
0.0891124
0.0778011
0.0802844
0.0753669
0.084541
0.0910184
0.0825673
0.0799077
0.0837507
0.0876058
0.0856474
0.0866039
0.0848559
0.0822932
0.0828219
0.0864425
0.0786261
0.0792642
0.0892887
0.0834729
0.091688
0.0882871
0.0867077
0.0849045
0.0859354
0.0869207
0.0837364
0.0829816
0.0811388
0.0813163
0.0819058
0.0819535
0.0786396
0.0873096
0.0925431
0.0931253
0.0925744
0.0964098
0.115167
0.101066
0.112727
0.127802
0.1181
0.121615
0.130197
0.155518
0.143525
0.156227
0.172439
0.155185
0.160925
0.172489
0.173968
0.162989
0.150799
0.157715
0.145404
0.13682
0.118708
0.130959
0.116298
0.114516
0.100299
0.110476
0.105667
0.114646
0.117656
0.131508
0.116026
0.127488
0.155314
0.13479
0.147659
0.165188
0.158138
0.160653
0.165127
0.166927
0.165448
0.164274
0.150905
0.149523
0.142225
0.142632
0.15321
0.153858
0.114597
0.120495
0.134433
0.13318
0.110505
0.0927291
0.158736
0.0968652
0.124247
0.154094
0.179662
0.162048
0.14542
0.122549
0.154306
0.151489
0.161968
0.15391
0.166757
0.169152
0.189431
0.173354
0.163766
0.165974
0.2074
0.18399
0.19852
0.186667
0.201261
0.194455
0.19742
0.216382
0.2111
0.205221
0.222033
0.214436
0.227124
0.226935
0.245533
0.244444
0.218241
0.234284
0.214953
0.210993
0.203821
0.212459
0.203074
0.202741
0.192181
0.184023
0.167341
0.154252
0.160165
0.126584
0.137066
0.119175
0.104037
0.117657
0.113193
0.12798
0.0725977
0.112721
0.12376
0.126961
0.109353
0.122452
0.120982
0.121021
0.133554
0.121748
0.140697
0.127766
0.141799
0.15295
0.188977
0.165591
0.173049
0.188544
0.198383
0.194744
0.217205
0.226376
0.242939
0.219221
0.214482
0.273001
0.246059
0.259914
0.262112
0.242841
0.264587
0.263115
0.276747
0.293188
0.293398
0.278939
0.276188
0.278113
0.251122
0.258429
0.244642
0.253794
0.256303
0.215795
0.189211
0.190601
0.182575
0.128612
0.11983
0.135571
0.0701155
0.116846
0.101759
0.0893942
0.128764
0.106609
0.113554
0.0787474
0.078828
0.114738
0.0855229
0.0722864
0.128265
0.1133
0.1211
0.102232
0.10702
0.118636
0.0947549
0.0761561
0.0775836
0.0947375
0.128745
0.0906337
0.0731905
0.110325
0.0885355
0.118455
0.184927
0.0982211
0.120453
0.0832772
0.135982
0.111835
0.0890404
0.131874
0.127352
0.133516
0.0866928
0.107703
0.148759
0.133951
0.141112
0.130654
0.16199
0.139505
0.149901
0.118174
0.150544
0.124693
0.135571
0.137255
0.119307
0.0865806
0.103794
0.116103
0.123761
0.11249
0.150778
0.168777
0.130035
0.10168
0.100938
0.0989633
0.114738
0.153695
0.095386
0.16245
0.144301
0.132029
0.12046
0.081597
0.0971708
0.107975
0.147552
0.144301
0.10507
0.092977
0.0861224
0.101211
0.10283
0.0809442
0.17963
0.105097
0.0671849
0.10798
0.0609302
0.143156
0.125182
0.0923203
0.0631963
0.152919
0.121818
0.110029
0.110945
0.146981
0.138918
0.114521
0.123313
0.104122
0.126649
0.14671
0.153717
0.141509
0.168753
0.140612
0.140149
0.137718
0.126244
0.128075
0.171235
0.149624
0.140174
0.119573
0.15536
0.15552
0.145106
0.126416
0.145275
0.131756
0.161704
0.146684
0.167668
0.101431
0.116507
0.1365
0.113425
0.111807
0.104072
0.0996343
0.107118
0.073595
0.064823
0.0801441
0.0678465
0.0505488
