0.153949
0.163911
0.17169
0.169534
0.171466
0.17369
0.173886
0.182766
0.178022
0.189493
0.19432
0.196494
0.202325
0.202961
0.214334
0.222465
0.216208
0.218792
0.224919
0.215272
0.21629
0.214314
0.226013
0.227583
0.230177
0.243852
0.241604
0.25159
0.255895
0.264364
0.266074
0.26782
0.272921
0.274418
0.278936
0.283295
0.284303
0.287642
0.283783
0.27419
0.271148
0.271219
0.2663
0.273018
0.288885
0.290683
0.304622
0.30944
0.314737
0.314416
0.312567
0.286542
0.268947
0.266519
0.265658
0.26669
0.288538
0.33219
0.337024
0.329148
0.297583
0.257448
0.21349
0.198181
0.185728
0.167631
0.159403
0.15003
0.148366
0.146231
0.142138
0.140042
0.136261
0.132538
0.13012
0.134885
0.137793
0.134677
0.137956
0.143115
0.142941
0.148101
0.15797
0.15186
0.148672
0.154559
0.15474
0.15621
0.166694
0.171047
0.178826
0.181741
0.19022
0.203686
0.212908
0.230488
0.243287
0.259723
0.276661
0.283522
0.293776
0.292123
0.281141
0.261584
0.242922
0.222682
0.211567
0.208788
0.210375
0.214783
0.222082
0.223448
0.225736
0.227997
0.227375
0.225202
0.217627
0.203012
0.206643
0.19633
0.208798
0.213227
0.210415
0.224242
0.232269
0.241675
0.248993
0.250799
0.254377
0.259561
0.263026
0.26807
0.269553
0.26667
0.266965
0.267717
0.280417
0.284734
0.284257
0.270423
0.250998
0.238857
0.222252
0.219417
0.23415
0.235053
0.239799
0.256473
0.259366
0.275306
0.283867
0.288592
0.299219
0.311502
0.31235
0.316137
0.321755
0.319665
0.322239
0.319958
0.323653
0.328315
0.324935
0.321003
0.287584
0.244541
0.195902
0.164918
0.143266
0.128723
0.127451
0.12599
0.126246
0.124067
0.130403
0.1325
0.135929
0.140457
0.143012
0.157099
0.166915
0.160987
0.160657
0.161186
0.157336
0.154792
0.156606
0.155556
0.153346
0.150847
0.150839
0.150998
0.154622
0.154879
0.158722
0.165342
0.164908
0.164851
0.152153
0.14798
0.132859
0.138454
0.126165
0.116621
0.136952
0.133037
0.138945
0.142541
0.160226
0.156359
0.168016
0.178447
0.183573
0.183931
0.187348
0.19124
0.199218
0.20537
0.205022
0.20599
0.216778
0.212949
0.203468
0.193051
0.182138
0.160372
0.165577
0.159804
0.164106
0.161229
0.162491
0.171055
0.175017
0.180214
0.197926
0.200235
0.205339
0.218729
0.220505
0.23039
0.243185
0.245473
0.249903
0.264522
0.264916
0.273976
0.273826
0.282395
0.284267
0.291211
0.289395
0.29293
0.301076
0.303047
0.290687
0.269541
0.241922
0.206362
0.184233
0.178387
0.177892
0.175734
0.181932
0.191382
0.196589
0.189193
0.20344
0.200515
0.213176
0.235078
0.217505
0.233347
0.237562
0.246636
0.25533
0.264562
0.266968
0.26454
0.260851
0.260823
0.255123
0.231457
0.202467
0.166522
0.145611
0.144657
0.150595
0.150981
0.163388
0.167763
0.153804
0.159999
0.178452
0.179253
0.175323
0.17961
0.185333
0.18239
0.180719
0.165522
0.165221
0.154127
0.154572
0.159704
0.14675
0.146157
0.156767
0.161799
0.156028
0.156497
0.159576
0.167697
0.153063
0.14918
0.141192
0.141952
0.135758
0.139387
0.140566
0.125253
0.122898
0.134072
0.138478
0.121864
0.132858
0.134663
0.136707
0.133978
0.141903
0.140202
0.136375
0.152807
0.164035
0.16273
0.169308
0.171614
0.183126
0.182949
0.190191
0.193025
0.198872
0.199014
0.199842
0.188983
0.179905
0.187833
0.166872
0.178002
0.162476
0.166622
0.164988
0.15406
0.131478
0.137675
0.150234
0.166661
0.156797
0.149108
0.166883
0.155346
0.161213
0.173547
0.167926
0.168314
0.168646
0.183697
0.176478
0.179952
0.202308
0.204238
0.213038
0.227892
0.236867
0.247536
0.236643
0.244497
0.249959
0.242045
0.226109
0.20026
0.169479
0.140546
0.130683
0.135221
0.120622
0.132139
0.14875
0.123839
0.134423
0.158498
0.141948
0.156953
0.138929
0.14547
0.141521
0.149419
0.149364
0.143595
0.136917
0.140669
0.149688
0.145313
0.155172
0.144262
0.156546
0.156343
0.157308
0.168624
0.183426
0.209487
0.22026
0.240773
0.249235
0.269409
0.272
0.265277
0.251396
0.229073
0.203179
0.208921
0.194581
0.203397
0.214721
0.19415
0.2121
0.209993
0.203481
0.199549
0.198026
0.203969
0.200955
0.208989
0.211662
0.206411
0.198795
0.194208
0.17903
0.177411
0.167936
0.174639
0.164545
0.178326
0.165643
0.189183
0.172337
0.170772
0.172597
0.179289
0.17682
0.159464
0.192924
0.165369
0.162511
0.166746
0.166843
0.172244
0.180519
0.173239
0.179791
0.184515
0.180916
0.179843
0.178745
0.189355
0.183025
0.191157
0.199163
0.185973
0.208602
0.202741
0.190586
0.212471
0.208048
0.202049
0.215307
0.217646
0.234175
0.24433
0.257487
0.290753
0.28248
0.315016
0.332915
0.33551
0.308461
0.296571
0.266932
0.222155
0.189546
0.190513
0.174061
0.216292
0.273815
0.296676
0.365468
0.416163
0.440093
0.461742
0.439194
0.371504
0.287535
0.194289
0.169227
0.14509
0.159197
0.143454
0.159874
0.167107
0.161975
0.164559
0.171437
0.170099
0.179187
0.173856
0.174689
0.183825
0.191662
0.18233
0.192705
0.203842
0.207579
0.209313
0.179328
0.17626
0.165332
0.149949
0.125686
0.144893
0.13579
0.131867
0.136174
0.11213
0.137677
0.127951
0.128148
0.115298
0.126988
0.114717
0.12368
0.122167
0.11964
0.133949
0.128312
0.140298
0.142803
0.141759
0.1559
0.162702
0.142753
0.157419
0.156967
0.155842
0.159205
0.142895
0.158773
0.154055
0.144427
0.142643
0.146919
0.150036
0.130184
0.132799
0.145786
0.143991
0.159883
0.151208
0.170767
0.147754
0.178849
0.15896
0.15734
0.159381
0.149146
0.1549
0.138044
0.139956
0.142303
0.154649
0.1429
0.153798
0.143204
0.151031
0.148754
0.17016
0.146227
0.156769
0.154672
0.150802
0.161213
0.160676
0.169011
0.16416
0.15086
0.129862
0.13687
0.14496
0.131104
0.124174
0.128671
0.117885
0.108253
0.115268
0.102217
0.117289
0.134557
0.120695
0.116893
0.115985
0.0927708
0.126671
0.117218
0.109798
0.113327
0.109151
0.126786
0.112125
0.121796
0.117428
0.105856
0.112925
0.0966973
0.0934216
0.0851401
0.0913023
0.0950985
0.0887812
0.0931674
0.106848
0.109417
0.120585
0.128465
0.119424
0.154679
0.148588
0.140428
0.149322
0.155205
0.132133
0.123113
0.127442
0.0932998
0.0745633
0.0877935
0.0603021
0.0907468
0.109075
0.0782602
0.106406
0.107953
0.118249
0.129035
0.127254
0.131645
0.139671
0.110696
0.14061
0.119974
0.109361
0.12814
0.138439
0.154369
0.145866
0.142927
0.168984
0.151163
0.14275
0.130817
0.155933
0.136212
0.124651
0.14185
0.134631
0.140674
0.140297
0.148517
0.137356
0.14603
0.133508
0.169053
0.125698
0.149818
0.151297
0.130068
0.123721
0.143818
0.13734
0.151208
0.133677
0.109043
0.108205
0.118236
0.112218
0.11906
0.108726
0.122879
0.0988034
0.101315
0.0871264
0.0839358
0.0696352
0.0788153
0.0902233
0.0750688
0.0594013
0.0706339
0.0626911
0.0537242
0.0614374
0.0591884
0.0604715
0.0554304
0.0540355
0.0534499
0.0551634
0.038468
0.0502875
0.0569599
0.0490331
0.052683
0.0520948
0.0556547
0.0478108
0.0532023
0.0526503
0.0587049
0.0474589
0.032976
0.0480844
0.0571858
0.0425231
0.0407709
0.049627
0.0620074
0.0569335
0.0637478
0.0637494
0.0707554
0.0613302
0.0561646
0.064046
0.0595529
0.0678777
0.0714097
0.0580213
0.0614148
0.065092
0.0688925
0.0667488
0.0463038
0.0453752
0.0471995
0.0441502
0.032904
0.0437912
0.0549268
0.0404779
0.0466195
0.0361494
0.0435809
0.0458581
0.0558691
0.0521473
0.0554413
0.0632171
0.0364993
0.0498399
0.0395476
0.0491721
0.0386702
0.0463632
0.0492648
0.0452626
0.0389105
0.0461145
0.0462373
0.0558274
0.0667884
0.071363
0.061559
0.0973825
0.0998249
0.0885922
0.0918242
0.0906716
0.0935923
0.093675
0.113662
0.0864466
0.0886966
0.10053
0.094317
0.118721
0.109151
0.102936
0.116327
0.0870394
0.109993
0.111011
0.133448
0.136174
0.157504
0.148654
0.148592
0.160346
0.162983
0.158196
0.179648
0.197612
0.208492
0.185317
0.181347
0.17287
0.129625
0.14484
0.139182
0.11365
0.0994978
0.107528
0.14341
0.139681
0.13012
0.1479
0.113751
0.145656
0.11222
0.13766
0.150456
0.160292
0.162114
0.154329
0.139792
0.155802
0.115977
0.131264
0.157891
0.163922
0.187254
0.219099
0.193847
0.191425
0.165744
0.173155
0.167342
0.157267
0.162275
0.139133
0.136388
0.120852
0.117341
0.0875708
0.0866372
0.0777236
0.0754321
0.0707847
0.0467212
0.0408157
0.0477092
0.0295049
0.0256203
0.0192341
0.0199049
0.0092304
0.0113612
0.0146296
0.0103452
0.00989991
0.0195896
0.00915521
0.00971223
0.0111011
0.0189363
0.0132502
0.0250904
0.029406
0.0236369
0.0270501
0.0206924
0.0168555
0.00341251
0.00870709
0.00794749
0.00839502
0.00669153
0.00509478
0.00195031
0.00728909
0.0025837
0.0111329
0.00301171
0.00600038
0.00453337
0.00673142
0.00718883
0.0163053
0.00754804
0.0120535
0.0128878
0.017304
0.0166933
0.0165906
0.0120101
0.0102365
0.0115608
0.0105769
0.0048811
0.0131006
0.0101405
0.0115668
0.00973124
0.0139526
0.00863783
0.0129229
0.0137851
0.0125859
0.0233903
0.0187692
0.0198524
0.0179322
0.0210447
0.0249385
0.0267103
0.0315597
0.0252543
0.0207193
0.0121495
0.0221469
0.0255893
0.0229757
0.0223887
0.0185141
0.0177389
0.0193493
0.0171976
0.023737
0.0211049
0.0241119
0.027039
0.0235559
0.0346024
0.0387577
0.027606
0.0283781
0.0281666
0.022784
0.0245997
0.018034
0.0243233
0.0233369
0.0198358
0.0233431
0.0290691
0.026417
0.027052
0.0276679
0.0183738
0.00998366
0.0273035
0.024683
0.0248587
0.0276519
0.0348943
0.0314997
0.0418183
0.040128
0.0442733
0.0357908
0.0451517
0.0500631
0.0527008
0.0517574
0.0561814
0.0539607
0.0514889
0.0425718
0.0569159
0.0512931
0.056216
0.0543893
0.0535634
0.0617722
0.0633037
0.0580906
0.0616626
0.0663426
0.0774393
0.091463
0.0800038
0.0832234
0.0844407
0.0885273
0.0898768
0.0800139
0.0825889
0.0948198
0.092856
0.0909752
0.0892057
0.0842207
0.0875371
0.080918
0.0808237
0.0790582
0.0838095
0.0890575
0.0850303
0.0858628
0.0843059
0.0990592
0.0996065
0.0947953
0.114516
0.0990113
0.0925838
0.0804569
0.0585356
0.0640359
0.0735337
0.0808643
0.0785031
0.0823577
0.0815935
0.0769055
0.0718916
0.0784451
0.0616558
0.0695043
0.0646706
0.0629963
0.0685402
0.0771025
0.061879
0.0639394
0.0683464
0.0716854
0.0786124
0.0605897
0.0685805
0.0674213
0.0595524
0.0609473
0.0438565
0.0382184
0.0493017
0.0350695
0.0397936
0.0548159
0.0469118
0.0401664
0.0520863
0.0499186
0.0421626
0.0410335
0.0264704
0.0487017
0.0494191
0.0379042
0.0441485
0.0451781
0.0418803
0.056083
0.0458657
0.0450515
0.0371006
0.028085
0.0404994
0.0276069
0.0270226
0.0274599
0.00754656
0.0278015
0.0114053
0.0224929
0.00538382
0.0188355
0.00766427
0.021286
0.0183783
0
0.0104784
0.00595176
0.00584275
0.0215197
0.0132728
0.00475071
0.0217926
0.0266751
0.0230034
0.0218581
0.021338
0.0323647
0.0317217
0.0264365
0.0357402
0.0243775
0.0401278
0.0403041
0.0282301
0.0180578
0.0270303
0.0265986
0.02425
0.0257338
0.0171758
0.0184814
0.0225358
0.0173429
0.0130389
0.010827
0.00345357
0.0104179
0.0139122
0.0108805
0.0162597
0.00787934
0.0166857
0.0127991
0.0243041
0.0137361
0.0128034
0.0156447
0.0301133
0.0186686
0.0251571
0.0152327
0.0148175
0.0102206
0.0113499
0.0158736
0.0174969
0.0137291
0.0141701
0.0156941
0.0136415
0.00744763
0.0112249
0.0150406
0.00965627
0.0195673
0.0127364
0.00956972
0.0198154
0.0105364
0.0172688
0.0190908
0.0170515
0.0113301
0.0195208
0.0276598
0.0341589
0.0305613
0.0261046
0.036367
0.0262689
0.0190243
0.0282505
0.0306177
0.0297258
0.0212148
0.0139088
0.0178196
0.0178757
0.0179278
0.0204139
0.0176939
0.0142714
0.0171919
0.0168581
0.0186152
0.0140607
0.0157629
0.0171774
0.0155963
0.0160505
0.0269304
0.0280946
0.0225209
0.0194666
0.0289847
0.0234564
0.0309558
0.0212275
0.0378529
0.0303695
0.041921
0.0329257
0.0314692
0.0402989
0.0376888
0.0357519
0.0329298
0.0281033
0.0392747
0.0396199
0.0391426
0.038207
0.0352481
0.0393525
0.0342261
0.036499
0.0384074
0.0356719
0.0378928
0.0352488
0.0381617
0.0385369
0.0422231
0.0469845
0.0421788
0.0439157
0.0436738
0.054392
0.0622549
0.0689395
0.104181
0.157665
0.33034
0.517408
0.623288
0.638371
0.617234
0.515193
0.322955
0.170801
0.0977405
0.0789543
0.0599758
0.0607205
0.0562106
0.0536134
0.0573023
0.0564344
0.0592349
0.0539478
0.0588474
0.0502348
0.0539176
0.0570619
0.0563118
0.0577048
0.0516008
0.0540207
0.0571259
0.0550951
0.0525526
0.0458313
0.0529234
0.0445059
0.0429364
0.042869
0.0419369
0.0458279
0.048485
0.0382105
0.048984
0.0410265
0.0497727
0.0483366
0.0490298
0.0483604
0.0453391
0.0451727
0.0500627
0.0536952
0.0517929
0.0529667
0.0514144
0.0530989
0.0511314
0.048591
0.0546793
0.052771
0.0495498
0.049243
0.0575019
0.0622748
0.051734
0.0547717
0.0539901
0.052335
0.056423
0.0543743
0.0520765
0.0538416
0.0511392
0.056882
0.0432419
0.0572876
0.0473666
0.0429653
0.0439264
0.0562585
0.0467193
0.0560812
0.0489651
0.0475468
0.0505299
0.052051
0.0536611
0.0449763
0.0496714
0.0456452
0.0490309
0.0513518
0.0490727
0.0490933
0.0525127
0.0485755
0.0564838
0.0516883
0.0452121
0.0551536
0.06078
0.059015
0.0490479
0.0560475
0.0418228
0.0582061
0.0494935
0.04824
0.0634565
0.062684
0.0470426
0.0735088
0.0579536
0.058766
0.0330412
0.066093
0.0540982
0.0542008
0.0678566
0.0694032
0.0588138
0.0710674
0.0745384
0.077065
0.0720396
0.0668246
0.065901
0.0666878
0.0809804
0.0703581
0.0568352
0.0661624
0.0672692
0.0632554
0.045948
0.0651017
0.0714147
0.0637465
0.0668882
0.077021
0.0732685
0.0647645
0.0735384
0.0622714
0.0871038
0.0684569
0.0576336
0.0611918
0.0422047
0.0578519
0.043461
0.0753856
0.0693073
0.0743979
0.0760196
0.0579764
0.0801411
0.073606
0.0921988
0.0825746
0.0827838
0.08346
0.10535
0.0796716
0.108691
0.0947153
0.06922
0.09252
0.0859372
0.0575486
0.0712851
0.0861077
0.0728952
0.0896853
0.0969709
0.0640021
0.0673247
0.141115
0.0949598
0.0789946
0.141921
0.129667
0.11278
0.12425
0.10091
0.106428
0.0866853
0.0995908
0.0823938
0.114488
0.105971
0.0986291
0.1039
0.0887446
0.0817708
0.102645
0.0932776
0.0744293
0.0936372
0.0969582
0.103817
0.0685302
0.0880092
0.0852507
0.0735509
0.0627446
0.0711793
0.064454
0.0853947
0.0924762
0.0700419
0.0895492
0.073603
0.0760128
0.086123
0.073604
0.0604565
0.0775714
0.0800372
0.0638593
0.0633812
0.0726126
0.0886873
0.10309
0.0771123
0.114008
0.0990642
0.107165
0.113873
0.116478
0.0883121
0.0681088
0.0792318
0.0745289
0.0560637
0.0407861
0.0474525
0.0472792
0.0428732
0.0423655
0.0776042
0.058923
0.0699447
0.0559643
0.0745732
0.0623553
0.072155
0.0621936
0.0665379
0.0790939
0.0975917
0.0836909
0.0873251
0.101688
0.113671
0.128632
0.130844
0.146426
0.137677
0.163966
0.177153
0.194107
0.207922
0.200138
0.198016
0.171568
0.105697
0.0574055
0.0623757
0.0693568
0.0632182
0.0578368
0.0502749
0.0623451
0.0409245
0.0496006
0.0378697
0.0665573
0.0647756
0.0656809
0.0533728
0.0610448
0.050037
0.0565725
0.0434211
0.050067
0.0532637
0.06342
0.0505498
0.0508032
0.0447379
0.056993
0.0480576
0.0515507
0.0539477
0.0480989
0.0504773
0.0449007
0.0512427
0.0566778
0.0497189
0.0475086
0.0520497
0.0439006
0.0546578
0.0473234
0.0598082
0.057617
0.0476845
0.0496637
0.053136
0.0600304
0.0537022
0.0567265
0.0515967
0.0592071
0.0439166
0.0596522
0.0490722
0.0566017
0.0473678
0.0534485
0.0467852
0.0473971
0.0535218
0.0434529
0.0392358
0.0525708
0.0594023
0.0438359
0.0393632
0.0356583
0.0404978
0.0430916
0.0359478
0.0438354
0.0385526
0.0608823
0.0472551
0.0432654
0.0478125
0.054483
0.0600898
0.0480634
0.0549669
0.0527654
0.0528493
0.0488088
0.0479552
0.0452386
0.046917
0.0423
0.0482794
0.0449658
0.0470934
0.0431611
0.0472787
0.0379709
0.0550501
0.0520441
0.047116
0.0489641
0.0551919
0.0564539
0.0545784
0.0608066
0.0676156
0.0559097
0.066226
0.0664594
0.0802471
0.0770434
0.0725626
0.0932378
0.0844716
0.0781137
0.0946405
0.102492
0.10482
0.0995385
0.0917665
0.084907
0.0765588
0.0589594
0.0466692
0.0386839
0.0358424
0.0545061
0.0472196
0.0431514
0.0395841
0.0420336
0.0477961
0.0471524
0.0525835
0.0508965
0.0499765
0.0529252
0.0544111
0.0500428
0.0578252
0.0477249
0.0579358
0.0549145
0.0617226
0.0672836
0.0669414
0.0709645
0.0747916
0.0806946
0.087469
0.0867524
0.0913117
0.10313
0.117289
0.125476
0.127387
0.135259
0.142673
0.134731
0.131211
0.121059
0.111731
0.104802
0.0961084
0.0828009
0.071387
0.0640723
0.0669514
0.0596765
0.0600242
0.0561501
0.0855675
0.0650253
0.0660275
0.0636694
0.0772228
0.0670936
0.0698538
0.0708019
0.0742946
0.0806162
0.079167
0.086251
0.082435
0.0936534
0.0837099
0.0879828
0.0889295
0.100483
0.106714
0.104783
0.113625
0.119764
0.125118
0.12102
0.12851
0.136738
0.146973
0.159275
0.158148
0.158961
0.156748
0.1467
0.139756
0.133382
0.120671
0.100512
0.0967931
0.0873175
0.0725627
0.0790884
0.0759836
0.0892951
0.0934232
0.0778495
0.0761765
0.0884673
0.0715746
0.0806477
0.0777139
0.0749104
0.0668739
0.0942789
0.0588544
0.0658793
0.0654373
0.0650654
0.0573894
0.0742222
0.0696014
0.0917856
0.0662894
0.0532589
0.0602773
0.0499029
0.065003
0.0693285
0.0663722
0.0592481
0.0657456
0.0590802
0.0723217
0.0649416
0.0639572
0.0671235
0.0570366
0.0675277
0.0679094
0.0674369
0.0789535
0.0649049
0.0639522
0.056224
0.0659149
0.0637719
0.0657057
0.0699932
0.0688111
0.0694019
0.0689928
0.0547936
0.0679953
0.0653689
0.0631213
0.0660431
0.0643044
0.073454
0.0697926
0.0663591
0.0735706
0.0736856
0.0695544
0.0779295
0.0765228
0.0708319
0.0775833
0.0746629
0.0806677
0.0821753
0.0788697
0.0845058
0.0880611
0.0946176
0.0972274
0.0896409
0.109419
0.110992
0.108629
0.12123
0.129559
0.127937
0.120402
0.141103
0.131341
0.134439
0.147039
0.135698
0.152756
0.125083
0.138617
0.116961
0.107738
0.124619
0.111793
0.104612
0.0968383
0.0915432
0.091276
0.0868107
0.0901628
0.0974642
0.105019
0.105973
0.105833
0.129226
0.13094
0.136374
0.138986
0.152495
0.161208
0.155825
0.145703
0.136042
0.138822
0.138669
0.14194
0.138745
0.121788
0.130491
0.129
0.0919675
0.114978
0.117711
0.0949922
0.0965422
0.091534
0.094154
0.0795406
0.105179
0.131587
0.134686
0.126713
0.139656
0.0975771
0.12534
0.127976
0.137498
0.111208
0.173262
0.182804
0.141554
0.118797
0.132399
0.145044
0.182437
0.15939
0.184551
0.163258
0.171382
0.18124
0.173269
0.177189
0.191793
0.17636
0.191362
0.174828
0.207164
0.203025
0.207406
0.217441
0.188639
0.198991
0.183061
0.195136
0.187455
0.188998
0.172786
0.169553
0.159809
0.153953
0.170314
0.132352
0.108751
0.0995456
0.110693
0.119599
0.0909015
0.109435
0.0702151
0.0967928
0.0787967
0.134405
0.101214
0.105906
0.0931917
0.116269
0.0928873
0.107825
0.123992
0.140521
0.121398
0.0911513
0.138419
0.175534
0.147527
0.157072
0.145743
0.177963
0.187865
0.194574
0.197333
0.1936
0.189912
0.195808
0.197829
0.222527
0.198702
0.249347
0.21978
0.228055
0.22191
0.225414
0.252923
0.242308
0.25966
0.23824
0.230334
0.260707
0.254723
0.230999
0.191492
0.21454
0.233348
0.198702
0.147282
0.159285
0.144885
0.10884
0.104644
0.0846098
0.0913911
0.111013
0.0996423
0.0793113
0.10263
0.0763872
0.125191
0.108937
0.0847554
0.0953224
0.0881553
0.0832494
0.0884775
0.114081
0.0883289
0.0877534
0.105698
0.103404
0.105036
0.0922125
0.0638623
0.077115
0.0667914
0.0951743
0.0995564
0.100806
0.106454
0.121819
0.133154
0.102986
0.0840997
0.0867062
0.0815659
0.09156
0.0993813
0.148308
0.11349
0.120258
0.0830942
0.0966452
0.12791
0.102514
0.119573
0.125633
0.15665
0.118065
0.154428
0.110041
0.126298
0.096182
0.165201
0.104967
0.122874
0.10949
0.101986
0.0997287
0.147989
0.125201
0.156704
0.14877
0.113573
0.139841
0.0804332
0.113262
0.0797811
0.162313
0.0822184
0.124018
0.1177
0.126382
0.116989
0.15684
0.054869
0.0859599
0.0886812
0.10968
0.110312
0.104694
0.0751025
0.100958
0.10665
0.0885618
0.0974699
0.0915906
0.116125
0.0755544
0.0774145
0.0994759
0.112804
0.09458
0.0489136
0.083774
0.102359
0.110205
0.115406
0.119125
0.142177
0.112123
0.1501
0.135384
0.104355
0.138993
0.113862
0.16818
0.129202
0.100394
0.130358
0.0864135
0.116713
0.123325
0.160844
0.146539
0.0811467
0.116377
0.125987
0.163544
0.137179
0.123834
0.148492
0.116377
0.135225
0.114141
0.14616
0.0860292
0.150629
0.125963
0.0952089
0.0881538
0.0936558
0.07168
0.0688774
0.0795002
0.0858223
0.0692653
0.0422506
0.0420002
