0.0757522
0.0809158
0.0733536
0.0764076
0.0798921
0.0784939
0.0792365
0.0773911
0.0813647
0.081919
0.0852955
0.0853203
0.0873124
0.0872889
0.0874837
0.088553
0.0823345
0.0857425
0.082817
0.08306
0.087797
0.0831845
0.0920861
0.0895523
0.0845913
0.0937428
0.092287
0.0932785
0.0964127
0.0905167
0.0958166
0.0967581
0.0958185
0.0939887
0.094212
0.0945756
0.0923112
0.0902451
0.0850875
0.0832777
0.0944682
0.0786094
0.0908494
0.0919748
0.0922902
0.0897857
0.0925004
0.0913493
0.0950591
0.10011
0.100392
0.100493
0.102267
0.103821
0.104202
0.102047
0.0949192
0.0914111
0.086771
0.0842718
0.0818885
0.0744831
0.0696615
0.0722704
0.0755852
0.0682465
0.0700438
0.0733054
0.0754581
0.080281
0.0731808
0.0799122
0.084733
0.0773516
0.0727294
0.0810748
0.0823859
0.0736392
0.0749213
0.0794047
0.0749278
0.0778621
0.0763187
0.0734175
0.0772314
0.0790491
0.0810376
0.0807089
0.0816978
0.0860389
0.0827962
0.0891638
0.0848146
0.0816385
0.0812886
0.0842387
0.0890835
0.0804373
0.0879069
0.0899411
0.0863603
0.0861071
0.088822
0.0842848
0.0906277
0.0891317
0.0878298
0.0954628
0.0888966
0.0924767
0.0910782
0.0875435
0.0883171
0.0846619
0.0878263
0.0783931
0.0813967
0.0778134
0.0698952
0.0704953
0.0789496
0.08033
0.0873839
0.0850547
0.0879436
0.0900959
0.0875147
0.0894768
0.0923278
0.0946302
0.0952123
0.0947496
0.0944414
0.0993233
0.099808
0.0977314
0.0929756
0.0932528
0.0942845
0.0829214
0.082398
0.0867869
0.0715954
0.0664597
0.0713802
0.0764812
0.0788669
0.0719357
0.0846969
0.0735281
0.0965015
0.0839383
0.0920839
0.0921209
0.0975854
0.095263
0.0960265
0.0984361
0.0927174
0.0928613
0.0918767
0.0939927
0.0878628
0.0943946
0.0876322
0.0839099
0.0762853
0.0804336
0.0863818
0.0773603
0.0755458
0.0795
0.0868158
0.0803764
0.0883044
0.0789814
0.0847735
0.0815576
0.0757648
0.0803023
0.0764607
0.0722766
0.0672717
0.0659507
0.0763775
0.0676186
0.0760574
0.0774059
0.0777232
0.0826551
0.0836505
0.0797238
0.0875463
0.0836208
0.0826451
0.0763169
0.0817366
0.0752369
0.0727373
0.0653223
0.0720329
0.0647355
0.062105
0.0630832
0.0682916
0.0699509
0.063308
0.0710403
0.0739085
0.0745607
0.0871098
0.0773427
0.0804907
0.0817812
0.0889142
0.0892522
0.0861801
0.0866747
0.0872695
0.0858626
0.0851887
0.0802377
0.0852946
0.0734707
0.0690373
0.0626566
0.0508507
0.0669613
0.0677178
0.0631093
0.07249
0.0752798
0.0762386
0.0760962
0.0740613
0.0736947
0.0735254
0.0779035
0.0835318
0.084449
0.0835195
0.0862258
0.0908344
0.0913361
0.0886402
0.0916676
0.0905874
0.0914353
0.0880718
0.0886493
0.0874878
0.0879218
0.0871842
0.0773812
0.080089
0.0637776
0.0719833
0.0631219
0.057583
0.05275
0.0467212
0.0658209
0.0513168
0.0600581
0.0775576
0.0676055
0.0564702
0.0746877
0.0742232
0.0766709
0.0739451
0.0791101
0.0856511
0.090816
0.090336
0.0908977
0.0927573
0.0949049
0.0889573
0.0910315
0.0955625
0.0896093
0.0894095
0.0792391
0.0745329
0.0765584
0.0694569
0.0770024
0.0744148
0.0557432
0.0543744
0.0659311
0.0671331
0.0452836
0.0540889
0.059973
0.0623221
0.067481
0.0591895
0.0629017
0.0678629
0.0720952
0.0837056
0.0791574
0.076363
0.0700514
0.0727366
0.087127
0.0772672
0.0769122
0.0783364
0.0797952
0.0720622
0.0668049
0.0594636
0.0601893
0.0501847
0.0682831
0.047259
0.068032
0.059872
0.0467562
0.0562562
0.059683
0.0586981
0.0505427
0.05475
0.060351
0.0555564
0.069037
0.0620971
0.0661946
0.0658001
0.0819047
0.06612
0.0807145
0.0797234
0.0800649
0.0797806
0.0834474
0.0855122
0.07445
0.0748457
0.0705883
0.0617995
0.0552256
0.0582913
0.0510452
0.0650796
0.061008
0.0457114
0.0450465
0.0478589
0.0644924
0.0409912
0.0676247
0.0563398
0.0541222
0.0533059
0.0450111
0.0720792
0.0518829
0.0600571
0.0671568
0.065769
0.077748
0.0709953
0.0752118
0.0690152
0.0893097
0.0779372
0.0732998
0.0793997
0.0793664
0.0739644
0.0868973
0.0815077
0.0756925
0.0732779
0.0694885
0.0661874
0.0551649
0.0491458
0.0478767
0.059748
0.0587639
0.0577646
0.0612041
0.0627656
0.0577133
0.0685238
0.0591788
0.0637417
0.0581197
0.054475
0.0605332
0.0634962
0.0675818
0.069514
0.0740964
0.076355
0.077349
0.0772388
0.0730326
0.0786115
0.0813228
0.0863941
0.0810587
0.086096
0.0808162
0.0716168
0.0857141
0.081731
0.081185
0.0681285
0.0777781
0.0656482
0.0683885
0.0492246
0.0767915
0.0655691
0.0692214
0.0658223
0.0625894
0.0775441
0.0643149
0.0553852
0.0755302
0.0796383
0.0764177
0.0680035
0.0862268
0.0793931
0.0831339
0.0797024
0.0690773
0.0785581
0.0751856
0.0779457
0.0685441
0.0764377
0.05672
0.0482515
0.0510219
0.0529656
0.0449639
0.0536024
0.0660161
0.0512128
0.0454304
0.0568399
0.0469957
0.0290855
0.0450559
0.0367375
0.0499607
0.0560906
0.0335999
0.0496413
0.0441591
0.0464763
0.0714903
0.062897
0.05047
0.0495433
0.0790375
0.0765166
0.0752546
0.0760008
0.0664032
0.0602676
0.0644664
0.0738086
0.0794712
0.0759546
0.0740818
0.073575
0.0802937
0.0575477
0.0759601
0.0471884
0.0493453
0.0479938
0.0584942
0.0367756
0.0480783
0.0403313
0.0412679
0.0769367
0.0486876
0.0614316
0.10619
0.154037
0.179441
0.228997
0.245771
0.278628
0.289244
0.233113
0.195913
0.135429
0.0786595
0.0645556
0.0522349
0.0628017
0.0482432
0.0564704
0.0709797
0.0695691
0.0656492
0.0600179
0.0716866
0.0619693
0.0694979
0.0643149
0.0756241
0.0673927
0.0672685
0.0652024
0.0698247
0.0718002
0.0683005
0.05894
0.0562318
0.0525104
0.0794029
0.0497841
0.0434246
0.0446153
0.0502195
0.0529426
0.0611989
0.0603011
0.0781995
0.0538188
0.0549244
0.0627261
0.0634595
0.079626
0.0814349
0.0731821
0.0628658
0.0753668
0.0748898
0.0628306
0.0580188
0.0600789
0.0631914
0.0499881
0.0446881
0.0590071
0.0551374
0.0726626
0.0730691
0.0597751
0.0641122
0.0576126
0.0546152
0.0419553
0.0467471
0.0402715
0.0491025
0.0432396
0.0487559
0.0559739
0.050448
0.0473044
0.0622386
0.0539792
0.0688274
0.0578478
0.0516051
0.0482794
0.0686548
0.0467428
0.0532431
0.0648001
0.072966
0.0598801
0.0622086
0.0595808
0.0458049
0.0674947
0.0726035
0.0647061
0.0711174
0.0577488
0.0451904
0.0546695
0.0586759
0.0581833
0.0254549
0.0566182
0.052876
0.0450077
0.0369818
0.0429956
0.0296828
0.0348992
0.0589956
0.050485
0.0643304
0.0461098
0.0229067
0.0476235
0.0473624
0.052169
0.0272306
0.0425887
0.0337195
0.0562144
0.0449093
0.0425195
0.0512246
0.043363
0.0620852
0.0483976
0.0429769
0.0402466
0.0596606
0.0588675
0.054408
0.0541063
0.0678617
0.0570079
0.0441559
0.0545872
0.0486115
0.0650246
0.0527915
0.0458465
0.0359743
0.0475791
0.0576619
0.0531974
0.0526222
0.0539784
0.0399081
0.0397511
0.0484729
0.0433388
0.0506816
0.0502902
0.0617118
0.0492174
0.0672248
0.0505097
0.0554223
0.0360155
0.0526336
0.0602601
0.0631811
0.0575446
0.0488565
0.0447918
0.0499212
0.0434753
0.0537165
0.0212323
0.0383913
0.042845
0.0400865
0.0407436
0.0474653
0.0297125
0.0562455
0.0371486
0.0681398
0.0463162
0.0568417
0.0384149
0.049638
0.0629475
0.0524972
0.0335801
0.0540839
0.0532393
0.0450017
0.0521285
0.0642114
0.073034
0.0645734
0.0513175
0.0618965
0.0527042
0.0484254
0.0179414
0.0308975
0.0574253
0.0644591
0.0429849
0.0293116
0.0552776
0.0427855
0.0713359
0.0563115
0.0627833
0.0328422
0.0427713
0.0398469
0.0432755
0.0429712
0.0547964
0.0464385
0.0438668
0.0380167
0.0452282
0.0379402
0.0342571
0.0307435
0.035168
0.0460471
0.0520434
0.0397339
0.0199305
0.0380764
0.0376885
0.0520584
0.0421039
0.029175
0.0224742
0.0507172
0.0228031
0.0324834
0.0232613
0.0360475
0.042921
0.0237912
0.0327973
0.0408921
0.0303061
0.0382831
0.0333688
0.0327838
0.0346852
0.0457278
0.0486699
0.0377572
0.0269562
0.0317686
0.0391211
0.0410322
0.0421699
0.0468921
0.0508418
0.0435606
0.0400132
0.0431038
0.0353151
0.0336923
0.0316451
0.0405382
0.0305822
0.0376968
0.0289309
0.0318961
0.0481455
0.0442222
0.0310012
0.0267039
0.0487883
0.0363335
0.0101815
0.0236105
0.0324648
0.0283364
0.0353366
0.0403131
0.0532238
0.0450937
0.0358637
0.0407518
0.0317365
0.0302088
0.0351831
0.0381115
0.0405123
0.0321764
0.0444124
0.0250579
0.0430803
0.0402888
0.0301244
0.0404472
0.0441792
0.0528518
0.0422894
0.0666362
0.0502469
0.0377867
0.0439419
0.0413367
0.0508188
0.0529778
0.0520213
0.0359339
0.0304849
0.0222517
0.0298268
0.0349838
0.0366114
0.0365353
0.0445768
0.0637125
0.0391916
0.0314512
0.0539029
0.0644665
0.0750592
0.045739
0.0342891
0.0635747
0.0280812
0.047116
0.0436435
0.0253075
0.0505546
0.0301387
0.059781
0.0263708
0.0505836
0.0601864
0.0495431
0.0380956
0.0524626
0.0683561
0.025399
0.0330759
0.0424454
0.0400672
0.0741051
0.0360723
0.0449695
0.0228412
0.0224216
0.0413391
0.0564105
0.0452777
0.0264273
0.0492305
0.0633896
0.0500853
0.0303965
0.0369322
0.0412465
0.041359
0.0445718
0.0383063
0.0513363
0.0508678
0.0322208
0.0369042
0.0416285
0.0473682
0.0473444
0.0335688
0.0388628
0.0280806
0.0503405
0.0355481
0.0387498
0.0381471
0.0354735
0.0283755
0.0417408
0.0365525
0.033802
0.0272998
0.0335558
0.0263494
0.0384056
0.0437744
0.0334245
0.029637
0.031071
0.0422129
0.0268954
0.0328564
0.033769
0.0246945
0.0351805
0.0256956
0.0276571
0.0292394
0.0316501
0.0300383
0.0305234
0.0314356
0.0304913
0.0274824
0.0208966
0.0314179
0.0236199
0.02623
0.0268806
0.0286512
0.0333768
0.0178533
0.0248459
0.03038
0.0323294
0.0317372
0.0230383
0.0289634
0.0237269
0.0223244
0.0370865
0.02828
0.0287108
0.030963
0.0296092
0.0327845
0.0259038
0.0301153
0.0184897
0.0262765
0.0219949
0.0378214
0.0257874
0.0252477
0.021105
0.0283877
0.0303705
0.0345298
0.029365
0.0253767
0.0262557
0.034411
0.0258952
0.0313296
0.0282612
0.0297689
0.0262066
0.0313096
0.028882
0.0364686
0.0263616
0.0271342
0.0228276
0.0293247
0.0247574
0.0338853
0.0319402
0.0323069
0.0304409
0.0278248
0.0260847
0.0236976
0.0213605
0.0322484
0.0249326
0.0253821
0.032326
0.0240523
0.0281961
0.0259898
0.0293565
0.0273833
0.0294872
0.0321118
0.0229243
0.02397
0.032805
0.0407486
0.0290758
0.0301258
0.0380863
0.0395408
0.0309512
0.0233371
0.0292503
0.025682
0.0241551
0.0308182
0.023559
0.0383903
0.0367178
0.0288716
0.0270592
0.0213914
0.0261603
0.0251992
0.0288773
0.0399013
0.0310843
0.0215909
0.0279528
0.0347534
0.0399555
0.0264171
0.0303086
0.0285745
0.0337489
0.0284292
0.0420645
0.0265513
0.043826
0.0317721
0.0283865
0.0432817
0.0290099
0.0370145
0.0253428
0.0254675
0.0251837
0.0221606
0.0301876
0.0296693
0.0334565
0.022827
0.0352724
0.0344897
0.0218477
0.040606
0.0383976
0.0340938
0.0457553
0.0343336
0.0282901
0.0305792
0.035605
0.0417834
0.0450249
0.0339974
0.0218358
0.0300907
0.0401694
0.0343675
0.0396034
0.0478847
0.0471414
0.0238991
0.0534758
0.0264157
0.0280966
0.0460929
0.0255442
0.0445812
0.0300666
0.0318063
0.0385883
0.0382036
0.0345429
0.0405086
0.0423208
0.0494066
0.049845
0.0284717
0.0381
0.0270736
0.0278834
0.0314398
0.048372
0.0271435
0.0293823
0.0370553
0.0459655
0.0249397
0.0199878
0.0415159
0.028001
0.0314371
0.0194542
0.0399408
0.0317707
0.0393513
0.0176534
0.0215436
0.0185985
0.0294852
0.04128
0.033878
0.0217328
0.0334625
0.0263695
0.0190081
0.033315
0.0225936
0.0393538
0.0307668
0.0391744
0.0262384
0.0226
0.0260521
0.0196254
0.0348444
0.0336395
0.0288724
0.0425439
0.0311892
0.0219774
0.0331116
0.0269045
0.0240606
0.0292799
0.0253651
0.0355746
0.0325639
0.0298103
0.0303724
0.0384231
0.0291712
0.0272292
0.0322907
0.0348341
0.0274372
0.0164274
0.0399761
0.0317042
0.0246427
0.0244705
0.0231766
0.0383461
0.0279637
0.0277944
0.0284444
0.0245433
0.0414309
0.0310569
0.0335476
0.0472542
0.0227668
0.0287878
0.0318248
0.0284914
0.0203319
0.0240188
0.0319703
0.0358503
0.0283472
0.0300197
0.0310606
0.033852
0.0399793
0.0300119
0.0226441
0.0288365
0.0321735
0.0308903
0.0237207
0.0314963
0.0349881
0.0263569
0.0383458
0.0225808
0.0378588
0.0149468
0.0233791
0.0325289
0.0428779
0.0467462
0.0299824
0.0400232
0.0374003
0.0201852
0.0300117
0.0289052
0.0420821
0.0277805
0.0200454
0.0258011
0.0227104
0.0270579
0.0331021
0.0330483
0.0273198
0.0304606
0.0288397
0.0235054
0.0337302
0.0262585
0.0297405
0.0265417
0.0248788
0.0378723
0.0270381
0.0234514
0.0245209
0.0301434
0.0345741
0.0251851
0.0351052
0.039853
0.0348087
0.0324171
0.0353783
0.0369352
0.0307882
0.0248493
0.0343089
0.0274379
0.029282
0.0329038
0.0300526
0.0298216
0.0370486
0.0313434
0.0335205
0.0268023
0.0358421
0.02956
0.0311397
0.0358077
0.0371616
0.0273172
0.0236835
0.0295005
0.0254142
0.0363922
0.0330359
0.0426684
0.0430838
0.0571006
0.0821567
0.120813
0.260695
0.377921
0.419019
0.431262
0.4047
0.330456
0.182318
0.0907635
0.0511014
0.0449159
0.0437243
0.0337573
0.0336118
0.0283004
0.0354435
0.0343646
0.0338691
0.0318615
0.038428
0.024536
0.0300683
0.0326796
0.0364167
0.0283026
0.0290676
0.0252103
0.0315572
0.0262643
0.0256728
0.0318169
0.0263631
0.0305052
0.0313968
0.0265123
0.0366662
0.0360184
0.0316674
0.0397904
0.0389896
0.0436483
0.0423989
0.0464116
0.0336655
0.048554
0.0370145
0.0381137
0.0386015
0.0401282
0.0327377
0.037001
0.0304618
0.0310485
0.0406724
0.0272365
0.0319261
0.0318267
0.0321527
0.0280489
0.0295771
0.0301191
0.0353136
0.0361824
0.0363689
0.0268335
0.0310784
0.0368037
0.0285616
0.0248228
0.0282139
0.0344416
0.0420245
0.0382503
0.0287276
0.0275876
0.0434047
0.0217965
0.031137
0.0331532
0.0453034
0.0285448
0.0310488
0.0317658
0.0328386
0.0273123
0.0385345
0.0323122
0.0364169
0.0306893
0.023677
0.0392736
0.0301316
0.0340509
0.0357007
0.0410752
0.0300854
0.0195728
0.0285701
0.0397687
0.0237698
0.023825
0.0292251
0.0270984
0.0337969
0.0309489
0.0402271
0.0362292
0.0430176
0.0472911
0.0370823
0.0471908
0.0414832
0.0420061
0.0316073
0.0414856
0.0344259
0.0476992
0.0372016
0.0481413
0.0165651
0.0177285
0.041585
0.0311178
0.0356375
0.0167141
0.0434054
0.0369193
0.0391864
0.0247339
0.0382723
0.0262514
0.0319593
0.0340376
0.0194286
0.0306826
0.0371207
0.0402845
0.0377868
0.0449819
0.0359126
0.0305348
0.0255616
0.0478644
0.0435948
0.0371908
0.0375259
0.0663141
0.0547136
0.0735341
0.0416971
0.0314679
0.0311001
0.0392517
0.010514
0.0521755
0.0455232
0.00543819
0.0524479
0.0393321
0.0540173
0.0401133
0.049152
0.0669383
0.018141
0.0669648
0.014328
0.0744246
0.0431878
0.0374816
0.0546182
0.075512
0.0330803
0.0610063
0.0360622
0.050277
0.040408
0.0270818
0.061421
0.0703787
0.0439709
0.0319159
0.0578527
0.0482179
0.0377955
0.0518452
0.0696139
0.0684797
0.0308972
0.0641058
0.0580678
0.0187196
0.0520421
0.0465017
0.0764937
0.0474896
0.0444363
0.0160214
0.0143314
0.0365207
0.0544297
0.0220206
0.0397825
0.0200167
0.0423061
0.0393656
0.0104701
0.040777
0.0461355
0.0246966
0.0551217
0.0284485
0.0452979
0.0378494
0.0548094
0.0418511
0.0623199
0.0458183
0.010171
0.0799908
0.0404621
0.0393784
0.0727461
0.057232
0.0498147
0.0662654
0.0549085
0.044929
0.0439615
0.0205022
0.0405541
0.0386688
0.0310001
0.0447528
0.0359274
0.0339298
0.0464029
0.0215453
0.0245566
0.0571252
0.0451185
0.0448183
0.0574545
0.0364433
0.0466078
0.0410953
0.0455059
0.0540733
0.0517285
0.0328788
0.0493543
0.0548509
0.0416656
0.0589252
0.052498
0.0550062
0.0583894
0.0581087
0.0663694
0.0661606
0.0780233
0.0733081
0.073456
0.0596129
0.0486646
0.045211
0.0330997
0.0582886
0.0367952
0.0308657
0.0475687
0.0218962
0.0420589
0.0428305
0.0453142
0.0499592
0.0360011
0.041889
0.0394624
0.0509166
0.0217789
0.026401
0.0466973
0.0512106
0.0390454
0.0237373
0.0272925
0.041144
0.0336018
0.0420759
0.0322369
0.0404987
0.0337784
0.0234873
0.0296039
0.0237896
0.0268433
0.0326591
0.0370635
0.0315231
0.0250016
0.0253522
0.0235689
0.0328046
0.0316043
0.0247689
0.0277324
0.0373656
0.0244312
0.0454795
0.028343
0.0366516
0.0355525
0.0374983
0.0252531
0.0320636
0.0296051
0.0318028
0.0289688
0.0393672
0.0506039
0.0382689
0.0463173
0.0455031
0.0326035
0.0252061
0.0432853
0.0412789
0.0353809
0.0321938
0.0332379
0.0357161
0.0345067
0.0364047
0.0372732
0.0317825
0.0419438
0.0374849
0.0410211
0.0367166
0.0399462
0.0393628
0.038925
0.0381448
0.0361473
0.037874
0.031386
0.0220575
0.0267213
0.0218965
0.0314626
0.026931
0.0331554
0.0335896
0.030562
0.0261354
0.0231417
0.0253044
0.0261875
0.0364404
0.0375854
0.0360343
0.0294909
0.0359668
0.0338969
0.0334573
0.0445397
0.0391697
0.0350259
0.0420316
0.0389713
0.0389389
0.0607207
0.0452972
0.0647609
0.0488869
0.0552454
0.0499358
0.0551566
0.0606955
0.0357865
0.0509237
0.0401532
0.0365322
0.0423131
0.0389687
0.0280066
0.0365391
0.0336857
0.0260734
0.0343378
0.0294013
0.0366721
0.0319141
0.031281
0.0337422
0.0356709
0.0330194
0.0312657
0.0400559
0.0384014
0.0416061
0.0289498
0.0385548
0.0476372
0.0396411
0.0376799
0.0455355
0.0435477
0.0461087
0.0554132
0.0466294
0.0506252
0.0591152
0.0615628
0.062483
0.0650583
0.0554168
0.0559599
0.0490924
0.0495364
0.0554754
0.0471436
0.0520061
0.0495794
0.0392837
0.0584321
0.0508426
0.0369389
0.0420445
0.0335074
0.0303864
0.0397493
0.0446151
0.0397524
0.0477473
0.0339019
0.0318329
0.0497876
0.0387053
0.0354542
0.038091
0.0452277
0.0414868
0.0374535
0.046083
0.0415034
0.048174
0.051836
0.0518278
0.0510108
0.0481231
0.0540965
0.0515619
0.0501523
0.046749
0.0590487
0.0542723
0.0655664
0.0477481
0.0525883
0.0548695
0.0603
0.0471574
0.0438326
0.0430626
0.0407993
0.0281844
0.0373511
0.0508166
0.0376412
0.0389441
0.0355074
0.0270068
0.0193646
0.030074
0.0322216
0.040526
0.0391968
0.0449175
0.0417254
0.0328615
0.0394816
0.035447
0.0135217
0.0399965
0.0283246
0.0364552
0.0472149
0.034692
0.0403111
0.0291996
0.0270227
0.0329958
0.0289814
0.0330195
0.0336827
0.0265957
0.0376431
0.0335739
0.0321595
0.0365139
0.0174868
0.0331406
0.0250964
0.029965
0.0255249
0.0272288
0.033536
0.0199113
0.0365655
0.0322875
0.0293492
0.0243864
0.0318863
0.025836
0.0265499
0.0239536
0.0217992
0.0304663
0.0253426
0.0240117
0.0181449
0.0186845
0.032257
0.0425044
0.0391462
0.0397456
0.0530612
0.0496374
0.0609398
0.0551149
0.054334
0.0634352
0.060851
0.0572368
0.0730859
0.064101
0.0660124
0.0546335
0.0779089
0.0586029
0.0607015
0.0853846
0.0537371
0.0592584
0.0617225
0.0608938
0.0545067
0.0617663
0.0441182
0.057976
0.0441558
0.0605011
0.0484208
0.0576514
0.065608
0.0628496
0.0554941
0.0665969
0.0418107
0.0516188
0.0481796
0.0494909
0.0469356
0.0576671
0.0520404
0.0753319
0.0586804
0.0645185
0.0613803
0.0706837
0.0625576
0.0595603
0.0563453
0.0633852
0.0761909
0.0657107
0.0667412
0.0788757
0.0730141
0.0714495
0.0690656
0.0800755
0.0710454
0.0740055
0.067709
0.0753815
0.0722069
0.0562839
0.0559053
0.0742983
0.0305043
0.0388064
0.0612984
0.0641572
0.0748397
0.0375126
0.0592681
0.075979
0.103552
0.0437781
0.0704279
0.0394382
0.0996914
0.0314776
0.0499886
0.0753312
0.0798937
0.0452471
0.0847948
0.0767788
0.0656139
0.0853597
0.107361
0.0694499
0.0992094
0.0651223
0.0705132
0.0799671
0.0982365
0.0896883
0.0918359
0.0882122
0.0782012
0.083848
0.0859304
0.0872108
0.0797356
0.0897027
0.0691121
0.0971932
0.0858472
0.077213
0.086027
0.0752015
0.0682297
0.07978
0.0504924
0.078366
0.0397224
0.0397529
0.0590712
0.0723109
0.0692069
0.0239991
0.0522807
0.0462727
0.0701017
0.0564871
0.0648206
0.0348653
0.0528071
0.0548439
0.0688899
0.0402665
0.0986748
0.0403612
0.095375
0.0499641
0.063455
0.0552975
0.0245664
0.0632482
0.0503545
0.0723587
0.115827
0.106681
0.0381251
0.076041
0.0801353
0.0582233
0.0641281
0.0808097
0.0820837
0.103389
0.0786772
0.0893122
0.0634389
0.0921516
0.0716731
0.0923374
0.0771976
0.0923363
0.0957121
0.0811676
0.0946724
0.0902693
0.0762046
0.0957677
0.0691771
0.113405
0.0836181
0.0449213
0.0734531
0.0593498
0.0494765
0.0711177
0.117519
0.0698077
0.0914299
0.0812898
0.0276027
0.0615583
0.105375
0.107982
0.0797687
0.0588602
0.0720844
0.0720127
0.071258
0.0490089
0.103401
0.118943
0.0504252
0.0606454
0.0640726
0.0738887
0.0618873
0.0942529
0.107829
0.0817056
0.106206
0.0757152
0.0530363
0.0740463
0.0623165
0.111614
0.0525519
0.0732733
0.0817766
0.0538312
0
0.0822567
0.0213498
0.0606263
0.0954825
0.0599892
0.0795801
0.0831888
0.0329263
0.0582191
0.0484457
0.0338688
0.0605987
0.0777572
0.100861
0.0660267
0.081016
0.0533239
0.110886
0.0915531
0.0971326
0.117078
0.0980658
0.0618843
0.085978
0.0602031
0.0579033
0.0641832
0.0916354
0.0788708
0.0518948
0.0582037
0.0519633
0.0805019
0.0557929
0.0757578
0.0904391
0.0823868
0.0877355
0.0852129
0.0785953
0.0212643
0.128334
0.0669676
0.0785511
0.0588107
0.0794552
0.0445391
0.0686
0.0735157
0.0601553
0.0591444
0.084315
0.0353577
0.0772707
0.0461629
0.0993072
0.0294156
0.058729
0.0703028
0.111453
0.0544935
0.0979895
0.0520248
0.0822179
0.0572284
0.0512713
0.046292
0.079012
0.100824
0.105769
0.0878547
0.116119
0.082332
0.0907533
0.0869251
0.0978452
0.0913271
0.0999782
0.0690907
0.0786296
0.0547772
0.0972163
0.107389
0.0593425
0.110877
0.00292561
0.067035
0.094733
0.0710785
0.0369939
0.0599801
0.0426632
0.0808823
0.0579221
0.0938633
0.0737722
0.0773649
0.0519082
0.0649405
0.0660696
0.0593649
0.0627239
