0.106826
0.107689
0.107676
0.105156
0.109688
0.114885
0.113448
0.109556
0.112125
0.110735
0.122195
0.118962
0.122511
0.123849
0.118758
0.122817
0.117924
0.121969
0.113841
0.122538
0.117381
0.111813
0.123647
0.123995
0.120187
0.133332
0.126127
0.126305
0.12782
0.127466
0.129372
0.13148
0.128325
0.127347
0.127432
0.125738
0.124697
0.123476
0.123516
0.120261
0.124509
0.116944
0.11863
0.123543
0.126881
0.125465
0.129244
0.12515
0.130456
0.134288
0.137258
0.134436
0.137701
0.138758
0.139376
0.137466
0.127902
0.128469
0.12714
0.118282
0.114698
0.104888
0.0982793
0.102989
0.103924
0.0995984
0.0900593
0.10594
0.100235
0.114723
0.106787
0.115509
0.114948
0.115978
0.10749
0.11997
0.112701
0.103641
0.109166
0.108444
0.110093
0.108633
0.103973
0.10761
0.114406
0.116667
0.113594
0.122094
0.115104
0.119841
0.11488
0.120818
0.121458
0.116006
0.117877
0.121483
0.115189
0.114143
0.123707
0.123509
0.121368
0.121928
0.119875
0.12219
0.120406
0.123076
0.127891
0.124454
0.1229
0.127434
0.12835
0.1241
0.125208
0.120897
0.11881
0.109668
0.112512
0.107134
0.108368
0.108833
0.113424
0.113623
0.117486
0.126024
0.119676
0.128548
0.125517
0.123174
0.126419
0.130175
0.127587
0.130837
0.13018
0.134644
0.135235
0.134196
0.1297
0.128637
0.129117
0.121415
0.115112
0.112353
0.0980312
0.108962
0.108778
0.111535
0.106096
0.102771
0.116836
0.108968
0.126018
0.120692
0.123992
0.124715
0.13066
0.128848
0.128471
0.132798
0.127875
0.128486
0.129175
0.127188
0.124619
0.125197
0.119226
0.120473
0.108033
0.119481
0.120087
0.116112
0.111871
0.115317
0.119022
0.113844
0.121357
0.112576
0.11493
0.109049
0.106786
0.117945
0.1077
0.0952948
0.104291
0.0988661
0.104873
0.103259
0.112699
0.117808
0.115326
0.117954
0.121025
0.117877
0.122847
0.118719
0.118615
0.118212
0.118183
0.109212
0.100615
0.0947048
0.101477
0.0988014
0.100258
0.097881
0.0936355
0.100998
0.0891345
0.102201
0.111408
0.103096
0.115398
0.112569
0.115959
0.11594
0.117226
0.121283
0.121394
0.118697
0.122627
0.122353
0.120437
0.117388
0.121374
0.106841
0.0966443
0.101919
0.089957
0.10002
0.0937187
0.101429
0.103857
0.100341
0.110274
0.106201
0.110787
0.106313
0.109202
0.10961
0.116994
0.110913
0.116712
0.122549
0.121918
0.125591
0.125839
0.123924
0.127735
0.1254
0.123539
0.123707
0.124795
0.117917
0.118939
0.113709
0.114617
0.100537
0.0900399
0.0920637
0.085464
0.0916583
0.0794765
0.0888398
0.0855574
0.0913718
0.0902961
0.0964981
0.0888459
0.0954559
0.10884
0.108489
0.112771
0.117343
0.125263
0.126168
0.130718
0.12605
0.126529
0.125805
0.129456
0.122768
0.126708
0.12239
0.123267
0.112199
0.107897
0.114959
0.105792
0.106376
0.113955
0.08242
0.0851367
0.0866886
0.0860733
0.0687691
0.0864529
0.0907542
0.0755731
0.0937931
0.0907107
0.094265
0.103785
0.11468
0.113429
0.106348
0.102253
0.109098
0.106563
0.12283
0.108835
0.112919
0.111729
0.112716
0.100171
0.0999231
0.0843611
0.0861576
0.0656381
0.0863339
0.0663166
0.0912663
0.0817808
0.0683677
0.0836116
0.0931685
0.0811128
0.0894642
0.0891123
0.08744
0.0984185
0.089821
0.0941347
0.101009
0.0984112
0.112421
0.10011
0.106066
0.103408
0.112597
0.116774
0.115264
0.113945
0.115099
0.100949
0.104281
0.0924599
0.0795118
0.0758419
0.0886919
0.0777875
0.0825158
0.0840019
0.0756039
0.0652325
0.0893708
0.0816664
0.0896009
0.0825484
0.0797791
0.0872311
0.0769032
0.0955944
0.0756222
0.0790408
0.100441
0.0931344
0.108991
0.107466
0.0979349
0.107947
0.1188
0.118732
0.112439
0.120875
0.118776
0.121976
0.115504
0.120664
0.108654
0.109909
0.0913714
0.100302
0.0782718
0.0802415
0.086531
0.0910587
0.100736
0.0918679
0.0885636
0.0817129
0.0745913
0.090113
0.0921737
0.0851079
0.0795772
0.0935902
0.0764994
0.103168
0.0946071
0.113594
0.100357
0.0987538
0.108829
0.109297
0.104161
0.118543
0.115082
0.118811
0.108546
0.115627
0.114679
0.108213
0.1124
0.108003
0.117352
0.0952076
0.106219
0.103389
0.0971989
0.0881632
0.0816326
0.0810352
0.0865729
0.0904271
0.0980383
0.0963715
0.0864881
0.0914414
0.114168
0.109116
0.103909
0.10375
0.111643
0.106989
0.108806
0.111727
0.107163
0.106004
0.108499
0.106409
0.117461
0.101689
0.0875513
0.07005
0.0824088
0.0885707
0.0699956
0.0766146
0.0877612
0.0699989
0.0636841
0.0705489
0.0672473
0.0751077
0.0789477
0.0720124
0.0761891
0.0874085
0.0596162
0.0726456
0.0719631
0.0863028
0.0943338
0.0898078
0.0798073
0.0884605
0.0924493
0.101454
0.0904729
0.104387
0.0996066
0.0971939
0.0964171
0.100235
0.103918
0.110613
0.110033
0.111334
0.10629
0.0950016
0.0876552
0.0721902
0.0654822
0.0767723
0.0936663
0.07919
0.0804833
0.0628772
0.050531
0.0726533
0.0678601
0.0951907
0.12576
0.186138
0.209779
0.261859
0.296456
0.318608
0.326781
0.266765
0.218136
0.175816
0.119716
0.0928698
0.0789073
0.086414
0.0666169
0.0777518
0.101832
0.0834213
0.0848852
0.0943295
0.098339
0.0827941
0.0914099
0.0890587
0.0981757
0.0973873
0.102623
0.101109
0.101181
0.0959939
0.0954981
0.098415
0.0963338
0.0767869
0.103721
0.0916798
0.0648239
0.0761577
0.0756568
0.076113
0.0875505
0.0833566
0.0950057
0.0934402
0.0863944
0.079656
0.0993283
0.103971
0.10945
0.102751
0.0899329
0.101565
0.097357
0.0944092
0.0942401
0.0715126
0.100307
0.0823856
0.0780097
0.0668842
0.0569879
0.0767494
0.0876307
0.0585843
0.0686747
0.0715899
0.073716
0.0645078
0.0656889
0.0752869
0.0742742
0.0803685
0.0912204
0.0869648
0.0717966
0.074364
0.0907224
0.0834036
0.0950599
0.0903205
0.0814234
0.0807562
0.0863582
0.077587
0.0775345
0.0990065
0.0954815
0.0880708
0.0918602
0.0971067
0.0870921
0.08382
0.106074
0.0768701
0.086056
0.0868949
0.07353
0.0674284
0.109069
0.0777151
0.0561816
0.0978401
0.057311
0.061064
0.0604243
0.0834819
0.0814627
0.0617504
0.0670022
0.0873789
0.0842622
0.069659
0.0493987
0.0725197
0.0923577
0.0688521
0.0686686
0.0588169
0.081468
0.0806746
0.0805843
0.0732349
0.0794658
0.0710871
0.102569
0.0903673
0.0809735
0.0632197
0.0861514
0.0767862
0.083917
0.07258
0.0844615
0.0892233
0.072155
0.0738468
0.0918699
0.0814363
0.0834793
0.0832504
0.0792499
0.0788107
0.0656096
0.0718637
0.0722878
0.0752491
0.0715025
0.0705143
0.0722405
0.0900571
0.0696111
0.0823636
0.0752583
0.0872586
0.0923669
0.0752936
0.0791745
0.07125
0.0713877
0.10586
0.0952143
0.0789925
0.0918778
0.0723194
0.0745303
0.0565853
0.0728596
0.0524836
0.0701053
0.0771209
0.0787448
0.0571445
0.0804735
0.0561474
0.0587508
0.077418
0.0851169
0.0788103
0.0858724
0.0678957
0.0856672
0.0668279
0.0785595
0.0565459
0.0786809
0.0862654
0.0686644
0.0746968
0.0925112
0.0822762
0.0744047
0.0825435
0.0839203
0.0817702
0.0728162
0.0533971
0.069059
0.0641815
0.097601
0.0824781
0.0582249
0.0687515
0.0704373
0.0876623
0.0851335
0.0866562
0.0607212
0.0627774
0.0683264
0.0753228
0.0596979
0.0783733
0.0634559
0.0773568
0.0512136
0.0621811
0.0772248
0.0675658
0.0632466
0.0639616
0.0692399
0.0764036
0.0590636
0.0545643
0.0599348
0.0624787
0.0763068
0.0730704
0.050147
0.0588798
0.0689147
0.0550972
0.060079
0.0539584
0.0768081
0.0615768
0.0588738
0.0667151
0.0765259
0.0595092
0.0599819
0.0648501
0.0575178
0.0665292
0.0631214
0.0719154
0.0642324
0.0672264
0.0590818
0.057195
0.0781649
0.0849603
0.0589318
0.0704592
0.0777808
0.0755969
0.0783332
0.0678915
0.0643795
0.0525526
0.0597345
0.0705016
0.0589024
0.07188
0.0501428
0.0680332
0.066274
0.0630295
0.0525026
0.069747
0.0763738
0.041384
0.0487902
0.0625977
0.060136
0.0587372
0.0575863
0.0593581
0.0571243
0.0623069
0.0720293
0.0687969
0.0587318
0.0608098
0.0641988
0.0594412
0.0694427
0.0679062
0.0514062
0.0626605
0.0583031
0.0609914
0.0419606
0.072058
0.0707304
0.0700343
0.0823922
0.0820995
0.0626704
0.0714533
0.0654596
0.0866579
0.0733071
0.0656642
0.0769308
0.0518639
0.0632579
0.0659576
0.0861577
0.0486981
0.0657516
0.0590797
0.0916852
0.0565967
0.0740377
0.0706851
0.0689555
0.079618
0.0537115
0.0565867
0.075897
0.066192
0.0666489
0.0780583
0.0625336
0.0592351
0.0565703
0.0862306
0.0627745
0.0507058
0.0626512
0.0638355
0.0540188
0.0572194
0.0761738
0.0613754
0.0618624
0.0755834
0.0677352
0.0782499
0.0658954
0.0659546
0.0430498
0.0450904
0.0788013
0.0497133
0.0524538
0.0452361
0.0412199
0.0691279
0.0690715
0.0551207
0.0506814
0.0385078
0.0580209
0.058421
0.0653544
0.0827503
0.0660007
0.0422202
0.0577094
0.0665185
0.0699065
0.080681
0.0609533
0.0655507
0.0627159
0.0666701
0.0697559
0.0628273
0.0575534
0.0666752
0.0652121
0.0735104
0.0543997
0.0673933
0.0612321
0.0637729
0.0643169
0.0667275
0.0706788
0.0664631
0.0605568
0.0606083
0.0704324
0.0534331
0.0585529
0.06937
0.0627344
0.0613929
0.0543817
0.0583382
0.0563792
0.0654922
0.0596396
0.0643563
0.0632327
0.060071
0.0550813
0.0600988
0.0537961
0.0521924
0.0627522
0.0515961
0.0561443
0.0613775
0.0523551
0.0605072
0.0590477
0.0637711
0.0633967
0.0572929
0.0574664
0.0576385
0.0559353
0.0624341
0.0604091
0.0566612
0.0664609
0.0655981
0.0595271
0.0510869
0.0537095
0.0546294
0.0630599
0.0533932
0.0587417
0.0579043
0.0516568
0.0575383
0.0574379
0.0547373
0.0534848
0.0623645
0.0569701
0.0569985
0.0665034
0.0572986
0.0637039
0.0573995
0.0567299
0.0527912
0.0599394
0.0532362
0.0588975
0.0534779
0.0604428
0.052571
0.0523632
0.0487858
0.0596271
0.0702101
0.0582031
0.0539537
0.054972
0.0593327
0.0618646
0.060521
0.0666534
0.0546124
0.0592649
0.0585584
0.0546775
0.062917
0.0636898
0.0550084
0.0601163
0.0572729
0.0624458
0.0608659
0.0560588
0.0656805
0.0604916
0.0558536
0.0581746
0.0728676
0.0613348
0.0627153
0.0618142
0.0596354
0.0499072
0.0559178
0.0594742
0.0545644
0.060802
0.0655439
0.0567372
0.0599981
0.054439
0.060373
0.0527535
0.0534419
0.0685775
0.0556285
0.0528915
0.0565712
0.0582416
0.0667284
0.0672288
0.054448
0.0552448
0.0626749
0.0661098
0.0586439
0.0646738
0.0656499
0.0585649
0.0551515
0.0777677
0.0610659
0.0585315
0.0508508
0.0567715
0.057473
0.0497925
0.0499342
0.0590887
0.0584488
0.0620287
0.0579802
0.0622576
0.0534613
0.0683832
0.0631789
0.0524846
0.0588748
0.0715285
0.0613093
0.0637594
0.0640071
0.0658268
0.0727291
0.0663251
0.0665351
0.0524324
0.0612847
0.0591683
0.0631219
0.0743015
0.0735602
0.0651759
0.0840948
0.0689583
0.060624
0.0702596
0.0662487
0.0678345
0.0551001
0.0689119
0.0622743
0.0615566
0.058425
0.0575979
0.0743819
0.0716834
0.0620253
0.0633111
0.0573834
0.0534
0.0589669
0.0470949
0.0825844
0.0579119
0.0705276
0.0575908
0.0761077
0.0579623
0.0506321
0.0603222
0.0684072
0.0430066
0.0554767
0.0499767
0.0613088
0.0715865
0.0480045
0.035916
0.0477477
0.0536607
0.05249
0.0670087
0.057406
0.0622312
0.054889
0.0471323
0.0688891
0.0601984
0.0630879
0.0607411
0.0632369
0.0594616
0.0548135
0.0589944
0.0581866
0.0634071
0.0542046
0.0435009
0.0745257
0.0664234
0.0533155
0.0706175
0.0591111
0.0466346
0.0571282
0.054738
0.0546841
0.0626932
0.0589696
0.0612054
0.0584715
0.0644294
0.060544
0.0575552
0.0680576
0.0562186
0.0608879
0.0690067
0.064316
0.0691339
0.0574868
0.0568796
0.0630979
0.0542861
0.0656827
0.0620635
0.0580829
0.0659794
0.0498646
0.0504282
0.0726148
0.050731
0.0652722
0.0754295
0.060246
0.0498864
0.0634417
0.0571089
0.0647026
0.0604687
0.0655147
0.0532247
0.0695318
0.0540274
0.0645028
0.0525056
0.0621972
0.0637259
0.0572886
0.0545447
0.06012
0.0577562
0.0560585
0.0628068
0.0578866
0.0617726
0.0533872
0.050878
0.0601529
0.0617218
0.0694967
0.0506943
0.0612731
0.0493766
0.0559306
0.0606957
0.0613747
0.0708298
0.0529931
0.0534436
0.0548932
0.0544625
0.0606058
0.0568267
0.0562436
0.0518089
0.0533559
0.056614
0.0619791
0.0595753
0.0545767
0.0572163
0.0699684
0.0606141
0.0612647
0.0625441
0.0564977
0.05437
0.0550138
0.06068
0.0645892
0.0639361
0.058922
0.0625344
0.0556823
0.0599798
0.0666922
0.0604924
0.0541544
0.0614903
0.0677785
0.0609491
0.0576581
0.0595529
0.0632457
0.0594654
0.065855
0.0616543
0.0618785
0.0618995
0.0547333
0.0624912
0.0641519
0.0618175
0.062429
0.0546506
0.0652173
0.0580849
0.0666134
0.0708495
0.0712799
0.0755007
0.0847997
0.100924
0.151357
0.295156
0.411316
0.466853
0.482374
0.458164
0.369226
0.219228
0.116985
0.0834612
0.0751978
0.0793389
0.0720874
0.0660454
0.0576595
0.0668516
0.063625
0.062935
0.0650792
0.0633733
0.0566815
0.0672556
0.0629325
0.0613281
0.0574191
0.0625433
0.0594784
0.0597062
0.0549648
0.0616712
0.0611026
0.0629073
0.0641191
0.0607777
0.0571414
0.0652492
0.0637313
0.0715342
0.0691713
0.0662663
0.0770354
0.0742732
0.0681854
0.0656472
0.0748522
0.061523
0.0656715
0.0660462
0.0644508
0.064249
0.0605303
0.0596948
0.0675587
0.070134
0.0561731
0.0636422
0.0611152
0.0663786
0.0707203
0.0601904
0.0582543
0.0665539
0.0676477
0.0707455
0.0635149
0.0610827
0.0591579
0.0635676
0.0587098
0.0699404
0.0598985
0.0559037
0.0713504
0.0629827
0.0530387
0.0649525
0.0621602
0.0605672
0.0676058
0.0723525
0.0676819
0.0589355
0.0622203
0.0604324
0.0579419
0.0685754
0.0596346
0.0626359
0.0583742
0.0578022
0.0584599
0.0655179
0.0624349
0.0624689
0.0663228
0.0672633
0.0526091
0.0566628
0.0619099
0.0506906
0.0509741
0.0564285
0.0538829
0.0628066
0.0578759
0.0540187
0.0583218
0.0655611
0.0776504
0.0712354
0.0667527
0.0502329
0.0705778
0.0531374
0.0624831
0.0710042
0.0607521
0.0727412
0.0476878
0.0543466
0.0515903
0.0550365
0.0596849
0.0548005
0.0473657
0.0588494
0.0590195
0.0499632
0.0560514
0.0641848
0.0601791
0.0671734
0.0511161
0.0541479
0.0518802
0.0586059
0.0602646
0.0653932
0.0734991
0.0677796
0.0624861
0.0538193
0.064501
0.0586997
0.0581799
0.0741892
0.0781971
0.0614186
0.0774993
0.0830264
0.0515495
0.0440968
0.0659341
0.0475387
0.0841627
0.0466272
0.0705554
0.0865958
0.0378528
0.043298
0.0398279
0.061557
0.0668771
0.0653502
0.0694347
0.0517555
0.0726915
0.0677747
0.0661334
0.0706881
0.079503
0.0447459
0.0614111
0.0789799
0.0741105
0.0473898
0.0763643
0.0873081
0.0700528
0.0926546
0.0542027
0.0657904
0.0581865
0.0477796
0.0535443
0.0803687
0.0596061
0.046596
0.0999023
0.0821736
0.0655714
0.0922273
0.0469516
0.0405885
0.0346438
0.0568718
0.0525498
0.075936
0.0483157
0.0726029
0.0289172
0.0497644
0.0515731
0.0667909
0.0618196
0.0359232
0.044026
0.0379021
0.0485738
0.0497621
0.0648351
0.0652502
0.0637032
0.0537767
0.0588542
0.0778616
0.062125
0.0273545
0.0753788
0.050221
0.0700541
0.0775558
0.0539975
0.0712639
0.0832881
0.0688808
0.072913
0.06246
0.0604194
0.0701214
0.0568128
0.0403914
0.0763503
0.0542582
0.053309
0.060184
0.0727835
0.0616075
0.0723647
0.0531699
0.0615882
0.0525964
0.0780879
0.0635735
0.0598163
0.0651858
0.0897216
0.061346
0.0712242
0.0722129
0.0681426
0.0776552
0.0846673
0.0874903
0.0847888
0.0883963
0.0966555
0.0962645
0.0946034
0.108313
0.103651
0.0913795
0.0761518
0.0822964
0.0516574
0.0457626
0.0639559
0.0702415
0.0680416
0.079579
0.0443377
0.0512035
0.0624034
0.0705613
0.0533505
0.0614874
0.0634906
0.0654978
0.0739085
0.069851
0.0543155
0.0713589
0.0642368
0.062124
0.0469434
0.0539077
0.0663462
0.0535489
0.065116
0.0523784
0.0651604
0.0628881
0.0575928
0.061456
0.053416
0.0483091
0.0558163
0.0599538
0.0561931
0.05366
0.0536261
0.0535804
0.0513886
0.0602903
0.0490468
0.0594149
0.0567819
0.0460485
0.0671748
0.05445
0.0630552
0.060079
0.0674563
0.0539278
0.0577139
0.0596219
0.0716391
0.0631649
0.0601164
0.0754492
0.0611791
0.0581513
0.0606936
0.048411
0.0484069
0.0668606
0.0641508
0.0632418
0.0531152
0.0537595
0.0689031
0.0630027
0.075916
0.0684501
0.0551601
0.0653941
0.070157
0.0695093
0.067648
0.0691391
0.073637
0.0671431
0.0718396
0.0636239
0.0662962
0.0658406
0.0565192
0.0652895
0.057399
0.0642468
0.0582752
0.0701363
0.0648243
0.0730331
0.0624695
0.0556261
0.0644385
0.053348
0.0646921
0.0676351
0.0672877
0.0677448
0.0681341
0.0694365
0.0705806
0.0756538
0.0771114
0.058765
0.068283
0.070489
0.0837559
0.0962603
0.0931509
0.0956134
0.0947138
0.091786
0.0843273
0.0887435
0.0892048
0.0651949
0.0624756
0.0708055
0.0599695
0.071267
0.0616057
0.0658154
0.0753353
0.0634731
0.0600271
0.0605608
0.0608132
0.0612037
0.0631384
0.0640237
0.0654161
0.0619161
0.0617166
0.0646715
0.0714711
0.0671192
0.076159
0.0658447
0.0723343
0.0710985
0.0719746
0.0676929
0.077785
0.0771519
0.0757285
0.0828742
0.0783802
0.0902914
0.0903866
0.0953216
0.100212
0.0947477
0.092724
0.0844208
0.0866918
0.0765307
0.0888545
0.086596
0.0724634
0.0758722
0.0616793
0.0610252
0.0539942
0.0775973
0.073592
0.0733516
0.0630741
0.0710368
0.0701741
0.0586811
0.0732
0.0652389
0.0633039
0.0754663
0.0762199
0.0596447
0.07417
0.0746172
0.067857
0.0799582
0.0741662
0.0725916
0.0756793
0.0821571
0.0800885
0.080309
0.0805527
0.0793358
0.0906364
0.0835972
0.0810647
0.090987
0.0882141
0.0940261
0.0865029
0.0867345
0.0901439
0.0924972
0.0812033
0.0741939
0.0708009
0.0722617
0.0682211
0.0732078
0.0683881
0.0683587
0.0777068
0.0634622
0.0554571
0.0650489
0.0626306
0.0657694
0.0639438
0.0623031
0.0706679
0.0611141
0.0487693
0.0659923
0.067859
0.0426335
0.0609313
0.0507888
0.0616063
0.0707395
0.0597021
0.062613
0.0529655
0.06527
0.06354
0.0615611
0.0514951
0.0641363
0.0608231
0.065298
0.0633942
0.0481821
0.0728996
0.0454518
0.0675383
0.0578219
0.0636056
0.0479981
0.0647015
0.0656804
0.0554911
0.0679834
0.0673261
0.0557948
0.0542996
0.0563316
0.0446288
0.0576742
0.0530604
0.0536523
0.0524337
0.0492433
0.0517284
0.0610786
0.0530668
0.0570781
0.0747294
0.0697156
0.063362
0.0821484
0.0818515
0.0913353
0.0823589
0.101476
0.0943602
0.0912507
0.0879093
0.0981233
0.0893388
0.0966106
0.0980471
0.100512
0.0948236
0.0949733
0.0949315
0.087967
0.0790617
0.0769908
0.0777577
0.0902817
0.0836203
0.0867702
0.0569142
0.0804358
0.0773327
0.0881248
0.0667239
0.0897187
0.0778703
0.0841724
0.0908077
0.0714074
0.0690384
0.0682576
0.0627262
0.0814788
0.0790885
0.0902779
0.09746
0.0943618
0.0793448
0.0852604
0.0896563
0.0908805
0.0759664
0.0901947
0.0943423
0.105423
0.104727
0.0966328
0.124379
0.100153
0.0949959
0.0988237
0.105224
0.0995756
0.0798067
0.0922588
0.0844831
0.0789174
0.0777431
0.0843639
0.0911893
0.0579029
0.0582948
0.066078
0.0307781
0.106622
0.0775644
0.0844662
0.0782656
0.11304
0.0315031
0.0690966
0.0688714
0.108217
0.0808378
0.0632899
0.103595
0.107476
0.0601181
0.0984411
0.0797901
0.0879759
0.0953551
0.118992
0.109074
0.0929866
0.101745
0.0974321
0.110175
0.107501
0.100274
0.1019
0.10143
0.120468
0.10908
0.1095
0.104479
0.0966468
0.118803
0.104991
0.116424
0.0953117
0.102639
0.11484
0.118186
0.104427
0.106807
0.0822273
0.0961327
0.0862007
0.0667242
0.0523868
0.0668646
0.059357
0.0630547
0.0725879
0.0741293
0.0710099
0.0516276
0.0768092
0.0630672
0.0381543
0.0970141
0.0789166
0.0802538
0.0813112
0.0753773
0.0700923
0.0240463
0.100457
0.0889563
0.0811232
0.0372359
0.0857247
0.0558848
0.110161
0.0922777
0.0632139
0.101867
0.104663
0.0863922
0.08783
0.0903877
0.0969856
0.11038
0.117094
0.119839
0.108131
0.114149
0.125266
0.112368
0.082676
0.109996
0.109172
0.0957769
0.110816
0.105338
0.0959734
0.121085
0.103088
0.109378
0.108615
0.0725551
0.0962253
0.0688054
0.046237
0.0799335
0.0688057
0.062376
0.0963014
0.0716553
0.0687139
0.0681532
0.0716034
0.101821
0.0715583
0.0400579
0.113681
0.113071
0.0641682
0.0732087
0.142625
0.0936895
0.0615823
0.0587037
0.0996121
0.075675
0.0930889
0.0966584
0.0835024
0.0983136
0.0933783
0.104145
0.0713969
0.0409
0.0849103
0.0930926
0.0180106
0.0900862
0.082565
0.0472655
0.0596102
0.0266698
0.0331865
0.0166296
0.0720689
0.0486583
0.0734642
0.0692763
0.0457734
0.0594315
0.0489698
0.0634752
0.0577515
0.0847741
0.0707394
0.0920403
0.0947272
0.0767924
0.0941835
0.0862562
0.082545
0.119913
0.0753986
0.065155
0.115541
0.113257
0.0796341
0.0826083
0.111721
0.0676278
0.0611844
0.0302899
0.0440689
0.102974
0.118772
0.0514683
0.0843331
0.101621
0.0856039
0.0286434
0.110692
0.0173263
0.102435
0.0373239
0.0920956
0
0.0570752
0.0477745
0.0796535
0.103195
0.0604565
0.0458898
0.0532075
0.0457786
0.0540044
0.0524972
0.0374214
0.0247946
0.0445791
0.0800661
0.0812247
0.0423506
0.0312247
0.0344903
0.109851
0.0537934
0.0886309
0.0905489
0.0744178
0.0918355
0.0865629
0.104224
0.105921
0.0874246
0.0658556
0.081217
0.0826351
0.102426
0.0695934
0.102109
0.114169
0.0780892
0.0846518
0.0931911
0.0846626
0.110696
0.017818
0.117959
0.0889431
0.102211
0.0599451
0.0795769
0.0689968
0.0842021
0.0528151
0.0879593
0.0962004
0.107074
0.0805854
0.0600492
0.0793869
0.0950945
0.107967
