0.101246
0.104117
0.104175
0.107538
0.103279
0.0994139
0.111913
0.0962934
0.107604
0.108026
0.115384
0.117477
0.115376
0.121418
0.120717
0.118776
0.120942
0.120584
0.113025
0.12353
0.11796
0.104256
0.116697
0.117505
0.113669
0.121895
0.11821
0.123045
0.124903
0.126773
0.128418
0.130565
0.129512
0.127946
0.130958
0.129959
0.126449
0.127539
0.124363
0.11666
0.116085
0.114045
0.107859
0.123492
0.121175
0.119981
0.126213
0.124648
0.130252
0.131195
0.133208
0.135223
0.140645
0.14237
0.142254
0.141517
0.132912
0.133318
0.127533
0.122477
0.11591
0.10735
0.0885251
0.0981796
0.10079
0.0905557
0.0911066
0.102557
0.093119
0.102804
0.101116
0.105717
0.11349
0.108964
0.11018
0.108897
0.10405
0.105593
0.102928
0.105749
0.105572
0.103029
0.0964906
0.10283
0.0993259
0.105341
0.112572
0.10764
0.11047
0.118867
0.11051
0.119453
0.118807
0.113284
0.114187
0.115288
0.115206
0.108139
0.116351
0.120817
0.117556
0.119318
0.118299
0.115545
0.121614
0.119598
0.119907
0.123657
0.118317
0.124852
0.126374
0.125741
0.123799
0.124748
0.12599
0.116853
0.109589
0.105615
0.101838
0.0949933
0.102474
0.109898
0.113175
0.11113
0.113988
0.121143
0.120731
0.11995
0.125492
0.127668
0.126071
0.129369
0.131734
0.137629
0.138269
0.135019
0.130691
0.129142
0.129368
0.123082
0.110827
0.113153
0.102328
0.0951424
0.100532
0.100308
0.100248
0.104404
0.107538
0.107474
0.117259
0.116915
0.120276
0.122911
0.124764
0.124852
0.126768
0.133623
0.128564
0.127493
0.131676
0.126996
0.128684
0.129912
0.124769
0.114354
0.102676
0.110044
0.112108
0.107003
0.10558
0.111776
0.11195
0.110006
0.115523
0.110428
0.111985
0.109789
0.114724
0.10599
0.102141
0.0911097
0.0950784
0.0918464
0.098619
0.0938587
0.105101
0.1037
0.105886
0.110205
0.115303
0.111565
0.113862
0.115218
0.114269
0.113929
0.114676
0.112191
0.106624
0.0890621
0.0881436
0.0899956
0.0938728
0.0887503
0.0875457
0.0920667
0.0876254
0.0925548
0.0954331
0.0925576
0.106977
0.105526
0.107579
0.109696
0.111934
0.11828
0.116312
0.116994
0.117393
0.120492
0.118727
0.11295
0.122434
0.112814
0.0897704
0.0938526
0.0745888
0.080386
0.0790545
0.0865738
0.0904563
0.0909072
0.0966451
0.104102
0.0960454
0.100889
0.099579
0.0992961
0.106582
0.117828
0.10367
0.111063
0.115782
0.122317
0.117354
0.122808
0.124606
0.126431
0.121622
0.121566
0.127297
0.115684
0.124455
0.112235
0.110733
0.0950484
0.0836962
0.0797176
0.0861087
0.0839452
0.0815762
0.0781606
0.0765485
0.0821974
0.0912134
0.0937268
0.0727105
0.0921595
0.0942131
0.0948701
0.102768
0.107248
0.119591
0.113328
0.126046
0.117547
0.1262
0.128653
0.124982
0.122628
0.125639
0.123753
0.122013
0.109657
0.114105
0.111628
0.0988567
0.098285
0.109828
0.0701068
0.0870771
0.0829039
0.0878437
0.0636304
0.0750762
0.0827062
0.073289
0.0771974
0.079263
0.0846263
0.0899083
0.0964783
0.107012
0.100267
0.105694
0.103876
0.102102
0.112809
0.106962
0.106089
0.1081
0.109879
0.102192
0.098821
0.0791127
0.0727984
0.0554352
0.0680375
0.0657728
0.0689923
0.057661
0.0736265
0.0686578
0.0757178
0.072375
0.0774206
0.0754422
0.0697093
0.0802648
0.0843067
0.0873881
0.0907392
0.086033
0.100461
0.0966397
0.100501
0.098464
0.105795
0.10981
0.115096
0.11017
0.106465
0.104763
0.107583
0.0865758
0.0621626
0.0690532
0.074944
0.0573414
0.0667405
0.0641997
0.0646936
0.0500611
0.0640924
0.0744054
0.0683187
0.0569019
0.0711061
0.0760864
0.068944
0.0824308
0.0661988
0.0811951
0.0851467
0.0807718
0.093012
0.0879911
0.0859993
0.0949979
0.112995
0.113894
0.0992675
0.112179
0.109647
0.103424
0.114768
0.108602
0.104773
0.0973362
0.0870515
0.0883943
0.0753601
0.0680111
0.0817006
0.0682559
0.0623287
0.0769161
0.0866093
0.0823567
0.0751827
0.0682059
0.0750087
0.0775579
0.0767837
0.0829343
0.0835825
0.0875542
0.0941578
0.0983376
0.0916221
0.0991642
0.0994813
0.10427
0.0930637
0.115534
0.107207
0.106624
0.106846
0.111629
0.112288
0.108331
0.113815
0.105985
0.101622
0.0955719
0.0985885
0.0957844
0.0988307
0.0756414
0.077518
0.0766821
0.0656924
0.0789665
0.0828237
0.0743956
0.0877008
0.0800695
0.102255
0.102826
0.100681
0.0941105
0.101896
0.104728
0.10107
0.105076
0.099588
0.106492
0.106452
0.101968
0.10757
0.0967113
0.0821664
0.0748371
0.0519038
0.0719146
0.054248
0.0689932
0.0736431
0.0562983
0.0556742
0.0706572
0.0554736
0.0547564
0.0597231
0.0611652
0.0499868
0.0686276
0.0444738
0.0669728
0.0501014
0.0612207
0.07387
0.0712073
0.0680036
0.0772973
0.0904651
0.104591
0.094295
0.0964811
0.0869752
0.0936295
0.0946489
0.097177
0.108546
0.0998981
0.0996419
0.102357
0.108669
0.0916051
0.0837357
0.0735459
0.0572752
0.0695299
0.0765147
0.0658688
0.072029
0.054619
0.0388674
0.072818
0.06724
0.0800055
0.137359
0.217049
0.237496
0.311773
0.346671
0.377853
0.386311
0.335282
0.259575
0.187229
0.107703
0.0966275
0.0783364
0.0716704
0.0708172
0.0884534
0.0805271
0.0758912
0.0877421
0.0838551
0.0819357
0.0742796
0.0923852
0.0859533
0.0922522
0.0927643
0.091372
0.0930391
0.0908404
0.0915885
0.089164
0.0857007
0.0776807
0.0687107
0.0962704
0.078737
0.0588551
0.085451
0.0716802
0.0624057
0.0633944
0.0735364
0.100124
0.090051
0.0828683
0.0747285
0.0952601
0.0922197
0.0965257
0.103539
0.0796633
0.0955034
0.0986305
0.082734
0.0914099
0.0678373
0.0690748
0.073902
0.0621534
0.073297
0.0533666
0.0728381
0.0786606
0.0567107
0.0717754
0.0633971
0.0659325
0.0627889
0.0767188
0.0536553
0.0515032
0.069123
0.0686595
0.077863
0.0621903
0.0717377
0.0861468
0.0732622
0.0626047
0.0704539
0.0676599
0.0527335
0.0795489
0.0689898
0.0737013
0.0833218
0.0713326
0.0904175
0.0783694
0.0847702
0.0801345
0.0847666
0.0887055
0.0867568
0.0754741
0.075806
0.0641638
0.050074
0.0825366
0.0675589
0.056535
0.0803071
0.0550985
0.0671137
0.046898
0.059751
0.0509457
0.0533669
0.0542983
0.0777362
0.0715415
0.058669
0.0459024
0.0512258
0.0717691
0.0700753
0.064426
0.0435859
0.0573799
0.0685731
0.0506402
0.055602
0.0690324
0.0647299
0.0849109
0.0573621
0.0727922
0.0716825
0.0622102
0.0739807
0.0721937
0.0640664
0.0780542
0.0730223
0.0650094
0.0637357
0.0748729
0.0690315
0.0778192
0.0624829
0.0575912
0.0590356
0.0725759
0.0583461
0.0647505
0.0665585
0.0577036
0.0549933
0.0748448
0.0594222
0.0482212
0.0637273
0.0875896
0.0549205
0.0782968
0.0854933
0.0700699
0.0568992
0.0612576
0.0818207
0.0991174
0.0812808
0.063925
0.0521941
0.0741118
0.0568225
0.0695585
0.0508165
0.0678223
0.045869
0.0692122
0.0545811
0.0679191
0.0560509
0.0504683
0.0621454
0.0539096
0.0412937
0.0758108
0.0661674
0.0601324
0.0686178
0.0516247
0.0629006
0.0602502
0.0762808
0.0477154
0.067985
0.0616781
0.0756135
0.0629984
0.063295
0.0901881
0.0774058
0.060709
0.0600628
0.0484091
0.058469
0.072107
0.0755817
0.060808
0.0353088
0.0645162
0.0865405
0.0741711
0.0693151
0.0646579
0.0596799
0.054673
0.061195
0.0507684
0.0632141
0.0521365
0.0565548
0.0424161
0.0494582
0.0415491
0.0457807
0.0402155
0.0424839
0.0591776
0.0493403
0.0513768
0.0378314
0.0479003
0.0373276
0.0477181
0.0493227
0.0480989
0.0424345
0.0448053
0.0293233
0.0379821
0.027455
0.0456478
0.0513482
0.0393549
0.0361649
0.0563214
0.0469418
0.0302101
0.0475596
0.0496632
0.0395354
0.0480124
0.0613657
0.0467436
0.0438909
0.045132
0.0437287
0.0506781
0.0551129
0.078055
0.058841
0.0616812
0.0473384
0.0632773
0.04885
0.0504758
0.0435644
0.0449829
0.0452133
0.0430922
0.0393232
0.0393866
0.0612957
0.0506674
0.047803
0.0423639
0.0470653
0.0576386
0.0217187
0.0468076
0.0323938
0.0469816
0.0335538
0.0427478
0.0435291
0.0484178
0.0499808
0.0562233
0.0494138
0.0378479
0.0595285
0.0579203
0.0564313
0.0540947
0.0469875
0.0450777
0.0520872
0.057946
0.033332
0.0437595
0.0437967
0.0519667
0.0575032
0.0521768
0.0624954
0.0510085
0.0563675
0.0382662
0.0544431
0.0497392
0.0674231
0.0479102
0.0520681
0.0247789
0.0365805
0.0491041
0.0490065
0.0507657
0.0612957
0.0731357
0.0379614
0.0456829
0.0683903
0.0577668
0.069699
0.0549529
0.0721788
0.0592745
0.052575
0.0455915
0.0557393
0.0604262
0.0455435
0.0652419
0.0580077
0.0419017
0.0578077
0.0616652
0.0535651
0.043498
0.0336012
0.0712131
0.0446004
0.0388179
0.0758886
0.0431666
0.0555454
0.030786
0.0298981
0.051873
0.0314418
0.041431
0.0592859
0.0520331
0.0403614
0.042694
0.0439044
0.0474939
0.0313935
0.0301768
0.0299828
0.0438288
0.0490201
0.0561804
0.0452194
0.0742885
0.0460668
0.0374049
0.0415231
0.040478
0.0614838
0.0505099
0.0627035
0.0380628
0.0501404
0.0425459
0.0555702
0.0445632
0.0510402
0.0364868
0.0591387
0.0484902
0.0432941
0.0375017
0.0470081
0.0500038
0.0476448
0.0509734
0.0508089
0.0496947
0.043596
0.0450776
0.0391661
0.0449795
0.0474778
0.0367906
0.0451957
0.0388447
0.0433264
0.0368042
0.0411576
0.0449974
0.0411614
0.0441185
0.0443241
0.0485106
0.0394851
0.0393291
0.0326379
0.0419219
0.0389023
0.0355106
0.0447496
0.0335848
0.0390108
0.0370507
0.041202
0.0387937
0.0364303
0.0372268
0.0427261
0.0369406
0.0453165
0.0367583
0.0372846
0.0322614
0.0376793
0.042405
0.0318429
0.0401786
0.0355584
0.0403151
0.0379547
0.0360657
0.0361842
0.0363731
0.0396318
0.036774
0.0406842
0.0442165
0.0394219
0.0348526
0.0328179
0.0436719
0.0393014
0.0467076
0.0382758
0.0374607
0.0340285
0.0338275
0.0340679
0.0470284
0.0372206
0.0435748
0.0383072
0.037126
0.0307873
0.0467459
0.0444023
0.0421875
0.0339409
0.0309255
0.0329009
0.0348409
0.0329053
0.047968
0.0355783
0.0389936
0.0415064
0.0365984
0.034788
0.0423232
0.0322037
0.0382709
0.0407111
0.045838
0.0362055
0.0414722
0.0416255
0.0463381
0.0408846
0.0428915
0.0454537
0.0421707
0.0478067
0.0378563
0.0381541
0.0399958
0.0380652
0.0382448
0.0349178
0.0426871
0.0461669
0.0392413
0.0493218
0.0391928
0.036157
0.0347804
0.0414935
0.0481332
0.0474162
0.029986
0.0370495
0.0420827
0.0479643
0.0467964
0.0404139
0.0485768
0.0438788
0.040412
0.042734
0.0496118
0.0492739
0.0392304
0.0447787
0.0530995
0.0504962
0.0405179
0.0437839
0.0463401
0.0403564
0.0413304
0.0384459
0.0488506
0.0512045
0.0405287
0.0428655
0.0431443
0.038179
0.0455324
0.0489905
0.0427042
0.0525569
0.0467212
0.0507158
0.0418192
0.0567814
0.0635789
0.0430014
0.0427135
0.047967
0.0497506
0.0477191
0.049573
0.0342432
0.0628895
0.0453463
0.0396067
0.0548591
0.0520047
0.0488189
0.0612056
0.0308527
0.0462444
0.0522608
0.0458841
0.0547587
0.0410644
0.0334227
0.0474169
0.0441634
0.0497807
0.0441999
0.0401754
0.0387514
0.040562
0.0445661
0.0423219
0.047192
0.0400653
0.0533727
0.0388262
0.0571971
0.0428116
0.0447158
0.0378229
0.0434084
0.0253191
0.0486192
0.0430259
0.0306853
0.0467389
0.0408787
0.0364671
0.047106
0.0372552
0.0344045
0.0407362
0.0414447
0.0396027
0.0371024
0.0312075
0.045434
0.0536587
0.0384964
0.0354348
0.0393792
0.0325743
0.0377414
0.0387323
0.0414744
0.0447516
0.039977
0.0432236
0.0458942
0.047729
0.0378824
0.0574465
0.0300336
0.0364415
0.0210141
0.0305512
0.0376194
0.0504578
0.0321992
0.0354214
0.0476052
0.0396595
0.0359176
0.0404985
0.0398454
0.0455203
0.0294471
0.0494957
0.0514218
0.0425595
0.0329563
0.0347118
0.0340252
0.0403599
0.0386568
0.0398736
0.0384843
0.0468961
0.033385
0.0348073
0.0420116
0.0288515
0.0418495
0.0459238
0.0472998
0.0375495
0.0384288
0.0394597
0.0393533
0.0381806
0.0448895
0.0379907
0.0373467
0.0416604
0.0381068
0.0352156
0.041897
0.0363768
0.0398243
0.0321572
0.042392
0.0339573
0.0349758
0.0428326
0.0342022
0.0447434
0.0366539
0.0349288
0.0385404
0.0408199
0.0478762
0.033944
0.0375368
0.0410304
0.0386173
0.0421171
0.035675
0.0508716
0.0393202
0.0288691
0.0344993
0.0357964
0.0373563
0.0361455
0.0388169
0.032807
0.0366703
0.0483639
0.0469163
0.0448039
0.0326484
0.0362794
0.0377903
0.033319
0.0351015
0.0356926
0.034552
0.0353704
0.0399893
0.0415445
0.0369331
0.0360141
0.0357857
0.0408227
0.0443137
0.0466248
0.0459236
0.0387788
0.0386651
0.0395269
0.0448493
0.0354077
0.0385513
0.0372467
0.0433853
0.039474
0.0383137
0.0379046
0.03887
0.0425241
0.0410745
0.0354059
0.0444791
0.0459536
0.0382405
0.0412912
0.0508523
0.0402217
0.0500972
0.0566997
0.0608462
0.0592336
0.0732156
0.108432
0.170407
0.352689
0.524477
0.601741
0.620234
0.576698
0.466592
0.258972
0.134273
0.073753
0.0540535
0.0627024
0.0439321
0.0420137
0.0409385
0.0510131
0.0466617
0.0437474
0.0439061
0.0434129
0.039652
0.0447574
0.0439826
0.0403165
0.0412136
0.0412613
0.0429027
0.0421814
0.0399571
0.0396696
0.0375082
0.0457868
0.0437123
0.0553983
0.0401979
0.0507829
0.0536317
0.0458642
0.0546241
0.0516872
0.0609585
0.0501178
0.0496027
0.0501964
0.0493115
0.048288
0.0485683
0.0469453
0.0489678
0.0457213
0.0465467
0.0529348
0.0442218
0.0510228
0.0421521
0.0455521
0.0471025
0.0456255
0.0487717
0.0441688
0.0379704
0.0445454
0.04884
0.0464017
0.0450825
0.0445639
0.0480295
0.0537664
0.0383435
0.0470212
0.0470106
0.0524845
0.0542615
0.0428823
0.0368347
0.0512163
0.0329324
0.0400846
0.0503052
0.0458863
0.037735
0.0388016
0.0394501
0.0436559
0.0440117
0.0464206
0.0461338
0.0428222
0.0422944
0.0393877
0.0477149
0.0427341
0.0382245
0.0452785
0.0446619
0.043532
0.0379107
0.0459083
0.0495603
0.0392291
0.0470988
0.0394878
0.0381542
0.0462137
0.0387374
0.0435066
0.0463025
0.033128
0.0502648
0.0403323
0.0537999
0.0526069
0.0407497
0.0479551
0.0524558
0.0463979
0.0499335
0.0448416
0.0351066
0.035209
0.0392002
0.0424913
0.0480097
0.0361114
0.0372254
0.0544828
0.0390745
0.0389715
0.0543358
0.0361876
0.0408457
0.0419371
0.0423464
0.041717
0.0401363
0.0407222
0.0538353
0.0436719
0.0593918
0.0519988
0.0298309
0.0406562
0.0562944
0.0248146
0.0401739
0.0340114
0.0691879
0.0348288
0.0571706
0.0610824
0.0296266
0.0318798
0.0512512
0.0404179
0.0593901
0.0656889
0.0339713
0.0219225
0.0190192
0.0607211
0.0450859
0.051094
0.0678536
0.0489916
0.0624471
0.0322429
0.0500056
0.0631431
0.0426116
0.052047
0.0517318
0.0216793
0.0372053
0.0629954
0.0309326
0.0664504
0.0415537
0.0417836
0.0636749
0.0818775
0.0418065
0.0658917
0.0254626
0.0340896
0.0663723
0.0512732
0.074132
0.0422809
0.0623104
0.0553731
0.034805
0.0523956
0.0439837
0.0657478
0.0293744
0.0486899
0.0633376
0.0234003
0.0340117
0.0328912
0
0.0438828
0.0284756
0.0472
0.0325873
0.00554184
0.0328727
0.0379935
0.031756
0.0603165
0.0509062
0.0344291
0.0283915
0.0342572
0.0394379
0.076885
0.0570006
0.0301942
0.066017
0.0487114
0.0470427
0.0641912
0.0592338
0.0807322
0.0566959
0.0748473
0.065004
0.051002
0.0389938
0.0378291
0.0311353
0.019878
0.0644257
0.0501514
0.0387637
0.039319
0.0579406
0.0396453
0.0545699
0.0438445
0.0420659
0.0394397
0.0664717
0.0593043
0.0257964
0.0612108
0.0729289
0.0481282
0.0298318
0.0651658
0.0497262
0.0680272
0.0698173
0.0665094
0.0705928
0.0826648
0.0715503
0.0799481
0.0920543
0.111465
0.101206
0.0887897
0.0688905
0.0564251
0.0475664
0.0392348
0.053662
0.0422004
0.0500444
0.0424092
0.0364004
0.0449712
0.0470158
0.0439545
0.0330182
0.0487787
0.0621224
0.0460221
0.0601547
0.0371666
0.0410381
0.0415899
0.0550105
0.0574989
0.0304305
0.0363827
0.0518118
0.0326202
0.0558237
0.0376382
0.044314
0.034385
0.0391051
0.0352753
0.0371808
0.0360204
0.0391466
0.0381313
0.0370789
0.0334916
0.0304821
0.039476
0.0289349
0.0339932
0.0346529
0.0326697
0.0465263
0.0334571
0.0463951
0.0451303
0.0522826
0.0403343
0.0515352
0.0521028
0.0498645
0.0475583
0.0567317
0.041447
0.058447
0.047285
0.0450921
0.0440427
0.0453894
0.0407616
0.0242215
0.0483206
0.0495436
0.0452868
0.0395361
0.0448782
0.0553727
0.0484319
0.0561295
0.0495731
0.0419971
0.0504564
0.0533606
0.0479112
0.0542318
0.0524107
0.0514451
0.0534667
0.0557522
0.0510111
0.0542
0.0461764
0.0468712
0.0384084
0.0399546
0.0410097
0.0358253
0.046546
0.0450066
0.044896
0.0421647
0.0428656
0.0359424
0.0363954
0.0465127
0.0523827
0.0517156
0.0547296
0.0553436
0.0500482
0.0524322
0.0641009
0.0582106
0.0549351
0.0503835
0.0547707
0.0664982
0.074377
0.068016
0.0781406
0.0730176
0.0720574
0.065959
0.0721338
0.0735111
0.0485721
0.0585275
0.0579611
0.0415198
0.0557911
0.0498684
0.045507
0.0422287
0.0422912
0.0441212
0.0375755
0.049302
0.0466066
0.0421705
0.0501635
0.0450015
0.0508296
0.0441137
0.0396941
0.0563754
0.0481283
0.053304
0.0518859
0.0521378
0.0555967
0.0529956
0.0526739
0.061311
0.0641846
0.0646269
0.0648402
0.0629391
0.0760366
0.0753313
0.0822568
0.0866739
0.0859955
0.0761157
0.0788299
0.0765798
0.0652061
0.0691673
0.0662724
0.0644509
0.0664909
0.0465096
0.0493185
0.0438135
0.0540977
0.0507226
0.0403687
0.0472332
0.0538871
0.0624248
0.0467396
0.0533104
0.0460802
0.0509958
0.0495025
0.0569357
0.0523476
0.0491604
0.0556709
0.0556778
0.0540815
0.0611414
0.0561318
0.061101
0.0601563
0.0664122
0.0665145
0.0727864
0.0654967
0.0680287
0.0747945
0.0626555
0.0772372
0.0709516
0.0836713
0.0710271
0.0759798
0.0733382
0.084774
0.0647887
0.061591
0.0615952
0.0508576
0.0480556
0.0561984
0.0571349
0.0487598
0.0512616
0.0473288
0.0436797
0.0516606
0.0409593
0.0488892
0.0494077
0.0527929
0.0530883
0.0492117
0.0409724
0.0448094
0.0569805
0.0273004
0.0455457
0.0409681
0.0594182
0.0491133
0.0466734
0.0346612
0.0312477
0.0389505
0.0466233
0.0411379
0.0380776
0.0426372
0.0431543
0.0458774
0.0423692
0.0477127
0.0502726
0.0342954
0.0469466
0.0363961
0.0385912
0.0404506
0.0423406
0.0514413
0.0380778
0.0420231
0.0477819
0.0366855
0.0324157
0.0427627
0.0360102
0.0357386
0.0421171
0.0261583
0.0461711
0.0373232
0.0319547
0.031329
0.0177941
0.0439755
0.0513244
0.050957
0.0468986
0.0519204
0.0575339
0.066185
0.068281
0.0687356
0.0705485
0.068143
0.070321
0.0813531
0.0812761
0.073403
0.0728667
0.0888768
0.0682771
0.08549
0.0977275
0.0822082
0.0714122
0.0741448
0.0628829
0.0475498
0.0606119
0.0616511
0.0591767
0.0723838
0.0585577
0.0814274
0.0547516
0.0713093
0.0741054
0.0771069
0.0867592
0.0584573
0.0585587
0.0505417
0.0595157
0.0648908
0.0643736
0.0654472
0.0736239
0.0954548
0.0755839
0.0673104
0.0781217
0.0868211
0.0676909
0.0707977
0.0772869
0.108459
0.10604
0.0957968
0.107557
0.0920839
0.0935025
0.0992469
0.0934715
0.0938764
0.091877
0.0870718
0.0826218
0.0748702
0.0660203
0.0513688
0.0775687
0.048871
0.0717425
0.058265
0.061419
0.071059
0.0628509
0.0784279
0.0725949
0.0710539
0.0706409
0.0745066
0.0460567
0.090871
0.0629856
0.0574057
0.0788227
0.0805094
0.0821367
0.101217
0.0778535
0.0689343
0.092449
0.101838
0.0887258
0.108702
0.103225
0.0915283
0.104471
0.112539
0.0945804
0.101732
0.0933442
0.124293
0.0993874
0.112178
0.10119
0.106503
0.11096
0.104708
0.120277
0.110608
0.105642
0.119492
0.121697
0.0952038
0.100784
0.0846962
0.0887339
0.0813642
0.0472737
0.0725558
0.0753574
0.0395213
0.036376
0.0751352
0.0569864
0.0810401
0.0611622
0.0654231
0.0464553
0.0494958
0.0804198
0.0339509
0.0694452
0.111501
0.044126
0.0893199
0.036648
0.0998999
0.10464
0.07223
0.0783716
0.0886935
0.0909072
0.12662
0.0990052
0.0546939
0.0885159
0.0864356
0.0618318
0.0928858
0.106534
0.101426
0.0990286
0.107433
0.10945
0.0985016
0.123025
0.115668
0.110481
0.105493
0.103311
0.117692
0.0928218
0.110891
0.113096
0.113338
0.13961
0.0966368
0.123623
0.108617
0.0593841
0.106575
0.0826145
0.0500755
0.0537962
0.0957969
0.0405421
0.0955668
0.0528143
0.0370736
0.0567244
0.102293
0.103463
0.0839939
0.0424193
0.0811678
0.07036
0.0833977
0.0815531
0.112614
0.105389
0.0967361
0.0689469
0.100167
0.0838435
0.0710543
0.110444
0.0770205
0.112269
0.0627391
0.098381
0.0730091
0.0237977
0.0988157
0.108557
0.0540021
0.0771464
0.0503484
0.0549606
0.0354418
0.0611347
0.063433
0.0515514
0.130261
0.0657372
0.0623298
0.0935056
0.0376912
0.100663
0.0567358
0.0372082
0.0647994
0.0657488
0.0804185
0.0839456
0.0691972
0.0880628
0.130264
0.0788552
0.101465
0.137219
0.093868
0.0931713
0.0909619
0.108897
0.0874757
0.120484
0.102969
0.105853
0.053581
0.0870176
0.0389471
0.0871341
0.077859
0.0875935
0.0877272
0.0510036
0.0236111
0.0334633
0.0886735
0.0351964
0.173291
0.0240478
0.0951226
0.0366974
0.017873
0.0314096
0.110205
0.0611343
0.0969724
0.067764
0.0753508
0.0298885
0.0372489
0.00784265
0.0396051
0.0301623
0.0375779
0.0476845
0.0680853
0.0473291
0.0472794
0.0552151
0.0944138
0.0386065
0.0857772
0.0884669
0.0515474
0.0870452
0.062
0.109876
0.136877
0.104459
0.0783717
0.0735769
0.0799379
0.0987968
0.0999278
0.126649
0.087041
0.0796093
0.129234
0.129308
0.0890661
0.107847
0.021266
0.121811
0.0851547
0.115333
0.0911977
0.085303
0.0935869
0.101116
0.0871775
0.065529
0.0586399
0.0485298
0.0511965
0.0647597
0.0377089
0.0654045
0.0757541
