0.0907427
0.0974555
0.0951904
0.0999159
0.105172
0.0937907
0.10217
0.099722
0.103158
0.10193
0.113754
0.117311
0.114967
0.112059
0.112644
0.109691
0.108705
0.115786
0.102578
0.115172
0.108904
0.0964772
0.112586
0.115526
0.109723
0.124827
0.115786
0.120959
0.123342
0.117706
0.120936
0.122165
0.121933
0.121086
0.120983
0.118846
0.11714
0.114443
0.112858
0.109296
0.115591
0.114303
0.115562
0.115184
0.117267
0.120369
0.120827
0.120356
0.121957
0.126724
0.125044
0.126173
0.130713
0.131124
0.131847
0.130443
0.121565
0.120305
0.116536
0.111135
0.110657
0.0990052
0.09923
0.0938249
0.103347
0.0927411
0.0936852
0.0926893
0.0971096
0.102798
0.0964561
0.104367
0.107344
0.103493
0.100272
0.106343
0.10432
0.103676
0.100551
0.1047
0.0972715
0.101698
0.0997682
0.0969775
0.106561
0.101468
0.106839
0.111631
0.106234
0.11064
0.109683
0.114288
0.114617
0.105986
0.1058
0.110112
0.109896
0.103701
0.113888
0.112432
0.11358
0.114975
0.111759
0.115456
0.119014
0.115726
0.116274
0.118197
0.113854
0.11805
0.119138
0.116854
0.112631
0.115044
0.112911
0.106884
0.104071
0.0994299
0.0957628
0.0985916
0.104877
0.105029
0.10692
0.114419
0.113353
0.112647
0.116766
0.117473
0.114658
0.120306
0.12093
0.124805
0.124297
0.126435
0.128033
0.124346
0.122106
0.1174
0.116516
0.115327
0.108341
0.105597
0.0940986
0.0917373
0.0991087
0.0946496
0.0978169
0.102374
0.106417
0.104339
0.108795
0.112174
0.114916
0.119429
0.122565
0.123505
0.12308
0.123039
0.122448
0.121494
0.12111
0.117092
0.117486
0.11866
0.112905
0.111264
0.100289
0.105707
0.106333
0.103711
0.104765
0.111217
0.107972
0.104245
0.112455
0.105908
0.108193
0.0988667
0.10302
0.110611
0.10041
0.0921291
0.0902961
0.0878903
0.0991085
0.0952415
0.103708
0.10249
0.104435
0.107551
0.111837
0.10787
0.114026
0.109278
0.111389
0.109987
0.111873
0.100776
0.103412
0.090607
0.0913762
0.0883669
0.0949365
0.0918779
0.0853003
0.0925276
0.0838165
0.0911183
0.100241
0.103974
0.106377
0.104697
0.107263
0.107139
0.112364
0.117426
0.113256
0.109827
0.116491
0.114674
0.111478
0.108781
0.115033
0.102953
0.0921585
0.0800242
0.0784595
0.0848488
0.0870012
0.0910061
0.0931615
0.0927013
0.0988767
0.10041
0.100503
0.0968282
0.0997438
0.0977837
0.109719
0.111835
0.101971
0.11339
0.114248
0.116429
0.11301
0.1169
0.120052
0.115818
0.117355
0.11683
0.120627
0.108003
0.111638
0.101009
0.102996
0.0981915
0.0837651
0.0919877
0.0713818
0.0780849
0.0753395
0.0692021
0.0707093
0.0805069
0.0845953
0.0880858
0.0854072
0.102622
0.0970001
0.0918771
0.0997435
0.11085
0.114493
0.120905
0.113874
0.115026
0.119648
0.120976
0.115836
0.113571
0.120496
0.114081
0.11654
0.107478
0.103485
0.104095
0.0929691
0.0971515
0.100194
0.0662304
0.0751337
0.0919996
0.0919064
0.0786725
0.0642927
0.0931713
0.0834992
0.0832667
0.0965525
0.0843208
0.102327
0.0962934
0.0931147
0.103176
0.0982587
0.0999051
0.100482
0.110252
0.105501
0.101354
0.0954569
0.10463
0.0948211
0.0984983
0.0787648
0.0785168
0.0653752
0.0652272
0.062113
0.0798267
0.0755573
0.0801177
0.0827138
0.0928523
0.0751313
0.0639519
0.073561
0.0819467
0.0820284
0.0869387
0.0824922
0.0894774
0.0886526
0.10088
0.101983
0.0975909
0.0975072
0.099363
0.1087
0.0961731
0.106647
0.104452
0.102289
0.096892
0.0883475
0.0778547
0.0590792
0.0706939
0.0809526
0.0770576
0.0665833
0.0586966
0.068852
0.0730012
0.0677046
0.0768999
0.0732752
0.063968
0.0771505
0.0771086
0.0835471
0.07279
0.0860379
0.0871731
0.0869672
0.0897704
0.0921544
0.0920527
0.0976612
0.106041
0.109584
0.104238
0.10903
0.103409
0.1079
0.11517
0.102972
0.0978851
0.097066
0.0898266
0.0857555
0.0663028
0.0808182
0.0780432
0.076061
0.0688443
0.0888246
0.0819852
0.0832586
0.0706793
0.0757858
0.0889369
0.0699143
0.088515
0.0843196
0.0859206
0.0917132
0.0917563
0.0991736
0.0997242
0.0906292
0.0937993
0.0997454
0.0894797
0.106807
0.103043
0.11026
0.102241
0.109566
0.105316
0.100222
0.107337
0.109495
0.0979088
0.0940832
0.108682
0.092572
0.0981175
0.0907138
0.0795088
0.0708397
0.0798417
0.0715501
0.0822332
0.0825992
0.0786265
0.0797721
0.100951
0.114933
0.0934386
0.0906416
0.106345
0.098221
0.106351
0.106423
0.0996998
0.106511
0.0971837
0.096534
0.102164
0.0856021
0.0852249
0.0704626
0.0722809
0.0870023
0.0539061
0.0584805
0.0745116
0.0613489
0.0463532
0.0686273
0.067925
0.0665243
0.0645644
0.0540931
0.0740094
0.0690619
0.0550491
0.0821154
0.0653316
0.0727616
0.0673387
0.0739511
0.0864658
0.0640055
0.0795534
0.0840832
0.0981963
0.103584
0.0834774
0.0877552
0.0874433
0.0983157
0.0994805
0.103461
0.0966569
0.0891348
0.103388
0.077787
0.0810637
0.0653002
0.0668931
0.070733
0.0864976
0.0680705
0.0724375
0.0742154
0.05553
0.0713562
0.0522139
0.087728
0.138857
0.192006
0.201984
0.264463
0.282935
0.324639
0.322023
0.278351
0.210251
0.160014
0.0952005
0.0786819
0.0810688
0.0813157
0.078384
0.0782816
0.0902675
0.0738184
0.0891741
0.0836655
0.0887297
0.0745612
0.0897932
0.0814516
0.0913283
0.0818795
0.0833844
0.0952983
0.0943425
0.0893297
0.0874023
0.0873706
0.0842574
0.0701288
0.0837352
0.0732211
0.0650912
0.0704715
0.0682561
0.0847118
0.0752552
0.0749113
0.0882788
0.0930671
0.0755743
0.0771624
0.0812814
0.100164
0.113165
0.0996383
0.0842302
0.0881877
0.0892698
0.0884699
0.0833686
0.0751454
0.0818752
0.0691501
0.0651168
0.0478954
0.0554302
0.0828755
0.0850206
0.0560756
0.0633954
0.0672359
0.063749
0.0618619
0.063365
0.0617667
0.0642928
0.0721406
0.0666244
0.0768686
0.058763
0.0771238
0.0735215
0.0822869
0.0838033
0.0686056
0.0694082
0.0804604
0.0871986
0.0752952
0.0714992
0.0741013
0.0870658
0.0800082
0.0924876
0.0904293
0.0635895
0.0983615
0.0945685
0.0759447
0.0612884
0.0747437
0.0580087
0.0641659
0.0782649
0.0654337
0.0607091
0.0569723
0.0679424
0.049224
0.0641282
0.0885565
0.0546463
0.0436779
0.0763982
0.0739064
0.088189
0.0588059
0.034317
0.0779243
0.0638382
0.0741119
0.0604686
0.0813701
0.0620081
0.0588575
0.0655367
0.0651774
0.0690967
0.0511823
0.0745342
0.0762991
0.0746536
0.0605733
0.0777507
0.069703
0.0696233
0.0723716
0.0855294
0.0819561
0.0726569
0.0666134
0.0740855
0.0790566
0.0768105
0.0698396
0.068059
0.0624349
0.0663646
0.0721395
0.0718602
0.0653564
0.0657658
0.0670216
0.0682726
0.0776261
0.0594811
0.0651831
0.0671083
0.0788979
0.065409
0.0712499
0.0571814
0.0602031
0.0534737
0.0880045
0.0746669
0.0664364
0.0502632
0.0460153
0.0539692
0.0583636
0.0525206
0.0783947
0.0642685
0.0542018
0.0447227
0.0604728
0.0551898
0.0565754
0.0452727
0.0665338
0.0814062
0.0572991
0.103262
0.0567195
0.0907388
0.0620034
0.06543
0.0550799
0.0632512
0.0860532
0.0592378
0.0596753
0.0710214
0.0705325
0.063052
0.0739195
0.0875979
0.066782
0.0654343
0.0494568
0.051196
0.0461237
0.0790723
0.0704468
0.0645057
0.0620713
0.0572048
0.0791478
0.0684098
0.063638
0.0664905
0.0616719
0.0682472
0.0599373
0.0455893
0.0617866
0.0513997
0.0605734
0.0546395
0.0539165
0.0528184
0.0510013
0.0437248
0.0573206
0.0543956
0.0613532
0.0526846
0.0548006
0.0535175
0.054264
0.0480329
0.0522436
0.0512041
0.0469571
0.0546111
0.0515123
0.0518092
0.0344947
0.0552051
0.0545183
0.0478929
0.0447953
0.0594474
0.0383951
0.0444605
0.0559117
0.0558985
0.0496639
0.0505478
0.0646382
0.0658341
0.0580555
0.0488917
0.0630521
0.0594141
0.064259
0.055362
0.0663312
0.0599445
0.0541013
0.0628489
0.053618
0.0531074
0.0462512
0.0549001
0.050179
0.0497948
0.0500673
0.0433908
0.0585443
0.0537865
0.0560058
0.0551225
0.0497696
0.0685462
0.0359694
0.0500106
0.0504923
0.0502568
0.0473969
0.0641789
0.0452024
0.0474849
0.0698965
0.0530918
0.05612
0.0350812
0.0509405
0.0631164
0.054116
0.0473344
0.0538792
0.0625399
0.0522479
0.056657
0.0439501
0.0408104
0.0715123
0.0499848
0.0698516
0.0626296
0.0714765
0.0567085
0.0649081
0.059702
0.0767246
0.0637568
0.0686213
0.0544797
0.0508165
0.0226736
0.0334949
0.0580475
0.0601518
0.0613241
0.0524585
0.0724519
0.07044
0.0467607
0.0654291
0.0647704
0.064731
0.0426411
0.0525503
0.0465991
0.0511994
0.0579834
0.0624403
0.046936
0.0689101
0.085121
0.0594929
0.0628728
0.0500458
0.0608985
0.0594537
0.0700958
0.0415113
0.074412
0.054568
0.0530062
0.0762652
0.0400312
0.0808747
0.046709
0.059185
0.0343925
0.0578388
0.0706977
0.0547492
0.0552662
0.0350716
0.059308
0.0701503
0.057569
0.0423938
0.0447622
0.0325445
0.0433708
0.0482989
0.0700462
0.0545005
0.0697359
0.0505618
0.0474575
0.0550762
0.0661362
0.0595695
0.053149
0.0672875
0.0515357
0.0660012
0.0507597
0.059297
0.0446727
0.0532886
0.0502411
0.0624995
0.0570392
0.0488539
0.0559596
0.0561208
0.055607
0.0535204
0.0595201
0.0531188
0.053057
0.0517697
0.0551988
0.0568223
0.0510248
0.0554612
0.0529782
0.0512062
0.0513785
0.048578
0.0435534
0.0546205
0.0498769
0.0581207
0.0501355
0.0463211
0.0518501
0.0493017
0.0506366
0.0406036
0.0534857
0.0406377
0.0397196
0.0544463
0.0344935
0.0430076
0.0474308
0.0460454
0.0574486
0.045364
0.0406608
0.0511526
0.0529869
0.0487773
0.0422037
0.0481469
0.0448979
0.0486304
0.0544452
0.0415928
0.0398325
0.0423803
0.045248
0.0532791
0.0535251
0.0437696
0.0582461
0.0448796
0.0507094
0.0467479
0.0454222
0.0497729
0.0453785
0.0471301
0.0603185
0.0419545
0.0504765
0.049129
0.0521317
0.0484737
0.0488912
0.050113
0.0474753
0.0515684
0.0483787
0.0476779
0.0364271
0.042184
0.0523128
0.0515842
0.0511393
0.0442784
0.0448286
0.0476722
0.0468773
0.0342908
0.0531908
0.0472704
0.0451926
0.0462984
0.0474623
0.0505251
0.0448514
0.0438967
0.0478043
0.0445437
0.0490961
0.0420349
0.0543552
0.0472079
0.0532903
0.0499305
0.0488189
0.0596792
0.0567296
0.0489678
0.0416509
0.0497163
0.0424639
0.0383059
0.0517537
0.0448546
0.0434934
0.0533859
0.0527396
0.0570962
0.0470343
0.0446274
0.0459036
0.0526896
0.0498755
0.0513654
0.0443691
0.0449493
0.0532668
0.0511048
0.0482662
0.0560638
0.041803
0.0487613
0.0485718
0.0490825
0.0515567
0.0493013
0.05127
0.0447308
0.0634305
0.0550888
0.0538438
0.0522023
0.051292
0.0440433
0.0467532
0.0413748
0.0536052
0.0461763
0.0504563
0.0532043
0.0542861
0.048242
0.0486062
0.0529908
0.0535492
0.0528422
0.0642895
0.0468316
0.0561747
0.0611921
0.0644675
0.0631912
0.0551296
0.0388267
0.0474261
0.059519
0.051746
0.0547345
0.0655242
0.0588924
0.0598757
0.0622018
0.0405888
0.0469695
0.0559271
0.0456793
0.0666256
0.0520328
0.0575864
0.0767408
0.0573749
0.0548768
0.0504215
0.06508
0.0561654
0.053011
0.0513847
0.0423587
0.0524408
0.0655856
0.0577253
0.0670668
0.0505401
0.056579
0.0542115
0.0525546
0.041824
0.0373065
0.0400634
0.0343937
0.0376282
0.0339482
0.0549748
0.0381975
0.0749038
0.0470645
0.03997
0.0464231
0.0597728
0.0449907
0.045756
0.05629
0.056217
0.0508855
0.0258545
0.0518286
0.0530858
0.0501137
0.0480444
0.0484058
0.0430845
0.0414955
0.0588964
0.0473623
0.0543716
0.0559603
0.0339327
0.0688161
0.0552966
0.0452102
0.0519776
0.0383164
0.0410658
0.0482263
0.0448586
0.0490341
0.060187
0.0461058
0.0384028
0.0470952
0.0456104
0.0458068
0.0507044
0.05604
0.0521739
0.0433373
0.0515342
0.0485454
0.0424752
0.0425778
0.0470956
0.051081
0.0429589
0.0452464
0.0613825
0.0505546
0.0494696
0.031061
0.0423976
0.0615227
0.0428977
0.0493478
0.0457167
0.0523628
0.0405555
0.0510046
0.0455498
0.0499712
0.0476278
0.0484682
0.0487344
0.0505461
0.0449454
0.0517348
0.0444029
0.0437353
0.0451199
0.0455628
0.0505794
0.0508157
0.0509412
0.048493
0.0452006
0.0392025
0.0593222
0.0437427
0.0466203
0.0497299
0.0461332
0.061239
0.0389852
0.046032
0.0449736
0.0539566
0.0517013
0.0521061
0.0579669
0.0403545
0.0393765
0.0376882
0.0385435
0.0462164
0.0501617
0.0513377
0.0491082
0.0439375
0.0504369
0.0461455
0.054566
0.0376695
0.0431959
0.0526706
0.0482581
0.0521858
0.0468369
0.0439059
0.0437824
0.0494775
0.0487922
0.039819
0.0558635
0.0521855
0.0558679
0.0535822
0.0501096
0.0601641
0.0520341
0.0495926
0.0438768
0.0508837
0.0449709
0.0523699
0.0511844
0.0494366
0.0495761
0.0474045
0.0567809
0.0464848
0.0488731
0.0529777
0.0528778
0.0539302
0.051684
0.0449447
0.0436243
0.0537596
0.0442591
0.0562485
0.0532636
0.0587451
0.0647548
0.0666101
0.0961118
0.155051
0.303637
0.422481
0.48406
0.49602
0.466113
0.386029
0.217247
0.115188
0.0808741
0.0575779
0.065415
0.0571427
0.0502291
0.0507002
0.0598244
0.0537884
0.0544484
0.0550353
0.0538954
0.0536519
0.048328
0.0590277
0.0510378
0.050285
0.0441374
0.0474272
0.0526992
0.0438781
0.0513587
0.0525339
0.0499867
0.049654
0.0505083
0.0530718
0.0527253
0.0593379
0.0507046
0.0600632
0.0673026
0.0742053
0.0636817
0.0536318
0.0534534
0.064535
0.0540113
0.0522717
0.0567925
0.0545393
0.0542921
0.0587839
0.0534259
0.0540174
0.0604852
0.0480731
0.0527619
0.0491596
0.058495
0.0603627
0.0507303
0.0493605
0.0541414
0.0561498
0.0553861
0.0520417
0.052146
0.0540433
0.0521773
0.049895
0.0518677
0.0428
0.0553909
0.0567523
0.0452756
0.0479593
0.0606503
0.0452729
0.0586585
0.0524458
0.0580373
0.0510482
0.0539142
0.0475178
0.0537217
0.0474415
0.0537015
0.0531879
0.0511131
0.0565784
0.0510559
0.0538265
0.0545478
0.0480654
0.0472512
0.0524827
0.0447282
0.0472111
0.0504128
0.0577675
0.0473464
0.0484271
0.0484592
0.0423794
0.0536109
0.0556825
0.0590009
0.0413176
0.0382523
0.0521562
0.0416454
0.054876
0.0553614
0.0565064
0.0482286
0.0534288
0.0694968
0.0640725
0.0417412
0.0433135
0.0440163
0.0439303
0.061332
0.0497352
0.0492241
0.0360176
0.0688393
0.0551767
0.0365524
0.052093
0.054713
0.0580481
0.0510866
0.0535374
0.0549701
0.0464723
0.0624209
0.0569927
0.0479679
0.0668771
0.0600508
0.0491027
0.040708
0.048284
0.0509927
0.0315763
0.0455635
0.0797882
0.0679727
0.078064
0.0713951
0.0416461
0.0350835
0.0646223
0.0560414
0.0706102
0.0736001
0.0348937
0.0523112
0.0360101
0.0513814
0.0280265
0.0717631
0.0605588
0.0676336
0.0811654
0.0296925
0.051999
0.0487226
0.0558646
0.0420906
0.0784547
0.0410256
0.0499877
0.0796859
0.0589268
0.062152
0.0406073
0.0445286
0.0628129
0.0919384
0.0419737
0.0798521
0.0404209
0.0425001
0.0765118
0.049817
0.0532954
0.0599851
0.062121
0.0797212
0.0454867
0.0517688
0.0527176
0.0411648
0.0437083
0.0747242
0.0561836
0.0171098
0.0659609
0.0850367
0.0329988
0.0298591
0.0518491
0.0426334
0.0472094
0.0548405
0.054951
0.0437713
0.0254878
0.0660933
0.0515492
0.0672277
0.0526891
0.0397717
0.0762865
0.0980304
0.0600518
0.0199927
0.0685307
0.0607562
0.0549214
0.0713736
0.081246
0.0916446
0.0799874
0.0658863
0.0686503
0.0685527
0.0438034
0.0617157
0.0499465
0.046152
0.0646499
0.0761072
0.0482473
0.0417089
0.0463953
0.0371843
0.058543
0.0728866
0.0663698
0.0441535
0.0712098
0.0639642
0.0530544
0.0545849
0.0747029
0.0490292
0.0541829
0.070381
0.0671554
0.0574579
0.0805436
0.0748495
0.0696501
0.0837588
0.0889361
0.0874944
0.0839584
0.100136
0.0862575
0.0810559
0.0656787
0.062963
0.045247
0.0435452
0.0516862
0.0537561
0.0539593
0.0700448
0.042932
0.068901
0.0587947
0.0642682
0.0421813
0.0719556
0.0565441
0.0408708
0.0757352
0.0428563
0.0464188
0.0480899
0.0589858
0.0598176
0.0417097
0.0521414
0.0645056
0.0532893
0.0541391
0.052331
0.0642245
0.0551946
0.045298
0.049027
0.0389833
0.0433001
0.0522355
0.0458396
0.0414652
0.0425444
0.0424884
0.0436731
0.0384555
0.0557921
0.0483357
0.0502288
0.0448771
0.0470494
0.0559105
0.044736
0.0603211
0.0536479
0.0531931
0.0590055
0.0589266
0.0533907
0.0612468
0.0483738
0.0504245
0.0439699
0.05497
0.0623974
0.0613802
0.0500041
0.0370477
0.064532
0.0653972
0.0535853
0.0540679
0.0556064
0.0617018
0.0565357
0.0606905
0.0482714
0.0468826
0.0674555
0.0557976
0.0537975
0.0522974
0.0562392
0.05585
0.0571056
0.0579964
0.0586987
0.0543768
0.0518502
0.0489487
0.0514537
0.0512707
0.0487786
0.0454712
0.0513465
0.0522438
0.0554642
0.0495582
0.0491252
0.0458517
0.0451698
0.0532559
0.0557728
0.0513119
0.0574843
0.0573215
0.0629505
0.0578388
0.0674799
0.0550175
0.0608989
0.0516778
0.0686868
0.0637326
0.0857438
0.0859786
0.0846492
0.0785703
0.0761396
0.0848268
0.0787813
0.0755598
0.059356
0.0605155
0.0551117
0.0493033
0.0686973
0.0534979
0.0548437
0.0554222
0.0511786
0.0534734
0.0588397
0.0545323
0.0575133
0.0487432
0.0498184
0.0570422
0.0563238
0.0521715
0.0536291
0.0547495
0.0567746
0.0621231
0.0581767
0.0612701
0.0632341
0.0652578
0.0591483
0.0662327
0.0653636
0.0688449
0.0736205
0.0630649
0.0726459
0.078151
0.0879414
0.0875658
0.085638
0.0840829
0.0789495
0.0755563
0.05917
0.0713454
0.0637284
0.0698813
0.0683721
0.0532387
0.0670425
0.0538395
0.0595195
0.0527663
0.0528127
0.0504623
0.0636901
0.0544438
0.0613401
0.0651048
0.0588269
0.0558122
0.064891
0.0619601
0.0528019
0.0618077
0.0649776
0.0607673
0.0668236
0.0699569
0.0654457
0.0734397
0.067895
0.0680672
0.071913
0.066599
0.0735344
0.0722288
0.0762267
0.0725029
0.0827227
0.0742683
0.0848444
0.0764454
0.0709823
0.0750685
0.0783908
0.071676
0.0621249
0.0584776
0.0599255
0.0592248
0.0583615
0.0590108
0.0520381
0.0547954
0.0485932
0.0513794
0.0507654
0.058561
0.0561931
0.0533002
0.0523989
0.0612183
0.056059
0.0474606
0.0581096
0.0643721
0.05081
0.0607456
0.0485661
0.059077
0.0617117
0.0462226
0.0531421
0.0410736
0.0431493
0.0472498
0.0476256
0.0469369
0.0499965
0.0452199
0.0519665
0.0516481
0.0507832
0.0505753
0.0383964
0.059014
0.0460014
0.0434373
0.0421515
0.0437867
0.0532461
0.0470419
0.0485025
0.0522445
0.040684
0.0419085
0.0476787
0.0426769
0.0441948
0.0396733
0.0463956
0.0445248
0.0499254
0.0356653
0.0414964
0.0378303
0.0522753
0.0467375
0.0637256
0.0572082
0.07216
0.0788351
0.0763468
0.073999
0.0871827
0.0862593
0.0813373
0.0811677
0.0929923
0.0910559
0.0823825
0.0811889
0.0881037
0.0759723
0.0897744
0.0953888
0.0822902
0.0780633
0.0655604
0.0821024
0.0863504
0.0699514
0.0656359
0.0597553
0.0756386
0.0793992
0.0791844
0.068541
0.0840605
0.0721919
0.0793702
0.07736
0.0657566
0.0607621
0.059301
0.0697312
0.0680378
0.0726287
0.0785436
0.0724818
0.0710104
0.0685214
0.08323
0.0813747
0.0818277
0.0761222
0.0858871
0.0895213
0.109456
0.096026
0.0945043
0.10817
0.0994108
0.0987173
0.0974495
0.092323
0.0835849
0.0962751
0.0798577
0.0788302
0.0754342
0.0781139
0.0552085
0.0996124
0.0479045
0.0558037
0.0810822
0.0874083
0.0702422
0.024824
0.0702734
0.0894375
0.0916151
0.0536165
0.0536186
0.0532668
0.0986389
0.0544869
0.0672351
0.0796574
0.0956982
0.058907
0.111379
0.0844649
0.0967846
0.0873371
0.0954465
0.104878
0.0892595
0.0950047
0.0786442
0.0951667
0.0943196
0.102661
0.094642
0.106333
0.103361
0.0957746
0.109525
0.112083
0.0959033
0.106661
0.100779
0.111232
0.104289
0.103594
0.127935
0.113633
0.080292
0.0925677
0.0834611
0.0878667
0.0747197
0.0678297
0.0695766
0.0584326
0.078097
0.0463626
0.06434
0.0418097
0.0549293
0.0453098
0.0858823
0.0450765
0.068467
0.102289
0.0495612
0.0878023
0.0736641
0.054479
0.0626297
0.0466099
0.0906181
0.0796129
0.055999
0.057149
0.0762288
0.0643617
0.124859
0.112868
0.0429607
0.0852987
0.0638617
0.0454781
0.0826221
0.0746833
0.0899198
0.117652
0.0989613
0.10469
0.0954382
0.115465
0.107595
0.10849
0.0907288
0.11118
0.104885
0.100317
0.116013
0.0916225
0.11548
0.122225
0.0961682
0.112514
0.0959459
0.0455438
0.0871667
0.0527045
0.0366626
0.0810387
0.108245
0.0808257
0.0914674
0.0612075
0.0674419
0.0880272
0.0845734
0.0757137
0.0857753
0.0722501
0.110257
0.0975142
0.0930659
0.102195
0.0916255
0.0819634
0.103676
0.0798767
0.0760728
0.0764488
0.0854527
0.144238
0.0456545
0.0666709
0.0891809
0.103792
0.0526322
0.0405921
0.0933245
0.115049
0.0507096
0.076203
0.0959531
0.053568
0.0336934
0.0545419
0.0278307
0
0.0579947
0.0334791
0.0592829
0.065556
0.0372908
0.0695082
0.100467
0.0451349
0.0614647
0.0612217
0.090887
0.129327
0.105635
0.0657295
0.116978
0.104637
0.0868308
0.102446
0.0847472
0.0845831
0.0986141
0.109631
0.0803867
0.101331
0.0968911
0.068671
0.0578289
0.0677734
0.06128
0.110642
0.104273
0.0691582
0.115487
0.050854
0.0710065
0.0845424
0.0822591
0.0516634
0.111605
0.0671536
0.0821546
0.017961
0.0640924
0.056321
0.0156612
0.0301012
0.0683921
0.033099
0.0563144
0.0148719
0.112848
0.0840685
0.0706257
0.0184793
0.0604823
0.0550288
0.0787153
0.0367526
0.0518704
0.038851
0.087394
0.0458075
0.0952088
0.048466
0.0435438
0.0801544
0.115677
0.121505
0.10956
0.0933499
0.0938714
0.102895
0.0820928
0.107464
0.0902325
0.10059
0.0727111
0.0605256
0.0756799
0.116885
0.0951787
0.122526
0.0552233
0.072958
0.0480232
0.0925445
0.0343729
0.0942954
0.0316146
0.0916648
0.0883085
0.0988901
0.0872809
0.0628623
0.0836557
0.069477
0.0740144
0.0894363
0.0791572
