0.0923543
0.100764
0.0995506
0.0985727
0.097696
0.101077
0.101512
0.0966776
0.100109
0.099401
0.109922
0.110984
0.116636
0.117874
0.113782
0.115162
0.112574
0.120512
0.109926
0.110807
0.108867
0.102719
0.118392
0.1126
0.110506
0.121441
0.11334
0.115489
0.116826
0.120566
0.121326
0.125007
0.12373
0.124323
0.125817
0.124696
0.122889
0.121186
0.119531
0.102901
0.117173
0.109691
0.108535
0.115206
0.115546
0.115158
0.120444
0.119946
0.125026
0.12962
0.130319
0.128208
0.135004
0.137764
0.137468
0.136296
0.12923
0.126398
0.124167
0.115981
0.10813
0.101959
0.0873449
0.095786
0.0915358
0.0799316
0.0771153
0.0867968
0.0929092
0.0973416
0.0936421
0.104404
0.100087
0.0973615
0.10006
0.103302
0.101408
0.10356
0.0974161
0.100898
0.0956394
0.0999414
0.0907353
0.0935022
0.0985209
0.0990757
0.10411
0.107072
0.106259
0.113134
0.108475
0.113753
0.111417
0.110103
0.106884
0.109886
0.106627
0.103678
0.112568
0.116306
0.112773
0.11151
0.115933
0.116522
0.11864
0.116448
0.116848
0.119661
0.114278
0.117533
0.122216
0.120847
0.117399
0.121261
0.119261
0.108539
0.103017
0.101966
0.099813
0.0945295
0.101032
0.106649
0.112289
0.107784
0.11025
0.120014
0.113957
0.110137
0.119124
0.120393
0.121624
0.125899
0.127093
0.131109
0.132833
0.12919
0.124878
0.124604
0.126913
0.118443
0.109531
0.104975
0.10197
0.101195
0.0939729
0.0934938
0.0987522
0.0939733
0.100617
0.0972836
0.113675
0.106269
0.115822
0.117893
0.124335
0.119126
0.120152
0.124796
0.125116
0.122184
0.125639
0.123883
0.119656
0.12032
0.114705
0.109124
0.108189
0.105398
0.10449
0.107584
0.0977352
0.109904
0.108204
0.108225
0.113939
0.106692
0.108171
0.107054
0.108075
0.102423
0.0970277
0.0915591
0.0927605
0.0911782
0.0960983
0.0846906
0.103007
0.101432
0.102525
0.110342
0.111761
0.108279
0.11189
0.106072
0.106863
0.109097
0.109285
0.106111
0.10228
0.0935709
0.0893678
0.0906693
0.0772732
0.0850652
0.0759063
0.0802248
0.0839994
0.0878757
0.0921826
0.0969439
0.100441
0.103884
0.105486
0.106388
0.108178
0.113632
0.112718
0.110032
0.112755
0.111394
0.113602
0.107006
0.113231
0.101695
0.092468
0.086712
0.0735969
0.07959
0.0838423
0.0812448
0.0893543
0.0868671
0.0923235
0.0948876
0.0999953
0.0972528
0.0949263
0.0954433
0.104468
0.104759
0.106478
0.108227
0.109168
0.121582
0.112773
0.117692
0.122908
0.117311
0.120614
0.118029
0.118004
0.111449
0.119591
0.110876
0.108157
0.0883973
0.0836728
0.0763182
0.0769033
0.0835184
0.0660473
0.0789111
0.0691615
0.0767903
0.0872009
0.0939824
0.0872285
0.0880534
0.0836004
0.0918622
0.102583
0.106159
0.106806
0.118683
0.122045
0.115441
0.123677
0.126508
0.122772
0.122904
0.120153
0.117534
0.1179
0.107095
0.106932
0.10525
0.0948279
0.0963411
0.10231
0.0644806
0.0668243
0.0822735
0.0616275
0.0671215
0.0657931
0.0778589
0.0722713
0.0824337
0.0878225
0.0779734
0.0919831
0.0923131
0.091856
0.0980333
0.103581
0.100323
0.0943177
0.111416
0.105505
0.106279
0.0994866
0.0970988
0.0949597
0.0943067
0.0766846
0.0738929
0.0548804
0.0579248
0.0594667
0.0614168
0.0695931
0.0673684
0.0603264
0.0850902
0.0769126
0.069383
0.0689882
0.0767634
0.0713707
0.080887
0.0825086
0.0886445
0.0924637
0.0979884
0.0979423
0.0957096
0.102412
0.0961409
0.107492
0.104706
0.107654
0.106753
0.101169
0.0903187
0.0839664
0.0581077
0.0641789
0.0653671
0.0725573
0.0686852
0.0577971
0.0579983
0.0461421
0.0755527
0.0562218
0.0656083
0.0668012
0.0576185
0.0754007
0.0629002
0.0821273
0.0660044
0.0695025
0.0825192
0.0713427
0.0882824
0.0848313
0.0904577
0.0927262
0.100885
0.103249
0.101585
0.106536
0.101745
0.107444
0.114036
0.1046
0.0989343
0.0943926
0.0916923
0.0809583
0.0703111
0.0635682
0.0718415
0.0707804
0.0702566
0.0689945
0.0730118
0.0729961
0.0725696
0.0716158
0.073913
0.08335
0.0718636
0.0701717
0.0832028
0.0750112
0.0867223
0.086211
0.0967775
0.09311
0.0947191
0.097271
0.0854764
0.106313
0.100569
0.106687
0.108489
0.108048
0.106513
0.0979374
0.101256
0.0933913
0.103259
0.0942297
0.0949531
0.0921681
0.0804441
0.0778957
0.0772147
0.0671613
0.0722975
0.0802961
0.0833968
0.0880626
0.0716396
0.0748729
0.0963885
0.101902
0.0986968
0.0960543
0.112237
0.0927974
0.103195
0.104343
0.100852
0.106274
0.103308
0.106339
0.093141
0.0914293
0.088289
0.0513762
0.0671846
0.0742663
0.0490693
0.0558578
0.0795625
0.0732795
0.0587715
0.0654747
0.0602857
0.0489163
0.052565
0.0562486
0.066532
0.0635787
0.0488837
0.0783969
0.0614826
0.0702481
0.0716288
0.0679193
0.0634531
0.0841481
0.0814153
0.0856526
0.100526
0.0923366
0.0915724
0.0827563
0.0874907
0.0922732
0.0887515
0.0953416
0.0940787
0.0975487
0.0938655
0.0807773
0.085244
0.0594482
0.0495112
0.0571505
0.0544892
0.0671827
0.0765295
0.0602408
0.0572465
0.0774165
0.0386896
0.0911861
0.139292
0.193482
0.222542
0.303204
0.331359
0.393813
0.375728
0.33152
0.252369
0.180825
0.0954092
0.0758493
0.0801542
0.0838556
0.0567574
0.0755106
0.0799703
0.0700813
0.0665289
0.0754733
0.0898097
0.0717439
0.0793997
0.080074
0.0932187
0.068516
0.0818724
0.0905904
0.0797346
0.0847096
0.0860516
0.0802538
0.0870881
0.0782003
0.0689648
0.0649166
0.0528006
0.0605429
0.0596898
0.0693567
0.0564363
0.0583152
0.0902641
0.0667411
0.0727832
0.0725051
0.0884236
0.0923796
0.0943038
0.0949504
0.0851333
0.0856818
0.0948721
0.0871305
0.0849487
0.0691527
0.0927962
0.0502926
0.0766073
0.0631765
0.0522544
0.0930582
0.0763739
0.0638344
0.0626325
0.0514694
0.0707083
0.0688978
0.0657631
0.0726613
0.0578765
0.0663697
0.0768038
0.0685047
0.0652338
0.0649463
0.0842468
0.0668287
0.0654401
0.0740043
0.0644565
0.0593231
0.0832336
0.0751147
0.0616294
0.0860498
0.0737487
0.0791195
0.0766235
0.0694201
0.077848
0.0890773
0.0955042
0.0684847
0.0774569
0.0778813
0.0408177
0.04951
0.0741868
0.0613666
0.0666005
0.0553701
0.0700392
0.0602624
0.0373655
0.0558961
0.048337
0.0553355
0.068819
0.0669313
0.0783883
0.0468392
0.0418852
0.0570585
0.0548806
0.0498049
0.0525939
0.0458421
0.0596704
0.0662418
0.0518895
0.0544521
0.0520995
0.0547416
0.0729026
0.0650565
0.0693431
0.0669657
0.0615753
0.0718054
0.0427558
0.0676287
0.0818912
0.0684134
0.0769735
0.0620803
0.0728308
0.0766453
0.0541128
0.0513082
0.0588336
0.0610676
0.0594725
0.0612683
0.048698
0.0643757
0.0633191
0.0568918
0.0725548
0.0515164
0.0499618
0.0599782
0.073231
0.0600704
0.0777625
0.0649161
0.0611659
0.0536042
0.0633345
0.0843374
0.094325
0.0588294
0.0575557
0.0506669
0.078819
0.0508764
0.0482057
0.0370046
0.0681291
0.0498606
0.0640627
0.0610357
0.0644902
0.0400763
0.0516388
0.0724934
0.0750257
0.0616893
0.0744108
0.0614116
0.0846565
0.0724608
0.0678752
0.0587222
0.0582729
0.0498668
0.0522989
0.0424993
0.0676699
0.0691666
0.0593025
0.0551768
0.0780127
0.0488093
0.0344126
0.0520786
0.0402138
0.0540381
0.0695479
0.0584083
0.0542865
0.0560815
0.0532592
0.059193
0.0574479
0.0608711
0.0539796
0.0505956
0.0469294
0.0609936
0.0450548
0.060142
0.042988
0.0505786
0.0343976
0.033795
0.0496532
0.0368054
0.0370318
0.0404619
0.0516681
0.0525524
0.0376134
0.0296575
0.0448058
0.0364368
0.0462557
0.0513776
0.0434473
0.026387
0.0360526
0.0349803
0.0368414
0.0290171
0.0422522
0.0503406
0.0371388
0.036491
0.0434949
0.0356961
0.0268912
0.0356853
0.0341333
0.0410823
0.0404783
0.0416101
0.0404831
0.0449305
0.0426346
0.0443693
0.0493159
0.0476782
0.0521648
0.0453848
0.0530834
0.0452019
0.0561011
0.0507003
0.0393954
0.0410238
0.036541
0.0354583
0.0462207
0.0368535
0.0322056
0.0436341
0.0474697
0.0431381
0.0446063
0.0466208
0.045717
0.0228139
0.0330156
0.0406852
0.0376749
0.0435661
0.0221123
0.0495072
0.0329748
0.0580349
0.0510105
0.0330672
0.0324122
0.0413005
0.0497994
0.05639
0.0480224
0.0364571
0.0264911
0.0375079
0.0475337
0.0361485
0.0445612
0.0497556
0.0310377
0.0573075
0.0521664
0.0380334
0.0423576
0.0435963
0.0567178
0.0638435
0.0491639
0.0487076
0.0326383
0.0517915
0.0641065
0.0385417
0.0391269
0.0630451
0.0610611
0.0577614
0.0576613
0.0507216
0.0527381
0.052732
0.0598767
0.0642834
0.0419483
0.0493505
0.0404058
0.0545967
0.0600651
0.0661571
0.038413
0.037087
0.0576804
0.0648961
0.0339363
0.0547024
0.059956
0.063283
0.0540332
0.0327299
0.0787955
0.0361661
0.0519917
0.0598759
0.0493628
0.0659365
0.0384296
0.0669284
0.0306966
0.0244823
0.045034
0.0373206
0.0474123
0.0206601
0.0325763
0.0417528
0.0652058
0.0236646
0.0396548
0.031637
0.0354026
0.0500378
0.0614545
0.0633377
0.0629039
0.0270141
0.0404205
0.0423034
0.0432298
0.0573447
0.0352137
0.0493055
0.0407837
0.0450622
0.039281
0.0488232
0.0378626
0.0461442
0.0375396
0.0511145
0.0428224
0.0439639
0.0378398
0.0450424
0.041629
0.0477774
0.0472517
0.0434832
0.0419184
0.0478396
0.0446225
0.0365989
0.0369187
0.0405462
0.0351443
0.0430259
0.0335924
0.0384823
0.0359204
0.0404637
0.0387496
0.0395681
0.0372052
0.0351701
0.0337935
0.0329002
0.0375242
0.0316204
0.0396008
0.0322498
0.0327858
0.0385
0.029117
0.0356448
0.031497
0.0364823
0.0437342
0.0259436
0.0348368
0.0347751
0.0314165
0.0373394
0.0351766
0.0299049
0.0319172
0.0336517
0.0362127
0.0276039
0.0283076
0.0323668
0.0327307
0.04036
0.0364546
0.0299005
0.026748
0.0336476
0.0348408
0.0374409
0.0363799
0.032012
0.0349077
0.029852
0.0426496
0.0340269
0.0324382
0.030392
0.0362161
0.0396527
0.0371544
0.0395026
0.039501
0.0282251
0.0344473
0.0359825
0.0317249
0.0229343
0.0294001
0.0399091
0.0371385
0.0342372
0.02998
0.0293539
0.0295596
0.0302363
0.0432629
0.0300468
0.03153
0.0373019
0.032999
0.0361522
0.033713
0.0345369
0.0322255
0.0342555
0.0346559
0.0363748
0.0374259
0.034293
0.0350751
0.030321
0.0370312
0.0460783
0.0419992
0.0387981
0.0310578
0.0351387
0.0340185
0.0237774
0.0333743
0.0272004
0.0363421
0.0422506
0.0326262
0.0351318
0.0375052
0.0283597
0.0348826
0.0305494
0.0378561
0.0416054
0.0340625
0.0266066
0.028181
0.0386755
0.0361054
0.036377
0.0390506
0.040158
0.0350608
0.0327244
0.0422359
0.037121
0.0339179
0.0391829
0.0497099
0.0333827
0.0436467
0.030919
0.0345337
0.0381212
0.0331678
0.0351791
0.0330227
0.0435101
0.0283183
0.0392526
0.0344408
0.0428515
0.0522228
0.0354305
0.0406704
0.0460317
0.0552281
0.0441126
0.0388448
0.0482466
0.0443165
0.0509972
0.0443054
0.0364121
0.0437441
0.0393166
0.0333412
0.0427431
0.0453316
0.0576644
0.0414865
0.0686879
0.0495116
0.0442162
0.0406849
0.0353006
0.056913
0.0468366
0.0472558
0.0439311
0.0383122
0.0303955
0.0442089
0.0533881
0.0484339
0.0518161
0.0338574
0.0335213
0.038268
0.0298028
0.0374073
0.0550493
0.0433773
0.0390117
0.0474993
0.0463943
0.0278553
0.0291364
0.035973
0.0386675
0.0360867
0.0280556
0.0424022
0.0328157
0.0456987
0.0328648
0.0253184
0.0287299
0.030267
0.0348069
0.0472429
0.0280782
0.0310167
0.0364282
0.027987
0.0374159
0.0358332
0.0381084
0.0283982
0.0405102
0.0434942
0.027842
0.0444636
0.0394094
0.0421627
0.0387365
0.0382225
0.0451765
0.0432907
0.0361452
0.0344932
0.0399832
0.0347918
0.0422773
0.0333356
0.0501577
0.042791
0.0260448
0.0313602
0.0330712
0.0330247
0.026294
0.0341237
0.0421049
0.0482652
0.0349788
0.0357595
0.0353874
0.0341933
0.0346609
0.0237449
0.0433768
0.0316554
0.0304483
0.0343145
0.0362221
0.0408378
0.0211481
0.0272434
0.0402583
0.0296489
0.0278459
0.0395374
0.0363249
0.0266538
0.0369743
0.0362701
0.0355202
0.0403264
0.0391274
0.0366676
0.0326986
0.0395103
0.0360189
0.0284116
0.0303743
0.0331536
0.0360666
0.0342602
0.0339145
0.0358507
0.0333392
0.0369299
0.0259654
0.0443355
0.02082
0.0342938
0.0416323
0.0328688
0.0360871
0.0329675
0.0423428
0.0354891
0.0351121
0.0385346
0.0326126
0.0449597
0.0315837
0.0256008
0.0211114
0.0302787
0.0361849
0.0308306
0.0389467
0.0293675
0.0236807
0.0351553
0.0326335
0.0367393
0.0310884
0.0245786
0.0425924
0.0294118
0.0328353
0.0323697
0.0362351
0.0261356
0.0315957
0.0395105
0.0422908
0.0372091
0.0432567
0.0368058
0.0289865
0.0367608
0.045343
0.042386
0.0313005
0.0364802
0.0371237
0.0404927
0.0308408
0.0367272
0.0386174
0.044452
0.0384315
0.03786
0.0335758
0.0406823
0.0377108
0.038903
0.0417316
0.0407311
0.0340602
0.0341722
0.0452034
0.0314337
0.0461869
0.0425838
0.0506612
0.0542025
0.0776858
0.0938086
0.164808
0.351001
0.513393
0.592794
0.608141
0.568785
0.469994
0.259838
0.122552
0.0755934
0.0561667
0.0567539
0.0496545
0.0401458
0.0384531
0.0384828
0.0419847
0.0444675
0.0433206
0.0373391
0.0352842
0.0393628
0.0378183
0.0385177
0.0343628
0.0359221
0.0352112
0.0363212
0.0359193
0.0385693
0.0374098
0.0399731
0.041972
0.0428783
0.032641
0.0400911
0.0447023
0.0447347
0.0493871
0.0468979
0.0546929
0.047192
0.0476106
0.0435705
0.0467424
0.0384181
0.0388242
0.0402181
0.0463808
0.0454739
0.0481647
0.0415672
0.0443293
0.0469595
0.0343753
0.0444839
0.0359328
0.0475278
0.0365785
0.042355
0.0396912
0.0383738
0.0466418
0.0414474
0.0379213
0.0391073
0.0384649
0.0386423
0.0338454
0.0424064
0.0377721
0.0414413
0.0505237
0.0300953
0.0449106
0.0350398
0.0308865
0.0418548
0.0430822
0.0496555
0.0359035
0.030513
0.033647
0.0400904
0.0398989
0.0457301
0.0400153
0.0420275
0.0411728
0.0391882
0.0391576
0.0398318
0.0395658
0.0395331
0.0386021
0.0356615
0.0314914
0.0394003
0.0407028
0.0301018
0.0400158
0.0372253
0.0351256
0.045683
0.0379038
0.0446597
0.0366824
0.034366
0.0476566
0.0548042
0.0475076
0.0381815
0.0445363
0.0435628
0.0307667
0.0418336
0.0659905
0.0482906
0.0405018
0.0395448
0.0374079
0.0428708
0.0406069
0.0356067
0.0308814
0.0459937
0.0413901
0.0418534
0.0360718
0.0346547
0.0360034
0.0341625
0.0407282
0.0346584
0.0362196
0.0432345
0.0472705
0.0337339
0.0494964
0.0348677
0.0464912
0.0347226
0.0472944
0.0298609
0.0504549
0.0435706
0.055864
0.0434963
0.0729929
0.0505911
0.0302726
0.0374463
0.0539523
0.0383393
0.0436839
0.0390089
0.0472204
0.0250972
0.0199568
0.0454345
0.0339628
0.0548158
0.0659833
0.0576642
0.0641418
0.0419201
0.0749782
0.0337692
0.0499351
0.0480227
0.0735188
0.0398591
0.0469768
0.0532033
0.0263818
0.0533957
0.0490928
0.0686447
0.0713236
0.0664761
0.0473365
0.0586903
0.0288546
0.0536971
0.0495186
0.0488332
0.0528281
0.0170121
0.0561052
0.0638134
0.0383295
0.0390084
0.0364684
0.0617178
0.0195413
0.0380031
0.0297235
0.0405833
0.0377108
0.0553293
0.0100894
0.0233648
0.0288893
0.0373005
0.0320468
0.0241018
0.0391478
0.0462764
0.0186754
0.0429869
0.0436338
0.031356
0.0459426
0.0473335
0.0372988
0.0487203
0.052797
0.0268598
0.051852
0.0482349
0.0440515
0.0714891
0.0656669
0.0568679
0.0668512
0.0515822
0.0522217
0.0512784
0.0212098
0.0597081
0.0441778
0.0505221
0.052971
0.0382
0.0403635
0.0475916
0.0496647
0.0395502
0.0533527
0.0341627
0.0290984
0.0493036
0.0527847
0.0467759
0.0411282
0.0440009
0.0697282
0.0493847
0.0326199
0.0669305
0.0510603
0.0506487
0.0676241
0.0683224
0.0755063
0.0813435
0.0769532
0.081309
0.0809787
0.093251
0.0969946
0.0905236
0.0708398
0.062505
0.0512454
0.0300149
0.0495745
0.0383064
0.0448467
0.0564641
0.0333956
0.0538144
0.048731
0.0457671
0.0298604
0.0387031
0.0482239
0.0337386
0.0563536
0.0317844
0.028364
0.0498831
0.0458785
0.0448767
0.0435102
0.0383118
0.0434077
0.0357488
0.0335231
0.0330054
0.0504237
0.0337876
0.0264806
0.0245761
0.0291896
0.031056
0.0416631
0.0434576
0.0287378
0.0301701
0.0240586
0.0350659
0.0342009
0.0411828
0.033682
0.0328182
0.0328124
0.0279395
0.0431334
0.0422186
0.0453948
0.0432038
0.0467108
0.0413784
0.0361758
0.0385538
0.0420737
0.046495
0.0405797
0.0410579
0.0385109
0.0464797
0.0387974
0.025084
0.03615
0.0442343
0.0356096
0.0395206
0.0343291
0.043737
0.045208
0.0415022
0.0468201
0.0458769
0.0358617
0.046117
0.0386957
0.0471337
0.0465466
0.0383449
0.0460477
0.0489782
0.0504156
0.0386672
0.0483715
0.0390623
0.0338814
0.0362022
0.0327373
0.037506
0.0362654
0.0373949
0.0411401
0.0444117
0.0317049
0.0366286
0.0312529
0.0309322
0.0448346
0.0468938
0.0414719
0.0428948
0.0571285
0.0430698
0.0537935
0.0488839
0.0522881
0.0403175
0.0557873
0.048679
0.0573226
0.0762602
0.0672073
0.0732295
0.0704304
0.0681097
0.067849
0.0708601
0.074918
0.0508582
0.0596689
0.0530837
0.0410434
0.0483617
0.0410727
0.0405516
0.0422308
0.0414256
0.0397878
0.0418793
0.0433795
0.036761
0.0321052
0.041456
0.0423778
0.0469029
0.0335115
0.0372281
0.0454205
0.0389305
0.0470321
0.0428669
0.044936
0.0516458
0.0477765
0.0463215
0.0549119
0.0546801
0.0597067
0.0611063
0.0569221
0.0640596
0.0686875
0.0801326
0.0896917
0.0803536
0.0757217
0.0720406
0.0705592
0.0678908
0.0699248
0.0672006
0.0579785
0.0578106
0.0525313
0.0496452
0.0451176
0.0506012
0.0663065
0.0433603
0.0483632
0.0384786
0.0640793
0.0431719
0.0569169
0.0463154
0.0547815
0.0548103
0.0528614
0.0421963
0.0474603
0.0540246
0.0511198
0.0474807
0.0586775
0.0503493
0.055525
0.0581771
0.0609448
0.0617864
0.062131
0.0591326
0.0647065
0.0649107
0.0596048
0.0685272
0.067351
0.0810539
0.0691145
0.0692917
0.0682767
0.0726019
0.0600179
0.0599254
0.0618567
0.0532992
0.0467785
0.0446039
0.049705
0.0499219
0.0495469
0.0382049
0.0433888
0.0407603
0.0403475
0.0505064
0.0498179
0.0468849
0.0514801
0.0452161
0.0270739
0.0325164
0.044404
0.039156
0.0462471
0.0336665
0.0503372
0.0436961
0.0435584
0.0329729
0.0291516
0.0369704
0.0446195
0.0376502
0.0339968
0.0291496
0.0323213
0.045498
0.0391868
0.0387287
0.0454189
0.0253778
0.0357078
0.0339463
0.0324263
0.0367418
0.0355977
0.0421887
0.0310759
0.0432383
0.0382868
0.032328
0.0393811
0.0349933
0.0264368
0.0275297
0.0306353
0.0309094
0.0373651
0.0333104
0.0203218
0.0290712
0.0223051
0.0337648
0.0393521
0.0412272
0.0378752
0.0535572
0.0562699
0.060491
0.0630589
0.0707725
0.065025
0.0634685
0.0671648
0.0768539
0.073616
0.0673843
0.0731828
0.0890593
0.0731411
0.0813465
0.0716825
0.0796594
0.0544141
0.0817202
0.0931017
0.0654154
0.0642357
0.0528089
0.0708905
0.0596346
0.0626175
0.0715424
0.0578061
0.0772883
0.0647331
0.0758386
0.0730177
0.075658
0.0484806
0.046165
0.055371
0.0585389
0.0691997
0.0674426
0.0671825
0.06104
0.0688203
0.0806119
0.0691673
0.0769407
0.0669455
0.0706504
0.0872253
0.0913047
0.0899417
0.0863102
0.109677
0.107469
0.0926893
0.0934816
0.0988678
0.0831615
0.0768089
0.0902999
0.0903984
0.0705288
0.071482
0.0687994
0.059742
0.0299424
0.0490799
0.0821665
0.0640612
0.0566978
0.0383527
0.0622168
0.0821644
0.0862672
0.0322367
0.0463733
0.0389723
0.108117
0.0493371
0.0592882
0.0815991
0.0866539
0.0597363
0.090819
0.0928312
0.0885215
0.0886217
0.100649
0.0961335
0.0999175
0.0854471
0.0654347
0.103442
0.0981387
0.109524
0.092869
0.0987588
0.108945
0.0985827
0.106314
0.114795
0.107941
0.104151
0.10844
0.114918
0.0957601
0.103516
0.0928788
0.105143
0.112312
0.0987932
0.0849014
0.0817772
0.084017
0.0504205
0.0491486
0.0510617
0.0755662
0.035429
0.0746402
0.0786021
0.067852
0.0451548
0.047847
0.0560818
0.0785497
0.0589688
0.0582072
0.0894148
0.0826737
0.0579219
0.0484159
0.00561137
0.0601287
0.0939485
0.0830765
0.063558
0.0611098
0.0747844
0.101314
0.0877944
0.057756
0.0855917
0.121061
0.0783279
0.0774084
0.0848644
0.0836768
0.0988474
0.0985475
0.113535
0.0806798
0.11779
0.101171
0.102236
0.094775
0.112111
0.118551
0.092274
0.13027
0.107533
0.110248
0.117253
0.0798615
0.107622
0.100054
0.0574974
0.105356
0.0904382
0.0603846
0.0746551
0.0922335
0.0851584
0.115052
0.0505514
0.0353263
0.0605196
0.0724045
0.12187
0.0623434
0.0527917
0.0915373
0.0778202
0.103962
0.0797441
0.101872
0.0627592
0.0866206
0.067796
0.075486
0.082509
0.0784989
0.101593
0.0996438
0.0562364
0.0860575
0.114453
0.0720288
0.0502298
0.0639671
0.0781121
0.0438319
0.0330391
0.0989552
0.0453233
0.0306603
0.0348317
0.0425821
0.0413798
0.0745232
0.0281075
0.0258377
0.0823085
0.0413113
0.0449997
0.0887621
0.0568812
0.102024
0.125546
0.0837222
0.103487
0.0781962
0.0874611
0.144152
0.089983
0.110122
0.102928
0.0900844
0.0654333
0.108659
0.0621468
0.100955
0.0736755
0.126312
0.0532816
0.068532
0.0618344
0.0769243
0.0985914
0.0925098
0.0669157
0.109432
0.0708143
0.033117
0.0856158
0.0667231
0.0240517
0.0898307
0.0901365
0.0587849
0.0392755
0.0781314
0.0449427
0.0613224
0.108532
0.0972537
0.0702866
0.0673659
0
0.101807
0.0190813
0.0611799
0.023679
0.0319374
0.0815928
0.0715669
0.0372188
0.0369127
0.0580485
0.095908
0.0604997
0.0978889
0.0883992
0.018787
0.0655913
0.120542
0.104382
0.0703269
0.0873178
0.0945687
0.0441077
0.0777725
0.0877777
0.0697816
0.116376
0.0859283
0.089446
0.122299
0.0925394
0.0980217
0.113305
0.0569159
0.0880439
0.0827298
0.0913329
0.0360162
0.045596
0.0337624
0.0884855
0.0527983
0.107977
0.073362
0.0597353
0.0759911
0.0614397
0.0569724
0.0751718
0.065474
