0.0937563
0.0982938
0.0897163
0.100648
0.0933468
0.0919894
0.105779
0.0976631
0.102229
0.10244
0.110174
0.110215
0.107269
0.113428
0.108098
0.108127
0.105572
0.106186
0.100057
0.106815
0.105457
0.0963036
0.109946
0.106886
0.106805
0.115842
0.11151
0.117718
0.118121
0.111365
0.116742
0.119092
0.116815
0.115317
0.112691
0.115872
0.112402
0.112459
0.109919
0.108609
0.113164
0.107985
0.103016
0.114604
0.115569
0.110296
0.119894
0.117977
0.118537
0.121546
0.122555
0.123918
0.126729
0.127372
0.128025
0.126752
0.117854
0.115348
0.114173
0.107339
0.0991928
0.0925215
0.0769006
0.0961028
0.0947038
0.0822004
0.0830151
0.0898217
0.091367
0.102624
0.090261
0.10118
0.103757
0.0967589
0.0981639
0.107026
0.0980949
0.096112
0.0976516
0.0995738
0.0920042
0.0991811
0.0974118
0.0965643
0.0966604
0.0956933
0.102933
0.102728
0.104587
0.106449
0.102518
0.107757
0.105857
0.101761
0.102757
0.104298
0.102739
0.103874
0.106834
0.10989
0.104843
0.108677
0.108733
0.108072
0.112852
0.107452
0.110616
0.11351
0.109592
0.11277
0.1152
0.109855
0.110417
0.108522
0.107447
0.0995443
0.0944585
0.0966541
0.0985454
0.0893386
0.0991414
0.103915
0.111783
0.111884
0.103706
0.116383
0.109796
0.109217
0.113249
0.115361
0.116618
0.120005
0.117102
0.12357
0.124769
0.121329
0.116845
0.11341
0.117294
0.106824
0.0986711
0.100793
0.083725
0.0971462
0.0997209
0.0837229
0.0982479
0.0907664
0.0973068
0.100072
0.111671
0.11052
0.110891
0.111381
0.111203
0.116722
0.115881
0.118993
0.117503
0.114588
0.117422
0.11503
0.111816
0.115345
0.105879
0.102801
0.0977984
0.109515
0.100769
0.100128
0.102204
0.103748
0.101637
0.101024
0.107355
0.107615
0.104275
0.0988401
0.0991806
0.104972
0.0933063
0.0824834
0.0885215
0.0892148
0.087364
0.0923107
0.0946176
0.103922
0.100493
0.10344
0.105123
0.105907
0.106451
0.105922
0.105028
0.102162
0.102445
0.0978132
0.0928303
0.0907184
0.0920548
0.0785947
0.0890659
0.0782891
0.0844389
0.0870856
0.0898987
0.0877917
0.0871158
0.0977719
0.102523
0.0993174
0.101664
0.104165
0.107911
0.108683
0.10626
0.106704
0.109728
0.109878
0.10545
0.105582
0.1087
0.0922921
0.085207
0.0808921
0.0732113
0.0836193
0.0751983
0.0761703
0.0836179
0.0884333
0.0960643
0.0987925
0.0934355
0.0993047
0.0978476
0.0988546
0.103793
0.100865
0.095563
0.10513
0.107052
0.112213
0.107957
0.110216
0.114943
0.113937
0.112372
0.113142
0.111738
0.111783
0.107306
0.103162
0.0976111
0.0832932
0.0806195
0.0813841
0.0782491
0.0658693
0.0694966
0.066446
0.0750081
0.0686585
0.0842953
0.0888825
0.0739117
0.086667
0.0978071
0.0907638
0.090906
0.10763
0.106665
0.109227
0.114548
0.107807
0.1144
0.119995
0.115851
0.116097
0.115902
0.110859
0.111029
0.102034
0.100258
0.0981214
0.0937791
0.0921196
0.0928074
0.066177
0.0743364
0.0799701
0.0813407
0.0685434
0.0689656
0.0748993
0.0723796
0.0761201
0.0873274
0.0783569
0.0774736
0.0908202
0.0905799
0.0937714
0.0914993
0.0942178
0.0894272
0.104656
0.0985219
0.0998313
0.0965815
0.102283
0.0859111
0.0875736
0.0748512
0.059181
0.0583646
0.067896
0.0603138
0.0744812
0.0694161
0.0594792
0.0658294
0.0730072
0.0706771
0.0712078
0.0769076
0.0805553
0.0834228
0.0737773
0.0886222
0.0871739
0.0879669
0.0948711
0.0975207
0.0961003
0.0962672
0.104704
0.103736
0.10335
0.103029
0.102411
0.0932186
0.0874485
0.0839423
0.0597847
0.0659781
0.0732155
0.0633728
0.0688929
0.0653613
0.0603574
0.0511033
0.0675371
0.0609049
0.0807688
0.068267
0.080114
0.0809005
0.0598829
0.0805565
0.066496
0.0734012
0.082556
0.0734652
0.0921414
0.0886923
0.0853594
0.0950675
0.0952681
0.09895
0.0986558
0.103774
0.0965053
0.094916
0.102063
0.108791
0.091157
0.0810686
0.0899738
0.0804992
0.070917
0.0753667
0.0701092
0.065348
0.06944
0.0787354
0.0786358
0.0806973
0.0686999
0.077877
0.0827739
0.0791333
0.0808104
0.0766277
0.0745831
0.0752116
0.0898077
0.103363
0.0892755
0.0972449
0.0956042
0.10168
0.0883714
0.101532
0.105216
0.102575
0.0960001
0.0994686
0.100294
0.0955799
0.100775
0.0927655
0.0993939
0.0854333
0.105911
0.0894114
0.0825564
0.0828252
0.0778303
0.0678303
0.0717959
0.0887537
0.0729471
0.0818288
0.0797395
0.0749104
0.101248
0.101617
0.0932642
0.0900725
0.101412
0.0885584
0.0937802
0.0961933
0.0934199
0.0937956
0.0951627
0.0899534
0.0936125
0.0885067
0.0722676
0.0730081
0.0711294
0.0620936
0.0469731
0.0636076
0.0751307
0.0690711
0.0512746
0.0580631
0.0585449
0.0588139
0.0596892
0.060795
0.0768584
0.0592386
0.0557343
0.0800015
0.0655405
0.0685591
0.0756697
0.0930304
0.0714142
0.0689808
0.0737242
0.0877363
0.0957144
0.0989252
0.0810792
0.0908994
0.088946
0.0911072
0.101041
0.0968809
0.101361
0.0933237
0.09613
0.0812198
0.0784554
0.0520959
0.0726742
0.0585803
0.068412
0.061756
0.0763369
0.0652342
0.0603917
0.078192
0.0521662
0.107119
0.121137
0.182581
0.211344
0.260758
0.294372
0.326607
0.335245
0.294332
0.213108
0.179297
0.0926718
0.0649783
0.0920749
0.0728847
0.0674811
0.0760563
0.0812882
0.0768648
0.0829111
0.0769726
0.0906851
0.0735225
0.086503
0.0735447
0.086309
0.0756567
0.0821022
0.0891881
0.0919303
0.0814493
0.0757152
0.0937862
0.0676868
0.0569499
0.0902099
0.0680045
0.0610223
0.0637982
0.0524779
0.0778187
0.0661905
0.0728905
0.0943719
0.082384
0.0876401
0.0747718
0.0945556
0.0948099
0.0936225
0.084709
0.090708
0.0792933
0.092426
0.0737898
0.0780556
0.0687435
0.0779235
0.0711682
0.0689339
0.0692675
0.0561422
0.0875184
0.0707396
0.060672
0.0569797
0.0657301
0.0720023
0.0678627
0.0502187
0.0654673
0.0637597
0.0695631
0.063407
0.0708994
0.060286
0.0688968
0.0642854
0.0691287
0.076966
0.0736908
0.0667609
0.0715602
0.0894713
0.077068
0.0541554
0.0690689
0.0747872
0.0782032
0.0709732
0.077944
0.073246
0.0816023
0.0807057
0.0767958
0.0738497
0.0762256
0.0635016
0.0614079
0.105082
0.0681312
0.0290054
0.0629464
0.0525558
0.0645235
0.0344028
0.0697058
0.0636819
0.0483609
0.0580722
0.0704057
0.0766725
0.0583589
0.0369115
0.0570132
0.068983
0.0641474
0.0562716
0.0661153
0.0559245
0.061862
0.0687575
0.0433815
0.069411
0.0715616
0.067483
0.0575213
0.0788985
0.0657867
0.0759823
0.0660567
0.0591977
0.0699217
0.0686234
0.0654912
0.067347
0.0804686
0.0724849
0.0559511
0.0653811
0.0580504
0.0567081
0.0535799
0.0709909
0.0581445
0.059447
0.0627856
0.0692236
0.0705866
0.0534818
0.058097
0.0540896
0.0683608
0.0720384
0.0540399
0.0788238
0.0736923
0.0670675
0.0411201
0.062704
0.0708644
0.0852798
0.0539381
0.0677214
0.0580205
0.0586156
0.0494949
0.0651624
0.0637329
0.0481764
0.0424759
0.0668232
0.0633352
0.0584217
0.0429067
0.051
0.0611689
0.032924
0.0405765
0.0806708
0.0732912
0.0569215
0.064991
0.0686123
0.0701859
0.0437545
0.0719544
0.0612813
0.0667456
0.0645517
0.0835523
0.0591282
0.0626161
0.0784369
0.056392
0.0512579
0.0555142
0.0432463
0.0500505
0.0835249
0.085933
0.0364545
0.0572994
0.0631638
0.0689419
0.072677
0.0554388
0.0584992
0.0488514
0.064762
0.0602482
0.0630503
0.0523547
0.0515964
0.0525731
0.0427773
0.0525205
0.0339924
0.0530022
0.0397966
0.0443983
0.0508166
0.0555781
0.047485
0.0437998
0.048672
0.0467493
0.0601301
0.0600771
0.040872
0.0500873
0.0522943
0.0395384
0.0445286
0.0318769
0.0589339
0.0477102
0.0346344
0.0437281
0.0442385
0.0414894
0.0544556
0.050589
0.0632276
0.0509146
0.0517633
0.0551308
0.0532393
0.0482999
0.0326436
0.0464628
0.0611214
0.0559668
0.0606275
0.0621068
0.0616496
0.0504348
0.0631271
0.0440696
0.0573796
0.0460268
0.0465101
0.0525281
0.0423743
0.0475788
0.0368882
0.0410626
0.0542632
0.0509892
0.0472664
0.0513868
0.0514111
0.0385998
0.030267
0.0395092
0.0494365
0.0527463
0.0446189
0.0449588
0.0484646
0.0616478
0.0521239
0.056113
0.0370724
0.0461544
0.0298231
0.0487735
0.0493996
0.0400413
0.0544389
0.0534096
0.0464814
0.0527333
0.0363629
0.060915
0.0520182
0.0592581
0.065173
0.0592192
0.0631595
0.0577128
0.0428255
0.0591943
0.0702168
0.0619974
0.0557211
0.0433847
0.0683602
0.0420713
0.0560772
0.0489504
0.0556303
0.0520696
0.0671838
0.038711
0.0594212
0.0665123
0.0462667
0.067759
0.0646958
0.0425913
0.0547294
0.0509342
0.0642213
0.06356
0.0483401
0.0496212
0.0502733
0.0712897
0.0451842
0.0608684
0.0605914
0.0631355
0.0442182
0.0543574
0.0779231
0.0391282
0.0458213
0.0600849
0.037401
0.0655914
0.0565189
0.0465194
0.0590101
0.0511681
0.0600001
0.043129
0.0742023
0.0237309
0.0417952
0.0593592
0.0737178
0.0374906
0.0277516
0.0375215
0.0515662
0.0457908
0.0672073
0.057569
0.0545623
0.0362709
0.0474622
0.0509852
0.0361191
0.0596939
0.0543898
0.0539855
0.0475466
0.0535201
0.0478845
0.0546486
0.0402735
0.046935
0.0418279
0.0582089
0.046841
0.0506376
0.0446453
0.0542091
0.0499566
0.048938
0.0503223
0.0442414
0.0410647
0.0396199
0.0554154
0.047134
0.0472483
0.050274
0.038019
0.0517099
0.0446508
0.0411794
0.033753
0.0514085
0.0451046
0.0475534
0.0387289
0.0373021
0.0418686
0.0373683
0.0417313
0.0350361
0.0478098
0.0347502
0.0349789
0.0387435
0.0368827
0.0370833
0.0397936
0.0417601
0.0407434
0.0384125
0.0412544
0.0389749
0.0401897
0.0393213
0.0357775
0.0341455
0.0406019
0.0383802
0.0446375
0.0346116
0.035575
0.0311817
0.0392927
0.0357789
0.0441749
0.0343394
0.0372879
0.039483
0.040386
0.0382345
0.0390211
0.0377142
0.0385309
0.0312294
0.0472178
0.0420653
0.0501623
0.0380891
0.0399925
0.0382685
0.0458187
0.0412311
0.0423421
0.0405291
0.0387154
0.0320024
0.0367
0.0272132
0.0415066
0.0442293
0.0368496
0.0316296
0.031568
0.0392382
0.039834
0.0244162
0.0540263
0.0354154
0.041808
0.0339732
0.0406848
0.0432569
0.0411135
0.0379559
0.0411766
0.0359513
0.0380158
0.0363544
0.0399217
0.0376628
0.0464576
0.0446642
0.0374113
0.04863
0.0472599
0.0424045
0.0405746
0.0419146
0.0313596
0.0337765
0.0430991
0.0352817
0.0465326
0.0498989
0.0390401
0.0416775
0.0344514
0.0388825
0.0342402
0.0402385
0.0480094
0.0474583
0.0380534
0.033656
0.0453765
0.0464894
0.0425383
0.048767
0.0431773
0.0452506
0.0334824
0.0420366
0.0441719
0.0401542
0.0512297
0.0400813
0.0549347
0.0401149
0.044932
0.0372229
0.0355894
0.032454
0.0360545
0.0324929
0.0372751
0.0378179
0.038645
0.0450952
0.0254585
0.0488339
0.0520389
0.0537785
0.0388174
0.0411067
0.0601322
0.0410606
0.0461962
0.0454862
0.0609637
0.0477893
0.0447774
0.0415353
0.0407571
0.0561279
0.0415319
0.0476428
0.0595386
0.0552627
0.0495452
0.0682408
0.0432748
0.0448325
0.0454757
0.0366486
0.0422832
0.0467237
0.0415124
0.0543661
0.0453709
0.0435083
0.0431486
0.0482111
0.0493187
0.0602858
0.039009
0.023978
0.039518
0.0464572
0.0400426
0.0624425
0.055419
0.0486084
0.0469907
0.0658069
0.0369447
0.0330395
0.0363702
0.0490582
0.0404331
0.0429312
0.0416125
0.0301239
0.0587439
0.0522044
0.0333475
0.0396835
0.0551261
0.0457361
0.0479362
0.0477252
0.0404701
0.0332263
0.0298539
0.0394428
0.04051
0.043365
0.0403144
0.0506274
0.039786
0.0412055
0.0447529
0.0331071
0.036663
0.0426842
0.0413753
0.0522224
0.0514401
0.0302846
0.0406162
0.0395107
0.0434782
0.0309331
0.0348956
0.0397256
0.0490673
0.043804
0.0437707
0.0410304
0.0411395
0.0378524
0.0357567
0.0453371
0.0464513
0.0307394
0.0419707
0.0486444
0.036818
0.0390953
0.0365047
0.0469701
0.0404054
0.0410444
0.0438544
0.0368331
0.0435092
0.0310999
0.02907
0.0452946
0.0335438
0.0400889
0.0502298
0.0461612
0.0352786
0.0415372
0.0448166
0.0423045
0.0376584
0.0394089
0.0385954
0.0474928
0.0421503
0.0362181
0.0363328
0.044506
0.0367274
0.0415621
0.0386706
0.0402039
0.0429766
0.0375847
0.0403279
0.0356178
0.0434777
0.0296245
0.035331
0.0365152
0.0442222
0.0432435
0.0357177
0.0482607
0.045404
0.0377495
0.0419504
0.0458532
0.0469749
0.0329667
0.0266731
0.026998
0.0355575
0.0361695
0.0405577
0.043072
0.0324945
0.0367098
0.0378883
0.0453077
0.0431103
0.0382476
0.0376842
0.0417573
0.0336078
0.0411994
0.0321398
0.0377469
0.0331992
0.0341646
0.0405395
0.0446767
0.0362519
0.0447998
0.0401122
0.0417241
0.0436501
0.0478816
0.0413102
0.0436495
0.0469204
0.0516751
0.0394052
0.0413439
0.0384503
0.0474571
0.040034
0.0413
0.0451508
0.0352487
0.045704
0.0438275
0.0458405
0.0497042
0.049238
0.0383377
0.0392276
0.0530864
0.0393894
0.0480363
0.0493328
0.0574065
0.05347
0.0641655
0.0910774
0.147732
0.313488
0.445177
0.511141
0.522156
0.487807
0.400812
0.220431
0.11803
0.0708483
0.0589018
0.0624548
0.0507188
0.0494427
0.0455876
0.0469357
0.0474083
0.041908
0.0448672
0.0432659
0.0364364
0.0408284
0.0428929
0.0456688
0.0415276
0.0378135
0.0395153
0.0442212
0.03375
0.0397671
0.0434996
0.0430082
0.0383366
0.0507719
0.0345858
0.0483029
0.0442925
0.047539
0.048669
0.0521687
0.0621915
0.052753
0.0562818
0.0419291
0.0541971
0.0402061
0.0541058
0.0500058
0.0479014
0.0449127
0.0459073
0.0472475
0.0421337
0.0450547
0.0395127
0.0413077
0.0487128
0.0443453
0.043711
0.0418901
0.0387117
0.0452965
0.0500911
0.046493
0.0395811
0.0442673
0.0404627
0.0407168
0.040857
0.0406236
0.0431789
0.053142
0.0458926
0.0388893
0.0463921
0.0451754
0.04286
0.0382418
0.0461645
0.0510611
0.0418212
0.0370368
0.036631
0.038404
0.0342107
0.0482549
0.0510553
0.0455226
0.0455429
0.0404496
0.0389811
0.0463082
0.0436028
0.0463011
0.0440414
0.0486917
0.0383221
0.0323519
0.0495206
0.0394732
0.0422145
0.035309
0.0413186
0.0417171
0.026817
0.0440254
0.0411576
0.0371719
0.0395352
0.0503131
0.0477641
0.0443735
0.0523207
0.0309022
0.0505423
0.0361735
0.057885
0.0452617
0.0418048
0.0474566
0.0440244
0.0435383
0.0525089
0.0410108
0.0338923
0.04222
0.0366513
0.0448205
0.0430185
0.0363922
0.0473912
0.0383415
0.0467195
0.0373527
0.0385241
0.0323515
0.0502064
0.0521925
0.0452697
0.0507074
0.0344037
0.0401519
0.0421277
0.0537511
0.0386479
0.027388
0.0697056
0.0604134
0.0538662
0.0643982
0.031964
0.0557802
0.0684946
0.0397867
0.0685048
0.0625107
0.0232433
0.0294523
0.0403189
0.0674699
0.0504278
0.0528819
0.0598556
0.0831146
0.069889
0.0122185
0.0680891
0.0591045
0.028513
0.0525539
0.0570276
0.0247531
0.0637365
0.064864
0.054923
0.0476434
0.0472465
0.0549687
0.0586127
0.0774823
0.0585631
0.0644489
0.0324458
0.0732901
0.0629197
0.0587156
0.0650277
0.0457413
0.0776366
0.0419223
0.0548304
0.0586157
0.0301288
0.0639047
0.0412583
0.047202
0.040014
0.0491672
0.0499363
0.0797869
0.0224918
0.027898
0.0465012
0.0413604
0.0471934
0.0311346
0.0432358
0.0581257
0.0380165
0.0708912
0.0599703
0.0704982
0.0565753
0.0794533
0.0655267
0.0923404
0.0570368
0
0.0769649
0.0600173
0.0613622
0.0754842
0.0634478
0.0620714
0.0618779
0.0647093
0.0593845
0.0709948
0.042536
0.0547129
0.0352574
0.047269
0.0467038
0.0594932
0.0490175
0.0292509
0.050926
0.0427495
0.0655498
0.0467398
0.0420124
0.0511808
0.0704427
0.0596485
0.0352843
0.0627669
0.0730683
0.0507292
0.0462678
0.0598599
0.0649271
0.0671578
0.0722197
0.066464
0.06169
0.0851836
0.0775534
0.0765964
0.0942002
0.0889055
0.0939928
0.0800979
0.0713071
0.0624939
0.053501
0.0256347
0.0576829
0.0623444
0.0627
0.050562
0.0622693
0.0500193
0.0583435
0.0588761
0.0492436
0.0468189
0.0432024
0.0406624
0.0491036
0.0507675
0.043718
0.0539512
0.0586336
0.040594
0.0432054
0.0507602
0.0507309
0.0434331
0.0444741
0.0479331
0.050434
0.0477798
0.0369918
0.0346856
0.0353715
0.0344123
0.0444855
0.0408058
0.0431311
0.0342872
0.0307387
0.0347237
0.0324963
0.037895
0.0480109
0.0403739
0.0351996
0.0394903
0.0482692
0.0401834
0.0559242
0.041823
0.0481553
0.0444096
0.0404272
0.0515018
0.0540548
0.0435605
0.0416539
0.0522688
0.0352893
0.0421352
0.0471134
0.0376702
0.0377462
0.0534888
0.0464237
0.0582687
0.040041
0.042159
0.057275
0.0430454
0.0477648
0.0314963
0.0454818
0.0546679
0.0542924
0.0549245
0.0483144
0.0534327
0.0438247
0.0545069
0.0536832
0.047482
0.0466228
0.0440529
0.0380437
0.0398023
0.0424749
0.0363482
0.0399607
0.0390364
0.043242
0.0428432
0.042417
0.0419948
0.0443294
0.0395511
0.0568079
0.0464326
0.0424217
0.0434569
0.0482739
0.0548365
0.0510173
0.0516605
0.0512082
0.0472129
0.0519121
0.0573947
0.0574176
0.0853483
0.0735692
0.0729816
0.0695294
0.074412
0.0757307
0.0714076
0.0772762
0.0520178
0.052376
0.0545008
0.0496831
0.0484915
0.050959
0.0393689
0.0441795
0.0525904
0.0386757
0.0437823
0.0448686
0.0489294
0.0435085
0.0485884
0.0453357
0.0469291
0.0447052
0.0415497
0.0512614
0.0502772
0.047487
0.0478234
0.0518559
0.056721
0.051283
0.053295
0.0571955
0.0550621
0.0653991
0.0666845
0.0613182
0.0679613
0.0724917
0.0786674
0.0786766
0.0743202
0.0699577
0.0696557
0.0728316
0.0558211
0.06886
0.0658584
0.0675501
0.0620343
0.0505402
0.0467942
0.0561887
0.0602542
0.0489696
0.0489362
0.0433409
0.0550263
0.0463692
0.0501793
0.057555
0.0495717
0.0501104
0.0509449
0.0564612
0.0492857
0.0452195
0.0542486
0.0559524
0.0568613
0.0568817
0.0577231
0.065596
0.0597353
0.0639538
0.0668167
0.0654977
0.0631067
0.0673592
0.0570323
0.0693602
0.0756538
0.0721804
0.0793254
0.0684827
0.0735502
0.070632
0.068869
0.065798
0.0573536
0.050433
0.0511454
0.0506621
0.0511641
0.0559925
0.0525027
0.0425939
0.0444221
0.0403119
0.0474954
0.0473489
0.0457723
0.0488148
0.0451629
0.057609
0.0490441
0.0296687
0.0586069
0.0555284
0.0316692
0.0471695
0.0468682
0.0589748
0.049947
0.0428117
0.0493874
0.0421267
0.0434743
0.0479431
0.0466031
0.0445739
0.0414684
0.0458568
0.043287
0.0495924
0.0343866
0.0501835
0.0292255
0.0421385
0.0429111
0.0350428
0.042969
0.041427
0.0492085
0.0375491
0.043748
0.0408918
0.0254676
0.0360175
0.0379943
0.0402088
0.0376048
0.032227
0.0379241
0.0398309
0.0446526
0.0305258
0.0340936
0.0336731
0.0412784
0.0398285
0.0593135
0.0491936
0.0609979
0.0706341
0.0730056
0.068497
0.0763581
0.0755992
0.0665881
0.0695536
0.0843277
0.0826705
0.0787663
0.0719358
0.0946217
0.0667314
0.0841181
0.0956207
0.0771663
0.0812952
0.0605072
0.093705
0.0734142
0.0786092
0.0537415
0.0796069
0.0592969
0.076205
0.0724072
0.0583166
0.0682085
0.0701528
0.0660237
0.0940541
0.0670751
0.0471709
0.0577125
0.0595715
0.0687285
0.0609277
0.0644472
0.0875618
0.0775408
0.0714882
0.0700682
0.0704389
0.0801524
0.0688782
0.0884426
0.0856049
0.0917644
0.0924142
0.0931253
0.102432
0.092205
0.0902034
0.0921087
0.107197
0.0919797
0.0713972
0.0871623
0.0829439
0.0636321
0.060378
0.0734837
0.100232
0.0490878
0.0558842
0.0613443
0.079431
0.055705
0.0598121
0.0819488
0.075241
0.0967144
0.04789
0.0650931
0.0659413
0.103184
0.0593317
0.0655021
0.0827671
0.109071
0.0574488
0.0852335
0.0911483
0.085238
0.0850262
0.106488
0.113886
0.110026
0.083757
0.0864683
0.106094
0.0970564
0.0883265
0.0942249
0.091417
0.105798
0.0864527
0.103784
0.103115
0.0957167
0.102675
0.0971696
0.123373
0.0932397
0.0932335
0.0953862
0.0989822
0.071711
0.11716
0.0854134
0.106504
0.0841362
0.0396121
0.064904
0.0773863
0.0574466
0.0508118
0.0528906
0.0793325
0.0711235
0.0338678
0.0614161
0.0700346
0.0692594
0.0592743
0.0649411
0.0881247
0.0887113
0.0515967
0.0857193
0.0423284
0.0839395
0.0662663
0.0778536
0.0805957
0.0595971
0.0545668
0.118162
0.0959785
0.065255
0.0724379
0.0765499
0.0763088
0.0678753
0.083978
0.111698
0.11245
0.0979641
0.0978162
0.0974162
0.108535
0.0951517
0.0940581
0.104354
0.107133
0.109696
0.0952122
0.109256
0.102686
0.108272
0.0965069
0.0877447
0.117591
0.109893
0.0706809
0.0917108
0.0713075
0.0676555
0.0868719
0.0938786
0.0854925
0.0833315
0.0437215
0.0366546
0.109599
0.081019
0.077372
0.10956
0.0639057
0.0949382
0.0762834
0.0919979
0.0796489
0.103946
0.100947
0.0753807
0.0674263
0.0641252
0.0358724
0.0848213
0.13306
0.0701146
0.0651655
0.10563
0.126177
0.0466171
0.0592557
0.109111
0.123867
0.0353646
0.0713782
0.0888623
0.0654678
0.0235198
0.0675247
0.0454086
0.0536732
0.0545154
0.0371551
0.0466597
0.075434
0.0697421
0.063749
0.0730254
0.0616521
0.0654845
0.0898902
0.0815638
0.137314
0.0874
0.0810345
0.12476
0.104039
0.102265
0.0934974
0.0994307
0.0618368
0.111961
0.0886954
0.0965586
0.112808
0.113981
0.0619577
0.0640742
0.0837461
0.0667015
0.116516
0.108961
0.0876258
0.100627
0.101363
0.0792381
0.0854811
0.0484574
0.0528434
0.145189
0.0840821
0.0883132
0.0122289
0.0786592
0.067146
0.0527167
0.0691242
0.0548654
0.116276
0.0763413
0.0476788
0.105193
0.0763823
0.0197675
0.0537378
0.0602769
0.0955037
0.0983508
0.053243
0.0549528
0.115233
0.10545
0.0556547
0.102115
0.0907885
0.0655894
0.0906955
0.129613
0.105712
0.11069
0.0949936
0.0746464
0.0679475
0.0954469
0.0867314
0.0769338
0.132318
0.108319
0.0546443
0.104561
0.140532
0.095966
0.109602
0.0482921
0.132588
0.0915022
0.101791
0.0513779
0.0900786
0.0842466
0.0831719
0.0672328
0.0851238
0.0853993
0.0785423
0.0783051
0.0957795
0.062779
0.0623176
0.0923617
