0.0937697
0.0965191
0.0899634
0.0952486
0.103095
0.100553
0.103939
0.100152
0.103908
0.104103
0.109504
0.111083
0.115501
0.111738
0.113611
0.110829
0.109743
0.108542
0.101833
0.108991
0.107474
0.0968562
0.108768
0.114859
0.108858
0.114343
0.110022
0.116804
0.116936
0.113823
0.119771
0.122323
0.121178
0.120769
0.118171
0.120077
0.114049
0.116956
0.118208
0.101666
0.114207
0.108495
0.105704
0.112482
0.113431
0.110237
0.117229
0.119967
0.118637
0.122452
0.127052
0.12598
0.130237
0.13096
0.131686
0.130356
0.119648
0.117958
0.114038
0.10882
0.106009
0.0954936
0.0829803
0.0950839
0.0963831
0.0786043
0.0887494
0.0819382
0.0912655
0.103417
0.0960515
0.100766
0.0997206
0.0946838
0.0988759
0.103894
0.0948849
0.0976672
0.0936362
0.103198
0.099732
0.0992633
0.0938697
0.0958043
0.101116
0.100343
0.0978135
0.108186
0.105991
0.108489
0.103133
0.112806
0.108329
0.104976
0.100792
0.109288
0.107177
0.103588
0.11164
0.111065
0.11011
0.109825
0.113699
0.109564
0.117676
0.108686
0.111415
0.113742
0.109588
0.117607
0.115074
0.11571
0.113118
0.115477
0.111161
0.100991
0.103153
0.097647
0.0910823
0.0979217
0.100541
0.100258
0.113309
0.103083
0.108635
0.111146
0.115662
0.112534
0.116242
0.118664
0.117824
0.120724
0.121057
0.125354
0.127317
0.124645
0.117614
0.118042
0.117952
0.110473
0.103385
0.104003
0.0902369
0.0995862
0.091646
0.103082
0.0981675
0.0933805
0.0999125
0.101087
0.108371
0.103506
0.112113
0.114212
0.119954
0.118673
0.11935
0.120938
0.118948
0.118792
0.119301
0.119069
0.114131
0.118003
0.112679
0.107679
0.0981168
0.102785
0.106661
0.102493
0.0995039
0.103656
0.109149
0.103346
0.108892
0.104576
0.104736
0.10185
0.100577
0.105538
0.0940764
0.0953094
0.0865065
0.0860199
0.0973798
0.0860519
0.101197
0.0960943
0.0991616
0.107619
0.110255
0.103448
0.109802
0.107602
0.108151
0.10673
0.108592
0.100438
0.089418
0.0909178
0.0892965
0.0771753
0.0812071
0.0822603
0.0808131
0.0826896
0.0757799
0.0836942
0.0940257
0.0910886
0.102489
0.104315
0.104361
0.100786
0.110163
0.113662
0.112319
0.107626
0.109558
0.113582
0.107059
0.110155
0.110283
0.0938098
0.0873466
0.0899068
0.0751436
0.0838337
0.08329
0.0823833
0.0853815
0.0850938
0.0948125
0.0985843
0.0945266
0.0934091
0.0922938
0.0947079
0.0986547
0.106431
0.100972
0.10899
0.115079
0.116718
0.114013
0.118289
0.117189
0.118133
0.113513
0.11117
0.114636
0.107967
0.115091
0.100003
0.100261
0.0880055
0.0860616
0.0805381
0.0737753
0.0745326
0.0845907
0.0779658
0.0646578
0.0648813
0.0845406
0.0810786
0.0860053
0.0980741
0.103752
0.083643
0.095034
0.109242
0.117076
0.112984
0.116357
0.114739
0.116586
0.120585
0.11999
0.116865
0.115018
0.109557
0.113144
0.102542
0.101498
0.102271
0.0939348
0.0930138
0.0900869
0.070247
0.0769191
0.0769555
0.076187
0.0805353
0.0696491
0.0799244
0.0734303
0.0855578
0.087646
0.0743748
0.081676
0.0877584
0.0883002
0.101497
0.0920216
0.0997678
0.0908321
0.107439
0.101163
0.102936
0.0951657
0.10036
0.0848987
0.0907204
0.074095
0.0815492
0.0545657
0.07167
0.0605008
0.0739501
0.062353
0.0604639
0.0730422
0.0730337
0.0638839
0.0698244
0.0728813
0.0754184
0.0749121
0.0774237
0.0833881
0.0894227
0.0842438
0.100403
0.0936479
0.099473
0.0946525
0.0981224
0.106441
0.102173
0.10303
0.0980655
0.0978676
0.0854002
0.0870772
0.064033
0.0634454
0.0769324
0.0645688
0.0715393
0.0457546
0.0615539
0.0577251
0.0709848
0.0564441
0.0764041
0.0618717
0.0769732
0.075056
0.0702148
0.0798266
0.0616986
0.0652053
0.0856839
0.0666244
0.0917438
0.0888326
0.0924328
0.0888853
0.097383
0.106815
0.10021
0.109152
0.0984236
0.102373
0.103397
0.101894
0.0991409
0.0912155
0.0815657
0.0799878
0.0693401
0.0652046
0.0706054
0.0684563
0.0593237
0.07431
0.0797335
0.076991
0.0670731
0.0644964
0.078451
0.0756504
0.0811261
0.0740942
0.073444
0.0788444
0.0764655
0.0891763
0.0960608
0.099708
0.0938903
0.0991253
0.0922602
0.104045
0.099936
0.106658
0.102026
0.100708
0.0984016
0.102558
0.106259
0.0998086
0.0939625
0.0936515
0.101875
0.0904582
0.0893936
0.0741917
0.0776649
0.0663544
0.0730944
0.0807361
0.0745356
0.0851936
0.0815564
0.0748607
0.089896
0.10186
0.0953821
0.0903278
0.103149
0.10296
0.0981987
0.0972811
0.106769
0.100138
0.0995758
0.0900229
0.0914556
0.100557
0.0764452
0.0701463
0.0636515
0.0822213
0.0432011
0.0610024
0.0774122
0.0662318
0.0539063
0.0639592
0.0474777
0.057362
0.0482201
0.0475439
0.0529457
0.0652379
0.0525994
0.0800815
0.0691611
0.0675089
0.0626819
0.0786785
0.0666557
0.0792809
0.0839343
0.0862288
0.107678
0.0977723
0.0858531
0.0756021
0.0838443
0.0985471
0.0936857
0.0907822
0.0957265
0.0934732
0.0990792
0.0774528
0.0820398
0.0657255
0.0715314
0.0585146
0.0763143
0.0658338
0.0589811
0.0673477
0.0428063
0.0749388
0.0514623
0.0923281
0.129285
0.189874
0.215832
0.292815
0.322008
0.356959
0.355258
0.312112
0.24239
0.182998
0.106809
0.0801985
0.0757244
0.0756418
0.0635738
0.0816212
0.0897614
0.0688004
0.087147
0.0774394
0.0815984
0.0805419
0.0786524
0.070791
0.0903144
0.0816495
0.0810516
0.0826774
0.0857133
0.0938922
0.0790962
0.0702614
0.0862511
0.0770499
0.0702061
0.0618996
0.0599901
0.0733185
0.0547311
0.0627268
0.0694446
0.0695054
0.0873377
0.0709994
0.0859441
0.0762184
0.0911803
0.0959724
0.100682
0.0822305
0.0819627
0.0917602
0.0907564
0.076412
0.0855902
0.0672799
0.0765554
0.0585118
0.0553711
0.0607732
0.0578937
0.0659711
0.0749042
0.0509304
0.0592442
0.0723315
0.072477
0.0612341
0.0704273
0.0627279
0.0551859
0.0652861
0.0702428
0.0741528
0.0566245
0.0668717
0.0797322
0.0616603
0.0751235
0.0708092
0.0708073
0.0612092
0.0794331
0.0777672
0.0656988
0.0798942
0.0746797
0.0777965
0.0765722
0.0737686
0.0747783
0.0772653
0.0917207
0.0728103
0.0713544
0.0652264
0.0634274
0.0632633
0.0809894
0.0737474
0.0400131
0.0658365
0.0719885
0.0596049
0.0424636
0.0622817
0.0494196
0.0503499
0.0887591
0.0787232
0.0767906
0.046967
0.0407217
0.0536751
0.0630995
0.0627178
0.063672
0.0694634
0.054689
0.0781761
0.0551162
0.0545401
0.061924
0.0556721
0.0746996
0.0664504
0.0601639
0.0675633
0.0704815
0.0625011
0.0605023
0.0737275
0.0735379
0.0653176
0.060613
0.0609401
0.0757084
0.0681383
0.063184
0.057193
0.059828
0.0532598
0.0510278
0.0692592
0.0666677
0.0537542
0.0528051
0.0520583
0.0605919
0.0618381
0.0523689
0.0555748
0.0587863
0.0536199
0.0767074
0.0821711
0.0590693
0.0616951
0.0562997
0.0793454
0.0880028
0.0671082
0.0746469
0.044961
0.0804462
0.0374664
0.0728237
0.0411233
0.0566424
0.0464546
0.0548229
0.0596
0.0557379
0.0205016
0.0469479
0.0520824
0.0610021
0.0593949
0.0691733
0.0656435
0.0757883
0.0713174
0.0620415
0.0575262
0.0690364
0.0755438
0.0551415
0.0582935
0.0628861
0.0728042
0.07353
0.0637861
0.0747212
0.0649826
0.0752709
0.0413954
0.0412329
0.0450671
0.0681132
0.0883715
0.05819
0.0593054
0.0502236
0.054133
0.0577128
0.0716476
0.0459743
0.051128
0.062003
0.0649398
0.0428224
0.0730818
0.0546446
0.0553339
0.0383982
0.0436536
0.0457972
0.0475715
0.0379972
0.0476316
0.0547927
0.0526505
0.0391026
0.0416769
0.0436651
0.0291856
0.0487451
0.0469202
0.0425548
0.0341377
0.046811
0.0442535
0.0447928
0.0356223
0.0458934
0.0504395
0.0380815
0.0412434
0.0380683
0.0372013
0.0387351
0.0532516
0.0287386
0.0497762
0.0498638
0.0479996
0.0419239
0.0465802
0.0444946
0.0468681
0.0516419
0.0657747
0.0565718
0.0566756
0.0639139
0.0578109
0.0565596
0.0361078
0.0404197
0.0369313
0.0423568
0.0549026
0.0436582
0.0483985
0.0497617
0.054534
0.0499806
0.0496539
0.0401069
0.0423647
0.0515588
0.0329365
0.0366341
0.0367137
0.0396381
0.0459547
0.0411113
0.0409356
0.0414545
0.0586431
0.053267
0.0403781
0.0454823
0.0529132
0.043359
0.0509838
0.0527644
0.0517901
0.035844
0.0490361
0.0413625
0.0320067
0.047015
0.0467803
0.0396308
0.0473086
0.0651832
0.0590249
0.062675
0.0630405
0.0497284
0.0593929
0.0535783
0.0663207
0.0463776
0.0407751
0.0282803
0.0577262
0.0528574
0.0330988
0.056678
0.0537111
0.0713492
0.04505
0.0494004
0.0663554
0.0664059
0.0777596
0.0541275
0.0411762
0.0631051
0.0526822
0.0456008
0.0605848
0.0425074
0.0343727
0.0509394
0.0631736
0.0559139
0.0592861
0.0383353
0.0564296
0.0709236
0.0425686
0.0635307
0.0664279
0.0489925
0.0766298
0.0249461
0.066202
0.0391803
0.0624873
0.0461763
0.0555658
0.0760969
0.0718345
0.0369158
0.0278471
0.0605977
0.0599546
0.0563217
0.0561058
0.0474964
0.0486875
0.0425892
0.0419703
0.063374
0.0682817
0.0707263
0.0561013
0.0407682
0.0471353
0.0516769
0.048628
0.0494286
0.0560867
0.0361694
0.0463536
0.0450953
0.0487571
0.0384489
0.0402041
0.0433476
0.0536443
0.0468935
0.0463189
0.0355623
0.0443182
0.0397302
0.0503283
0.0491782
0.0441982
0.0434999
0.0446082
0.0513734
0.0409706
0.0357909
0.0405472
0.0406469
0.0440998
0.0331848
0.0397258
0.0415362
0.0383853
0.0380869
0.0466172
0.0398009
0.0399084
0.0318099
0.0377629
0.0389214
0.0332934
0.0420485
0.0349717
0.0398098
0.046547
0.0276725
0.0357299
0.037385
0.0361606
0.0415814
0.0379718
0.0385185
0.0386454
0.0361633
0.0402097
0.0370535
0.0398268
0.0385017
0.0394899
0.0377997
0.0329792
0.0375864
0.0348315
0.040824
0.0372274
0.0400034
0.0386553
0.0460475
0.0400867
0.0360795
0.0358399
0.0432724
0.0366967
0.0372852
0.0336073
0.0393734
0.0424446
0.0358563
0.0354549
0.04444
0.0336216
0.037321
0.0380355
0.040526
0.033056
0.0425393
0.0332346
0.0353948
0.0324031
0.0353005
0.0392651
0.0449177
0.0397884
0.0329575
0.0421532
0.0323883
0.0210581
0.0434907
0.0371158
0.0296846
0.0357231
0.0336947
0.0323031
0.0357285
0.031746
0.0320645
0.0367508
0.0425685
0.0323718
0.047215
0.0484954
0.0515474
0.0383593
0.03582
0.0425274
0.0520336
0.0408095
0.0375658
0.0397898
0.039881
0.0390899
0.0429616
0.033859
0.0364166
0.0428684
0.0392244
0.0367085
0.0343124
0.0344714
0.0291732
0.0311048
0.042658
0.0408444
0.022942
0.0377661
0.0374318
0.0349992
0.0293823
0.0387165
0.0390191
0.049963
0.0366981
0.0410695
0.0369608
0.0428263
0.0355276
0.0322392
0.0527908
0.0344631
0.0428991
0.036138
0.0360706
0.0365773
0.0323562
0.0288294
0.0368095
0.0407953
0.0460439
0.0418246
0.0450034
0.0407824
0.0532317
0.0472779
0.0467387
0.0478748
0.0525745
0.0478298
0.0413905
0.047153
0.0545488
0.0503503
0.0451884
0.0423742
0.0404195
0.0396207
0.0420775
0.0390743
0.0481321
0.0471774
0.0478745
0.0557419
0.0522881
0.0372246
0.061669
0.0391416
0.0562358
0.0506988
0.0486592
0.0403747
0.045442
0.0389569
0.0465186
0.0387495
0.0551304
0.0508199
0.0365501
0.0356214
0.0321264
0.0413942
0.0399077
0.0528002
0.0390544
0.0306047
0.0331053
0.0475062
0.0422582
0.0318647
0.0329728
0.0399224
0.0330136
0.0347729
0.0623406
0.0324388
0.0524317
0.0470496
0.0326524
0.04099
0.0372093
0.0372652
0.0508006
0.029706
0.037933
0.0480461
0.0340577
0.0446272
0.0325564
0.0415844
0.0324778
0.0429147
0.0397691
0.0402981
0.0355797
0.0368643
0.0411639
0.0508078
0.0397
0.0555605
0.038597
0.0314541
0.0481969
0.021137
0.0358992
0.0342459
0.0402217
0.0348876
0.0421234
0.0302405
0.0441548
0.0341956
0.0306926
0.0347707
0.0373372
0.0366576
0.0380331
0.0278267
0.0431813
0.0388495
0.0341396
0.0292292
0.0319368
0.0469772
0.0336103
0.0350306
0.0423358
0.0332768
0.0462169
0.0264463
0.0374709
0.046618
0.0327959
0.0304783
0.0416045
0.030232
0.0285655
0.0413071
0.0343349
0.040458
0.0387847
0.0428793
0.0423394
0.0359555
0.0367866
0.0361329
0.038339
0.029185
0.0379957
0.0380247
0.0384498
0.0424624
0.0395068
0.03452
0.0346528
0.026614
0.0447659
0.0321999
0.0394985
0.0376589
0.0381209
0.0551356
0.0415425
0.0422504
0.0396121
0.0357193
0.0369702
0.0278555
0.046515
0.0391718
0.0292642
0.0292501
0.0313065
0.0330881
0.0364895
0.0352301
0.0351908
0.0308626
0.0409697
0.0394112
0.0426502
0.02746
0.035686
0.0374104
0.0379487
0.0384769
0.0345433
0.0367517
0.0333355
0.0323227
0.0460016
0.0378732
0.0401512
0.046811
0.0461997
0.0321977
0.0401876
0.0422333
0.0430606
0.0412641
0.0373753
0.0432714
0.0410484
0.0354778
0.0443269
0.0399582
0.0366097
0.0395725
0.0450212
0.0368608
0.0379995
0.0377895
0.0440274
0.049717
0.043276
0.0408452
0.03482
0.0439942
0.0401221
0.0459052
0.044903
0.0521151
0.0549107
0.0613736
0.0943188
0.151708
0.329958
0.480084
0.54293
0.562145
0.526141
0.427837
0.236378
0.12184
0.0793756
0.0542883
0.0580772
0.0554113
0.0430914
0.0400554
0.0468664
0.0416682
0.0449053
0.0441219
0.0434652
0.0439812
0.0446438
0.0417125
0.0453371
0.0384913
0.0355229
0.0339307
0.0409347
0.0382879
0.0351331
0.0366963
0.0388089
0.0398687
0.0465108
0.042715
0.0423192
0.0396297
0.0450053
0.0510334
0.0460764
0.0508273
0.0533404
0.0456759
0.0418831
0.0523912
0.0456599
0.0457242
0.0496767
0.0531056
0.0468839
0.0451639
0.0450727
0.0455294
0.0515422
0.0323361
0.0408198
0.0385964
0.0463074
0.0500614
0.044525
0.0368036
0.0440945
0.0438862
0.0440091
0.0384497
0.0381792
0.0410113
0.0418615
0.0378394
0.0387435
0.0427615
0.0425033
0.0495988
0.043134
0.0512561
0.0467916
0.0395479
0.0288986
0.0522426
0.0389105
0.0357882
0.0362805
0.0390033
0.0433193
0.0421167
0.0470398
0.044174
0.0464733
0.045969
0.0407462
0.0400783
0.0370937
0.0385241
0.0401189
0.0457882
0.0367116
0.0299015
0.0409228
0.0423688
0.0392693
0.0383549
0.0454338
0.0355899
0.0489544
0.0411026
0.0394391
0.0403012
0.0389756
0.0376484
0.0367805
0.0548005
0.0394274
0.0428114
0.0432968
0.0352244
0.0542774
0.0480961
0.0399509
0.0359764
0.0308763
0.045198
0.0434745
0.0487626
0.0327999
0.0323716
0.0484816
0.0372731
0.0351515
0.042838
0.0494701
0.0259201
0.0505805
0.0444534
0.0387127
0.0342167
0.0363142
0.0499541
0.0478443
0.0564772
0.0446196
0.0423818
0.0276517
0.0523604
0.0393329
0.0483766
0.0374356
0.0492497
0.0223563
0.0592855
0.0667329
0.0337133
0.0208664
0.0604238
0.0390715
0.0595642
0.0488478
0.0401462
0.0415483
0.0298838
0.0479596
0.0550362
0.0586626
0.0484723
0.0492901
0.0615804
0.0110542
0.0574615
0.0693471
0.032771
0.0515634
0.0660184
0.0352145
0.0357996
0.0646677
0.0581667
0.0488658
0.0532799
0.0491496
0.0533061
0.0877216
0.0313653
0.04781
0.0385452
0.0582905
0.0502792
0.0389889
0.0497056
0.0264867
0.0564634
0.0469567
0.0293876
0.0730673
0.0505498
0.0678503
0.0368137
0.0502526
0.0529552
0.0374371
0.0291164
0.0779893
0.0370932
0.0479808
0.0458969
0.0270302
0.0496965
0.0470414
0.0465043
0.0526194
0.0312771
0.0551954
0.0376292
0.0385354
0.0547947
0.0578495
0.0656786
0.0828238
0.0557742
0.0233616
0.0655032
0.0364646
0.0581203
0.0586733
0.0578432
0.055608
0.0599344
0.0628747
0.0610106
0.0471831
0.0344876
0.052338
0.0481935
0.0273973
0.0581792
0.0433187
0.0392126
0.0545908
0.0525
0.0370063
0.0591778
0.0582628
0.0479247
0.0394807
0.0456831
0.0671303
0.0440912
0.0512406
0.0664501
0.056674
0.0400367
0.0772639
0.0629619
0.0580959
0.0681117
0.0642735
0.0721646
0.069881
0.0716211
0.0771871
0.087104
0.100589
0.0891423
0.0660388
0.0620936
0.0660926
0.0616362
0.037406
0.0518362
0.0418008
0.047896
0.0422395
0.0360074
0.0385395
0.0507461
0.0473981
0.0416168
0.0440846
0.0456627
0.0502549
0.0524577
0.0410611
0.0258233
0.0517345
0.0524859
0.04645
0.0372375
0.0383506
0.0407579
0.0313333
0.0448519
0.0451456
0.043926
0.0401273
0.0366811
0.025391
0.0317513
0.0274414
0.0416596
0.0368511
0.0322067
0.0261982
0.0344278
0.0327161
0.0351998
0.0457121
0.032653
0.0379852
0.0475217
0.0307149
0.0502583
0.0365233
0.0390141
0.0370332
0.0416076
0.0409015
0.0393501
0.0470461
0.0499306
0.0312158
0.0290702
0.0346903
0.0385498
0.0442843
0.0435177
0.0361108
0.0403112
0.0611988
0.0413833
0.0491042
0.0404125
0.0423186
0.0456818
0.0497465
0.0462748
0.0389797
0.0386534
0.0515293
0.0512839
0.0443598
0.04942
0.0474248
0.0515352
0.0522195
0.0512862
0.0412425
0.0487599
0.044658
0.0399554
0.0406009
0.0313634
0.0394686
0.0381861
0.0419933
0.0390488
0.0476509
0.0368097
0.0359074
0.0454952
0.0340999
0.0484932
0.0416236
0.0454799
0.0480354
0.0409575
0.0448705
0.0508147
0.0521239
0.0530631
0.0509567
0.0541528
0.0464979
0.0605789
0.0783359
0.0650963
0.0717046
0.0679951
0.0732748
0.0723843
0.0744317
0.0641642
0.0471116
0.0568144
0.0584222
0.0525461
0.0403732
0.0446259
0.0417153
0.0462322
0.0472352
0.038668
0.0451806
0.0383589
0.0448288
0.0482787
0.0487703
0.0455213
0.0511988
0.0372616
0.038655
0.0502509
0.0478948
0.0452542
0.0462235
0.0454512
0.0535453
0.0497638
0.0470379
0.0565855
0.053307
0.0600378
0.0658561
0.056301
0.0682806
0.0657156
0.0793533
0.0836045
0.0837554
0.0763082
0.0698015
0.0724183
0.0631017
0.0673025
0.0557947
0.0525714
0.0532104
0.0488301
0.0625044
0.0359718
0.0505305
0.0498989
0.0491396
0.0336043
0.0493965
0.0488191
0.046936
0.0550555
0.0489855
0.0461343
0.0531706
0.0476421
0.0446243
0.0458354
0.0541907
0.0486263
0.0530564
0.0539908
0.0531132
0.0547932
0.0633969
0.0663106
0.0621431
0.0583053
0.0606463
0.0643938
0.0648592
0.0598268
0.0723867
0.0712591
0.0735216
0.0661767
0.0680977
0.0708423
0.0787041
0.062057
0.0572565
0.0525592
0.0476406
0.0491189
0.044578
0.0517776
0.0494437
0.0436415
0.0409844
0.0525544
0.0449636
0.0414081
0.0532484
0.0462467
0.0463046
0.0480656
0.0458658
0.0370776
0.0535957
0.0526598
0.0187129
0.0535119
0.0384118
0.0484265
0.053762
0.0348295
0.0461588
0.0355873
0.0345834
0.0337467
0.0408258
0.0298529
0.0390512
0.0351036
0.0432585
0.0410007
0.037721
0.0502266
0.0276278
0.0478548
0.0302036
0.0422356
0.029513
0.0439233
0.0442939
0.0368339
0.0409766
0.0440714
0.0341568
0.0347722
0.0368537
0.0356605
0.0398422
0.0355207
0.0357611
0.0334849
0.0371089
0.0267058
0.0268378
0.019983
0.0463776
0.0452459
0.0518666
0.0467604
0.0629412
0.0646646
0.0672191
0.0625609
0.0710573
0.0756719
0.0635625
0.0658539
0.0846546
0.0793294
0.0750086
0.0762559
0.0904416
0.0751806
0.0839436
0.0909276
0.0778018
0.0604327
0.0733781
0.0832295
0.0659989
0.0701668
0.0641095
0.0596471
0.063382
0.0687673
0.0761686
0.0522681
0.0868062
0.0721358
0.0745574
0.0814443
0.0736842
0.0574678
0.0381248
0.0605776
0.0780463
0.0712095
0.0710124
0.0805012
0.0730891
0.0688767
0.0739584
0.071286
0.0787525
0.0724872
0.0674833
0.0755659
0.0977495
0.0990502
0.0844256
0.0984404
0.0882507
0.0913166
0.0782568
0.089692
0.0830309
0.0889295
0.081891
0.0836827
0.0846345
0.0486005
0.0621399
0.0758671
0.0264228
0.0485815
0.0444812
0.0349671
0.069
0.0516353
0.0780548
0.0488542
0.0898207
0.0597626
0.0657003
0.0371572
0.0892638
0.0720382
0.0495003
0.0888683
0.0904463
0.0767619
0.102161
0.0808044
0.0968664
0.0789676
0.106978
0.0906281
0.0973309
0.0944719
0.0859042
0.083996
0.112064
0.10758
0.0948568
0.0892023
0.0977414
0.102678
0.102386
0.102685
0.0955487
0.104407
0.0960053
0.114222
0.0988554
0.114967
0.0989418
0.10437
0.0833938
0.0901569
0.0600086
0.093529
0.0800387
0.0712931
0.053579
0.0542936
0.0821306
0.0418522
0.0466471
0.0495321
0.072382
0.0530622
0.0488741
0.0582138
0.0849941
0.079867
0.0548155
0.0653016
0.0973653
0.0807394
0.0614291
0.0261548
0.086884
0.0750252
0.055737
0.0425889
0.0815581
0.0728246
0.0626169
0.0910392
0.0703075
0.0833672
0.0874343
0.0619418
0.0836285
0.0877455
0.0768254
0.106208
0.0953424
0.121583
0.110564
0.1195
0.0976321
0.115944
0.0978516
0.103591
0.103663
0.0881273
0.10861
0.103866
0.114658
0.125809
0.0929747
0.111427
0.109611
0.0753235
0.0929693
0.0763247
0.0396642
0.0603769
0.0865479
0.0540035
0.139398
0.0665177
0.0203372
0.0841471
0.0889188
0.0840724
0.0941071
0.0345363
0.0960447
0.0529181
0.0578764
0.0828176
0.105932
0.0847016
0.0902731
0.0739176
0.0635987
0.0765098
0.0720031
0.0903822
0.0692666
0.0562871
0.113001
0.0966292
0.0903449
0.0660874
0.063507
0.0484054
0.0385878
0.0847693
0.0987492
0.0508769
0
0.0638442
0.0333628
0.0671416
0.108146
0.0197847
0.0697708
0.0714421
0.0207106
0.0494517
0.0790928
0.0513006
0.0738363
0.0967959
0.0929452
0.0971646
0.0828962
0.0764798
0.147626
0.0988512
0.0804988
0.10584
0.0862929
0.0848253
0.11977
0.0808454
0.0631697
0.0783065
0.121068
0.058054
0.0795312
0.0669013
0.0530653
0.099376
0.0807936
0.0833041
0.0662601
0.0693036
0.0481988
0.0913206
0.0744854
0.0618513
0.115077
0.0496557
0.0874689
0.0510324
0.0360526
0.0632059
0.0383738
0.0942987
0.0583581
0.0544298
0.0648604
0.0143308
0.114087
0.0324164
0.0961098
0.0176436
0.0531218
0.0743919
0.0933129
0.0269009
0.0450244
0.0719574
0.0819521
0.0295895
0.0725859
0.0624008
0.0487763
0.0820017
0.0958117
0.0802261
0.105745
0.101941
0.0705072
0.0821113
0.107975
0.0857465
0.065757
0.109874
0.0715546
0.0600864
0.0848501
0.0753313
0.0803444
0.102971
0.0587334
0.121722
0.111396
0.100216
0.0314608
0.0633033
0.0550581
0.119121
0.098901
0.109105
0.0940949
0.0785014
0.0647216
0.0682841
0.0558207
0.0773024
0.0618517
