0.10862
0.123564
0.128201
0.122093
0.117307
0.111342
0.114748
0.109175
0.113115
0.112588
0.119794
0.122565
0.13055
0.131646
0.131252
0.133294
0.136187
0.14119
0.135102
0.142545
0.133839
0.123763
0.126283
0.12014
0.117138
0.124677
0.119518
0.124759
0.131091
0.128826
0.133634
0.137951
0.139904
0.140924
0.145795
0.147874
0.146008
0.153808
0.151231
0.136863
0.135007
0.126442
0.123727
0.128287
0.124068
0.126952
0.129248
0.13036
0.129604
0.134625
0.138436
0.140915
0.147787
0.148941
0.14882
0.14904
0.150154
0.154384
0.154048
0.144395
0.139471
0.122756
0.104993
0.114938
0.110709
0.0983841
0.104188
0.111964
0.106843
0.111681
0.111751
0.118394
0.11349
0.114952
0.111311
0.118981
0.124535
0.119237
0.121877
0.124159
0.110993
0.10796
0.106798
0.102203
0.103255
0.107858
0.109677
0.114895
0.114073
0.12017
0.118299
0.125932
0.12789
0.124863
0.12396
0.121308
0.114284
0.106553
0.109252
0.113266
0.112926
0.115348
0.12349
0.122542
0.12799
0.122797
0.127352
0.13148
0.126226
0.135523
0.137969
0.138459
0.140208
0.139625
0.144046
0.139148
0.136879
0.116602
0.114082
0.109348
0.116145
0.118066
0.123874
0.121017
0.118811
0.129525
0.129278
0.128439
0.126257
0.13426
0.134782
0.136995
0.138005
0.145574
0.147233
0.147774
0.14901
0.151219
0.149879
0.143676
0.129578
0.124232
0.111607
0.115879
0.110439
0.115283
0.115405
0.116402
0.119239
0.115126
0.12875
0.126804
0.130752
0.128014
0.134649
0.131116
0.132312
0.138488
0.137341
0.137842
0.145432
0.145395
0.146999
0.153416
0.14077
0.134741
0.11212
0.122311
0.116736
0.115899
0.119619
0.116814
0.120372
0.123616
0.130263
0.127023
0.132643
0.129885
0.127822
0.133915
0.112504
0.107119
0.104114
0.112917
0.106357
0.107336
0.106523
0.108268
0.117101
0.121711
0.12567
0.123347
0.123372
0.125683
0.129184
0.130914
0.136454
0.131627
0.126582
0.107411
0.106261
0.0976339
0.100535
0.096017
0.096584
0.0983682
0.0951797
0.105152
0.111179
0.110606
0.119536
0.114508
0.11736
0.11681
0.119955
0.124417
0.121834
0.122565
0.128769
0.132882
0.134995
0.131875
0.143284
0.123208
0.106268
0.0988324
0.0845253
0.0892579
0.0881001
0.086247
0.0900918
0.0933686
0.0993873
0.102326
0.103547
0.0992796
0.10992
0.10396
0.111267
0.111761
0.11409
0.120244
0.122538
0.128485
0.124043
0.126787
0.131705
0.132852
0.13216
0.132646
0.134785
0.125842
0.124415
0.120651
0.115504
0.0986797
0.0962148
0.099163
0.0965559
0.0995209
0.0838068
0.104
0.0892571
0.101196
0.10482
0.0958476
0.0969861
0.111916
0.11369
0.108648
0.116278
0.11459
0.129611
0.132426
0.133998
0.128376
0.131459
0.134408
0.13055
0.132964
0.139426
0.132479
0.136471
0.126386
0.125931
0.130776
0.120649
0.121015
0.124127
0.0880018
0.091926
0.0905237
0.0914881
0.0934621
0.0913462
0.0938801
0.0928759
0.107374
0.103948
0.0964084
0.112089
0.107037
0.10643
0.114403
0.112835
0.104152
0.111369
0.123715
0.124057
0.124544
0.128616
0.126121
0.122432
0.118935
0.09442
0.0774096
0.0793506
0.100039
0.079762
0.10384
0.0837014
0.0788103
0.0982424
0.0885218
0.0797409
0.0938192
0.0934663
0.0919292
0.0868799
0.0977754
0.0983749
0.107422
0.101267
0.10953
0.104881
0.108893
0.110332
0.114887
0.124365
0.125559
0.128009
0.127354
0.128843
0.121529
0.107752
0.0694103
0.0740008
0.0893619
0.0879181
0.087788
0.0733392
0.0739834
0.0687913
0.0847012
0.0747563
0.0804256
0.0862344
0.0856232
0.0827802
0.0835305
0.0963258
0.0841008
0.0819022
0.107548
0.0880652
0.0951904
0.0903735
0.105005
0.102236
0.111997
0.11379
0.111647
0.121675
0.117698
0.115175
0.126002
0.122369
0.127497
0.108177
0.102988
0.100114
0.0796426
0.084446
0.0823158
0.0745082
0.0775037
0.0906429
0.0900227
0.0898024
0.0807772
0.0835429
0.0977173
0.0801729
0.0799493
0.0828407
0.0871442
0.0980053
0.0992429
0.097862
0.102054
0.0930953
0.102408
0.115875
0.10295
0.110802
0.110322
0.115402
0.110714
0.122015
0.127539
0.115115
0.121636
0.121074
0.121836
0.110614
0.11989
0.120937
0.106173
0.0928791
0.0944096
0.0795669
0.0977498
0.0953477
0.0869066
0.0918646
0.0804685
0.0879438
0.103293
0.105946
0.10741
0.100609
0.109697
0.106317
0.112691
0.11094
0.117736
0.114873
0.109092
0.119876
0.126362
0.117542
0.100879
0.0833864
0.0912155
0.0976451
0.0682454
0.0736162
0.091229
0.0845423
0.0663917
0.0792744
0.0748575
0.080419
0.0782623
0.0765783
0.0731062
0.0821633
0.0565431
0.096682
0.0802252
0.0920682
0.0858825
0.0843476
0.0886709
0.0853298
0.102557
0.11349
0.108453
0.111082
0.102571
0.0954752
0.095322
0.107193
0.10661
0.105775
0.111486
0.12066
0.11751
0.105548
0.105082
0.0940774
0.0933546
0.0714736
0.0776576
0.0766171
0.0864072
0.0904496
0.0630973
0.0879539
0.0763915
0.0877944
0.132517
0.177118
0.186494
0.252924
0.257171
0.297339
0.313131
0.259078
0.216556
0.168685
0.109236
0.0895576
0.0825497
0.0742062
0.0695304
0.0863294
0.0933816
0.0894768
0.104964
0.092744
0.106353
0.0920059
0.0995281
0.0977637
0.0990471
0.095805
0.0932588
0.101058
0.104422
0.107119
0.104204
0.111769
0.107527
0.0825673
0.089465
0.0876203
0.0636863
0.0886194
0.0729359
0.0851118
0.07283
0.0854721
0.100621
0.0890141
0.073872
0.0842063
0.0952175
0.094367
0.112265
0.0980669
0.0963142
0.098617
0.103429
0.100396
0.112184
0.0901592
0.0901993
0.0715663
0.0728797
0.063528
0.0571579
0.0929461
0.0754679
0.0655431
0.0567692
0.0736456
0.0788246
0.0725391
0.0688747
0.0705861
0.0762269
0.0730412
0.0751122
0.079947
0.0802496
0.0849214
0.0960344
0.0695534
0.0956133
0.0866503
0.0773803
0.0809381
0.0991092
0.0930937
0.0785448
0.093924
0.0922118
0.0915821
0.0846311
0.0956496
0.0761452
0.0868406
0.101219
0.0864829
0.0975095
0.0997389
0.0771812
0.0733734
0.0890648
0.103012
0.0478877
0.072143
0.0806988
0.0641438
0.0455829
0.0966685
0.0564022
0.0517277
0.091688
0.0833575
0.0883856
0.0751367
0.0678305
0.080712
0.0895045
0.0576598
0.0749162
0.0727276
0.072768
0.0634986
0.0754779
0.0682261
0.0708543
0.0653791
0.0773893
0.0763778
0.071235
0.0727479
0.08288
0.0887068
0.0759527
0.0772736
0.0770578
0.0857868
0.0762658
0.0724718
0.0884018
0.0829143
0.08937
0.0780185
0.0864539
0.0740635
0.0804223
0.0869606
0.0831103
0.0679122
0.0677394
0.0680926
0.0861475
0.0752
0.0622551
0.0626993
0.0881177
0.0748611
0.0877256
0.0652095
0.0677582
0.0674598
0.0602663
0.095434
0.0947266
0.0823163
0.0930241
0.0750482
0.0674982
0.0670737
0.0818863
0.0738104
0.0615074
0.0908696
0.0807581
0.0593697
0.0812208
0.083509
0.0443453
0.0835549
0.0565689
0.0637173
0.0779813
0.0672997
0.0858331
0.0744408
0.0757184
0.0695014
0.0725113
0.0725372
0.0644969
0.0763451
0.083186
0.061034
0.0680283
0.0671032
0.0941903
0.0744757
0.0705583
0.0519358
0.0457958
0.0637117
0.103957
0.0719554
0.0591684
0.0676572
0.0559769
0.059587
0.0824067
0.0807758
0.069653
0.0560541
0.0580305
0.0648027
0.0537104
0.0630918
0.0594864
0.0614998
0.0566903
0.0677958
0.0557096
0.0662719
0.0584018
0.0653896
0.0568234
0.0694274
0.0626929
0.0535556
0.0664772
0.0540254
0.0669943
0.0660591
0.0605812
0.0576983
0.0653111
0.0617963
0.0519275
0.0559865
0.0712229
0.0638485
0.0546156
0.0649912
0.0656462
0.0467725
0.0556827
0.0561715
0.0553669
0.0563681
0.0677771
0.0633577
0.0714003
0.0720934
0.0724175
0.0561613
0.066678
0.0549647
0.0725427
0.066323
0.0590229
0.0686442
0.0714412
0.0628476
0.0612246
0.0564208
0.0614232
0.058556
0.0658019
0.0654207
0.0535598
0.0727775
0.0665607
0.05676
0.0567805
0.0716381
0.0670151
0.0547984
0.0421825
0.0594703
0.0643577
0.0496586
0.0517508
0.0631838
0.0558832
0.0697849
0.0666992
0.0632861
0.0469347
0.0695814
0.0644886
0.0801108
0.0730355
0.064638
0.0566353
0.0681339
0.0473899
0.0566784
0.0666015
0.0506056
0.0532829
0.0674673
0.0631328
0.0717943
0.0780838
0.0677041
0.0619016
0.0684431
0.0903253
0.0694086
0.0594276
0.0655578
0.066285
0.0618821
0.0651743
0.062667
0.0643145
0.0692766
0.0691763
0.073532
0.0669855
0.0681536
0.0655331
0.074538
0.079113
0.069966
0.0703714
0.0675124
0.0801177
0.0673899
0.0517591
0.0588729
0.0707229
0.0723258
0.0581609
0.0526837
0.0533347
0.0636034
0.0951564
0.046961
0.0704965
0.0632637
0.0453534
0.0659178
0.0392598
0.0824489
0.0495955
0.0801714
0.0578877
0.0429849
0.0703963
0.0582807
0.0671306
0.0581101
0.0620454
0.0474278
0.0537077
0.0427758
0.0451976
0.060275
0.0638979
0.0522421
0.0730503
0.0719822
0.0576645
0.0631502
0.0616275
0.0625343
0.0615132
0.0642495
0.0604383
0.0674099
0.064304
0.0582576
0.0582579
0.0569579
0.0554901
0.0511964
0.0524378
0.0692889
0.0555596
0.058077
0.0634269
0.0599224
0.0600923
0.0601328
0.0598081
0.0571434
0.0595079
0.0597405
0.0595346
0.0631355
0.0579373
0.0555334
0.0525921
0.0618227
0.0505195
0.0538719
0.052003
0.0616611
0.0560761
0.0637791
0.0593754
0.0573843
0.0521668
0.0557286
0.0537523
0.0481727
0.062464
0.0595483
0.0576589
0.0664744
0.0492427
0.0515306
0.0570278
0.0544408
0.0593536
0.0570456
0.0497427
0.0585379
0.055104
0.0584001
0.0512565
0.0539015
0.0498415
0.0552093
0.0566626
0.0483867
0.0488386
0.0583174
0.0558895
0.0532969
0.0575687
0.0506947
0.0575886
0.0543255
0.0481674
0.0526725
0.0577699
0.0578475
0.0545503
0.0517498
0.0601976
0.051697
0.0598789
0.0507537
0.0553263
0.052124
0.0526415
0.0577974
0.0559259
0.0502354
0.0607169
0.0526744
0.053508
0.0553994
0.0609514
0.0591214
0.0519208
0.0568915
0.0485629
0.0490702
0.0522075
0.0504578
0.0605427
0.052512
0.057087
0.0534519
0.053348
0.0534016
0.0493978
0.0489442
0.0573885
0.0538898
0.0642802
0.0532493
0.0599503
0.0556958
0.0535682
0.0607031
0.0582997
0.0580208
0.0549863
0.0628837
0.0539196
0.0513546
0.0528822
0.0559389
0.0622923
0.0499794
0.0583915
0.0651281
0.0486657
0.0558461
0.0525928
0.0506538
0.0524838
0.0546477
0.0620856
0.0612735
0.0485045
0.0518418
0.0520121
0.0646981
0.0511604
0.0508247
0.0556124
0.0627505
0.0534267
0.0578198
0.0598279
0.0595673
0.0564675
0.0580519
0.0754066
0.0614232
0.0585441
0.0508986
0.0562754
0.0580191
0.0422313
0.0551609
0.0554298
0.0632588
0.057973
0.0608456
0.0618483
0.0614989
0.0573524
0.0654845
0.0644179
0.0598317
0.0715016
0.0612982
0.0529144
0.0748634
0.0645672
0.0646318
0.0622525
0.0515271
0.0639581
0.0580138
0.0644263
0.0630116
0.066474
0.0695935
0.0606049
0.0666558
0.063228
0.0491199
0.0718646
0.0501178
0.0547274
0.0613692
0.0583619
0.0611207
0.0678548
0.0420885
0.0576808
0.0627717
0.0550588
0.0577528
0.0487524
0.0442407
0.0548148
0.0607171
0.0630013
0.0675477
0.0604564
0.0532858
0.0560082
0.0565368
0.0531491
0.0537188
0.0529571
0.0504231
0.0388282
0.0448119
0.0524422
0.0429006
0.0486191
0.0538623
0.0425899
0.051386
0.0589056
0.0577771
0.0538974
0.0478255
0.0549454
0.0498614
0.0408412
0.0581039
0.0476211
0.0602581
0.0497647
0.0577493
0.0519844
0.0515775
0.0591775
0.0488591
0.0545144
0.0441134
0.060539
0.0654111
0.0466655
0.0414271
0.0535697
0.055791
0.0475599
0.0399567
0.0576817
0.0573322
0.0584867
0.0421401
0.0560745
0.0491988
0.0544673
0.048781
0.0578034
0.0582829
0.0525109
0.0524396
0.0576286
0.0644421
0.0596275
0.0492634
0.0481444
0.0600843
0.0470698
0.044591
0.0527791
0.0504684
0.0615962
0.039479
0.0516892
0.0584044
0.0400471
0.0470775
0.0678626
0.0550812
0.0468424
0.051992
0.0424196
0.054184
0.0579474
0.0580127
0.0568055
0.0601136
0.0551713
0.053101
0.0431845
0.0481318
0.0510478
0.0556098
0.0493937
0.0450402
0.0554523
0.055024
0.0564457
0.0551441
0.0538347
0.049661
0.0516293
0.0479398
0.0569009
0.059102
0.0496253
0.0638126
0.0558958
0.0487761
0.0544901
0.0567877
0.0645732
0.0495653
0.0469845
0.0467334
0.0410727
0.0537046
0.0597743
0.0507306
0.0509341
0.046121
0.0539092
0.0525778
0.0548342
0.0435845
0.0487842
0.0554389
0.0441161
0.0573616
0.0509051
0.0494035
0.0514413
0.0516013
0.0560737
0.057915
0.0546288
0.0575405
0.0554696
0.0541323
0.0587833
0.0632937
0.0575759
0.0579076
0.0563805
0.0556518
0.0554931
0.0514798
0.0548556
0.0534158
0.0571512
0.0553418
0.0582459
0.0498262
0.0588057
0.0572014
0.0600843
0.0612573
0.059352
0.0535425
0.0532304
0.0630927
0.0559395
0.0582273
0.0655543
0.0716041
0.0640735
0.0771162
0.102626
0.141568
0.277607
0.399977
0.44276
0.455404
0.435355
0.349897
0.205446
0.116501
0.0764515
0.0649553
0.0632195
0.0637079
0.0576081
0.0540586
0.0606661
0.0628195
0.0556863
0.0582917
0.0596338
0.0596153
0.0569169
0.0579368
0.0584477
0.05455
0.0511838
0.0517037
0.0567638
0.0545097
0.0544207
0.0561773
0.056274
0.0543376
0.0580785
0.0578553
0.0580951
0.0654141
0.0556124
0.061167
0.0712633
0.0680848
0.066031
0.0651116
0.0654685
0.0676034
0.0596496
0.0573569
0.0658656
0.0651348
0.0587321
0.0590785
0.0570143
0.0596202
0.0618488
0.0511831
0.058012
0.0560773
0.065219
0.0598436
0.059267
0.0522357
0.0581585
0.0660792
0.0592142
0.0570766
0.0536316
0.0587769
0.0551561
0.0508923
0.0573054
0.0583356
0.0573952
0.0625488
0.0505686
0.0510802
0.0615125
0.059529
0.0632691
0.0605439
0.0666241
0.0464823
0.0501095
0.0543259
0.0565555
0.0560717
0.0575078
0.0611708
0.0636347
0.0562374
0.0511306
0.0545889
0.0568636
0.0576972
0.0580804
0.0618662
0.0608134
0.055983
0.0579584
0.0631765
0.0481351
0.0578257
0.0543602
0.0474245
0.0639399
0.0498934
0.0523726
0.0567323
0.0509305
0.0464169
0.0546983
0.0642413
0.0546683
0.0496932
0.0366571
0.0549075
0.0537889
0.0691002
0.0500162
0.0658586
0.0499734
0.0571085
0.0509982
0.0553338
0.0543719
0.0306552
0.0625006
0.0516127
0.0541708
0.0591564
0.0586838
0.0549537
0.0461169
0.0539106
0.0545751
0.0464759
0.0541982
0.0660233
0.0547287
0.0672376
0.0488982
0.0576942
0.0459853
0.044225
0.0491022
0.0558282
0.0452819
0.0760832
0.0458484
0.0637056
0.0572221
0.0444411
0.0405984
0.0562349
0.0502209
0.0805747
0.0491529
0.0616164
0.0528074
0.035007
0.0421624
0.0226646
0.0630279
0.0846205
0.0364827
0.106399
0.0339255
0.0572371
0.0464329
0.0622183
0.0361012
0.0690727
0.0358941
0.0572175
0.0336361
0.0616795
0.0366982
0.048576
0.075138
0.0894922
0.0637805
0.041859
0.0608369
0.0418552
0.0386339
0.0567152
0.0450947
0.0603791
0.0488739
0.0659549
0.0843259
0.0247054
0.055155
0.0424622
0.0485241
0.058313
0.0331261
0.0454908
0.0387041
0.0353403
0.0855685
0.0156889
0.0409049
0.0360551
0.0467585
0.0406705
0.0461161
0.0765346
0.0465404
0.0581041
0.0421883
0.0489675
0.042509
0.0462282
0.0474423
0.0462984
0.077508
0.0553945
0.0218846
0.0619881
0.0438346
0.0384777
0.067204
0.0677441
0.0715056
0.06257
0.0738434
0.0652623
0.0390129
0.0279954
0.0614361
0.0304903
0.027285
0.0655149
0.0470989
0.0460857
0.0631172
0.0527293
0.0425006
0.0593978
0.0600961
0.0493062
0.0617566
0.0643723
0.0703174
0.0397187
0.0631094
0.0702821
0.0635499
0.0462048
0.062484
0.0594091
0.0629464
0.0770416
0.0789958
0.0783581
0.0875052
0.0816515
0.0857154
0.0852292
0.100089
0.0890882
0.0876421
0.0796395
0.0645998
0.0484568
0.0302186
0.0694899
0.0386698
0.0513493
0.0659623
0.0463241
0.0646913
0.062904
0.0516498
0.0538312
0.0552926
0.0546931
0.0469873
0.0711519
0.0576462
0.0367132
0.0589823
0.0523211
0.0603826
0.0475413
0.041932
0.056348
0.0470116
0.0600808
0.0496404
0.055686
0.0453471
0.0483741
0.0450279
0.0423949
0.0519364
0.0514808
0.0468182
0.0443144
0.0425089
0.045757
0.0500511
0.0489201
0.0471422
0.0519124
0.0440263
0.0538369
0.0436133
0.0658575
0.0515436
0.0584672
0.0541935
0.0601228
0.0523013
0.0629687
0.0559365
0.0560317
0.0488008
0.0515853
0.0611117
0.0530704
0.0591341
0.0547858
0.0493109
0.0450471
0.0591184
0.0532942
0.055129
0.0516367
0.0500193
0.0630428
0.0534288
0.0660262
0.0565647
0.0534318
0.0622919
0.059253
0.0575603
0.0516444
0.0589148
0.0659661
0.0654081
0.0656217
0.0588275
0.0627523
0.060388
0.0490248
0.0522773
0.0473361
0.0572584
0.0496351
0.0605946
0.05656
0.0594502
0.0575353
0.0567361
0.0530155
0.0449064
0.0590917
0.0569323
0.0586405
0.0570598
0.0615798
0.0635274
0.06209
0.0679176
0.0635236
0.0536446
0.064517
0.071233
0.0677721
0.0757353
0.0691474
0.0778752
0.0764847
0.0749928
0.0735207
0.0804566
0.0696035
0.0533301
0.0763196
0.0644322
0.0583026
0.0647027
0.057174
0.0540368
0.0566173
0.0549056
0.0580322
0.0518782
0.0564578
0.0576171
0.0574356
0.0511616
0.059226
0.0555328
0.0551582
0.0553135
0.0630242
0.0577809
0.063951
0.0617139
0.0576611
0.0628148
0.0677153
0.0581838
0.0687438
0.0675796
0.0687431
0.0742604
0.0721291
0.079449
0.0809829
0.0848972
0.0886193
0.0836185
0.0785879
0.0735639
0.0787905
0.0676546
0.0711681
0.0748894
0.0688007
0.0678754
0.0512369
0.0621297
0.0537644
0.0586752
0.0513895
0.0649784
0.0534867
0.0579749
0.0632759
0.062264
0.0654166
0.054828
0.0549428
0.0736478
0.0652272
0.0502404
0.0615325
0.0717968
0.0634625
0.0575241
0.0704503
0.0776338
0.0715636
0.0736607
0.0721328
0.0763303
0.076033
0.0720567
0.0722031
0.0714309
0.070905
0.0848988
0.0782919
0.0841172
0.0760225
0.078845
0.0817867
0.0879879
0.0740043
0.0625949
0.0629138
0.0615847
0.0599271
0.0587204
0.0562303
0.0622853
0.0562529
0.0534534
0.0584837
0.0595364
0.0422139
0.0498595
0.0556216
0.0589615
0.0716598
0.049858
0.0429649
0.0470337
0.0598546
0.0426751
0.0615809
0.0436071
0.0699013
0.0559256
0.0510392
0.0635799
0.039203
0.0448033
0.0568403
0.0529138
0.0451386
0.0561248
0.052528
0.0622979
0.0493009
0.0490416
0.0588296
0.035765
0.0546427
0.0533776
0.0589005
0.0445754
0.057383
0.0593123
0.0510364
0.0524811
0.0590889
0.054424
0.0474922
0.0533761
0.0435749
0.0534882
0.0550511
0.0443933
0.0531128
0.0480673
0.0416184
0.0467488
0.0375429
0.0479508
0.0507486
0.0632981
0.0515655
0.0544836
0.0430595
0.0553291
0.0541416
0.0603787
0.0630168
0.061269
0.0549576
0.061539
0.0622967
0.0632226
0.0645336
0.0820279
0.0634429
0.0653534
0.0718891
0.0728854
0.0618245
0.054749
0.0812899
0.0571381
0.0569594
0.047002
0.0473205
0.0420954
0.0585356
0.0757525
0.0531233
0.0721763
0.0660453
0.0609865
0.0600553
0.0457554
0.0541225
0.0448792
0.0606056
0.0615239
0.0592466
0.0664901
0.0864336
0.0820914
0.0702066
0.0685557
0.0822568
0.0775007
0.063204
0.0722225
0.0801044
0.0946326
0.0850593
0.0891459
0.0963238
0.0877174
0.0882943
0.077167
0.0976932
0.0923215
0.0805413
0.0722103
0.0776624
0.0652546
0.0830423
0.0561215
0.0895382
0.0271921
0.0565075
0.0447261
0.0436546
0.0831542
0.0573952
0.056408
0.0733469
0.0742029
0.0336408
0.0412847
0.03904
0.117589
0.0434009
0.0432586
0.0897043
0.085914
0.0729129
0.0957378
0.0850383
0.0777836
0.0821146
0.119631
0.0951439
0.0989197
0.0812724
0.0927556
0.108061
0.102601
0.097
0.0822668
0.103934
0.104075
0.0998135
0.102041
0.114483
0.0855619
0.0941038
0.0904507
0.101202
0.0925428
0.0951356
0.0930137
0.101449
0.0824048
0.0965023
0.0758724
0.0792835
0.0827784
0.0615591
0.04402
0.0772788
0.0604831
0.0481568
0.0898289
0.0339746
0.052463
0.0503659
0.0534309
0.0681421
0.0648037
0.110713
0.0680909
0.0523084
0.0955955
0.0540041
0.073007
0.0293412
0.0880216
0.0958075
0.0766777
0.0366342
0.0920269
0.0820203
0.130756
0.108624
0.0738542
0.0833472
0.0748489
0.0527374
0.0792293
0.0867865
0.0917646
0.11011
0.0885898
0.109648
0.091842
0.0983249
0.10366
0.108044
0.100965
0.0953093
0.10227
0.100386
0.112155
0.0936136
0.0843705
0.12133
0.0866726
0.104519
0.0912723
0.0769534
0.0732099
0.0754476
0.0758708
0.0583781
0.0888528
0.0471878
0.0814082
0.0649982
0.0569069
0.0904759
0.0702458
0.0832131
0.0652077
0.0537736
0.0919704
0.0546827
0.0765361
0.0914929
0.0962225
0.108761
0.0651095
0.072762
0.0573779
0.0525896
0.062866
0.0902232
0.043625
0.0588768
0.0903815
0.085356
0.062948
0.0648315
0.0525137
0.0654876
0.00280355
0.0386839
0.0868652
0.0457898
0.0435278
0.062035
0.0606924
0.0197496
0.0389541
0.0419425
0.0843996
0.0695136
0.00846393
0.0464905
0.0596026
0.0426804
0.0387003
0.0756194
0.105658
0.0744306
0.0561761
0.0701343
0.0940308
0.0744161
0.0722369
0.0841788
0.0378982
0.0834187
0.0890403
0.0670709
0.07621
0.0813442
0.111698
0.0723106
0.0580091
0.049709
0.0251773
0.112147
0.0878251
0.0478977
0.031094
0.0908982
0.06293
0.0531708
0.0905054
0.0324117
0.0719014
0.0368427
0.0399981
0.0711598
0.0893942
0.047915
0.0532382
0.0169526
0.0415931
0.00527342
0.0501495
0.0366605
0.0575641
0.0118099
0.0218282
0.0289177
0.0375806
0.074988
0.063292
0
0.0231058
0.0574878
0.0589156
0.0414199
0.0948512
0.0764989
0.0434277
0.065605
0.108137
0.105613
0.108899
0.0692133
0.0674651
0.0633737
0.0842294
0.102958
0.0630168
0.0988206
0.0451246
0.0666843
0.0909279
0.107744
0.0797614
0.138321
0.0298622
0.0962298
0.101428
0.0616084
0.0728974
0.0543172
0.0500884
0.10188
0.0545923
0.0864111
0.0677673
0.0607507
0.0388977
0.0555459
0.036662
0.0242254
0.0326936
