0.166271
0.181973
0.178075
0.174888
0.183252
0.183058
0.193329
0.199451
0.203056
0.206457
0.211045
0.216982
0.220446
0.225311
0.233974
0.237784
0.234719
0.245415
0.243997
0.236795
0.23992
0.243398
0.254026
0.261319
0.258485
0.268884
0.279489
0.286872
0.291918
0.292712
0.301226
0.305174
0.303794
0.312553
0.31587
0.319517
0.320887
0.321423
0.318731
0.310487
0.304587
0.303516
0.307564
0.321367
0.328252
0.339986
0.350879
0.357466
0.357999
0.367119
0.356963
0.314959
0.295166
0.292835
0.292449
0.293375
0.315253
0.382586
0.390818
0.383232
0.342509
0.29588
0.24868
0.222299
0.213444
0.191023
0.176285
0.172616
0.166527
0.163722
0.149707
0.144461
0.15122
0.139831
0.133175
0.134537
0.14476
0.141697
0.137761
0.146331
0.154537
0.157378
0.162453
0.164911
0.159644
0.164828
0.16941
0.172666
0.175995
0.18635
0.192256
0.199982
0.21198
0.221408
0.240565
0.25704
0.287828
0.301731
0.321551
0.33343
0.336643
0.333322
0.32594
0.302741
0.273086
0.247744
0.230342
0.22693
0.231551
0.232498
0.240252
0.245702
0.249317
0.250701
0.246213
0.245177
0.244741
0.233936
0.226681
0.237936
0.244611
0.237522
0.251075
0.252647
0.268097
0.26736
0.275307
0.280067
0.293397
0.290891
0.295713
0.299844
0.302127
0.294893
0.29394
0.295791
0.311867
0.32362
0.320852
0.313267
0.290653
0.274997
0.259556
0.259716
0.262284
0.277332
0.28395
0.29114
0.305977
0.321749
0.320871
0.332496
0.351468
0.354406
0.365062
0.363791
0.367159
0.367807
0.370239
0.368971
0.368985
0.375315
0.377685
0.36752
0.33852
0.273695
0.222351
0.176447
0.153577
0.141307
0.135577
0.127625
0.12699
0.129501
0.132585
0.131386
0.141762
0.150475
0.149378
0.162225
0.168825
0.184446
0.190642
0.182876
0.18515
0.179522
0.16243
0.167187
0.161551
0.155242
0.16358
0.156353
0.157419
0.159305
0.168794
0.172448
0.170521
0.174907
0.166148
0.167121
0.147064
0.13518
0.143774
0.142151
0.151789
0.149669
0.153939
0.166727
0.172649
0.174992
0.178916
0.190481
0.19553
0.199399
0.202813
0.210049
0.212944
0.215999
0.224395
0.228351
0.229522
0.229677
0.225256
0.218529
0.207254
0.185944
0.183656
0.182699
0.189006
0.18783
0.186988
0.19222
0.197554
0.207408
0.214012
0.228965
0.234357
0.24171
0.255184
0.265899
0.271148
0.27861
0.289955
0.29751
0.305539
0.307767
0.315081
0.320227
0.32454
0.330064
0.33352
0.340914
0.340927
0.345094
0.336301
0.317625
0.279194
0.240742
0.215836
0.199446
0.205357
0.209646
0.199608
0.206935
0.222215
0.213992
0.223881
0.239707
0.25893
0.26768
0.263882
0.274798
0.276324
0.287956
0.27804
0.291816
0.298773
0.303344
0.302438
0.289414
0.279983
0.2551
0.224978
0.188096
0.156577
0.147477
0.1521
0.163724
0.16668
0.17523
0.172362
0.188114
0.184119
0.186742
0.204907
0.211212
0.204822
0.205037
0.193257
0.188346
0.183496
0.177299
0.169574
0.166477
0.155461
0.153944
0.158454
0.164358
0.167296
0.165229
0.166328
0.180736
0.176594
0.175013
0.158656
0.157706
0.146353
0.165121
0.159432
0.145056
0.14286
0.155667
0.153801
0.149486
0.151303
0.142016
0.145805
0.144933
0.156786
0.157464
0.16398
0.179774
0.189003
0.184756
0.197887
0.198036
0.203117
0.202715
0.210115
0.214669
0.218178
0.221512
0.222384
0.226119
0.22908
0.195221
0.201242
0.207532
0.188644
0.193637
0.182213
0.173814
0.154578
0.164606
0.16417
0.170999
0.178954
0.163752
0.179013
0.186495
0.197018
0.182836
0.172599
0.19401
0.19474
0.206164
0.202219
0.222313
0.216489
0.237764
0.244087
0.257064
0.267951
0.265028
0.270782
0.273005
0.281091
0.265208
0.247442
0.21631
0.189736
0.169743
0.135389
0.167731
0.145382
0.139583
0.15166
0.155786
0.158367
0.160385
0.177025
0.164311
0.174369
0.165881
0.172982
0.169761
0.161424
0.150338
0.153893
0.155273
0.162611
0.140628
0.152678
0.155561
0.163239
0.165547
0.167699
0.182328
0.208767
0.232398
0.251947
0.278514
0.293617
0.306618
0.310338
0.304243
0.291035
0.28657
0.24911
0.231592
0.237185
0.231549
0.230126
0.251235
0.253958
0.237858
0.231533
0.2331
0.231483
0.242851
0.235991
0.224914
0.226149
0.223583
0.215679
0.213574
0.18772
0.173222
0.179176
0.193737
0.190055
0.195132
0.206892
0.193748
0.19856
0.177418
0.174033
0.206254
0.194745
0.193168
0.187078
0.191019
0.188448
0.201375
0.207594
0.184269
0.19025
0.214011
0.185802
0.196859
0.199102
0.217816
0.220034
0.223305
0.220471
0.21987
0.219278
0.209145
0.213789
0.239675
0.228768
0.234344
0.224764
0.236484
0.249108
0.249563
0.266155
0.292651
0.293154
0.317215
0.346663
0.39395
0.392701
0.419121
0.393437
0.344225
0.299298
0.278238
0.22016
0.207271
0.220014
0.235294
0.27835
0.314696
0.395813
0.42328
0.462308
0.471875
0.44499
0.375331
0.294628
0.22493
0.186649
0.19365
0.198318
0.196225
0.198237
0.191368
0.202797
0.195965
0.200256
0.20551
0.204584
0.201854
0.20146
0.211881
0.209155
0.219369
0.205821
0.219685
0.237128
0.229114
0.211396
0.19545
0.170562
0.163248
0.140819
0.139562
0.152868
0.172693
0.157414
0.15471
0.144395
0.14703
0.126619
0.12988
0.114287
0.135241
0.139437
0.132914
0.136564
0.137045
0.138102
0.143992
0.138287
0.147647
0.156605
0.175982
0.179068
0.17372
0.174036
0.200693
0.181218
0.177805
0.171908
0.156047
0.162668
0.156341
0.147683
0.169387
0.16966
0.149779
0.147504
0.171489
0.184214
0.171702
0.196907
0.187446
0.20444
0.181018
0.172826
0.17072
0.154923
0.15944
0.154206
0.166205
0.160343
0.18018
0.162168
0.162795
0.166546
0.171327
0.155849
0.17549
0.174367
0.178383
0.176874
0.192152
0.188259
0.177137
0.188109
0.168846
0.168614
0.159311
0.173242
0.121372
0.142015
0.154531
0.146371
0.132171
0.116755
0.133539
0.118018
0.14014
0.129905
0.151962
0.128908
0.112823
0.118194
0.130179
0.129695
0.142422
0.123304
0.140348
0.137089
0.126985
0.130281
0.127704
0.11917
0.112484
0.104601
0.103229
0.0992065
0.0930108
0.0963898
0.123435
0.111359
0.106665
0.129542
0.136839
0.137896
0.155125
0.167792
0.178144
0.167951
0.148838
0.180911
0.170167
0.171604
0.134068
0.102138
0.0888489
0.0776997
0.0888478
0.0764103
0.0872919
0.0962097
0.108604
0.129665
0.136163
0.158696
0.16449
0.151303
0.110871
0.134062
0.141205
0.139267
0.126747
0.148615
0.147272
0.165521
0.175897
0.169735
0.161963
0.17127
0.191059
0.191016
0.16867
0.163991
0.138151
0.155542
0.157397
0.150175
0.166509
0.152783
0.166886
0.163845
0.160408
0.143678
0.170789
0.163512
0.137996
0.144856
0.173519
0.148807
0.171255
0.160019
0.168216
0.142515
0.139427
0.131283
0.135137
0.111376
0.12596
0.134181
0.104734
0.129106
0.0965662
0.0791786
0.079506
0.0703534
0.0930346
0.0858456
0.0676196
0.0822288
0.0734151
0.0622758
0.0527635
0.0628648
0.0634067
0.061697
0.0576979
0.0674378
0.0572246
0.0668207
0.0544023
0.0537592
0.048709
0.0595352
0.0515977
0.0526193
0.0593566
0.0402972
0.0497294
0.0472756
0.0378049
0.0398333
0.0518228
0.0551689
0.0557012
0.0488061
0.0531763
0.067167
0.0496873
0.0674386
0.0686403
0.0557479
0.0623835
0.0733396
0.058184
0.0755113
0.0763079
0.0743808
0.0641668
0.0755884
0.0575185
0.0588375
0.0520953
0.0548441
0.0414331
0.0343103
0.0419261
0.0548905
0.0231259
0.040126
0.0448192
0.0472868
0.0455395
0.0461109
0.0740711
0.0657278
0.0405898
0.0449838
0.0323783
0.06373
0.0422125
0.0538015
0.0485799
0.0309572
0.0330803
0.0512228
0.0419329
0.0554955
0.0489397
0.052204
0.0555889
0.0573777
0.0899978
0.0929501
0.0838246
0.103616
0.0996831
0.122496
0.110719
0.120932
0.0952521
0.119133
0.130521
0.113041
0.110902
0.115678
0.118087
0.115025
0.118845
0.114482
0.127935
0.115277
0.124681
0.130265
0.165664
0.161705
0.175227
0.175896
0.188655
0.190586
0.205854
0.189065
0.207416
0.215575
0.225142
0.233658
0.205775
0.184399
0.159616
0.115857
0.106908
0.114233
0.131753
0.153686
0.156954
0.14586
0.157143
0.139283
0.152433
0.164463
0.148017
0.171324
0.173392
0.16649
0.183047
0.167125
0.171961
0.156996
0.161234
0.175004
0.168346
0.244871
0.220517
0.228653
0.229037
0.206148
0.183822
0.212546
0.172853
0.164893
0.172813
0.158024
0.149331
0.150859
0.121293
0.0914319
0.0958358
0.0827808
0.0841099
0.0454978
0.0518633
0.0362824
0.0240045
0.0177189
0.0215921
0.0161725
0.0028077
0.0122062
0.00761736
0.0109971
0.0185473
0.015435
0.00921555
0.00893626
0.0132693
0.0144673
0.00752606
0.0143365
0.0170975
0.0236437
0.0179536
0.0128182
0.0236068
0.0112766
0.00845537
0.00518872
0.00829875
0.00337218
0.00154133
0.000108357
0.00173374
0.00382296
0.00520077
0.00214578
0
0.00303224
0.000630741
0.00265982
0.000825363
0.011814
0.009429
0.0146072
0.00778916
0.0126039
0.01356
0.010505
0.00810631
0.00695278
0.0115983
0.0185854
0.0121631
0.0149134
0.0144982
0.0113367
0.0100538
0.00854938
0.0151575
0.0183684
0.0205291
0.0159148
0.0161791
0.0179057
0.0313518
0.016126
0.029609
0.0163007
0.0319981
0.0224412
0.0147478
0.0178553
0.0159157
0.0231761
0.0204114
0.0212489
0.0290309
0.0308427
0.023128
0.0197031
0.0201862
0.0272197
0.025494
0.028536
0.0275208
0.032238
0.0398385
0.0418555
0.0269348
0.0377162
0.0258711
0.0314314
0.0287387
0.0292952
0.0211081
0.0256257
0.0240273
0.0280951
0.0278443
0.0208297
0.0249404
0.0236802
0.0202016
0.0291401
0.0215295
0.0335371
0.0273173
0.0400013
0.0451848
0.0378383
0.0477948
0.0478478
0.0442943
0.0546288
0.06321
0.0563432
0.0536154
0.0633405
0.0597584
0.0535891
0.0570356
0.0690054
0.0673045
0.0661915
0.0562547
0.0637193
0.0675343
0.0614483
0.0701727
0.0721164
0.0780036
0.0887776
0.0973336
0.0951166
0.0981101
0.0959837
0.102563
0.108807
0.109301
0.10538
0.102869
0.106449
0.100953
0.109209
0.110094
0.100699
0.0990044
0.09304
0.0965149
0.102091
0.10647
0.108674
0.105714
0.11381
0.10633
0.112899
0.12284
0.117243
0.125154
0.109097
0.0991993
0.0958399
0.0838712
0.0961282
0.0879337
0.0900946
0.0768746
0.0862454
0.096828
0.0875895
0.0842292
0.0955824
0.0869947
0.0699819
0.0901036
0.0776154
0.0782992
0.0858541
0.0982318
0.0732557
0.0826134
0.0707794
0.0726948
0.0815298
0.0692907
0.0552006
0.0580681
0.0517531
0.0495119
0.0519818
0.0500737
0.0534846
0.0385219
0.0545457
0.0506146
0.0478264
0.0380936
0.049222
0.0411355
0.0464548
0.0453753
0.0361703
0.0517285
0.0512949
0.0429164
0.0605877
0.0351061
0.0447261
0.0398118
0.0435293
0.0531331
0.0241508
0.042975
0.0288625
0.013083
0.0258912
0.00438958
0.00339064
0.0133738
0.00373378
0.015909
0.0054367
0.0112567
0.000961937
0.00578493
0.0122978
0.000952422
0.000903659
0.0140988
0.00848117
0.0181232
0.0209423
0.0288259
0.0314572
0.0280565
0.0272495
0.0351303
0.0452336
0.0363891
0.0457698
0.0348259
0.0364463
0.034366
0.0291097
0.0261
0.0151231
0.0222346
0.0140684
0.00885408
0.0121376
0.00912658
0.0180044
0.0193234
0.0142549
0.0081983
0.0105875
0.0154855
0.00963437
0.0136023
0.0133236
0.0140122
0.0081989
0.0178017
0.018753
0.0149758
0.026921
0.0152662
0.0117646
0.0227408
0.0134098
0.0262876
0.00652246
0.0226305
0.00759036
0.00939309
0.0122066
0.0122783
0.0183809
0.011368
0.0160175
0.0168452
0.0123558
0.00989258
0.0139537
0.0199095
0.0108719
0.0158333
0.0135634
0.0119397
0.0214529
0.0126291
0.0187173
0.0171844
0.0253441
0.0198952
0.0354423
0.0413977
0.0216227
0.0319202
0.0273108
0.0364128
0.0333701
0.0437495
0.0242014
0.0273537
0.02448
0.0146437
0.0189257
0.010789
0.0152724
0.0127467
0.0158592
0.0153355
0.0199096
0.0184797
0.0143299
0.0176334
0.0222118
0.017873
0.0229266
0.0159434
0.0239759
0.0289252
0.0290869
0.0282806
0.0286151
0.034808
0.0427376
0.023353
0.0457696
0.0385698
0.0403147
0.0415789
0.0346743
0.0400153
0.0424382
0.0384016
0.0450938
0.0368181
0.0378979
0.0387622
0.0402907
0.037059
0.0426335
0.0466138
0.046983
0.0435759
0.0418078
0.041325
0.0458498
0.0393228
0.050315
0.0393381
0.0501953
0.0528213
0.0529741
0.0509138
0.0506906
0.0652557
0.0753415
0.110949
0.162563
0.339387
0.539418
0.639502
0.670129
0.647368
0.543937
0.333171
0.157376
0.105367
0.0873613
0.0701931
0.0672638
0.0651735
0.0671952
0.0623893
0.0668018
0.0692849
0.0634007
0.0679358
0.0614012
0.0679933
0.0681898
0.0673803
0.0663633
0.061694
0.0644895
0.0609512
0.061336
0.0650201
0.0554798
0.0558856
0.0577612
0.0562996
0.0562268
0.0532452
0.0485732
0.0535108
0.0513546
0.0531578
0.0503016
0.0574446
0.051752
0.0583387
0.0530056
0.0525978
0.0545057
0.0607166
0.0577975
0.0595023
0.055369
0.0629221
0.0616151
0.057812
0.0634412
0.0638659
0.0598083
0.062506
0.0619163
0.0697981
0.0639299
0.0651791
0.0679517
0.0625545
0.0630477
0.0671224
0.0596553
0.0618009
0.063999
0.0684225
0.0707262
0.0566147
0.0542479
0.0434045
0.051424
0.0424165
0.0535139
0.0568111
0.0547398
0.0569529
0.0587555
0.0654913
0.0500044
0.0584423
0.0612007
0.0590458
0.054036
0.055033
0.0539022
0.0615357
0.0689194
0.0591249
0.0632929
0.0620536
0.0662159
0.0585819
0.0645264
0.060635
0.0681649
0.0603845
0.0617137
0.0616053
0.0699649
0.0724434
0.0603845
0.070372
0.0646347
0.0682451
0.0716226
0.0663648
0.0607655
0.0549034
0.0707507
0.0670215
0.0815014
0.0856101
0.0642395
0.0760387
0.0865662
0.0839741
0.0792918
0.0881683
0.0707004
0.0880594
0.0801816
0.0824943
0.0917629
0.0834625
0.082736
0.084094
0.075765
0.0774962
0.0799475
0.0868636
0.0763566
0.0782192
0.0868281
0.0857721
0.0862934
0.0775425
0.0683825
0.0771063
0.0699515
0.0756774
0.094502
0.0705018
0.0693883
0.0927451
0.0786226
0.0724052
0.0708634
0.0942977
0.0724667
0.0473179
0.0645766
0.0969973
0.103196
0.0880231
0.0909774
0.0830667
0.113293
0.0911882
0.100537
0.0744908
0.085869
0.0971696
0.09901
0.0940026
0.107377
0.131952
0.118151
0.0997879
0.117861
0.143304
0.113141
0.114289
0.137175
0.150894
0.148214
0.136583
0.123475
0.123659
0.116266
0.124413
0.125133
0.0772139
0.106428
0.0959653
0.118567
0.078737
0.120031
0.103168
0.0998751
0.0803154
0.101066
0.0990238
0.106083
0.0914666
0.108376
0.0976375
0.088848
0.0841009
0.0872988
0.0432909
0.0849733
0.100157
0.109136
0.119166
0.0872347
0.105393
0.0803921
0.0845664
0.0955661
0.0939914
0.0691039
0.0865759
0.0865252
0.0763474
0.0726738
0.096003
0.101078
0.120421
0.118717
0.134694
0.109099
0.119473
0.094127
0.112858
0.101904
0.0648346
0.0807085
0.0472003
0.0560154
0.0675214
0.0775663
0.0669731
0.0543997
0.059227
0.0629404
0.0845035
0.0612014
0.0792274
0.0899506
0.0578561
0.0791932
0.0756444
0.0696601
0.0855272
0.112778
0.116537
0.121856
0.128978
0.13472
0.15431
0.154988
0.182995
0.170392
0.201719
0.224606
0.238997
0.227581
0.213598
0.183508
0.124445
0.0857142
0.0717439
0.0614072
0.0515663
0.0489889
0.037579
0.0598155
0.0550558
0.0416114
0.0451491
0.0646666
0.0641823
0.0533233
0.073524
0.062444
0.0709785
0.045824
0.0473612
0.0510395
0.0528885
0.0482235
0.0653458
0.0627386
0.0645503
0.0504547
0.0599726
0.0521322
0.0680013
0.0589666
0.0640084
0.0558748
0.0662415
0.058833
0.0623847
0.0572294
0.0607945
0.0627504
0.067394
0.067049
0.0600804
0.0590758
0.061832
0.0616559
0.0585473
0.0558882
0.0598494
0.0648835
0.0583968
0.0530291
0.0697414
0.0685258
0.0607927
0.0754188
0.0621039
0.0375849
0.0451603
0.0576995
0.0559067
0.0487204
0.0470003
0.0660815
0.0602934
0.0571017
0.048816
0.0544379
0.0519775
0.0491481
0.0474478
0.0556117
0.0549431
0.0452259
0.0602133
0.0476156
0.0536596
0.0526881
0.0543808
0.0592389
0.0593297
0.0543492
0.0593857
0.0583062
0.0473585
0.0611219
0.0521769
0.0519313
0.0624578
0.0621665
0.0558767
0.0559028
0.0526823
0.0534062
0.0565495
0.0564854
0.066743
0.0666917
0.0685574
0.0686604
0.069444
0.0715196
0.0623835
0.0709963
0.0718191
0.0695315
0.0892194
0.0796092
0.0833574
0.0791116
0.0943363
0.0968416
0.109701
0.109165
0.109917
0.106701
0.103719
0.092133
0.0736771
0.0620863
0.0634336
0.0552168
0.0634599
0.053188
0.0550073
0.0581396
0.0645978
0.0553896
0.0502768
0.0595069
0.0515787
0.0521338
0.0495974
0.0590038
0.0601005
0.0627846
0.0632081
0.0654553
0.0585682
0.0680593
0.0702605
0.0786173
0.0829907
0.0809142
0.0870238
0.0915333
0.0958607
0.101449
0.113866
0.117688
0.132954
0.14876
0.147377
0.15385
0.155151
0.151888
0.148285
0.145585
0.126636
0.126654
0.11141
0.0961507
0.085835
0.0768624
0.0670105
0.0542159
0.0643798
0.0832198
0.0734206
0.070029
0.0847825
0.0850811
0.0842985
0.0742891
0.0839903
0.0710729
0.0754918
0.0827145
0.0891383
0.0936749
0.105401
0.0976679
0.0940928
0.102215
0.116226
0.113244
0.115393
0.126103
0.130311
0.142189
0.14109
0.14257
0.147504
0.164999
0.175284
0.181186
0.184308
0.18786
0.183371
0.173182
0.165244
0.148843
0.140316
0.127185
0.10306
0.102718
0.089327
0.088498
0.088783
0.0824516
0.0939641
0.0966721
0.0821056
0.081389
0.0951244
0.0883242
0.0880491
0.0849605
0.0775661
0.0718045
0.0751723
0.0733222
0.0682768
0.0729279
0.0715772
0.0789475
0.0781256
0.0711938
0.0734709
0.0693674
0.0807066
0.0772188
0.0778872
0.0673591
0.0858244
0.0762234
0.0686837
0.0722146
0.0799484
0.075137
0.0809409
0.0708281
0.0714078
0.0865954
0.0726812
0.077547
0.0772022
0.079197
0.0889012
0.0848298
0.0763054
0.0869117
0.0856167
0.0841491
0.0846875
0.0787551
0.0742427
0.0788084
0.0817209
0.0752826
0.0857231
0.0846792
0.079415
0.0957047
0.076831
0.0832981
0.0802301
0.0825814
0.078221
0.079269
0.0857068
0.08696
0.0800364
0.074659
0.0774192
0.0849579
0.078174
0.0831367
0.0918479
0.0984295
0.101721
0.113588
0.115988
0.113512
0.130588
0.14688
0.145378
0.144204
0.121795
0.133147
0.165092
0.151279
0.168258
0.159833
0.159774
0.169192
0.131202
0.148371
0.129909
0.132408
0.113644
0.111811
0.118299
0.118984
0.121003
0.103174
0.122759
0.122878
0.114599
0.116996
0.118981
0.122464
0.135316
0.151434
0.144354
0.145861
0.140284
0.160325
0.151439
0.156326
0.141116
0.145413
0.141813
0.146369
0.137371
0.147473
0.137829
0.134274
0.119108
0.116931
0.110697
0.102192
0.118735
0.156805
0.102041
0.125568
0.112046
0.0888005
0.116295
0.129696
0.13825
0.176335
0.123895
0.172808
0.146785
0.143673
0.157268
0.16445
0.158312
0.189555
0.168063
0.167787
0.2046
0.171339
0.198591
0.172688
0.202787
0.20245
0.212124
0.208387
0.215336
0.215039
0.214622
0.201177
0.225077
0.237123
0.239162
0.229937
0.217646
0.212133
0.213157
0.215484
0.214757
0.191814
0.188512
0.175174
0.173857
0.153053
0.14031
0.131647
0.110215
0.114554
0.120861
0.113514
0.0751881
0.104152
0.103136
0.0960582
0.125917
0.119356
0.128409
0.0870779
0.0894098
0.106044
0.107082
0.143156
0.12316
0.130584
0.171325
0.132704
0.172211
0.158703
0.159698
0.149457
0.164522
0.202427
0.211834
0.19372
0.20408
0.20266
0.194848
0.197211
0.252809
0.194749
0.239549
0.249867
0.268386
0.285054
0.249536
0.27721
0.266743
0.288314
0.269609
0.288811
0.264521
0.266064
0.274275
0.257428
0.227566
0.226634
0.214441
0.17885
0.186464
0.162783
0.133929
0.130241
0.0914124
0.0734353
0.0657831
0.0544165
0.0749552
0.117619
0.0564392
0.0835464
0.0879135
0.0819485
0.0820403
0.0515115
0.0764988
0.108944
0.0976531
0.0933242
0.104321
0.06494
0.0949472
0.11934
0.068849
0.102508
0.0903373
0.138506
0.0979041
0.0926988
0.098854
0.118933
0.112296
0.0895737
0.0604838
0.0783616
0.111237
0.143801
0.103433
0.0927073
0.163462
0.0425369
0.118572
0.101781
0.153161
0.145859
0.104902
0.132027
0.0878766
0.100637
0.136019
0.124945
0.147342
0.105023
0.108935
0.151166
0.103039
0.116338
0.12322
0.101142
0.11706
0.137276
0.121775
0.11727
0.0999075
0.126214
0.197464
0.11535
0.117915
0.106314
0.096539
0.0775339
0.137259
0.115185
0.0580203
0.105836
0.140483
0.0510903
0.0301372
0.0745444
0.143946
0.104489
0.0386519
0.0721873
0.0648866
0.019106
0.0615226
0.0570435
0.110646
0.052009
0.0693262
0.0322173
0.0425426
0.0799149
0.0958831
0.0683259
0.0661704
0.0714631
0.120809
0.153031
0.082382
0.117906
0.0866355
0.102306
0.0819687
0.0940203
0.0672497
0.103334
0.11269
0.135639
0.173602
0.156004
0.126116
0.109018
0.137649
0.110863
0.143224
0.13177
0.142434
0.136627
0.181473
0.131395
0.133222
0.161211
0.106348
0.100819
0.114781
0.144276
0.10441
0.0920284
0.103607
0.15263
0.106646
0.0514224
0.0810463
0.0772686
0.0536718
0.0883884
0.103847
0.0437522
0.0697445
