0.124438
0.1338
0.130154
0.125388
0.135532
0.131182
0.13293
0.143243
0.137558
0.14919
0.152593
0.158786
0.157975
0.160621
0.162558
0.16649
0.163717
0.167893
0.164998
0.162453
0.161288
0.161518
0.16641
0.175442
0.175074
0.180822
0.185275
0.191943
0.193662
0.19459
0.200538
0.20109
0.197727
0.205658
0.204747
0.210222
0.202916
0.206159
0.197794
0.196884
0.194117
0.183659
0.200009
0.209947
0.206678
0.216192
0.22303
0.228753
0.222248
0.233246
0.230512
0.214905
0.202901
0.201518
0.201268
0.201318
0.215085
0.235048
0.237823
0.229273
0.204517
0.1839
0.156552
0.13181
0.141098
0.130179
0.129206
0.122355
0.115001
0.116736
0.11405
0.112534
0.113353
0.113343
0.111675
0.111972
0.112994
0.113687
0.106867
0.118586
0.110566
0.107263
0.116119
0.118831
0.123155
0.123692
0.129473
0.128328
0.129241
0.134207
0.137146
0.147018
0.147971
0.155222
0.156224
0.167005
0.17877
0.181925
0.200455
0.201606
0.207941
0.202736
0.207807
0.192634
0.181992
0.172009
0.158242
0.161952
0.163867
0.167938
0.169099
0.169364
0.171879
0.174277
0.170461
0.170179
0.162255
0.157094
0.154803
0.158858
0.162228
0.161932
0.161603
0.172535
0.181328
0.179008
0.184414
0.189797
0.194326
0.198289
0.199445
0.199756
0.20389
0.201103
0.200776
0.201517
0.205602
0.208127
0.20619
0.199356
0.18834
0.175946
0.169498
0.166867
0.169338
0.189318
0.180039
0.187419
0.198469
0.201811
0.205174
0.2117
0.220926
0.225897
0.228789
0.230884
0.231913
0.230488
0.232865
0.231409
0.232232
0.235511
0.230577
0.224333
0.206897
0.176619
0.146874
0.126136
0.11514
0.115132
0.110065
0.110273
0.115729
0.110979
0.107416
0.110777
0.114445
0.119288
0.113831
0.112075
0.124955
0.127238
0.126696
0.121056
0.132032
0.128498
0.117142
0.123965
0.121442
0.114616
0.125744
0.121999
0.122037
0.123945
0.13297
0.132866
0.133466
0.129743
0.116196
0.11924
0.102557
0.0984777
0.101359
0.101353
0.106397
0.103442
0.111199
0.116149
0.122571
0.124938
0.133631
0.140533
0.141727
0.147784
0.146204
0.149295
0.152996
0.153346
0.156884
0.162208
0.159576
0.160185
0.156641
0.145477
0.140396
0.135512
0.117263
0.12033
0.123026
0.122065
0.123368
0.128356
0.12812
0.124908
0.144983
0.153195
0.158324
0.163268
0.17338
0.173059
0.176137
0.181689
0.18984
0.19133
0.192955
0.200045
0.199281
0.201526
0.203947
0.211124
0.207766
0.211804
0.210088
0.202293
0.198935
0.191236
0.164844
0.15079
0.144778
0.123485
0.133041
0.132578
0.12025
0.129277
0.141394
0.140554
0.145882
0.153865
0.163289
0.173749
0.170804
0.1688
0.180283
0.189584
0.183171
0.193581
0.196724
0.196618
0.199843
0.195214
0.182074
0.175376
0.158364
0.13867
0.119914
0.107899
0.115766
0.120521
0.101101
0.113759
0.109609
0.133778
0.127244
0.117561
0.123518
0.131502
0.123618
0.124295
0.131424
0.129237
0.126705
0.117764
0.123786
0.123295
0.111571
0.115092
0.119636
0.115643
0.123862
0.12789
0.125809
0.127523
0.130941
0.12558
0.0963106
0.100727
0.100351
0.103671
0.0871071
0.0921311
0.107133
0.108536
0.100415
0.102413
0.0941903
0.0968224
0.108129
0.0949085
0.1014
0.107097
0.124018
0.124131
0.137178
0.129308
0.137218
0.134899
0.139106
0.138561
0.148487
0.151769
0.153449
0.153141
0.150638
0.144464
0.142817
0.116811
0.124227
0.130322
0.109597
0.112673
0.116162
0.108585
0.0885729
0.104306
0.111874
0.101608
0.113169
0.114543
0.114009
0.122545
0.122676
0.117954
0.112143
0.129808
0.124108
0.128335
0.137915
0.146239
0.141087
0.156832
0.153773
0.171823
0.175206
0.172937
0.176829
0.176449
0.181819
0.178209
0.158699
0.132724
0.115254
0.104313
0.0981863
0.119004
0.0958348
0.0893777
0.100038
0.106652
0.103361
0.113878
0.121773
0.112189
0.119843
0.10701
0.123185
0.115136
0.120326
0.10491
0.1124
0.117239
0.115349
0.111362
0.116157
0.119979
0.124216
0.121996
0.121498
0.131431
0.144505
0.152334
0.163674
0.174811
0.175234
0.192454
0.188791
0.177425
0.166114
0.189029
0.162245
0.140257
0.140597
0.150037
0.143626
0.144787
0.152733
0.143343
0.140167
0.156141
0.13938
0.152151
0.162171
0.142636
0.157561
0.147693
0.149534
0.143391
0.138007
0.129412
0.131631
0.145111
0.1292
0.126085
0.131313
0.130153
0.110259
0.111047
0.114754
0.112101
0.121057
0.116207
0.104939
0.110701
0.112515
0.117439
0.129708
0.125474
0.126963
0.128645
0.114741
0.114169
0.122159
0.142804
0.146491
0.134008
0.148312
0.147927
0.143182
0.140746
0.136336
0.162089
0.155686
0.151981
0.15108
0.158616
0.161064
0.160694
0.172982
0.177941
0.178429
0.195195
0.196992
0.212876
0.242123
0.209194
0.204266
0.17614
0.160139
0.165935
0.133716
0.130323
0.141736
0.156109
0.185915
0.2456
0.30126
0.329289
0.357572
0.368638
0.338472
0.298451
0.217999
0.156575
0.125537
0.120036
0.125471
0.113864
0.114807
0.11824
0.139797
0.123513
0.14346
0.132386
0.129669
0.1267
0.129042
0.133007
0.12775
0.140816
0.134383
0.14321
0.152125
0.143916
0.141556
0.124319
0.107826
0.0946935
0.0926646
0.104581
0.0991337
0.116271
0.0935025
0.103181
0.1056
0.116866
0.0988864
0.0858752
0.0938977
0.113081
0.101712
0.0976214
0.112767
0.107679
0.114712
0.0982381
0.1062
0.113032
0.103451
0.106195
0.114874
0.113402
0.097363
0.129066
0.112884
0.122229
0.0937158
0.0995693
0.111262
0.0992791
0.0826096
0.112764
0.113312
0.118023
0.0959319
0.104677
0.114395
0.115738
0.123441
0.11215
0.121875
0.125385
0.111287
0.11506
0.0908946
0.125827
0.107864
0.120066
0.11578
0.115049
0.105028
0.121885
0.117237
0.122482
0.105012
0.121219
0.118297
0.117337
0.139474
0.128536
0.134367
0.119608
0.0998571
0.113349
0.10448
0.114431
0.0858106
0.0782512
0.103319
0.0878258
0.0807907
0.0849471
0.0761954
0.0932791
0.0856065
0.0912914
0.0866036
0.102487
0.0779459
0.0824855
0.0948302
0.0700832
0.0649505
0.0940966
0.0812066
0.111394
0.0900482
0.0800523
0.0863624
0.0856041
0.076966
0.081262
0.0616251
0.0545377
0.0770882
0.0624678
0.0623884
0.0736367
0.0741311
0.0834836
0.0818702
0.0954125
0.0894641
0.109153
0.105993
0.106167
0.11309
0.0988044
0.0953949
0.0875911
0.0941352
0.079242
0.0671918
0.0641464
0.0583682
0.0636547
0.0596089
0.0593232
0.0757611
0.0807615
0.0820096
0.0948725
0.096899
0.102915
0.090924
0.0795446
0.0989821
0.101521
0.0911571
0.081012
0.116181
0.0966982
0.0890057
0.118269
0.0946279
0.098253
0.0967758
0.108429
0.131263
0.110192
0.120878
0.105516
0.0825512
0.100541
0.0934293
0.135268
0.089188
0.101023
0.102703
0.128927
0.0876455
0.0970161
0.110211
0.10895
0.100775
0.119998
0.10207
0.123987
0.088443
0.104633
0.0845564
0.101144
0.0796939
0.0923667
0.069194
0.0915081
0.0939753
0.0732575
0.0902307
0.0654613
0.0618356
0.0555513
0.053144
0.0690779
0.0637415
0.0541447
0.0581124
0.0474864
0.0384174
0.0360692
0.0552993
0.0445793
0.0368951
0.058389
0.048285
0.0351722
0.0450651
0.0449822
0.0387874
0.0223603
0.0418304
0.0364514
0.0313477
0.0415641
0.0296867
0.0373141
0.0251553
0.0299336
0.0272538
0.035551
0.0366816
0.0492185
0.0352169
0.0389133
0.0388757
0.033963
0.0569042
0.0481584
0.0371305
0.0420817
0.0501253
0.0475406
0.0532749
0.0616084
0.0512585
0.0446136
0.0536289
0.0442754
0.0498993
0.0550033
0.03835
0.0296274
0.0233635
0.0237018
0.0484446
0.0265837
0.038019
0.0295003
0.0373837
0.0312734
0.0367952
0.0252623
0.0539496
0.0282062
0.0349684
0.0319485
0.0253182
0.0383039
0.0337211
0.0345102
0.0252179
0.0288003
0.038514
0.033869
0.0286174
0.0398933
0.0378462
0.0358644
0.041091
0.0652382
0.046747
0.0431875
0.0686057
0.0714024
0.0907169
0.0679591
0.0798603
0.0448502
0.0710822
0.0888692
0.0684364
0.0678015
0.0783471
0.0881362
0.0860466
0.0765477
0.0636943
0.0806614
0.0693854
0.0789373
0.0802814
0.0939231
0.103588
0.0889015
0.101497
0.127632
0.109954
0.125268
0.108601
0.122149
0.123173
0.121046
0.115465
0.12187
0.10176
0.105721
0.0671123
0.0737636
0.0994912
0.083372
0.0924389
0.0993945
0.0707153
0.0941791
0.0894245
0.086887
0.125393
0.0950395
0.101439
0.104276
0.0966383
0.0991615
0.115147
0.124293
0.0999054
0.104438
0.104879
0.112442
0.152612
0.143241
0.122998
0.130814
0.115321
0.123483
0.133743
0.0842049
0.109003
0.111483
0.0974707
0.0747254
0.0916912
0.0793832
0.0614431
0.0666413
0.0724947
0.0600199
0.0446783
0.0458174
0.0315869
0.0270346
0.0176489
0.0239045
0.0206682
0.0172545
0.0196964
0.0104671
0.0127282
0.0278654
0.0184968
0.0157199
0.0168187
0.0182619
0.0191332
0.0108387
0.0132535
0.0258529
0.0228142
0.0153591
0.0155052
0.0198456
0.0161833
0.0106725
0.00802709
0.014433
0.00524728
0.00889532
0.00746015
0.00619586
0.00725264
0.0116937
0.00884594
0.00918468
0.00783547
0.00192205
0.00749582
0.00400807
0.0124758
0.0103826
0.0149968
0.00867925
0.0164487
0.0174134
0.0117083
0.016847
0.0188052
0.0149962
0.016078
0.00708293
0.0156877
0.00770141
0.0153999
0.0131806
0.0128066
0.0186363
0.0126283
0.0189134
0.0209929
0.0187307
0.0216493
0.025918
0.0194241
0.0239504
0.0219333
0.0218894
0.0186662
0.0153795
0.0170873
0.0130677
0.0242554
0.0226482
0.0299654
0.0147336
0.0200622
0.0142079
0.0224612
0.0211158
0.0262802
0.0172293
0.0221396
0.0214213
0.0261223
0.0275231
0.0283096
0.0217008
0.0278309
0.0240218
0.032612
0.0220244
0.0228086
0.018
0.0152013
0.0166888
0.0216152
0.0172184
0.0133506
0.0203032
0.0202779
0.0149205
0.0222634
0.0178305
0.0191321
0.0232013
0.0264303
0.0313223
0.0211018
0.0318334
0.0237398
0.0385606
0.0295872
0.0351573
0.0334338
0.0389047
0.0480669
0.0323595
0.0438925
0.0365388
0.0399606
0.0390016
0.0402251
0.0357241
0.0397058
0.0435195
0.0418111
0.0479064
0.046324
0.0491286
0.0521391
0.0553106
0.0524741
0.0515337
0.0676905
0.0647485
0.0617964
0.0753647
0.0663394
0.0616453
0.0561693
0.0621634
0.0653781
0.0617672
0.0589995
0.0598354
0.0502936
0.0478265
0.0512929
0.0579527
0.0626122
0.0670947
0.0623276
0.0654635
0.0690616
0.0705463
0.0761007
0.0578292
0.0682895
0.0619359
0.0575848
0.0514164
0.0508538
0.0513847
0.0581924
0.0570369
0.0541533
0.0585223
0.0472277
0.0471684
0.0681858
0.0673089
0.0538637
0.0546475
0.0563558
0.0486545
0.0476052
0.0632447
0.0508085
0.0355999
0.039299
0.0488211
0.0503909
0.0485318
0.0371882
0.0308947
0.0271639
0.042013
0.0346078
0.0377395
0.0386734
0.0450312
0.0475664
0.0347134
0.0355464
0.0274402
0.0339644
0.0222476
0.03974
0.0416497
0.030268
0.044281
0.0378267
0.0332543
0.0435764
0.0105908
0.0407838
0.0323278
0.0183492
0.0333889
0.0256635
0.0325115
0.0222494
0
0.019302
0.0151612
0.0170742
0.017838
0.0107931
0.0138358
0.0136923
0.0179345
0.00952067
0.0173953
0.0039373
0.0101182
0.0112458
0.016671
0.0136091
0.0199196
0.00323427
0.0208756
0.0217462
0.0160004
0.0236485
0.031453
0.0372803
0.0254803
0.0416954
0.031354
0.0190738
0.0256927
0.020203
0.0222171
0.014136
0.0162189
0.018765
0.00526651
0.00547219
0.0131709
0.0176891
0.021765
0.0106978
0.00973875
0.0132032
0.0206505
0.00956518
0.0171599
0.015313
0.0140896
0.00756238
0.0146101
0.0231069
0.00852111
0.0177199
0.0163847
0.00053593
0.0219685
0.0155643
0.0139696
0.00847794
0.0283653
0.00641591
0.0102899
0.0168923
0.0183636
0.0196076
0.0137895
0.012995
0.0175406
0.0175498
0.013347
0.0112008
0.019953
0.0121039
0.0159838
0.0125619
0.0166597
0.0175625
0.0180966
0.0226868
0.0264658
0.0137775
0.0201168
0.0243699
0.0367524
0.0226426
0.029467
0.0316462
0.0263521
0.0206313
0.0400059
0.0211688
0.0179056
0.0170825
0.0182542
0.0181679
0.0108045
0.0189677
0.0123157
0.0120748
0.00568407
0.0139977
0.0142806
0.0124115
0.0177528
0.0161072
0.0140611
0.0213241
0.0145626
0.0208464
0.0175549
0.0222002
0.0224471
0.0223357
0.02242
0.0267644
0.0295007
0.0207083
0.0359286
0.0291805
0.037708
0.0322387
0.0287051
0.0394922
0.0226914
0.0321517
0.0266892
0.0272026
0.028692
0.0277834
0.0220343
0.0236534
0.0285518
0.0317197
0.0303852
0.0311644
0.0316205
0.0334776
0.0278496
0.0347706
0.0325817
0.0321936
0.0372042
0.0332239
0.0376235
0.033734
0.0495675
0.0482632
0.0774895
0.12379
0.275397
0.432929
0.516197
0.538179
0.517929
0.430516
0.268152
0.118809
0.0784939
0.0581878
0.0482126
0.0505362
0.0435716
0.038972
0.0382858
0.0421695
0.042199
0.0403805
0.040376
0.0345905
0.0465104
0.043916
0.0397338
0.0371496
0.0431735
0.0382249
0.0339964
0.0342045
0.0414978
0.0334741
0.0301622
0.0390834
0.0392017
0.0344956
0.0278823
0.0376527
0.0442834
0.0442726
0.0424809
0.0381411
0.0385793
0.0415703
0.0423318
0.0393567
0.0392673
0.0341531
0.0343777
0.0413231
0.0376497
0.0353339
0.042305
0.0394884
0.0372799
0.038945
0.040381
0.0418495
0.0360772
0.0479363
0.0426317
0.0359195
0.041352
0.0409306
0.0409305
0.0375539
0.0467332
0.0388613
0.0375056
0.0454359
0.0451063
0.0410705
0.0424901
0.0407922
0.0322386
0.0323703
0.0356822
0.0327535
0.0387657
0.0369632
0.0348129
0.0471844
0.0477954
0.0374134
0.0430628
0.0407252
0.0267249
0.0343321
0.0323841
0.0335382
0.0400721
0.0461088
0.0344519
0.0401214
0.0439045
0.0427899
0.0373781
0.0324036
0.032563
0.041642
0.0407401
0.0389851
0.0305075
0.0403116
0.04554
0.0352663
0.0503799
0.0540609
0.0500832
0.0409471
0.0431595
0.0453346
0.0276818
0.0428604
0.0497027
0.0465165
0.0485095
0.0426426
0.0524815
0.0634821
0.0622752
0.0533418
0.0515459
0.0476092
0.0586617
0.0491784
0.0465602
0.060648
0.0550012
0.0547736
0.0475133
0.0455975
0.047328
0.0543372
0.0478299
0.0405812
0.0414137
0.0678378
0.0438809
0.0488203
0.0494529
0.0524737
0.051944
0.038648
0.0409354
0.062149
0.0622541
0.0394281
0.0432374
0.0386875
0.0294176
0.0463369
0.0816794
0.0595181
0.0318052
0.0454982
0.0791979
0.0809671
0.0742918
0.0608108
0.0510812
0.0480224
0.0537388
0.0673933
0.0728628
0.0826289
0.0839448
0.0534619
0.0424178
0.0416501
0.0772678
0.0668966
0.0546072
0.076274
0.0955798
0.0762422
0.0682752
0.0760798
0.0990769
0.102113
0.103233
0.0797782
0.0930224
0.0716315
0.0891952
0.102515
0.0529245
0.0517459
0.100328
0.0857933
0.045898
0.0639215
0.0784112
0.0828477
0.0479361
0.0558194
0.0664517
0.0584702
0.0334144
0.0712557
0.0563566
0.0662583
0.0529874
0.0498918
0.0302206
0.0596763
0.0490602
0.0752879
0.0638301
0.0655892
0.065566
0.0251995
0.0458345
0.0512143
0.059406
0.037793
0.0367857
0.0634757
0.0621298
0.0293398
0.0731107
0.0609695
0.0958805
0.0742425
0.0926103
0.0741791
0.0861456
0.0864721
0.0560039
0.0546298
0.048408
0.0534503
0.0191135
0.0179677
0.0236045
0.0531895
0.055101
0.0609288
0.0505906
0.0422663
0.0692284
0.0465554
0.0595208
0.0476677
0.0340417
0.0528878
0.0556148
0.0503995
0.061277
0.0723093
0.0731393
0.0753309
0.0921506
0.0882141
0.0971248
0.0977567
0.113537
0.113343
0.125837
0.139548
0.147646
0.141124
0.139303
0.128543
0.0915366
0.0474038
0.0520481
0.038013
0.0556083
0.0259756
0.0395402
0.0401727
0.0407155
0.0459326
0.0331521
0.0350458
0.0481736
0.0437496
0.0382053
0.0343437
0.0442461
0.050484
0.0298291
0.0216467
0.0234009
0.0446863
0.0393901
0.0269583
0.030327
0.0319675
0.0415006
0.0332923
0.0346947
0.0339856
0.0374306
0.0363698
0.0379425
0.0325394
0.0340518
0.0361125
0.0417036
0.0358908
0.0416133
0.0382781
0.0383563
0.029672
0.0440193
0.0410666
0.0445894
0.0417743
0.0423053
0.049148
0.034786
0.0399056
0.0432245
0.0504674
0.0447881
0.0390386
0.0521601
0.0305984
0.0439962
0.046607
0.0409404
0.032064
0.031098
0.0501743
0.0435272
0.0463624
0.0418588
0.029673
0.0405164
0.0428993
0.0388213
0.0413586
0.0297226
0.038141
0.0377484
0.0346718
0.0413273
0.0297323
0.0408332
0.037929
0.0387344
0.04366
0.0452384
0.0400453
0.0333219
0.0379095
0.0442258
0.0407242
0.0362234
0.0387222
0.0402297
0.032199
0.0386212
0.039437
0.0374214
0.0301569
0.0475076
0.0453043
0.0445545
0.0376882
0.0470133
0.044263
0.0435942
0.0454301
0.0473592
0.0487216
0.0604812
0.0603018
0.0575144
0.0685465
0.067393
0.078562
0.0823976
0.0754624
0.0819219
0.0805589
0.074889
0.0693735
0.0610232
0.0486063
0.0384203
0.0310271
0.0503451
0.0387573
0.038509
0.0380997
0.0446015
0.0308244
0.031209
0.0379922
0.033223
0.0343509
0.0324972
0.037516
0.0389049
0.0315973
0.0407821
0.0406891
0.0413694
0.0451521
0.0439456
0.0535351
0.060489
0.0539734
0.0576414
0.0541876
0.0620266
0.0615743
0.0724733
0.0820517
0.0866455
0.0952591
0.0980538
0.0975041
0.105972
0.0966735
0.0947596
0.101275
0.0857647
0.0809565
0.077756
0.0660691
0.0549891
0.0557556
0.0443635
0.0384983
0.0406293
0.060087
0.0507464
0.0404603
0.048397
0.0587488
0.0597538
0.0466543
0.0581972
0.0496512
0.0521424
0.049035
0.0611032
0.0683433
0.0626251
0.0574392
0.0551463
0.0667696
0.0758888
0.0761352
0.0673464
0.0736474
0.0870649
0.0843059
0.0896932
0.0895971
0.09139
0.103331
0.106095
0.11034
0.120215
0.116997
0.11376
0.11153
0.10413
0.0900424
0.0875319
0.0745296
0.0656251
0.060331
0.0552064
0.0583406
0.0624073
0.0505021
0.059877
0.0577427
0.0496546
0.0482577
0.0610274
0.050671
0.0536966
0.0607017
0.0483571
0.0413897
0.0323951
0.0442789
0.0581524
0.0392642
0.0466054
0.0542788
0.0512452
0.0517413
0.0469897
0.0366028
0.0389752
0.0476144
0.0512181
0.0508709
0.049427
0.0427727
0.0321727
0.0503923
0.0505648
0.0525227
0.0470908
0.0350568
0.0456647
0.0538336
0.0420449
0.0400193
0.0480273
0.0472743
0.0516913
0.0542365
0.0520038
0.0556974
0.0508782
0.0469604
0.0463768
0.0482999
0.0459513
0.0440643
0.0516109
0.047186
0.0484425
0.0504006
0.0475498
0.0643394
0.0473718
0.0593558
0.0650224
0.0609564
0.073229
0.0677783
0.0709601
0.0797966
0.0721736
0.0779152
0.0743256
0.0807434
0.079689
0.0745219
0.0661329
0.0710855
0.0848902
0.0928015
0.0938767
0.0848375
0.0854921
0.0969278
0.0901533
0.0953354
0.0618037
0.0882014
0.100155
0.106495
0.105038
0.102085
0.109602
0.0968831
0.0925976
0.0883628
0.0957386
0.0973634
0.0684766
0.0803181
0.0770102
0.0789168
0.0848771
0.0815094
0.0820066
0.0944539
0.0821174
0.0896485
0.0900527
0.114164
0.104942
0.107323
0.099077
0.102737
0.102805
0.114837
0.125632
0.117331
0.103003
0.104695
0.102465
0.0912115
0.0954553
0.101537
0.0983663
0.0997465
0.0711443
0.0852255
0.0693382
0.062839
0.0768826
0.102368
0.0773082
0.0831262
0.091086
0.065027
0.054582
0.0944264
0.0971021
0.155061
0.0991282
0.105189
0.100221
0.108407
0.118683
0.117611
0.110431
0.122964
0.107262
0.113141
0.161712
0.11616
0.142527
0.110557
0.132558
0.142437
0.13484
0.150218
0.14157
0.156227
0.157305
0.154999
0.157227
0.166018
0.152478
0.161121
0.14669
0.147265
0.134115
0.131821
0.151177
0.136332
0.123165
0.132393
0.135014
0.112108
0.0976506
0.0659301
0.0565844
0.0685307
0.0910015
0.0879243
0.0630246
0.0587386
0.0710152
0.0630864
0.093218
0.0947233
0.0565027
0.0550023
0.100601
0.0556857
0.0580823
0.1027
0.0761949
0.073717
0.105192
0.085617
0.128362
0.127637
0.118952
0.117576
0.130804
0.0956898
0.0875109
0.12535
0.150049
0.131428
0.131705
0.166715
0.165478
0.13346
0.162023
0.140677
0.180468
0.183163
0.176487
0.176577
0.17587
0.185138
0.182564
0.176857
0.150256
0.179699
0.182379
0.161941
0.131519
0.138128
0.158421
0.132653
0.116508
0.137628
0.0890443
0.0894281
0.0565109
0.0600107
0.0839526
0.0567339
0.0511397
0.0545934
0.0473942
0.0680792
0.0763859
0.0605211
0.0946633
0.0675818
0.0732657
0.0766583
0.096365
0.0727703
0.0773872
0.0543276
0.0558239
0.0936637
0.0433019
0.0408438
0.0808756
0.0999708
0.0844895
0.111031
0.109667
0.0988255
0.0648251
0.0487051
0.088708
0.0793209
0.118202
0.0880735
0.0747823
0.0961502
0.098265
0.0399425
0.0337469
0.0983718
0.13777
0.0958625
0.0855903
0.0920882
0.0832463
0.0478429
0.0972366
0.0875109
0.114423
0.0783083
0.0588097
0.13378
0.0829641
0.118182
0.109968
0.0875501
0.0818682
0.101024
0.123998
0.0504561
0.0779584
0.1307
0.121171
0.0680691
0.0836786
0.0897853
0.0863705
0.0592935
0.082434
0.0852975
0.0727203
0.08789
0.106384
0.0084318
0.0701958
0.0560044
0.131447
0.102764
0.0496753
0.0504262
0.044696
0.0595257
0.0829314
0.0953963
0.0229345
0.05048
0.0885025
0.0792743
0.0206146
0.0549804
0.0914479
0.0469849
0.036894
0.0562897
0.075921
0.0958291
0.0568052
0.104023
0.0483071
0.106741
0.0860624
0.0370165
0.0480807
0.0820472
0.132105
0.155916
0.119841
0.140488
0.137641
0.0919241
0.100027
0.0821933
0.119867
0.0963584
0.111235
0.0790096
0.0841257
0.119438
0.0805139
0.139871
0.0979773
0.105741
0.0378892
0.12296
0.0844941
0.063351
0.104995
0.120886
0.11186
0.0694937
0.0739015
0.0664772
0.043497
0.112707
0.0923215
0.0496941
0.071502
