0.184421
0.205696
0.188262
0.198209
0.207388
0.208615
0.208265
0.220214
0.224355
0.231027
0.231622
0.239166
0.244581
0.247291
0.256951
0.262736
0.2677
0.26906
0.274877
0.268305
0.271476
0.267571
0.270219
0.28259
0.289456
0.300964
0.307096
0.315504
0.316588
0.321945
0.331359
0.335822
0.337435
0.344732
0.349568
0.355068
0.355084
0.358674
0.349396
0.344
0.335693
0.32664
0.340253
0.354514
0.36156
0.374722
0.385882
0.39457
0.394582
0.399651
0.391206
0.35177
0.331959
0.329252
0.32965
0.329633
0.351988
0.42007
0.432696
0.419286
0.377408
0.33512
0.280419
0.242878
0.2288
0.212741
0.198176
0.19383
0.188064
0.179021
0.169361
0.165629
0.170608
0.156637
0.153198
0.151905
0.1578
0.156336
0.16179
0.165661
0.16961
0.180161
0.182101
0.179329
0.183863
0.187545
0.188442
0.195968
0.19493
0.207887
0.214471
0.222625
0.232222
0.247577
0.267466
0.291469
0.318309
0.339049
0.358943
0.371805
0.377591
0.371659
0.365108
0.33397
0.301758
0.269766
0.2538
0.248935
0.254949
0.258255
0.264854
0.271104
0.275391
0.276272
0.277128
0.277353
0.272345
0.260277
0.25138
0.264812
0.257961
0.264466
0.271447
0.283662
0.289198
0.297
0.304202
0.306706
0.32028
0.322563
0.327069
0.329976
0.335684
0.330894
0.329895
0.331624
0.346003
0.357094
0.357301
0.343478
0.318611
0.301628
0.288451
0.287263
0.290238
0.301669
0.315805
0.305644
0.329932
0.341962
0.353317
0.363917
0.381764
0.387173
0.399841
0.396645
0.404863
0.405022
0.405434
0.403483
0.407048
0.411642
0.416523
0.40787
0.369019
0.30592
0.243563
0.193714
0.165751
0.159966
0.148488
0.144461
0.140757
0.140015
0.146962
0.146872
0.158324
0.163409
0.16883
0.177576
0.194719
0.200911
0.202664
0.198742
0.203406
0.191763
0.1811
0.182628
0.180192
0.1717
0.177438
0.176657
0.175335
0.179325
0.193438
0.192852
0.19842
0.191503
0.186944
0.181578
0.16858
0.154181
0.158569
0.158928
0.162774
0.159502
0.162282
0.176199
0.187662
0.196708
0.203742
0.209325
0.216051
0.222821
0.22608
0.231787
0.237884
0.238593
0.249381
0.257269
0.25679
0.258989
0.256315
0.242753
0.231513
0.208753
0.203654
0.201499
0.206977
0.209669
0.214134
0.213941
0.223292
0.227792
0.242728
0.256793
0.258434
0.275986
0.272437
0.28913
0.294238
0.303904
0.315116
0.328801
0.331899
0.340007
0.345188
0.351748
0.357223
0.362908
0.367099
0.377869
0.376094
0.385908
0.377437
0.351073
0.300478
0.261918
0.235257
0.211538
0.22282
0.236694
0.220604
0.224318
0.244708
0.237049
0.243724
0.268763
0.275506
0.284507
0.292168
0.29698
0.30462
0.31685
0.311288
0.325289
0.329428
0.327915
0.334881
0.320994
0.305951
0.285896
0.246375
0.212108
0.181268
0.162791
0.173646
0.180032
0.177609
0.204244
0.199041
0.213628
0.213595
0.207452
0.21779
0.228544
0.215965
0.205045
0.212612
0.200262
0.197777
0.181184
0.182082
0.175376
0.177051
0.172374
0.178467
0.173944
0.182559
0.188656
0.187819
0.2015
0.200211
0.189121
0.17293
0.167244
0.175557
0.162816
0.167845
0.161985
0.167672
0.168843
0.168078
0.152127
0.168
0.15925
0.163445
0.157303
0.169881
0.169509
0.186467
0.193729
0.205488
0.205058
0.21219
0.212483
0.218922
0.220039
0.234273
0.23528
0.238382
0.249002
0.245703
0.24716
0.239982
0.220819
0.217936
0.22493
0.209798
0.201556
0.198428
0.182691
0.171139
0.185911
0.182767
0.178474
0.191819
0.190717
0.209016
0.212533
0.205682
0.20175
0.20276
0.217464
0.211714
0.21745
0.22414
0.241505
0.242732
0.255788
0.268138
0.287427
0.295197
0.292228
0.295282
0.301253
0.306521
0.298187
0.266748
0.234114
0.207718
0.18869
0.166415
0.183388
0.16367
0.155046
0.16778
0.160755
0.167375
0.180994
0.181826
0.185782
0.18124
0.17819
0.195133
0.18802
0.178846
0.15912
0.177391
0.171409
0.172847
0.167299
0.17578
0.179627
0.176276
0.185709
0.178444
0.202818
0.231224
0.25372
0.281789
0.295683
0.313609
0.344699
0.345931
0.322633
0.314877
0.304121
0.281865
0.260625
0.258797
0.271907
0.255104
0.271436
0.280003
0.256054
0.246335
0.261251
0.251782
0.245655
0.266089
0.248751
0.249166
0.261061
0.249304
0.238611
0.211716
0.210353
0.198121
0.219803
0.214443
0.215637
0.209957
0.227169
0.210172
0.207971
0.197285
0.209592
0.209378
0.201944
0.213744
0.214372
0.207496
0.20757
0.20612
0.203783
0.204554
0.221536
0.210023
0.223144
0.220395
0.23652
0.23532
0.232058
0.238216
0.233908
0.232315
0.243138
0.243379
0.262627
0.244026
0.252828
0.244683
0.264611
0.26484
0.262464
0.288398
0.301652
0.321809
0.355632
0.381644
0.427028
0.459962
0.423685
0.402754
0.366147
0.310726
0.302634
0.249653
0.223435
0.241325
0.277339
0.311363
0.387799
0.487582
0.527379
0.570034
0.585298
0.547118
0.462583
0.367061
0.264406
0.215869
0.204219
0.205526
0.203285
0.197162
0.195745
0.221082
0.217374
0.218312
0.219735
0.226176
0.214368
0.218713
0.241486
0.220131
0.241186
0.233879
0.24514
0.256223
0.242424
0.235866
0.208676
0.191154
0.163635
0.159685
0.17056
0.181716
0.186024
0.166285
0.165363
0.164991
0.16284
0.14635
0.13686
0.140443
0.157105
0.152958
0.144423
0.150206
0.161626
0.15186
0.155505
0.16926
0.160565
0.179056
0.192102
0.201561
0.188464
0.192676
0.209271
0.192442
0.198399
0.184016
0.181367
0.188096
0.157067
0.165144
0.166207
0.183642
0.186519
0.176244
0.197101
0.215289
0.199891
0.215487
0.212842
0.196796
0.203686
0.192104
0.183104
0.178122
0.164183
0.161315
0.177901
0.178275
0.178485
0.177089
0.187615
0.185881
0.186064
0.170527
0.189649
0.187757
0.195152
0.192951
0.196973
0.198343
0.190271
0.199719
0.185946
0.189862
0.167411
0.168983
0.134457
0.174068
0.160632
0.153569
0.155612
0.15149
0.155328
0.132707
0.140152
0.137517
0.151003
0.133691
0.143109
0.14653
0.14684
0.131448
0.154497
0.136918
0.141565
0.14869
0.136118
0.142049
0.144533
0.124159
0.131375
0.12852
0.103064
0.108292
0.111921
0.110611
0.130197
0.120152
0.123994
0.143716
0.145816
0.15909
0.167421
0.171808
0.186369
0.199766
0.183747
0.197489
0.186262
0.176847
0.153135
0.132735
0.0958945
0.089981
0.0932355
0.0959444
0.0971176
0.103378
0.132986
0.148642
0.162142
0.163078
0.168683
0.167113
0.156398
0.15568
0.151029
0.141509
0.142689
0.181071
0.161714
0.174345
0.193346
0.176845
0.172796
0.184548
0.170804
0.196511
0.190478
0.178246
0.16662
0.149294
0.175171
0.187976
0.20181
0.163961
0.190048
0.178394
0.190201
0.159829
0.173683
0.207332
0.177535
0.182026
0.183524
0.169835
0.178687
0.173425
0.167083
0.156063
0.145086
0.154075
0.157235
0.131711
0.140799
0.155979
0.1151
0.135505
0.116043
0.102869
0.105055
0.0892979
0.0985922
0.0859474
0.0871683
0.0922363
0.0774855
0.0716379
0.0748153
0.072867
0.0732945
0.0589625
0.0703665
0.070176
0.0672623
0.0646903
0.0730905
0.0710362
0.0588274
0.0591326
0.0652746
0.0576634
0.065993
0.048881
0.0496668
0.0500478
0.0456725
0.0575972
0.0636075
0.0490738
0.0739328
0.0681062
0.0641851
0.0680785
0.0619835
0.0841212
0.0799059
0.0673801
0.059131
0.0699733
0.0722482
0.0824193
0.0842321
0.0747892
0.0792292
0.0846468
0.082807
0.0755242
0.0634182
0.056793
0.0504663
0.0424251
0.0411169
0.0606672
0.0458656
0.04804
0.0564861
0.0539417
0.0586918
0.0507813
0.062935
0.0708179
0.0627675
0.0661819
0.0566751
0.0652264
0.0498641
0.0626314
0.0669525
0.0450003
0.0486292
0.0601004
0.0417067
0.0611581
0.0612927
0.0552497
0.0651343
0.0654783
0.103758
0.0909786
0.0888281
0.111405
0.111622
0.122823
0.126983
0.132376
0.10317
0.109137
0.119574
0.119095
0.123211
0.140397
0.152755
0.123615
0.114669
0.130562
0.123692
0.128311
0.133147
0.160748
0.179234
0.172496
0.182023
0.177979
0.216319
0.196688
0.209354
0.223701
0.242272
0.226178
0.253933
0.250073
0.207068
0.187002
0.170377
0.132475
0.136774
0.124
0.155048
0.14638
0.183729
0.157002
0.145241
0.135959
0.177051
0.18052
0.177141
0.18259
0.205061
0.178569
0.176177
0.173947
0.19156
0.166491
0.186166
0.175686
0.173046
0.223015
0.235596
0.229735
0.224063
0.193782
0.224058
0.226177
0.181937
0.183435
0.175702
0.16282
0.157842
0.144257
0.133114
0.107231
0.101896
0.0889138
0.0832847
0.0564009
0.0569154
0.0449807
0.0400919
0.0214858
0.0239978
0.0190824
0.0151254
0.0154716
0.0188837
0.0133719
0.0208596
0.0180816
0.0151697
0.0137521
0.013775
0.0220654
0.0148375
0.0225382
0.0291241
0.0218568
0.0222004
0.0174217
0.0147508
0.0112993
0.014392
0.00804715
0.0130279
0.00529156
0.00984411
0.000147735
0.00278358
0.0038049
0.00965291
0.0068951
0.00726104
0.00534225
0
0.00426917
0.0080233
0.0120462
0.0151163
0.0200417
0.00984272
0.0200165
0.00990115
0.016138
0.0157943
0.0136489
0.0159251
0.0142949
0.0163611
0.0161095
0.0158057
0.0198145
0.00969101
0.0141259
0.01799
0.0195171
0.0178882
0.0196989
0.0232039
0.0289081
0.032022
0.0288965
0.0332424
0.0267791
0.027481
0.0263835
0.0168065
0.0229027
0.0247828
0.0277627
0.0297232
0.0282497
0.0303878
0.026908
0.0291037
0.026542
0.0244297
0.0295993
0.0299093
0.0290317
0.0376451
0.0378224
0.0485052
0.0339171
0.0311853
0.0431836
0.0338093
0.0418143
0.0282471
0.0296005
0.0310246
0.0286693
0.0295315
0.0378814
0.0364296
0.0310547
0.0289088
0.0251486
0.0301214
0.0331374
0.0250079
0.0374908
0.0351141
0.0414685
0.0465673
0.0488075
0.0550976
0.0507778
0.0605839
0.0579697
0.0631496
0.0602979
0.0630325
0.0688541
0.0656867
0.0653925
0.062897
0.0735757
0.0691804
0.0657656
0.0706437
0.0668735
0.0729011
0.0718405
0.0860084
0.0837558
0.089794
0.0968576
0.1024
0.0944968
0.100964
0.115268
0.109246
0.111132
0.112506
0.115301
0.104304
0.0995665
0.10698
0.111209
0.112062
0.109841
0.111168
0.0926747
0.0958625
0.102776
0.111468
0.11193
0.118149
0.121973
0.113956
0.127958
0.131039
0.13473
0.111536
0.113707
0.111556
0.092163
0.0894028
0.0965298
0.093323
0.0973201
0.0957991
0.100354
0.103129
0.0924533
0.0938964
0.0992004
0.0996615
0.0914145
0.0932236
0.0881539
0.0863091
0.0920461
0.106449
0.0851853
0.0875406
0.0814961
0.0839159
0.0773046
0.0672273
0.0783409
0.068902
0.0609288
0.0609425
0.061486
0.0442231
0.0775905
0.0530624
0.0596288
0.0526855
0.0562287
0.0498742
0.0491758
0.0464833
0.0573443
0.0496789
0.0400912
0.0527032
0.049546
0.0574822
0.0648266
0.0490737
0.0608676
0.0524539
0.0535602
0.0582737
0.035208
0.0332035
0.0228066
0.0190053
0.0278506
0.0191007
0.0164301
0.0189823
0.00954128
0.0207292
0.0129708
0.00464288
0.012598
0.014923
0.0141961
0.0137462
0.00467642
0.0185384
0.00722203
0.0199444
0.022645
0.0291109
0.0375881
0.0404325
0.0403405
0.0544105
0.0550334
0.033558
0.0452879
0.0480336
0.0263024
0.04176
0.0356999
0.0442378
0.0300951
0.0218856
0.0243141
0.0136522
0.0154911
0.0180641
0.0197199
0.019429
0.0156646
0.0164121
0.0208037
0.0206261
0.0138892
0.0194515
0.00908753
0.0141234
0.0175101
0.0257981
0.0294414
0.0203571
0.0356207
0.0198565
0.0205438
0.0288969
0.0155836
0.0253651
0.0255933
0.0274451
0.0123089
0.0162306
0.0202367
0.0222358
0.0171119
0.0185685
0.02131
0.019416
0.0158138
0.0190314
0.0230579
0.0195174
0.017648
0.0154603
0.0125561
0.0123118
0.0172335
0.0163344
0.0329685
0.0238993
0.0321066
0.0282668
0.0350461
0.0415409
0.0371186
0.0350649
0.0305865
0.0388729
0.0355539
0.0392029
0.0306525
0.0243869
0.0337287
0.0165421
0.0259655
0.0215489
0.0254495
0.0175828
0.0226851
0.0158543
0.0183917
0.0166564
0.0215067
0.0206634
0.0268877
0.0188257
0.0287059
0.0264829
0.0300064
0.0327189
0.0357392
0.0383684
0.0336761
0.0384645
0.0486408
0.0457112
0.0569819
0.0473486
0.046759
0.0522482
0.0492787
0.0455891
0.0586719
0.0496575
0.0432642
0.0466391
0.0448507
0.0504461
0.0438902
0.045011
0.0498288
0.0532208
0.0496645
0.0489137
0.0506689
0.0460047
0.0500862
0.0507563
0.0474227
0.0477427
0.0563125
0.0591505
0.0579308
0.0635589
0.0611368
0.0783776
0.0882641
0.132642
0.207446
0.421913
0.679702
0.807891
0.846403
0.818437
0.692008
0.422139
0.20593
0.133836
0.0975978
0.0771432
0.0825461
0.0779807
0.0759726
0.0756942
0.0763877
0.0741234
0.0710498
0.0768016
0.0708521
0.0768908
0.081551
0.0702284
0.0725638
0.0716251
0.0724886
0.072967
0.0665852
0.0698954
0.06844
0.0631488
0.0648847
0.0684864
0.0594503
0.0598253
0.0566131
0.0639556
0.0653957
0.0689985
0.0562139
0.058033
0.0622278
0.0612931
0.0590392
0.0654091
0.0604199
0.065593
0.0679516
0.0671299
0.0616903
0.0700892
0.0709153
0.0690208
0.0704826
0.070415
0.0722941
0.0700988
0.0750631
0.067285
0.0663967
0.0729418
0.073962
0.0666392
0.0698525
0.0705723
0.0681564
0.0686039
0.0714812
0.071809
0.0693052
0.0676746
0.0667628
0.0525732
0.0567447
0.0555947
0.0591323
0.0558791
0.0595902
0.0522115
0.0605437
0.0672161
0.0565665
0.0655642
0.0759521
0.0677311
0.0699416
0.0682631
0.0616702
0.0622217
0.0721945
0.0708581
0.0685994
0.0649235
0.0728367
0.0694805
0.0709041
0.0658024
0.0666404
0.0694822
0.0666029
0.0701324
0.0790764
0.0733839
0.0785124
0.0813251
0.0740102
0.0758923
0.0836286
0.0640494
0.0700935
0.0643058
0.0844367
0.0908678
0.0780363
0.0865037
0.0880284
0.0940859
0.0908787
0.099394
0.085937
0.0939524
0.0802652
0.0901697
0.0922204
0.0893217
0.0974438
0.0896879
0.0838342
0.0887463
0.0840581
0.0800857
0.0968874
0.0833624
0.0808512
0.0891027
0.0967611
0.0863459
0.0862398
0.0995065
0.0946215
0.0949667
0.0870573
0.0712725
0.09899
0.0872858
0.0839141
0.0929266
0.0909287
0.0865472
0.0781582
0.119818
0.0960704
0.101965
0.0919218
0.0995527
0.111692
0.116775
0.125068
0.104712
0.111948
0.100075
0.118347
0.111525
0.133303
0.101485
0.107547
0.103468
0.108347
0.127663
0.139002
0.0954155
0.141948
0.160261
0.125139
0.132372
0.15264
0.14973
0.153893
0.134973
0.130795
0.139933
0.1345
0.158132
0.129752
0.12484
0.117876
0.125188
0.118002
0.0985359
0.123062
0.127555
0.108306
0.0823988
0.0976271
0.120648
0.104853
0.100338
0.108728
0.0806935
0.108658
0.0912291
0.0853349
0.0757548
0.0925035
0.0983269
0.098418
0.101347
0.0925217
0.0925525
0.0861441
0.0928887
0.102618
0.0885001
0.0825196
0.0915836
0.0815363
0.10467
0.095155
0.120777
0.117085
0.124203
0.126918
0.152144
0.139591
0.136822
0.13135
0.115688
0.11845
0.0829721
0.0915219
0.0582598
0.0780447
0.0745705
0.0932664
0.0881438
0.0884164
0.0580545
0.0811427
0.0846054
0.0852639
0.0951061
0.0841035
0.0914788
0.105498
0.10021
0.0794834
0.104117
0.117414
0.133628
0.129408
0.145724
0.1557
0.167798
0.169022
0.191368
0.195364
0.222581
0.251154
0.25499
0.24324
0.236278
0.211051
0.142378
0.0934606
0.083964
0.0802678
0.0745512
0.0550424
0.0656053
0.0625379
0.0736541
0.0553185
0.0649319
0.0656001
0.0664787
0.0611835
0.0722439
0.0876743
0.0684148
0.0566458
0.0625537
0.0603353
0.0747151
0.0654413
0.0621398
0.0640173
0.068328
0.0725947
0.0760634
0.0662013
0.0701141
0.0705176
0.0669928
0.0646997
0.0650292
0.0629939
0.0668544
0.0642998
0.0661972
0.0702574
0.0752914
0.0725817
0.0658062
0.0703829
0.0711423
0.0676956
0.0783727
0.0713578
0.0723727
0.0721388
0.0685875
0.0628882
0.0735326
0.0860257
0.0664937
0.0768695
0.0819667
0.0579857
0.0737944
0.0647755
0.0659239
0.0594197
0.0515894
0.0652203
0.068857
0.0627313
0.051393
0.0593207
0.0577108
0.0541337
0.0586171
0.0628146
0.0613589
0.0639945
0.0633145
0.0567416
0.050989
0.0586676
0.0632852
0.063746
0.0655483
0.0710083
0.0657595
0.061332
0.0609681
0.0642182
0.0659203
0.0596843
0.063179
0.0582548
0.0598311
0.0614034
0.0661428
0.0650048
0.0679614
0.0681113
0.0678122
0.0719187
0.0712295
0.0725898
0.0752055
0.0759675
0.0792027
0.0718972
0.0765214
0.0858926
0.0974707
0.0978082
0.099916
0.105048
0.113592
0.11057
0.116785
0.123729
0.121749
0.123176
0.116343
0.0985314
0.0916097
0.0746897
0.0658409
0.0541867
0.0706458
0.05903
0.0612728
0.0616493
0.0663505
0.0527479
0.0561687
0.0591113
0.056181
0.0565884
0.056102
0.0640098
0.0653465
0.0677958
0.0752997
0.073048
0.0720907
0.0751071
0.080906
0.0845582
0.0867035
0.0927634
0.0950009
0.100394
0.104644
0.110785
0.123242
0.133027
0.142574
0.156017
0.164907
0.165611
0.170323
0.172519
0.166495
0.159461
0.13919
0.13402
0.124355
0.113555
0.0923053
0.0894352
0.0868067
0.0722431
0.0928366
0.0868979
0.0757635
0.08224
0.0888113
0.0957726
0.0972969
0.0903673
0.0992005
0.0842076
0.0850359
0.0969312
0.0954808
0.105072
0.107978
0.10795
0.11469
0.118493
0.122601
0.12433
0.125284
0.137353
0.142823
0.151069
0.152984
0.161039
0.168497
0.181808
0.191973
0.198599
0.202683
0.206146
0.2014
0.189819
0.178802
0.162258
0.152174
0.12978
0.116566
0.106953
0.0993959
0.106882
0.0963878
0.095188
0.10524
0.110754
0.100083
0.099014
0.102873
0.100364
0.0918808
0.0947114
0.0703044
0.0784665
0.0787029
0.0779575
0.0692228
0.0715778
0.0803856
0.0862142
0.0755772
0.0864274
0.0738457
0.0874052
0.0799241
0.0768247
0.0816251
0.0783852
0.0882159
0.0785163
0.076688
0.0836594
0.0931488
0.0830697
0.0868429
0.0752441
0.0825584
0.0933002
0.0817085
0.083993
0.0876335
0.0845043
0.0891669
0.0899716
0.0844439
0.0923799
0.0932162
0.0981752
0.0840939
0.0854539
0.083373
0.0860394
0.0785856
0.0910027
0.0880741
0.0912629
0.0968116
0.095991
0.0813864
0.0905843
0.0864004
0.0929312
0.0792486
0.0815477
0.0844306
0.0803635
0.0826247
0.0863213
0.0830577
0.0818606
0.0921348
0.0879355
0.0960835
0.0976066
0.122945
0.13304
0.133111
0.129458
0.140709
0.155029
0.159619
0.150068
0.142336
0.153437
0.196258
0.176695
0.190867
0.186137
0.185739
0.174599
0.161476
0.154755
0.155632
0.170439
0.12777
0.11865
0.113761
0.118774
0.131139
0.120177
0.116659
0.139646
0.119874
0.126355
0.130194
0.147444
0.15309
0.164578
0.153757
0.163137
0.156846
0.172229
0.175424
0.182395
0.166267
0.17914
0.159113
0.162397
0.15322
0.167596
0.151778
0.141203
0.145328
0.151041
0.118589
0.125675
0.120524
0.127115
0.129054
0.141522
0.152918
0.111508
0.130425
0.164823
0.146382
0.169483
0.133463
0.19183
0.176186
0.174046
0.188443
0.195436
0.177362
0.202263
0.187034
0.185306
0.195105
0.205804
0.201009
0.198957
0.213854
0.201058
0.219198
0.22337
0.235122
0.251701
0.241252
0.243272
0.258075
0.268463
0.250212
0.258158
0.260558
0.245946
0.243198
0.232914
0.248224
0.232552
0.218414
0.188989
0.209514
0.164508
0.137188
0.146698
0.0994402
0.15259
0.136505
0.139938
0.0608358
0.121567
0.118
0.116727
0.137247
0.143323
0.125087
0.125505
0.145542
0.111862
0.1248
0.177366
0.166516
0.173957
0.162691
0.144919
0.201463
0.19324
0.194296
0.172641
0.192289
0.2247
0.240722
0.217081
0.252235
0.226818
0.240804
0.260333
0.250764
0.230391
0.260897
0.267927
0.292019
0.301348
0.304383
0.316544
0.312571
0.332418
0.308572
0.316984
0.303932
0.299004
0.314146
0.27069
0.252412
0.260466
0.24216
0.188734
0.212062
0.180841
0.167391
0.157647
0.108381
0.118401
0.0876952
0.0801064
0.0898638
0.107751
0.0845751
0.0982309
0.0994003
0.101096
0.100732
0.121165
0.0825478
0.104685
0.101809
0.112798
0.102613
0.0848709
0.0784249
0.111052
0.102648
0.0976846
0.117327
0.13553
0.140061
0.164891
0.106789
0.0930455
0.101896
0.142053
0.123915
0.118719
0.152144
0.148327
0.124454
0.122383
0.138806
0.074562
0.127935
0.113178
0.119584
0.136245
0.124768
0.143717
0.11201
0.088139
0.134799
0.15711
0.179644
0.145528
0.0916851
0.140458
0.117022
0.135249
0.167043
0.122493
0.122478
0.153852
0.138789
0.106004
0.103359
0.161118
0.200353
0.127625
0.12725
0.121967
0.119934
0.119144
0.141933
0.137744
0.105367
0.129233
0.156915
0.111437
0.0612164
0.117465
0.171031
0.0970585
0.0315353
0.124885
0.11741
0.0698074
0.117431
0.0964017
0.0883132
0.112928
0.0902623
0.0488006
0.0804594
0.110007
0.105133
0.0756131
0.0730932
0.0998417
0.107113
0.142873
0.0910591
0.189936
0.134636
0.114959
0.109023
0.0699607
0.11736
0.113953
0.160789
0.184055
0.136745
0.16771
0.133833
0.135386
0.138761
0.153435
0.170104
0.173826
0.139959
0.154247
0.165643
0.171449
0.164018
0.171041
0.158868
0.132601
0.133842
0.167558
0.107724
0.102908
0.163871
0.173126
0.0923421
0.104299
0.111003
0.0962128
0.0750524
0.0826343
0.0916211
0.0497853
0.0639449
