0.183996
0.187525
0.182566
0.183265
0.189778
0.198466
0.204549
0.208722
0.209161
0.220286
0.225554
0.229837
0.233438
0.237767
0.246671
0.247328
0.251263
0.257397
0.253793
0.25724
0.254892
0.256063
0.258462
0.274218
0.274611
0.282758
0.293405
0.299049
0.305387
0.308473
0.314701
0.32123
0.319804
0.328525
0.331787
0.337227
0.33636
0.340976
0.333449
0.332532
0.320505
0.317783
0.323388
0.343023
0.345784
0.359138
0.369166
0.37503
0.37435
0.383584
0.374274
0.333477
0.313875
0.310761
0.311222
0.312021
0.333836
0.400462
0.414316
0.398875
0.355707
0.317688
0.257281
0.229586
0.219201
0.205451
0.193632
0.184976
0.177305
0.160427
0.163379
0.151741
0.155012
0.145322
0.143617
0.149351
0.151503
0.15168
0.155185
0.157807
0.159993
0.166428
0.174625
0.178846
0.175434
0.175819
0.178839
0.181835
0.183725
0.198322
0.203081
0.211067
0.225667
0.23544
0.255312
0.273878
0.302004
0.319253
0.342962
0.34834
0.357446
0.349924
0.343481
0.315598
0.285185
0.263034
0.242514
0.237608
0.243799
0.248531
0.253195
0.258624
0.264476
0.264766
0.261996
0.261067
0.259183
0.246223
0.244078
0.253946
0.249502
0.253498
0.255567
0.270661
0.280416
0.279973
0.290657
0.296142
0.307614
0.310639
0.313058
0.314197
0.318773
0.313745
0.31215
0.313955
0.3288
0.336706
0.339294
0.327118
0.302768
0.286898
0.269578
0.273706
0.272412
0.290799
0.289664
0.300336
0.318644
0.33289
0.338618
0.351766
0.364743
0.374319
0.379043
0.381533
0.384699
0.38882
0.388271
0.386579
0.389309
0.394789
0.393519
0.382768
0.355825
0.293608
0.229197
0.183772
0.162288
0.149605
0.147227
0.139444
0.140128
0.138328
0.138908
0.142904
0.149622
0.157427
0.163662
0.168229
0.180851
0.194024
0.193726
0.188841
0.193595
0.184876
0.172683
0.175688
0.172025
0.160915
0.169748
0.166218
0.17164
0.174005
0.179956
0.186648
0.181755
0.185405
0.175101
0.173998
0.151605
0.152118
0.152107
0.146227
0.158151
0.143924
0.158248
0.16636
0.18278
0.185083
0.195018
0.201613
0.211005
0.21459
0.217421
0.218005
0.226518
0.230518
0.236134
0.242164
0.243779
0.243725
0.243706
0.234119
0.220363
0.2058
0.19442
0.188876
0.199442
0.191918
0.201299
0.201862
0.207796
0.217231
0.228638
0.242092
0.248455
0.260145
0.266834
0.277317
0.287722
0.297287
0.301822
0.312036
0.319192
0.323341
0.330001
0.338948
0.344245
0.348181
0.351326
0.358972
0.361088
0.367573
0.351875
0.336586
0.281086
0.240872
0.225471
0.216576
0.217473
0.223223
0.208715
0.219941
0.223943
0.224045
0.238269
0.259937
0.266451
0.277791
0.277689
0.278509
0.291855
0.301087
0.297201
0.309337
0.315271
0.315747
0.321159
0.307611
0.29506
0.273082
0.237645
0.200939
0.172583
0.157861
0.156393
0.172042
0.168627
0.189468
0.180967
0.19874
0.204831
0.202367
0.212408
0.218259
0.215799
0.202658
0.209922
0.19707
0.188617
0.180672
0.176485
0.172324
0.16882
0.164062
0.174099
0.168778
0.180246
0.180323
0.178685
0.185025
0.19333
0.178032
0.16657
0.171998
0.161604
0.161376
0.163009
0.155898
0.165928
0.154072
0.163693
0.150777
0.162604
0.145954
0.159876
0.160474
0.146615
0.15871
0.172973
0.176822
0.19004
0.190469
0.207456
0.210608
0.209234
0.211374
0.22339
0.228069
0.226885
0.236039
0.236163
0.231323
0.236123
0.203478
0.205829
0.216157
0.193251
0.185116
0.19877
0.169312
0.156964
0.176501
0.16639
0.185269
0.188323
0.189574
0.182079
0.190959
0.208405
0.195417
0.193327
0.203552
0.197789
0.214624
0.213565
0.225091
0.230916
0.247852
0.261614
0.27235
0.285943
0.285998
0.285532
0.286646
0.299471
0.279553
0.264184
0.227563
0.194098
0.182139
0.146795
0.172855
0.161492
0.137474
0.165854
0.160952
0.166891
0.163989
0.180573
0.166109
0.184853
0.167134
0.176626
0.162442
0.174738
0.161988
0.166285
0.156504
0.168226
0.157526
0.167488
0.168951
0.171833
0.181909
0.179481
0.193243
0.213179
0.233845
0.27255
0.291566
0.293903
0.327796
0.334865
0.31139
0.304162
0.290791
0.26829
0.255269
0.248489
0.249733
0.23965
0.259467
0.265004
0.23607
0.241224
0.247087
0.245628
0.237883
0.239552
0.239315
0.244432
0.237304
0.239448
0.224822
0.198491
0.190159
0.199448
0.208321
0.198843
0.202825
0.205199
0.218737
0.208485
0.197571
0.182303
0.206886
0.212092
0.214974
0.18681
0.201659
0.19634
0.204312
0.194134
0.182358
0.204251
0.223291
0.208934
0.196751
0.199783
0.23185
0.213467
0.212133
0.217568
0.226299
0.220468
0.217262
0.219611
0.253983
0.234679
0.249044
0.233586
0.247323
0.254327
0.255996
0.265564
0.291967
0.311139
0.338261
0.35529
0.412641
0.421895
0.414588
0.38873
0.363068
0.297259
0.291648
0.237254
0.198695
0.211964
0.249306
0.300702
0.364277
0.441327
0.475464
0.520263
0.521233
0.500568
0.418656
0.320014
0.258678
0.203258
0.186027
0.194416
0.191444
0.192569
0.19337
0.21656
0.202079
0.209837
0.209595
0.201892
0.207918
0.213179
0.217334
0.219254
0.225201
0.220758
0.23628
0.251645
0.236882
0.221073
0.202657
0.179626
0.159101
0.145503
0.154585
0.150074
0.168621
0.160317
0.143162
0.150081
0.136851
0.129263
0.136116
0.131555
0.143204
0.141366
0.140539
0.139132
0.14335
0.155955
0.145913
0.157735
0.164402
0.159782
0.171535
0.189275
0.179778
0.185499
0.207811
0.197939
0.177592
0.165752
0.163052
0.162067
0.163364
0.166126
0.172596
0.167529
0.184452
0.160386
0.180431
0.195822
0.183146
0.207162
0.198437
0.209281
0.206642
0.188854
0.169989
0.169306
0.166766
0.159192
0.195076
0.176247
0.175671
0.164751
0.177086
0.194719
0.179471
0.166479
0.204025
0.182419
0.190339
0.189641
0.184375
0.198346
0.188059
0.182005
0.170712
0.174473
0.172105
0.169025
0.143922
0.152213
0.147112
0.14292
0.140269
0.140351
0.14201
0.132473
0.138865
0.146371
0.146299
0.114887
0.131386
0.139834
0.116531
0.120586
0.136985
0.128243
0.143245
0.136991
0.129072
0.127542
0.133114
0.121874
0.112538
0.108387
0.104652
0.10387
0.100647
0.106499
0.128305
0.113183
0.124796
0.131614
0.143293
0.148209
0.169692
0.161657
0.178947
0.189805
0.166148
0.182434
0.172142
0.162595
0.131564
0.108617
0.0802645
0.0768379
0.0835243
0.0740914
0.0791465
0.098412
0.117995
0.140964
0.160998
0.143769
0.15497
0.165226
0.12893
0.142766
0.1379
0.143883
0.141774
0.152638
0.15234
0.157106
0.178506
0.163877
0.187232
0.169722
0.167173
0.18965
0.173155
0.167905
0.155021
0.159052
0.14316
0.164546
0.186925
0.148984
0.170623
0.157294
0.162057
0.159588
0.163693
0.189358
0.189101
0.161311
0.173906
0.169021
0.16941
0.156709
0.157963
0.147372
0.139531
0.128304
0.154192
0.121049
0.151308
0.134558
0.116629
0.124133
0.104844
0.0970937
0.0830502
0.086775
0.0837165
0.078793
0.0673221
0.0901038
0.0631933
0.0736258
0.0691179
0.0691551
0.0594654
0.0652077
0.0667075
0.0747928
0.0540158
0.0641786
0.0658948
0.0607498
0.0484735
0.0585418
0.0483726
0.0601568
0.057328
0.043146
0.0548306
0.0493926
0.0527913
0.0427155
0.0603666
0.0560033
0.0670373
0.0505287
0.0568004
0.0679807
0.0626995
0.0779714
0.073973
0.0600573
0.0631283
0.0627999
0.0769613
0.0746663
0.0884133
0.0702619
0.0612879
0.0730221
0.0718895
0.0687606
0.062042
0.0657742
0.0517143
0.0447576
0.0443928
0.0552447
0.037583
0.0492502
0.0511233
0.0504797
0.0509904
0.0374326
0.0524304
0.0613477
0.0480834
0.0583434
0.0628056
0.0504495
0.0443788
0.0641527
0.0489692
0.0454636
0.0411754
0.0674899
0.0351163
0.0525134
0.0628046
0.0548475
0.0594985
0.0587775
0.102523
0.0905973
0.0934234
0.102406
0.104391
0.106645
0.11297
0.12752
0.107958
0.102743
0.123306
0.121311
0.118716
0.132005
0.133725
0.119563
0.11628
0.124473
0.130065
0.120928
0.144115
0.140716
0.170587
0.171238
0.146392
0.181996
0.187859
0.20063
0.211599
0.226166
0.223138
0.225
0.230516
0.230364
0.195365
0.179346
0.15918
0.122411
0.126151
0.142811
0.138255
0.125962
0.144021
0.143196
0.161221
0.140154
0.152342
0.186359
0.148326
0.181478
0.190455
0.175333
0.1779
0.177002
0.180714
0.159203
0.174075
0.170988
0.154626
0.214368
0.208285
0.232866
0.218034
0.21421
0.211944
0.208463
0.164314
0.161462
0.166851
0.16363
0.137801
0.145843
0.126213
0.0898456
0.0966669
0.0877794
0.083941
0.054708
0.05435
0.0470362
0.0392858
0.0197983
0.0224715
0.0164335
0.0131999
0.0155707
0.0172699
0.00956182
0.019269
0.0156481
0.0129529
0.016377
0.0156581
0.0174021
0.015921
0.0172146
0.0247073
0.032096
0.0294919
0.0250166
0.0212871
0.0108373
0.0120233
0.000275518
0.0114208
0.00696277
0.00527088
0.00618658
0.00340351
0.00351125
0.0127432
0.00549979
0.00157902
0.00714751
0.00347623
0.0056071
0.00927002
0.0094225
0.0165903
0.0172213
0.0160915
0.0185033
0.0197295
0.0122952
0.0101365
0.00997232
0.0111467
0.0164203
0.0127892
0.0143183
0.0168638
0.0146194
0.0102366
0.0200229
0.0193298
0.0165359
0.0160174
0.0238117
0.0195628
0.0230519
0.0265324
0.0253614
0.0305334
0.029104
0.0251283
0.0214897
0.0200543
0.0218162
0.0211145
0.0277025
0.0251417
0.0314351
0.0304509
0.033096
0.0184951
0.0263949
0.0232711
0.028765
0.0284003
0.0270934
0.0317616
0.0345027
0.0394315
0.0378706
0.0244583
0.0374633
0.0281953
0.0317242
0.0236377
0.028217
0.0295409
0.0255346
0.0292547
0.0308205
0.0294812
0.023074
0.0310654
0.0243363
0.033234
0.0363433
0.0291068
0.0350587
0.0290042
0.0445571
0.0459146
0.0446997
0.0487887
0.047994
0.0546894
0.0530575
0.0664164
0.0579301
0.0577465
0.0632522
0.0650407
0.0612106
0.0560842
0.0738714
0.0631213
0.0712317
0.0630584
0.0671371
0.0707928
0.0679504
0.0745745
0.0826535
0.0813774
0.0931586
0.103044
0.0965929
0.0984314
0.1026
0.108886
0.11284
0.112355
0.114734
0.109466
0.102776
0.105344
0.106848
0.104511
0.110796
0.11287
0.101902
0.105462
0.100514
0.109347
0.1052
0.108311
0.110035
0.117709
0.123284
0.123318
0.131286
0.123786
0.101301
0.106782
0.0885046
0.096322
0.0901428
0.0956388
0.0954151
0.0850817
0.10138
0.0994979
0.0847019
0.0936297
0.100619
0.0849298
0.0796308
0.0779399
0.0814878
0.0901286
0.0978944
0.0954512
0.0766975
0.0791641
0.0870482
0.0877425
0.085628
0.0725285
0.0670392
0.0583998
0.0597074
0.0529473
0.0572443
0.0425428
0.0702361
0.0451184
0.0602885
0.044727
0.0476152
0.048169
0.0517
0.0446675
0.0513751
0.0532069
0.0442313
0.056817
0.0501375
0.0458909
0.0625223
0.036103
0.0608707
0.0498353
0.0337868
0.0518669
0.0437031
0.0393904
0.0185559
0.0160199
0.0141014
0.0140773
0.0073455
0.0170998
0.0130238
0.0104804
0.0167484
0.0198609
0.00219756
0.014273
0
0.0117952
0.0145313
0.00908892
0.0143084
0.0248945
0.023909
0.0332817
0.0422356
0.0350121
0.0458621
0.0401564
0.047638
0.0357476
0.0349857
0.0392439
0.0437372
0.0440423
0.0369919
0.0391218
0.0319447
0.0169796
0.0207317
0.0122242
0.00893713
0.0155172
0.0225496
0.0234582
0.00948108
0.0119784
0.0230333
0.0180528
0.0159624
0.0120789
0.0125974
0.0118169
0.0134411
0.0162968
0.0181091
0.0167442
0.0285771
0.0171792
0.00628226
0.023159
0.0161381
0.0315682
0.00895736
0.0222888
0.0134614
0.015364
0.0162957
0.0240913
0.0228727
0.0154857
0.0152399
0.0165625
0.0190948
0.0131595
0.0207117
0.0153541
0.0186442
0.0142305
0.0167944
0.0217467
0.0225747
0.0177355
0.0214483
0.0245955
0.0242949
0.0240943
0.0393303
0.0515431
0.0279949
0.0406591
0.0386573
0.0406742
0.0205892
0.03798
0.0326347
0.0260379
0.0275076
0.0252342
0.0298365
0.0152209
0.0219236
0.0216968
0.0219824
0.0149746
0.0203456
0.0258564
0.0209917
0.0250594
0.0264908
0.0211078
0.0251758
0.0248001
0.0299392
0.0314323
0.0363378
0.0332034
0.0401609
0.0394724
0.0445141
0.0407425
0.0427002
0.0480903
0.0410245
0.0503732
0.0426988
0.0458059
0.0477483
0.0431177
0.0441341
0.0402773
0.0435442
0.0450447
0.0444609
0.0422081
0.042299
0.0471228
0.0529729
0.0480857
0.0456582
0.0453829
0.0509968
0.0458784
0.0461887
0.0486742
0.0504689
0.0557949
0.0553979
0.0558871
0.0550145
0.0756606
0.0821701
0.119979
0.19203
0.387782
0.611694
0.726792
0.756325
0.726506
0.619174
0.374956
0.186848
0.122327
0.100163
0.0761399
0.079095
0.0723082
0.0731459
0.0724521
0.072374
0.0744807
0.0720685
0.0710194
0.0667354
0.0751243
0.0743988
0.0700978
0.0697855
0.0677344
0.0745428
0.0662646
0.0652088
0.0680043
0.0611129
0.0610731
0.0646828
0.0554458
0.0581211
0.057688
0.0531975
0.0623488
0.0652618
0.0549547
0.0649112
0.0632011
0.0643769
0.0635084
0.0643001
0.0556357
0.0573094
0.0598749
0.0640957
0.0629556
0.0642846
0.0639799
0.0607374
0.0642156
0.0687483
0.0718602
0.0688703
0.0688184
0.0670935
0.069464
0.0611622
0.066396
0.0724823
0.0703484
0.0654673
0.0683154
0.0691797
0.062427
0.0700181
0.0603094
0.0691677
0.076351
0.0591744
0.0445969
0.0524726
0.0467798
0.0592507
0.0605693
0.0544929
0.0625072
0.066073
0.0750949
0.0605464
0.0664345
0.0662353
0.0643388
0.0622663
0.0624479
0.0600703
0.0642592
0.0678856
0.0635973
0.0681184
0.0674151
0.0699066
0.0648432
0.0669929
0.0655901
0.0724078
0.062106
0.0690831
0.0645798
0.0658205
0.0778137
0.0653616
0.0784457
0.0750125
0.0726523
0.088781
0.0907223
0.0605176
0.0508388
0.0764845
0.0694604
0.0660001
0.0787941
0.0832488
0.0773317
0.08776
0.0943602
0.0856797
0.0863878
0.0770512
0.098219
0.0881638
0.0828576
0.0873792
0.0923664
0.0827498
0.0817233
0.0762235
0.0843301
0.0881261
0.0973676
0.07813
0.083716
0.0909946
0.0784097
0.083217
0.0748122
0.0747528
0.0852488
0.0809201
0.0674294
0.100806
0.074331
0.0867535
0.0812289
0.0991077
0.0778838
0.0868024
0.0932602
0.0844543
0.0862797
0.0812087
0.116419
0.103746
0.0831322
0.101161
0.0801128
0.082347
0.0832169
0.10445
0.115142
0.102552
0.100255
0.106819
0.079755
0.0936066
0.113831
0.125402
0.0980895
0.107345
0.121783
0.113834
0.123874
0.153195
0.152142
0.14764
0.149275
0.121825
0.122829
0.127685
0.125839
0.123797
0.111462
0.108112
0.107979
0.126442
0.108491
0.130729
0.120436
0.108821
0.100403
0.0890788
0.100763
0.0986473
0.0801807
0.116818
0.0970191
0.101632
0.0789257
0.0934901
0.0494346
0.091478
0.0774285
0.121811
0.0829735
0.0944095
0.0935655
0.0969205
0.0822987
0.0985144
0.095381
0.08715
0.0758179
0.0762335
0.108882
0.0846307
0.0959468
0.100673
0.109666
0.11384
0.132338
0.117331
0.127903
0.11897
0.116535
0.100238
0.0692106
0.0780187
0.0322381
0.0664101
0.0666914
0.0755528
0.0692006
0.0687902
0.0522191
0.0645438
0.0729593
0.0726818
0.0823019
0.0829203
0.077083
0.0835858
0.0912385
0.0922693
0.100808
0.114114
0.124691
0.125738
0.129115
0.145268
0.160603
0.164815
0.174849
0.182938
0.219379
0.231206
0.253911
0.234789
0.232711
0.205288
0.137269
0.0865874
0.0824532
0.0703457
0.0645511
0.0586838
0.0525236
0.0718154
0.0662344
0.0496719
0.0436195
0.0694607
0.0680354
0.0671149
0.0741863
0.0568258
0.0583388
0.0585412
0.0660993
0.0641847
0.0684783
0.0592802
0.0734369
0.0691229
0.0680337
0.0589202
0.0758544
0.0630775
0.0703901
0.0648312
0.0582795
0.0602503
0.068146
0.0633472
0.0693792
0.0641156
0.0736086
0.0677188
0.0735345
0.0660672
0.0622658
0.0680857
0.0743112
0.0672301
0.0674601
0.06653
0.0642598
0.0737261
0.0519968
0.0616137
0.063826
0.0759467
0.0680156
0.0741353
0.0739829
0.0590792
0.0612049
0.0596021
0.063097
0.0541454
0.0534081
0.0695025
0.0596534
0.0617188
0.0499938
0.0514592
0.0684134
0.067012
0.0592096
0.0562643
0.0579281
0.0590846
0.0642839
0.0566375
0.0598295
0.0573353
0.0624396
0.0648722
0.0661838
0.0633594
0.0673204
0.0661612
0.0578347
0.0613118
0.0625086
0.0567468
0.0644031
0.0602125
0.0609901
0.0565758
0.0619554
0.0594377
0.0647204
0.0542437
0.0673529
0.0700491
0.0727292
0.0735397
0.0785405
0.0692691
0.0771329
0.080065
0.0763604
0.0852572
0.0894708
0.0928003
0.0845442
0.090683
0.102817
0.104331
0.107968
0.109908
0.126041
0.115302
0.108533
0.0950357
0.0853987
0.0672953
0.0605139
0.0547807
0.0617271
0.056436
0.0564245
0.0623958
0.0620895
0.0566579
0.049234
0.0603216
0.0593568
0.0574479
0.0568824
0.0592211
0.0641464
0.0657288
0.0740299
0.0679126
0.0687114
0.0705499
0.0748091
0.0792315
0.0835121
0.0821273
0.0930914
0.0974734
0.102895
0.111811
0.119338
0.121698
0.137728
0.156513
0.159059
0.16394
0.168127
0.157432
0.153055
0.149171
0.134169
0.12602
0.114603
0.111499
0.0971927
0.0818484
0.067279
0.0701948
0.0825784
0.0757616
0.0898307
0.0686087
0.0861163
0.0858155
0.0976538
0.0894317
0.0885091
0.0890941
0.0866398
0.0909009
0.0970767
0.105552
0.101741
0.103408
0.108841
0.119779
0.117515
0.119703
0.121732
0.136368
0.141362
0.147946
0.147326
0.152547
0.160973
0.171182
0.18413
0.194746
0.195753
0.199634
0.193722
0.17947
0.174313
0.157353
0.14737
0.125098
0.119161
0.103385
0.0948401
0.0948762
0.0944476
0.0969508
0.103561
0.093932
0.0922306
0.089182
0.100258
0.0921058
0.0969092
0.0861495
0.0773537
0.0827173
0.0741584
0.0742956
0.0771005
0.0705765
0.0811289
0.0824736
0.0752587
0.0756585
0.0797857
0.0715342
0.0737916
0.0904042
0.0784836
0.0779594
0.0862799
0.0791179
0.0747337
0.0859378
0.0893791
0.0834509
0.0777502
0.0715117
0.0812282
0.0870518
0.0779153
0.0780926
0.0788903
0.0872096
0.0863599
0.0851657
0.0842129
0.0927733
0.0947789
0.0849575
0.0880048
0.0845902
0.083092
0.0807193
0.0832009
0.079735
0.0886392
0.0895286
0.090006
0.0878158
0.087079
0.0838589
0.0916664
0.0893031
0.0826676
0.0872828
0.0850681
0.084814
0.0786844
0.0832828
0.0843339
0.0915036
0.0856467
0.0911213
0.0936291
0.0907198
0.104074
0.130787
0.138165
0.12811
0.130389
0.14822
0.138527
0.134084
0.15594
0.150195
0.158176
0.168321
0.183504
0.189406
0.1848
0.164235
0.143897
0.146319
0.152227
0.150094
0.141617
0.11146
0.111734
0.111582
0.122761
0.11467
0.123642
0.133747
0.120006
0.122718
0.130366
0.144264
0.143531
0.161836
0.147804
0.158989
0.156499
0.165328
0.164988
0.171486
0.151026
0.157263
0.149203
0.144132
0.147151
0.127416
0.131678
0.115374
0.132429
0.132569
0.122099
0.110139
0.118381
0.138637
0.143842
0.145837
0.11746
0.129471
0.126776
0.160416
0.141404
0.186273
0.155273
0.170038
0.135799
0.144928
0.154752
0.192434
0.175898
0.188316
0.152571
0.161157
0.190394
0.173494
0.193293
0.191073
0.203355
0.201856
0.207203
0.195514
0.210117
0.21813
0.216689
0.237473
0.244511
0.247538
0.244074
0.235028
0.237299
0.230056
0.217939
0.216216
0.230999
0.206951
0.191033
0.191076
0.189941
0.16506
0.141328
0.115434
0.119839
0.143806
0.135521
0.128695
0.0718023
0.133097
0.107934
0.103743
0.101809
0.113779
0.131236
0.10713
0.135064
0.117347
0.124786
0.174811
0.139
0.146964
0.151215
0.142828
0.177251
0.152557
0.143339
0.166056
0.18709
0.218921
0.200681
0.239179
0.239633
0.212241
0.230385
0.250604
0.263065
0.230952
0.278654
0.247087
0.280782
0.287089
0.263603
0.299457
0.30717
0.316826
0.286938
0.30835
0.267177
0.286378
0.289705
0.256941
0.242937
0.236637
0.216383
0.216304
0.194349
0.160429
0.132785
0.119772
0.122244
0.0970845
0.0919393
0.0997364
0.0889983
0.152155
0.10214
0.0500565
0.0797797
0.105725
0.0884571
0.101423
0.0793294
0.122931
0.103498
0.0926182
0.0858533
0.0688931
0.0851385
0.134285
0.068747
0.102263
0.115509
0.145667
0.0943192
0.130122
0.111169
0.0958974
0.0952192
0.10909
0.0960184
0.0984551
0.143145
0.117638
0.120055
0.0993879
0.169623
0.0451555
0.122764
0.0923542
0.185536
0.154551
0.110645
0.117725
0.106192
0.0565937
0.122686
0.120045
0.113754
0.130563
0.121897
0.16458
0.117346
0.127681
0.134624
0.122917
0.113229
0.128666
0.141326
0.122
0.104738
0.159708
0.153265
0.134646
0.116359
0.122275
0.122237
0.0935375
0.132346
0.101582
0.0791205
0.103276
0.147542
0.0885268
0.0787323
0.101196
0.128695
0.110653
0.0555463
0.0965954
0.0708449
0.0781686
0.11221
0.102217
0.0798097
0.0610334
0.132776
0.0658244
0.0490808
0.0756226
0.146704
0.10563
0.0805403
0.0894623
0.111819
0.118604
0.0965096
0.115885
0.148364
0.0715448
0.106016
0.0991221
0.075731
0.136101
0.122677
0.172742
0.123119
0.165
0.132557
0.141206
0.145451
0.136441
0.167816
0.150684
0.148667
0.143508
0.168255
0.154814
0.135344
0.190501
0.154962
0.149869
0.116336
0.156875
0.101783
0.0893903
0.130543
0.157965
0.0944507
0.108344
0.127206
0.108743
0.0670538
0.0606894
0.0883525
0.0668034
0.0757463
