0.133833
0.144374
0.136966
0.133805
0.146925
0.139387
0.147471
0.160574
0.154936
0.168226
0.171216
0.167202
0.17281
0.176483
0.181829
0.18342
0.186823
0.186101
0.186764
0.182044
0.184266
0.187879
0.184139
0.1939
0.194167
0.208064
0.208137
0.213043
0.21448
0.220825
0.223167
0.230056
0.22596
0.235294
0.236745
0.235482
0.232949
0.237371
0.227885
0.229802
0.214105
0.21524
0.223025
0.233377
0.23783
0.248719
0.253349
0.257804
0.261629
0.26576
0.261085
0.241406
0.227751
0.226265
0.226382
0.226537
0.242816
0.273278
0.272376
0.267981
0.235969
0.213984
0.17731
0.158117
0.15823
0.144418
0.138518
0.136669
0.130538
0.130069
0.126766
0.122868
0.124884
0.117494
0.116131
0.121575
0.12156
0.120676
0.121495
0.121763
0.119989
0.121748
0.132288
0.128152
0.135786
0.133653
0.139308
0.136516
0.138517
0.147689
0.152783
0.158675
0.163919
0.169091
0.180095
0.189481
0.203208
0.209733
0.224673
0.233215
0.23907
0.232346
0.233105
0.216249
0.204092
0.189947
0.178768
0.176666
0.185627
0.183134
0.187883
0.192212
0.194219
0.194108
0.191216
0.188762
0.184332
0.185467
0.174022
0.17308
0.181634
0.184282
0.183567
0.186152
0.199103
0.201411
0.206341
0.209323
0.217553
0.220388
0.223149
0.224638
0.228533
0.226412
0.226007
0.226641
0.232589
0.235118
0.234089
0.229341
0.209704
0.199914
0.193216
0.187112
0.188481
0.203089
0.210583
0.21265
0.216711
0.229732
0.232643
0.24097
0.25417
0.255072
0.260988
0.26582
0.266292
0.265934
0.267271
0.265265
0.268378
0.268605
0.267524
0.259108
0.240532
0.204895
0.162786
0.138509
0.126708
0.122391
0.121317
0.116089
0.1178
0.117084
0.117129
0.115044
0.119732
0.129112
0.126384
0.128478
0.137115
0.139956
0.141647
0.137033
0.137528
0.14216
0.131275
0.13749
0.131097
0.128154
0.134404
0.133113
0.128941
0.13409
0.140944
0.140094
0.144646
0.142689
0.129927
0.127107
0.104388
0.101934
0.114791
0.111246
0.115538
0.114483
0.121333
0.124537
0.137843
0.139169
0.137941
0.147885
0.156342
0.159219
0.163869
0.166221
0.168202
0.168145
0.175776
0.180943
0.179797
0.177715
0.177262
0.162359
0.159359
0.142736
0.128143
0.131236
0.132478
0.135351
0.142577
0.139208
0.151224
0.14833
0.162802
0.171888
0.177905
0.181402
0.180558
0.193134
0.197398
0.203029
0.212226
0.217153
0.219918
0.225289
0.227865
0.231628
0.234042
0.233504
0.239904
0.235052
0.241129
0.242569
0.227158
0.215801
0.193471
0.155141
0.146434
0.152072
0.153104
0.159473
0.14703
0.158762
0.157631
0.161939
0.169078
0.182674
0.177833
0.186312
0.189113
0.197171
0.201701
0.215297
0.204717
0.218447
0.219162
0.222103
0.221542
0.21398
0.206678
0.19614
0.177172
0.152169
0.132404
0.122358
0.119933
0.130945
0.122196
0.125532
0.134558
0.153565
0.140067
0.154538
0.141285
0.160885
0.144507
0.146446
0.142559
0.144786
0.136947
0.134236
0.139376
0.135053
0.127799
0.126503
0.137267
0.132542
0.140371
0.142283
0.137999
0.144485
0.140511
0.131125
0.112142
0.126083
0.107838
0.123825
0.10647
0.101142
0.105001
0.11683
0.11334
0.115678
0.113401
0.1045
0.115676
0.108446
0.116085
0.118689
0.130044
0.131561
0.1561
0.143963
0.154487
0.15103
0.156542
0.15552
0.166231
0.168718
0.173423
0.168186
0.167698
0.167868
0.165849
0.133176
0.136721
0.140891
0.134919
0.125374
0.133109
0.113685
0.104524
0.126571
0.123413
0.127225
0.119906
0.123828
0.135143
0.14827
0.140829
0.13003
0.132985
0.144891
0.134774
0.151206
0.160924
0.164739
0.156565
0.176727
0.187458
0.193079
0.200062
0.199601
0.194689
0.200375
0.203345
0.200151
0.177198
0.162336
0.136762
0.12047
0.104453
0.12205
0.103512
0.104414
0.115604
0.124118
0.115172
0.124294
0.138237
0.123625
0.131009
0.122152
0.131147
0.130789
0.136833
0.117526
0.118882
0.124204
0.127638
0.117314
0.119444
0.124052
0.132215
0.140162
0.135162
0.141061
0.165065
0.17795
0.187707
0.199263
0.203339
0.221017
0.226537
0.211617
0.204602
0.205581
0.179129
0.167023
0.169861
0.169547
0.155393
0.177524
0.178407
0.161629
0.166674
0.177644
0.169687
0.169136
0.177376
0.170461
0.173862
0.16815
0.163433
0.163522
0.156049
0.149304
0.138065
0.160439
0.142603
0.142569
0.145362
0.142126
0.139103
0.131246
0.120598
0.1439
0.144876
0.13593
0.143812
0.129573
0.137231
0.151859
0.14974
0.128563
0.144612
0.145819
0.140217
0.131326
0.123499
0.158998
0.174344
0.151631
0.166876
0.151098
0.159873
0.159327
0.156927
0.173203
0.175682
0.176568
0.180482
0.180549
0.189151
0.182163
0.189215
0.21164
0.213191
0.227361
0.22158
0.262611
0.272445
0.266908
0.258864
0.235809
0.199901
0.197321
0.163549
0.141892
0.153321
0.180568
0.222217
0.271229
0.337284
0.360457
0.40349
0.399256
0.38017
0.331247
0.252647
0.184471
0.131559
0.14388
0.150631
0.143478
0.139586
0.135535
0.140287
0.144697
0.143356
0.160865
0.135692
0.156863
0.149136
0.156433
0.156336
0.157522
0.150313
0.161358
0.18092
0.170127
0.153961
0.14074
0.116011
0.113868
0.105442
0.113581
0.109483
0.13265
0.127968
0.113244
0.123263
0.108133
0.103797
0.105522
0.098867
0.11154
0.113746
0.109971
0.106576
0.105742
0.115161
0.10897
0.12944
0.113242
0.124865
0.121975
0.134962
0.131921
0.127481
0.143581
0.128408
0.127392
0.122504
0.116407
0.122922
0.115057
0.107137
0.122113
0.132526
0.143363
0.104602
0.121556
0.139041
0.12489
0.141541
0.129389
0.138645
0.145076
0.133281
0.129434
0.12229
0.119058
0.123189
0.122451
0.134343
0.134101
0.119107
0.131307
0.127569
0.131308
0.124599
0.146532
0.127977
0.143026
0.137245
0.133944
0.149714
0.109223
0.140576
0.130497
0.125414
0.126811
0.0980028
0.0741952
0.11714
0.0985998
0.108664
0.107082
0.101189
0.121122
0.101494
0.10596
0.114221
0.110482
0.0687855
0.0964623
0.105681
0.0924682
0.0872763
0.110751
0.0922352
0.103449
0.0961597
0.102743
0.0875862
0.112665
0.0921669
0.0884098
0.0861074
0.079537
0.0842751
0.0731034
0.0678959
0.0910998
0.0794042
0.103183
0.0973488
0.0992041
0.105328
0.127472
0.122396
0.114143
0.134219
0.100434
0.125904
0.11146
0.105544
0.0891123
0.0885167
0.0581333
0.0673194
0.0659799
0.0678242
0.0631873
0.0785339
0.0833497
0.0886972
0.0936761
0.107213
0.101459
0.107722
0.0842027
0.107951
0.100449
0.104867
0.0983499
0.10796
0.103855
0.107324
0.117289
0.118622
0.126095
0.106827
0.116437
0.127141
0.135366
0.116361
0.115616
0.0953784
0.108027
0.120113
0.132544
0.111039
0.119338
0.10227
0.126734
0.10958
0.121692
0.129164
0.105262
0.125525
0.1149
0.0988322
0.121176
0.122678
0.122624
0.110532
0.114017
0.100719
0.106381
0.0881863
0.101587
0.105692
0.0688218
0.114818
0.0846774
0.0612502
0.0699865
0.0553687
0.0695181
0.0571402
0.0574546
0.0835075
0.0546021
0.0438894
0.0433834
0.0471297
0.0455222
0.0435448
0.0372036
0.0492487
0.0492206
0.0470834
0.0532625
0.0401864
0.0419011
0.0384492
0.0361745
0.043484
0.0450946
0.0306822
0.0400566
0.0309704
0.0375002
0.0427962
0.0531471
0.0250578
0.0410787
0.0396954
0.0368141
0.0465163
0.0415863
0.0490945
0.0394881
0.0383166
0.0532188
0.053547
0.0519698
0.0475101
0.0594355
0.0498784
0.0544055
0.0563597
0.0526228
0.045572
0.0532717
0.0465928
0.0416174
0.0251995
0.0298148
0.0485408
0.0301884
0.0240292
0.0275108
0.040083
0.0301444
0.0288295
0.0391473
0.0512125
0.0322857
0.0409289
0.0393798
0.041153
0.0340437
0.0468448
0.0412473
0.0376347
0.0267226
0.0481232
0.0328155
0.0365347
0.0403408
0.0420051
0.0480879
0.0529083
0.0732838
0.0753092
0.062711
0.0832335
0.0767098
0.0759743
0.0784248
0.0946029
0.0596513
0.0814318
0.098582
0.0827304
0.0878132
0.0877221
0.0844867
0.0805491
0.0926264
0.0869741
0.0665306
0.0616144
0.105268
0.099323
0.123168
0.11712
0.097364
0.118295
0.143032
0.114
0.140039
0.146067
0.161531
0.148195
0.152229
0.147309
0.151212
0.131915
0.12012
0.0722193
0.0964085
0.0950163
0.114502
0.0827014
0.118857
0.116319
0.0897964
0.105886
0.0954703
0.134983
0.120588
0.120347
0.130792
0.121732
0.127311
0.124158
0.139168
0.109476
0.118174
0.12927
0.105855
0.133039
0.159181
0.154184
0.140465
0.138918
0.149809
0.165751
0.139587
0.118203
0.112837
0.114333
0.0715462
0.0986134
0.0895295
0.0805173
0.075125
0.0696177
0.0696009
0.0357426
0.0467752
0.0318403
0.0221167
0.0151637
0.0177635
0.0196633
0.0113538
0.0151934
0.0102925
0.0168578
0.0138994
0.0160852
0.0125989
0.00730236
0.0107424
0.0162908
0.0134856
0.0107543
0.0255865
0.0223622
0.013231
0.00980479
0.0105515
0.00652613
0.0113777
0.000933828
0.00960787
0.0017111
0.00407267
0.00440111
0.00359635
0.00366906
0.00812998
0.00428225
0.0106295
0.00420211
0
0.00259503
0.00537399
0.00372184
0.00870014
0.00744513
0.00530398
0.0154119
0.0164397
0.00682696
0.0134591
0.00944546
0.00813651
0.0152989
0.00837097
0.0127765
0.00804028
0.0151977
0.0113292
0.0154671
0.0139729
0.0179036
0.0221322
0.0175982
0.013596
0.0247525
0.0298143
0.0204637
0.0269792
0.0136236
0.0267604
0.0192511
0.0132484
0.0130278
0.0168314
0.0195254
0.0203564
0.0220806
0.0240188
0.022898
0.0225161
0.024014
0.0180743
0.0190646
0.0198408
0.0244867
0.0267515
0.0223063
0.0278604
0.0286584
0.0215384
0.033366
0.0188604
0.029297
0.0211708
0.0199774
0.0203984
0.0135302
0.01654
0.020543
0.0232206
0.0161336
0.0158508
0.0184003
0.0166219
0.016961
0.0177513
0.0179103
0.0199184
0.0259117
0.0327572
0.0295705
0.0376746
0.0257419
0.0389846
0.0302854
0.0389085
0.0319536
0.0335728
0.0490039
0.0442687
0.0402529
0.0382765
0.0506557
0.0406819
0.0405622
0.0478123
0.0400753
0.0489149
0.0430472
0.0485537
0.054919
0.0510191
0.0513565
0.0671289
0.0659832
0.0600345
0.0700861
0.0653962
0.0777941
0.0730392
0.0767538
0.0734558
0.0593268
0.0672873
0.0710361
0.0731587
0.0666064
0.0723037
0.0555285
0.0567491
0.0628206
0.0675172
0.0673258
0.0741115
0.0657312
0.0722643
0.0827018
0.0781879
0.0896091
0.0753982
0.0645674
0.0643346
0.061435
0.0630033
0.0576616
0.0636863
0.0707372
0.0509513
0.067896
0.0731312
0.055024
0.0589949
0.0685002
0.0655086
0.0641107
0.064381
0.0635885
0.042388
0.0554305
0.0664027
0.0568541
0.0628967
0.0525739
0.0578395
0.0642798
0.0400654
0.0431655
0.0487786
0.0385384
0.033961
0.038239
0.0380765
0.0422274
0.0407805
0.0434915
0.0388617
0.0328777
0.0292905
0.0377896
0.033883
0.0340834
0.0328004
0.0264769
0.0426572
0.0432304
0.0340213
0.0395624
0.0237601
0.0460219
0.0337015
0.0206335
0.0223514
0.0166247
0.0379255
0.014662
0.0135862
0.0133712
0.0100626
0.00105878
0.0162116
0.00904697
0.0125407
0.00894366
0.00178906
0.00294466
0.00856807
0.00274085
0.00594678
0.0101806
0.0150435
0.00704534
0.017038
0.0174241
0.0208822
0.0246351
0.0287974
0.0317449
0.0373391
0.0547618
0.0341053
0.0235551
0.0218598
0.0208947
0.0271574
0.0274954
0.0271853
0.0134063
0.0202399
0.0153025
0.00264517
0.00940704
0.00946187
0.0144637
0.0143894
0.0117216
0.00826764
0.0180677
0.0144344
0.0119284
0.0169241
0.0211494
2.22259e-05
0.0148379
0.0287876
0.0219486
0.0113102
0.0163777
0.0107813
0.0142513
0.0183302
0.00792334
0.021084
0.00965322
0.0176612
0.0106017
0.011777
0.0182741
0.0137621
0.0186823
0.0104323
0.0148033
0.0153296
0.00743674
0.00867958
0.0101218
0.0146364
0.0128354
0.0181495
0.00861574
0.0173236
0.0152661
0.0150826
0.017517
0.0173755
0.0177958
0.0135066
0.03416
0.0303634
0.0132669
0.0249198
0.0154056
0.0361576
0.0278873
0.0202845
0.0257338
0.017116
0.0132939
0.0141041
0.020565
0.0108634
0.0156108
0.0136376
0.0124104
0.0114112
0.0119456
0.0132212
0.0079816
0.0121458
0.0131316
0.0125825
0.0182903
0.011572
0.0206838
0.0162365
0.0231188
0.0215673
0.0181473
0.0269893
0.0310765
0.0289897
0.0337621
0.0261079
0.0286866
0.0355606
0.0379583
0.0244797
0.0347316
0.0298898
0.0311608
0.0234374
0.0298227
0.0327278
0.0280255
0.0232762
0.0243747
0.031651
0.0304441
0.02802
0.0322604
0.0327941
0.0334527
0.0299615
0.0325201
0.0314829
0.0342072
0.0402415
0.0345077
0.0394627
0.0354718
0.0495274
0.0486527
0.0845853
0.137822
0.295817
0.473751
0.565238
0.58828
0.570696
0.480078
0.294855
0.130795
0.0912476
0.0643796
0.0459791
0.0529183
0.0445914
0.0458008
0.0485755
0.0462653
0.0430139
0.0440427
0.0421098
0.039741
0.0423103
0.0431213
0.0411265
0.0469869
0.0403334
0.0459846
0.0412423
0.0395755
0.0413902
0.033286
0.0346719
0.0406177
0.0378298
0.0387957
0.0390563
0.0405925
0.0399354
0.0400829
0.0458523
0.0420336
0.0367228
0.0421791
0.0452045
0.0373266
0.0439881
0.0367691
0.0409925
0.0364101
0.0430605
0.040335
0.04548
0.0434432
0.0398542
0.0424661
0.0441856
0.0416098
0.0396543
0.0438945
0.043784
0.0383352
0.0415687
0.0456071
0.0420831
0.0435632
0.0454148
0.0460974
0.0401259
0.0437232
0.0421334
0.040526
0.0404642
0.0426711
0.0269229
0.0423883
0.0309229
0.0378197
0.0386277
0.0367177
0.0355858
0.0457238
0.0450828
0.0357782
0.0403595
0.0480019
0.0384339
0.0473036
0.0367715
0.0387754
0.0392097
0.0372209
0.0435818
0.042364
0.0449772
0.0466556
0.0367808
0.0442559
0.0386667
0.0404116
0.0368126
0.0399252
0.0368208
0.0485456
0.036738
0.0350649
0.0420111
0.0527702
0.0525292
0.0649533
0.0557865
0.0442705
0.0253947
0.0396276
0.0489315
0.0635341
0.0553718
0.0540412
0.0517032
0.0689797
0.0688522
0.0610108
0.0633786
0.0533818
0.0644045
0.046821
0.0479657
0.0619647
0.0636548
0.0452038
0.0523455
0.0629269
0.0441125
0.0515901
0.0436909
0.0635347
0.0528525
0.0607093
0.0547092
0.0576444
0.0506877
0.0568718
0.0648
0.0405987
0.0459181
0.0622184
0.0701856
0.0560894
0.0584129
0.0607465
0.0578215
0.0635077
0.0772242
0.0726278
0.0492354
0.0537912
0.0822036
0.0997193
0.0922319
0.0812691
0.069152
0.052757
0.0640196
0.0736379
0.0799065
0.0861559
0.0734248
0.0674177
0.06321
0.0566984
0.0796944
0.112952
0.0606949
0.102131
0.110442
0.0977487
0.0837653
0.102286
0.118717
0.094481
0.10212
0.0943725
0.0972416
0.0728478
0.112888
0.107978
0.0720288
0.0786572
0.0886389
0.0887537
0.0715923
0.0889857
0.0738051
0.0960284
0.0561891
0.0669863
0.0885427
0.0666485
0.0506725
0.0711518
0.0688585
0.0765601
0.0711711
0.0501851
0.0662473
0.0649916
0.0491584
0.0939872
0.071925
0.0682758
0.0895114
0.0523308
0.0525051
0.0717926
0.0839936
0.0409675
0.0775717
0.0548644
0.0831481
0.0628655
0.0819057
0.0942042
0.0969589
0.109151
0.117198
0.108602
0.102693
0.0800032
0.0820047
0.0766264
0.0676246
0.064905
0.0320697
0.0506289
0.0377141
0.0639979
0.0529013
0.0525684
0.0359139
0.0565824
0.0557207
0.045702
0.061774
0.0469807
0.0397477
0.0725768
0.0658514
0.046666
0.0708719
0.0754952
0.072239
0.0763
0.0961469
0.107976
0.110067
0.106313
0.111261
0.135269
0.150618
0.163258
0.166492
0.163702
0.157199
0.134859
0.0834578
0.0666307
0.0577735
0.046952
0.0463804
0.041411
0.0359016
0.0458812
0.0408363
0.0443004
0.033823
0.0278242
0.0484157
0.0439799
0.050929
0.0469414
0.045464
0.0315906
0.0456217
0.0258752
0.0516402
0.0372972
0.055581
0.037784
0.0464347
0.038573
0.0431831
0.0335974
0.0471918
0.0455996
0.0395609
0.0353242
0.0400144
0.0354246
0.0360214
0.0355049
0.0367988
0.0383287
0.0416813
0.0415607
0.0360934
0.042586
0.0469272
0.0480091
0.0469726
0.0386639
0.0444634
0.0390386
0.0376062
0.0358307
0.0529091
0.0427969
0.0544106
0.0560421
0.0509596
0.0315344
0.0514307
0.0333945
0.0441224
0.0266478
0.0329055
0.0578135
0.0352329
0.0312633
0.0364954
0.0387003
0.0438297
0.0391037
0.0471286
0.0395569
0.0402598
0.0396223
0.0381813
0.0351036
0.0374608
0.0335578
0.0374973
0.0400233
0.0382306
0.0474582
0.0474311
0.0415349
0.0385641
0.0429697
0.0413623
0.0331433
0.0393362
0.038293
0.0434473
0.0341957
0.0356107
0.0380984
0.0373451
0.0412651
0.0475196
0.0498543
0.0493375
0.0456648
0.0526269
0.0511748
0.0506651
0.0429795
0.0538897
0.0529991
0.0655052
0.070876
0.0650724
0.0656949
0.0792885
0.0732185
0.0842134
0.0873758
0.0869441
0.0817215
0.0832891
0.0727654
0.0615968
0.0439192
0.0439855
0.0364555
0.0473767
0.0444575
0.0327398
0.0383781
0.0419931
0.0319468
0.0358388
0.0429169
0.0319006
0.0352238
0.036244
0.0388073
0.0460296
0.0389597
0.0446707
0.0454392
0.0457621
0.0478346
0.0516408
0.0543613
0.060699
0.060396
0.0618438
0.0619019
0.0647274
0.0740977
0.0823477
0.0881544
0.10215
0.106975
0.111439
0.107573
0.11654
0.110123
0.107802
0.103645
0.0928259
0.0883806
0.0761355
0.0763814
0.0559562
0.0618899
0.0542843
0.0450746
0.0543173
0.0573787
0.0603407
0.0430813
0.0576609
0.0606918
0.0575674
0.0602628
0.0580847
0.0556621
0.0547256
0.0613864
0.0678484
0.0695169
0.0740073
0.0651669
0.069341
0.0725636
0.086174
0.0773234
0.0812307
0.0859035
0.0970109
0.0996685
0.0948205
0.0950006
0.0996498
0.121673
0.122258
0.13076
0.136117
0.129852
0.123351
0.121702
0.114619
0.100829
0.0952061
0.0822185
0.0728879
0.0686324
0.0608
0.0655008
0.064672
0.0532908
0.0727685
0.0688043
0.0571005
0.0506983
0.0620937
0.0675373
0.0645522
0.0582986
0.0564201
0.0554146
0.0361441
0.0410156
0.045471
0.0367309
0.0512903
0.0481441
0.0521161
0.0427766
0.0602925
0.0575048
0.0446054
0.0580847
0.0518176
0.0454712
0.0625042
0.0527395
0.0536877
0.0555957
0.0533676
0.0551139
0.0580216
0.042648
0.0471785
0.0614625
0.0492414
0.0527359
0.051419
0.0516185
0.0554095
0.0606166
0.0506002
0.0571218
0.0607456
0.0532101
0.0463073
0.0470251
0.0518124
0.051774
0.0538927
0.0497165
0.0585208
0.055428
0.0566737
0.0580964
0.0511965
0.0593814
0.0663928
0.0672912
0.0707667
0.0772129
0.0805199
0.0779866
0.0710928
0.080373
0.0740241
0.0814567
0.0789909
0.0772553
0.0802391
0.0737307
0.0802311
0.094098
0.103037
0.0972138
0.115102
0.103089
0.0983097
0.109314
0.0856161
0.0989232
0.114972
0.116209
0.133076
0.112101
0.110627
0.120335
0.105044
0.101474
0.0929124
0.101338
0.0932864
0.0686972
0.0835321
0.0779176
0.0951992
0.0872519
0.0793016
0.101869
0.0880779
0.0984924
0.0934043
0.106801
0.111589
0.117372
0.124515
0.123401
0.119063
0.125288
0.129495
0.128774
0.10959
0.114397
0.123347
0.107173
0.128892
0.105312
0.0983246
0.120654
0.086637
0.0925866
0.0923633
0.0847044
0.104817
0.131003
0.0974994
0.105852
0.112188
0.0847358
0.102286
0.0953569
0.121375
0.134735
0.0812578
0.118012
0.125101
0.101195
0.13508
0.136391
0.142594
0.127141
0.107508
0.131184
0.166109
0.160176
0.124297
0.142025
0.16139
0.154334
0.154929
0.151642
0.161592
0.174651
0.159739
0.157697
0.183812
0.173686
0.166827
0.167229
0.172889
0.162049
0.155191
0.162221
0.168983
0.150059
0.145721
0.143284
0.150747
0.117213
0.0931354
0.0951945
0.0737231
0.0928476
0.115589
0.106482
0.0583467
0.0830337
0.072507
0.083102
0.062168
0.105722
0.126568
0.104565
0.0829536
0.0875337
0.0861068
0.114023
0.105502
0.116863
0.117304
0.0902728
0.15892
0.13291
0.1563
0.116141
0.142543
0.146853
0.163985
0.16027
0.176441
0.170701
0.183926
0.171479
0.219008
0.15424
0.194493
0.159875
0.216054
0.205323
0.197993
0.20571
0.207695
0.220332
0.197857
0.209323
0.181974
0.202535
0.201437
0.193781
0.149619
0.176835
0.171969
0.131821
0.150401
0.126116
0.118324
0.124298
0.0863277
0.101127
0.0586735
0.0597622
0.0401817
0.0774062
0.0841934
0.0687608
0.0857179
0.10894
0.0982211
0.109319
0.0602008
0.0822854
0.105952
0.0978202
0.0857637
0.080651
0.0931561
0.100655
0.074827
0.0776222
0.104749
0.103811
0.122797
0.100707
0.122873
0.0827493
0.0974605
0.0863972
0.068648
0.0863108
0.119914
0.135024
0.115181
0.101725
0.114494
0.0687819
0.0938714
0.0771578
0.124376
0.123385
0.102998
0.152802
0.0758636
0.0678199
0.123772
0.135804
0.114689
0.102896
0.0732313
0.111596
0.103701
0.141208
0.106885
0.101558
0.0810633
0.121536
0.145951
0.082835
0.0747449
0.133835
0.152144
0.111894
0.103717
0.0921462
0.0844023
0.0887872
0.0880599
0.104918
0.0643281
0.08002
0.0754642
0.0335664
0.067928
0.0889686
0.105805
0.106583
0.0531224
0.113143
0.0586393
0.0649731
0.0980008
0.101777
0.0921773
0.0843415
0.0650787
0.0836211
0.0536744
0.0481078
0.130275
0.101734
0.0827284
0.0583102
0.105371
0.126153
0.0604464
0.135111
0.116859
0.0913496
0.101926
0.0779502
0.0865018
0.110071
0.130962
0.125549
0.114529
0.114412
0.112095
0.108254
0.130379
0.125126
0.142505
0.100984
0.11028
0.119465
0.132919
0.107162
0.13634
0.158541
0.151803
0.121143
0.0846713
0.127735
0.102446
0.0852883
0.0877183
0.110662
0.0945245
0.0869031
0.0885881
0.0852282
0.0857334
0.0842623
0.092599
0.0682328
0.0780818
