0.150897
0.155782
0.150172
0.153297
0.156138
0.157007
0.164789
0.173517
0.175784
0.1845
0.186206
0.189854
0.196023
0.197234
0.198589
0.201246
0.207409
0.203569
0.200841
0.204519
0.205686
0.206717
0.210786
0.218814
0.218919
0.22751
0.238679
0.240344
0.245623
0.246519
0.252661
0.254254
0.25524
0.263024
0.264235
0.267808
0.264089
0.264641
0.261218
0.264125
0.254423
0.256058
0.259744
0.26308
0.271043
0.281875
0.287518
0.29272
0.290239
0.299126
0.293959
0.270758
0.253651
0.251851
0.251527
0.251669
0.270811
0.310131
0.314703
0.303996
0.274691
0.243242
0.206612
0.18013
0.172975
0.169522
0.154226
0.147668
0.145182
0.142631
0.138768
0.131033
0.140224
0.130266
0.131042
0.125503
0.13544
0.125825
0.129929
0.13054
0.139437
0.145802
0.14328
0.143577
0.149298
0.146318
0.148852
0.152656
0.15456
0.164945
0.16691
0.175057
0.183275
0.190853
0.201531
0.214441
0.231397
0.243317
0.257903
0.266105
0.273813
0.270653
0.263314
0.245124
0.229549
0.210639
0.199691
0.195305
0.201229
0.202991
0.21062
0.210706
0.216692
0.214019
0.210916
0.21052
0.208971
0.202711
0.190547
0.202134
0.202902
0.209063
0.207189
0.218281
0.222533
0.225893
0.233214
0.237612
0.24521
0.245693
0.250589
0.25168
0.256215
0.25244
0.251564
0.252479
0.261736
0.267652
0.263105
0.255779
0.236096
0.229523
0.219289
0.222838
0.219755
0.222951
0.230913
0.238979
0.254184
0.257734
0.263048
0.27504
0.287563
0.28904
0.296926
0.299831
0.300446
0.300821
0.304333
0.302072
0.303804
0.307346
0.305764
0.297932
0.270533
0.232104
0.189272
0.157294
0.139703
0.13456
0.131586
0.125082
0.12602
0.125723
0.124239
0.128964
0.132614
0.138072
0.138887
0.140787
0.1574
0.155532
0.152104
0.153561
0.160118
0.153648
0.140841
0.154414
0.146537
0.143389
0.145605
0.144563
0.143481
0.147858
0.157037
0.154856
0.157802
0.151405
0.145162
0.145957
0.119766
0.125633
0.120027
0.125375
0.134809
0.130857
0.136043
0.142162
0.145103
0.157172
0.156029
0.164532
0.173385
0.179685
0.179903
0.183854
0.187581
0.18973
0.197518
0.200069
0.200488
0.198545
0.195319
0.185067
0.176873
0.163178
0.147141
0.147659
0.152317
0.161651
0.157273
0.161705
0.163712
0.16824
0.179043
0.190216
0.199629
0.205332
0.213171
0.218376
0.228385
0.232626
0.240299
0.246092
0.247099
0.254451
0.256876
0.262588
0.26783
0.271242
0.272046
0.278668
0.274353
0.275706
0.269981
0.255531
0.227143
0.191266
0.169897
0.172892
0.167631
0.177642
0.164014
0.170693
0.185863
0.174556
0.189753
0.204352
0.213167
0.217238
0.215333
0.219358
0.231028
0.237795
0.233161
0.247062
0.250695
0.247176
0.252741
0.245617
0.2385
0.218035
0.194564
0.164474
0.147169
0.136986
0.140021
0.145384
0.138677
0.153505
0.140397
0.157146
0.159151
0.17157
0.172526
0.180049
0.16827
0.165844
0.160222
0.165871
0.158133
0.150965
0.155311
0.145816
0.148723
0.133797
0.147303
0.143007
0.150161
0.154944
0.150684
0.157815
0.161168
0.158065
0.144989
0.134477
0.126011
0.124561
0.123274
0.130652
0.128821
0.128162
0.137238
0.12674
0.136924
0.12855
0.127329
0.124122
0.123845
0.132148
0.146316
0.156102
0.169957
0.163528
0.168255
0.165855
0.176006
0.176824
0.182056
0.193329
0.186652
0.191018
0.188852
0.188177
0.174651
0.159644
0.155717
0.178215
0.153656
0.140495
0.153337
0.147837
0.126761
0.137292
0.141269
0.136863
0.152373
0.16032
0.141674
0.15527
0.151033
0.148128
0.148464
0.157363
0.166647
0.17027
0.175141
0.182976
0.185251
0.201839
0.214028
0.213045
0.23143
0.2216
0.227646
0.233407
0.229111
0.219953
0.209439
0.178027
0.159658
0.145456
0.122946
0.136218
0.125184
0.119406
0.132021
0.137921
0.139398
0.14518
0.14449
0.145529
0.150577
0.137107
0.14148
0.151565
0.145354
0.139907
0.141765
0.134217
0.134972
0.138224
0.134434
0.146112
0.147342
0.15277
0.148016
0.160203
0.182043
0.191904
0.215732
0.229001
0.235975
0.25888
0.252597
0.244657
0.230252
0.234306
0.221462
0.185475
0.192344
0.189787
0.183763
0.193064
0.206103
0.196633
0.193519
0.193277
0.197273
0.196011
0.19321
0.187116
0.195185
0.200066
0.193576
0.181027
0.168052
0.15737
0.157332
0.171449
0.168069
0.159443
0.165099
0.180687
0.159557
0.160838
0.154062
0.155516
0.151954
0.155677
0.155111
0.161003
0.137294
0.159212
0.16504
0.14487
0.169362
0.169277
0.15178
0.16247
0.142612
0.190022
0.177194
0.186953
0.182538
0.188591
0.178528
0.189333
0.180519
0.200681
0.187658
0.196733
0.195292
0.203889
0.203748
0.209875
0.218023
0.238086
0.23765
0.27155
0.280278
0.305793
0.320615
0.3141
0.294659
0.286177
0.225063
0.230271
0.182764
0.162927
0.188248
0.207628
0.225311
0.296111
0.374768
0.387852
0.419626
0.422774
0.39643
0.349141
0.259023
0.1964
0.158512
0.156516
0.161044
0.158725
0.161069
0.157938
0.15997
0.157494
0.171688
0.176388
0.170723
0.164101
0.168538
0.183377
0.175363
0.180746
0.17997
0.180479
0.189419
0.182863
0.181863
0.160301
0.146797
0.133516
0.123178
0.135814
0.141075
0.155439
0.135608
0.124605
0.148798
0.132127
0.0999036
0.109161
0.120967
0.127705
0.123516
0.125898
0.133979
0.131351
0.125955
0.11738
0.131807
0.1464
0.133783
0.15209
0.145756
0.157719
0.157315
0.170299
0.140647
0.171171
0.143608
0.124218
0.136228
0.135432
0.141296
0.137102
0.142455
0.14931
0.11754
0.14935
0.158962
0.149685
0.16719
0.157731
0.17273
0.160191
0.138301
0.138178
0.137071
0.126705
0.138713
0.16226
0.142624
0.145109
0.125677
0.139067
0.159549
0.145575
0.132918
0.162119
0.152766
0.153153
0.159849
0.149427
0.153477
0.138105
0.151738
0.150443
0.145749
0.142845
0.132279
0.111725
0.130117
0.115369
0.0984993
0.120058
0.097615
0.127156
0.0949218
0.121293
0.114313
0.132314
0.0921074
0.117925
0.105574
0.085562
0.0918387
0.121342
0.104584
0.106483
0.106433
0.0994707
0.113579
0.122014
0.102172
0.0976359
0.0869356
0.0851122
0.0735
0.0785079
0.0855638
0.102038
0.101857
0.0967764
0.105212
0.115739
0.114691
0.128096
0.129521
0.13812
0.146761
0.117937
0.158442
0.135193
0.133623
0.101113
0.0945902
0.0821752
0.0769717
0.0794752
0.0710468
0.0658607
0.0906172
0.106419
0.103786
0.109414
0.127281
0.132742
0.122434
0.103545
0.135346
0.13571
0.104903
0.106494
0.136965
0.12585
0.133068
0.136596
0.12331
0.141586
0.142632
0.139289
0.142727
0.136477
0.148123
0.122733
0.123474
0.129098
0.129183
0.158973
0.14235
0.134247
0.141935
0.161123
0.128002
0.134024
0.134614
0.14254
0.12416
0.146582
0.12063
0.140558
0.145333
0.131087
0.118397
0.128573
0.112545
0.136538
0.0952107
0.112945
0.103152
0.10133
0.108577
0.0970125
0.0859813
0.0703598
0.0586055
0.0753019
0.0703726
0.0734366
0.0797521
0.0580353
0.056194
0.0519361
0.0607652
0.0534802
0.0487476
0.0527896
0.0616636
0.0508426
0.0569826
0.0540312
0.0582358
0.042275
0.0526121
0.0428552
0.0358042
0.0531541
0.0282729
0.0517482
0.0483353
0.0415239
0.0332792
0.0512314
0.0419313
0.0584553
0.0582182
0.0521345
0.0568243
0.0568884
0.0713481
0.0647297
0.0372786
0.0583682
0.0609323
0.0528385
0.0585391
0.0613764
0.0592362
0.0588858
0.0620609
0.0641063
0.0491931
0.0612185
0.0616333
0.0450358
0.0336412
0.0318681
0.0528855
0.035577
0.0316211
0.0323926
0.0389314
0.0379547
0.0361775
0.0385115
0.0679266
0.0300861
0.0474192
0.0301353
0.0456691
0.0395163
0.0400316
0.0421434
0.0317772
0.0500804
0.049087
0.0277061
0.0379128
0.0475206
0.0476155
0.0474636
0.0491511
0.0761645
0.0866235
0.0585924
0.0945291
0.089237
0.0924056
0.0868563
0.0907173
0.0727997
0.0914907
0.0981645
0.102174
0.0822308
0.110016
0.104211
0.109396
0.102196
0.118218
0.112214
0.112406
0.106514
0.0999745
0.117711
0.12969
0.118697
0.128528
0.181724
0.160111
0.162443
0.156213
0.165031
0.171669
0.158361
0.166428
0.160805
0.15056
0.12264
0.0896851
0.100494
0.102404
0.113881
0.108559
0.136499
0.117784
0.136544
0.112918
0.127585
0.145523
0.130225
0.14971
0.15537
0.144344
0.144412
0.155499
0.140684
0.116474
0.139285
0.130368
0.130899
0.158582
0.193689
0.184861
0.199543
0.159614
0.167831
0.191401
0.157402
0.13429
0.137282
0.141561
0.121511
0.124807
0.0981977
0.0791255
0.080509
0.0771248
0.0635815
0.0333788
0.0424233
0.035042
0.0352015
0.020065
0.0241327
0.0196321
0.0108477
0.0179886
0.0176409
0.0107956
0.0185534
0.0138233
0.0125521
0.014152
0.0169725
0.0235734
0.0213162
0.0217564
0.0194405
0.02023
0.0229977
0.0149519
0.0134425
0.00891458
0.00832424
0.00984049
0.0124512
0.00773363
0.00760005
0.00934899
0.00488538
0.00403044
0.00666429
0.00891316
0.0081056
0.00537639
0.00277088
0.00574425
0.00952289
0.0139147
0.00923481
0.0117548
0.0110113
0.0170372
0.0182257
0.0156497
0.0124929
0.0100341
0.0130175
0.0144459
0.0151781
0.0123894
0.0114811
0.0187232
0.0101894
0.0162431
0.0164924
0.0163328
0.0147308
0.0217227
0.017439
0.0237017
0.0260997
0.0201813
0.0279089
0.0217899
0.0304572
0.0208058
0.0158863
0.023708
0.0173206
0.0247053
0.0244765
0.0279402
0.0240562
0.0251647
0.0234063
0.0241778
0.0207648
0.0279318
0.024469
0.0252589
0.0299368
0.0280677
0.0360838
0.0311882
0.0249033
0.0318416
0.0224482
0.0279724
0.0201877
0.0266285
0.0259619
0.0231592
0.0241784
0.0202666
0.0225493
0.0228674
0.0223524
0.0172713
0.0195797
0.0261595
0.0172829
0.0267153
0.0299288
0.0400641
0.0384322
0.0336689
0.0453623
0.0416378
0.042808
0.0439397
0.047014
0.0424135
0.0474275
0.0575032
0.0518332
0.0560302
0.0473459
0.0548031
0.0519641
0.0538582
0.0524272
0.0514173
0.0538323
0.0545058
0.0590839
0.0668919
0.0620245
0.0756882
0.0843958
0.0723235
0.0737516
0.0819003
0.080038
0.0898454
0.0892828
0.0904595
0.0812173
0.0818653
0.0773747
0.0812698
0.0827646
0.0813872
0.0826353
0.0757994
0.0673007
0.0729483
0.089636
0.0879655
0.0909515
0.083768
0.0861233
0.0874226
0.0933886
0.093765
0.0937141
0.0802812
0.0811449
0.0675452
0.0800311
0.0649896
0.0786072
0.0808262
0.0711459
0.06432
0.0756445
0.066453
0.0754397
0.0796953
0.0735933
0.0713886
0.0703557
0.0686706
0.0744288
0.0716709
0.0808026
0.0752128
0.0627599
0.0598667
0.0745044
0.0559226
0.0568506
0.0664169
0.0543173
0.0487081
0.0427404
0.0481925
0.0407581
0.062126
0.0443402
0.0564837
0.0449165
0.0417403
0.0368644
0.0439005
0.0412521
0.0410123
0.034503
0.0318366
0.0511861
0.0390545
0.0407892
0.050135
0.0252849
0.0574616
0.0458194
0.0391622
0.0391371
0.0265048
0.0368062
0.023106
0.0308835
0.0184135
0.0221152
0.0175062
0.0257215
0.0118523
0.0115251
0.0191339
0.0110722
0
0.0155934
0.0140879
0.00595758
0.0111839
0.0157309
0.00917161
0.0133437
0.019624
0.0251552
0.029911
0.0315513
0.0442998
0.0433845
0.0349035
0.0322194
0.050249
0.0246298
0.0381563
0.0240473
0.0274492
0.0270886
0.0266147
0.0190188
0.0236331
0.0136226
0.0199836
0.0224477
0.0175103
0.0289669
0.0135051
0.0140473
0.0139857
0.0156025
0.0137523
0.0154191
0.0122831
0.0161634
0.0173505
0.0164692
0.0239898
0.0133066
0.0262574
0.0187569
0.00414952
0.0209957
0.0201708
0.0256628
0.0137484
0.0197827
0.0138122
0.0142402
0.0113888
0.0106693
0.0125282
0.0174382
0.0195098
0.0174891
0.0106654
0.0172552
0.0212179
0.0149526
0.0183986
0.019237
0.0168205
0.0219031
0.0252582
0.01814
0.0212841
0.0253673
0.0187142
0.0179149
0.0388489
0.0412398
0.0257009
0.0377634
0.025503
0.0343693
0.0232316
0.0314439
0.0290434
0.0231299
0.0220597
0.0202322
0.0210155
0.0102085
0.018677
0.0157467
0.0166194
0.0157907
0.0217214
0.0138158
0.00989395
0.0233909
0.0198043
0.0175193
0.0239123
0.0181385
0.018867
0.0217349
0.0297371
0.0225267
0.0356498
0.0325977
0.0404111
0.038121
0.0484123
0.0379939
0.0364536
0.0391573
0.0411134
0.0310914
0.0367918
0.029444
0.0334033
0.0339257
0.0332308
0.0318416
0.0323961
0.0291715
0.0371611
0.0385696
0.0356815
0.0376293
0.0346098
0.0366716
0.0418236
0.0388286
0.0415759
0.0359579
0.0389727
0.0425789
0.0447898
0.0430088
0.0405867
0.0655288
0.0673226
0.0966786
0.147474
0.311
0.497333
0.587079
0.611564
0.591866
0.499207
0.301776
0.148811
0.0938916
0.075174
0.060425
0.0644515
0.0547085
0.0563909
0.0576146
0.0530415
0.0578758
0.0501494
0.0538096
0.0505675
0.0548287
0.0545367
0.0532464
0.0558803
0.0505892
0.0549773
0.0529883
0.0494656
0.0548194
0.0511673
0.0443742
0.0492814
0.050261
0.0440153
0.0366102
0.0450376
0.0425282
0.050333
0.0517535
0.0437573
0.0517508
0.0547231
0.0483982
0.0424419
0.0472854
0.0491941
0.0460662
0.0522088
0.0471224
0.0488652
0.0493319
0.0507614
0.046956
0.0531387
0.049788
0.0535884
0.0513378
0.0577617
0.0522776
0.0504965
0.0509014
0.0530715
0.0503724
0.0492335
0.0553532
0.0495801
0.0468701
0.0593942
0.0522345
0.0557217
0.0434097
0.0541275
0.0374252
0.0437238
0.0417095
0.0460437
0.0473008
0.0448984
0.0428632
0.0496579
0.059784
0.045914
0.0453028
0.0534804
0.045469
0.0527376
0.0531646
0.049344
0.0487183
0.0573517
0.047476
0.0534947
0.0508237
0.0597684
0.0523281
0.0501443
0.0436127
0.05576
0.0565577
0.0511707
0.0441521
0.0557235
0.0568661
0.0535296
0.0720051
0.0615368
0.0651114
0.0659926
0.0550166
0.0560621
0.0400154
0.0605356
0.0625053
0.0617775
0.0722928
0.0705794
0.065779
0.0728754
0.0695041
0.069595
0.0714728
0.0499024
0.0814804
0.0500367
0.066343
0.0752299
0.0730812
0.0625999
0.0773039
0.063536
0.0585064
0.0637513
0.0653505
0.0612825
0.0515059
0.0710164
0.0650508
0.0623535
0.067699
0.0647136
0.0610877
0.0689025
0.0501804
0.0922641
0.0717662
0.0582364
0.0772701
0.0635375
0.0549026
0.0552684
0.0759822
0.0753217
0.0487604
0.0618183
0.0849222
0.0875658
0.0747356
0.0674479
0.0693495
0.0708083
0.0785415
0.0896849
0.0673128
0.109047
0.102094
0.0784025
0.0583745
0.0619068
0.104092
0.110963
0.075647
0.104543
0.109938
0.0975168
0.0895659
0.123889
0.124915
0.120887
0.11935
0.110483
0.105694
0.104794
0.104517
0.0962842
0.0776577
0.0895072
0.0878365
0.0866148
0.0680975
0.0933052
0.0740277
0.0932725
0.077047
0.101692
0.0614405
0.0866506
0.0704794
0.0945767
0.0693387
0.0805082
0.0675613
0.0718979
0.0546376
0.0906409
0.0743685
0.0983056
0.0807519
0.0714766
0.0722501
0.0633281
0.0656342
0.0760239
0.0773096
0.0623756
0.082204
0.0810308
0.0765723
0.0635464
0.0929323
0.0873105
0.0984637
0.0884433
0.12971
0.0942482
0.10464
0.0866401
0.0987036
0.0935064
0.0662168
0.0696019
0.0396368
0.0507274
0.0349627
0.07991
0.0689775
0.0715239
0.0444058
0.0620072
0.0814469
0.0699059
0.0696526
0.0615246
0.0648541
0.0651028
0.0744006
0.0550945
0.077266
0.0754239
0.10363
0.0936053
0.106596
0.114063
0.131251
0.123465
0.13614
0.149066
0.172913
0.181498
0.191605
0.184525
0.17246
0.147425
0.105134
0.0625582
0.0509553
0.0650717
0.0547432
0.0386105
0.0377397
0.0595099
0.0280701
0.0200429
0.0266338
0.0464785
0.0614143
0.0481208
0.0677331
0.0535958
0.0477436
0.0608938
0.0311405
0.0371309
0.0538141
0.0627516
0.0503798
0.0472093
0.0379556
0.0479104
0.0564674
0.052717
0.0535873
0.0496366
0.0562973
0.0474574
0.0565193
0.0459862
0.046574
0.0452184
0.0521936
0.0452885
0.047378
0.0485449
0.0440262
0.055698
0.0556792
0.0544261
0.0528639
0.0417697
0.057229
0.058451
0.0452601
0.0485895
0.055485
0.0553091
0.0516372
0.0625616
0.0593246
0.0426915
0.0642696
0.0472649
0.0408767
0.0313318
0.0469561
0.0585034
0.0442631
0.0461947
0.0451711
0.0427686
0.0533715
0.0418919
0.0373234
0.0434095
0.043588
0.0485375
0.0513397
0.0436748
0.0414383
0.0463506
0.0500967
0.048552
0.0488934
0.0528462
0.0520344
0.0465675
0.048056
0.044529
0.0433613
0.0423205
0.0469902
0.0463228
0.0499564
0.0497829
0.0414433
0.0522801
0.0461433
0.0483803
0.0532105
0.0576175
0.0559767
0.0547222
0.0572478
0.0647202
0.0585238
0.0584354
0.0564632
0.056762
0.072244
0.0743827
0.0727959
0.0805919
0.071992
0.0858768
0.0990346
0.0894693
0.0993117
0.0980205
0.0904888
0.0782159
0.0688745
0.0584768
0.0493683
0.0396461
0.0483845
0.0485284
0.0454087
0.0444367
0.0477541
0.0357258
0.0411962
0.0541591
0.0442308
0.0406268
0.0450566
0.0483076
0.0513825
0.0492781
0.0617413
0.0501385
0.0542749
0.0642785
0.0546695
0.0650201
0.0712395
0.0749452
0.0741704
0.0768564
0.0806241
0.0836198
0.0917469
0.0969738
0.1081
0.121724
0.125965
0.131497
0.130709
0.119916
0.120169
0.119586
0.105378
0.103757
0.0887971
0.0856337
0.055595
0.0666106
0.0537652
0.0574441
0.0675275
0.0629672
0.0682853
0.0641041
0.0612397
0.0728132
0.0780787
0.0632375
0.0672164
0.0676715
0.0640397
0.0731161
0.0722478
0.083948
0.0834937
0.0834582
0.0889582
0.0906163
0.100066
0.0933607
0.0927781
0.105205
0.110442
0.105642
0.117405
0.109166
0.124693
0.140358
0.139847
0.149823
0.152219
0.154208
0.146984
0.143494
0.131844
0.117039
0.113457
0.0959713
0.0961111
0.0845179
0.0735068
0.0720219
0.0780976
0.0638446
0.0815203
0.0782839
0.0785142
0.0657556
0.0780784
0.0642837
0.0707951
0.072427
0.0560612
0.059593
0.0692105
0.0638344
0.0521877
0.0590085
0.0636872
0.0775412
0.0725648
0.0401031
0.0559029
0.0630722
0.068188
0.0589618
0.0614857
0.0591315
0.0588442
0.0592876
0.0606786
0.0632873
0.0652735
0.0606649
0.065885
0.0573314
0.0605687
0.0675694
0.0603602
0.0622884
0.0637581
0.0654104
0.0649558
0.065991
0.0683692
0.0631226
0.0701698
0.0639354
0.0669165
0.0638544
0.0578363
0.0681395
0.0708611
0.0640208
0.0606519
0.0606647
0.0736927
0.0857264
0.06658
0.0733962
0.0795372
0.0793452
0.0834997
0.0787901
0.0855704
0.0889743
0.0831888
0.0831002
0.0838111
0.0906397
0.0871607
0.0880944
0.0788937
0.0825985
0.0929726
0.107773
0.122952
0.0995737
0.117664
0.121668
0.100157
0.115395
0.113669
0.107676
0.134307
0.134041
0.141341
0.138981
0.148482
0.1385
0.125433
0.111799
0.110203
0.127061
0.10323
0.104208
0.100335
0.0865344
0.0892554
0.0976967
0.10018
0.113093
0.103567
0.106978
0.100809
0.121094
0.124472
0.133292
0.1341
0.136431
0.134877
0.143227
0.131225
0.146406
0.119317
0.138641
0.129514
0.115326
0.127927
0.131337
0.113321
0.104216
0.0980557
0.125278
0.0796012
0.0880317
0.0962696
0.140611
0.116397
0.117384
0.102666
0.0902601
0.100131
0.0945564
0.112119
0.14343
0.115244
0.164681
0.116959
0.135163
0.147169
0.140102
0.135867
0.15036
0.117525
0.138729
0.154232
0.153311
0.166734
0.165887
0.164545
0.159936
0.173182
0.147725
0.198349
0.189836
0.17455
0.183901
0.208898
0.206237
0.196765
0.197794
0.182946
0.190013
0.178063
0.16118
0.194144
0.175773
0.15911
0.155706
0.155498
0.109798
0.108488
0.099978
0.0776468
0.125533
0.11712
0.106249
0.0578034
0.063501
0.100604
0.0709143
0.0925769
0.0960393
0.108469
0.0872107
0.0868968
0.0689118
0.0926807
0.132437
0.127884
0.107032
0.127091
0.117
0.136624
0.135243
0.142997
0.156193
0.171029
0.154202
0.166836
0.175283
0.200286
0.198204
0.19162
0.206352
0.201109
0.182047
0.180013
0.193825
0.237078
0.238909
0.204823
0.219289
0.223122
0.223159
0.242096
0.234147
0.216243
0.216257
0.232524
0.211211
0.194319
0.191033
0.190052
0.154414
0.136081
0.119545
0.109814
0.104181
0.0727574
0.121267
0.0572348
0.0682797
0.0832956
0.0764335
0.0865824
0.0716609
0.0873398
0.0794789
0.11263
0.0931091
0.0900927
0.0969834
0.0794243
0.0796897
0.126671
0.0517654
0.0867921
0.121371
0.0545563
0.0849853
0.100036
0.114133
0.105914
0.09305
0.0884916
0.0890016
0.0975867
0.0798808
0.0569606
0.090027
0.11833
0.101866
0.103105
0.104929
0.12855
0.0806125
0.119782
0.100828
0.150291
0.111681
0.0683912
0.143329
0.0658252
0.0667767
0.122638
0.119847
0.120927
0.106981
0.0903744
0.127806
0.0786813
0.137785
0.13505
0.115493
0.114119
0.103537
0.13571
0.0849512
0.0806321
0.113149
0.173962
0.114275
0.125168
0.0943674
0.0771543
0.0800936
0.0938447
0.0685996
0.0994332
0.0773335
0.119808
0.0983295
0.100508
0.0978646
0.152137
0.107434
0.0434449
0.0580803
0.107818
0.100054
0.10967
0.0842887
0.0684267
0.0546119
0.103228
0.0583952
0.0544536
0.0299282
0.117854
0.0629612
0.0407233
0.0732402
0.0880704
0.127765
0.0727887
0.14153
0.143042
0.117518
0.0655117
0.0802823
0.0732297
0.0988362
0.116046
0.121183
0.111571
0.16224
0.116376
0.113466
0.132585
0.116783
0.13287
0.0900378
0.138924
0.131339
0.131776
0.138565
0.104993
0.170874
0.13928
0.114743
0.101609
0.135276
0.111401
0.0950366
0.120609
0.100108
0.0841747
0.0746431
0.0847451
0.061355
0.0637792
0.0948199
0.0912372
0.0479309
0.0694725
