0.197192
0.211004
0.20347
0.206127
0.21448
0.211382
0.220574
0.22455
0.224603
0.239574
0.241343
0.248321
0.251514
0.257211
0.26309
0.270716
0.272146
0.283876
0.28514
0.279906
0.274429
0.280459
0.280345
0.288753
0.29046
0.296721
0.313561
0.314219
0.323774
0.328006
0.333541
0.340088
0.346445
0.355635
0.36168
0.371058
0.368204
0.374489
0.368535
0.367333
0.351189
0.342334
0.3462
0.360745
0.364223
0.377728
0.387847
0.396535
0.395744
0.406785
0.397554
0.359567
0.33993
0.338017
0.337934
0.338089
0.360903
0.437889
0.452943
0.44027
0.389223
0.343794
0.283598
0.257713
0.23335
0.230971
0.21321
0.197725
0.18896
0.177491
0.17469
0.16579
0.169862
0.159594
0.160865
0.160451
0.169094
0.164824
0.169358
0.172552
0.179705
0.18537
0.186692
0.187363
0.189135
0.18645
0.188996
0.196276
0.204119
0.213338
0.21607
0.228066
0.242617
0.256649
0.272442
0.293
0.320903
0.334402
0.355965
0.368052
0.378461
0.369267
0.363569
0.339205
0.303729
0.274658
0.258649
0.252921
0.258736
0.265773
0.278006
0.279851
0.285234
0.290177
0.28978
0.289919
0.289326
0.277758
0.261374
0.268215
0.273843
0.27852
0.273577
0.286194
0.290445
0.301018
0.307652
0.310141
0.322762
0.325918
0.331882
0.337713
0.3409
0.339138
0.338342
0.340161
0.358449
0.371339
0.373447
0.364162
0.332928
0.31252
0.291906
0.300088
0.291626
0.311796
0.320227
0.321415
0.346931
0.349293
0.359623
0.377717
0.388184
0.394758
0.403504
0.405068
0.40825
0.410975
0.416727
0.414728
0.419703
0.427616
0.430814
0.421372
0.386142
0.320702
0.253995
0.203757
0.173815
0.162432
0.152329
0.153384
0.148134
0.155425
0.155568
0.159888
0.169212
0.181143
0.17905
0.190327
0.207824
0.205388
0.218211
0.201099
0.206752
0.206808
0.189341
0.18971
0.183093
0.17433
0.182349
0.179859
0.181856
0.185886
0.196971
0.204602
0.203426
0.208461
0.197419
0.19126
0.16752
0.166564
0.164565
0.156968
0.170423
0.165677
0.170013
0.182686
0.18834
0.201805
0.203143
0.211935
0.218859
0.228915
0.230618
0.238827
0.241352
0.244631
0.255147
0.264324
0.268401
0.268861
0.266653
0.255166
0.239016
0.218899
0.20642
0.207265
0.19956
0.209693
0.209068
0.212508
0.219529
0.224962
0.23646
0.257357
0.266699
0.2774
0.285382
0.296136
0.302954
0.311876
0.316532
0.329263
0.336804
0.346454
0.352839
0.356163
0.368129
0.372857
0.380722
0.38497
0.391957
0.390564
0.378682
0.358836
0.307453
0.270044
0.236001
0.234819
0.220528
0.234985
0.232642
0.237165
0.245792
0.249421
0.251537
0.276102
0.287217
0.286406
0.29308
0.306304
0.308916
0.315638
0.311495
0.324363
0.328967
0.334357
0.341515
0.331653
0.319911
0.290695
0.258668
0.219512
0.191148
0.178304
0.178377
0.188781
0.195313
0.207597
0.202722
0.224604
0.220572
0.226084
0.224629
0.243571
0.227928
0.221818
0.216191
0.217617
0.204676
0.19606
0.184409
0.187212
0.18009
0.184242
0.187552
0.182454
0.193376
0.20173
0.202292
0.204334
0.214088
0.202051
0.186612
0.185381
0.164176
0.176483
0.178042
0.163165
0.173
0.182648
0.172033
0.167668
0.172295
0.168506
0.170596
0.171577
0.176062
0.179524
0.187771
0.196389
0.210593
0.213575
0.221255
0.216887
0.221205
0.229452
0.240686
0.248983
0.245341
0.256262
0.254032
0.25847
0.245427
0.226665
0.223945
0.229555
0.218112
0.19883
0.203668
0.197526
0.185643
0.179597
0.198788
0.182005
0.203724
0.201305
0.207978
0.220394
0.211218
0.210488
0.20305
0.225272
0.21513
0.234711
0.228176
0.242947
0.244336
0.262899
0.277363
0.287441
0.30482
0.304624
0.30981
0.315663
0.318707
0.307603
0.288399
0.25597
0.217865
0.187277
0.167135
0.1814
0.17829
0.160279
0.168889
0.171098
0.176223
0.190953
0.204005
0.183907
0.194853
0.188165
0.198559
0.190155
0.185001
0.175988
0.182619
0.179609
0.183673
0.171022
0.187238
0.182664
0.181413
0.193646
0.194882
0.210971
0.229121
0.254871
0.287423
0.311725
0.322476
0.352953
0.352954
0.337302
0.32203
0.32223
0.297224
0.272451
0.2794
0.268413
0.250003
0.265769
0.279961
0.263146
0.253294
0.26583
0.265093
0.252573
0.255322
0.248447
0.25989
0.248208
0.252425
0.236031
0.225005
0.212197
0.213878
0.220497
0.221628
0.218448
0.232425
0.229148
0.224096
0.222431
0.225399
0.220548
0.220487
0.213544
0.225803
0.215714
0.213602
0.223676
0.240968
0.217576
0.215287
0.226153
0.218631
0.229748
0.215303
0.240701
0.239116
0.233708
0.235838
0.232805
0.251282
0.241934
0.24195
0.261635
0.254396
0.26227
0.255078
0.267981
0.277473
0.281298
0.286462
0.313581
0.335481
0.355424
0.383013
0.422009
0.459097
0.442153
0.409988
0.388309
0.319302
0.303919
0.258509
0.227185
0.236076
0.281785
0.313296
0.387094
0.47592
0.518863
0.576669
0.565505
0.551089
0.466139
0.370009
0.272959
0.22187
0.221635
0.227533
0.215096
0.204
0.20449
0.223063
0.217764
0.228838
0.231477
0.234958
0.233672
0.225711
0.227873
0.233824
0.244078
0.238158
0.249998
0.263101
0.254143
0.252396
0.209945
0.210979
0.174627
0.178079
0.182699
0.175705
0.193629
0.170416
0.175125
0.149009
0.157606
0.147114
0.144288
0.150925
0.16152
0.146148
0.149171
0.161983
0.16495
0.163564
0.158317
0.183381
0.181676
0.195084
0.19425
0.214002
0.198689
0.201276
0.207044
0.205901
0.197417
0.183361
0.186788
0.191971
0.183349
0.177266
0.177852
0.180951
0.190921
0.175753
0.200749
0.218548
0.202821
0.223486
0.218937
0.22465
0.227287
0.203962
0.188225
0.180556
0.178176
0.18335
0.196946
0.192473
0.202491
0.181491
0.187485
0.196249
0.191401
0.177461
0.196924
0.186428
0.203589
0.206155
0.203794
0.202888
0.195339
0.195103
0.196984
0.184388
0.184751
0.180979
0.158878
0.174012
0.170997
0.151447
0.156399
0.150301
0.165997
0.158978
0.144174
0.165475
0.163904
0.134063
0.144984
0.150035
0.147359
0.127768
0.159228
0.143079
0.149097
0.159273
0.142745
0.158121
0.157819
0.142905
0.13666
0.116606
0.112269
0.109011
0.116929
0.120491
0.134307
0.128024
0.134558
0.143006
0.157466
0.160184
0.182915
0.182859
0.186656
0.207993
0.194139
0.20064
0.191794
0.176694
0.159345
0.124891
0.107932
0.0952612
0.0927984
0.0986729
0.107983
0.107242
0.139708
0.14863
0.176176
0.170826
0.160746
0.1765
0.153273
0.160679
0.152907
0.164473
0.156486
0.176995
0.178843
0.175162
0.197014
0.186555
0.206467
0.19865
0.198807
0.191222
0.190689
0.186085
0.176729
0.15611
0.188351
0.181625
0.212963
0.176245
0.180503
0.196121
0.190159
0.178576
0.179424
0.178974
0.180158
0.181248
0.200164
0.179791
0.197038
0.179739
0.171405
0.159345
0.146835
0.160097
0.153086
0.136949
0.142457
0.163576
0.129741
0.139708
0.119927
0.112339
0.0962744
0.0982223
0.107467
0.0971076
0.087055
0.0969956
0.0855302
0.0812626
0.0761066
0.0794951
0.0715149
0.0786882
0.0864065
0.0737904
0.0805204
0.0735333
0.0704903
0.0730452
0.0661293
0.0718432
0.0695285
0.0575058
0.0708798
0.0537784
0.0578113
0.0671306
0.0548041
0.0493401
0.0528641
0.07011
0.0744326
0.0664831
0.0692205
0.0720243
0.0703438
0.0802338
0.080385
0.0709003
0.0747104
0.0725676
0.0723435
0.080301
0.0865763
0.0811261
0.0819933
0.0851036
0.0807958
0.0771642
0.0742047
0.074249
0.0478395
0.0445763
0.0465088
0.0629308
0.0498059
0.0633807
0.0430308
0.0608069
0.0599562
0.0701049
0.0780384
0.0767967
0.0686641
0.0824511
0.0724044
0.0667738
0.0570907
0.0591742
0.0671982
0.0518575
0.0445132
0.0715633
0.0585504
0.0604211
0.0658475
0.0703791
0.073247
0.081555
0.0989651
0.098098
0.10862
0.124831
0.123514
0.141804
0.119578
0.139428
0.119683
0.113235
0.138344
0.130315
0.136377
0.135649
0.143938
0.135476
0.138255
0.133267
0.139573
0.130081
0.155873
0.170299
0.169413
0.167981
0.189517
0.19539
0.224792
0.204517
0.223585
0.245381
0.241974
0.24511
0.240594
0.228643
0.23808
0.210136
0.177686
0.131095
0.1552
0.162762
0.1598
0.134637
0.178396
0.166708
0.154728
0.169901
0.186656
0.2153
0.174694
0.20436
0.208788
0.202894
0.179622
0.202643
0.195863
0.166397
0.188968
0.207183
0.189848
0.234442
0.252155
0.247285
0.255456
0.224894
0.228037
0.236138
0.195207
0.179231
0.184187
0.177609
0.147451
0.16299
0.134737
0.115918
0.113802
0.0994296
0.0823527
0.0571269
0.047167
0.0504914
0.0404951
0.0274521
0.0282093
0.0192485
0.017694
0.0145122
0.024537
0.0114583
0.021415
0.0234141
0.0202837
0.0175803
0.0186929
0.0157528
0.0195682
0.0245868
0.0284038
0.0311502
0.0270066
0.0190456
0.0280708
0.0206606
0.0169889
0.00830393
0.0222297
0.00899268
0.00692217
0.0105293
0.00865066
0.0103075
0.0109768
0.00902263
0.00761832
0.00750474
0
0.0114422
0.00993491
0.0150193
0.0200283
0.0236007
0.0220102
0.0179504
0.0201845
0.0172249
0.0214511
0.0145884
0.0172246
0.0165566
0.0196447
0.0190833
0.0210068
0.0162926
0.0146571
0.0205247
0.0235473
0.0215649
0.0228864
0.0267744
0.0268666
0.0308291
0.0357445
0.0289772
0.0368543
0.0301588
0.0332387
0.0237589
0.0200452
0.0282763
0.0256543
0.032259
0.037092
0.0353969
0.0325028
0.0393312
0.0336553
0.0323042
0.0322094
0.0322925
0.0356228
0.0350094
0.0414193
0.0432659
0.0405585
0.0443824
0.0386225
0.0496165
0.0333937
0.0407334
0.036131
0.0323022
0.0374464
0.0291265
0.0217653
0.0335279
0.0368705
0.0276745
0.0326629
0.0296986
0.0335312
0.0377469
0.0231419
0.0438262
0.0362212
0.0507915
0.0544854
0.0487595
0.0527607
0.0593046
0.0584628
0.055613
0.0633257
0.0624046
0.0629885
0.0724578
0.0685072
0.0693405
0.068437
0.0775492
0.0663357
0.0705227
0.0691217
0.0697913
0.0819545
0.0727611
0.0811973
0.0889481
0.0888331
0.101467
0.102189
0.106198
0.108379
0.111827
0.110015
0.121689
0.120455
0.116442
0.114521
0.111941
0.111822
0.119957
0.1167
0.109506
0.112698
0.106256
0.10813
0.1103
0.108867
0.113148
0.118021
0.121722
0.119576
0.13406
0.137024
0.143268
0.125207
0.115038
0.101422
0.102003
0.0931139
0.100334
0.102588
0.102485
0.0971089
0.0987332
0.107292
0.0991941
0.0953874
0.108439
0.105642
0.0991377
0.102117
0.0926985
0.0913405
0.0976245
0.105951
0.106329
0.0948485
0.093085
0.0987279
0.0880426
0.077003
0.0823455
0.066312
0.0671788
0.0629809
0.055557
0.0484017
0.0680139
0.0572874
0.0554845
0.0577032
0.0578295
0.0475023
0.0536002
0.0447906
0.0644235
0.0600346
0.0573011
0.0618532
0.0586029
0.0523842
0.0663467
0.0568323
0.0735088
0.0490741
0.0506062
0.0662735
0.0488197
0.0425991
0.0340957
0.0226073
0.0269924
0.0261947
0.0148466
0.0276891
0.0198686
0.0175145
0.0259774
0.0195426
0.0099541
0.0250499
0.0127667
0.0145101
0.0163131
0.0294412
0.0203554
0.0253087
0.0297087
0.0388621
0.039231
0.046923
0.0585607
0.0593787
0.0657914
0.0474218
0.0666965
0.0513241
0.0495741
0.0435276
0.0384154
0.0444106
0.0235486
0.0275739
0.0280787
0.0191982
0.0217133
0.0181434
0.0274012
0.0248756
0.0237155
0.0174481
0.0188267
0.0221981
0.0143258
0.0173129
0.0176574
0.0148335
0.028218
0.0289359
0.0297467
0.0255751
0.0315695
0.0250527
0.0153593
0.0311562
0.0331442
0.0342642
0.0200704
0.0353272
0.0142055
0.0163483
0.0199663
0.0147747
0.0139415
0.023318
0.0226799
0.0182588
0.0175444
0.0269789
0.0275399
0.0196184
0.0115136
0.0224921
0.0211416
0.0263439
0.0271446
0.0238346
0.0293213
0.0265724
0.0279921
0.030334
0.0515415
0.052696
0.0357316
0.0364148
0.038136
0.0468256
0.0362048
0.0409434
0.0358198
0.0296619
0.0315904
0.026235
0.0276102
0.0255292
0.0244538
0.0206237
0.019069
0.0178584
0.019744
0.0198331
0.0225664
0.0238581
0.0266878
0.0208299
0.029613
0.0262148
0.0288477
0.0302258
0.0379935
0.0416909
0.0388986
0.039253
0.0475302
0.0480969
0.0483023
0.04986
0.0491405
0.055822
0.0567125
0.0464442
0.0555571
0.0457968
0.0490483
0.0418846
0.0470727
0.0475671
0.0458682
0.0447488
0.0510066
0.0522646
0.0474535
0.0510603
0.0518404
0.0518507
0.0532132
0.0457336
0.0557004
0.0522713
0.0559188
0.0617086
0.0553583
0.0629784
0.0627965
0.0758566
0.0889749
0.132255
0.197682
0.422714
0.664928
0.786288
0.81303
0.786671
0.662719
0.406079
0.201844
0.134621
0.0977456
0.0845253
0.0860634
0.0756489
0.0730345
0.0714583
0.0769132
0.074897
0.0757551
0.0750045
0.0699402
0.0803349
0.0783801
0.073128
0.0716672
0.0735595
0.0740338
0.0719288
0.0688794
0.07525
0.0679639
0.065278
0.0644134
0.0595853
0.0653397
0.058819
0.0585043
0.0576713
0.0670816
0.0685099
0.0584313
0.0598349
0.0692672
0.0640488
0.0668305
0.0673744
0.0608339
0.0620586
0.0683573
0.0668827
0.0671593
0.07252
0.0694102
0.064907
0.0743405
0.0767643
0.0747724
0.0706397
0.0726296
0.0717563
0.0702519
0.0731515
0.0743598
0.0697589
0.0661384
0.0805932
0.0754881
0.0716553
0.0703714
0.072002
0.0686765
0.0667141
0.0644842
0.0579152
0.0546008
0.0582365
0.0646064
0.0647394
0.0550012
0.0593766
0.0701233
0.0743671
0.0568146
0.0639936
0.0654196
0.0630262
0.0689106
0.066535
0.0660238
0.065918
0.0684557
0.0681891
0.0692976
0.0711027
0.0741447
0.0730789
0.0695976
0.0699907
0.0728858
0.0779804
0.075277
0.0695826
0.0806291
0.0808264
0.0704293
0.0802367
0.0792104
0.0802628
0.0944718
0.0969948
0.0736621
0.0693637
0.0627516
0.0866641
0.0983893
0.0840553
0.0766314
0.0973958
0.108429
0.102756
0.0992983
0.0914819
0.0921172
0.103066
0.0821971
0.0912411
0.103931
0.0978737
0.0874035
0.0845349
0.0803498
0.092736
0.0966794
0.0996489
0.0978205
0.0920704
0.0907632
0.0891755
0.0967522
0.0879968
0.0877066
0.0959844
0.090934
0.0759351
0.0842208
0.087551
0.0962887
0.0993102
0.0974364
0.0969551
0.0906071
0.108803
0.107047
0.103751
0.104494
0.11808
0.128292
0.13052
0.118357
0.107283
0.103386
0.0994976
0.13113
0.137296
0.124732
0.121414
0.126772
0.110226
0.124379
0.132009
0.1498
0.124911
0.143064
0.15482
0.128806
0.124885
0.148034
0.156495
0.154768
0.157159
0.148675
0.158161
0.13752
0.168278
0.149996
0.108584
0.110203
0.121323
0.12032
0.127914
0.139153
0.107177
0.109152
0.10696
0.105527
0.120408
0.108605
0.097836
0.129523
0.103113
0.122011
0.105087
0.118306
0.0820209
0.109236
0.1149
0.126532
0.113862
0.108743
0.105809
0.088368
0.100468
0.087422
0.10012
0.104401
0.111703
0.0868676
0.103719
0.110183
0.124715
0.130054
0.130252
0.1229
0.143636
0.143189
0.139271
0.119619
0.124858
0.10027
0.070121
0.0932327
0.0731334
0.0682247
0.0707571
0.09589
0.0799473
0.0742146
0.0732106
0.0890513
0.087917
0.0813488
0.0832806
0.0973727
0.0890888
0.0898158
0.0958454
0.0989144
0.109747
0.119623
0.134013
0.14493
0.149002
0.153888
0.167553
0.171317
0.17832
0.196772
0.220327
0.24295
0.254228
0.259921
0.237049
0.207804
0.138539
0.0972205
0.0685671
0.0632216
0.0690042
0.0697967
0.0491526
0.055647
0.0686036
0.0449981
0.0686606
0.0759625
0.0753677
0.0684135
0.0855957
0.0700358
0.0722683
0.0741902
0.0678686
0.0663732
0.065466
0.0735222
0.0772068
0.072904
0.0646917
0.0676946
0.0780708
0.0704834
0.0694274
0.0702279
0.0754529
0.0716395
0.0685322
0.0691163
0.0663297
0.0662076
0.068067
0.0666333
0.0768042
0.0746227
0.072616
0.062356
0.077669
0.0698117
0.0763578
0.0781742
0.073951
0.0780902
0.0658734
0.0658984
0.0786549
0.0780206
0.0699119
0.0841533
0.0765087
0.0566463
0.0616115
0.0672251
0.0756767
0.0606117
0.0594918
0.0700207
0.0704453
0.0620053
0.0639047
0.0693853
0.0710285
0.0667784
0.0613452
0.0684982
0.0551038
0.0644501
0.0613459
0.0621666
0.0595696
0.0618825
0.0596971
0.0642903
0.063005
0.0697153
0.0735316
0.0643192
0.0588933
0.0610646
0.0661498
0.0569961
0.0622001
0.0627744
0.0584971
0.0568338
0.0638797
0.062333
0.0705532
0.0597639
0.0715142
0.0781038
0.0724917
0.0785362
0.0760203
0.0791353
0.0771756
0.0776422
0.0815961
0.0866578
0.100827
0.103392
0.0908822
0.0992613
0.103166
0.110556
0.117966
0.115979
0.11837
0.121465
0.117231
0.106811
0.0908963
0.0798266
0.0713584
0.0615623
0.0746575
0.0675507
0.0605471
0.0601571
0.0617893
0.062247
0.0594371
0.0609576
0.0653109
0.0582138
0.0556174
0.0645476
0.0661195
0.0670054
0.0734107
0.0782493
0.0797789
0.0767358
0.0758644
0.0865261
0.0904462
0.0951095
0.0977818
0.102735
0.110515
0.115624
0.123271
0.130387
0.144037
0.154965
0.164012
0.166888
0.170727
0.165297
0.164932
0.162806
0.137451
0.133679
0.12558
0.1077
0.0972635
0.0909112
0.0822584
0.0799931
0.0878547
0.0769552
0.088975
0.0775205
0.0854504
0.0910232
0.0964363
0.0968352
0.0918565
0.0930339
0.0973468
0.0970176
0.104844
0.1115
0.111789
0.107197
0.115177
0.118348
0.122323
0.124815
0.131678
0.138344
0.142867
0.150866
0.155475
0.156737
0.168806
0.180419
0.190554
0.197202
0.206595
0.209076
0.201291
0.191492
0.176322
0.158334
0.148558
0.132922
0.120247
0.111448
0.105836
0.101712
0.10239
0.089296
0.115795
0.104779
0.099309
0.0976477
0.101746
0.0976493
0.100368
0.0978284
0.0886379
0.0950845
0.0911684
0.0854264
0.0843074
0.0843495
0.0885163
0.093701
0.0824593
0.0859527
0.0866509
0.0896904
0.0889708
0.0882114
0.0841515
0.0707158
0.086196
0.0783588
0.074731
0.0874672
0.0905282
0.0820808
0.0841124
0.0769032
0.0782413
0.0917656
0.0818504
0.084479
0.0885951
0.0836433
0.083017
0.095308
0.0855806
0.0946056
0.0941657
0.0897506
0.0939941
0.0923569
0.0889029
0.0824589
0.094983
0.0873691
0.0949498
0.0893567
0.0917516
0.0944451
0.0871753
0.0807611
0.088062
0.0826603
0.0791409
0.0743021
0.07763
0.0793229
0.0733899
0.0784688
0.0738119
0.0789356
0.0789455
0.0839068
0.0864236
0.0993376
0.104413
0.12222
0.134628
0.114144
0.144263
0.136631
0.156559
0.158217
0.166609
0.152117
0.187124
0.172885
0.18788
0.180505
0.188744
0.178884
0.150008
0.156111
0.160104
0.152352
0.142887
0.12879
0.128902
0.108076
0.151092
0.117554
0.137235
0.144233
0.136503
0.149029
0.138002
0.155612
0.152656
0.15351
0.155629
0.162809
0.167376
0.177797
0.168918
0.17841
0.159362
0.186535
0.171214
0.173377
0.159784
0.159969
0.160943
0.14424
0.150345
0.152335
0.134758
0.146696
0.126423
0.174923
0.143248
0.177053
0.147837
0.147331
0.1511
0.159414
0.182125
0.207157
0.164848
0.187195
0.200651
0.174893
0.200295
0.182499
0.198296
0.199799
0.198499
0.187534
0.210732
0.214635
0.222063
0.206916
0.202897
0.206375
0.223918
0.221167
0.226654
0.253059
0.241975
0.247343
0.26205
0.253157
0.249999
0.248771
0.242861
0.233334
0.232718
0.239166
0.246127
0.225458
0.214732
0.193537
0.206495
0.167584
0.154661
0.139576
0.145284
0.174482
0.153515
0.148018
0.112229
0.132133
0.155594
0.119121
0.128734
0.165299
0.138848
0.156226
0.145356
0.147006
0.141275
0.161476
0.177829
0.172722
0.204067
0.161586
0.206002
0.192941
0.190099
0.176122
0.211362
0.221469
0.228194
0.252204
0.239262
0.233049
0.261936
0.268009
0.284316
0.258162
0.250732
0.259338
0.296957
0.308641
0.29454
0.329474
0.309903
0.318555
0.297266
0.329038
0.292648
0.298723
0.306891
0.267699
0.262802
0.248904
0.236867
0.195572
0.204271
0.187213
0.152532
0.163051
0.137526
0.128959
0.114391
0.0941083
0.100351
0.154629
0.0974542
0.138654
0.146338
0.116212
0.14141
0.095278
0.0934265
0.159169
0.130417
0.136749
0.131661
0.118413
0.113507
0.129146
0.118969
0.132209
0.148594
0.139272
0.14868
0.167901
0.156525
0.0942617
0.140935
0.130742
0.110471
0.134342
0.209935
0.179746
0.202029
0.131138
0.17723
0.109629
0.131982
0.104441
0.150919
0.161815
0.193508
0.178538
0.159147
0.135434
0.128174
0.175739
0.203306
0.144453
0.120659
0.189878
0.153421
0.179183
0.150503
0.161516
0.141814
0.150191
0.150638
0.126474
0.139387
0.178613
0.213689
0.124676
0.154371
0.121183
0.128954
0.13441
0.146774
0.159689
0.142884
0.11917
0.171182
0.0808242
0.128641
0.130603
0.164813
0.153643
0.124324
0.160944
0.0911834
0.117424
0.126848
0.134321
0.121938
0.0954533
0.125194
0.115288
0.0987985
0.100757
0.120335
0.127178
0.123814
0.132328
0.177739
0.148095
0.162864
0.206831
0.112488
0.166021
0.133452
0.127707
0.163336
0.187243
0.192196
0.198682
0.204985
0.219642
0.153156
0.194397
0.125466
0.13882
0.185246
0.183629
0.163863
0.153755
0.196228
0.160794
0.170784
0.198318
0.162425
0.154704
0.164263
0.194532
0.143349
0.131674
0.15671
0.148863
0.135429
0.110956
0.113121
0.098957
0.0827938
0.0822578
0.0753032
0.0444515
0.0584685
