0.128387
0.127231
0.122112
0.127602
0.125126
0.127357
0.124146
0.143463
0.134272
0.15011
0.156592
0.151484
0.159791
0.160202
0.163553
0.166263
0.165155
0.164558
0.17004
0.1641
0.16047
0.16213
0.162672
0.174476
0.178885
0.180369
0.186657
0.196927
0.191557
0.195405
0.198649
0.19805
0.199649
0.203437
0.205157
0.211416
0.209478
0.211021
0.205192
0.200433
0.194949
0.198004
0.206679
0.192149
0.206962
0.214909
0.225831
0.227446
0.228964
0.230753
0.225603
0.213528
0.20181
0.2001
0.200431
0.200589
0.214966
0.237442
0.239667
0.229465
0.217589
0.189004
0.156804
0.141466
0.143697
0.127428
0.13672
0.112383
0.120101
0.11069
0.11167
0.112479
0.107924
0.107555
0.104744
0.109988
0.117985
0.113583
0.109098
0.114383
0.110584
0.105438
0.114495
0.112718
0.118307
0.120727
0.123406
0.128558
0.127925
0.131422
0.139563
0.137206
0.142592
0.149605
0.161026
0.171715
0.175581
0.185717
0.193942
0.200759
0.202822
0.202951
0.200162
0.182824
0.17445
0.161302
0.158315
0.157422
0.161386
0.161043
0.169055
0.171188
0.174293
0.175457
0.170359
0.166695
0.161158
0.16113
0.151686
0.156047
0.150085
0.162274
0.159674
0.167445
0.179202
0.180277
0.18307
0.18722
0.191074
0.19506
0.192795
0.200004
0.200312
0.201194
0.200139
0.20038
0.206071
0.208622
0.208708
0.199664
0.189627
0.169291
0.161571
0.165061
0.172499
0.170007
0.175558
0.191693
0.197729
0.195398
0.206567
0.208114
0.214618
0.220657
0.225437
0.226183
0.229141
0.233413
0.232625
0.232382
0.233862
0.238831
0.234579
0.228522
0.207985
0.181699
0.142655
0.1164
0.119042
0.114829
0.106146
0.104829
0.106364
0.103198
0.103558
0.113571
0.111018
0.11741
0.118929
0.124307
0.123258
0.127284
0.1381
0.125529
0.123202
0.128981
0.120306
0.127519
0.116456
0.121583
0.116563
0.118246
0.121232
0.127713
0.129844
0.127366
0.12869
0.124291
0.125795
0.111768
0.102774
0.094184
0.0997639
0.101912
0.105485
0.103214
0.11709
0.112945
0.119168
0.120583
0.133147
0.13342
0.139822
0.143634
0.146041
0.147492
0.152872
0.151778
0.155536
0.159029
0.162884
0.165368
0.159461
0.151318
0.136647
0.124647
0.116559
0.124078
0.124475
0.121791
0.124176
0.136132
0.132307
0.138132
0.141674
0.147468
0.160237
0.162857
0.166904
0.169631
0.177068
0.187878
0.192168
0.191699
0.194968
0.196478
0.202605
0.204931
0.200167
0.212748
0.211377
0.20978
0.211232
0.208676
0.204845
0.189805
0.163551
0.150278
0.131544
0.130132
0.12114
0.136005
0.121207
0.136992
0.142509
0.121343
0.156304
0.150148
0.155336
0.165958
0.167423
0.17375
0.172621
0.179832
0.185138
0.192938
0.193653
0.194161
0.200919
0.196316
0.188182
0.174557
0.154181
0.134488
0.126377
0.118791
0.115766
0.126357
0.129718
0.116808
0.117405
0.127575
0.132866
0.145873
0.137132
0.135851
0.145094
0.125037
0.128286
0.132885
0.135723
0.1301
0.122017
0.126476
0.119162
0.123522
0.134796
0.123653
0.124679
0.119251
0.130079
0.124646
0.122853
0.114366
0.111699
0.116035
0.110543
0.117757
0.099231
0.087432
0.10683
0.107228
0.0959346
0.103704
0.103169
0.0878467
0.110154
0.103717
0.103505
0.113879
0.115166
0.113742
0.123972
0.135835
0.135647
0.134997
0.135573
0.148777
0.151624
0.147851
0.150303
0.152366
0.151243
0.137371
0.143035
0.135393
0.123888
0.122357
0.11453
0.121208
0.109181
0.110489
0.11208
0.0951958
0.10892
0.113978
0.119095
0.108074
0.11456
0.124598
0.115199
0.119094
0.121507
0.124429
0.128007
0.130882
0.132737
0.144032
0.148185
0.154045
0.160441
0.177724
0.179153
0.183006
0.171647
0.178446
0.182016
0.171908
0.154973
0.122935
0.121006
0.112077
0.106126
0.109791
0.102741
0.101059
0.105329
0.105091
0.126139
0.107323
0.112169
0.118269
0.100761
0.104958
0.108466
0.101333
0.110051
0.11846
0.114905
0.114583
0.10751
0.11587
0.115726
0.116866
0.118499
0.120394
0.1309
0.133593
0.140443
0.151757
0.161906
0.18153
0.180722
0.191955
0.185984
0.183446
0.189768
0.160355
0.157643
0.144196
0.133975
0.132351
0.167309
0.133883
0.175168
0.15106
0.142828
0.142693
0.148768
0.140168
0.150087
0.152022
0.149858
0.151511
0.147611
0.152361
0.144371
0.12866
0.134406
0.137672
0.135421
0.126418
0.124931
0.13686
0.112439
0.136788
0.123795
0.121714
0.123696
0.132581
0.108834
0.12695
0.112384
0.134579
0.122137
0.124941
0.142109
0.131335
0.128942
0.132119
0.141031
0.149009
0.131439
0.135092
0.138432
0.139542
0.149481
0.155879
0.144684
0.15225
0.159125
0.152123
0.164029
0.172569
0.161763
0.175673
0.169568
0.174338
0.183995
0.19325
0.184539
0.221399
0.24775
0.237746
0.205807
0.200422
0.190234
0.153747
0.142044
0.129965
0.140596
0.158526
0.193424
0.231105
0.301468
0.334017
0.347374
0.356628
0.325393
0.289696
0.227065
0.152278
0.133318
0.128409
0.129296
0.107462
0.1281
0.124091
0.131989
0.127037
0.14047
0.130907
0.14226
0.143294
0.134901
0.138722
0.147139
0.147528
0.142975
0.127232
0.143396
0.140063
0.127301
0.133475
0.107088
0.111483
0.111372
0.0983897
0.0986596
0.108749
0.104591
0.0847951
0.0901123
0.0969424
0.0948362
0.0960178
0.0919317
0.10189
0.102493
0.0974151
0.0922154
0.115336
0.104853
0.104887
0.104587
0.117766
0.123752
0.102358
0.116351
0.113547
0.111104
0.135332
0.104434
0.110605
0.111422
0.138836
0.11398
0.101885
0.0829377
0.0966815
0.0990144
0.109336
0.0895996
0.115792
0.110489
0.128968
0.128059
0.132208
0.146836
0.120367
0.13016
0.0976341
0.109679
0.125905
0.11353
0.121912
0.116868
0.115324
0.108584
0.102796
0.124831
0.121615
0.128091
0.124474
0.109409
0.139267
0.122301
0.12351
0.132213
0.137789
0.132035
0.114196
0.114375
0.134727
0.107864
0.0877716
0.0951847
0.114712
0.0788784
0.0879563
0.0904619
0.0912153
0.0970563
0.0974409
0.0851414
0.0734744
0.0852648
0.0983025
0.0762279
0.0873924
0.0909822
0.0777528
0.0782075
0.110209
0.0825849
0.0680892
0.0959029
0.0696669
0.0859006
0.0764706
0.0696905
0.0713897
0.0619887
0.0808608
0.0690754
0.0831433
0.0742815
0.0811393
0.0779016
0.091658
0.0822788
0.109246
0.117413
0.114723
0.09797
0.106744
0.104911
0.106005
0.104502
0.068472
0.0584352
0.0553374
0.0680526
0.0524108
0.0575847
0.0759126
0.0907712
0.0890213
0.0993717
0.0937156
0.102132
0.0843603
0.106645
0.103124
0.0945246
0.0903406
0.11407
0.0885706
0.0981771
0.112116
0.117138
0.124606
0.0999082
0.0983478
0.098974
0.118811
0.100837
0.109488
0.117129
0.105844
0.0977146
0.0893047
0.0845157
0.0957293
0.104833
0.0991619
0.10105
0.101973
0.094678
0.0809083
0.111403
0.0947448
0.117873
0.104047
0.121712
0.103393
0.117255
0.0885919
0.102919
0.088483
0.105594
0.0622909
0.0905829
0.0989565
0.0747634
0.0727985
0.0986421
0.0769889
0.0642712
0.0770951
0.0665649
0.0625736
0.0532165
0.0580873
0.0510078
0.0551294
0.0452503
0.036753
0.0311655
0.0337011
0.0347868
0.048632
0.048124
0.0387156
0.0450932
0.0265013
0.0247988
0.0444418
0.0316295
0.0411924
0.0400716
0.0484873
0.0346511
0.0342432
0.0346743
0.0434784
0.0338847
0.0383546
0.0466966
0.0424597
0.0320493
0.0303195
0.043448
0.0500225
0.0498215
0.0492718
0.0325247
0.0568974
0.0411006
0.0428892
0.0512619
0.0486648
0.0639366
0.0530462
0.0368066
0.0477859
0.0568651
0.0405215
0.0441424
0.0322157
0.036824
0.0398861
0.0392947
0.0326295
0.0380543
0.0250693
0.0261229
0.0337412
0.0514712
0.0336791
0.0460216
0.0291046
0.0581805
0.0636218
0.0443839
0.0508287
0.0310216
0.0296996
0.044602
0.0321072
0.0457679
0.0534693
0.0399353
0.0405454
0.04737
0.0435343
0.0483925
0.047956
0.0440754
0.0749966
0.079422
0.0709816
0.0680661
0.0823161
0.0657698
0.056416
0.0824346
0.0835067
0.0688975
0.0769353
0.0861315
0.0938455
0.0715879
0.0662302
0.0550481
0.0664069
0.0714516
0.0856266
0.090881
0.0915444
0.0937215
0.109641
0.116301
0.111869
0.116297
0.105681
0.127661
0.121727
0.148488
0.160113
0.122609
0.0996333
0.131518
0.11085
0.0962286
0.0907954
0.0805562
0.0999559
0.0850451
0.108074
0.0911263
0.099105
0.0876345
0.0812269
0.0839888
0.125222
0.11607
0.114472
0.0946596
0.114807
0.0916826
0.115276
0.0810077
0.106979
0.130369
0.150828
0.15435
0.134434
0.123977
0.13078
0.156151
0.133774
0.12352
0.114502
0.119318
0.119711
0.100753
0.111502
0.0833973
0.0846262
0.0669884
0.0709833
0.0546179
0.0461795
0.0402775
0.0387192
0.0309914
0.033884
0.0255692
0.013932
0.0181159
0.012238
0.0095362
0.0143307
0.0141435
0.00914228
0.0166658
0.00382937
0.0196561
0.00977872
0.0114499
0.0106402
0.0167071
0.0194991
0.0184278
0.0173987
0.0171054
0.0221659
0.00217751
0.00614113
0.00343985
0
0.00828947
0.00927263
0.00204124
0.00841095
0.00605304
0.00279848
0.000652358
0.00489382
0.00383654
0.00242169
0.00545427
0.0024819
0.00754026
0.0129884
0.0117991
0.0170937
0.0200609
0.0169408
0.0165562
0.0123482
0.00689798
0.00731621
0.0186352
0.0138654
0.0125314
0.00937628
0.012123
0.0170771
0.0135445
0.0113473
0.0149673
0.00397123
0.0211585
0.0182612
0.0170993
0.022853
0.0254923
0.0165307
0.025107
0.014197
0.00971056
0.0190313
0.0122296
0.0236809
0.0201392
0.0222957
0.0216388
0.0208337
0.0232637
0.00659219
0.0191759
0.0171414
0.019448
0.0195537
0.019282
0.0256786
0.0271629
0.0261562
0.0168804
0.0310028
0.0141091
0.0119705
0.0219941
0.0214166
0.00928404
0.0169247
0.0189332
0.0148933
0.0186726
0.0196497
0.0171408
0.0151135
0.0131362
0.0212923
0.0156602
0.0142828
0.0198019
0.0280675
0.0212026
0.0319794
0.0257652
0.0219726
0.031895
0.0365842
0.0259741
0.0304956
0.0355555
0.0397335
0.0393532
0.0328016
0.0384085
0.0369002
0.0442289
0.0328194
0.0398946
0.0361701
0.040605
0.0380695
0.0420616
0.0465538
0.0438296
0.0440367
0.0556141
0.0566294
0.0518092
0.0464186
0.0512192
0.0604993
0.0652358
0.0618013
0.0690785
0.0505186
0.068879
0.0591204
0.0621922
0.0638118
0.0680192
0.058685
0.0594828
0.0578735
0.054104
0.0532011
0.0683609
0.0598673
0.0566961
0.0625063
0.0720287
0.0748096
0.0659968
0.0707931
0.0663313
0.0660626
0.0632982
0.0570817
0.0550534
0.06617
0.0535745
0.0478896
0.0630848
0.0736809
0.0558715
0.043787
0.0543144
0.049253
0.0574148
0.0617164
0.057243
0.0511655
0.0499237
0.0521325
0.0620762
0.056865
0.0577431
0.0603452
0.0422965
0.0497181
0.0473529
0.0431815
0.0308761
0.0446741
0.0462343
0.0371731
0.0265192
0.0390908
0.0431033
0.0341295
0.0370817
0.0328875
0.0408217
0.0346343
0.0318961
0.0327105
0.0352419
0.034774
0.0383579
0.0451462
0.0307508
0.0298364
0.0315109
0.0378677
0.0338058
0.0414658
0.0280452
0.0216239
0.0385409
0.018456
0.00343885
0.00809886
0.0187522
0.0132023
0.00915309
0.0137653
0.0184299
0.0117249
0.012616
0.0133077
0.00943328
0.00841645
0.0208724
0.0111645
0.00629064
0.0203879
0.00848987
0.0190588
0.0171664
0.0292183
0.0221856
0.0366676
0.0427302
0.0118068
0.0228303
0.0283101
0.036565
0.0185975
0.0298135
0.0287802
0.0229416
0.0208966
0.0162856
0.0195141
0.0196902
0.0155443
0.0142576
0.0158919
0.0155289
0.00969076
0.0174345
0.0125907
0.0100495
0.0114517
0.0170303
0.0103483
0.0150826
0.00778508
0.0283434
0.0241669
0.0135712
0.019607
0.0147616
0.00539426
0.0145389
0.0187888
0.0122606
0.0123745
0.015699
0.020668
0.018326
0.00425491
0.0142844
0.0115999
0.0155514
0.00743613
0.00938257
0.00657421
0.0132945
0.0174264
0.00548178
0.0103691
0.00517027
0.0136522
0.0108578
0.0141808
0.00796859
0.00906027
0.016675
0.0256491
0.0219725
0.0340916
0.0204028
0.0185027
0.0204527
0.0107961
0.0254723
0.0256922
0.0147341
0.0218844
0.0179923
0.0185881
0.0187769
0.0143516
0.00899102
0.0164465
0.0141687
0.0107744
0.0143422
0.0120354
0.00911644
0.0203164
0.00786455
0.0161232
0.0071298
0.0193498
0.0156907
0.0175032
0.0132884
0.0218641
0.0170263
0.0175764
0.0243721
0.0174704
0.024816
0.0256897
0.0357611
0.0312518
0.0281592
0.0271215
0.0328628
0.0233169
0.0292529
0.0184342
0.0278118
0.0326292
0.0232367
0.0260075
0.0289866
0.0293573
0.0294452
0.0288521
0.029538
0.0269612
0.0245644
0.0198054
0.0249336
0.0181916
0.0268249
0.0348808
0.034047
0.0375521
0.0389576
0.0431391
0.0532076
0.0764544
0.122158
0.257154
0.422855
0.506948
0.516888
0.493446
0.426473
0.255749
0.124595
0.073531
0.055568
0.0481008
0.0417525
0.0376559
0.042588
0.0355222
0.0421259
0.0383827
0.0391071
0.0398452
0.0414654
0.0368885
0.0374328
0.0350875
0.0382503
0.0351576
0.0353702
0.0378677
0.0380578
0.0344913
0.0371757
0.036403
0.0324186
0.0305673
0.0378649
0.0336639
0.0319561
0.036082
0.0310125
0.037063
0.0353921
0.039892
0.0319232
0.0289364
0.0332431
0.0342449
0.0321926
0.0322747
0.0430933
0.0394778
0.0327651
0.0409064
0.0395131
0.0407985
0.0385302
0.0404097
0.0419826
0.0362576
0.0392841
0.0387413
0.0389097
0.039101
0.0393975
0.0387116
0.0407908
0.0398065
0.0319055
0.0383482
0.0364966
0.0432815
0.0450907
0.0343599
0.0396081
0.0383113
0.0402888
0.0370502
0.0488801
0.0396815
0.0481089
0.0415356
0.0353022
0.0406696
0.0404437
0.0385664
0.0281091
0.030548
0.0330524
0.0409527
0.0394176
0.0315055
0.0362167
0.0373143
0.0379268
0.0395746
0.0303873
0.0382774
0.0375231
0.0311484
0.0392742
0.0418609
0.0355175
0.0357355
0.0446459
0.0393268
0.0484883
0.0519399
0.048366
0.0480869
0.0444105
0.0475928
0.0456433
0.0544753
0.0397307
0.0536499
0.0459873
0.0516359
0.0424979
0.0345644
0.0441342
0.0514638
0.0565022
0.0521032
0.0484655
0.0497054
0.0455747
0.0538994
0.0537839
0.0533434
0.0480271
0.0507845
0.0536441
0.0491354
0.0444158
0.0464013
0.0438992
0.0462827
0.0388909
0.0429706
0.0421582
0.0388738
0.0494864
0.047867
0.0346235
0.0341546
0.0416048
0.048513
0.0578039
0.0629623
0.0533931
0.0495986
0.0613019
0.0714403
0.0370907
0.0536798
0.0593955
0.0485274
0.0554355
0.0528633
0.0740879
0.0978527
0.0660121
0.0504349
0.0530065
0.0590146
0.0743195
0.0779531
0.0780166
0.0881926
0.0708472
0.0757868
0.101876
0.0650151
0.0795003
0.0787435
0.0586335
0.0922501
0.0701583
0.0773121
0.0927993
0.105477
0.0798907
0.0972431
0.104742
0.083559
0.0811507
0.0707973
0.0978398
0.0805105
0.0537786
0.0854368
0.073939
0.0827186
0.0657234
0.0655204
0.0690885
0.0670446
0.0803662
0.0850768
0.0539346
0.0701997
0.0674537
0.0454998
0.0702387
0.0738793
0.0655063
0.047908
0.0508747
0.0397766
0.0605962
0.0591009
0.0628112
0.061928
0.0482723
0.0521553
0.0622103
0.0698896
0.0540471
0.0568098
0.0568892
0.0533342
0.0813541
0.0709951
0.0891157
0.0994112
0.100833
0.0852847
0.0658616
0.0614933
0.0532835
0.0621046
0.0375562
0.0656977
0.0524566
0.0559559
0.0438708
0.0572368
0.0384316
0.0549532
0.0671508
0.047021
0.0451811
0.0559247
0.0609809
0.0652191
0.0467005
0.0563051
0.069739
0.065781
0.0634614
0.0845281
0.0754378
0.0894428
0.0896959
0.0998571
0.0941521
0.104011
0.1243
0.135828
0.138703
0.152412
0.145426
0.132883
0.104609
0.0836029
0.0428428
0.054511
0.0548513
0.0425217
0.0329725
0.0609839
0.0504055
0.0512561
0.0537235
0.0427225
0.0487941
0.0412024
0.0472297
0.0450942
0.0450806
0.0527201
0.0363797
0.0316436
0.0469039
0.0370315
0.029765
0.0474534
0.0357599
0.0326579
0.0375672
0.0467739
0.0443612
0.049359
0.0334956
0.0369851
0.0425416
0.0307056
0.0341037
0.03655
0.0382686
0.0476236
0.0394864
0.0384302
0.0406884
0.0391418
0.0343065
0.042997
0.0298777
0.0380835
0.0429425
0.0334184
0.0361812
0.0411786
0.0401934
0.0409542
0.0433326
0.043406
0.0384065
0.0306103
0.0257537
0.0416708
0.0373117
0.0243505
0.0407563
0.0385919
0.0437247
0.0376313
0.0362687
0.0327052
0.0296263
0.0282438
0.0431633
0.0362872
0.0390305
0.0476491
0.0402766
0.0381742
0.0452122
0.038942
0.0392817
0.0408634
0.0330336
0.0431572
0.0487127
0.0385091
0.0365549
0.0390151
0.0380073
0.0361105
0.0360586
0.0346489
0.0281326
0.0344901
0.02541
0.0360824
0.0389339
0.0402707
0.0408547
0.045847
0.0454534
0.0446531
0.0456434
0.0494596
0.0340265
0.0348831
0.0434721
0.0441261
0.0544663
0.057574
0.0593551
0.0647749
0.0659646
0.0737328
0.0692167
0.0705341
0.0791327
0.0796663
0.0779808
0.0711785
0.0492713
0.0540485
0.0543674
0.0376455
0.0387003
0.0441639
0.0336724
0.0426556
0.0300259
0.0356019
0.0321056
0.025785
0.0337763
0.0386251
0.0327987
0.0363008
0.0370193
0.0324678
0.0432836
0.0405019
0.0386127
0.0369796
0.0449602
0.0446602
0.0489495
0.0454407
0.0542446
0.0549404
0.0556649
0.0605773
0.0688455
0.0721152
0.0750278
0.0884978
0.0951513
0.100584
0.10429
0.10521
0.099091
0.096958
0.0904575
0.0979193
0.0822147
0.065241
0.0773816
0.0761268
0.0536541
0.0573125
0.0532918
0.0518608
0.0573664
0.0492939
0.0344588
0.0487066
0.0444285
0.05284
0.0607009
0.0462286
0.0565486
0.0435312
0.0510187
0.0662683
0.0671723
0.0605072
0.0617409
0.0659825
0.068108
0.0628404
0.0682262
0.0671155
0.0792487
0.0758194
0.0850434
0.0854099
0.0940343
0.0945364
0.102825
0.105186
0.121799
0.115675
0.11878
0.11344
0.110821
0.0981552
0.0967852
0.0908288
0.0782417
0.070392
0.0585578
0.058253
0.0564499
0.05553
0.052986
0.0571836
0.0572222
0.0530002
0.0589623
0.0609443
0.0678303
0.0549176
0.0526107
0.0502142
0.0571323
0.0444908
0.0514121
0.0582993
0.0374639
0.0484684
0.0512241
0.0475292
0.0376143
0.0401738
0.04743
0.0425669
0.0503853
0.0568855
0.039331
0.0366434
0.0429858
0.0476756
0.0468472
0.0428566
0.0444405
0.0485644
0.0399307
0.0527197
0.0524573
0.0434633
0.0433494
0.0458773
0.0460882
0.0523798
0.0446699
0.048518
0.0507998
0.0462459
0.0476766
0.0450052
0.0470661
0.0435976
0.0427374
0.0550095
0.0416634
0.0415405
0.054902
0.0445562
0.0443252
0.0488793
0.0634971
0.0618443
0.0573066
0.065896
0.0718436
0.0642977
0.0712935
0.065825
0.0758697
0.0762014
0.0746884
0.0731066
0.0786459
0.0911932
0.0693283
0.0761147
0.0809429
0.101842
0.0955386
0.0936402
0.10475
0.102625
0.0970248
0.0847115
0.0994947
0.0927852
0.110715
0.103675
0.11541
0.111504
0.109673
0.104712
0.0800827
0.0895043
0.0901319
0.081618
0.0712415
0.0743594
0.0623731
0.0663545
0.0814682
0.0713749
0.0835462
0.0937425
0.0919429
0.0937129
0.103133
0.10241
0.11003
0.101122
0.113565
0.122534
0.129124
0.125233
0.114384
0.115168
0.114867
0.105578
0.0927418
0.103556
0.104116
0.0945578
0.117016
0.116105
0.0901935
0.055051
0.0942606
0.0878672
0.0817988
0.0947306
0.0832528
0.086889
0.120261
0.0888368
0.106769
0.0885413
0.129823
0.105737
0.118755
0.110565
0.111577
0.111684
0.148069
0.134642
0.124577
0.138026
0.125037
0.119077
0.120105
0.155684
0.113965
0.122523
0.126597
0.141558
0.147876
0.149175
0.148249
0.147976
0.135274
0.151975
0.164248
0.166406
0.158749
0.157125
0.149346
0.134995
0.146039
0.150852
0.129257
0.133179
0.120637
0.136011
0.109949
0.0790631
0.0835293
0.0832747
0.0741387
0.0704934
0.0887213
0.0542429
0.0580987
0.0795898
0.0993197
0.0779961
0.0557782
0.0539366
0.0917194
0.0585254
0.0680679
0.08607
0.106949
0.102356
0.0847021
0.119008
0.120352
0.161104
0.148445
0.137467
0.159978
0.124386
0.161979
0.158678
0.137864
0.136117
0.152374
0.155758
0.137615
0.171271
0.176886
0.160109
0.169485
0.142553
0.187662
0.167232
0.185078
0.185084
0.177924
0.189042
0.203728
0.19108
0.17597
0.165843
0.167999
0.160623
0.124293
0.134261
0.131935
0.105511
0.119936
0.0807187
0.157252
0.0747717
0.0719941
0.0738617
0.0631751
0.122269
0.068869
0.0654271
0.0848634
0.0374215
0.0825744
0.082682
0.0772601
0.0933551
0.0622553
0.0934601
0.0914833
0.046632
0.0785463
0.0780265
0.096351
0.0908172
0.073852
0.0631873
0.0759822
0.054794
0.0862568
0.0701278
0.0990449
0.0851177
0.0811392
0.0855721
0.115522
0.0859722
0.11011
0.160061
0.160645
0.124338
0.105761
0.108591
0.0675573
0.114786
0.111444
0.092371
0.117666
0.143616
0.093663
0.0439571
0.121936
0.115723
0.113028
0.114471
0.100672
0.0862886
0.112213
0.126702
0.130267
0.114326
0.0928386
0.127338
0.101656
0.124561
0.0511734
0.0811173
0.0913863
0.111147
0.0978161
0.117974
0.0971345
0.0690732
0.0923204
0.124804
0.103086
0.126085
0.138882
0.0862051
0.129283
0.0664082
0.101885
0.112811
0.0824634
0.124439
0.109429
0.05697
0.0896958
0.09919
0.08439
0.0815732
0.138097
0.0814586
0.0675656
0.0434524
0.0954643
0.0654705
0.0974414
0.0867906
0.0975456
0.0996517
0.104499
0.0780602
0.137969
0.122264
0.138827
0.0809296
0.110739
0.0649363
0.120509
0.0929345
0.0880765
0.100538
0.106435
0.123555
0.132464
0.12584
0.0972073
0.110419
0.114593
0.118505
0.138207
0.125271
0.111347
0.132624
0.140759
0.0688336
0.0859208
0.111669
0.0996268
0.09981
0.107242
0.0840663
0.0841005
0.0923232
0.102707
0.095753
0.0497998
0.0609634
0.0791575
0.0514642
