0.163277
0.16137
0.164926
0.171287
0.177508
0.175411
0.165979
0.189044
0.181672
0.192865
0.205122
0.199023
0.206908
0.211491
0.213415
0.220682
0.221808
0.223996
0.226462
0.227039
0.216847
0.222897
0.226491
0.234331
0.240712
0.252349
0.251747
0.266476
0.266109
0.26782
0.274328
0.277244
0.276861
0.285473
0.286363
0.295591
0.296108
0.296141
0.296808
0.289687
0.275717
0.285438
0.279374
0.279789
0.293488
0.309424
0.318649
0.323539
0.325405
0.330681
0.322448
0.289815
0.272998
0.269974
0.269756
0.269889
0.291881
0.346378
0.354476
0.339799
0.316934
0.274621
0.234629
0.195724
0.198015
0.175401
0.177183
0.166123
0.159399
0.147014
0.142818
0.141882
0.131561
0.128138
0.134406
0.13882
0.135728
0.135215
0.139449
0.141964
0.150086
0.140016
0.154241
0.158127
0.149616
0.157629
0.154164
0.16063
0.165893
0.171467
0.180217
0.177115
0.193886
0.202269
0.217887
0.235766
0.258582
0.27376
0.285964
0.297157
0.29683
0.301964
0.288138
0.266515
0.244447
0.224234
0.210832
0.210242
0.214231
0.217409
0.223346
0.227469
0.228283
0.230284
0.231749
0.229324
0.217287
0.220065
0.203989
0.209568
0.21293
0.221448
0.223666
0.229061
0.236184
0.247591
0.250498
0.25874
0.263935
0.264233
0.272587
0.272817
0.273237
0.272329
0.270551
0.272149
0.28679
0.297656
0.293415
0.28583
0.275156
0.243418
0.234117
0.232364
0.247054
0.245031
0.248499
0.272002
0.276918
0.287045
0.302704
0.301214
0.312387
0.319612
0.32523
0.327589
0.33152
0.332273
0.332236
0.335027
0.335724
0.342084
0.342674
0.332628
0.307004
0.256499
0.196401
0.154272
0.152122
0.138033
0.128682
0.125729
0.122699
0.123977
0.126
0.136389
0.132057
0.144818
0.148388
0.154158
0.158836
0.166256
0.179344
0.167072
0.16326
0.172749
0.165288
0.158948
0.152504
0.148028
0.146982
0.147648
0.153986
0.153991
0.158494
0.159644
0.159897
0.161598
0.161211
0.148809
0.14156
0.132784
0.132586
0.131939
0.140172
0.137144
0.152831
0.151312
0.153669
0.163401
0.173198
0.176262
0.183498
0.193861
0.194046
0.195862
0.203143
0.200992
0.205874
0.214235
0.214703
0.215373
0.214179
0.202808
0.187925
0.180129
0.161721
0.178449
0.174973
0.166092
0.170423
0.183688
0.185383
0.188956
0.198773
0.215699
0.22015
0.225122
0.244266
0.236245
0.243331
0.260247
0.262801
0.267625
0.274677
0.281107
0.2842
0.295897
0.292465
0.302317
0.30041
0.305281
0.310759
0.310848
0.305913
0.287604
0.241781
0.209475
0.196787
0.192245
0.189078
0.199979
0.197139
0.190368
0.203088
0.198908
0.217212
0.222246
0.229171
0.227622
0.237953
0.252056
0.251425
0.258038
0.266753
0.268243
0.271959
0.278429
0.273213
0.273477
0.251335
0.236703
0.208116
0.178378
0.153294
0.148946
0.151374
0.155106
0.171279
0.16679
0.169274
0.178838
0.191005
0.19953
0.197507
0.189583
0.188101
0.186206
0.178941
0.18077
0.181858
0.172635
0.15968
0.157727
0.150816
0.158505
0.161058
0.158305
0.159243
0.156896
0.166307
0.166967
0.170861
0.155832
0.164542
0.15635
0.155062
0.146975
0.143015
0.142976
0.146589
0.156296
0.126729
0.135585
0.153053
0.145341
0.14029
0.139987
0.14802
0.148277
0.147281
0.157076
0.172032
0.178091
0.182377
0.182133
0.180648
0.194061
0.194132
0.200333
0.193969
0.205848
0.208738
0.197623
0.208193
0.19788
0.18018
0.199947
0.170722
0.165002
0.161639
0.160885
0.160818
0.135912
0.160543
0.164815
0.170526
0.158657
0.166626
0.190788
0.183441
0.170015
0.171125
0.172566
0.183467
0.189867
0.184846
0.193163
0.206947
0.21936
0.223577
0.236107
0.24691
0.253912
0.254471
0.25501
0.25483
0.245057
0.22525
0.202455
0.171675
0.149436
0.145716
0.144815
0.146817
0.144062
0.149942
0.152156
0.162687
0.15691
0.162575
0.159971
0.157915
0.161213
0.149138
0.147094
0.136948
0.146208
0.141464
0.152159
0.142358
0.151268
0.14034
0.150301
0.154837
0.152994
0.166209
0.172893
0.192275
0.211894
0.231196
0.252255
0.27691
0.281449
0.279453
0.273959
0.275867
0.251738
0.244105
0.221621
0.207953
0.20818
0.236679
0.221636
0.239803
0.212136
0.21151
0.214231
0.221828
0.207979
0.216314
0.221833
0.209041
0.218959
0.203899
0.19607
0.181098
0.178193
0.180505
0.178498
0.180819
0.185393
0.188287
0.204659
0.183298
0.186298
0.190566
0.177531
0.19203
0.185805
0.181748
0.196906
0.186557
0.187078
0.178171
0.184525
0.18958
0.193621
0.192083
0.189581
0.19803
0.224156
0.197006
0.198809
0.183493
0.199491
0.210714
0.229259
0.207282
0.204967
0.217559
0.222269
0.233628
0.23197
0.227737
0.239092
0.253218
0.254318
0.266365
0.283068
0.320511
0.376452
0.378425
0.379089
0.343884
0.324854
0.291813
0.248817
0.219755
0.205382
0.191501
0.221163
0.251564
0.296391
0.362937
0.401847
0.408138
0.433677
0.406517
0.347471
0.268922
0.210362
0.1922
0.195909
0.179905
0.166326
0.176766
0.185925
0.174636
0.192119
0.199373
0.180943
0.199478
0.195325
0.195983
0.190537
0.202445
0.195798
0.211072
0.204175
0.208271
0.212375
0.188422
0.193039
0.164063
0.157969
0.161524
0.143241
0.152484
0.150618
0.139807
0.126939
0.144201
0.13847
0.117654
0.137137
0.117858
0.117247
0.123236
0.123064
0.123855
0.145982
0.133688
0.140788
0.148878
0.158532
0.168603
0.177107
0.163174
0.175795
0.172801
0.179891
0.159497
0.170563
0.163036
0.178963
0.155487
0.157132
0.137413
0.150992
0.146659
0.154669
0.141991
0.170173
0.154113
0.179647
0.196858
0.182448
0.202026
0.169636
0.179187
0.154839
0.151636
0.158127
0.158774
0.164262
0.163771
0.163107
0.156814
0.158953
0.169726
0.16478
0.155383
0.168719
0.159958
0.176793
0.16541
0.176234
0.201234
0.185291
0.18278
0.183315
0.16093
0.192309
0.179858
0.147092
0.144123
0.15194
0.146105
0.143909
0.133817
0.137267
0.146586
0.13534
0.119491
0.113894
0.115588
0.135589
0.135383
0.143327
0.126944
0.128
0.136109
0.134242
0.133044
0.116252
0.127996
0.116525
0.110233
0.104364
0.0968826
0.0935234
0.0969417
0.0994413
0.0995619
0.109045
0.113074
0.115627
0.121324
0.139473
0.126145
0.156931
0.160601
0.159874
0.165624
0.163181
0.15837
0.168036
0.147852
0.134878
0.0891971
0.0878414
0.0907233
0.0674153
0.0881172
0.105225
0.115602
0.130585
0.128104
0.131749
0.141955
0.124689
0.131137
0.138283
0.13785
0.139587
0.134483
0.13762
0.14886
0.162248
0.159532
0.141521
0.180476
0.155037
0.161948
0.175049
0.163524
0.153058
0.144881
0.160238
0.136627
0.128462
0.15351
0.145491
0.163049
0.15274
0.131229
0.156038
0.129719
0.159997
0.147258
0.151313
0.15729
0.16142
0.157111
0.158633
0.14939
0.140679
0.152154
0.127882
0.136899
0.116007
0.124946
0.124194
0.0983753
0.104584
0.121081
0.0985778
0.0974697
0.103342
0.0780768
0.0881146
0.0868109
0.0767321
0.0705232
0.088169
0.0766663
0.0648898
0.0545554
0.0650208
0.054269
0.0513657
0.059922
0.0768368
0.0565683
0.0493959
0.0520041
0.0719234
0.0535634
0.0452729
0.0536298
0.0551191
0.0542469
0.0537407
0.0470555
0.0592354
0.0679766
0.0572001
0.0537548
0.0645086
0.0543943
0.0535586
0.0564673
0.0601381
0.0630504
0.0786362
0.0669748
0.0890111
0.0693699
0.0645299
0.0694706
0.0653067
0.0907872
0.0742138
0.0721895
0.0638995
0.0707847
0.0653097
0.0503079
0.0577756
0.0485223
0.0528246
0.0429328
0.0620594
0.0358631
0.0406354
0.0361895
0.0552614
0.0609837
0.0585167
0.0507708
0.0579425
0.0731714
0.0711611
0.052501
0.0580132
0.0463418
0.0505346
0.0507501
0.0382571
0.0554206
0.052699
0.0617262
0.0542879
0.0593918
0.0525897
0.0644996
0.0734872
0.0753679
0.0975261
0.118119
0.115983
0.102948
0.109856
0.104908
0.0912243
0.111776
0.114206
0.12161
0.138264
0.126703
0.10856
0.103079
0.122466
0.112972
0.110775
0.115875
0.114035
0.158754
0.153352
0.163933
0.156166
0.167418
0.173142
0.173352
0.187103
0.196625
0.213262
0.216446
0.229209
0.202961
0.186639
0.179109
0.141612
0.119968
0.123479
0.12637
0.148743
0.120927
0.154128
0.145103
0.129358
0.143504
0.147843
0.150268
0.158511
0.185006
0.167129
0.159506
0.17378
0.1334
0.166037
0.142702
0.167087
0.181244
0.215329
0.209646
0.21781
0.21092
0.20556
0.235144
0.21307
0.180433
0.174699
0.184352
0.162065
0.160765
0.127646
0.122257
0.124889
0.0971027
0.0903441
0.0688509
0.0660212
0.0538715
0.046736
0.0380638
0.0433359
0.0253419
0.0193685
0.0216453
0.0163047
0.00542142
0.0140088
0.0165854
0.00829946
0.0188402
0.00603044
0.0100891
0.0139938
0.012541
0.0143084
0.0218061
0.0212214
0.0219208
0.0204475
0.0201382
0.0190595
0.00813444
0.0122807
0.00503827
0.00846256
0.00463782
0.00619555
0.00389321
0.0114967
0.0116212
0.00477558
0.00519399
0.00904176
0.00318864
0.00735232
0
0.00819159
0.00802343
0.0192884
0.0139632
0.0154159
0.0179782
0.0179858
0.0192356
0.00872439
0.0116154
0.0120227
0.0148032
0.0154654
0.0138358
0.0125356
0.0169972
0.0158923
0.0151969
0.0149027
0.0126328
0.0103625
0.0214785
0.0180902
0.0242734
0.0316451
0.0311438
0.0285885
0.0296028
0.0245406
0.0253854
0.0213844
0.0178278
0.0231318
0.0260317
0.0254545
0.0266623
0.0269399
0.029652
0.0199125
0.0241952
0.0268935
0.0296921
0.02397
0.0293688
0.0402685
0.0315366
0.0434149
0.0332757
0.0321412
0.024584
0.022981
0.0215573
0.0266099
0.0168023
0.0180243
0.0237939
0.0244282
0.0231523
0.0267684
0.0297485
0.0247506
0.0166389
0.0244271
0.03002
0.0290527
0.025637
0.0306809
0.0333376
0.0385148
0.0441139
0.0422071
0.0488216
0.0531295
0.0429782
0.0555518
0.0581851
0.0531565
0.0573559
0.0507509
0.0555637
0.056918
0.057733
0.0524944
0.0623573
0.0549829
0.0603954
0.0614898
0.0615595
0.0698925
0.0734647
0.0811681
0.087287
0.0844682
0.0763611
0.0909567
0.0919414
0.0911819
0.0946564
0.102638
0.0987012
0.0942249
0.0908659
0.0900783
0.0939586
0.0964181
0.0947772
0.0940229
0.0969354
0.095593
0.0891594
0.0897532
0.0945553
0.095876
0.0997865
0.106216
0.106672
0.115585
0.104752
0.11851
0.0991258
0.0984363
0.082311
0.0834137
0.0954378
0.0843946
0.0760467
0.0815634
0.0874594
0.0998666
0.0799936
0.0864885
0.092203
0.0769511
0.086396
0.0755961
0.0764004
0.0748221
0.0815451
0.0892648
0.0916784
0.0842549
0.0748601
0.0839339
0.0761392
0.0572328
0.0586408
0.0512267
0.0561881
0.0505328
0.0610734
0.0536384
0.0396479
0.0458162
0.0556101
0.0375389
0.0463824
0.0460045
0.0524867
0.0423021
0.0436038
0.0377959
0.0491505
0.0442941
0.0510724
0.0497906
0.0531378
0.0448151
0.0569293
0.0477833
0.0502875
0.0491198
0.0277655
0.0196176
0.0433883
0.0236846
0.0170052
0.019327
0.0152628
0.0189986
0.00756876
0.0150924
0.0138673
0.012848
0.0221919
0.0172396
0.0139701
0.00133544
0.0197193
0.0172003
0.0213105
0.0229071
0.0175644
0.0242266
0.0281233
0.0437204
0.0356361
0.0425818
0.0525181
0.0295806
0.0364044
0.0552537
0.0388985
0.0190495
0.035596
0.0335722
0.0317945
0.0183664
0.0183283
0.0116738
0.0166446
0.0202129
0.0173772
0.0165784
0.029605
0.0132928
0.0202597
0.015925
0.0124315
0.0184689
0.0245569
0.0163987
0.0150256
0.0242183
0.0250512
0.0286423
0.0223197
0.0233131
0.0154832
0.0129763
0.0202423
0.0254068
0.018599
0.0143195
0.0237296
0.0214527
0.0172882
0.0145339
0.0208525
0.018857
0.0173268
0.00988076
0.0164845
0.0152098
0.0188914
0.0136463
0.0161842
0.0148384
0.0187347
0.0151467
0.0155471
0.0106311
0.0198035
0.0267196
0.0209321
0.0437859
0.0329706
0.0481686
0.0290107
0.0421399
0.0314934
0.0302757
0.0297895
0.0313493
0.018953
0.0351556
0.0325243
0.0159933
0.0157954
0.0184259
0.018665
0.0191894
0.0215489
0.0237004
0.0104947
0.0203664
0.0184995
0.016897
0.0180841
0.0246359
0.0185299
0.0219205
0.0298341
0.0346279
0.0245783
0.0258196
0.0304017
0.0312885
0.035527
0.0387684
0.0481852
0.0325472
0.0540257
0.040164
0.0539902
0.0409043
0.0441853
0.0376823
0.0442533
0.0351188
0.0451035
0.048802
0.0357722
0.0403407
0.0429288
0.0385039
0.0439317
0.0388873
0.0363166
0.0462325
0.0398577
0.0332524
0.0482212
0.0427539
0.0430931
0.0495136
0.0474312
0.0526012
0.0591264
0.0641963
0.0707239
0.103018
0.142476
0.30662
0.485241
0.570332
0.600578
0.572424
0.488067
0.300401
0.158259
0.104664
0.0745646
0.0672745
0.0652074
0.0587228
0.065376
0.058391
0.0644004
0.0614265
0.0585745
0.0609093
0.0591044
0.0625453
0.0594352
0.0610316
0.0602702
0.056658
0.0595504
0.0583463
0.0601198
0.0560325
0.0554439
0.0559897
0.0532809
0.0495592
0.0559443
0.0424824
0.0433504
0.0421386
0.0481797
0.0572364
0.0510606
0.0462703
0.050216
0.0533139
0.0519342
0.0468513
0.0536322
0.051287
0.0528698
0.0592578
0.0576075
0.0570589
0.0602215
0.0600397
0.0594639
0.0649422
0.0577671
0.0540782
0.0572126
0.0578977
0.0566551
0.0587181
0.0600498
0.0610899
0.0612521
0.0633932
0.0584756
0.0660108
0.0613957
0.0588828
0.062505
0.0525182
0.0539065
0.0528182
0.0503788
0.0412658
0.0610175
0.0595747
0.0658358
0.05853
0.0516847
0.0643332
0.0575757
0.0569035
0.0468906
0.0510075
0.0509176
0.0614032
0.0568206
0.0568304
0.0544255
0.052528
0.0602545
0.0624053
0.0580442
0.0481124
0.0610672
0.0521425
0.0536385
0.0593299
0.0603309
0.0620265
0.0661274
0.0573946
0.0669811
0.0730886
0.0777427
0.0608802
0.0626269
0.0592234
0.0737269
0.0439616
0.0664702
0.0863571
0.067999
0.0975825
0.0826637
0.0650325
0.0815137
0.0823069
0.079228
0.069528
0.0843931
0.077901
0.076749
0.0800517
0.0765971
0.0713326
0.0724096
0.0730955
0.0810804
0.0710503
0.0718154
0.0730093
0.0721397
0.0769727
0.0755182
0.0750866
0.0773822
0.0690319
0.0613681
0.0742004
0.0710718
0.0747175
0.0803935
0.0766176
0.0532875
0.0854556
0.0893459
0.0637162
0.0807174
0.0919555
0.0736177
0.113366
0.0638208
0.100915
0.0885637
0.0853464
0.0833787
0.129569
0.107597
0.100831
0.100232
0.102614
0.109293
0.114827
0.0952825
0.113547
0.0989903
0.119804
0.132148
0.0903829
0.111455
0.0927106
0.102569
0.129147
0.113495
0.114114
0.132662
0.139857
0.0933627
0.119098
0.122912
0.127582
0.113329
0.0927827
0.133515
0.120088
0.0940434
0.114721
0.0919489
0.100376
0.0871525
0.0827712
0.112328
0.0899129
0.107151
0.0899165
0.0939248
0.0805823
0.0838862
0.0903136
0.0813429
0.1025
0.103113
0.088378
0.0905587
0.0786725
0.085362
0.109571
0.104546
0.0948733
0.0816724
0.105981
0.0771598
0.0990041
0.084433
0.0950568
0.0773675
0.0798889
0.096434
0.102859
0.117471
0.11776
0.11569
0.103063
0.096565
0.0852329
0.087148
0.078768
0.0527512
0.0842792
0.0692302
0.0619147
0.0627566
0.0680414
0.0568957
0.0764849
0.0731001
0.0503369
0.0699819
0.0733196
0.0682038
0.0726334
0.0762835
0.081091
0.0857118
0.093125
0.0863297
0.122796
0.118867
0.119254
0.131148
0.1344
0.143259
0.159806
0.169157
0.181896
0.199656
0.22065
0.209291
0.189315
0.174777
0.118903
0.0570843
0.0750417
0.067005
0.0696783
0.0621612
0.0499558
0.0539692
0.0695178
0.0602896
0.0545114
0.0626621
0.0647774
0.0774148
0.0566008
0.0618117
0.0429257
0.0512584
0.0557236
0.0632747
0.0649979
0.0496941
0.0638577
0.0572997
0.0532646
0.0556299
0.0634732
0.0598617
0.0654744
0.0503232
0.0539763
0.0656557
0.0475563
0.0506751
0.0569073
0.0609377
0.0556748
0.0573776
0.0615272
0.0540669
0.0580241
0.05566
0.0701795
0.0591182
0.0636767
0.062493
0.0636128
0.0619068
0.0547191
0.0640727
0.0552755
0.0643589
0.0632748
0.0540941
0.0520771
0.0493839
0.0354403
0.0573737
0.0508495
0.0557015
0.0534691
0.054047
0.0523295
0.0513364
0.0435161
0.0500738
0.0397261
0.0448856
0.0551388
0.0487401
0.0590726
0.0583185
0.0607377
0.0591996
0.0513572
0.053688
0.0533479
0.0568912
0.0665198
0.0586353
0.0572653
0.0538437
0.0538532
0.048114
0.0501667
0.0437329
0.0506448
0.0476931
0.0513512
0.0454936
0.0566073
0.0513471
0.0599347
0.0640201
0.0619846
0.0608403
0.0652073
0.0662587
0.0661195
0.0613964
0.0586197
0.0614839
0.0732339
0.0776917
0.0872389
0.0763148
0.0814474
0.0898573
0.0928328
0.0863069
0.0928696
0.0964302
0.11399
0.104739
0.0851354
0.0771097
0.0722159
0.0656577
0.0565264
0.0524746
0.0625622
0.0456407
0.0483268
0.0472735
0.0404807
0.0505132
0.049912
0.0452307
0.053278
0.0505819
0.0541782
0.0567003
0.0534311
0.0623658
0.0550136
0.059744
0.0535807
0.0679516
0.066707
0.071268
0.0740687
0.0829534
0.0769715
0.0842055
0.0940996
0.103544
0.10581
0.113484
0.120784
0.131378
0.138444
0.14045
0.147258
0.1442
0.134435
0.125495
0.126921
0.113794
0.0989644
0.100052
0.091309
0.0761624
0.0790912
0.0714967
0.0741579
0.0777697
0.0727076
0.0626271
0.0773093
0.0690486
0.0718543
0.0797945
0.0754162
0.0757257
0.0727405
0.0742243
0.0892492
0.0901535
0.0930864
0.0917575
0.0885615
0.0955874
0.101024
0.0953004
0.105277
0.114549
0.114361
0.128734
0.122776
0.135994
0.138689
0.146016
0.165159
0.16932
0.172753
0.168604
0.162538
0.163471
0.146244
0.132033
0.128763
0.11022
0.107584
0.0935566
0.0851506
0.0884411
0.0808116
0.0725125
0.0818538
0.0894459
0.0812356
0.0978654
0.0783425
0.0848753
0.0808242
0.0744492
0.0665883
0.0805303
0.0622226
0.0690578
0.0845065
0.0601557
0.0699831
0.0727129
0.0717322
0.0718361
0.0692723
0.0660385
0.0656999
0.0662938
0.0730645
0.0727136
0.0722044
0.0647715
0.0764787
0.0592606
0.0689294
0.0673324
0.0744594
0.0657317
0.0693965
0.0774752
0.0706013
0.073414
0.0718891
0.0752121
0.079469
0.0734761
0.0787907
0.072096
0.0763265
0.0806401
0.0711922
0.0676876
0.0649569
0.0766544
0.0766057
0.0668706
0.0791785
0.0745342
0.0701723
0.0776913
0.0812025
0.0743106
0.0794948
0.0781589
0.0720308
0.071124
0.0791732
0.0832631
0.0711527
0.080887
0.0791598
0.0848076
0.0834532
0.0863617
0.0987899
0.093214
0.108015
0.106698
0.118193
0.129682
0.132368
0.13002
0.117803
0.128255
0.119719
0.138395
0.13297
0.156172
0.154826
0.171864
0.154141
0.1522
0.133639
0.135086
0.123886
0.115977
0.108931
0.113033
0.109768
0.0750514
0.100135
0.103063
0.111683
0.101738
0.102929
0.121208
0.119326
0.130741
0.124847
0.129797
0.135427
0.143283
0.152231
0.150461
0.161137
0.133593
0.135943
0.148094
0.132704
0.134366
0.128408
0.12769
0.116889
0.13935
0.120729
0.11886
0.0952404
0.119328
0.120775
0.124883
0.122427
0.1307
0.118523
0.123027
0.115695
0.133481
0.123396
0.15683
0.125154
0.139612
0.144986
0.1481
0.17204
0.17862
0.142405
0.154724
0.163853
0.170721
0.147868
0.1564
0.187353
0.173406
0.169009
0.16499
0.200842
0.190516
0.188035
0.216216
0.208712
0.207009
0.221191
0.205837
0.216924
0.208205
0.208384
0.204287
0.208747
0.192766
0.184776
0.182047
0.178387
0.174507
0.156863
0.155009
0.119695
0.123449
0.0888786
0.0813221
0.101962
0.102295
0.0943929
0.096629
0.115844
0.103045
0.121312
0.0733823
0.101095
0.117989
0.132802
0.0858125
0.116885
0.119655
0.130253
0.105458
0.136784
0.15684
0.141515
0.174766
0.139197
0.211643
0.13567
0.207597
0.206768
0.214723
0.177045
0.213633
0.19982
0.194941
0.253262
0.211657
0.226163
0.229823
0.234744
0.245953
0.241124
0.253897
0.251012
0.264325
0.250391
0.253226
0.260608
0.238625
0.238296
0.227939
0.235052
0.19399
0.191884
0.167204
0.155642
0.15802
0.112149
0.128161
0.0830578
0.0552726
0.0935123
0.0919552
0.0830423
0.120336
0.0793061
0.0763287
0.0788117
0.090854
0.0990419
0.0453481
0.0907433
0.117532
0.126616
0.115966
0.0775285
0.0817836
0.0987319
0.0954539
0.104341
0.0926281
0.0792331
0.0822778
0.0704942
0.115635
0.110322
0.105341
0.120999
0.0872661
0.0923109
0.104185
0.107485
0.102179
0.150388
0.148911
0.133897
0.151952
0.159332
0.114785
0.142555
0.142742
0.13181
0.159823
0.12415
0.0902965
0.0999309
0.11225
0.10745
0.115787
0.138425
0.122462
0.122815
0.0796562
0.107802
0.12293
0.124496
0.129295
0.133574
0.0901367
0.117814
0.106902
0.107356
0.0979806
0.17078
0.110328
0.128449
0.106851
0.0560348
0.100792
0.131155
0.062276
0.0902215
0.164597
0.0926782
0.09068
0.127961
0.0916607
0.121754
0.0876533
0.133677
0.119356
0.0911087
0.107437
0.104282
0.132335
0.120872
0.141888
0.0857331
0.0637781
0.0803763
0.0894996
0.131091
0.0426578
0.102796
0.114438
0.0875106
0.119583
0.110642
0.164918
0.111826
0.0814716
0.0939648
0.136055
0.0825254
0.140148
0.135498
0.122322
0.113158
0.139113
0.122137
0.137964
0.147836
0.145953
0.135784
0.140999
0.131009
0.18991
0.116166
0.147532
0.139176
0.139125
0.120699
0.117496
0.102849
0.0988535
0.0912578
0.0934456
0.094467
0.0980021
0.0737128
0.110971
0.0965844
0.0757156
0.0596792
0.0677053
0.0601004
