0.186237
0.186907
0.187608
0.192271
0.195337
0.202935
0.192435
0.209577
0.21292
0.221807
0.230134
0.231967
0.236974
0.244512
0.24822
0.254015
0.261069
0.265435
0.263127
0.259202
0.259951
0.260824
0.266822
0.271536
0.28157
0.295098
0.295465
0.309926
0.311101
0.317716
0.320217
0.324342
0.326956
0.333959
0.336972
0.347732
0.349577
0.352816
0.345245
0.34188
0.330187
0.332588
0.332858
0.335666
0.349815
0.367381
0.379583
0.383371
0.386719
0.389769
0.378035
0.339492
0.319929
0.31727
0.317235
0.317736
0.341087
0.409865
0.421071
0.404395
0.376906
0.327045
0.276094
0.237037
0.223541
0.20244
0.199329
0.178483
0.179067
0.167629
0.15879
0.152022
0.150424
0.145114
0.146641
0.146284
0.153526
0.151478
0.155176
0.16288
0.162849
0.1681
0.176319
0.185183
0.176007
0.179188
0.17838
0.18563
0.190586
0.198158
0.206727
0.209744
0.221877
0.236869
0.255576
0.282952
0.307769
0.3338
0.346324
0.357695
0.359966
0.357001
0.348958
0.320072
0.291927
0.262445
0.244656
0.239614
0.244763
0.248275
0.2583
0.260398
0.264397
0.267093
0.267731
0.264638
0.258844
0.248451
0.247085
0.252152
0.248597
0.262362
0.265399
0.270848
0.27597
0.285169
0.291308
0.306773
0.310154
0.310058
0.319639
0.321135
0.320569
0.319711
0.318666
0.319099
0.3388
0.347786
0.343369
0.333939
0.319937
0.291047
0.268981
0.278321
0.281791
0.293011
0.297987
0.31287
0.326328
0.33354
0.347921
0.355118
0.366948
0.37949
0.384211
0.385814
0.393752
0.394527
0.394211
0.395686
0.396506
0.407635
0.411412
0.396244
0.362484
0.297981
0.233104
0.182933
0.161461
0.148798
0.137893
0.139169
0.132179
0.134384
0.13393
0.146458
0.147212
0.162875
0.166939
0.180363
0.183609
0.1875
0.194409
0.197002
0.190622
0.18564
0.183484
0.182014
0.16787
0.172386
0.163387
0.1698
0.168147
0.176284
0.180762
0.182722
0.181592
0.185098
0.183225
0.170324
0.16199
0.151764
0.153936
0.148477
0.147226
0.156833
0.161806
0.166837
0.185313
0.187442
0.19536
0.201659
0.206361
0.219248
0.219068
0.220412
0.2311
0.230876
0.240724
0.244341
0.248398
0.254606
0.249793
0.239457
0.222334
0.209858
0.193256
0.201765
0.203723
0.200785
0.205717
0.213086
0.222076
0.223039
0.231996
0.243004
0.257616
0.264623
0.2811
0.283214
0.294812
0.305687
0.315191
0.315865
0.325691
0.329568
0.338134
0.343916
0.346726
0.357214
0.364717
0.371847
0.373301
0.376295
0.37524
0.333582
0.289844
0.25689
0.225866
0.232332
0.206274
0.219951
0.23674
0.213527
0.235969
0.225878
0.257854
0.25644
0.262179
0.265742
0.272729
0.295254
0.292853
0.29987
0.307281
0.321715
0.319588
0.323765
0.321294
0.318757
0.303222
0.280872
0.244467
0.206165
0.177179
0.172526
0.160973
0.177259
0.188609
0.194317
0.195603
0.205521
0.206894
0.21695
0.227318
0.214417
0.233352
0.21017
0.214285
0.202693
0.199287
0.183614
0.179469
0.177095
0.172233
0.179727
0.185411
0.175998
0.171974
0.172533
0.185771
0.185482
0.193305
0.173287
0.17652
0.16967
0.161426
0.172525
0.160334
0.153813
0.170542
0.158527
0.141888
0.160707
0.165847
0.158627
0.166059
0.164978
0.169355
0.166777
0.171247
0.180189
0.191897
0.203997
0.20031
0.214785
0.215069
0.225476
0.223989
0.229369
0.231874
0.234465
0.239366
0.235984
0.231754
0.223253
0.226817
0.221333
0.206779
0.204372
0.18545
0.188532
0.17894
0.170355
0.193276
0.182096
0.197298
0.190688
0.194718
0.201892
0.199163
0.195972
0.19996
0.20426
0.206841
0.208725
0.219591
0.229161
0.236696
0.248736
0.26729
0.274758
0.28954
0.300843
0.285468
0.300202
0.303269
0.286084
0.265927
0.234833
0.190716
0.175973
0.172868
0.17378
0.166205
0.162348
0.162349
0.167197
0.180218
0.169062
0.185589
0.188463
0.171604
0.16755
0.175925
0.167455
0.158584
0.161814
0.160326
0.167717
0.169584
0.169473
0.165318
0.167355
0.177802
0.180257
0.177147
0.194958
0.220393
0.247831
0.269802
0.298351
0.322053
0.326653
0.325285
0.323849
0.321346
0.28889
0.264768
0.259251
0.243195
0.254017
0.261516
0.242865
0.267245
0.248645
0.247294
0.248944
0.252615
0.250915
0.248578
0.248591
0.256031
0.251487
0.238799
0.22902
0.209346
0.193945
0.20002
0.201454
0.215433
0.191416
0.21211
0.239143
0.221031
0.198325
0.215285
0.199305
0.226989
0.206813
0.200861
0.217952
0.206367
0.202149
0.201682
0.207718
0.214954
0.224942
0.214827
0.21493
0.229301
0.226449
0.220706
0.216237
0.22325
0.232479
0.247163
0.230315
0.239348
0.228245
0.253832
0.244308
0.25368
0.269993
0.259608
0.279748
0.278358
0.293104
0.307028
0.336844
0.374592
0.423276
0.446514
0.44646
0.40433
0.38208
0.351177
0.281613
0.254754
0.23243
0.234219
0.259422
0.307989
0.362574
0.435735
0.498157
0.521808
0.547312
0.506134
0.434616
0.344954
0.250507
0.224683
0.209013
0.204909
0.188795
0.205237
0.195359
0.208122
0.210321
0.219579
0.205507
0.226334
0.229592
0.225083
0.219815
0.226509
0.225062
0.234731
0.2361
0.233644
0.244677
0.224206
0.204546
0.186446
0.17284
0.175075
0.164593
0.15871
0.173888
0.156594
0.14368
0.149787
0.153354
0.12774
0.12951
0.116577
0.135347
0.14521
0.145535
0.138672
0.161544
0.151532
0.158796
0.156891
0.164744
0.181493
0.185817
0.183995
0.197035
0.189311
0.193386
0.170804
0.184347
0.190999
0.203388
0.183692
0.164737
0.162053
0.176679
0.166133
0.161987
0.175462
0.200938
0.187091
0.20218
0.208873
0.21691
0.228592
0.191854
0.195555
0.161775
0.17588
0.181863
0.172802
0.180002
0.167528
0.187034
0.169723
0.177915
0.184634
0.188237
0.18968
0.184074
0.181105
0.193572
0.184975
0.194923
0.212127
0.20393
0.212035
0.19788
0.190335
0.19792
0.185671
0.155606
0.151065
0.172388
0.158797
0.162179
0.146123
0.160701
0.177103
0.150642
0.151941
0.116608
0.135927
0.141581
0.143452
0.141674
0.131204
0.137279
0.147549
0.157591
0.148287
0.128338
0.136377
0.125767
0.118751
0.114759
0.110936
0.091109
0.10109
0.0981889
0.116662
0.117251
0.125508
0.125392
0.137859
0.153891
0.153056
0.178923
0.186457
0.180699
0.186948
0.190374
0.186309
0.20445
0.161485
0.155865
0.113482
0.097039
0.0887983
0.0827922
0.102978
0.103434
0.11969
0.134427
0.155659
0.150219
0.135799
0.166637
0.166915
0.151371
0.144659
0.159191
0.150948
0.172363
0.166355
0.189027
0.178469
0.188555
0.188956
0.180326
0.18309
0.190795
0.198865
0.186329
0.181692
0.183885
0.158148
0.161874
0.160432
0.145367
0.177884
0.178335
0.153414
0.179312
0.162782
0.151438
0.155952
0.172607
0.161719
0.188566
0.195184
0.159781
0.177538
0.167954
0.16381
0.130214
0.135292
0.131615
0.127793
0.148186
0.125671
0.133484
0.131309
0.0975562
0.0996937
0.106244
0.0968708
0.0937896
0.0927387
0.0964607
0.0850098
0.0886901
0.0914594
0.0761425
0.0626111
0.0657307
0.0551417
0.0508537
0.0682198
0.0721569
0.0660018
0.0680502
0.0620862
0.0655819
0.0634899
0.0563423
0.0671893
0.0554185
0.0586078
0.0511795
0.0579443
0.0582345
0.0583084
0.069596
0.0489291
0.0563811
0.0620106
0.0555922
0.0717797
0.0748871
0.072483
0.0743566
0.0721379
0.0863724
0.0736995
0.069789
0.071517
0.0778776
0.0805544
0.0766699
0.080832
0.0754859
0.0730101
0.0675143
0.0602797
0.0611219
0.0511345
0.0538537
0.0455076
0.0459603
0.0521228
0.0328206
0.047433
0.0530965
0.0480506
0.0565523
0.0566637
0.0649594
0.0637193
0.0759181
0.051141
0.0672029
0.0527199
0.0569012
0.0511632
0.0453276
0.075066
0.0629715
0.0612913
0.0513331
0.0645734
0.0554898
0.0765376
0.0813625
0.0944843
0.107209
0.122827
0.1266
0.111376
0.118608
0.116167
0.094817
0.128191
0.126189
0.121189
0.142932
0.139869
0.131354
0.128075
0.134323
0.12276
0.126204
0.12922
0.144593
0.161495
0.175841
0.186061
0.175171
0.184335
0.207669
0.195645
0.214872
0.215382
0.228571
0.264875
0.254603
0.22719
0.206839
0.195979
0.172297
0.140186
0.13955
0.147145
0.15367
0.14643
0.169231
0.169416
0.163797
0.164225
0.155007
0.155787
0.190543
0.190406
0.188303
0.190944
0.177777
0.149521
0.183716
0.162794
0.156184
0.206121
0.231193
0.236993
0.232361
0.23624
0.220123
0.233029
0.215404
0.221266
0.201558
0.208451
0.190638
0.162194
0.144394
0.145067
0.12658
0.115531
0.10107
0.0902523
0.07151
0.0735667
0.0549427
0.0407502
0.0297837
0.02325
0.019489
0.0180563
0.00837776
0.00604409
0.0179921
0.0121351
0.0112126
0.0131578
0.0106611
0.0142475
0.0109836
0.00928485
0.0125065
0.0207309
0.0220327
0.0256752
0.0218352
0.0219958
0.0238543
0.0107124
0.0112492
0.00421708
0.00315697
0.0027785
0.00400646
0.00647546
0.00744988
0.00471664
0.00522866
0.00345458
0.00494194
0
0.00118992
0.00298949
0.00595817
0.0111027
0.0153008
0.0169937
0.0166492
0.0211962
0.0138527
0.0154331
0.0147037
0.0102155
0.00982867
0.0111767
0.0159643
0.0127231
0.0153975
0.021085
0.0169758
0.0146217
0.016509
0.0123128
0.0151679
0.0243356
0.0194728
0.0284359
0.0327829
0.0321373
0.0255227
0.0296661
0.0187434
0.0197237
0.0192824
0.0197749
0.0255808
0.0252006
0.024528
0.0289473
0.0283803
0.0303648
0.0217846
0.0274766
0.0313613
0.0284806
0.0261375
0.0297278
0.0335777
0.0307319
0.0432407
0.0327053
0.0281512
0.0336966
0.0250973
0.0251448
0.028772
0.0207395
0.0246319
0.0306207
0.0279517
0.0336146
0.0328777
0.0301553
0.0300328
0.0288912
0.0276797
0.0312662
0.0270102
0.0309817
0.0359944
0.0396992
0.0437271
0.0467204
0.0434043
0.0521317
0.0597111
0.0556985
0.0581236
0.0651169
0.0561432
0.0565383
0.0565922
0.0594062
0.0626434
0.0714753
0.0629116
0.0665152
0.0684889
0.0722302
0.0721916
0.0687192
0.0809378
0.0805225
0.0845198
0.0862102
0.104624
0.0926804
0.0973973
0.0957727
0.110837
0.10941
0.112629
0.111129
0.0999641
0.11565
0.104886
0.108169
0.112455
0.110955
0.110209
0.105723
0.104002
0.105091
0.104093
0.109655
0.113282
0.110254
0.124933
0.120829
0.138493
0.126473
0.133891
0.119099
0.112665
0.104372
0.103545
0.105236
0.0962421
0.0956972
0.0893146
0.101446
0.0999088
0.0878228
0.0943546
0.101755
0.0908336
0.0912232
0.0839972
0.0905574
0.0849282
0.0956132
0.097105
0.0874738
0.0978083
0.0968058
0.0850404
0.0896448
0.0688157
0.0613046
0.0761574
0.0545703
0.0595869
0.0605281
0.0598337
0.0539512
0.0444417
0.0679716
0.0509995
0.0637608
0.0499361
0.0484968
0.0543808
0.0395922
0.0451593
0.0536476
0.046729
0.0548656
0.0624258
0.0671281
0.0513292
0.0474855
0.0537618
0.0507084
0.0534658
0.0398372
0.0300529
0.0425464
0.015239
0.017113
0.0126202
0.0170134
0.0139946
0.016348
0.0144041
0.0132473
0.0214354
0.0182011
0.0181241
0.0157739
0.0063406
0.014109
0.0132739
0.0173035
0.0259267
0.0244117
0.0180229
0.0274342
0.0361188
0.0394675
0.055829
0.062343
0.0362824
0.0446382
0.0407451
0.0598338
0.03337
0.0401297
0.0295169
0.0269089
0.0287676
0.0227601
0.0277915
0.0197782
0.0282334
0.020456
0.0152064
0.0189848
0.0162717
0.0204961
0.0128352
0.0141525
0.0157241
0.0218828
0.0116062
0.0194849
0.0205253
0.0199605
0.0332208
0.0248959
0.026102
0.0229213
0.0180496
0.0326749
0.0358105
0.0170903
0.0159382
0.0194476
0.0223092
0.0165623
0.010169
0.0206059
0.0224672
0.0124459
0.00726585
0.0217954
0.0235527
0.0183845
0.0219042
0.017093
0.0179998
0.0172564
0.0163694
0.0127483
0.0189529
0.0151832
0.0254398
0.0214922
0.0380167
0.0323995
0.0481932
0.0362147
0.0363898
0.0289199
0.0248975
0.0299302
0.0355581
0.0260854
0.031043
0.0286755
0.0255451
0.0203607
0.0201356
0.0183292
0.0213069
0.0235033
0.0215223
0.0164856
0.0253374
0.0231096
0.0204366
0.0187622
0.0184921
0.0242801
0.0247693
0.0229872
0.0306707
0.0283044
0.0334583
0.0331969
0.0359744
0.0417646
0.0427568
0.0443505
0.0359084
0.0528163
0.0441376
0.051131
0.0473349
0.0474321
0.0462309
0.0408691
0.0408371
0.0481194
0.0469876
0.037601
0.0418242
0.0468069
0.0411143
0.0469104
0.0433023
0.0500018
0.0469207
0.0466826
0.0412326
0.0530679
0.046528
0.0536253
0.0583713
0.0518049
0.0565185
0.0680867
0.0707036
0.0894772
0.121182
0.193573
0.387571
0.620417
0.727514
0.75382
0.724682
0.622762
0.38255
0.196218
0.119654
0.0916953
0.0837823
0.0781632
0.0667501
0.0762422
0.0723904
0.0793987
0.0708026
0.072598
0.0691265
0.0699772
0.074917
0.0730886
0.0724125
0.0704885
0.0677035
0.0676459
0.0687252
0.0696997
0.0694667
0.067362
0.0651778
0.0639638
0.0548607
0.061933
0.0582598
0.0526255
0.0618602
0.0569364
0.0590365
0.048002
0.0601734
0.062108
0.0561577
0.0536879
0.0542895
0.0616776
0.0546959
0.0595433
0.0691546
0.0645631
0.0659464
0.0647613
0.0669131
0.0669657
0.0733881
0.0725785
0.0639336
0.0677995
0.0669967
0.0656117
0.0712445
0.0724348
0.0743016
0.0722222
0.0740196
0.0664092
0.0681972
0.0663729
0.0679321
0.0765126
0.0643681
0.0566952
0.0627162
0.0602006
0.0602666
0.0593523
0.060838
0.0664253
0.0643847
0.0617876
0.0607443
0.0705726
0.0609351
0.0630635
0.0638861
0.060386
0.0725692
0.0656547
0.0663612
0.0653481
0.0614708
0.0680502
0.0690675
0.0595194
0.0644819
0.0640982
0.0588095
0.0628502
0.0719753
0.0746671
0.068841
0.0700261
0.067454
0.0787304
0.0862897
0.0778507
0.0709006
0.0760565
0.0859696
0.0637904
0.0743406
0.0671835
0.0759894
0.0796765
0.092824
0.0806201
0.0831047
0.0947729
0.0930956
0.0902779
0.0889379
0.0883974
0.095637
0.0834776
0.0803993
0.0942236
0.0878018
0.0888494
0.087999
0.0897299
0.0837564
0.0790644
0.0924626
0.0912633
0.0877967
0.0795422
0.0899907
0.0804922
0.0778914
0.0785207
0.0715739
0.0795506
0.0963809
0.0916672
0.0848023
0.0872664
0.115149
0.0972295
0.091129
0.0866977
0.104031
0.0888509
0.117083
0.0906602
0.0986624
0.0824734
0.106634
0.119629
0.118373
0.120276
0.106958
0.108749
0.112751
0.111785
0.131578
0.148822
0.126083
0.104607
0.11857
0.135551
0.117183
0.133353
0.107167
0.112684
0.133454
0.141977
0.136224
0.144417
0.153259
0.145454
0.134578
0.134745
0.122739
0.125505
0.109548
0.150066
0.127082
0.0973813
0.137642
0.116443
0.113741
0.0966319
0.125404
0.119756
0.1013
0.106804
0.112737
0.094684
0.122295
0.112429
0.083224
0.119016
0.0976431
0.102429
0.0802718
0.0924529
0.0958131
0.102624
0.100379
0.125055
0.0815284
0.0925964
0.0943611
0.0837026
0.101324
0.0927574
0.105046
0.0852996
0.0937954
0.108699
0.12519
0.131526
0.137533
0.149868
0.143534
0.13286
0.105265
0.0795647
0.103235
0.0629985
0.0719344
0.0796176
0.0595959
0.0826139
0.0904768
0.0682207
0.0730245
0.0835595
0.0762411
0.0699729
0.0862318
0.0961845
0.087947
0.080571
0.109109
0.102968
0.0979404
0.106152
0.143176
0.123007
0.144916
0.155378
0.167019
0.165164
0.18434
0.195848
0.224609
0.237475
0.25215
0.243349
0.220905
0.198609
0.141614
0.0858441
0.0872902
0.0866784
0.0786768
0.0801257
0.0717392
0.0768387
0.0653789
0.0616882
0.0705873
0.0763847
0.0779725
0.085953
0.0583388
0.0662287
0.0567119
0.0644439
0.0663966
0.0727328
0.0697511
0.0608405
0.075228
0.059957
0.0736234
0.0727562
0.0706747
0.0724466
0.077922
0.0571395
0.0616263
0.0806047
0.0704581
0.0744858
0.0673565
0.0692398
0.0689388
0.065853
0.0723023
0.0624418
0.0711339
0.0648078
0.0793198
0.0605362
0.0662826
0.0760791
0.0687336
0.070166
0.0658313
0.0693825
0.0719953
0.0776875
0.0703631
0.0557984
0.0692419
0.0627716
0.0567053
0.0605533
0.0572996
0.07062
0.0656013
0.0665801
0.0543971
0.0565956
0.0564391
0.0514718
0.0504189
0.066287
0.0631479
0.059574
0.0589239
0.0590107
0.0681649
0.066567
0.0574698
0.0597435
0.0677972
0.0620895
0.0716137
0.0668856
0.0680562
0.0618113
0.0571149
0.0620344
0.0561724
0.0524467
0.0560573
0.060598
0.066254
0.0512906
0.066845
0.0642367
0.0679957
0.0623459
0.069673
0.0640043
0.0791548
0.0733846
0.0729576
0.0630461
0.0750039
0.0738848
0.0807956
0.0875714
0.0931069
0.0950089
0.0950449
0.0957204
0.10897
0.0999357
0.120091
0.117323
0.116886
0.116826
0.109327
0.0975517
0.0864205
0.0763734
0.0607207
0.0555826
0.0621856
0.0511071
0.0620158
0.0591923
0.0528502
0.0609777
0.0559603
0.0571107
0.0620601
0.0557958
0.059595
0.0651975
0.0648073
0.0686503
0.0668332
0.069757
0.0685432
0.0833995
0.0802352
0.0784058
0.088056
0.0942552
0.0930381
0.0971804
0.102597
0.117613
0.121636
0.131046
0.140598
0.151961
0.163144
0.166987
0.172524
0.167522
0.156472
0.148283
0.140453
0.128887
0.117174
0.111839
0.113256
0.0901181
0.0915804
0.0916756
0.0871765
0.0850563
0.0756609
0.0738384
0.0754863
0.0741854
0.0749237
0.0921149
0.0863282
0.0889876
0.0859484
0.0942937
0.100279
0.103522
0.103895
0.10772
0.110014
0.116737
0.114196
0.116935
0.120932
0.136908
0.139456
0.144423
0.152225
0.157702
0.16335
0.172444
0.18705
0.201826
0.200552
0.200856
0.19601
0.19091
0.179776
0.160892
0.154318
0.134098
0.12773
0.10742
0.101864
0.096806
0.103619
0.0937735
0.0923886
0.107446
0.0967923
0.112169
0.0929611
0.100112
0.094184
0.089149
0.0871168
0.0872299
0.0918243
0.0814891
0.0852614
0.0718602
0.0937785
0.0807354
0.0799956
0.0882278
0.0845067
0.0777806
0.0715153
0.078787
0.0821906
0.0755637
0.0790402
0.0789211
0.0799312
0.0844146
0.0824427
0.0816107
0.0871605
0.0838819
0.0882388
0.088754
0.0799023
0.08496
0.0861601
0.0893838
0.0791709
0.0866287
0.0936058
0.0910809
0.0889617
0.092746
0.0844604
0.0865525
0.0797109
0.0835242
0.0933605
0.0808002
0.0873664
0.0867338
0.0819367
0.0885869
0.0957637
0.0918062
0.0780361
0.0741661
0.0808516
0.079678
0.0772252
0.0781962
0.0786613
0.0839152
0.0810572
0.0893697
0.0871407
0.0872142
0.110983
0.102798
0.106583
0.115084
0.132239
0.143199
0.146208
0.159589
0.138696
0.161725
0.148784
0.163667
0.170841
0.188303
0.202082
0.201581
0.204091
0.180109
0.173966
0.14468
0.170258
0.145456
0.13654
0.127677
0.133021
0.110373
0.123135
0.124442
0.115326
0.122592
0.128961
0.141966
0.140831
0.147465
0.142683
0.152665
0.162863
0.166638
0.169996
0.172345
0.176331
0.16973
0.163066
0.167723
0.160206
0.160114
0.155533
0.155401
0.136892
0.152105
0.137374
0.137814
0.115432
0.144622
0.141993
0.0998578
0.129882
0.149142
0.150708
0.173899
0.133788
0.155937
0.162647
0.199422
0.140399
0.155908
0.161212
0.168654
0.150967
0.21275
0.184995
0.190452
0.208279
0.183026
0.186402
0.202031
0.213027
0.198855
0.205751
0.21175
0.239325
0.22037
0.215801
0.241121
0.230592
0.226403
0.253666
0.237591
0.260167
0.24779
0.248243
0.239804
0.232975
0.238523
0.2253
0.212676
0.203574
0.169734
0.181769
0.187349
0.156629
0.156745
0.129225
0.111221
0.126081
0.133582
0.103255
0.0886695
0.123766
0.137352
0.16024
0.0886573
0.129756
0.155187
0.158529
0.110939
0.156966
0.160104
0.161818
0.14739
0.188205
0.153072
0.187843
0.194022
0.211954
0.226849
0.222667
0.239324
0.235952
0.245481
0.209228
0.245713
0.262106
0.244136
0.295007
0.280113
0.252217
0.286578
0.291051
0.308416
0.284157
0.303742
0.306218
0.29922
0.298908
0.293074
0.304061
0.307919
0.287652
0.278189
0.268441
0.252288
0.230085
0.22366
0.190739
0.192405
0.131096
0.157217
0.141815
0.0765996
0.12064
0.119766
0.122667
0.112186
0.13382
0.0778503
0.0782061
0.115457
0.134007
0.110403
0.0907718
0.127023
0.128413
0.114175
0.111969
0.0818736
0.124502
0.0977008
0.0997608
0.128133
0.0955581
0.107563
0.0878739
0.127325
0.123078
0.138237
0.148955
0.148779
0.129028
0.140122
0.127861
0.107503
0.151353
0.193661
0.1689
0.172081
0.173848
0.133723
0.191331
0.146535
0.129136
0.186692
0.174259
0.129855
0.112166
0.144307
0.167504
0.129888
0.149516
0.13404
0.14259
0.140674
0.136037
0.13997
0.13773
0.17685
0.139589
0.121102
0.135641
0.0841706
0.107193
0.104088
0.152828
0.163757
0.130499
0.175399
0.112511
0.149926
0.16691
0.111014
0.14574
0.136287
0.127129
0.159586
0.132219
0.101584
0.082688
0.0884755
0.168471
0.130105
0.0940178
0.0933154
0.145748
0.141661
0.0999427
0.126073
0.114376
0.144229
0.110628
0.0947561
0.146221
0.10195
0.125808
0.16003
0.15909
0.108604
0.116915
0.174003
0.14117
0.150274
0.126
0.139268
0.1084
0.168711
0.136898
0.176526
0.134596
0.174813
0.153069
0.208896
0.155566
0.159587
0.15721
0.171328
0.177653
0.18445
0.159632
0.156718
0.169822
0.177552
0.121404
0.136306
0.170119
0.167343
0.125333
0.10937
0.111355
0.125289
0.117099
0.133813
0.130269
0.0908831
0.0645988
0.0707687
0.0482924
