0.143451
0.139898
0.132398
0.144882
0.14166
0.147893
0.13753
0.153648
0.152504
0.162838
0.171493
0.164995
0.177584
0.178209
0.181161
0.186034
0.183129
0.188596
0.183415
0.181933
0.181438
0.177667
0.189159
0.190276
0.194117
0.205533
0.2047
0.219605
0.214262
0.218412
0.222579
0.22385
0.222136
0.228295
0.230059
0.232901
0.235965
0.23552
0.230108
0.226985
0.21771
0.222237
0.223616
0.220113
0.229333
0.245583
0.250204
0.254535
0.254204
0.258396
0.255049
0.238348
0.225635
0.222864
0.223311
0.223209
0.240993
0.267635
0.272554
0.259948
0.246248
0.218081
0.188622
0.159758
0.155501
0.136394
0.152269
0.131728
0.130684
0.127749
0.12027
0.123645
0.123871
0.114509
0.115489
0.11846
0.122242
0.122704
0.125079
0.122253
0.129388
0.125695
0.127726
0.135094
0.124049
0.131201
0.133968
0.140013
0.138809
0.145121
0.151238
0.154188
0.16173
0.165953
0.178249
0.190164
0.202494
0.2105
0.223677
0.224494
0.230511
0.229081
0.227727
0.212078
0.196476
0.185882
0.177677
0.17806
0.180378
0.182665
0.187147
0.189107
0.191063
0.192249
0.189563
0.186438
0.179884
0.176816
0.17212
0.171927
0.168845
0.183284
0.188183
0.181909
0.196933
0.199773
0.199792
0.210879
0.216538
0.213658
0.221495
0.222796
0.222283
0.223954
0.223495
0.223482
0.231499
0.234317
0.231229
0.228985
0.207306
0.187999
0.192107
0.18241
0.194059
0.187029
0.198993
0.216896
0.213359
0.219908
0.234706
0.23184
0.245397
0.25026
0.254779
0.252986
0.259695
0.261376
0.261744
0.260368
0.265719
0.268734
0.267974
0.25494
0.238557
0.202012
0.168161
0.132904
0.130393
0.127242
0.11632
0.114787
0.113014
0.116768
0.115259
0.125968
0.123477
0.1279
0.131795
0.134933
0.131824
0.136366
0.150562
0.139959
0.133303
0.1415
0.137654
0.139454
0.130153
0.134227
0.128624
0.133766
0.133363
0.140478
0.141425
0.139307
0.140885
0.141443
0.140212
0.121262
0.123856
0.111168
0.110087
0.113856
0.114113
0.109815
0.12805
0.120497
0.128026
0.138996
0.148652
0.146174
0.153612
0.157699
0.161272
0.164734
0.172868
0.171312
0.170137
0.174737
0.179743
0.183616
0.178038
0.166429
0.144949
0.146163
0.133809
0.136728
0.139686
0.135987
0.142071
0.14913
0.144338
0.153162
0.160592
0.165225
0.179812
0.182825
0.187151
0.191442
0.197268
0.210763
0.214035
0.21269
0.218252
0.222427
0.23078
0.232808
0.230741
0.234326
0.233667
0.237558
0.233956
0.237412
0.233939
0.213057
0.188715
0.168112
0.145923
0.146889
0.143117
0.149619
0.147113
0.152205
0.168045
0.145885
0.171709
0.171708
0.177515
0.178957
0.186713
0.195316
0.201638
0.198546
0.206316
0.218969
0.217096
0.217978
0.221098
0.217235
0.208524
0.197791
0.173997
0.153237
0.133474
0.131597
0.119435
0.134278
0.134841
0.130733
0.127457
0.139675
0.151773
0.161994
0.147293
0.156012
0.154848
0.147699
0.151647
0.142195
0.142067
0.141283
0.138125
0.13298
0.130073
0.131682
0.144841
0.139684
0.13888
0.1314
0.13976
0.144778
0.135648
0.122287
0.128077
0.121231
0.114536
0.123213
0.104303
0.110188
0.121499
0.119522
0.0906748
0.112566
0.124079
0.11122
0.105081
0.11633
0.111079
0.120588
0.128284
0.134562
0.139921
0.145866
0.144104
0.149685
0.153802
0.164449
0.156434
0.160787
0.163358
0.168333
0.165445
0.160823
0.164061
0.14984
0.138702
0.135497
0.137351
0.135507
0.124042
0.117649
0.117863
0.117083
0.125767
0.126754
0.125576
0.123742
0.138787
0.140473
0.139117
0.128827
0.140003
0.135081
0.144635
0.137847
0.150357
0.16222
0.154588
0.172045
0.186825
0.195956
0.198248
0.201138
0.201028
0.207408
0.204248
0.192076
0.179678
0.152958
0.136411
0.119232
0.115982
0.125675
0.122247
0.115036
0.117924
0.119451
0.13395
0.119807
0.121062
0.124519
0.128772
0.121717
0.117413
0.117014
0.108549
0.128335
0.126028
0.122473
0.116662
0.131206
0.128277
0.125152
0.135231
0.124512
0.138313
0.144119
0.161389
0.172413
0.184766
0.191794
0.215256
0.209383
0.210631
0.214021
0.206531
0.187251
0.18225
0.176353
0.149543
0.150649
0.162628
0.161411
0.177722
0.16209
0.168548
0.171739
0.170431
0.164799
0.170443
0.172898
0.174039
0.169981
0.1719
0.161259
0.156898
0.143233
0.146523
0.145293
0.149732
0.145801
0.141031
0.169466
0.125559
0.134988
0.13533
0.123171
0.145891
0.140444
0.141731
0.133004
0.135226
0.126442
0.12258
0.135103
0.138225
0.145122
0.141369
0.143821
0.144986
0.165493
0.149031
0.14604
0.145641
0.156171
0.162913
0.161814
0.170251
0.167532
0.17961
0.161802
0.172261
0.197746
0.177385
0.182827
0.188726
0.206627
0.211093
0.22188
0.224055
0.243346
0.269309
0.261825
0.245644
0.221412
0.219457
0.172888
0.15714
0.132726
0.148944
0.17058
0.209136
0.261262
0.310975
0.364196
0.359913
0.401828
0.360693
0.303717
0.239465
0.163536
0.144597
0.146523
0.13599
0.126023
0.136739
0.140793
0.14736
0.140357
0.154523
0.148258
0.157242
0.144314
0.151249
0.143837
0.16301
0.155547
0.162838
0.160536
0.152193
0.167046
0.160007
0.150169
0.118154
0.115198
0.136213
0.123415
0.115143
0.115154
0.100349
0.0908657
0.115746
0.118097
0.10338
0.104788
0.104391
0.108973
0.110816
0.116021
0.107883
0.126845
0.115716
0.116601
0.115511
0.125274
0.120261
0.13128
0.124967
0.117704
0.123226
0.131276
0.0942038
0.10481
0.127533
0.13979
0.108578
0.105372
0.112583
0.111838
0.10898
0.118439
0.108467
0.121842
0.120595
0.12
0.133272
0.141905
0.147671
0.125252
0.124188
0.120334
0.118971
0.132512
0.116644
0.129188
0.131652
0.12315
0.130862
0.12259
0.136733
0.139406
0.140243
0.136045
0.134691
0.148016
0.130484
0.128318
0.150128
0.134605
0.127747
0.107591
0.119186
0.140085
0.12862
0.107608
0.0885691
0.110733
0.111159
0.0758273
0.0760725
0.100342
0.11072
0.0893457
0.0916988
0.0725696
0.0817672
0.0911228
0.0759729
0.0923366
0.111579
0.1031
0.103577
0.103006
0.101829
0.0833815
0.100159
0.0883054
0.087488
0.0744024
0.0772743
0.0580879
0.0660636
0.0822919
0.0838256
0.0862675
0.0869998
0.0767899
0.0950545
0.112276
0.0893262
0.111176
0.123497
0.114851
0.113131
0.123255
0.111581
0.106864
0.0971405
0.0956806
0.0746521
0.070395
0.0735958
0.0477526
0.0782045
0.0865347
0.088567
0.0905216
0.122819
0.12365
0.0933535
0.105867
0.0961792
0.102736
0.0836966
0.102916
0.103642
0.098439
0.104802
0.119681
0.130902
0.121232
0.115871
0.104281
0.109579
0.116044
0.128064
0.121921
0.12343
0.103927
0.0953769
0.0930516
0.114863
0.113772
0.12708
0.119716
0.0943494
0.116777
0.100127
0.116132
0.0982149
0.103257
0.117108
0.12917
0.137991
0.118321
0.108897
0.108466
0.112208
0.0967068
0.0913375
0.0878463
0.107171
0.0939643
0.087369
0.0808201
0.0959609
0.0691112
0.0627842
0.0777953
0.0595134
0.0683579
0.0743103
0.068415
0.0509727
0.0531503
0.0530634
0.0389695
0.0534806
0.0455821
0.0516753
0.044848
0.0419906
0.0587639
0.042863
0.034088
0.0363588
0.0517886
0.0421153
0.0457798
0.0496684
0.0517309
0.0403968
0.0402837
0.0338912
0.0434898
0.047845
0.0492084
0.0563155
0.0414828
0.041057
0.0362669
0.0483766
0.0517552
0.0544039
0.0504896
0.0520906
0.0606011
0.0464364
0.0552268
0.0487631
0.0525967
0.0654935
0.0525393
0.0511777
0.0511826
0.0575416
0.0462319
0.0502126
0.0409084
0.0431923
0.0319293
0.0383428
0.0355007
0.0334583
0.0336708
0.0349912
0.0322716
0.0367973
0.0359704
0.0373199
0.0319024
0.0528592
0.0499623
0.037688
0.0462291
0.0415035
0.0419066
0.0521459
0.033774
0.0487915
0.0448161
0.0353893
0.0408158
0.0370197
0.0429666
0.0458802
0.0496398
0.0636091
0.0741103
0.0764801
0.0646818
0.0717529
0.0645348
0.0645656
0.06186
0.0716348
0.0895047
0.083646
0.0767665
0.106361
0.0981721
0.0833059
0.0782684
0.0897176
0.0848663
0.0914772
0.0864525
0.111433
0.104237
0.104472
0.0880644
0.128612
0.125288
0.119441
0.128259
0.123046
0.148273
0.16252
0.177029
0.140414
0.131302
0.122055
0.103332
0.0918396
0.107412
0.0938677
0.0964535
0.0970733
0.111263
0.113781
0.0956256
0.105384
0.110983
0.0817067
0.129197
0.142839
0.129518
0.109512
0.122508
0.105922
0.120157
0.0975878
0.130965
0.130027
0.139725
0.128387
0.158994
0.130523
0.134241
0.16243
0.134039
0.125393
0.131413
0.14341
0.119667
0.123883
0.101502
0.0845392
0.0796176
0.079209
0.0677158
0.0632847
0.04489
0.0484171
0.043328
0.0442249
0.0282142
0.01533
0.020376
0.0196193
0.00989054
0.00742652
0.0144317
0.0183401
0.010086
0.0131889
0.0119605
0.0129025
0.0157077
0.0116904
0.00912567
0.0259687
0.014959
0.0276509
0.0234334
0.0224996
0.0209101
0.0109266
0.0150349
0.0044684
0.00796617
0.00840252
0.00920875
0.00578564
0.0096346
0.00550428
0.00689489
0.00646635
0.00966416
0.00750737
0.00142619
0.00598116
0.00214937
0.0100087
0.014302
0.00879889
0.0153306
0.0166461
0.016212
0.0110208
0.00568124
0.0127445
0.0112319
0.0197227
0.0102534
0.00740736
0.0119935
0.0158803
0.0164714
0.0108693
0.0116755
0.0161203
0.0162031
0.0244455
0.0202661
0.0257581
0.0346479
0.0293577
0.0242796
0.020478
0.0168358
0.015376
0.0163168
0.0161956
0.0212017
0.0231996
0.0230005
0.0234958
0.0216941
0.024914
0.0193592
0.0246133
0.0213968
0.0252279
0.019681
0.0239777
0.0296719
0.0267342
0.0312822
0.0204639
0.0351432
0.0247215
0.0177655
0.0193632
0.0248667
0.0140453
0.0202991
0.0215658
0.019896
0.024719
0.0203937
0.0178733
0.0182528
0.0143063
0.0213631
0.0196425
0.0222934
0.0228913
0.0231205
0.0291979
0.0303916
0.0361271
0.0329709
0.0340772
0.0395205
0.038591
0.0431678
0.0509942
0.0391068
0.0466915
0.0344675
0.0390433
0.0345036
0.0450779
0.0381784
0.0440481
0.0488765
0.0494823
0.0483838
0.0458441
0.0510139
0.0501587
0.0521066
0.0682869
0.0627901
0.0508289
0.0634834
0.0683195
0.0701074
0.0650527
0.0684689
0.0710128
0.0693504
0.0713915
0.0661926
0.0697717
0.0719686
0.0768478
0.0642665
0.0653942
0.0658189
0.0636416
0.0643494
0.0754632
0.0784552
0.0723274
0.0783254
0.0742894
0.0884469
0.0753252
0.0895141
0.0820757
0.0735097
0.063466
0.05109
0.0587098
0.0741962
0.0684488
0.0480028
0.0591291
0.0744937
0.0548932
0.0641292
0.0674512
0.0638252
0.0589691
0.0556192
0.0551209
0.0554048
0.0566482
0.0624741
0.0671323
0.0707888
0.05306
0.0661531
0.0578978
0.0512552
0.0515314
0.0446051
0.0455932
0.0405931
0.0471642
0.0420973
0.0399131
0.0320826
0.0458327
0.0339673
0.0375196
0.0372706
0.0355041
0.0367529
0.0252061
0.0283805
0.0264758
0.0340294
0.0350328
0.0448255
0.0383123
0.034725
0.0304692
0.0326715
0.0319057
0.0464231
0.0306778
0.0254108
0.0448418
0.00954633
0
0.0179106
0.0204953
0.0195272
0.0101261
0.0162253
0.0206872
0.0140424
0.0189435
0.0177666
0.010186
0.0101298
0.0182207
0.0110913
0.0162175
0.0246033
0.0168757
0.0156233
0.0136848
0.0314079
0.0257425
0.0302844
0.0383353
0.0241836
0.0250556
0.0386731
0.0335206
0.0199504
0.0284951
0.0233029
0.0257944
0.0219882
0.0141647
0.0253045
0.0186626
0.0167971
0.0235035
0.0125081
0.0159414
0.00422277
0.0165237
0.00835435
0.00933101
0.0176771
0.0151401
0.0121117
0.0182842
0.0181124
0.0270728
0.0283785
0.00936137
0.0158163
0.0216557
0.0208665
0.0188909
0.0230895
0.0142975
0.0193745
0.0231205
0.0174159
0.0130602
0.0103366
0.0148189
0.00941486
0.0135703
0.00896134
0.0200702
0.0147118
0.0192237
0.0181913
0.0132529
0.0164404
0.0130568
0.0207227
0.0184816
0.00984132
0.0162396
0.020711
0.0174211
0.035283
0.0247793
0.0366362
0.0249493
0.0278389
0.0342927
0.0209436
0.0248263
0.0240503
0.0222939
0.0204438
0.0215192
0.0182533
0.0210969
0.00882516
0.0204783
0.0147393
0.0214638
0.0107876
0.0136318
0.0143427
0.0165166
0.0126873
0.0160961
0.0245553
0.0166819
0.0187823
0.0201883
0.0181387
0.0186497
0.0263198
0.0209959
0.0236439
0.0307561
0.0280604
0.0243399
0.0238455
0.040168
0.0293002
0.0463431
0.0350711
0.0418101
0.0296833
0.0323487
0.0248416
0.0301804
0.0304969
0.0232542
0.0263603
0.0357806
0.0274001
0.0326089
0.0265242
0.0295601
0.0349117
0.0312873
0.0263426
0.0329572
0.0311193
0.036253
0.037394
0.0394394
0.0481372
0.0495108
0.0503028
0.0620861
0.083546
0.138468
0.280396
0.451754
0.539003
0.557047
0.526656
0.451716
0.279745
0.149358
0.0862172
0.0611013
0.061021
0.0536096
0.0449201
0.0483168
0.0497085
0.0474482
0.0496463
0.0479467
0.0392148
0.0435065
0.049607
0.0408846
0.0454755
0.0451477
0.0436935
0.048778
0.0423849
0.0450645
0.0411051
0.0454624
0.0427137
0.0457216
0.0346464
0.0396749
0.0355108
0.029292
0.0337046
0.0378306
0.0481801
0.0360712
0.0429439
0.0460432
0.0451582
0.0347752
0.0370626
0.0452803
0.0413099
0.0395512
0.0456466
0.0406716
0.0476134
0.046795
0.0450169
0.044951
0.0514325
0.0457667
0.0411309
0.0394016
0.0444283
0.0459198
0.0431154
0.0491145
0.0465202
0.0454174
0.0461458
0.0375604
0.0468027
0.0430157
0.0546058
0.0558112
0.0465967
0.0440533
0.0491718
0.0512244
0.044895
0.0466977
0.044997
0.0462441
0.0499131
0.0415346
0.0432176
0.0438052
0.0390446
0.0435735
0.0392795
0.0383554
0.0438842
0.0410263
0.0457132
0.0468405
0.0445716
0.047327
0.0479097
0.0415612
0.0453096
0.0457979
0.0394787
0.0366375
0.04698
0.0449023
0.04123
0.0421371
0.0522646
0.0453352
0.0418099
0.0541918
0.0497096
0.0426313
0.0449856
0.0496803
0.0237772
0.0361348
0.0447682
0.0607111
0.0708583
0.0453575
0.0423235
0.0491814
0.0590923
0.0577165
0.0473135
0.0556065
0.0566832
0.0524895
0.0496497
0.0556978
0.0544673
0.0401624
0.0429243
0.0620761
0.051556
0.0482229
0.0565949
0.0569434
0.0569477
0.0614678
0.0530947
0.0448923
0.051521
0.0552494
0.0492242
0.0490533
0.0525841
0.0442379
0.052358
0.0585928
0.0539028
0.0249079
0.0440674
0.0701135
0.0568681
0.0430824
0.0773436
0.0598765
0.0602999
0.0400495
0.0540273
0.0817165
0.0777412
0.0739139
0.066555
0.0817479
0.0771567
0.0641016
0.0888095
0.0786642
0.0865171
0.0742841
0.0883423
0.0887485
0.0982021
0.0711763
0.039008
0.0680675
0.067491
0.078627
0.0813986
0.102096
0.109718
0.0803348
0.0936301
0.0999883
0.0776379
0.0912905
0.077414
0.107128
0.0717513
0.0404509
0.0999642
0.0559137
0.0758493
0.0593834
0.0733246
0.0894202
0.0955316
0.081832
0.0876929
0.059865
0.074464
0.0651031
0.0519135
0.0761454
0.0540162
0.0613902
0.0635412
0.0581361
0.0501673
0.0639836
0.0607205
0.0961944
0.0781986
0.0509402
0.0724055
0.0548558
0.0676528
0.0522525
0.0622052
0.0491077
0.0548438
0.0746116
0.0817294
0.0964083
0.087563
0.081001
0.0865771
0.0821117
0.0553505
0.047512
0.0483335
0.0489105
0.0523743
0.0620278
0.0443434
0.0391202
0.0525234
0.0558044
0.0681296
0.0597829
0.0465556
0.0638046
0.0491663
0.0501882
0.0621368
0.0549969
0.0598961
0.0659119
0.0615986
0.0600131
0.0965956
0.0815011
0.0920514
0.104617
0.113958
0.10386
0.121654
0.135175
0.141413
0.149458
0.169268
0.157489
0.148782
0.13415
0.0953289
0.0589175
0.0495999
0.0485211
0.0637943
0.0426113
0.0408017
0.0446934
0.0558577
0.0462632
0.0425652
0.0348905
0.0429095
0.051651
0.0519969
0.0455486
0.0337087
0.0411255
0.0506152
0.0531567
0.0353706
0.0336208
0.0409301
0.0411526
0.0421051
0.0453109
0.0481424
0.040039
0.0501243
0.0346718
0.0370596
0.0489995
0.0407692
0.0397456
0.0466261
0.0443404
0.048426
0.0420986
0.043482
0.0404287
0.0444611
0.0406033
0.0491511
0.0447905
0.0431236
0.0467239
0.0470371
0.0433406
0.0452272
0.0477064
0.0392341
0.0482349
0.0548562
0.0454783
0.0350024
0.0328393
0.0384231
0.0442467
0.0407069
0.0416367
0.0460289
0.050504
0.0329507
0.03147
0.0360454
0.0358267
0.0260723
0.0380569
0.0508959
0.0475429
0.0482603
0.0449215
0.0535933
0.047612
0.0411012
0.0470112
0.0511053
0.0443076
0.0458932
0.0479241
0.0476864
0.0459888
0.038679
0.038189
0.0394223
0.0382322
0.0410711
0.0401808
0.0403605
0.0293392
0.0331261
0.041912
0.0419396
0.0433606
0.0508099
0.0463428
0.0483453
0.0515787
0.0522227
0.0436462
0.0478617
0.0534772
0.0491304
0.0571278
0.0715902
0.0613596
0.0667134
0.0670034
0.07787
0.0753233
0.0809288
0.0886555
0.096368
0.0840321
0.0762778
0.0670125
0.0637142
0.0473947
0.0459716
0.0505095
0.0530482
0.02651
0.0364019
0.0418863
0.0362832
0.0419066
0.030432
0.0321657
0.0402469
0.0382425
0.0437192
0.042187
0.0408802
0.0508449
0.0494011
0.0472204
0.0423501
0.0551765
0.0534671
0.0593393
0.056667
0.0663538
0.0605875
0.0702136
0.0679915
0.0777955
0.0788045
0.0879607
0.101309
0.105186
0.112213
0.112281
0.117654
0.117217
0.107331
0.101615
0.109746
0.0862362
0.0734492
0.080309
0.0836106
0.057065
0.0632849
0.0733521
0.0568079
0.0614285
0.0532108
0.0434525
0.0499236
0.0450792
0.0501682
0.0606894
0.0619316
0.0638846
0.0593356
0.0580523
0.0733329
0.069276
0.063807
0.0668442
0.0693906
0.0745549
0.0748579
0.0719132
0.0735172
0.0836848
0.0874418
0.0945494
0.102071
0.107583
0.112141
0.112705
0.123097
0.132774
0.133266
0.135395
0.127126
0.126151
0.11656
0.104894
0.102628
0.0829898
0.0771206
0.0717332
0.0647322
0.071362
0.0696889
0.0575876
0.0568118
0.0666843
0.0649123
0.0679614
0.0621322
0.0731888
0.064997
0.066511
0.0517931
0.0578631
0.0596095
0.0466467
0.0553072
0.0512686
0.0470185
0.0556173
0.0471941
0.0440493
0.0439528
0.0525117
0.0540465
0.0536167
0.0617152
0.051046
0.0452834
0.0422934
0.0546654
0.0424661
0.0512424
0.0559436
0.0587877
0.0471294
0.0584578
0.0622109
0.051882
0.0449777
0.056462
0.0581029
0.0542612
0.0509784
0.0591525
0.0528431
0.0578392
0.0529668
0.0540663
0.0544669
0.0489225
0.0495159
0.0563079
0.0507135
0.053002
0.0555282
0.0511554
0.0551911
0.0614472
0.0651439
0.0610119
0.0655338
0.073489
0.0775329
0.0725167
0.0740393
0.070688
0.0723597
0.0774854
0.0774096
0.0798526
0.086431
0.0887631
0.0832888
0.0849661
0.0826555
0.110689
0.102625
0.0935494
0.111934
0.0939991
0.10317
0.0965794
0.0894956
0.100748
0.116041
0.135846
0.121158
0.134079
0.0960853
0.102358
0.0906464
0.0917507
0.0878587
0.0787291
0.0843425
0.0751135
0.0625644
0.0846185
0.0844723
0.0707539
0.0827345
0.0829242
0.0981136
0.0940232
0.104666
0.102268
0.121193
0.116153
0.120206
0.135979
0.130538
0.120105
0.111473
0.130274
0.120507
0.11361
0.115117
0.118746
0.120741
0.0793827
0.0959369
0.105194
0.0986786
0.0566521
0.0998637
0.0856837
0.0681525
0.0900885
0.0835533
0.079267
0.124662
0.130812
0.122026
0.0915989
0.106212
0.0985664
0.111692
0.0945975
0.117842
0.132594
0.166921
0.129946
0.125203
0.141085
0.13649
0.116353
0.118495
0.160941
0.14397
0.141795
0.135769
0.166009
0.162964
0.168683
0.171927
0.158112
0.15791
0.173736
0.167417
0.179203
0.16536
0.176751
0.152925
0.15317
0.151524
0.163381
0.159879
0.160502
0.148295
0.143922
0.11017
0.0805726
0.094306
0.0920672
0.0722169
0.0678925
0.0804429
0.0585535
0.0674028
0.0867167
0.0659156
0.085859
0.0722829
0.0492201
0.0709125
0.101449
0.0489513
0.0619537
0.0823765
0.100158
0.111157
0.100395
0.133169
0.126838
0.0924141
0.120146
0.132372
0.132336
0.180267
0.174397
0.150462
0.147537
0.151482
0.155443
0.170947
0.175171
0.177245
0.171919
0.178525
0.184732
0.17406
0.190696
0.213011
0.210251
0.181942
0.201209
0.208052
0.208761
0.195321
0.181885
0.204323
0.171272
0.160345
0.154095
0.139705
0.124449
0.131047
0.107131
0.116549
0.0661466
0.0483866
0.0788511
0.0589008
0.110889
0.0960997
0.0735893
0.04398
0.0231085
0.102863
0.0892665
0.0610183
0.0819803
0.0840934
0.0787315
0.0797647
0.0393937
0.0543551
0.0746108
0.0498539
0.0842499
0.0863066
0.0903423
0.0773701
0.0276444
0.0683729
0.0987691
0.0908041
0.0656231
0.060926
0.0944551
0.0983364
0.109005
0.0336132
0.125188
0.125006
0.100002
0.107534
0.117578
0.0579167
0.102537
0.101727
0.0811314
0.123922
0.154713
0.12067
0.0839394
0.116309
0.0910629
0.125751
0.113774
0.0951748
0.073885
0.0904225
0.0880946
0.100242
0.101178
0.102868
0.0682001
0.0767732
0.116071
0.0650007
0.0981304
0.0771228
0.107535
0.104401
0.100404
0.109585
0.0385691
0.0812878
0.0931421
0.0789085
0.0847936
0.09713
0.0549714
0.0631411
0.00433838
0.104284
0.120408
0.0188148
0.104741
0.10599
0.0396798
0.0602585
0.0547955
0.0898786
0.0784863
0.0824074
0.0943731
0.0787604
0.0811688
0.0966545
0.0654034
0.0290332
0.0764379
0.0718273
0.0712578
0.0779245
0.0510972
0.117763
0.0914316
0.0793125
0.0631037
0.0630472
0.0784005
0.0912758
0.118804
0.123499
0.131003
0.119573
0.101631
0.118441
0.101591
0.088971
0.10023
0.110232
0.10761
0.158375
0.115807
0.075053
0.13803
0.0989843
0.0748286
0.0559331
0.105534
0.0832366
0.0938303
0.085842
0.0774276
0.0752834
0.0792706
0.0980114
0.066035
0.073515
0.0819766
0.0554226
0.0469276
