0.140794
0.147165
0.143047
0.153427
0.152544
0.1457
0.155641
0.160851
0.161443
0.167194
0.165452
0.176772
0.177492
0.180146
0.189681
0.188479
0.19747
0.194931
0.187985
0.187937
0.18727
0.18405
0.193473
0.201624
0.201671
0.211637
0.218185
0.221511
0.224495
0.230128
0.228965
0.239021
0.23496
0.239123
0.240698
0.245821
0.24359
0.2508
0.248631
0.238586
0.228306
0.232531
0.228039
0.231122
0.241231
0.256977
0.263872
0.259751
0.274459
0.269649
0.267397
0.249366
0.235237
0.232762
0.232477
0.233185
0.250545
0.285967
0.28655
0.276243
0.259442
0.214634
0.180795
0.15901
0.161318
0.158286
0.139143
0.132926
0.135484
0.129243
0.129515
0.12657
0.117633
0.130108
0.124206
0.12223
0.12481
0.126365
0.124513
0.133707
0.135462
0.130152
0.120501
0.132077
0.14195
0.13824
0.139665
0.140416
0.149855
0.153513
0.154622
0.166137
0.168739
0.175302
0.186653
0.195715
0.210739
0.228489
0.230578
0.237838
0.238718
0.247156
0.241154
0.224679
0.207672
0.191108
0.184791
0.180758
0.187057
0.193372
0.191145
0.195129
0.196653
0.196636
0.198068
0.192545
0.193145
0.172644
0.17863
0.175964
0.168112
0.186507
0.202331
0.204488
0.198936
0.209077
0.216103
0.215364
0.222564
0.225847
0.226891
0.235975
0.234583
0.232154
0.232587
0.233988
0.240849
0.246969
0.244997
0.235767
0.221935
0.202622
0.194617
0.193828
0.200055
0.201969
0.209661
0.21921
0.227172
0.235325
0.239469
0.24892
0.251743
0.256374
0.264102
0.268494
0.273625
0.276938
0.275473
0.275754
0.275835
0.27891
0.277554
0.268629
0.249166
0.216793
0.173602
0.138897
0.130704
0.120218
0.120665
0.117716
0.116218
0.120283
0.120474
0.121187
0.122235
0.128595
0.130821
0.136143
0.13906
0.137099
0.152725
0.143764
0.144297
0.146405
0.142866
0.147417
0.134924
0.140329
0.136309
0.131455
0.14589
0.140961
0.140946
0.1499
0.148093
0.143419
0.130049
0.136957
0.120781
0.12192
0.108038
0.102325
0.117405
0.11602
0.120766
0.130847
0.126864
0.147722
0.143151
0.157446
0.156628
0.162197
0.165835
0.17112
0.173132
0.174832
0.178781
0.184034
0.187464
0.183821
0.181766
0.170798
0.159936
0.140482
0.137353
0.145872
0.132668
0.141172
0.153588
0.151009
0.157282
0.155254
0.168916
0.178614
0.184537
0.183874
0.201339
0.20382
0.205868
0.211363
0.220895
0.224996
0.226522
0.233013
0.233248
0.238454
0.243863
0.243565
0.250308
0.245839
0.253811
0.245474
0.253073
0.223896
0.214019
0.177619
0.151036
0.147951
0.164352
0.147561
0.156994
0.160485
0.166021
0.159605
0.167548
0.182834
0.194542
0.184351
0.198353
0.208072
0.201876
0.219541
0.221945
0.229608
0.232398
0.223592
0.226461
0.221296
0.218145
0.19384
0.181399
0.157078
0.142922
0.132862
0.128678
0.135639
0.136144
0.136054
0.143937
0.138785
0.151815
0.155623
0.151218
0.158356
0.150895
0.145059
0.14877
0.150299
0.14698
0.132774
0.143196
0.13631
0.141166
0.132146
0.131656
0.138967
0.149151
0.143625
0.143664
0.153316
0.152031
0.131637
0.125965
0.126959
0.115882
0.117942
0.121472
0.123564
0.112384
0.101756
0.116195
0.13027
0.117569
0.113395
0.119531
0.132174
0.11508
0.122741
0.14088
0.137712
0.142192
0.151373
0.152409
0.158376
0.150894
0.165943
0.168666
0.169958
0.175739
0.174732
0.176241
0.173732
0.168713
0.152315
0.135068
0.142345
0.15083
0.134899
0.136185
0.119442
0.117791
0.128314
0.124709
0.133371
0.141228
0.128795
0.139385
0.144914
0.145118
0.153587
0.146067
0.145499
0.151395
0.150717
0.156598
0.160288
0.173724
0.191806
0.193456
0.203164
0.197967
0.205217
0.207689
0.208649
0.205535
0.203833
0.181423
0.163603
0.141596
0.126271
0.115913
0.126257
0.125434
0.123103
0.120332
0.126828
0.131408
0.129179
0.136534
0.129729
0.137612
0.123612
0.139945
0.129546
0.127241
0.133102
0.129423
0.124506
0.127181
0.131699
0.130982
0.12647
0.138128
0.136905
0.146895
0.152271
0.167601
0.179837
0.188885
0.214315
0.227158
0.226913
0.230871
0.21608
0.213845
0.199469
0.184177
0.175247
0.173928
0.175101
0.168015
0.177056
0.178431
0.174078
0.174369
0.185126
0.171424
0.175565
0.173345
0.172008
0.183036
0.180914
0.173383
0.162103
0.151734
0.145152
0.154018
0.154042
0.160597
0.157044
0.155863
0.142373
0.155523
0.162269
0.146823
0.127861
0.143059
0.148009
0.133057
0.139672
0.154555
0.150301
0.14652
0.163695
0.152773
0.15125
0.157
0.145136
0.148729
0.161544
0.162085
0.160045
0.154231
0.153936
0.174245
0.178898
0.181874
0.178788
0.173568
0.185818
0.180911
0.188136
0.192615
0.200292
0.207009
0.192559
0.221916
0.2404
0.271938
0.262115
0.288333
0.290771
0.253161
0.257324
0.229973
0.19477
0.161631
0.142955
0.149838
0.185725
0.220446
0.262043
0.314303
0.369376
0.385425
0.397513
0.37901
0.3173
0.242652
0.16716
0.146404
0.134856
0.152827
0.138593
0.128728
0.143611
0.137725
0.152518
0.133636
0.147699
0.171189
0.161319
0.169495
0.160872
0.174521
0.156348
0.174245
0.176437
0.166024
0.170329
0.170835
0.131986
0.141378
0.131459
0.115336
0.141176
0.117545
0.123021
0.110485
0.112612
0.114377
0.114771
0.110231
0.105512
0.103082
0.0959017
0.110968
0.106474
0.110844
0.120743
0.12494
0.105706
0.135938
0.132046
0.123883
0.152737
0.147342
0.130836
0.14275
0.115687
0.131999
0.137938
0.13678
0.143161
0.139112
0.123037
0.107579
0.114588
0.121889
0.127773
0.137135
0.123124
0.141609
0.139626
0.153513
0.152091
0.168157
0.127956
0.142525
0.130571
0.12063
0.129893
0.134054
0.115384
0.122687
0.122409
0.137077
0.133976
0.130821
0.147298
0.129346
0.128916
0.126216
0.141302
0.137122
0.14404
0.154421
0.143226
0.141459
0.108758
0.115911
0.138262
0.109404
0.110506
0.112105
0.0823603
0.0947583
0.110266
0.101704
0.120488
0.0856851
0.111885
0.116078
0.109923
0.0827943
0.116476
0.0907874
0.103349
0.0900066
0.0871024
0.106194
0.0945389
0.108634
0.110498
0.0920751
0.10544
0.0913618
0.0894797
0.0966445
0.0719983
0.0752091
0.0803847
0.0827377
0.0822886
0.0878445
0.0972483
0.102745
0.0987831
0.119218
0.111728
0.107541
0.129346
0.126997
0.113497
0.122288
0.120967
0.110095
0.108504
0.0718155
0.0784948
0.0681553
0.0714483
0.0631611
0.0816084
0.095067
0.0943825
0.0922371
0.0910846
0.151313
0.131265
0.121388
0.0952819
0.117819
0.114411
0.0925171
0.0995948
0.123549
0.12569
0.126755
0.116706
0.115645
0.153148
0.137645
0.122099
0.127819
0.123132
0.116858
0.102902
0.119946
0.12728
0.131531
0.0988102
0.129208
0.136433
0.125146
0.112791
0.108553
0.16599
0.141107
0.128387
0.11146
0.139514
0.132449
0.134542
0.139211
0.125149
0.111264
0.095705
0.0877698
0.108969
0.0971447
0.088185
0.121966
0.0969361
0.0768741
0.0867611
0.0718807
0.0764287
0.0657286
0.0717616
0.0668248
0.0701186
0.0659839
0.0629012
0.0518353
0.0660769
0.0474901
0.049117
0.0589059
0.038945
0.063457
0.0448703
0.040127
0.0413898
0.0440948
0.0428602
0.0394968
0.0417181
0.0366428
0.0522943
0.0426659
0.0418887
0.0316685
0.0366281
0.0363974
0.0397782
0.0502538
0.0403355
0.0504929
0.0455413
0.0365064
0.055488
0.0633786
0.0447594
0.055004
0.0485856
0.0591566
0.0458753
0.0474116
0.0654802
0.0563417
0.0550558
0.0613888
0.0466219
0.0498668
0.0624587
0.0509315
0.0532724
0.0295027
0.035314
0.0426522
0.0265805
0.0382326
0.0527784
0.0431512
0.0562388
0.0425582
0.0455405
0.040956
0.0317547
0.0454979
0.0534224
0.0357268
0.0440508
0.0318522
0.0409992
0.0441044
0.0406873
0.0478884
0.0479631
0.053409
0.0447028
0.0487426
0.0461225
0.0551343
0.0580448
0.0657991
0.0774714
0.0566482
0.0616415
0.0798196
0.0739358
0.0632437
0.0826479
0.0814869
0.0766469
0.0917611
0.0937435
0.0744988
0.084076
0.0808837
0.0788319
0.106621
0.0911384
0.107694
0.0912622
0.0995828
0.101125
0.110077
0.102316
0.1367
0.126853
0.122802
0.119942
0.144479
0.162826
0.173543
0.174675
0.145435
0.145692
0.128171
0.0906438
0.102917
0.0967952
0.100787
0.100325
0.123046
0.10074
0.110771
0.11706
0.121654
0.11734
0.11113
0.131749
0.123736
0.145457
0.122841
0.134096
0.134755
0.130045
0.130521
0.126433
0.147401
0.154492
0.154571
0.139305
0.182289
0.167554
0.163533
0.142039
0.160243
0.12743
0.135601
0.12143
0.124695
0.0966266
0.105641
0.081157
0.0838718
0.0770266
0.0804824
0.0487403
0.0370952
0.0345423
0.0313207
0.0229331
0.0128264
0.0153947
0.00968468
0.016727
0.0244769
0.0153692
0.0133529
0.0153317
0.0195831
0.0150255
0.0101034
0.0165492
0.0174014
0.0160514
0.0129376
0.0159126
0.0243602
0.0230186
0.0183022
0.00787558
0.011504
0.00656765
0.00295549
0.0131247
0.00802635
0.00761201
0.00784455
0.00961419
0.0106331
0.00690165
0.00945839
0.0071162
0.00144389
0.008617
0.0105854
0.00807302
0.0161338
0.0164785
0.0218319
0.0156523
0.0168268
0.0138455
0.00934984
0.00865229
0.0129864
0.0151045
0.015079
0.0149551
0.0206247
0.0114089
0.0226662
0.00902814
0.0180622
0.0188804
0.0162963
0.0229785
0.0169643
0.0227609
0.0194507
0.0242444
0.0296982
0.0234235
0.0185349
0.0170239
0.0190277
0.0200161
0.0189211
0.0235864
0.0175818
0.0173178
0.0273754
0.0193201
0.0274305
0.021937
0.0213594
0.0243801
0.024349
0.026437
0.0227157
0.0172113
0.0224322
0.033463
0.0237254
0.0201605
0.024378
0.022147
0.0274314
0.0216357
0.0158055
0.0190989
0.0221181
0.0227694
0.0279953
0.0229919
0.0164117
0.0248459
0.0111107
0.0209319
0.0202049
0.0230759
0.0282593
0.0277633
0.0296853
0.0303155
0.0357879
0.0344887
0.0339338
0.0397758
0.0324166
0.0428243
0.0470593
0.0412993
0.0326654
0.050098
0.0430893
0.0511569
0.0522711
0.0473618
0.0554243
0.0445666
0.047641
0.0506708
0.0505411
0.0579668
0.059115
0.0626036
0.0660034
0.0744437
0.0854671
0.0734559
0.0663743
0.0647268
0.0783278
0.0766858
0.0801613
0.069404
0.0745271
0.0800246
0.0696049
0.0763158
0.079379
0.0749346
0.0782102
0.0639667
0.0795188
0.0762696
0.076387
0.0698575
0.072959
0.085358
0.0781775
0.0944267
0.0899629
0.0812088
0.0822141
0.0732813
0.0781031
0.0637275
0.072161
0.0681706
0.082533
0.0635595
0.0580375
0.062806
0.0696493
0.0561822
0.0629025
0.0711585
0.0607312
0.0541933
0.0734898
0.0579816
0.0632063
0.05447
0.0438761
0.0712397
0.064487
0.0624796
0.0518537
0.0587467
0.0498676
0.0414771
0.0388125
0.0679221
0.0537262
0.0431697
0.0543762
0.045078
0.0291527
0.042624
0.0279965
0.0295397
0.0324186
0.0380776
0.0375059
0.0291303
0.0260678
0.0259497
0.0376993
0.037569
0.0391968
0.0412338
0.0362095
0.0370528
0.0427886
0.0348295
0.0312783
0.033267
0.0459508
0.0248788
0.0188281
0.0215018
0.00968675
0.018607
0.0120951
0.0208399
0.0128238
0.0105279
0.0170121
0.0229376
0.020871
0.0160865
0.010446
0.0108485
0.0117477
0.0191969
0.0171693
0.0187408
0.0369708
0.0331147
0.0321642
0.0409988
0.033508
0.023629
0.044247
0.0323342
0.0280315
0.0258399
0.0244906
0.0219835
0.0201828
0.0215776
0.0269359
0.0129281
0.0169207
0.0157317
0.0138537
0.0219483
0.0155129
0.0156904
0.0202054
0.00796311
0.00863693
0
0.0113641
0.0164485
0.0212878
0.0141418
0.0214476
0.0210716
0.0214553
0.0250033
0.0150401
0.0185175
0.0176455
0.0140031
0.0170607
0.0116033
0.018595
0.0229151
0.0124588
0.0217736
0.018554
0.0133955
0.00645856
0.015837
0.0127289
0.0184991
0.0232779
0.0210295
0.0238737
0.0150619
0.0170306
0.0065271
0.0139649
0.010083
0.0228792
0.0174745
0.0276742
0.0305577
0.0310433
0.0343949
0.0176866
0.0160343
0.0370845
0.0364309
0.0170184
0.0187249
0.0207537
0.017729
0.0199039
0.010053
0.022456
0.0161026
0.00880403
0.0117008
0.0152224
0.0171507
0.0147025
0.0186502
0.0206448
0.0146164
0.0197478
0.0150967
0.0205999
0.0202865
0.0206647
0.0122458
0.023173
0.0232423
0.0308479
0.0193094
0.0256372
0.0423017
0.0336645
0.0240164
0.0260551
0.0336979
0.0342456
0.0320871
0.0359751
0.031255
0.037821
0.0247823
0.0314283
0.0254609
0.0306426
0.037793
0.0277464
0.0331616
0.0312443
0.0341454
0.0376896
0.0341293
0.0294836
0.0352011
0.0335989
0.029283
0.0340983
0.0334707
0.0442508
0.0424562
0.054396
0.0568593
0.0644959
0.082497
0.136936
0.288166
0.457089
0.553797
0.574576
0.551734
0.462386
0.28608
0.143444
0.0825691
0.0656539
0.0548579
0.0518176
0.0528565
0.0574699
0.0475366
0.0458444
0.0531144
0.0524075
0.0477023
0.0451031
0.0520608
0.0455768
0.0477172
0.0536925
0.0469325
0.0440169
0.0529022
0.0489958
0.0459223
0.0444445
0.0448669
0.0412221
0.0370567
0.04366
0.0491611
0.0421801
0.0336555
0.0452529
0.038775
0.0383308
0.0364746
0.0377823
0.043709
0.0485291
0.0424795
0.0417944
0.0411662
0.0422228
0.0407314
0.0424032
0.047464
0.0449483
0.0464267
0.0478144
0.0375362
0.0492542
0.0503124
0.0524194
0.0512982
0.0476153
0.0516604
0.0501772
0.0487821
0.0458796
0.04874
0.0459816
0.0427811
0.0514825
0.0449612
0.0469248
0.0480776
0.0389691
0.053833
0.045159
0.0380482
0.0366591
0.0380897
0.0430598
0.0519746
0.0373901
0.0356984
0.0383413
0.037581
0.041056
0.0450702
0.0506359
0.0472297
0.0404699
0.0457014
0.0446521
0.0485312
0.0405666
0.0382236
0.0459344
0.0536447
0.04046
0.0352348
0.0458334
0.0431825
0.0488414
0.0428798
0.0410902
0.0470385
0.0531603
0.0607608
0.0685161
0.0652448
0.0412012
0.0459287
0.0550595
0.0566065
0.0455609
0.0484935
0.0768265
0.0796772
0.0698359
0.0584971
0.0591543
0.0575944
0.0495413
0.0556517
0.0648522
0.0515491
0.0604785
0.0542521
0.0564558
0.0608504
0.0623904
0.0551195
0.0489073
0.0681931
0.0589579
0.057091
0.0607046
0.0583502
0.0610706
0.0677787
0.0533746
0.0638186
0.0764215
0.0582287
0.0440422
0.0497385
0.0683311
0.0609439
0.0653036
0.0700184
0.075638
0.0525255
0.0548086
0.0415991
0.0576924
0.0488077
0.0448057
0.0746502
0.0826796
0.0421992
0.0809508
0.0718308
0.0729321
0.0888224
0.0913589
0.0471502
0.104409
0.0723853
0.0684661
0.0850956
0.0804656
0.0918294
0.0977095
0.0672015
0.0580123
0.0675664
0.0795474
0.0908427
0.0819223
0.119113
0.123401
0.102023
0.0702397
0.0751889
0.0722167
0.0909793
0.0636094
0.0933257
0.102422
0.0969447
0.0780968
0.0759673
0.0740207
0.0786316
0.0836848
0.0751584
0.0659321
0.0593568
0.0623928
0.0725919
0.0573392
0.0740543
0.0711713
0.0734509
0.0795578
0.0475416
0.055572
0.0734882
0.0660029
0.0588151
0.0713948
0.0815942
0.0686624
0.0448304
0.0522116
0.0608589
0.0593124
0.0596971
0.0590621
0.0691489
0.0524982
0.0805305
0.0873485
0.0770124
0.101905
0.0956331
0.0986763
0.0872651
0.0796786
0.0732196
0.0825757
0.0553294
0.0691081
0.0654919
0.0555535
0.0666432
0.0582954
0.0498296
0.0582985
0.0439849
0.0441121
0.041699
0.0563617
0.0509491
0.058245
0.0567345
0.0668601
0.0665801
0.0741543
0.0802819
0.0857396
0.0939173
0.0744082
0.106642
0.111113
0.110038
0.117973
0.124254
0.135293
0.142779
0.167259
0.175242
0.169463
0.159281
0.151739
0.0944345
0.0610996
0.0559501
0.0541763
0.0411515
0.0448475
0.0448909
0.0573526
0.0427537
0.0483845
0.0424711
0.0391808
0.0501403
0.0502806
0.0575452
0.0479267
0.0411498
0.0414485
0.038024
0.048599
0.0491374
0.0345869
0.0421044
0.0559881
0.0519548
0.0561003
0.0478269
0.0555629
0.0426018
0.0450975
0.0402245
0.0519684
0.0513771
0.0439491
0.0502069
0.0461942
0.0368007
0.0518119
0.0462388
0.0439575
0.0460492
0.0386602
0.0412903
0.0462824
0.0570994
0.0476313
0.0394869
0.0489148
0.0484863
0.038473
0.0508111
0.0491634
0.0519967
0.0680802
0.0448683
0.0424811
0.0401458
0.0416637
0.0332822
0.04288
0.0357514
0.041487
0.0463909
0.0390331
0.0376072
0.0411453
0.0451168
0.0325537
0.0472565
0.0461314
0.0451759
0.0507159
0.0367428
0.0427684
0.0391304
0.0513551
0.0477815
0.046569
0.0427445
0.0445667
0.0447491
0.0475098
0.0402935
0.0427196
0.0405343
0.0375346
0.0382255
0.0430473
0.0413898
0.0484232
0.0447054
0.0451124
0.0475622
0.0504352
0.0417045
0.0486342
0.0453875
0.0503275
0.0537984
0.0493084
0.0552213
0.062005
0.0539441
0.0595589
0.0644829
0.0559833
0.0723819
0.0640181
0.0751138
0.0880644
0.0877306
0.0971383
0.0925246
0.0820029
0.0808649
0.0731328
0.0618972
0.0513284
0.0531162
0.0432805
0.0400053
0.0434867
0.0381645
0.0428477
0.0363161
0.0375909
0.0369185
0.0413808
0.037997
0.035209
0.04341
0.0461976
0.0461199
0.0424702
0.0417573
0.0491923
0.0484443
0.0564293
0.0509214
0.0562227
0.0595414
0.0652162
0.0680919
0.0735368
0.0810196
0.08167
0.0844318
0.0967358
0.103995
0.10765
0.12063
0.122677
0.121637
0.124028
0.121886
0.111275
0.0952853
0.082884
0.0898819
0.082613
0.0608291
0.0635319
0.0598956
0.0518844
0.0558514
0.0463297
0.0586572
0.0593067
0.05289
0.0549033
0.0586626
0.0659696
0.0670044
0.0616808
0.0590599
0.0674886
0.0644131
0.0640372
0.0741408
0.0747937
0.0704289
0.081917
0.0863924
0.082006
0.0908314
0.0930058
0.0985596
0.0951986
0.106431
0.111814
0.117565
0.122237
0.132659
0.133333
0.137313
0.136064
0.132665
0.130006
0.121151
0.109451
0.103717
0.0952108
0.0721664
0.0763291
0.0696984
0.0733187
0.0702826
0.0656846
0.0603325
0.0707603
0.0667162
0.0684633
0.0765085
0.0697399
0.0725296
0.0698373
0.0685371
0.0654087
0.044402
0.0511961
0.071802
0.0529043
0.0479967
0.0597334
0.0581108
0.0503679
0.049547
0.0538391
0.0580526
0.0529521
0.0574376
0.0533585
0.0522899
0.0591894
0.0577455
0.059699
0.0557889
0.0621216
0.0568736
0.0572829
0.0576842
0.057703
0.0541114
0.0547227
0.0488703
0.0494573
0.0648026
0.0553003
0.0587028
0.0662103
0.060337
0.0565915
0.0655903
0.0606615
0.0614549
0.0455578
0.0528099
0.0569162
0.0610248
0.0532089
0.0628038
0.0662935
0.062162
0.0650968
0.0796903
0.0749971
0.0746324
0.0732496
0.0789311
0.077628
0.0854574
0.0826534
0.0845551
0.0783807
0.0806399
0.096903
0.0808036
0.0852507
0.0851827
0.0972537
0.0920396
0.108588
0.0997574
0.101874
0.12104
0.0927162
0.123509
0.118589
0.117115
0.130073
0.120851
0.132309
0.128243
0.110613
0.128079
0.117066
0.100589
0.121307
0.0944987
0.0956339
0.0936645
0.0640007
0.0721892
0.0903099
0.116877
0.108057
0.0948981
0.0974016
0.0942897
0.104258
0.10643
0.12197
0.124501
0.127554
0.121899
0.122086
0.130568
0.130317
0.137919
0.124674
0.110508
0.132359
0.113288
0.113299
0.102984
0.120375
0.106428
0.112935
0.0959387
0.112578
0.0860135
0.113565
0.10754
0.105168
0.0944274
0.0917496
0.120151
0.104465
0.110604
0.12755
0.128251
0.0990091
0.128263
0.139262
0.141997
0.123368
0.139449
0.131581
0.13635
0.136319
0.122612
0.151022
0.139388
0.160935
0.140086
0.159038
0.170247
0.166359
0.163894
0.157546
0.171506
0.162752
0.17472
0.183007
0.188885
0.186649
0.176591
0.156937
0.181634
0.171175
0.157608
0.150798
0.147981
0.123718
0.138035
0.127517
0.10618
0.0987511
0.0844562
0.0937069
0.0766656
0.0915294
0.096596
0.0879011
0.0948426
0.0862516
0.0607239
0.109473
0.0780858
0.104782
0.1209
0.0782924
0.0901974
0.102955
0.0590924
0.131201
0.0859312
0.122958
0.156753
0.115158
0.117777
0.161243
0.142173
0.171159
0.155029
0.137875
0.152322
0.188347
0.140058
0.160892
0.14991
0.185024
0.196759
0.215462
0.192443
0.225534
0.214424
0.207983
0.191379
0.220605
0.213923
0.212327
0.201563
0.220171
0.197608
0.185468
0.161497
0.179441
0.167641
0.147236
0.155743
0.105944
0.0912384
0.0437248
0.0867595
0.0695356
0.123766
0.0707778
0.0623136
0.0874609
0.0659167
0.0784277
0.10387
0.121774
0.0756234
0.0567721
0.0605717
0.0911302
0.0984202
0.09016
0.0850661
0.0958083
0.0695813
0.0633126
0.0739973
0.117048
0.0934454
0.120443
0.0694059
0.0372195
0.0880441
0.103537
0.123836
0.0728392
0.0778039
0.0676413
0.0945374
0.0582119
0.115264
0.0844007
0.0952076
0.113272
0.0848665
0.09438
0.110398
0.125491
0.0733785
0.100377
0.13915
0.0869282
0.137861
0.13666
0.0731301
0.166616
0.113572
0.0608192
0.108458
0.0938169
0.0706343
0.0974555
0.0830599
0.12354
0.113736
0.0929845
0.0526334
0.0954932
0.1232
0.0705142
0.0832035
0.129184
0.135904
0.0489748
0.107996
0.108883
0.122343
0.118809
0.0590639
0.116674
0.0839768
0.115494
0.0353885
0.0237916
0.0702786
0.0664946
0.0494843
0.0920381
0.120405
0.0859539
0.0809041
0.122683
0.0931409
0.0985819
0.0216274
0.0819438
0.0745984
0.0275332
0.0993607
0.0757004
0.100951
0.121602
0.0827559
0.0918732
0.0937213
0.105211
0.0970039
0.0812246
0.108598
0.0894322
0.0920886
0.134664
0.143498
0.126564
0.133744
0.125393
0.0884785
0.110572
0.146207
0.0938491
0.101972
0.140157
0.13422
0.101831
0.120101
0.109208
0.128293
0.107442
0.148449
0.125656
0.0910938
0.109597
0.0914999
0.113912
0.0757754
0.135082
0.076574
0.0783475
0.0645831
0.0629197
0.0512043
0.100549
0.0686137
