0.126845
0.132912
0.124662
0.130707
0.132815
0.133128
0.138547
0.142531
0.150424
0.153316
0.15044
0.157006
0.159037
0.162997
0.166177
0.165953
0.173891
0.173686
0.171052
0.163027
0.165217
0.164431
0.169099
0.174091
0.18196
0.180705
0.192527
0.195928
0.197257
0.200181
0.201231
0.208366
0.206566
0.209337
0.210086
0.214133
0.215216
0.214458
0.213244
0.209479
0.200941
0.20328
0.200918
0.206653
0.212221
0.227912
0.232425
0.227291
0.236365
0.235328
0.234716
0.221447
0.208669
0.206018
0.205763
0.20667
0.22177
0.247669
0.248797
0.235889
0.226061
0.191083
0.161582
0.136832
0.147558
0.143218
0.120457
0.114684
0.116079
0.120105
0.107777
0.109557
0.108835
0.117882
0.109573
0.114797
0.113103
0.114768
0.118938
0.114236
0.123694
0.115068
0.114324
0.117581
0.124221
0.125322
0.131089
0.125172
0.136181
0.135917
0.140873
0.14066
0.147358
0.154725
0.163365
0.173077
0.183235
0.197729
0.20293
0.205736
0.211359
0.215943
0.207619
0.194399
0.179785
0.170436
0.163142
0.160842
0.16534
0.169753
0.174616
0.173744
0.179001
0.174656
0.173703
0.173302
0.170779
0.156502
0.160791
0.161312
0.155501
0.164073
0.174206
0.174396
0.179475
0.18436
0.190367
0.193526
0.193446
0.19538
0.201554
0.206061
0.205193
0.205927
0.206317
0.206891
0.214022
0.215605
0.216665
0.208459
0.198186
0.176608
0.169102
0.169118
0.186017
0.182
0.182041
0.195806
0.192476
0.203904
0.209786
0.218923
0.219995
0.226187
0.231493
0.233526
0.238206
0.240471
0.241205
0.239911
0.240167
0.242432
0.243536
0.230122
0.217466
0.182323
0.153048
0.129765
0.120858
0.11134
0.108344
0.107868
0.105906
0.107343
0.115461
0.112875
0.115026
0.112106
0.122661
0.122624
0.132589
0.120119
0.138761
0.129906
0.131649
0.127736
0.126556
0.130719
0.118915
0.12315
0.124559
0.11992
0.130728
0.129082
0.130152
0.134292
0.132596
0.130691
0.123848
0.118123
0.109806
0.109623
0.0972416
0.108246
0.107729
0.0988289
0.107813
0.117935
0.115751
0.134977
0.13183
0.133548
0.143226
0.14618
0.145562
0.1542
0.150756
0.158341
0.163995
0.166067
0.167215
0.161647
0.158111
0.153791
0.141119
0.130793
0.118954
0.126777
0.127577
0.128396
0.14124
0.134238
0.141057
0.143599
0.141819
0.158885
0.164814
0.165794
0.166735
0.177034
0.181869
0.1898
0.18847
0.199159
0.198781
0.206467
0.207871
0.209914
0.215865
0.216517
0.216067
0.211041
0.221
0.210904
0.22048
0.1934
0.175561
0.172845
0.130848
0.135219
0.140432
0.14223
0.143942
0.144965
0.15299
0.135026
0.147692
0.169099
0.160457
0.17621
0.16897
0.176601
0.176295
0.187581
0.190968
0.203567
0.19848
0.196413
0.196332
0.193212
0.188083
0.178251
0.159386
0.140278
0.123217
0.120275
0.117986
0.123325
0.123323
0.132023
0.131436
0.126187
0.136485
0.133354
0.13316
0.140376
0.131289
0.124598
0.136799
0.131433
0.132783
0.12222
0.124466
0.122014
0.125276
0.127004
0.12541
0.122314
0.126852
0.130146
0.128507
0.134889
0.141641
0.117591
0.126163
0.123861
0.114094
0.103983
0.107824
0.0973181
0.112973
0.108053
0.101234
0.111474
0.0920247
0.101005
0.105562
0.108479
0.112986
0.106808
0.130703
0.116407
0.1242
0.135823
0.142827
0.143166
0.133614
0.147049
0.148251
0.154486
0.153531
0.161067
0.151038
0.155001
0.146614
0.128562
0.131381
0.125833
0.128823
0.121123
0.11303
0.110797
0.107122
0.117532
0.10906
0.12129
0.114622
0.112786
0.113553
0.113207
0.130932
0.140326
0.126521
0.128202
0.12816
0.144847
0.142593
0.151936
0.151384
0.166675
0.167991
0.178997
0.184399
0.176214
0.181248
0.185843
0.183657
0.177851
0.165214
0.14201
0.13364
0.113613
0.101544
0.110245
0.103242
0.09704
0.101953
0.121087
0.114333
0.113075
0.114008
0.117401
0.122221
0.107111
0.120269
0.110971
0.120194
0.117271
0.117515
0.111625
0.120297
0.112808
0.118906
0.117332
0.122997
0.122022
0.132624
0.135959
0.143799
0.156791
0.163981
0.189202
0.191373
0.19691
0.198178
0.18813
0.194554
0.166889
0.148835
0.157151
0.141809
0.155649
0.145829
0.152798
0.156552
0.158884
0.161438
0.162038
0.153691
0.155573
0.162032
0.153793
0.161723
0.155505
0.162743
0.139472
0.138189
0.137263
0.133467
0.140477
0.135681
0.136047
0.152999
0.13278
0.127896
0.134041
0.140048
0.134095
0.125192
0.133264
0.111099
0.133539
0.128984
0.136058
0.141709
0.129443
0.133773
0.132136
0.145177
0.138104
0.133867
0.153992
0.140679
0.137496
0.138751
0.135282
0.162504
0.167263
0.159991
0.16163
0.161483
0.168897
0.161745
0.16921
0.167393
0.175547
0.181656
0.181273
0.191557
0.209086
0.243041
0.217683
0.236687
0.258373
0.232705
0.227988
0.201539
0.170546
0.131865
0.138202
0.144823
0.185149
0.209493
0.252384
0.29493
0.354522
0.375603
0.380954
0.343966
0.291514
0.21593
0.165564
0.134329
0.121237
0.127493
0.122913
0.106024
0.118779
0.119391
0.138294
0.127203
0.134265
0.140119
0.138137
0.135642
0.140848
0.146894
0.137405
0.158584
0.146371
0.143603
0.164252
0.146792
0.122561
0.125933
0.129174
0.101594
0.124673
0.115721
0.109759
0.103443
0.0980034
0.115984
0.0993082
0.0858458
0.105645
0.0960724
0.100329
0.0935792
0.107859
0.110274
0.104588
0.102032
0.10763
0.126955
0.116566
0.121021
0.117202
0.133149
0.107504
0.103815
0.112638
0.112387
0.135383
0.113579
0.117613
0.118131
0.0996368
0.0945617
0.108451
0.109899
0.105189
0.121875
0.106623
0.115476
0.110456
0.12612
0.133994
0.126036
0.130397
0.132263
0.114785
0.113214
0.110749
0.117534
0.127366
0.104515
0.114389
0.125058
0.133875
0.11053
0.125917
0.123319
0.107413
0.112905
0.125573
0.127526
0.123316
0.148151
0.134057
0.135672
0.103922
0.103362
0.118082
0.1085
0.103696
0.110477
0.0742862
0.0918649
0.110438
0.0846238
0.117092
0.0914343
0.097356
0.11033
0.113389
0.0921934
0.090562
0.0925868
0.0982699
0.0794316
0.0896019
0.0901539
0.0786199
0.0911043
0.104174
0.085697
0.0840124
0.081858
0.0733339
0.072542
0.0725113
0.0623194
0.060318
0.0731578
0.0874341
0.0897365
0.0979465
0.0976379
0.0912173
0.102506
0.0968094
0.091525
0.111468
0.114785
0.10885
0.0987429
0.113823
0.0987047
0.0853328
0.057081
0.0689201
0.0645994
0.0719325
0.0544564
0.0768252
0.085636
0.0742793
0.0894376
0.107638
0.135657
0.114347
0.105304
0.0932383
0.105902
0.0806773
0.0748061
0.0935515
0.101264
0.102083
0.146519
0.109566
0.124838
0.139617
0.115929
0.119094
0.110634
0.111342
0.0894759
0.0957143
0.104272
0.101812
0.103956
0.0896196
0.10546
0.126934
0.121603
0.0852553
0.127747
0.12632
0.116558
0.113553
0.0801145
0.120559
0.0931589
0.133741
0.112031
0.112225
0.101046
0.0973424
0.0927183
0.110818
0.101308
0.0938102
0.11218
0.0826954
0.0734397
0.0926768
0.0508055
0.0752141
0.068345
0.0572479
0.0570902
0.0553635
0.0643576
0.0623369
0.0567068
0.0472985
0.0482564
0.0447836
0.0481046
0.0442349
0.04053
0.0484979
0.03734
0.0521388
0.0486702
0.039336
0.050653
0.0527995
0.0338524
0.0346306
0.0315852
0.0435896
0.0334429
0.0401958
0.0531671
0.0321321
0.0361888
0.0326846
0.0411337
0.0343957
0.0410423
0.0434231
0.0568808
0.0441139
0.053633
0.0382402
0.0535607
0.0379775
0.0467609
0.0549861
0.0621082
0.0435298
0.0549906
0.0440498
0.0588731
0.0487043
0.0517327
0.0419271
0.0176549
0.0384146
0.0364818
0.0341691
0.038715
0.0467552
0.0289019
0.0437448
0.0387769
0.0360771
0.0379665
0.0424069
0.0429059
0.0503187
0.0433314
0.0436259
0.0217386
0.0371097
0.0388191
0.0295365
0.0404122
0.0443067
0.0456695
0.0415154
0.050124
0.0353264
0.0465079
0.0541342
0.0833136
0.0797523
0.0672757
0.0756375
0.0571732
0.0623521
0.0748949
0.0713298
0.068464
0.0838228
0.0942773
0.0725274
0.0628734
0.0860294
0.0749775
0.084546
0.0923577
0.0801134
0.0848143
0.080915
0.113741
0.0984124
0.105996
0.0850812
0.126109
0.111084
0.11048
0.102765
0.122571
0.143121
0.13917
0.155635
0.133368
0.136553
0.104876
0.0986571
0.0924145
0.0828468
0.0995656
0.112039
0.131797
0.0904608
0.111502
0.105794
0.0842222
0.106388
0.114247
0.108547
0.122023
0.133155
0.131835
0.114753
0.109421
0.113101
0.112408
0.0921566
0.125172
0.128689
0.128561
0.124222
0.16782
0.151604
0.14884
0.0966627
0.129872
0.120493
0.108823
0.109491
0.108872
0.0848386
0.0972516
0.0792908
0.0648951
0.0776509
0.0653248
0.0555967
0.0360281
0.0313246
0.0314514
0.0190121
0.0114015
0.0133611
0.0155938
0.00993316
0.0192062
0.0100741
0.0124918
0.0110819
0.0183292
0.00975151
0.0172084
0.017957
0.0199951
0.0153935
0.0129897
0.0210504
0.0203344
0.0264156
0.0121901
0.0151838
0.00761827
0.0093687
0.00467612
0.0131713
0.00567649
0.000129665
0.00608577
0.0076428
0.00918886
0.0101315
0.00717175
0.0099619
0
0.00366132
0.00747496
0.0108438
0.00897775
0.0150113
0.0258158
0.00989287
0.0236736
0.0115115
0.00561757
0.012369
0.0118145
0.0151685
0.0168762
0.0156959
0.0195927
0.00833664
0.0154915
0.00524723
0.0126029
0.0145984
0.0123309
0.0185648
0.0215633
0.0229633
0.0193951
0.0240872
0.0246576
0.0198821
0.0192449
0.0168593
0.0211393
0.0124849
0.0172388
0.0150359
0.0148934
0.0160127
0.0215543
0.0197419
0.0242386
0.0192726
0.0188838
0.0214866
0.0167833
0.022457
0.0200439
0.0194353
0.0241704
0.0291086
0.0308506
0.0229515
0.0199964
0.0233673
0.0246672
0.0184725
0.0132042
0.0216045
0.0173418
0.0185891
0.0246508
0.0237153
0.0174121
0.0161293
0.0146233
0.012616
0.0192526
0.0216319
0.0235285
0.0216573
0.0231036
0.0314714
0.0308147
0.0324235
0.0356466
0.0336196
0.0326422
0.0281431
0.0404138
0.0362933
0.0243194
0.045228
0.0383262
0.0397544
0.0385098
0.0434839
0.0454814
0.0391819
0.0424431
0.0386446
0.0483881
0.0490786
0.0485061
0.0559261
0.0497962
0.0592371
0.0757526
0.0635263
0.0630451
0.056274
0.0682315
0.0658675
0.0721299
0.0661856
0.0719419
0.0672253
0.070522
0.0624997
0.0649878
0.0699713
0.0577749
0.0581217
0.0626088
0.0657155
0.0617508
0.0630797
0.0636655
0.0718118
0.0672269
0.0872534
0.0746395
0.0844339
0.0692754
0.0645614
0.0682681
0.0569734
0.050289
0.0583227
0.0593387
0.0535331
0.0552048
0.0629968
0.0640164
0.0441049
0.0590176
0.0599969
0.0573967
0.0529965
0.0526594
0.0481737
0.0537003
0.0502038
0.0497128
0.0631353
0.0724822
0.0632796
0.0484955
0.0507712
0.0612024
0.0416559
0.0427934
0.0599751
0.0442461
0.039026
0.0583076
0.0353952
0.0241178
0.0438878
0.0314756
0.0346577
0.0284513
0.0279457
0.0357728
0.0286553
0.0246067
0.0261981
0.0365282
0.0298734
0.0445943
0.0410124
0.0493043
0.0309998
0.0459842
0.0348834
0.0370461
0.0282024
0.0371289
0.0134091
0.0222458
0.0184532
0.0115878
0.0104479
0.00993726
0.0162994
0.0068204
0.00789061
0.012547
0.0160871
0.0155507
0.00536397
0.0183806
0.0116882
0.0161742
0.010487
0.014354
0.0171747
0.0308118
0.0269888
0.0293729
0.0379491
0.0362922
0.026724
0.0266429
0.034586
0.0210539
0.0295198
0.0189685
0.0182463
0.0210313
0.0196083
0.0182776
0.0145778
0.0152462
0.0192557
0.0184897
0.0184288
0.0190847
0.0103411
0.0168876
0.00904964
0.00413915
0.00387815
0.0116107
0.0111181
0.0217112
0.0119397
0.0183163
0.0196964
0.0188827
0.0255343
0.0181246
0.0157902
0.021894
0.0171001
0.0210417
0.0136952
0.0189242
0.0182118
0.0106483
0.0164515
0.0160166
0.0232674
0.0153145
0.01382
0.0152768
0.0172722
0.0232873
0.0161908
0.0168994
0.0166264
0.0147559
0.0121665
0.0130232
0.00980751
0.0209889
0.0203807
0.0202617
0.0252791
0.023395
0.0296738
0.0294939
0.0208608
0.03706
0.0367971
0.0278551
0.0231219
0.0199371
0.013401
0.020393
0.00637783
0.0200509
0.0166705
0.0170381
0.0138943
0.0131367
0.0177673
0.00841974
0.020326
0.0130418
0.0135035
0.0143006
0.0198655
0.0147623
0.0138901
0.0177489
0.0124518
0.0180583
0.023202
0.0207372
0.0204103
0.0229739
0.0369266
0.034294
0.0206161
0.0274978
0.0344831
0.0322411
0.035555
0.0284492
0.0230986
0.0256876
0.0233618
0.0260916
0.0243897
0.0239482
0.0310631
0.0169916
0.0270937
0.0346361
0.0267839
0.0326875
0.0269391
0.0247791
0.0305087
0.0270448
0.0209229
0.0268702
0.032837
0.037723
0.0373603
0.0439458
0.0496116
0.0511537
0.0762972
0.123654
0.269229
0.432703
0.519871
0.539869
0.516917
0.430983
0.264466
0.123203
0.0819926
0.0604895
0.0474252
0.0442029
0.0457509
0.0414629
0.0400556
0.0400465
0.0466498
0.0466505
0.0344324
0.0401145
0.0396453
0.0381973
0.0406397
0.0404421
0.037831
0.040024
0.0447017
0.0484646
0.0391364
0.0363557
0.0400253
0.0336165
0.0359345
0.0432373
0.0445681
0.0385994
0.0320576
0.0339785
0.0345236
0.0367783
0.026707
0.0325159
0.0338429
0.0379075
0.0330164
0.0439287
0.0413998
0.0427282
0.0310902
0.0359507
0.0382229
0.0430785
0.0392158
0.0411925
0.0374647
0.0409204
0.0395506
0.0385154
0.0393619
0.0400159
0.0444339
0.0448975
0.0422725
0.0404103
0.0384169
0.0349958
0.0368085
0.0454083
0.0451805
0.0418416
0.0500905
0.0282375
0.0445485
0.0448077
0.030954
0.0383994
0.0329369
0.0372589
0.036327
0.0328693
0.0415414
0.0395839
0.04091
0.0432382
0.0366608
0.0427108
0.0345202
0.041173
0.0406628
0.035411
0.0452469
0.0409403
0.0352952
0.0367529
0.0401338
0.0388916
0.0363836
0.0470784
0.0443428
0.0410755
0.0520244
0.0484505
0.0409105
0.0428052
0.0458035
0.0655868
0.0505301
0.0383681
0.0508994
0.0486823
0.049878
0.0574138
0.0481894
0.0569308
0.0557027
0.0497546
0.053617
0.0520511
0.0445468
0.0438518
0.0475337
0.0656774
0.0572888
0.048683
0.0418259
0.0511699
0.0541903
0.0470996
0.0493849
0.0439381
0.0542034
0.0595797
0.0526145
0.0608255
0.0585797
0.0540363
0.0446105
0.0546579
0.0612267
0.0548706
0.036838
0.0354633
0.0658038
0.0560314
0.0689004
0.0538158
0.0743862
0.0621248
0.0516006
0.0428741
0.0434339
0.0687817
0.049344
0.0483946
0.0708571
0.0727067
0.0427841
0.0477981
0.0750621
0.0765264
0.092953
0.0717642
0.0914316
0.079365
0.0629852
0.0808538
0.0784744
0.0783355
0.121219
0.0866275
0.0721534
0.0796134
0.0737018
0.0769429
0.0829911
0.100546
0.111372
0.105743
0.0808102
0.0924252
0.0808501
0.0777727
0.0697952
0.057625
0.0698697
0.092828
0.0859096
0.06487
0.0676451
0.0926988
0.0665556
0.0720255
0.0692355
0.0894736
0.0752133
0.085553
0.0718904
0.0605328
0.0867286
0.0758377
0.05697
0.068299
0.0672344
0.0661794
0.0742606
0.0554814
0.0627793
0.0801462
0.0716798
0.0694805
0.0303891
0.0412691
0.0681387
0.0491368
0.0663091
0.0576286
0.0789402
0.0489147
0.0770767
0.0808402
0.0698089
0.105938
0.0970037
0.0747205
0.0857894
0.0771156
0.066831
0.0632062
0.0604159
0.0502441
0.0610687
0.0635088
0.0470464
0.0536327
0.0632046
0.0617534
0.0405193
0.0581531
0.0617114
0.0504574
0.0468875
0.0400571
0.0622147
0.0487877
0.0725848
0.058196
0.0642328
0.0779342
0.0844646
0.0712027
0.0978766
0.0851613
0.093383
0.106421
0.118607
0.120217
0.13038
0.143669
0.159135
0.148878
0.150123
0.132547
0.094004
0.0529388
0.0578317
0.0647459
0.030045
0.0341649
0.0401821
0.0458799
0.0393819
0.0461573
0.04929
0.0237619
0.0397528
0.0464957
0.0621388
0.0505604
0.0327345
0.0350107
0.0270429
0.0348794
0.0243527
0.0481067
0.0422378
0.0363792
0.0362739
0.0467717
0.0515571
0.0465896
0.0522145
0.0327923
0.0387184
0.0460813
0.0436619
0.042619
0.037395
0.0368739
0.0292642
0.0474526
0.0474545
0.0384925
0.0368916
0.0442561
0.0437284
0.0466933
0.0513425
0.0420181
0.0323114
0.0406177
0.0450046
0.0376092
0.0545718
0.0405576
0.0525182
0.0471646
0.0490425
0.0402969
0.0310175
0.0427676
0.0328944
0.0356131
0.0337172
0.0441114
0.0323802
0.0441618
0.0340175
0.0416011
0.0472928
0.0236069
0.0280728
0.0333338
0.032073
0.0369862
0.0389661
0.040484
0.0336373
0.0377468
0.0421222
0.0444616
0.0372254
0.0389972
0.0375005
0.0404381
0.0319959
0.0383646
0.0305696
0.0354869
0.0367095
0.0358183
0.0390923
0.0358521
0.036806
0.0342316
0.0372833
0.0425254
0.0385509
0.040516
0.0359029
0.0536107
0.0448927
0.0447612
0.0537956
0.047575
0.0521971
0.0570986
0.0500856
0.0548773
0.0742964
0.0569693
0.0712193
0.0760707
0.0828799
0.0794927
0.0865006
0.079833
0.0830533
0.068107
0.0596852
0.0458635
0.0401521
0.0422329
0.0313376
0.0388373
0.0333974
0.0329405
0.0309697
0.031207
0.0319176
0.0335807
0.0384878
0.0268469
0.0359101
0.0335856
0.0362621
0.0433191
0.037959
0.0417938
0.0453398
0.0437551
0.0409071
0.0501856
0.0536664
0.0552751
0.0593244
0.0668281
0.0679666
0.0720732
0.0771708
0.0841663
0.0910461
0.0938713
0.104232
0.101997
0.105142
0.103503
0.107606
0.10158
0.0821414
0.07326
0.0795774
0.0727783
0.05725
0.0528813
0.0602881
0.0513285
0.0555823
0.0496264
0.0551852
0.0553169
0.0490006
0.0526641
0.0538982
0.0653925
0.0608107
0.0581786
0.0556792
0.0596648
0.0543249
0.0485772
0.0644934
0.063896
0.058517
0.066714
0.0724651
0.0677056
0.08239
0.0751285
0.0860118
0.0823262
0.0892548
0.093279
0.0949999
0.105373
0.113819
0.117428
0.115599
0.120178
0.121738
0.112412
0.10372
0.0985735
0.0898918
0.080255
0.0649265
0.0692229
0.0596399
0.0580667
0.0566466
0.0572878
0.0600282
0.0639443
0.0612964
0.0669225
0.0561453
0.0576642
0.0594036
0.0614694
0.0606811
0.0481515
0.0414355
0.048622
0.0467805
0.0479083
0.0378317
0.0699133
0.0414768
0.0503697
0.0498634
0.0479245
0.0494437
0.0548843
0.0478892
0.0460175
0.0535012
0.049469
0.0550943
0.0564904
0.0532981
0.0485782
0.05174
0.0557129
0.0541998
0.0505436
0.044087
0.0515902
0.049747
0.0469069
0.0553728
0.0488342
0.0545946
0.051872
0.0508271
0.0579101
0.0489241
0.0494814
0.052063
0.0429363
0.0505966
0.0481518
0.0514622
0.0478136
0.050944
0.0490635
0.0526739
0.0557601
0.0619313
0.0649131
0.0676325
0.067423
0.0715409
0.0713229
0.0743611
0.0757834
0.0722274
0.0753099
0.0824259
0.0838977
0.0836873
0.0926773
0.0823241
0.091704
0.0948032
0.0856814
0.101247
0.0860056
0.0970037
0.106784
0.103827
0.093695
0.113257
0.112322
0.120057
0.119447
0.102854
0.109472
0.113222
0.100625
0.104245
0.108578
0.0858241
0.0849232
0.0855855
0.0670534
0.0679647
0.0723231
0.0965619
0.0878551
0.0792685
0.0828198
0.0871834
0.0975174
0.108748
0.105011
0.108234
0.124721
0.129352
0.108611
0.110791
0.12932
0.123213
0.11454
0.101233
0.112285
0.109236
0.107286
0.0874044
0.102287
0.107
0.0933361
0.078358
0.100233
0.0891874
0.0919698
0.10771
0.0962589
0.0833194
0.0809901
0.0977705
0.0931913
0.0927679
0.120296
0.0961341
0.123997
0.118953
0.110809
0.113423
0.129557
0.126472
0.127029
0.149214
0.139474
0.126925
0.148623
0.12232
0.146179
0.116497
0.140215
0.141815
0.14174
0.157196
0.133203
0.162734
0.14697
0.166422
0.160175
0.168722
0.170048
0.162448
0.138899
0.156528
0.149777
0.150204
0.127318
0.132467
0.120937
0.132412
0.137877
0.103496
0.104666
0.07374
0.0886694
0.0790588
0.0969121
0.0895967
0.0633598
0.082565
0.105571
0.0740992
0.0923607
0.0653748
0.103457
0.101992
0.0749328
0.111609
0.11297
0.0758361
0.106044
0.0828619
0.11658
0.122012
0.144239
0.12065
0.106864
0.150357
0.154868
0.15639
0.162082
0.151851
0.174806
0.148659
0.15611
0.148007
0.172768
0.188016
0.183926
0.189182
0.200144
0.205357
0.190572
0.167938
0.189851
0.188948
0.209237
0.180388
0.188105
0.184262
0.1812
0.159907
0.150027
0.155712
0.135824
0.132532
0.120639
0.0769518
0.0684864
0.123013
0.0933373
0.110266
0.106228
0.0681461
0.108268
0.120238
0.0891681
0.115825
0.0888902
0.0939125
0.0620149
0.0711443
0.0849847
0.0719946
0.0705889
0.0769446
0.0879914
0.0559042
0.105764
0.0930185
0.0958456
0.112409
0.0936509
0.0847673
0.0800721
0.095662
0.111884
0.0904621
0.0766517
0.0760697
0.0777396
0.107423
0.0664654
0.106645
0.120259
0.122543
0.0871201
0.0905557
0.0980594
0.11663
0.160037
0.0682732
0.0615686
0.158428
0.092524
0.126148
0.137797
0.0607138
0.114251
0.119245
0.105617
0.133844
0.0996184
0.0767703
0.0908838
0.130543
0.120189
0.113346
0.0953749
0.09214
0.0774228
0.129101
0.0787582
0.102852
0.110422
0.137262
0.0721074
0.0871925
0.0741141
0.116008
0.121887
0.0629999
0.160036
0.110167
0.158744
0.0326698
0.049824
0.060505
0.0821832
0.0657502
0.0546139
0.140555
0.0857999
0.0702942
0.0863344
0.087834
0.0724422
0.0668256
0.0753009
0.0683182
0.0810263
0.0953078
0.0654758
0.106644
0.100465
0.0862041
0.0628789
0.128032
0.106815
0.134364
0.102478
0.103784
0.0784266
0.0584002
0.113186
0.112566
0.11273
0.128634
0.128524
0.0813899
0.0883191
0.137785
0.118286
0.103086
0.108435
0.131158
0.0978386
0.10189
0.0987292
0.132152
0.10287
0.15597
0.129347
0.074894
0.0804436
0.110571
0.09413
0.0575427
0.0772335
0.0872238
0.0603162
0.0803301
0.0646027
0.0742563
0.101695
0.0554411
