0.165261
0.171933
0.169176
0.178953
0.181399
0.177408
0.179667
0.18746
0.195771
0.202247
0.198967
0.207331
0.212228
0.214479
0.22797
0.223966
0.233552
0.233613
0.236378
0.224713
0.230576
0.233679
0.233188
0.246326
0.244829
0.263091
0.26583
0.270358
0.273692
0.283142
0.283693
0.289055
0.291249
0.294879
0.297304
0.302291
0.30885
0.307823
0.310113
0.302552
0.290427
0.28904
0.297453
0.297762
0.30751
0.328265
0.332271
0.336735
0.344079
0.343997
0.335264
0.30153
0.28255
0.279483
0.278877
0.279645
0.302039
0.364396
0.371801
0.352523
0.334085
0.286396
0.240081
0.206294
0.201743
0.193406
0.169886
0.162363
0.157256
0.144509
0.146169
0.142782
0.132382
0.143395
0.132655
0.134029
0.140896
0.138524
0.140414
0.149689
0.161234
0.154886
0.14787
0.160907
0.154828
0.157169
0.164188
0.158194
0.172445
0.177438
0.183942
0.191528
0.199257
0.210511
0.228121
0.245208
0.267793
0.289771
0.304383
0.310637
0.313265
0.320543
0.307365
0.282938
0.255852
0.232397
0.221078
0.214141
0.220923
0.224012
0.229467
0.232304
0.238296
0.241272
0.240425
0.241057
0.235878
0.220517
0.215604
0.234853
0.219429
0.229252
0.236202
0.242873
0.243732
0.25403
0.265578
0.268313
0.272
0.276049
0.282345
0.288965
0.286487
0.280934
0.28107
0.281585
0.298978
0.307783
0.304754
0.302136
0.278353
0.259334
0.244024
0.245405
0.260646
0.26336
0.266789
0.280809
0.292331
0.296151
0.302559
0.32142
0.326928
0.332588
0.336162
0.345226
0.348108
0.351842
0.34882
0.349586
0.352024
0.354219
0.357948
0.343713
0.317061
0.266159
0.205703
0.168743
0.149024
0.137416
0.128749
0.124381
0.124429
0.123975
0.126025
0.134922
0.13181
0.142412
0.152295
0.157017
0.160228
0.171548
0.184634
0.174381
0.170093
0.169275
0.167595
0.169301
0.156865
0.15481
0.148602
0.152506
0.160447
0.158138
0.158636
0.171591
0.166384
0.168376
0.158267
0.159236
0.14773
0.150516
0.126922
0.132089
0.143033
0.134292
0.146942
0.152088
0.158435
0.172652
0.173361
0.182048
0.180828
0.191431
0.193718
0.200919
0.203164
0.214166
0.21568
0.222427
0.221886
0.223101
0.215888
0.216091
0.199441
0.175751
0.168645
0.182866
0.176449
0.17784
0.192108
0.184286
0.187712
0.19608
0.204997
0.211725
0.22751
0.234745
0.242522
0.25103
0.261876
0.267741
0.275827
0.278514
0.284347
0.293262
0.298019
0.299519
0.311833
0.308713
0.319625
0.320233
0.329752
0.328837
0.32554
0.296203
0.261756
0.224932
0.197379
0.203091
0.194062
0.199714
0.199244
0.214325
0.211369
0.209596
0.221785
0.235258
0.232085
0.245991
0.254247
0.256252
0.263783
0.272279
0.274459
0.279884
0.285871
0.279445
0.277373
0.271008
0.26583
0.239678
0.220225
0.186584
0.154998
0.150953
0.149298
0.153687
0.16827
0.170875
0.174529
0.189261
0.203086
0.192484
0.209688
0.196482
0.194975
0.189995
0.187291
0.186494
0.180244
0.160845
0.160892
0.166241
0.158482
0.157948
0.157819
0.157471
0.164732
0.162837
0.164851
0.169031
0.175779
0.164628
0.16429
0.16867
0.156871
0.136754
0.140491
0.133546
0.148974
0.147644
0.160201
0.161547
0.141272
0.154556
0.1483
0.146734
0.144738
0.147372
0.169251
0.156017
0.171848
0.183552
0.189202
0.189521
0.18658
0.196823
0.197732
0.20416
0.213461
0.216492
0.219978
0.2122
0.211675
0.2005
0.202462
0.204599
0.195139
0.187463
0.17045
0.168472
0.170615
0.169814
0.161755
0.160101
0.173711
0.167884
0.180071
0.175724
0.182371
0.183169
0.184043
0.178355
0.185989
0.191366
0.19058
0.206454
0.213352
0.232872
0.234931
0.254782
0.254827
0.260001
0.260737
0.26356
0.264953
0.253835
0.234226
0.214139
0.18994
0.167966
0.147245
0.163219
0.155854
0.157435
0.147185
0.153163
0.156461
0.165587
0.170609
0.16933
0.167273
0.157897
0.174648
0.158499
0.152327
0.156626
0.155021
0.154848
0.149381
0.151415
0.15507
0.145825
0.16022
0.15785
0.167226
0.178214
0.198915
0.220665
0.234924
0.270975
0.284918
0.292035
0.299318
0.281598
0.28545
0.253473
0.235089
0.235551
0.225199
0.228386
0.223963
0.234037
0.240863
0.230546
0.22922
0.236954
0.219442
0.220905
0.22438
0.222381
0.231222
0.214046
0.218603
0.199455
0.180829
0.177987
0.171878
0.189675
0.19027
0.196313
0.211126
0.194179
0.212784
0.20119
0.210519
0.192523
0.203477
0.202423
0.199519
0.193192
0.209028
0.203595
0.189425
0.195272
0.198516
0.19586
0.196857
0.200753
0.207877
0.19919
0.196942
0.200656
0.205063
0.2084
0.208273
0.227243
0.232548
0.235142
0.220021
0.232801
0.233286
0.243419
0.230338
0.241061
0.257627
0.257304
0.275085
0.325311
0.350078
0.37305
0.398776
0.409902
0.370185
0.356091
0.315807
0.264659
0.22242
0.198903
0.190385
0.263521
0.271642
0.295565
0.351648
0.424245
0.435115
0.448351
0.42994
0.36759
0.283768
0.206764
0.19324
0.181891
0.181821
0.175942
0.171555
0.184533
0.174258
0.192892
0.180637
0.19079
0.205231
0.201171
0.200176
0.206927
0.211964
0.210643
0.221265
0.22265
0.200336
0.227976
0.215114
0.178297
0.186215
0.176783
0.130907
0.172966
0.162188
0.14878
0.142897
0.140378
0.155957
0.138313
0.13759
0.123663
0.124013
0.114911
0.128804
0.135367
0.133306
0.131908
0.144636
0.137587
0.15568
0.159657
0.157317
0.164424
0.162753
0.150991
0.185436
0.17971
0.181119
0.185978
0.171806
0.16599
0.17351
0.175226
0.151828
0.160983
0.161381
0.164193
0.168301
0.168717
0.179122
0.192996
0.192173
0.193695
0.200044
0.180341
0.186695
0.166445
0.154033
0.168592
0.166813
0.163187
0.150329
0.162711
0.171926
0.16812
0.156482
0.173441
0.16984
0.167403
0.159224
0.171866
0.173941
0.18806
0.186835
0.178922
0.182793
0.160569
0.173433
0.159983
0.155526
0.168144
0.163683
0.11884
0.122809
0.12963
0.138157
0.142196
0.125284
0.147081
0.138394
0.138332
0.120347
0.133561
0.138801
0.14199
0.114363
0.115685
0.135992
0.137615
0.136921
0.147618
0.128448
0.11573
0.116205
0.0983644
0.110257
0.102725
0.0979498
0.0937816
0.100043
0.11026
0.118232
0.117321
0.130037
0.140671
0.138208
0.148118
0.148813
0.170975
0.169047
0.186769
0.163099
0.161195
0.150654
0.143144
0.0860891
0.093816
0.0816477
0.0815403
0.0859868
0.111519
0.114205
0.111995
0.122466
0.125434
0.162663
0.149528
0.164057
0.14975
0.151435
0.127848
0.128339
0.153658
0.164298
0.142082
0.157331
0.155878
0.15436
0.194464
0.15284
0.16327
0.164933
0.150618
0.156137
0.157426
0.147751
0.171531
0.170799
0.127004
0.159497
0.178078
0.175508
0.152769
0.147853
0.184865
0.146701
0.167281
0.153155
0.170064
0.161066
0.180674
0.147761
0.150398
0.142207
0.144372
0.123737
0.135227
0.128652
0.136082
0.147988
0.117994
0.0998573
0.10288
0.0881228
0.0844329
0.0933782
0.087294
0.085411
0.0705091
0.0919385
0.0817479
0.0742562
0.0758147
0.0751185
0.0519331
0.0711548
0.0609215
0.0608867
0.0644984
0.062942
0.0723724
0.0619584
0.0546441
0.0520246
0.0610809
0.0573695
0.0575076
0.0396064
0.0582745
0.0457654
0.0584887
0.0595622
0.0533564
0.0564458
0.0583125
0.053575
0.0576811
0.0523517
0.0672514
0.0707079
0.0537757
0.0625381
0.0568701
0.0808453
0.0510103
0.0694914
0.0714685
0.0852442
0.0558565
0.0723599
0.060992
0.0739809
0.0614916
0.0690273
0.0607723
0.0400896
0.0374549
0.0492765
0.0582611
0.0497918
0.0526641
0.0393052
0.0541367
0.0532465
0.0468899
0.0444998
0.0489394
0.0631253
0.0669057
0.0401964
0.0509185
0.0405534
0.0485806
0.0471029
0.0464431
0.0575362
0.0640399
0.0724456
0.0594137
0.0532912
0.0582716
0.0638086
0.0603833
0.0831572
0.0989719
0.105857
0.0974807
0.106318
0.104578
0.0979812
0.103753
0.1119
0.1147
0.114133
0.125229
0.100028
0.115761
0.110692
0.110689
0.130729
0.120257
0.129322
0.129716
0.151763
0.165198
0.153822
0.146655
0.182404
0.16919
0.171088
0.190474
0.219354
0.225828
0.246519
0.241737
0.209227
0.196218
0.173819
0.154998
0.127714
0.12175
0.135524
0.158947
0.165949
0.128515
0.146193
0.143512
0.140952
0.158812
0.167685
0.184543
0.184605
0.199935
0.18877
0.177265
0.163442
0.166048
0.173943
0.177597
0.193355
0.183636
0.20362
0.196268
0.220913
0.213302
0.220115
0.181211
0.212759
0.191921
0.187773
0.175979
0.16212
0.147959
0.132055
0.116487
0.111472
0.101755
0.0922907
0.070322
0.0535335
0.052332
0.0432888
0.0277186
0.0170128
0.0168777
0.0129453
0.00598019
0.0223192
0.00929731
0.0122764
0.0124159
0.0198679
0.0143803
0.0148484
0.00992053
0.0154096
0.0139698
0.019609
0.0224022
0.0263185
0.0232654
0.0179285
0.0209555
0.0124814
0.0105847
0.00601479
0.00929793
0.00654228
0.00661288
0.00757632
0.00251468
0.00993707
0.00419795
0.00772663
0.0043442
0
0.000254979
0.00745357
0.0113226
0.00823744
0.0146264
0.0282216
0.0249146
0.0225235
0.0212801
0.00911939
0.0139741
0.0173091
0.0115458
0.0122623
0.016086
0.0162776
0.0147359
0.0200485
0.0137982
0.0193167
0.0195123
0.0120315
0.0216496
0.0191732
0.0278083
0.0191202
0.0314068
0.025237
0.0246737
0.0238706
0.0197862
0.028311
0.0140233
0.0167488
0.0214136
0.0196114
0.0262475
0.027207
0.0261066
0.0353698
0.0258635
0.0255865
0.0288944
0.0261795
0.0348215
0.0333746
0.0267023
0.0309559
0.039067
0.0371263
0.0268362
0.0281927
0.0321477
0.0311651
0.0293186
0.0236056
0.0281625
0.0239292
0.0258184
0.0273202
0.0255713
0.0239258
0.0235898
0.0226499
0.0246058
0.0211508
0.0254837
0.0330653
0.0362499
0.0362145
0.0455775
0.0484175
0.0346407
0.0456761
0.0411484
0.0512886
0.05752
0.0644298
0.0598225
0.0550904
0.0671783
0.0587277
0.0697485
0.0694991
0.0665851
0.0718856
0.067025
0.067308
0.0613216
0.0728142
0.0764931
0.0785506
0.0882522
0.0856454
0.103076
0.101828
0.0943358
0.107949
0.100582
0.101532
0.0996456
0.112158
0.110351
0.104267
0.102158
0.103088
0.101746
0.113058
0.107755
0.0977571
0.0963913
0.102112
0.108186
0.0949704
0.103672
0.105922
0.114746
0.110761
0.134167
0.108771
0.120893
0.112392
0.112173
0.099298
0.0962279
0.0970636
0.0868933
0.0949337
0.0868333
0.0872928
0.0874132
0.0947406
0.0855996
0.0894549
0.0823904
0.0872406
0.0797597
0.094371
0.0880079
0.0850134
0.0948033
0.075685
0.081246
0.100484
0.0803712
0.0765904
0.0783004
0.0664037
0.0659464
0.0687637
0.0639452
0.0543926
0.0519123
0.0643775
0.0546185
0.0454828
0.0539675
0.0593212
0.0436554
0.0529587
0.0398646
0.0534258
0.0393144
0.0417037
0.046186
0.0530816
0.0450702
0.0616724
0.0583791
0.0542878
0.0544799
0.0624334
0.046769
0.0392446
0.0321342
0.0380602
0.0265555
0.0168276
0.0253018
0.0251861
0.0241394
0.0159748
0.00731295
0.00915604
0.00664083
0.0193118
0.0192598
0.0136594
0.00798225
0.013607
0.0181674
0.0190635
0.0160398
0.0237532
0.0135896
0.0214273
0.04126
0.0386549
0.0452666
0.0554427
0.0478669
0.0434709
0.0426437
0.0293426
0.0393422
0.0272436
0.0277755
0.0278243
0.0241695
0.0229113
0.0190996
0.0178437
0.0255884
0.0230926
0.0260118
0.0186339
0.0184605
0.0117412
0.0108812
0.00761976
0.0138488
0.00963165
0.0122384
0.0257743
0.00828731
0.0212191
0.0266944
0.0250277
0.0295197
0.0206732
0.0170511
0.0248888
0.0246918
0.021907
0.017494
0.0239631
0.024865
0.0119672
0.0160932
0.024588
0.0122866
0.0135014
0.0138412
0.0156629
0.0137702
0.0214951
0.0222686
0.0244649
0.0217298
0.0159558
0.0136738
0.0162955
0.0121515
0.017972
0.0240969
0.023569
0.0383938
0.0317384
0.037705
0.0372268
0.0199047
0.0345221
0.0513808
0.031552
0.0286183
0.0256036
0.0267031
0.0250636
0.0158395
0.0265548
0.0252459
0.0205465
0.0208926
0.0230091
0.0223191
0.0195036
0.0237459
0.0258716
0.0136497
0.0224312
0.028701
0.0194105
0.0233826
0.0265846
0.0224533
0.0241882
0.0314583
0.0344397
0.0337807
0.0376717
0.0497707
0.0447469
0.045883
0.0448422
0.0436693
0.0473103
0.0337544
0.0431234
0.0432534
0.0440095
0.03683
0.0386725
0.0368427
0.0441189
0.0397941
0.0369076
0.0386798
0.0453813
0.0437452
0.0375026
0.0459178
0.0403413
0.046684
0.0428375
0.043436
0.0425879
0.0505762
0.0460977
0.0500903
0.0544489
0.0628695
0.0691285
0.0963512
0.153681
0.315915
0.494046
0.579965
0.611823
0.587663
0.492843
0.3082
0.157349
0.104741
0.0860536
0.0721568
0.0623258
0.0671018
0.0658945
0.0660448
0.0637665
0.0701533
0.068487
0.0659587
0.0629591
0.0685055
0.0630894
0.0641484
0.0654322
0.0609887
0.0597953
0.0677555
0.0660049
0.0610538
0.0587242
0.0598386
0.0638271
0.0559495
0.0517108
0.059241
0.0584343
0.0491504
0.0515831
0.0446928
0.0499126
0.050262
0.0511835
0.0472173
0.0560481
0.0553298
0.0614692
0.0533849
0.0597703
0.056254
0.0602736
0.0549349
0.0627962
0.0627477
0.0582747
0.0550015
0.0628628
0.0626644
0.0655059
0.0585891
0.0605772
0.0653502
0.0696449
0.0614752
0.0595549
0.0611561
0.062303
0.0608221
0.0653881
0.0579333
0.0594563
0.0635277
0.0479648
0.0582709
0.0598945
0.0556473
0.0540989
0.0500087
0.055722
0.0608255
0.0496948
0.0577237
0.0622574
0.0553884
0.0601952
0.0583124
0.0598804
0.0617073
0.0523161
0.0569291
0.0603219
0.0573662
0.0588874
0.0639059
0.0589641
0.0626051
0.0595177
0.0584553
0.0656233
0.0669444
0.0616953
0.0633718
0.070737
0.0594334
0.0631302
0.0626627
0.0861077
0.0769773
0.0653913
0.0688615
0.0665612
0.0890185
0.0748696
0.0700322
0.0821841
0.0862996
0.0759392
0.079734
0.0697548
0.0806366
0.0664543
0.0822035
0.0868588
0.0765869
0.0707895
0.0669069
0.0773085
0.0722649
0.0840678
0.0782956
0.0729072
0.085603
0.0826932
0.0845885
0.0908186
0.0812481
0.0918998
0.10031
0.0785316
0.0802519
0.0881214
0.0847365
0.0701723
0.0756191
0.0864486
0.0785784
0.0883762
0.105194
0.0975987
0.0658171
0.0964698
0.0807559
0.0863443
0.071188
0.0915003
0.0696446
0.08152
0.0686989
0.11762
0.0956128
0.107303
0.0885061
0.095851
0.104967
0.0974909
0.098308
0.113931
0.118137
0.104627
0.132222
0.118421
0.101027
0.0921798
0.0984908
0.100836
0.142809
0.140072
0.12178
0.148592
0.143374
0.141283
0.118144
0.122411
0.0976225
0.102958
0.145073
0.109767
0.136986
0.112348
0.112569
0.125781
0.101091
0.0999396
0.0833624
0.103529
0.0770156
0.0919591
0.100779
0.0939197
0.0976717
0.0914767
0.0892967
0.0863529
0.0732419
0.0879228
0.0898573
0.0756373
0.0991026
0.116853
0.101137
0.0936293
0.0804662
0.079879
0.0835079
0.0832659
0.0821881
0.0815691
0.106393
0.0697915
0.10818
0.125722
0.0946326
0.116311
0.118688
0.0958996
0.112106
0.0869905
0.0944412
0.0769908
0.0857198
0.0829583
0.0811622
0.0645784
0.0699723
0.0684468
0.0678542
0.0697615
0.0708645
0.0724642
0.0666674
0.0618446
0.063445
0.0694029
0.0859845
0.072534
0.0811039
0.107791
0.0943211
0.104968
0.113979
0.102556
0.121814
0.133338
0.137283
0.149835
0.164489
0.169088
0.18334
0.216803
0.233733
0.208574
0.213126
0.185192
0.121527
0.0749373
0.074531
0.081005
0.0688512
0.0444283
0.056935
0.0780455
0.0628599
0.0603342
0.0602445
0.0620175
0.0614419
0.0658997
0.0687592
0.0659906
0.0570839
0.065111
0.0541692
0.0653685
0.0581148
0.0535018
0.0633525
0.0571869
0.0537288
0.0747563
0.0703276
0.0710861
0.059935
0.0547772
0.0635281
0.0728548
0.0717686
0.0616205
0.0619127
0.0613521
0.0505405
0.0704701
0.0705087
0.061268
0.0571818
0.0617062
0.0652147
0.0620579
0.0648495
0.065278
0.0541204
0.0692074
0.0519992
0.0633625
0.0645981
0.0643637
0.0786001
0.0763061
0.0654418
0.0632091
0.0500827
0.0690307
0.0564532
0.0553257
0.0516927
0.05655
0.0567122
0.0571353
0.0565669
0.0506903
0.052451
0.0483739
0.0555354
0.0462004
0.0483803
0.0572636
0.0465672
0.0584527
0.0540525
0.0532539
0.0576941
0.0578704
0.0524589
0.0536427
0.0581639
0.0579245
0.0599329
0.0537593
0.0536008
0.0472859
0.0626111
0.0584274
0.0555951
0.0540861
0.053762
0.0514892
0.0619416
0.0616188
0.0598913
0.0605212
0.0606415
0.0741421
0.0664949
0.0644767
0.0711243
0.0693212
0.0720059
0.0742163
0.0763885
0.0694454
0.0958055
0.0814937
0.0878736
0.0981794
0.0980176
0.11317
0.111438
0.105006
0.107096
0.089019
0.0693322
0.0659139
0.057941
0.053614
0.0554984
0.0534185
0.0482979
0.0534211
0.0520232
0.0506794
0.0532398
0.0540671
0.0523128
0.0533138
0.0532737
0.0523356
0.0604541
0.0604928
0.061339
0.0691437
0.0665697
0.0669012
0.0679064
0.0761539
0.0770704
0.0875163
0.0848484
0.0926998
0.0942439
0.103175
0.100681
0.122034
0.128547
0.133851
0.146604
0.152442
0.149805
0.146231
0.142927
0.139379
0.124285
0.112814
0.104674
0.101909
0.073629
0.0687972
0.0833565
0.0731543
0.0738477
0.0753738
0.0692854
0.0753229
0.0771841
0.0722819
0.0716083
0.0813526
0.0787005
0.0843769
0.0802954
0.0908668
0.0906629
0.0874828
0.0892751
0.0960192
0.0938088
0.0975555
0.10963
0.105515
0.110831
0.117408
0.126675
0.124262
0.136479
0.146299
0.145827
0.158249
0.167081
0.173859
0.173419
0.180434
0.17351
0.161921
0.15436
0.138602
0.130499
0.126986
0.104387
0.0978309
0.0929849
0.0832481
0.0937953
0.0912865
0.0894192
0.0937314
0.0950358
0.0759293
0.0827643
0.0935551
0.0992735
0.0960049
0.0807603
0.0734045
0.0712644
0.0683016
0.0745265
0.0597007
0.0612181
0.0698576
0.0705395
0.073377
0.0601058
0.0784365
0.0855399
0.0769416
0.0802308
0.0758597
0.0833648
0.0797709
0.0769818
0.0873253
0.0778191
0.0730539
0.0780467
0.0772911
0.0715741
0.0790763
0.071115
0.0840444
0.0773353
0.0782909
0.0835985
0.0730618
0.0844228
0.0786479
0.0869356
0.0823928
0.0815354
0.0849845
0.0827792
0.0742312
0.0827656
0.077217
0.0882165
0.0807765
0.0773789
0.0846951
0.0804973
0.0817341
0.0867654
0.0782998
0.0792888
0.0830309
0.0846149
0.0828606
0.0819373
0.0825902
0.0871046
0.0838278
0.0905086
0.0966463
0.0918217
0.0950583
0.0903406
0.1034
0.11562
0.120047
0.130027
0.131898
0.123398
0.137125
0.133942
0.154708
0.144975
0.17039
0.173913
0.168162
0.145859
0.14113
0.154791
0.130469
0.126681
0.122789
0.128474
0.107633
0.099531
0.108871
0.0990707
0.108014
0.112599
0.118877
0.122816
0.117021
0.118824
0.117554
0.128969
0.139863
0.139773
0.149938
0.150991
0.139113
0.148018
0.145298
0.148714
0.157898
0.130678
0.142063
0.15867
0.13107
0.115891
0.149194
0.149493
0.147145
0.117808
0.109197
0.122601
0.109375
0.119959
0.154412
0.13943
0.132774
0.0933034
0.118682
0.149582
0.133771
0.129488
0.166121
0.145021
0.153004
0.167363
0.16507
0.15986
0.169334
0.172554
0.17019
0.164584
0.17132
0.171852
0.184142
0.170184
0.198788
0.199495
0.187518
0.18715
0.199772
0.21042
0.221228
0.225987
0.226202
0.222904
0.233103
0.223904
0.197015
0.212524
0.205709
0.198808
0.186557
0.180376
0.156109
0.170649
0.140634
0.134748
0.143867
0.121107
0.104917
0.0891589
0.125783
0.110268
0.0933342
0.120929
0.102635
0.109745
0.116148
0.122532
0.120111
0.117294
0.108245
0.146676
0.141538
0.109454
0.16334
0.106087
0.151369
0.160744
0.153206
0.170927
0.165434
0.190968
0.173907
0.212083
0.228251
0.201609
0.230116
0.199387
0.219811
0.212884
0.234102
0.246941
0.24603
0.254709
0.280932
0.279947
0.278892
0.271116
0.265371
0.266541
0.27233
0.257342
0.263931
0.260957
0.242268
0.232471
0.202873
0.204972
0.202951
0.192248
0.161682
0.0975963
0.0946547
0.117288
0.121835
0.127781
0.100392
0.0665679
0.109606
0.116103
0.107072
0.0953576
0.116945
0.105264
0.0874818
0.10528
0.101369
0.0934236
0.0970095
0.0753557
0.0725527
0.109205
0.0935125
0.0993444
0.0945603
0.111912
0.0929925
0.0627109
0.068235
0.123735
0.0935143
0.117342
0.108817
0.0893675
0.0941956
0.127528
0.0585992
0.145023
0.114086
0.115443
0.137868
0.0921555
0.0664228
0.138228
0.173018
0.123942
0.0807082
0.138855
0.0930492
0.112992
0.161064
0.103573
0.155474
0.140979
0.0726841
0.159175
0.118402
0.0888551
0.141661
0.134322
0.100262
0.128259
0.153928
0.119934
0.112949
0.128368
0.118051
0.0847907
0.131727
0.102889
0.10771
0.115547
0.102178
0.119765
0.118787
0.0732238
0.119187
0.0687019
0.134986
0.0944651
0.0450653
0.0837201
0.133016
0.0979169
0.126625
0.0804049
0.0658898
0.121531
0.127459
0.0708159
0.0744034
0.0656205
0.0980268
0.0933518
0.0792178
0.0828175
0.10288
0.106919
0.168055
0.115818
0.0771913
0.125663
0.100795
0.104926
0.152532
0.131231
0.121156
0.107902
0.128406
0.120853
0.114465
0.133262
0.1349
0.0888915
0.127635
0.156653
0.134613
0.136323
0.145304
0.146185
0.118851
0.128653
0.123767
0.153321
0.14492
0.131335
0.123753
0.096431
0.156051
0.118882
0.119586
0.109939
0.12978
0.0944442
0.101583
0.0760842
0.0654796
0.0597746
0.0810113
0.0473392
