0.13463
0.135528
0.115983
0.134715
0.137873
0.137642
0.149754
0.145398
0.15474
0.158687
0.161738
0.15884
0.158002
0.164425
0.169667
0.174413
0.172678
0.17619
0.171793
0.17833
0.169979
0.169816
0.16706
0.177652
0.17981
0.188383
0.195024
0.196515
0.196597
0.202776
0.204492
0.207805
0.210163
0.212571
0.216859
0.216758
0.217482
0.214084
0.217023
0.212274
0.20611
0.199769
0.204583
0.208971
0.219827
0.223702
0.230942
0.236779
0.238777
0.241421
0.237418
0.225731
0.212758
0.209044
0.209559
0.209577
0.227596
0.247408
0.24694
0.240741
0.222127
0.199652
0.156724
0.156102
0.14267
0.137681
0.120207
0.12007
0.114923
0.114881
0.113201
0.12059
0.120387
0.114707
0.115199
0.116113
0.111274
0.119702
0.117796
0.112818
0.118749
0.122088
0.12132
0.126125
0.120015
0.12719
0.125428
0.13105
0.137257
0.139127
0.147468
0.147237
0.157853
0.158853
0.168635
0.181813
0.188833
0.196217
0.199594
0.205435
0.213673
0.214269
0.208793
0.205657
0.180476
0.165449
0.169541
0.165773
0.165634
0.174626
0.176112
0.173762
0.181031
0.177272
0.176554
0.174497
0.174372
0.163738
0.168081
0.151738
0.155733
0.159848
0.172691
0.174943
0.18002
0.183063
0.190336
0.189796
0.198704
0.198533
0.20305
0.20713
0.209351
0.208785
0.20893
0.209887
0.218473
0.218881
0.216075
0.206986
0.205675
0.183937
0.161195
0.173027
0.171948
0.184657
0.17449
0.197032
0.204872
0.206425
0.214483
0.213213
0.226726
0.233088
0.235031
0.238927
0.241861
0.241715
0.241609
0.240778
0.243702
0.246624
0.245619
0.23901
0.212866
0.18817
0.147633
0.127229
0.121436
0.119128
0.109739
0.112323
0.111551
0.114185
0.114203
0.115843
0.120034
0.124613
0.125846
0.126586
0.12915
0.142377
0.1373
0.140512
0.129135
0.136558
0.124732
0.125319
0.126808
0.126975
0.131293
0.130593
0.129145
0.138585
0.133994
0.136928
0.137896
0.132552
0.128937
0.116007
0.107119
0.101986
0.103366
0.103747
0.100566
0.116991
0.108399
0.114056
0.126713
0.124506
0.131842
0.133403
0.149758
0.149826
0.152818
0.156286
0.157471
0.160599
0.164612
0.168293
0.169472
0.163662
0.161634
0.154986
0.144357
0.131166
0.123874
0.123474
0.117609
0.130524
0.124203
0.135594
0.139033
0.147396
0.145549
0.155422
0.156527
0.163621
0.173549
0.173627
0.184781
0.186299
0.198905
0.20133
0.20556
0.206279
0.211107
0.213159
0.215175
0.21794
0.21706
0.218258
0.214841
0.215628
0.203864
0.195723
0.181338
0.147933
0.134106
0.138139
0.129723
0.133922
0.132769
0.138738
0.147743
0.147493
0.161258
0.15601
0.169427
0.171036
0.176155
0.17758
0.18207
0.196922
0.199976
0.19251
0.199372
0.204753
0.203648
0.196557
0.186957
0.178971
0.163176
0.140969
0.135442
0.124758
0.119499
0.132825
0.123105
0.118989
0.117741
0.119185
0.132365
0.135247
0.132195
0.13873
0.13498
0.131902
0.140436
0.134776
0.137777
0.127454
0.126839
0.137354
0.12589
0.125376
0.130583
0.126129
0.126414
0.131553
0.127624
0.128391
0.134826
0.120116
0.122045
0.107568
0.113749
0.105415
0.0858505
0.0909157
0.114927
0.094292
0.103043
0.100364
0.10534
0.11721
0.111649
0.102726
0.11859
0.121846
0.106087
0.118491
0.125618
0.137701
0.140941
0.143554
0.154057
0.140241
0.15359
0.147408
0.158476
0.153001
0.155587
0.151359
0.139247
0.12937
0.124733
0.113974
0.116727
0.117344
0.11507
0.112839
0.0983278
0.103959
0.11313
0.109961
0.131113
0.117564
0.112624
0.12773
0.129522
0.130197
0.1265
0.13358
0.136813
0.129586
0.136345
0.147705
0.144182
0.164656
0.167142
0.176123
0.176167
0.179465
0.182837
0.186636
0.186794
0.178162
0.164714
0.148157
0.132077
0.101008
0.0995672
0.102712
0.101649
0.101582
0.105166
0.10262
0.118506
0.112112
0.106298
0.115756
0.111178
0.113764
0.115815
0.09751
0.121194
0.108672
0.117118
0.106859
0.115084
0.11973
0.123126
0.123286
0.11555
0.122694
0.131266
0.139576
0.144655
0.168432
0.174039
0.178373
0.183812
0.200444
0.18794
0.191631
0.183811
0.176304
0.148499
0.144411
0.150291
0.156865
0.156884
0.151356
0.148689
0.171672
0.16219
0.150552
0.163214
0.156381
0.154786
0.163112
0.165785
0.166178
0.161964
0.149794
0.145611
0.139652
0.137848
0.145269
0.133169
0.131958
0.131868
0.146352
0.118494
0.130201
0.131419
0.137955
0.118798
0.112004
0.120381
0.123909
0.142929
0.128289
0.114137
0.13065
0.125759
0.127123
0.131656
0.143832
0.136359
0.143267
0.13672
0.146134
0.146974
0.135593
0.139089
0.146147
0.155262
0.152614
0.165825
0.153512
0.15873
0.175941
0.161304
0.179671
0.17384
0.188511
0.187223
0.183939
0.207009
0.21767
0.230876
0.23189
0.238058
0.210977
0.187875
0.169294
0.140306
0.134479
0.130632
0.185945
0.20655
0.246909
0.302493
0.353207
0.38359
0.404448
0.375518
0.304786
0.229231
0.159096
0.115224
0.128906
0.120204
0.113303
0.106873
0.125685
0.118802
0.134134
0.131156
0.1313
0.125401
0.133212
0.141738
0.148873
0.151836
0.152078
0.146353
0.150094
0.152009
0.149989
0.141884
0.136136
0.104013
0.099088
0.110674
0.110355
0.100259
0.0988538
0.0911632
0.0920856
0.0799905
0.105909
0.101142
0.10331
0.0986074
0.0914356
0.0939167
0.102134
0.106173
0.109385
0.101123
0.113033
0.111256
0.118377
0.116873
0.121565
0.117166
0.11628
0.107784
0.111597
0.134935
0.101322
0.112813
0.119944
0.127025
0.0978442
0.11628
0.114234
0.10079
0.11089
0.112432
0.106785
0.124937
0.142188
0.128245
0.129632
0.137462
0.106365
0.12843
0.12461
0.110981
0.12147
0.115818
0.100692
0.120284
0.121984
0.109584
0.121157
0.119331
0.130448
0.130046
0.12404
0.120589
0.12689
0.133085
0.129695
0.0924437
0.126103
0.114858
0.129814
0.106682
0.124341
0.106179
0.098864
0.102453
0.0912548
0.115232
0.094085
0.0909359
0.0936682
0.0961593
0.103036
0.0885647
0.101071
0.0884407
0.0769366
0.0868291
0.0771863
0.0850711
0.0890427
0.075454
0.0860225
0.0924833
0.0982794
0.0862377
0.096448
0.080642
0.0766351
0.0756846
0.0619022
0.0607927
0.0787835
0.0669965
0.0823499
0.0804819
0.0824695
0.0828816
0.0775372
0.102162
0.105407
0.0973552
0.103413
0.115871
0.104409
0.112115
0.112756
0.0947981
0.101669
0.0666839
0.0613142
0.071857
0.0753079
0.0720883
0.0603208
0.0860828
0.0747365
0.093627
0.0805841
0.111104
0.0921076
0.125584
0.0942281
0.0702462
0.0888571
0.0632854
0.114533
0.1174
0.098413
0.100395
0.116928
0.152019
0.105377
0.101953
0.116525
0.107492
0.109635
0.0846699
0.113073
0.0902264
0.113009
0.0892926
0.076796
0.132792
0.114588
0.09855
0.0858319
0.0963217
0.100788
0.0911063
0.10504
0.105907
0.134696
0.101544
0.109883
0.102435
0.116732
0.12244
0.101542
0.0922934
0.0963518
0.101852
0.0995394
0.0913668
0.0957498
0.0820489
0.077856
0.065035
0.0622921
0.0696026
0.0600235
0.0552395
0.0572583
0.052597
0.0531586
0.0427764
0.044489
0.0532714
0.0522091
0.0469847
0.0388647
0.0388797
0.0516427
0.0444482
0.0387199
0.0425198
0.0404003
0.0330573
0.040755
0.0440198
0.0291092
0.0382969
0.0225974
0.0371064
0.0285793
0.0312831
0.0411033
0.0390439
0.0515246
0.0303753
0.0387341
0.0440081
0.0445201
0.045367
0.0532058
0.0375304
0.0324606
0.0380627
0.0459103
0.0443531
0.0527966
0.041905
0.057382
0.0531897
0.0389243
0.0436658
0.0619347
0.044139
0.0342711
0.0335236
0.030442
0.0294451
0.0422121
0.0280468
0.0394005
0.0288906
0.0291826
0.0358127
0.0368433
0.0274341
0.030001
0.0267034
0.0222231
0.0460843
0.0336296
0.0448708
0.0401968
0.0378455
0.0354611
0.0345927
0.050709
0.0342708
0.0461287
0.0353408
0.036723
0.0353841
0.0500857
0.0625897
0.07506
0.0891874
0.0835003
0.0600857
0.0881528
0.0691279
0.0674554
0.078283
0.0749999
0.090389
0.0797317
0.0590363
0.0898669
0.0796612
0.0743859
0.0708013
0.0763965
0.0772556
0.093734
0.0913124
0.104374
0.101689
0.106228
0.108784
0.0970274
0.116459
0.121773
0.163507
0.134886
0.146791
0.128094
0.117264
0.107567
0.122344
0.0963127
0.091265
0.0773457
0.0903602
0.0819038
0.0844251
0.0857439
0.12177
0.10902
0.100684
0.0871969
0.0876351
0.126183
0.115329
0.127661
0.122769
0.136651
0.119187
0.0928169
0.101366
0.134218
0.101983
0.124418
0.115677
0.150538
0.127354
0.139471
0.125498
0.137734
0.100826
0.108976
0.121085
0.103938
0.0914147
0.112965
0.0922003
0.0788166
0.0655331
0.0612174
0.0658525
0.0513016
0.0436443
0.0360031
0.0338914
0.0268684
0.0182062
0.0105694
0.0188374
0.0101074
0.0145461
0.0121485
0.0163109
0.0152868
0.00684989
0.0149388
0.0115789
0.00579107
0.00826867
0.0195252
0.0171812
0.0197485
0.015232
0.00696315
0.0218544
0.0130622
0.00843062
0.0110705
0.00844916
0.00289239
0.00640219
0.0128827
0.00688239
0.0100436
0.00508824
0
0.00856881
0.00548643
0.00936836
0.00442343
0.00995265
0.0114253
0.0105106
0.00637569
0.00925804
0.0132361
0.0133758
0.00984563
0.00546762
0.0120554
0.00563207
0.0129991
0.0125549
0.00966994
0.00860245
0.0172181
0.0100887
0.00789998
0.00838345
0.0193981
0.0117209
0.0134664
0.0207898
0.0208291
0.0193862
0.0253111
0.0167604
0.00953364
0.0183087
0.00914179
0.0163925
0.0238777
0.0181633
0.0192684
0.0178771
0.0197732
0.021856
0.0235908
0.0169276
0.0169109
0.0162597
0.0220498
0.0209395
0.0157799
0.0192828
0.031177
0.0239098
0.0356512
0.0222541
0.0250338
0.0155924
0.0206495
0.0121438
0.0144379
0.0176867
0.0156036
0.0223019
0.014326
0.0236029
0.0134274
0.00934969
0.0158761
0.0088457
0.0207018
0.0216301
0.0165711
0.0134106
0.01463
0.0208354
0.0228205
0.021936
0.0303517
0.0268834
0.0279057
0.0336712
0.0321811
0.0372777
0.0336762
0.0299054
0.0315806
0.0342771
0.0362308
0.0350066
0.0325315
0.0492647
0.0346593
0.0443907
0.0426681
0.044959
0.0451858
0.0435444
0.0554914
0.0541233
0.0601877
0.0543801
0.059468
0.0594161
0.0643224
0.0683928
0.0579642
0.0635085
0.0606701
0.0625415
0.0617611
0.0620774
0.0566755
0.0614845
0.0590708
0.0573731
0.0649661
0.0595482
0.0562094
0.0656363
0.0656676
0.070625
0.0714829
0.0796287
0.0882999
0.068964
0.0562312
0.0752988
0.058354
0.0601968
0.051586
0.0471168
0.0629146
0.0670767
0.0488673
0.0420969
0.0515273
0.0641669
0.0582718
0.0546615
0.0544572
0.0524615
0.0426664
0.0535809
0.0543686
0.0524608
0.0590947
0.0523726
0.0577373
0.0594847
0.0428328
0.0527234
0.0457518
0.0574227
0.0387993
0.0395017
0.0331137
0.0355035
0.0328723
0.0404973
0.0363936
0.0292698
0.0391084
0.0299312
0.0364706
0.0367974
0.035844
0.0369335
0.0241635
0.034255
0.0436537
0.0452231
0.0338101
0.032234
0.0504317
0.0300578
0.0319673
0.0441517
0.0354909
0.0459867
0.0191052
0.0194038
0.0224235
0.0134963
0.00754792
0.0136993
0.0127417
0.008733
0.00864838
0.0142491
0.0199364
0.0108681
0.00763005
0.00671454
0.0149161
0.0122393
0.0130211
0.0131586
0.015289
0.0296329
0.018473
0.0148992
0.0234798
0.0162479
0.0266337
0.0288597
0.0284742
0.00767183
0.03451
0.0339929
0.0381186
0.0215483
0.0221583
0.0282648
0.0143399
0.0168847
0.0150297
0.0144512
0.0100798
0.0196435
0.0146335
0.0170856
0.0157783
0.0124004
0.00698582
0.000952792
0.0074218
0.011241
0.0137601
0.0048527
0.0273022
0.0210375
0.0238226
0.0236653
0.00406125
0.0203738
0.0198363
0.0163896
0.0167998
0.0142727
0.0113766
0.017284
0.0127669
0.0176735
0.0121087
0.01347
0.0148179
0.00870245
0.00841833
0.0166383
0.0138097
0.0164015
0.0108605
0.0128022
0.0120136
0.0166829
0.0150567
0.0169301
0.0217786
0.0208523
0.0202845
0.026051
0.0221203
0.0198696
0.0206089
0.0267149
0.0287195
0.00877327
0.0329345
0.0291691
0.0255369
0.00651499
0.0217199
0.0159186
0.0154973
0.0175948
0.0129181
0.0110283
0.011797
0.0149625
0.0124817
0.011565
0.0147273
0.0143941
0.0128921
0.0194815
0.00697907
0.0129359
0.0161276
0.0213094
0.0129777
0.0129124
0.0194056
0.0249716
0.0276379
0.0210694
0.0282991
0.0234831
0.025878
0.0228914
0.0205633
0.0381789
0.0297136
0.0357887
0.0226925
0.0175844
0.0346387
0.0244989
0.018424
0.0215549
0.0286125
0.0243376
0.0308717
0.0274333
0.0315422
0.0270676
0.0330515
0.0279245
0.0302987
0.0245736
0.0295526
0.0338581
0.0383706
0.034333
0.0387556
0.0463186
0.0486359
0.0524177
0.0768963
0.128206
0.297199
0.468378
0.546358
0.569977
0.547945
0.451331
0.286866
0.134914
0.0807272
0.0616502
0.049498
0.0478923
0.041126
0.0391347
0.0391603
0.040629
0.0443843
0.04829
0.040879
0.0411899
0.0390132
0.0367481
0.03282
0.0360581
0.0358249
0.0368643
0.0366938
0.0386306
0.0366216
0.0348874
0.0387999
0.0346324
0.0372868
0.035457
0.042001
0.0376114
0.0374779
0.0328796
0.0446439
0.0318472
0.0424948
0.0431882
0.0248409
0.0398086
0.0363332
0.0355704
0.0371353
0.0395177
0.0398332
0.0418003
0.04448
0.0353456
0.0453285
0.0349073
0.0378506
0.0370577
0.0384367
0.0392551
0.0390212
0.0445339
0.0428721
0.0484311
0.0353874
0.044378
0.0433419
0.0337655
0.0339159
0.0311904
0.037869
0.0410989
0.0353578
0.0419999
0.0315601
0.0438309
0.0378944
0.038709
0.0346849
0.0368102
0.0372751
0.0339041
0.0355646
0.0377828
0.0377763
0.0404239
0.0361144
0.0318533
0.0374854
0.0347886
0.0396314
0.0386009
0.0403322
0.0369937
0.0318209
0.0347138
0.0384871
0.0330865
0.0376981
0.0346132
0.0345747
0.046619
0.0415468
0.0414664
0.0406479
0.036535
0.0388086
0.0445177
0.0444098
0.0477116
0.0523793
0.0309694
0.0514053
0.0593594
0.0555464
0.0736515
0.046351
0.0392033
0.0540607
0.0405695
0.0657379
0.0499325
0.0671597
0.0587466
0.0484137
0.0470034
0.0478747
0.0460625
0.0487861
0.0531612
0.054917
0.0578886
0.0581506
0.0548427
0.0556702
0.0460799
0.0393067
0.0540211
0.0514946
0.0532171
0.03892
0.0554091
0.0443733
0.0354076
0.0589345
0.0338263
0.0435497
0.062141
0.0639947
0.0720477
0.0620793
0.0741392
0.0187446
0.0616397
0.0562886
0.0798228
0.0422296
0.0575684
0.0531284
0.036294
0.0598131
0.0498595
0.070352
0.105319
0.099024
0.0679014
0.0873483
0.0936952
0.0544871
0.0797104
0.0642106
0.0848039
0.0606118
0.057751
0.0975643
0.0872586
0.0727948
0.0894232
0.123388
0.0771072
0.11478
0.0893697
0.109294
0.116896
0.112635
0.0913773
0.070231
0.101132
0.0870811
0.0875803
0.0787365
0.0785396
0.0807567
0.0657139
0.0649693
0.0946649
0.0638125
0.0739782
0.0461593
0.080874
0.0560446
0.0720704
0.0584184
0.0642456
0.0495177
0.0331593
0.0594976
0.0814132
0.0660472
0.0511178
0.0608106
0.0748404
0.0864295
0.0549003
0.0782848
0.0641146
0.0722848
0.0853949
0.0512713
0.0557214
0.0958205
0.079479
0.083391
0.0808119
0.0846671
0.0772596
0.0978871
0.0711241
0.0559773
0.054542
0.0526629
0.0588156
0.0474721
0.0432998
0.0568906
0.0677873
0.0688596
0.0315188
0.0435775
0.0296344
0.035631
0.058923
0.0408962
0.0614777
0.0650634
0.0531174
0.0600673
0.0644313
0.0631363
0.0684073
0.0624631
0.0762021
0.0953939
0.091689
0.088733
0.121989
0.130129
0.119641
0.136927
0.141777
0.162272
0.154081
0.147494
0.118343
0.0770343
0.0645522
0.052162
0.0621323
0.0544845
0.0344121
0.0548628
0.0396503
0.0462736
0.0310726
0.0414826
0.042813
0.0477476
0.0535871
0.0443034
0.0388714
0.0364928
0.0354114
0.0600704
0.0565127
0.0449892
0.0461573
0.0498748
0.0437644
0.0402545
0.0370385
0.0335357
0.0438562
0.0357349
0.0430221
0.0445577
0.0553358
0.031767
0.0447181
0.0398985
0.039881
0.0276941
0.0342669
0.0415437
0.0407017
0.040297
0.037608
0.0417241
0.0332581
0.0322165
0.049034
0.0408396
0.0420192
0.0424599
0.0377792
0.0295388
0.0355744
0.0499569
0.0478679
0.05314
0.0486815
0.0487928
0.0266532
0.0384089
0.0431457
0.0403802
0.0281993
0.0275712
0.0278726
0.0308221
0.0299827
0.0306233
0.0293723
0.0321297
0.0466168
0.032266
0.0428533
0.0538615
0.0409068
0.0405525
0.0420131
0.0322818
0.0433295
0.0455883
0.0396817
0.0401484
0.0363866
0.0296535
0.0324862
0.0342568
0.0372897
0.032144
0.0346989
0.0309924
0.0379463
0.0369116
0.0376236
0.0341738
0.0406702
0.0442341
0.041425
0.0405564
0.0420978
0.0453077
0.0457951
0.0534807
0.0554904
0.0412343
0.0510842
0.0644197
0.0537089
0.0621064
0.0566688
0.07287
0.0755436
0.0784712
0.0847441
0.0830179
0.0883262
0.0628731
0.0676528
0.0629944
0.0394547
0.050835
0.0337464
0.0333703
0.0318151
0.0384418
0.0287396
0.0387386
0.0370657
0.0278743
0.032669
0.0313784
0.0293016
0.0348714
0.0366585
0.0422084
0.0385618
0.0429678
0.036092
0.0479851
0.0447339
0.0470052
0.0479775
0.0496455
0.0546037
0.0620528
0.0588481
0.0646101
0.0719968
0.0768567
0.0833587
0.0873844
0.0968259
0.106227
0.107411
0.105581
0.106918
0.102923
0.0988247
0.093602
0.0844468
0.0782563
0.0511898
0.0728998
0.0558838
0.0471489
0.0651336
0.0458427
0.056802
0.0468307
0.0443545
0.0582944
0.0450061
0.0507161
0.053671
0.0593666
0.0581394
0.0560998
0.053086
0.0575711
0.0663583
0.0671079
0.0649362
0.0635201
0.0689277
0.0742145
0.0756534
0.0822813
0.0779226
0.0819719
0.094085
0.0906184
0.0917864
0.105223
0.107462
0.113147
0.113212
0.124071
0.121877
0.121594
0.117093
0.099555
0.100404
0.0869706
0.0746613
0.0683666
0.0577579
0.0607662
0.0652043
0.0565636
0.0585621
0.0576455
0.060821
0.0603385
0.0580546
0.0606593
0.0551035
0.0610832
0.0546398
0.0568596
0.0514607
0.0727816
0.050035
0.0486652
0.0563145
0.0291718
0.0603037
0.0499283
0.0584012
0.0458189
0.0387803
0.0544248
0.0510025
0.0492389
0.0491766
0.037251
0.0491364
0.037196
0.0408724
0.0530229
0.0378627
0.0465791
0.0490973
0.0464854
0.0462701
0.0453329
0.0450247
0.0515412
0.0494456
0.0480581
0.0500345
0.0446718
0.0500494
0.0490446
0.0472087
0.0458109
0.0409479
0.0431946
0.0411106
0.0497826
0.042284
0.0432787
0.0368263
0.0590722
0.0449383
0.0533433
0.0499661
0.0545755
0.05661
0.0634821
0.0635161
0.0624948
0.059643
0.0709968
0.0693962
0.0678722
0.0693097
0.0641959
0.0742495
0.0703098
0.0811953
0.0933485
0.0842113
0.0959019
0.0911967
0.104334
0.0747602
0.0922232
0.0944092
0.0888991
0.0907953
0.0915264
0.104756
0.122052
0.122272
0.106876
0.111418
0.0892294
0.109608
0.118524
0.0802732
0.0785718
0.089349
0.0806603
0.0722753
0.0816615
0.089064
0.0905349
0.0895345
0.0889915
0.0814514
0.10547
0.108878
0.0956864
0.0836144
0.119671
0.10729
0.126741
0.123204
0.111457
0.132091
0.115987
0.115888
0.106123
0.117097
0.126645
0.118727
0.086291
0.119297
0.0854661
0.0799929
0.0765952
0.0612025
0.0728183
0.0828047
0.128611
0.0965667
0.109587
0.127501
0.084931
0.139206
0.100761
0.136804
0.105632
0.105027
0.102979
0.108431
0.110296
0.117192
0.123488
0.134863
0.121722
0.117746
0.119968
0.123854
0.149645
0.141843
0.159856
0.147307
0.149977
0.154243
0.154022
0.149617
0.163839
0.153862
0.152432
0.163497
0.172812
0.156115
0.165462
0.144613
0.155497
0.150049
0.146563
0.159759
0.143768
0.130549
0.110992
0.095373
0.110078
0.10834
0.0914904
0.0553802
0.0980948
0.072391
0.0724322
0.0773382
0.0641185
0.0730382
0.0977479
0.100965
0.0711066
0.0919466
0.0781603
0.0723929
0.102738
0.106984
0.0857489
0.112449
0.100206
0.140752
0.11172
0.130729
0.133812
0.149615
0.0906184
0.142156
0.131268
0.14053
0.145937
0.175272
0.141618
0.135681
0.156719
0.163245
0.187306
0.18387
0.185275
0.182906
0.17933
0.189538
0.199175
0.203144
0.194516
0.202024
0.191599
0.172123
0.196555
0.164488
0.147837
0.171406
0.163056
0.186099
0.13362
0.112643
0.144783
0.0781185
0.12983
0.0882567
0.0700107
0.088108
0.0830792
0.0731411
0.112228
0.0763087
0.0981095
0.0659214
0.0782305
0.0836618
0.0469233
0.124804
0.0873259
0.0783237
0.076429
0.0862694
0.0853959
0.0929
0.0589005
0.082476
0.0945884
0.0993233
0.0974717
0.086077
0.14768
0.105292
0.116878
0.0788132
0.0936538
0.137793
0.084247
0.0875854
0.0990338
0.103157
0.106986
0.0763109
0.0717411
0.117142
0.138852
0.0680811
0.0981166
0.132426
0.0905413
0.0819277
0.0888848
0.105539
0.0392546
0.138028
0.119468
0.0762536
0.0997238
0.120175
0.102483
0.146326
0.087733
0.0901227
0.103185
0.113581
0.12086
0.114243
0.107092
0.100036
0.158312
0.100827
0.0926206
0.158604
0.110511
0.148043
0.058865
0.0699846
0.0670823
0.122273
0.0463863
0.0784945
0.122713
0.114101
0.0984832
0.0854424
0.0538452
0.132123
0.0931488
0.0944011
0.0861303
0.0695751
0.0474304
0.0308963
0.0621481
0.0699278
0.121179
0.0720669
0.0762703
0.0955218
0.109371
0.0942499
0.0680785
0.144317
0.152306
0.0840859
0.100292
0.0833291
0.113027
0.0669785
0.0858545
0.103539
0.148152
0.133882
0.0968045
0.119912
0.0995527
0.0754148
0.129239
0.117456
0.131917
0.110731
0.109608
0.118596
0.117392
0.139036
0.105806
0.167501
0.108716
0.130346
0.0976106
0.104252
0.130984
0.0833532
0.103499
0.10386
0.113164
0.122633
0.0820734
0.0502574
0.0642255
0.072206
0.0439223
