0.140222
0.1364
0.122745
0.140353
0.143718
0.14329
0.147412
0.147504
0.15389
0.15849
0.168558
0.15897
0.164296
0.173182
0.175155
0.174201
0.17516
0.180225
0.17839
0.179699
0.178769
0.175309
0.174441
0.180389
0.180883
0.190469
0.195239
0.204314
0.200658
0.205335
0.208694
0.216161
0.2162
0.217531
0.220428
0.22107
0.225266
0.219295
0.224558
0.213103
0.211162
0.203597
0.214117
0.217187
0.220346
0.226551
0.237789
0.238867
0.243491
0.243913
0.241388
0.229384
0.216468
0.213344
0.213794
0.214378
0.232031
0.252871
0.251753
0.242614
0.225373
0.201809
0.164026
0.151083
0.141713
0.134547
0.132604
0.128122
0.120947
0.118503
0.124402
0.118313
0.117319
0.121409
0.114203
0.114343
0.117437
0.121888
0.118954
0.11633
0.121555
0.120474
0.122162
0.128308
0.128693
0.128041
0.13255
0.134296
0.135879
0.141942
0.141728
0.152165
0.157669
0.166303
0.175251
0.183162
0.194937
0.20246
0.202095
0.211285
0.219024
0.218688
0.21764
0.209061
0.187171
0.164695
0.172223
0.170725
0.169272
0.177773
0.178369
0.178514
0.183575
0.181358
0.176114
0.181262
0.175134
0.166876
0.170744
0.161337
0.164529
0.165893
0.177398
0.176529
0.186208
0.186163
0.194739
0.192513
0.2014
0.204524
0.207543
0.21021
0.213224
0.213065
0.213139
0.213738
0.222961
0.222174
0.220348
0.212492
0.204728
0.187944
0.175147
0.17833
0.18981
0.187296
0.17777
0.200267
0.204028
0.20905
0.225089
0.214799
0.235023
0.240307
0.242505
0.240845
0.247256
0.243319
0.249554
0.247397
0.247695
0.250889
0.248273
0.243508
0.216918
0.190207
0.151916
0.135946
0.124026
0.117113
0.11415
0.115389
0.11134
0.118732
0.114402
0.119635
0.116609
0.125222
0.121169
0.133993
0.139253
0.139497
0.140109
0.138255
0.1348
0.136409
0.129298
0.129094
0.128907
0.130906
0.134362
0.129179
0.13345
0.137898
0.133437
0.133142
0.139839
0.138732
0.130843
0.118667
0.105499
0.100421
0.103553
0.105294
0.102933
0.119669
0.116457
0.113212
0.123878
0.131821
0.141879
0.135222
0.154871
0.152874
0.15356
0.153552
0.159331
0.165637
0.169425
0.171427
0.168054
0.161066
0.168093
0.156513
0.14425
0.136343
0.128042
0.125374
0.12116
0.132389
0.137709
0.137914
0.142205
0.155435
0.153615
0.157714
0.160117
0.169157
0.175863
0.184374
0.18292
0.195639
0.202308
0.204115
0.211061
0.211794
0.212801
0.218036
0.222542
0.22162
0.224572
0.223558
0.221733
0.223627
0.216397
0.200061
0.184963
0.145935
0.140922
0.138432
0.14288
0.14818
0.13679
0.153665
0.16035
0.158623
0.164327
0.162727
0.172785
0.179249
0.183915
0.180878
0.181948
0.199101
0.200602
0.200897
0.20647
0.212046
0.208284
0.198003
0.191928
0.184273
0.167786
0.138497
0.13437
0.130297
0.121368
0.128979
0.13059
0.123379
0.132462
0.128073
0.136205
0.146847
0.130354
0.144556
0.148431
0.143407
0.154609
0.146902
0.128301
0.132712
0.12935
0.127348
0.134939
0.132021
0.131042
0.125111
0.129354
0.132943
0.142056
0.133167
0.146895
0.122924
0.11827
0.109937
0.113808
0.101521
0.10588
0.104142
0.110757
0.0982672
0.116212
0.116138
0.112853
0.11266
0.113018
0.10415
0.11574
0.118293
0.121156
0.118299
0.134314
0.143945
0.140343
0.147014
0.157857
0.142999
0.152971
0.150509
0.166244
0.156247
0.158743
0.154563
0.145688
0.14422
0.1325
0.118296
0.120879
0.12472
0.117869
0.105642
0.105936
0.114672
0.121871
0.117921
0.12347
0.13077
0.119448
0.117744
0.137951
0.144763
0.119596
0.136235
0.138702
0.143349
0.143914
0.154043
0.157015
0.163966
0.178265
0.177074
0.184885
0.188717
0.1917
0.192295
0.193364
0.179854
0.172859
0.148106
0.132462
0.13333
0.112452
0.104881
0.101661
0.120263
0.121645
0.104839
0.123319
0.115032
0.123556
0.119512
0.115195
0.121898
0.111554
0.113342
0.118973
0.12262
0.110977
0.116133
0.12528
0.123443
0.125011
0.128162
0.124197
0.124434
0.129903
0.141722
0.145976
0.167309
0.170957
0.190454
0.183147
0.198995
0.199489
0.195961
0.203456
0.179334
0.160578
0.158853
0.162869
0.170925
0.152483
0.157959
0.162333
0.179408
0.163456
0.161751
0.16485
0.159133
0.155636
0.167863
0.169032
0.165443
0.162323
0.154275
0.153658
0.141619
0.139862
0.144615
0.145898
0.151117
0.133738
0.143615
0.127604
0.137709
0.138685
0.153506
0.124722
0.133803
0.140184
0.138409
0.14179
0.128014
0.134485
0.132463
0.128113
0.12246
0.126778
0.14789
0.15387
0.148104
0.141865
0.148867
0.15338
0.137491
0.153228
0.155409
0.155247
0.155551
0.164145
0.163143
0.167191
0.173763
0.171966
0.177302
0.181933
0.186272
0.188199
0.19037
0.22272
0.22482
0.227997
0.239795
0.240906
0.201788
0.191314
0.156708
0.141895
0.151396
0.136536
0.185563
0.249216
0.263954
0.323522
0.378866
0.406326
0.408529
0.391318
0.332283
0.238621
0.160624
0.132144
0.131206
0.129635
0.107884
0.121068
0.134362
0.135189
0.137157
0.134148
0.13022
0.123411
0.139465
0.143702
0.149102
0.153296
0.160719
0.148742
0.164395
0.155097
0.152599
0.142762
0.130075
0.103538
0.107585
0.11229
0.125812
0.110527
0.110363
0.103188
0.101573
0.0894044
0.0993781
0.106111
0.11143
0.0993073
0.104886
0.124333
0.110038
0.108502
0.105424
0.118813
0.119797
0.110735
0.116423
0.128682
0.118842
0.124939
0.122778
0.101739
0.128296
0.135576
0.117648
0.119996
0.137942
0.125213
0.115215
0.112738
0.114397
0.120659
0.124977
0.117868
0.129995
0.130578
0.137677
0.112945
0.1366
0.134003
0.126297
0.132646
0.125591
0.119786
0.136475
0.13323
0.117228
0.126286
0.118802
0.120669
0.113871
0.131996
0.138424
0.139105
0.125608
0.138912
0.153055
0.139687
0.123958
0.112212
0.130814
0.130969
0.118989
0.114546
0.131428
0.125176
0.0986056
0.10642
0.124848
0.116249
0.104916
0.0881758
0.11328
0.080639
0.0920555
0.087221
0.116331
0.104933
0.0898677
0.0955617
0.0805686
0.0924476
0.0883219
0.0750437
0.10577
0.0904496
0.097168
0.105153
0.0926419
0.0836746
0.0798383
0.0943355
0.0661215
0.0704995
0.0904564
0.0814278
0.0798515
0.0775063
0.0963774
0.090542
0.0881308
0.1049
0.119012
0.117034
0.121903
0.122176
0.108327
0.101745
0.109887
0.0913448
0.0965347
0.0831434
0.0613945
0.0694368
0.0626871
0.080179
0.0690189
0.0747405
0.0864599
0.107165
0.112984
0.105849
0.107904
0.113137
0.107415
0.110028
0.100231
0.0904376
0.122307
0.13153
0.107258
0.111047
0.124838
0.166563
0.109478
0.145323
0.127702
0.103654
0.110755
0.101073
0.124017
0.101737
0.110722
0.109355
0.119679
0.14048
0.11868
0.104158
0.119152
0.104431
0.118732
0.0965476
0.118116
0.115291
0.11553
0.117847
0.122383
0.119547
0.12793
0.11847
0.101727
0.0874643
0.100401
0.113094
0.111426
0.097908
0.110676
0.0897909
0.0898209
0.0758962
0.0700919
0.0663456
0.0688896
0.056423
0.0501889
0.0462372
0.06203
0.0479525
0.0408116
0.05016
0.0580023
0.0356246
0.0482326
0.0476087
0.0506625
0.0428303
0.0507749
0.047109
0.0429437
0.0358269
0.0273752
0.0351358
0.0222036
0.0322537
0.029511
0.0416607
0.0350785
0.0273299
0.0435967
0.0467448
0.0758928
0.0387257
0.0507661
0.0528696
0.0534912
0.0480085
0.0596038
0.0446815
0.040866
0.0460116
0.0563732
0.0521539
0.0458269
0.0450158
0.0578631
0.0492055
0.0556954
0.0444838
0.066305
0.0455437
0.0450574
0.0342753
0.037327
0.0344372
0.0365563
0.0290442
0.0560589
0.0423876
0.0369631
0.0263178
0.0490847
0.0423218
0.0388049
0.0426712
0.0444194
0.0410889
0.0412568
0.035489
0.0562018
0.0434947
0.037704
0.040093
0.0546168
0.0532984
0.043009
0.0467185
0.0419298
0.0410274
0.0547569
0.0582342
0.0714713
0.0870558
0.0700885
0.0827856
0.0797536
0.0851327
0.0624088
0.0828888
0.0692184
0.0870652
0.0993626
0.0754838
0.08921
0.081682
0.0670656
0.0917473
0.0802722
0.0848674
0.102356
0.118879
0.0950601
0.100344
0.100592
0.118022
0.101235
0.120422
0.121387
0.159523
0.144422
0.155034
0.143633
0.141184
0.1145
0.124377
0.121819
0.107734
0.0912237
0.0994467
0.101577
0.117459
0.0939617
0.124804
0.0994846
0.111472
0.0973517
0.126947
0.116525
0.119238
0.138422
0.113744
0.118936
0.12441
0.123326
0.129151
0.115202
0.0971515
0.124706
0.145854
0.147948
0.13868
0.170231
0.128081
0.146242
0.119333
0.105215
0.115218
0.115809
0.0741198
0.102502
0.102134
0.080268
0.0821008
0.0751415
0.0734967
0.0511824
0.0423263
0.0357486
0.035509
0.0309386
0.0210428
0.00904842
0.0187672
0.0177764
0.0153172
0.00924834
0.0162683
0.0195343
0.013086
0.0154401
0.0131911
0.00689915
0.00190371
0.0197796
0.0176124
0.024847
0.0159124
0.0142549
0.0191979
0.0175979
0.0111628
0.00930494
0.00175373
0.000506752
0.00742592
0.0121149
0.00564789
0.00888135
0
0.00389477
0.00894564
0.00718804
0.00749894
0.00541414
0.00627139
0.0084438
0.00860421
0.00855274
0.00734285
0.0139547
0.0103724
0.0127675
0.0167944
0.00857067
0.00941626
0.00757594
0.0115809
0.00816869
0.0112378
0.0135806
0.0152545
0.00865872
0.0126391
0.011949
0.0115697
0.0155978
0.0217317
0.0157297
0.0209025
0.0231179
0.0223922
0.0210103
0.0196889
0.0112667
0.0135252
0.0156788
0.0145768
0.0199137
0.0154046
0.0162938
0.0204785
0.0197965
0.0188384
0.0167222
0.020203
0.0210294
0.0184669
0.0166205
0.0208067
0.021378
0.0278586
0.0190924
0.0215879
0.0280037
0.0169999
0.0277644
0.0123589
0.0143824
0.0161317
0.0158156
0.0192534
0.0179923
0.0174901
0.0147968
0.00698109
0.0165975
0.00655947
0.0170062
0.020835
0.0151576
0.0106671
0.0242257
0.0203172
0.0304494
0.0235568
0.0443976
0.0342954
0.0363157
0.0370094
0.0374773
0.0375171
0.0383555
0.037604
0.0280374
0.0387808
0.0377577
0.0426417
0.0348472
0.0426082
0.0436999
0.0411223
0.0438673
0.0433687
0.0509318
0.0541301
0.0534007
0.0519209
0.063874
0.0610803
0.0655266
0.0541852
0.0510113
0.0810908
0.0611781
0.0751641
0.0686376
0.0626841
0.0664694
0.0647419
0.0748227
0.0646544
0.0694146
0.0628249
0.0663961
0.0595842
0.0575482
0.0584078
0.0656924
0.0783306
0.0698054
0.0800096
0.0816593
0.0731238
0.0801685
0.0805775
0.0653681
0.0556927
0.0583772
0.0563969
0.0616321
0.0576073
0.0606108
0.040796
0.056622
0.0605538
0.0576104
0.0446079
0.0585444
0.0632783
0.048206
0.051951
0.061075
0.0563406
0.0555285
0.060744
0.0539714
0.0675133
0.0614972
0.0519923
0.0580391
0.0620759
0.045545
0.0385523
0.039554
0.0399532
0.0322649
0.0353791
0.0439104
0.0433096
0.0436423
0.0335963
0.0286644
0.0511216
0.0300182
0.0329899
0.0329875
0.0405687
0.0417122
0.0423087
0.0388203
0.0225397
0.0467301
0.0334331
0.0438917
0.0413261
0.0472097
0.0413888
0.019591
0.0125559
0.0205582
0.0240659
0.00413419
0.00928254
0.0111534
0.0130266
0.0155842
0.0159046
0.0104367
0.0157157
0.0159881
0.0123942
0.0205542
0.00228855
0.0108075
0.0202617
0.00789924
0.0314983
0.0231358
0.0236301
0.0273259
0.0306375
0.0373866
0.0250844
0.0293349
0.0207716
0.0180584
0.0324023
0.0486241
0.0154516
0.0262709
0.0191597
0.0151948
0.012624
0.0199712
0.0250419
0.0031969
0.0215191
0.0124108
0.0188073
0.0148857
0.00361775
0.00961574
0.00755209
0.00795742
0.0123991
0.0181205
0.0137634
0.0231087
0.0168987
0.0221954
0.00705038
0.0224756
0.0175823
0.0278481
0.0265988
0.0152157
0.00437172
0.0108457
0.0115283
0.0141437
0.0198347
0.0217768
0.0132645
0.0133989
0.014077
0.016491
0.0105018
0.0165887
0.0200562
0.0146602
0.0140095
0.0135341
0.0191566
0.0172169
0.0170807
0.0190339
0.0147336
0.0279316
0.0243476
0.0195413
0.029204
0.0319229
0.0229684
0.0253634
0.0205335
0.0232872
0.0254667
0.0190008
0.0153032
0.0109595
0.0133407
0.0119978
0.016264
0.0129615
0.00929189
0.0140706
0.0130169
0.00932444
0.0140244
0.00859215
0.0149124
0.0135941
0.0147193
0.00696902
0.0102984
0.0143639
0.0133477
0.0143756
0.0131813
0.0208355
0.0265457
0.0225983
0.0285897
0.0278254
0.0217873
0.0220663
0.028848
0.0294045
0.0339041
0.0245173
0.0318811
0.0230175
0.0293784
0.0280994
0.0284368
0.0201563
0.0228519
0.0313051
0.0293193
0.0287714
0.0251879
0.0311148
0.0268422
0.0292532
0.0225644
0.0310929
0.0267986
0.0271663
0.0310363
0.0370508
0.0384847
0.0421131
0.0433447
0.0550347
0.0567636
0.0786649
0.14617
0.301016
0.471118
0.561181
0.587414
0.562554
0.463582
0.289176
0.136508
0.0776712
0.0571979
0.0505611
0.0539338
0.0394011
0.045217
0.0424462
0.0397843
0.0390551
0.0438606
0.0408188
0.0386933
0.0450243
0.036687
0.0404769
0.0438246
0.035801
0.0397258
0.0405261
0.0360927
0.035818
0.0349021
0.0376318
0.0352118
0.0411835
0.0304042
0.0401485
0.0308495
0.0333586
0.0351977
0.0474661
0.0349857
0.0396408
0.040176
0.029133
0.038502
0.037431
0.0292555
0.0407267
0.0366857
0.0415118
0.0387717
0.040999
0.031061
0.0406003
0.039543
0.0380256
0.0398261
0.0429623
0.0413397
0.0398501
0.0354485
0.0446594
0.0406431
0.0347561
0.0418898
0.038808
0.0382154
0.0288416
0.0399488
0.0348739
0.0435354
0.0451296
0.0428582
0.0385219
0.0399227
0.0433369
0.0417494
0.0406261
0.0523822
0.0357999
0.0430863
0.0387312
0.0439474
0.0344188
0.0327142
0.0347089
0.0363853
0.045387
0.0321852
0.0444043
0.0402996
0.0366446
0.03907
0.0360992
0.0342592
0.0386313
0.0393081
0.0375479
0.0388078
0.0378671
0.0445681
0.0425174
0.0382914
0.0385083
0.0397458
0.0448876
0.0452979
0.0574051
0.0455362
0.053969
0.045518
0.0423627
0.052963
0.0510359
0.0458198
0.0350794
0.050673
0.0544868
0.0591135
0.0614621
0.0561954
0.063734
0.0503417
0.048806
0.0508449
0.0489062
0.0612936
0.0466136
0.0485157
0.0576452
0.049686
0.0469228
0.0471126
0.0631601
0.0504982
0.0475373
0.0425517
0.0618715
0.0452249
0.0453056
0.0564968
0.0573552
0.0562549
0.0407527
0.0345171
0.0503223
0.0758929
0.0732368
0.0570088
0.0724721
0.0589799
0.0529904
0.0647032
0.0535409
0.065971
0.068493
0.054524
0.0913888
0.063935
0.070309
0.0654898
0.0801313
0.0916417
0.0904667
0.0506088
0.0851278
0.0942179
0.0893952
0.0631046
0.06674
0.0745011
0.049374
0.0686637
0.0989919
0.109458
0.0947939
0.126655
0.132051
0.0700315
0.122296
0.0911975
0.119649
0.102447
0.105184
0.0933708
0.0697294
0.107636
0.110532
0.084632
0.0870652
0.0947805
0.0915268
0.0763823
0.0717283
0.0811262
0.0586318
0.0863635
0.063586
0.0692563
0.079156
0.0838485
0.0729781
0.0460014
0.0467677
0.064401
0.0760715
0.0617509
0.063474
0.0734381
0.0803739
0.088692
0.0870792
0.0647414
0.0801462
0.0700452
0.0705021
0.0644928
0.0603283
0.0576966
0.103522
0.0732129
0.0722204
0.0879867
0.0956024
0.0974351
0.120777
0.0964207
0.0764007
0.0619306
0.0648136
0.0721915
0.0475465
0.0747737
0.0441544
0.048236
0.0616536
0.0422703
0.0470381
0.0318442
0.0404211
0.0598251
0.043383
0.0689114
0.0670058
0.0787948
0.063586
0.070208
0.0649418
0.0741995
0.0713241
0.0783453
0.0879466
0.0985439
0.0955912
0.118153
0.129014
0.128488
0.143149
0.152929
0.164313
0.153523
0.156301
0.137683
0.0774184
0.0469826
0.0623631
0.065394
0.05468
0.0398731
0.0535795
0.0498949
0.0614466
0.0264309
0.0458246
0.0546487
0.0537175
0.052343
0.0431154
0.0442459
0.0457183
0.0357404
0.0577833
0.0418334
0.0441851
0.0425567
0.0376564
0.0373833
0.0589905
0.0351677
0.0351736
0.0395292
0.043053
0.029835
0.0517178
0.0447526
0.0278034
0.0393685
0.0412667
0.0403939
0.0381703
0.0361288
0.0420685
0.0419859
0.0357263
0.0479284
0.0388654
0.0320668
0.0336358
0.0436685
0.0434656
0.0442035
0.0399647
0.0393492
0.036344
0.0412639
0.0385019
0.0570193
0.0508485
0.0577246
0.0398065
0.0438201
0.0434783
0.0369974
0.0377173
0.0426597
0.0322668
0.0440847
0.028131
0.0326501
0.0312945
0.0289801
0.0344972
0.0500951
0.0318433
0.0346701
0.0483454
0.0428639
0.0454098
0.039805
0.0282808
0.0351711
0.0373161
0.0361273
0.0415717
0.030944
0.0327075
0.036004
0.0319659
0.0290081
0.0321569
0.0352778
0.0305988
0.0303914
0.0394221
0.0401396
0.0334799
0.0422598
0.0408045
0.0386572
0.0388651
0.0439591
0.0433463
0.051578
0.051688
0.0520081
0.0415251
0.06028
0.0624799
0.0625541
0.0654368
0.0638361
0.0746953
0.0717625
0.0805974
0.0862502
0.0886477
0.0883888
0.0708707
0.0650994
0.0625077
0.0547177
0.046514
0.0405621
0.0336529
0.0354918
0.0317934
0.0374381
0.0401612
0.0306661
0.0277053
0.0372651
0.0320052
0.0323801
0.0374656
0.0389625
0.0386782
0.0435475
0.0436785
0.0408331
0.0458054
0.0452717
0.0486541
0.0510562
0.0505243
0.0563158
0.0588177
0.0581993
0.0624906
0.0803448
0.0760449
0.0769717
0.0865636
0.092529
0.101306
0.110486
0.109329
0.107518
0.104619
0.1024
0.0899318
0.0896447
0.0863443
0.058566
0.0598605
0.0586855
0.0570426
0.048112
0.0427274
0.0584397
0.0562288
0.0571765
0.0570719
0.0450023
0.0448807
0.0478743
0.0525087
0.0664305
0.0562495
0.055084
0.0578514
0.0560076
0.0572398
0.0562945
0.0734867
0.0646654
0.0740967
0.0802575
0.0829621
0.0723715
0.0898535
0.0893496
0.0974456
0.0915669
0.104341
0.111212
0.111474
0.116262
0.127089
0.117524
0.12364
0.117011
0.10009
0.103705
0.0844986
0.0754972
0.0601802
0.0620741
0.060049
0.0645297
0.0616362
0.0716661
0.0663058
0.0613504
0.0655032
0.0552744
0.0657573
0.0834585
0.0673836
0.0606953
0.0497437
0.0629828
0.0725751
0.0534717
0.0346979
0.0562929
0.0455599
0.0405767
0.0593619
0.0593132
0.0449416
0.0569298
0.0486455
0.0542936
0.0387778
0.0437029
0.041636
0.0464867
0.0438502
0.0377599
0.0537448
0.0473249
0.0476752
0.0468092
0.0465623
0.0430724
0.0424556
0.0444959
0.0507825
0.047222
0.0492357
0.0500948
0.0401927
0.0538284
0.0465869
0.0463142
0.0483428
0.0460206
0.0480656
0.0468554
0.0459682
0.0477949
0.0494488
0.0478894
0.0546614
0.0504496
0.0448309
0.0595745
0.0567858
0.0547254
0.0590669
0.0590721
0.0622321
0.0601326
0.0712817
0.0713138
0.064603
0.0716983
0.0613405
0.0701155
0.0768755
0.0800976
0.0840531
0.0936733
0.100641
0.100947
0.0980711
0.100406
0.0926808
0.0975693
0.095788
0.0908928
0.106865
0.116377
0.121077
0.12448
0.11233
0.121963
0.108771
0.119409
0.0908377
0.104719
0.0976164
0.082736
0.0742276
0.0850591
0.0862818
0.0877821
0.0971749
0.1004
0.0850685
0.086746
0.112526
0.0880073
0.0988086
0.0913866
0.123522
0.108317
0.119803
0.126153
0.127699
0.138419
0.120193
0.1256
0.109061
0.131414
0.134146
0.105911
0.105392
0.135012
0.107965
0.104277
0.100272
0.0923498
0.105695
0.0594778
0.119798
0.113988
0.128392
0.157343
0.104005
0.131723
0.119569
0.130373
0.102249
0.100729
0.139839
0.128801
0.133444
0.118016
0.115943
0.125833
0.132215
0.145248
0.124722
0.145677
0.140992
0.122249
0.159506
0.149304
0.152688
0.14594
0.149905
0.152656
0.171528
0.168923
0.169973
0.169902
0.17195
0.172421
0.167806
0.141484
0.16084
0.154421
0.152804
0.159131
0.149227
0.123405
0.146978
0.111388
0.140855
0.106685
0.113626
0.0904087
0.0753925
0.0968186
0.0924137
0.0753995
0.109895
0.0969678
0.091531
0.120117
0.140337
0.115247
0.109877
0.0820524
0.108153
0.134656
0.0831101
0.129697
0.128039
0.158593
0.103651
0.18779
0.135703
0.135941
0.118901
0.144508
0.16561
0.144796
0.150803
0.18957
0.153479
0.17363
0.170962
0.173327
0.205901
0.184121
0.180966
0.201546
0.186833
0.192468
0.190828
0.219116
0.200312
0.217165
0.20397
0.207505
0.204038
0.195183
0.152162
0.179314
0.15504
0.181271
0.169073
0.111392
0.119494
0.122473
0.0974448
0.113118
0.0817046
0.128784
0.123711
0.0745527
0.0879245
0.068899
0.0987105
0.0867344
0.112562
0.069741
0.0842765
0.137802
0.0949571
0.0929913
0.0930596
0.102774
0.0865616
0.110292
0.0975859
0.0927669
0.0842456
0.100148
0.108005
0.0860267
0.128035
0.131456
0.150974
0.0816304
0.117551
0.127662
0.120811
0.0933361
0.122902
0.0967937
0.122765
0.137495
0.0967538
0.0808355
0.155067
0.151188
0.113012
0.0993314
0.12292
0.12697
0.102175
0.114694
0.0650597
0.109376
0.141482
0.108101
0.132065
0.168328
0.151215
0.149528
0.106303
0.127112
0.118367
0.119208
0.112398
0.119412
0.111781
0.135185
0.136395
0.118264
0.115659
0.138388
0.0984076
0.161406
0.103672
0.127709
0.0851718
0.15099
0.0971639
0.132981
0.153144
0.176256
0.103203
0.13996
0.080033
0.134131
0.125728
0.0920062
0.0731038
0.086529
0.118563
0.0683594
0.143897
0.10824
0.110663
0.0897892
0.118391
0.10292
0.137256
0.111676
0.137833
0.146441
0.132043
0.1039
0.143568
0.119699
0.111284
0.113141
0.0991957
0.130193
0.125738
0.150568
0.129991
0.122232
0.119247
0.0945991
0.130019
0.149942
0.120411
0.121729
0.122919
0.129308
0.157425
0.166359
0.113468
0.181807
0.138476
0.0875239
0.0966191
0.103777
0.15024
0.089726
0.155448
0.0964653
0.113654
0.121294
0.0753145
0.0820422
0.0855584
0.0860455
0.0628248
