0.193933
0.197421
0.188306
0.199046
0.200482
0.209048
0.210881
0.217389
0.224671
0.228527
0.234837
0.237764
0.244252
0.254569
0.262782
0.27031
0.266293
0.2735
0.273624
0.274612
0.269515
0.268036
0.271641
0.282605
0.285517
0.300479
0.302842
0.312805
0.315865
0.326378
0.336155
0.340222
0.346195
0.348839
0.35365
0.359847
0.361831
0.364436
0.365223
0.358313
0.34681
0.334082
0.345215
0.352072
0.367064
0.37496
0.386027
0.395355
0.403277
0.407374
0.398135
0.361661
0.339624
0.334897
0.334201
0.335249
0.363647
0.429852
0.438283
0.424358
0.388105
0.343786
0.282283
0.255977
0.22533
0.215929
0.200909
0.185362
0.177414
0.167811
0.175748
0.161226
0.161619
0.154272
0.154035
0.156554
0.156204
0.164665
0.162285
0.168686
0.176999
0.181499
0.184187
0.187842
0.186279
0.184082
0.193262
0.1955
0.200472
0.207717
0.218769
0.226397
0.239332
0.253341
0.275299
0.301149
0.330523
0.352293
0.370841
0.379705
0.383827
0.384142
0.36814
0.347378
0.303471
0.268574
0.259447
0.253242
0.255115
0.262957
0.268052
0.268257
0.278094
0.280682
0.280072
0.281048
0.275747
0.266401
0.257732
0.25661
0.257442
0.263634
0.276288
0.283472
0.290382
0.296237
0.30785
0.313244
0.320477
0.322547
0.328486
0.336975
0.33934
0.337385
0.335239
0.337949
0.356391
0.360197
0.361396
0.351693
0.335404
0.300259
0.287707
0.283005
0.299949
0.308472
0.301712
0.320791
0.325949
0.345998
0.365751
0.367305
0.384409
0.392525
0.398837
0.408401
0.411396
0.411842
0.410792
0.411848
0.414167
0.420878
0.421577
0.413441
0.371303
0.310461
0.235161
0.192791
0.171572
0.15946
0.145559
0.143804
0.140518
0.146602
0.14427
0.148207
0.161439
0.161896
0.171932
0.185629
0.196018
0.208766
0.208545
0.212841
0.199956
0.196974
0.185031
0.187614
0.177636
0.177981
0.176518
0.178948
0.178736
0.189705
0.18559
0.188731
0.194343
0.189404
0.185003
0.174985
0.165652
0.161277
0.158051
0.157642
0.15432
0.16709
0.169913
0.168112
0.187054
0.194073
0.201789
0.204143
0.220685
0.220898
0.227114
0.232838
0.239807
0.243697
0.25087
0.254278
0.259419
0.254474
0.254897
0.252417
0.233957
0.22064
0.202045
0.19976
0.205263
0.211301
0.222993
0.220932
0.230707
0.242784
0.245724
0.259478
0.268378
0.2712
0.28837
0.293112
0.305948
0.314347
0.324147
0.331229
0.338513
0.344844
0.35277
0.359968
0.36498
0.37225
0.381165
0.386726
0.394345
0.394825
0.38596
0.354831
0.317749
0.248586
0.237584
0.224502
0.223207
0.232158
0.223249
0.232828
0.252143
0.252283
0.261057
0.267045
0.275889
0.28452
0.29321
0.298265
0.298834
0.318766
0.321126
0.326853
0.329842
0.333643
0.331549
0.321047
0.310014
0.285351
0.252917
0.207602
0.186734
0.179911
0.1675
0.188959
0.186836
0.195033
0.203257
0.204942
0.216112
0.22662
0.218132
0.236291
0.219964
0.22756
0.21675
0.202658
0.196043
0.192371
0.184908
0.185787
0.180722
0.177695
0.178629
0.176814
0.184397
0.188312
0.193274
0.190924
0.202833
0.182435
0.186832
0.168408
0.167868
0.175501
0.164863
0.16146
0.169771
0.150871
0.161505
0.169399
0.163379
0.170152
0.175359
0.162358
0.171735
0.171754
0.185677
0.182376
0.193697
0.210406
0.215037
0.215366
0.227282
0.226425
0.230889
0.230675
0.243893
0.241639
0.25186
0.250304
0.243802
0.229352
0.21999
0.212478
0.207802
0.206671
0.193295
0.172494
0.1803
0.187526
0.180863
0.173695
0.210583
0.19894
0.202043
0.206213
0.216066
0.217235
0.200219
0.217155
0.22055
0.225102
0.221762
0.23564
0.2502
0.260748
0.269114
0.284876
0.290003
0.299337
0.308522
0.311825
0.305694
0.296714
0.283878
0.240024
0.209784
0.187054
0.172906
0.16186
0.162571
0.161405
0.163042
0.178385
0.181932
0.178199
0.178615
0.180318
0.181536
0.168941
0.164223
0.163489
0.174527
0.171505
0.160721
0.167961
0.176879
0.177517
0.17532
0.172146
0.177342
0.181928
0.192419
0.208723
0.227827
0.26492
0.275959
0.299802
0.328153
0.339593
0.327225
0.337725
0.334351
0.302777
0.276775
0.259607
0.265548
0.264915
0.259906
0.267321
0.272792
0.272872
0.268605
0.267965
0.265359
0.254594
0.274079
0.265576
0.260977
0.265035
0.255537
0.231451
0.219668
0.205107
0.2065
0.206313
0.226274
0.224711
0.220768
0.237178
0.19725
0.21237
0.215809
0.217471
0.220746
0.209025
0.220022
0.204376
0.21612
0.211995
0.219455
0.222581
0.21789
0.21146
0.237914
0.223508
0.236096
0.218488
0.22868
0.233701
0.241211
0.226816
0.229004
0.243227
0.252809
0.252475
0.259018
0.253861
0.25395
0.265528
0.276006
0.279521
0.292712
0.29411
0.318614
0.347278
0.367633
0.401905
0.415137
0.431719
0.422057
0.387569
0.339601
0.277615
0.268151
0.242647
0.228606
0.274573
0.351442
0.387168
0.463727
0.546151
0.585152
0.600796
0.555496
0.493441
0.369983
0.247903
0.203104
0.195974
0.2124
0.191231
0.196355
0.205372
0.20358
0.214397
0.217444
0.222942
0.21368
0.22399
0.227385
0.221267
0.237104
0.24682
0.242711
0.248542
0.259707
0.253131
0.227757
0.217972
0.184271
0.186471
0.16644
0.175062
0.160674
0.161464
0.163788
0.152169
0.138307
0.149774
0.149046
0.138838
0.13349
0.145119
0.151771
0.148789
0.147598
0.149169
0.139656
0.154273
0.160164
0.173405
0.183502
0.181113
0.198093
0.174262
0.176949
0.186144
0.197665
0.183019
0.198536
0.199692
0.183392
0.174102
0.178932
0.180758
0.182835
0.183006
0.190638
0.18395
0.20238
0.216215
0.209188
0.208728
0.22635
0.205942
0.194746
0.182526
0.178513
0.188405
0.173717
0.169239
0.170736
0.177467
0.183857
0.182863
0.185068
0.192317
0.195102
0.177029
0.198639
0.209041
0.202537
0.199196
0.182148
0.199093
0.178318
0.20294
0.188373
0.183191
0.162185
0.158459
0.159836
0.151037
0.15187
0.157421
0.145466
0.154366
0.154106
0.157448
0.140245
0.159799
0.142881
0.144329
0.12949
0.136008
0.135837
0.135824
0.130242
0.139423
0.147197
0.138901
0.14509
0.146417
0.130403
0.127328
0.123561
0.10933
0.0935743
0.118963
0.115558
0.122874
0.129828
0.134932
0.137598
0.131824
0.160156
0.160581
0.183193
0.184702
0.196815
0.206477
0.177963
0.175984
0.163888
0.151732
0.120336
0.108166
0.0904651
0.0906571
0.0921785
0.0981862
0.116172
0.140308
0.156831
0.14769
0.16597
0.166667
0.180101
0.153992
0.130645
0.145555
0.13101
0.16989
0.172643
0.15294
0.179168
0.186162
0.220657
0.189843
0.207825
0.196733
0.174841
0.189464
0.166361
0.154438
0.163601
0.160404
0.161004
0.18184
0.208717
0.199387
0.167852
0.171061
0.17829
0.155206
0.167069
0.179185
0.182757
0.18252
0.187218
0.175958
0.16326
0.175558
0.167989
0.152762
0.151838
0.147656
0.147534
0.140219
0.144868
0.128093
0.116462
0.114976
0.117253
0.104084
0.0964109
0.0957355
0.0858826
0.0922829
0.0828069
0.0879632
0.0712072
0.0603088
0.0710818
0.0774429
0.0640307
0.0673142
0.0680381
0.0641141
0.0652704
0.0654234
0.0701495
0.0585684
0.0548658
0.0540187
0.0688286
0.0461996
0.0491908
0.0433739
0.0558696
0.0555008
0.0512249
0.0584496
0.060004
0.085662
0.058073
0.0700173
0.0684631
0.0795547
0.0782722
0.0734516
0.0735451
0.0635469
0.0647578
0.0679976
0.0754118
0.0789226
0.0741796
0.0843764
0.0742758
0.0630523
0.057732
0.0632496
0.0622726
0.0581243
0.0473884
0.0392428
0.0484176
0.0501247
0.0433529
0.056535
0.050199
0.0487553
0.0487986
0.0621792
0.0599106
0.0632927
0.0570747
0.0581644
0.0552371
0.0591796
0.051633
0.0578779
0.0516582
0.0536798
0.0588773
0.0543902
0.0579772
0.0712673
0.0596695
0.0657639
0.0626309
0.0760099
0.0698413
0.0938428
0.12447
0.113954
0.101596
0.12011
0.122896
0.0960944
0.133308
0.116742
0.120612
0.135607
0.126563
0.137917
0.132318
0.121617
0.129939
0.138775
0.133962
0.135568
0.165651
0.169846
0.179139
0.190259
0.181521
0.176919
0.214903
0.216599
0.243866
0.253329
0.262775
0.264521
0.261609
0.204419
0.202767
0.173613
0.152234
0.126097
0.133443
0.14651
0.166593
0.15298
0.166396
0.170185
0.166589
0.16092
0.163252
0.18801
0.163899
0.203163
0.215747
0.175264
0.184376
0.171905
0.157247
0.188616
0.191334
0.206422
0.217709
0.240596
0.199132
0.218903
0.207271
0.221018
0.185971
0.184657
0.186419
0.173161
0.167776
0.154314
0.14031
0.116415
0.10732
0.104757
0.0889239
0.0826446
0.056638
0.0523736
0.0413744
0.0425722
0.021221
0.0151545
0.0192174
0.017801
0.0131442
0.00818787
0.015429
0.0163507
0.0157694
0.0120832
0.0138249
0.0101911
0.0119396
0.0185264
0.0181959
0.0274416
0.0255771
0.0205943
0.0228382
0.0176193
0.00824465
0.00644654
0.0059082
0.00360712
0.00597023
0.00979811
0.00332869
0.00498105
0.00409326
0.00618695
0.00455219
0.00142195
0.00209452
0
0.00864212
0.0112395
0.010921
0.0121741
0.011805
0.0215033
0.0178993
0.0110915
0.0176291
0.0138378
0.0131524
0.0115232
0.0176137
0.0132503
0.0123368
0.0186675
0.0109739
0.0100567
0.0145686
0.0193304
0.0149715
0.0118748
0.0180105
0.025308
0.025698
0.0336644
0.0311721
0.0249474
0.0312747
0.0220413
0.0228966
0.0260112
0.0164551
0.0251429
0.0279673
0.0249011
0.0332522
0.0295202
0.022748
0.0228005
0.0277984
0.026326
0.0299474
0.0260063
0.0299093
0.0367467
0.0389397
0.0406253
0.0307488
0.0360464
0.025213
0.0294695
0.0273087
0.0268615
0.0250617
0.0260154
0.0277154
0.0330709
0.0256385
0.0317503
0.0240541
0.0293641
0.0226431
0.0233036
0.0289271
0.0233219
0.0299201
0.0324573
0.0354271
0.0468624
0.044432
0.0533801
0.0541329
0.0595466
0.0618578
0.0619781
0.0702863
0.0657226
0.0592698
0.0613571
0.0617214
0.0650851
0.068583
0.0628157
0.0737917
0.0651798
0.0718641
0.0715507
0.0717652
0.075156
0.0809943
0.0874676
0.0883142
0.104137
0.109037
0.105283
0.102234
0.10703
0.120616
0.108039
0.120078
0.113323
0.105761
0.109744
0.114114
0.1211
0.106478
0.111332
0.104878
0.112945
0.106502
0.106322
0.111002
0.115094
0.133151
0.121201
0.130408
0.141639
0.133386
0.123786
0.119845
0.110553
0.0975525
0.115974
0.0863392
0.10598
0.101608
0.094649
0.0833132
0.0882041
0.0968199
0.0969431
0.0938015
0.094818
0.0884359
0.0824709
0.0905347
0.0935372
0.0920915
0.0938454
0.105925
0.0858814
0.0966646
0.0854887
0.0798118
0.0833707
0.093712
0.0735993
0.0644029
0.0562573
0.0629602
0.0515175
0.0615258
0.0539848
0.0454633
0.0611493
0.0531124
0.0502732
0.0645373
0.0516949
0.0612272
0.0466635
0.0634583
0.0728089
0.0598205
0.0524422
0.0428109
0.0631778
0.0483607
0.057357
0.0504038
0.0634489
0.0572272
0.0388543
0.0308362
0.0270383
0.0224732
0.00870547
0.0117252
0.0111778
0.0082278
0.015215
0.0198574
0.012671
0.0154509
0.0094031
0.00611147
0.0157413
0.0103362
0.0102485
0.0220776
0.0148139
0.028491
0.0271716
0.0298453
0.0357019
0.0391734
0.0442643
0.0395245
0.0480032
0.0378674
0.0524739
0.0524266
0.0428736
0.0368095
0.0411414
0.0310831
0.022567
0.0199246
0.0116782
0.0240535
0.0101622
0.0327936
0.0220895
0.0193625
0.0113142
0.0095794
0.00972196
0.00506064
0.0120811
0.0114652
0.0107546
0.012538
0.0244545
0.0270903
0.0253742
0.0207836
0.0193305
0.0257369
0.0336967
0.0285739
0.022456
0.011078
0.0306953
0.016883
0.0238137
0.0160252
0.0185826
0.0164325
0.00956172
0.0117513
0.0162995
0.00570862
0.024928
0.0205067
0.0172991
0.0185936
0.0138281
0.0222342
0.0141244
0.024187
0.0175297
0.0210695
0.0315323
0.0333632
0.0293792
0.0404849
0.0355123
0.0388748
0.029076
0.0372372
0.0348533
0.0394722
0.035398
0.032629
0.0262404
0.029771
0.0200066
0.026116
0.0221807
0.0194086
0.0198468
0.0169892
0.0196867
0.0227781
0.0215398
0.0258386
0.0189746
0.0265526
0.0182971
0.0204309
0.0218903
0.0255457
0.0273189
0.0266146
0.0252816
0.0306716
0.0331784
0.0384045
0.0484654
0.0416644
0.0478305
0.0400016
0.0424716
0.0572361
0.0447909
0.0469352
0.0425348
0.0427196
0.0453221
0.0459533
0.035901
0.0480534
0.0481544
0.0443018
0.0497255
0.0478267
0.0483371
0.0491928
0.0489571
0.0438006
0.0466437
0.0490552
0.0524614
0.0543409
0.0555316
0.0598862
0.0636313
0.0716167
0.0794167
0.0991361
0.127156
0.219972
0.439721
0.688639
0.815158
0.847733
0.820266
0.681997
0.423755
0.211708
0.128243
0.100808
0.0881402
0.0803159
0.078526
0.0784038
0.0744605
0.0728612
0.0743551
0.0743734
0.0736685
0.0723251
0.0725823
0.0691075
0.0688187
0.0740773
0.0667361
0.0690565
0.0674811
0.0682133
0.0665762
0.0664451
0.070893
0.0656367
0.0640283
0.0601616
0.0653784
0.0593179
0.0496522
0.0639704
0.067712
0.0627277
0.0650439
0.062856
0.0548677
0.0530928
0.0658437
0.0545568
0.0598472
0.0634727
0.0667196
0.0691326
0.0671288
0.0626072
0.0636605
0.0669623
0.0673263
0.0656714
0.0721061
0.0679362
0.0695225
0.0707132
0.0689292
0.071656
0.0611746
0.0722066
0.0687958
0.0686166
0.0704157
0.0667129
0.0691462
0.0682934
0.0612716
0.0630855
0.0654382
0.0659344
0.0593359
0.0493006
0.0546546
0.0577077
0.0702423
0.058084
0.063992
0.0639697
0.0637379
0.064906
0.0626601
0.0611474
0.0649563
0.0664346
0.063035
0.066052
0.063537
0.0677725
0.0668586
0.0640025
0.0620159
0.0630372
0.0647619
0.0663136
0.0666937
0.0699941
0.0732314
0.076963
0.0723871
0.0699921
0.0650257
0.0724973
0.0724278
0.0774698
0.0738269
0.0678466
0.0826183
0.0782825
0.0878919
0.0881536
0.0796159
0.102364
0.0929657
0.0783845
0.091513
0.0812092
0.0877524
0.0823443
0.0845563
0.0823869
0.0816703
0.0864532
0.0833223
0.0894503
0.0926568
0.0936128
0.0856328
0.0826425
0.0848285
0.0937453
0.100214
0.0980115
0.0859499
0.0891533
0.0867835
0.0911516
0.0888244
0.0784473
0.0836814
0.0798722
0.0920558
0.101274
0.0995196
0.0922824
0.0994419
0.120609
0.0910098
0.122001
0.110934
0.124732
0.0854554
0.108456
0.120259
0.0837401
0.103101
0.0837292
0.0951307
0.147689
0.130993
0.0833267
0.111576
0.111718
0.114908
0.111006
0.121789
0.118942
0.104499
0.127024
0.141031
0.134092
0.133454
0.150292
0.168153
0.139026
0.172668
0.143275
0.163893
0.139026
0.162976
0.117717
0.13062
0.134615
0.114257
0.130734
0.132863
0.146307
0.122372
0.0992868
0.10154
0.0992005
0.100759
0.113782
0.0964804
0.0944667
0.111415
0.104254
0.0929264
0.0646743
0.102804
0.0836704
0.0990402
0.0906778
0.0978027
0.0834047
0.106334
0.119945
0.114572
0.102202
0.119389
0.0921535
0.103004
0.101571
0.0781221
0.105799
0.126862
0.127682
0.12209
0.14706
0.136476
0.140941
0.162791
0.121059
0.122478
0.09249
0.0911838
0.0739774
0.0752915
0.0924162
0.0783905
0.0810208
0.0710543
0.071574
0.086606
0.0670453
0.0833109
0.0946907
0.0799173
0.100208
0.0849635
0.0939241
0.0960734
0.10479
0.10361
0.102312
0.118102
0.131728
0.144523
0.167934
0.164576
0.177314
0.198086
0.200381
0.22602
0.252815
0.25932
0.270059
0.2547
0.209973
0.128153
0.104822
0.0961955
0.0761512
0.0668252
0.0752616
0.0680416
0.0714285
0.0673868
0.0628424
0.0657888
0.0658268
0.081903
0.0801203
0.0792332
0.0731332
0.0718122
0.0623284
0.0740193
0.0785924
0.0774232
0.0645808
0.07096
0.0707982
0.068076
0.068273
0.0607744
0.066322
0.0702861
0.064647
0.0830665
0.0682953
0.0641088
0.0733318
0.0685036
0.0605094
0.0648438
0.0707038
0.0782556
0.0617235
0.071215
0.0746797
0.0679151
0.0655822
0.0610449
0.0711184
0.0615745
0.07163
0.0766157
0.0683493
0.0668001
0.0654865
0.0636044
0.0775779
0.0713227
0.0754858
0.076045
0.0681931
0.0642457
0.0547349
0.0626541
0.0648072
0.0664373
0.0594499
0.0501767
0.0507046
0.0610488
0.0577363
0.0529385
0.057713
0.0568471
0.0650548
0.0660625
0.0651279
0.06982
0.0654453
0.0604193
0.0692589
0.0675664
0.0633698
0.0658236
0.0638823
0.0583048
0.0573936
0.0602409
0.0548106
0.0582481
0.0601747
0.0608356
0.0607683
0.0597326
0.0614163
0.0610134
0.059959
0.066579
0.0686789
0.0677996
0.0679398
0.0771359
0.0764372
0.0708715
0.0790096
0.0786199
0.0946013
0.0998098
0.0859874
0.101648
0.0965807
0.114485
0.109555
0.116556
0.118654
0.129805
0.128271
0.110984
0.0976354
0.0838462
0.0820843
0.0716682
0.0632366
0.0547439
0.0551639
0.060135
0.0579928
0.054086
0.0602349
0.0527936
0.0585932
0.061049
0.0625575
0.0641123
0.0617839
0.0685461
0.0703336
0.0706985
0.0702482
0.0803836
0.0805842
0.0793513
0.0855948
0.0857752
0.092255
0.0964602
0.0943355
0.108446
0.119379
0.125589
0.135906
0.15221
0.157941
0.167617
0.175991
0.175573
0.170927
0.162852
0.162591
0.150802
0.136623
0.126496
0.110271
0.109999
0.0927264
0.0788669
0.0959093
0.0801155
0.0839173
0.0897124
0.0822891
0.0965366
0.0799996
0.0813075
0.0873166
0.0879495
0.0877601
0.0902226
0.0985622
0.0972172
0.107578
0.104942
0.107232
0.122562
0.112533
0.118997
0.126918
0.134265
0.134138
0.147679
0.15148
0.163341
0.155702
0.17344
0.176939
0.19295
0.199395
0.21073
0.209116
0.209031
0.199682
0.182879
0.167557
0.150811
0.136318
0.120413
0.108425
0.10764
0.109159
0.102678
0.101895
0.11458
0.0960243
0.114481
0.0996576
0.0964889
0.107919
0.108207
0.101689
0.0874422
0.0866296
0.0893918
0.0887231
0.0846089
0.0906368
0.0723199
0.0779778
0.0885645
0.0913305
0.0781858
0.0826205
0.0860422
0.0813489
0.0848792
0.0748587
0.0770242
0.0766148
0.0748626
0.0752768
0.0884979
0.076051
0.0888681
0.0849933
0.0842884
0.0847217
0.0824026
0.085291
0.0940704
0.078502
0.0868036
0.0871476
0.0892993
0.0912396
0.0889638
0.0866702
0.0868689
0.0872568
0.0859513
0.0845201
0.0884484
0.091796
0.0852649
0.0900059
0.0966787
0.0864343
0.0902612
0.0838801
0.0791534
0.0719058
0.0684168
0.071304
0.0675881
0.067112
0.0742354
0.0767362
0.0765161
0.0776279
0.0801051
0.091628
0.101357
0.102867
0.114524
0.132087
0.143658
0.148774
0.154219
0.138475
0.167725
0.163379
0.165361
0.165671
0.176143
0.195643
0.20137
0.202728
0.191019
0.201712
0.188098
0.202811
0.165314
0.162413
0.132609
0.148709
0.140809
0.125949
0.111245
0.124042
0.130389
0.133751
0.137797
0.136345
0.153628
0.147988
0.141761
0.142632
0.166207
0.176035
0.166836
0.181465
0.174292
0.194194
0.17242
0.1769
0.166789
0.174339
0.171997
0.164737
0.142864
0.165037
0.127139
0.159312
0.136539
0.138542
0.109345
0.144485
0.176058
0.153076
0.151508
0.178767
0.117412
0.166207
0.183452
0.184472
0.16417
0.169699
0.172657
0.182671
0.1788
0.187895
0.197774
0.207952
0.211039
0.199184
0.209131
0.22501
0.226435
0.213962
0.231903
0.229152
0.232321
0.235627
0.232955
0.233057
0.254218
0.25057
0.258463
0.261936
0.270518
0.25731
0.256513
0.234799
0.24412
0.247553
0.231305
0.223409
0.228651
0.200451
0.205284
0.159841
0.160152
0.17299
0.166334
0.124762
0.122971
0.141265
0.110079
0.143071
0.145336
0.127687
0.13271
0.138532
0.145326
0.135473
0.151242
0.13949
0.173676
0.17805
0.161779
0.174845
0.14114
0.236487
0.206029
0.208769
0.213815
0.233217
0.179084
0.218037
0.221647
0.242418
0.243742
0.277855
0.258768
0.276913
0.266369
0.276115
0.285701
0.27139
0.295376
0.308061
0.314787
0.323167
0.317383
0.332228
0.338958
0.331826
0.309949
0.302137
0.313118
0.303205
0.261286
0.261265
0.260992
0.279638
0.20958
0.190957
0.179742
0.155722
0.157349
0.136906
0.132916
0.142864
0.1244
0.110557
0.127019
0.106692
0.11893
0.0852181
0.127416
0.095402
0.107272
0.127457
0.107157
0.122617
0.0817211
0.12533
0.11349
0.134967
0.0883364
0.113571
0.113567
0.137469
0.143899
0.119468
0.156628
0.119232
0.166544
0.177554
0.158954
0.13583
0.132394
0.152721
0.182815
0.128444
0.136475
0.145744
0.142672
0.0997797
0.158947
0.150972
0.119783
0.202888
0.135089
0.148497
0.153224
0.142197
0.094841
0.15456
0.167516
0.132918
0.144919
0.191566
0.169434
0.172518
0.154707
0.141815
0.151751
0.119921
0.152452
0.150307
0.141366
0.136739
0.189288
0.147714
0.168351
0.177996
0.161388
0.19735
0.124171
0.167267
0.120126
0.152856
0.0906744
0.163884
0.0983571
0.143057
0.125439
0.171113
0.0813221
0.165532
0.114626
0.158413
0.109371
0.148029
0.109581
0.0753356
0.133578
0.135173
0.130539
0.110889
0.146305
0.134244
0.193628
0.131153
0.150134
0.216596
0.182513
0.154257
0.156574
0.119558
0.147103
0.125121
0.125225
0.183277
0.199259
0.221808
0.156302
0.166061
0.169779
0.120556
0.169308
0.172803
0.186543
0.166767
0.177132
0.200782
0.190824
0.193629
0.140729
0.199403
0.125363
0.13598
0.153487
0.180349
0.20694
0.161582
0.111897
0.182886
0.11526
0.121436
0.0946246
0.0600821
0.0758909
0.066259
0.0426063
