0.186125
0.18639
0.184001
0.19497
0.196596
0.198722
0.210567
0.210754
0.221449
0.220198
0.229578
0.227905
0.237074
0.244876
0.24801
0.259142
0.257846
0.261262
0.263185
0.263638
0.262114
0.258932
0.262503
0.271528
0.274521
0.288443
0.294148
0.300305
0.305273
0.312774
0.317557
0.327264
0.329002
0.332826
0.337828
0.342485
0.347374
0.347226
0.350614
0.33774
0.330129
0.321242
0.333617
0.331475
0.351836
0.3613
0.373936
0.377784
0.386467
0.386152
0.379089
0.341618
0.319367
0.315201
0.314681
0.315408
0.342885
0.405159
0.412025
0.399094
0.369438
0.323082
0.260598
0.243091
0.215283
0.207291
0.190329
0.186015
0.169524
0.170939
0.164898
0.160684
0.155367
0.148987
0.148135
0.146669
0.1519
0.157328
0.159808
0.158472
0.167127
0.171173
0.175081
0.178582
0.1783
0.18043
0.185384
0.183107
0.189874
0.200678
0.205677
0.210412
0.226645
0.243663
0.259896
0.285917
0.312444
0.330985
0.347324
0.358913
0.361176
0.363756
0.348429
0.330348
0.290973
0.254628
0.24891
0.244956
0.243709
0.252558
0.259616
0.258357
0.267463
0.265479
0.267252
0.263733
0.26483
0.250185
0.255422
0.247916
0.248582
0.255261
0.26299
0.270674
0.282536
0.290318
0.293085
0.299201
0.305951
0.309254
0.314807
0.31991
0.322393
0.318231
0.316218
0.31823
0.339326
0.345389
0.342394
0.330948
0.320335
0.297997
0.271388
0.277187
0.290434
0.290801
0.293022
0.306079
0.321873
0.328374
0.353204
0.348139
0.366516
0.377868
0.384869
0.384114
0.392486
0.391476
0.392678
0.394626
0.396752
0.401817
0.405927
0.393269
0.352339
0.296663
0.22567
0.185723
0.161844
0.149783
0.136497
0.143869
0.137065
0.137722
0.137638
0.142642
0.149873
0.156839
0.169751
0.180996
0.189103
0.203773
0.202813
0.201773
0.189044
0.190989
0.18174
0.17947
0.17103
0.16827
0.167893
0.170762
0.169248
0.179991
0.177304
0.180772
0.185526
0.184047
0.185297
0.17178
0.162395
0.150865
0.155245
0.155168
0.14816
0.172105
0.165668
0.173752
0.178421
0.185863
0.199102
0.20075
0.21291
0.215161
0.216485
0.224711
0.227921
0.233956
0.238468
0.244878
0.250093
0.243884
0.24562
0.235478
0.220556
0.209085
0.199008
0.196276
0.200927
0.207757
0.206811
0.206764
0.220981
0.234905
0.235046
0.245795
0.253624
0.263379
0.276909
0.284602
0.288228
0.301484
0.313837
0.321782
0.328743
0.330442
0.336447
0.341199
0.348598
0.358862
0.359358
0.365058
0.374053
0.376527
0.363546
0.331162
0.307331
0.250643
0.232337
0.230332
0.222358
0.237573
0.223358
0.228
0.243477
0.246164
0.252974
0.258612
0.267099
0.276212
0.289942
0.287954
0.292819
0.30403
0.312474
0.312164
0.320251
0.321059
0.313361
0.306415
0.296453
0.274714
0.238351
0.202193
0.180387
0.162307
0.16508
0.172773
0.17837
0.192859
0.195005
0.200027
0.21864
0.22559
0.215598
0.217262
0.218626
0.216864
0.223222
0.211626
0.188595
0.190109
0.181307
0.184407
0.171728
0.181808
0.172416
0.172652
0.173265
0.184542
0.185923
0.185557
0.193322
0.187586
0.172631
0.172148
0.170118
0.176859
0.164932
0.162487
0.185052
0.158681
0.159967
0.171182
0.159514
0.174902
0.175158
0.166301
0.170811
0.179867
0.174664
0.170082
0.19621
0.207861
0.204645
0.215011
0.216958
0.21649
0.225446
0.228549
0.238991
0.228987
0.24006
0.250773
0.22692
0.214756
0.214137
0.214119
0.210155
0.190494
0.195252
0.177069
0.184134
0.178829
0.183535
0.189542
0.196869
0.191694
0.197278
0.205124
0.211091
0.197434
0.207735
0.212435
0.205902
0.226755
0.21103
0.235059
0.231645
0.247961
0.263853
0.272652
0.284095
0.288985
0.293375
0.301364
0.297925
0.281063
0.272663
0.235691
0.202937
0.193847
0.169699
0.172671
0.161218
0.169331
0.173177
0.170394
0.172562
0.176128
0.185559
0.177465
0.171622
0.180666
0.178556
0.15921
0.160515
0.160559
0.16256
0.166187
0.176796
0.16962
0.16878
0.169647
0.164298
0.1764
0.186899
0.199587
0.214073
0.244283
0.271734
0.298834
0.314673
0.328797
0.334123
0.326868
0.31713
0.296924
0.262518
0.263054
0.260225
0.265724
0.267202
0.25644
0.256831
0.274742
0.271448
0.258895
0.256977
0.247209
0.251546
0.261064
0.256905
0.248699
0.241143
0.229584
0.223856
0.196379
0.193478
0.205836
0.218015
0.22148
0.218606
0.215987
0.200223
0.220762
0.228365
0.221747
0.22321
0.220835
0.222458
0.198783
0.216573
0.224686
0.226029
0.226122
0.231947
0.2026
0.21315
0.229953
0.238718
0.21987
0.223438
0.222804
0.227729
0.221542
0.224367
0.248527
0.230435
0.239279
0.253645
0.252421
0.251711
0.255733
0.26521
0.274412
0.289941
0.289393
0.310325
0.337398
0.361793
0.39662
0.432255
0.436538
0.419084
0.372535
0.331244
0.270623
0.257035
0.232027
0.228863
0.272225
0.323769
0.351369
0.438807
0.502183
0.530417
0.554172
0.514333
0.442246
0.343592
0.248086
0.215474
0.196503
0.205037
0.186293
0.188825
0.207841
0.211591
0.213491
0.224775
0.21226
0.200128
0.220525
0.220136
0.216392
0.231583
0.234767
0.226871
0.24231
0.237341
0.234292
0.225182
0.211281
0.1821
0.179437
0.17473
0.175792
0.18007
0.166279
0.157944
0.147589
0.139584
0.156756
0.141598
0.143184
0.134361
0.137418
0.150359
0.145535
0.143881
0.15145
0.14488
0.164763
0.153831
0.16481
0.17152
0.191347
0.204216
0.206338
0.203293
0.195711
0.182452
0.184856
0.187388
0.198452
0.208988
0.190871
0.169812
0.184865
0.179384
0.181784
0.184678
0.204146
0.207639
0.215507
0.205366
0.231544
0.220478
0.20777
0.213044
0.198338
0.183617
0.176662
0.180189
0.170687
0.179595
0.172475
0.186307
0.186987
0.18228
0.196643
0.195235
0.18312
0.189807
0.196754
0.202468
0.203684
0.202351
0.219238
0.210322
0.189348
0.192652
0.188094
0.185786
0.175134
0.169549
0.154404
0.157241
0.162181
0.131011
0.169634
0.163772
0.160882
0.129261
0.169779
0.130939
0.139001
0.141089
0.1285
0.144419
0.138798
0.141123
0.15321
0.161209
0.15148
0.141732
0.129551
0.123343
0.123009
0.131812
0.109366
0.114258
0.12549
0.120603
0.117561
0.117044
0.140435
0.145881
0.147639
0.166547
0.18178
0.184981
0.183958
0.196525
0.185547
0.198365
0.181824
0.172615
0.153966
0.132709
0.10837
0.103988
0.104132
0.0908187
0.104033
0.11505
0.134219
0.176067
0.148725
0.173279
0.170558
0.17463
0.173004
0.152347
0.148266
0.141956
0.183252
0.189366
0.174152
0.180112
0.174984
0.226783
0.184984
0.225434
0.204995
0.173586
0.204687
0.172444
0.182416
0.163966
0.167836
0.149557
0.178668
0.180141
0.193293
0.172872
0.187292
0.175519
0.173303
0.160878
0.189464
0.199248
0.188849
0.169107
0.196104
0.177368
0.171677
0.179507
0.155704
0.159263
0.137683
0.157757
0.150626
0.146487
0.138804
0.121493
0.114879
0.0998763
0.0961961
0.104588
0.100763
0.0926841
0.0838717
0.0801285
0.0833114
0.0781749
0.0698456
0.0697329
0.083127
0.0758202
0.0731261
0.057141
0.0743902
0.0698592
0.0705362
0.0712323
0.0631161
0.0618483
0.0697475
0.0701952
0.058722
0.0656129
0.0541202
0.0638545
0.0530727
0.0552868
0.0669067
0.0776298
0.0786028
0.0694585
0.0742961
0.0842502
0.0840288
0.0742938
0.0765024
0.0707889
0.0705092
0.0687388
0.0628339
0.0821434
0.0648042
0.0876075
0.0789519
0.0861439
0.0770063
0.0601447
0.0742665
0.0652507
0.0625868
0.0488966
0.0558841
0.0538619
0.0545702
0.0433728
0.0613945
0.0618475
0.0666004
0.0600228
0.0556407
0.0657002
0.0579092
0.053517
0.0690403
0.0704919
0.0607291
0.0561557
0.0715331
0.0497792
0.0525284
0.0626904
0.0749607
0.0603959
0.0660012
0.0732413
0.069465
0.0784498
0.0838591
0.098145
0.11182
0.13395
0.130079
0.118675
0.129881
0.128018
0.105383
0.130865
0.133441
0.136728
0.150711
0.12592
0.137425
0.144831
0.142338
0.12404
0.144363
0.149181
0.169959
0.182824
0.18274
0.155951
0.194205
0.21137
0.201378
0.199205
0.219803
0.252447
0.252921
0.273955
0.245694
0.238093
0.209022
0.208981
0.152865
0.159054
0.143569
0.147756
0.160022
0.145413
0.152382
0.186972
0.186809
0.187572
0.160853
0.188539
0.195047
0.187751
0.213628
0.207219
0.175327
0.204848
0.187906
0.183242
0.194487
0.18438
0.232713
0.211597
0.223796
0.231299
0.243735
0.225104
0.212099
0.202352
0.194797
0.209591
0.176072
0.163869
0.163231
0.148832
0.123172
0.124246
0.111003
0.0966379
0.0885319
0.0630257
0.0499249
0.0409498
0.0463077
0.0286711
0.0272285
0.0248413
0.0168846
0.0152464
0.0154625
0.0129157
0.0217552
0.0107305
0.016217
0.0149369
0.00901231
0.0139689
0.022077
0.0207692
0.02242
0.0146796
0.0169052
0.02708
0.0207656
0.0143689
0.0103992
0.00193222
0
0.0063763
0.00225393
0.0073564
0.00451009
0.00764286
0.00469905
0.00704195
0.00804188
0.00352297
0.0055034
0.00371489
0.00767351
0.00770466
0.013269
0.0125894
0.0185419
0.0266711
0.0207235
0.020506
0.0179563
0.0133221
0.0127188
0.0138655
0.0165114
0.00898925
0.0167816
0.015838
0.00801035
0.0151848
0.019535
0.0193321
0.0164145
0.0265295
0.0191336
0.022126
0.0351071
0.0350983
0.0230416
0.0316575
0.0258347
0.0204311
0.0237853
0.0280966
0.0263078
0.025111
0.0270569
0.0279744
0.024219
0.0302761
0.0258523
0.0280486
0.0289703
0.0299006
0.0299763
0.0315261
0.0350645
0.0370055
0.0452797
0.03437
0.0418664
0.0299022
0.0359352
0.0319762
0.0299119
0.0322293
0.0296321
0.028041
0.0287461
0.0317344
0.0284217
0.0256895
0.0310025
0.0238842
0.0234527
0.028147
0.0230051
0.0309888
0.0447074
0.0412132
0.0478656
0.047651
0.0559626
0.06144
0.054102
0.0651159
0.0552006
0.0706569
0.0673509
0.0624628
0.0610454
0.0674566
0.0664686
0.0677763
0.063451
0.0730314
0.0734487
0.0727775
0.0764294
0.0762455
0.0800574
0.0788474
0.0944401
0.0952221
0.100196
0.0963303
0.0985753
0.102623
0.110066
0.112746
0.112151
0.118182
0.110193
0.115925
0.107746
0.104956
0.111395
0.114474
0.112537
0.0956157
0.113929
0.105958
0.104117
0.113362
0.112222
0.120059
0.128515
0.126546
0.141988
0.134169
0.130292
0.105382
0.106197
0.104275
0.110222
0.0952699
0.111423
0.0994225
0.0986599
0.0803068
0.103068
0.102622
0.0966219
0.092633
0.0839138
0.0911302
0.0840776
0.0880696
0.0879302
0.0927266
0.096531
0.0973901
0.0904422
0.107484
0.0947774
0.0846303
0.0944444
0.0782511
0.0730854
0.0764679
0.0557046
0.0584147
0.0476697
0.060136
0.0605085
0.0577613
0.0560331
0.052801
0.0622905
0.0666888
0.0501823
0.0466885
0.0480944
0.0583034
0.065884
0.0566546
0.0653373
0.0538453
0.0589329
0.0549995
0.0598579
0.054494
0.0563532
0.0594816
0.0422175
0.0275159
0.0353083
0.0254564
0.0185647
0.0255122
0.0201234
0.0124917
0.014656
0.0234426
0.0195416
0.00792335
0.0114372
0.0110528
0.00745744
0.0171107
0.00966466
0.0191814
0.0167128
0.0304117
0.0263711
0.0368017
0.0385192
0.0500925
0.0382692
0.0467909
0.0446748
0.0374543
0.0598253
0.0550286
0.0428044
0.0419129
0.0435342
0.03374
0.0225597
0.0269329
0.0211609
0.0204375
0.011525
0.0277312
0.0185561
0.0263526
0.0195197
0.0116574
0.015428
0.0138961
0.0104093
0.0126711
0.0194008
0.0142868
0.0272747
0.0341336
0.0327691
0.0227947
0.0178877
0.0232935
0.0290396
0.0359067
0.0240495
0.0183779
0.0208835
0.0130802
0.0195343
0.0232493
0.0274862
0.0203845
0.0137111
0.0126928
0.0156614
0.0153958
0.0274647
0.020124
0.0208246
0.0180972
0.0233379
0.0246176
0.0189913
0.0273994
0.0213645
0.0179414
0.0242104
0.0341058
0.0309275
0.042149
0.0419279
0.0478418
0.0362283
0.0361105
0.0324617
0.0409564
0.0321687
0.0295243
0.0226696
0.0233927
0.0166823
0.025531
0.0195591
0.0219551
0.0256085
0.0200918
0.0133052
0.023659
0.0233452
0.0198388
0.0215398
0.0234462
0.0180621
0.0213465
0.0257642
0.028231
0.0247986
0.0242709
0.031547
0.0350312
0.0495218
0.0449048
0.0400446
0.0471429
0.0475188
0.0526612
0.0507251
0.0553096
0.046318
0.0522375
0.0476367
0.0361177
0.0543895
0.0417054
0.0350641
0.0405535
0.0467088
0.041733
0.0465112
0.053845
0.0504351
0.0418834
0.0508303
0.0425058
0.0492475
0.0472658
0.0492332
0.0554071
0.0553737
0.058563
0.0640554
0.070565
0.0765622
0.0898602
0.119438
0.198519
0.400815
0.617964
0.722433
0.750008
0.727398
0.609697
0.382817
0.191896
0.114858
0.089556
0.0836005
0.0858806
0.0723229
0.0692401
0.0735822
0.0708997
0.0691324
0.0729577
0.0738289
0.0714407
0.0722031
0.0709461
0.07134
0.0739973
0.0672233
0.0664802
0.0651243
0.0686151
0.0667808
0.0660284
0.0653086
0.0658419
0.0665016
0.062356
0.0655149
0.0597839
0.053
0.0603042
0.0695121
0.055783
0.0627445
0.0627983
0.0557317
0.0618159
0.0585521
0.0597194
0.0618038
0.0628521
0.0658316
0.0686983
0.065471
0.06086
0.0667204
0.0661118
0.065438
0.0683985
0.0661341
0.0691222
0.0710438
0.0695011
0.0672006
0.0728177
0.0616433
0.0760934
0.0668685
0.0719723
0.0679018
0.0651526
0.0535834
0.06676
0.0680304
0.0674366
0.0612083
0.0721039
0.0542454
0.0612184
0.0613214
0.0616752
0.0675618
0.0693423
0.0585227
0.0657107
0.0667519
0.0613978
0.0600295
0.0583577
0.0643474
0.0585112
0.0705797
0.0716048
0.0638624
0.0661226
0.0701543
0.0681043
0.0691974
0.0685354
0.0707042
0.0652979
0.0654207
0.0697806
0.0714413
0.0651519
0.0741119
0.0694992
0.0666958
0.0750858
0.0782956
0.0800062
0.0809462
0.0716314
0.0866946
0.0891235
0.0925754
0.0947006
0.0913542
0.0955403
0.0908364
0.0843221
0.0907613
0.0874637
0.0971121
0.090808
0.100105
0.0932942
0.0872965
0.102034
0.0783779
0.0733861
0.0882158
0.0876847
0.0895835
0.0884932
0.0942891
0.0789222
0.097836
0.0918852
0.0881928
0.0959509
0.0833124
0.100652
0.0965337
0.0839545
0.0822164
0.0819538
0.0847748
0.102129
0.100693
0.0892599
0.123787
0.106631
0.0909697
0.10509
0.11463
0.097119
0.101857
0.109014
0.124498
0.0981298
0.132273
0.108958
0.123121
0.144809
0.137052
0.106916
0.116452
0.132832
0.125789
0.144852
0.131794
0.119994
0.123028
0.124832
0.160333
0.149385
0.148667
0.172955
0.180358
0.140458
0.186244
0.141501
0.191992
0.160998
0.146145
0.133869
0.145581
0.164218
0.14656
0.14619
0.137089
0.123065
0.132796
0.11533
0.110689
0.134942
0.122493
0.110081
0.0981821
0.0976603
0.111307
0.126293
0.098649
0.0951042
0.0959135
0.0955846
0.125174
0.118399
0.0943605
0.135278
0.132538
0.111588
0.13542
0.0952427
0.116518
0.0970894
0.0846934
0.112347
0.0962641
0.126849
0.134772
0.106546
0.134212
0.145521
0.156045
0.158496
0.157788
0.134124
0.135815
0.0974109
0.0935982
0.0942183
0.0852948
0.0868388
0.085786
0.0794327
0.0873701
0.0670269
0.0798186
0.0719061
0.0822556
0.0979937
0.0804087
0.105156
0.0946416
0.088388
0.108805
0.0944132
0.106691
0.106849
0.123028
0.128146
0.137499
0.157697
0.163915
0.17677
0.193989
0.188473
0.223713
0.246795
0.256588
0.245093
0.247008
0.204563
0.14409
0.0993705
0.0919389
0.0799233
0.0826248
0.0725672
0.0834458
0.0756826
0.0725678
0.0711348
0.0893778
0.0696833
0.0876191
0.0785861
0.0778883
0.0772701
0.0642827
0.063733
0.0848948
0.0730503
0.0690456
0.076681
0.0673006
0.0736036
0.0773349
0.0722417
0.0602779
0.0716772
0.0756023
0.0747272
0.0701022
0.0791989
0.0752
0.0729194
0.0709014
0.0679289
0.0615449
0.0658012
0.068447
0.0720242
0.0705202
0.078683
0.0686481
0.0648578
0.0621786
0.0779604
0.0753998
0.081343
0.0729345
0.0679134
0.0618566
0.0572391
0.077962
0.0829734
0.0696551
0.0686618
0.0829706
0.0707932
0.0653058
0.0721412
0.0684029
0.0658407
0.0634915
0.0484073
0.045124
0.0488766
0.0589176
0.0496223
0.064421
0.0723628
0.0607729
0.0581105
0.072958
0.0585881
0.0670434
0.0690646
0.0563961
0.0673389
0.0666075
0.0633807
0.0658477
0.0586048
0.054185
0.0628767
0.0628837
0.0570522
0.0576996
0.0668416
0.0610531
0.0622568
0.0665203
0.0653893
0.0601573
0.0632771
0.0632162
0.0693777
0.0677079
0.0731915
0.0725533
0.0742491
0.0706208
0.0853793
0.0795467
0.0944998
0.0925056
0.0911988
0.0994972
0.0888563
0.101503
0.113469
0.112614
0.11752
0.125122
0.123143
0.102169
0.0961188
0.0883853
0.072241
0.0602475
0.0681324
0.0586635
0.0589862
0.0582772
0.0529594
0.0584648
0.0628756
0.057964
0.0634172
0.0576732
0.0594746
0.0632405
0.0604367
0.0639769
0.0673657
0.0697546
0.0650436
0.0744217
0.0740741
0.083545
0.0864992
0.0836839
0.0928884
0.0973861
0.0993356
0.105745
0.112897
0.122425
0.130398
0.145122
0.150964
0.156895
0.163049
0.168209
0.166537
0.157559
0.148698
0.142875
0.136355
0.119851
0.0927791
0.103906
0.0931984
0.0797208
0.0847664
0.0755119
0.092379
0.0783685
0.09307
0.0893384
0.0859377
0.093044
0.084469
0.0927056
0.0901443
0.0858569
0.0905909
0.0983275
0.104157
0.09955
0.106084
0.116286
0.11032
0.11845
0.126012
0.129425
0.129631
0.141504
0.147299
0.1525
0.156725
0.165488
0.174583
0.186146
0.194507
0.203309
0.208733
0.194695
0.189534
0.172977
0.166645
0.146136
0.135581
0.114709
0.108902
0.101857
0.103194
0.10722
0.0995663
0.102628
0.10003
0.104855
0.107512
0.115925
0.116118
0.103601
0.0920207
0.0920958
0.0852324
0.093744
0.0941377
0.0905523
0.0925586
0.0661141
0.082428
0.0868637
0.0973486
0.0805018
0.0729142
0.0769602
0.0822701
0.0752722
0.0858488
0.0674578
0.0836701
0.0835315
0.0766852
0.0869537
0.083371
0.0865127
0.0811524
0.0842479
0.0803788
0.0741308
0.0839787
0.0885126
0.0843307
0.0892484
0.0831158
0.084713
0.0877565
0.090649
0.0898926
0.0937305
0.082776
0.0874099
0.0742809
0.0921795
0.090137
0.0872143
0.0812796
0.0915693
0.094401
0.0920333
0.0847437
0.082739
0.0734667
0.0743639
0.0732515
0.0703645
0.0746955
0.075363
0.0803014
0.0726963
0.0844834
0.0800616
0.0900207
0.0979756
0.100225
0.117094
0.121663
0.140229
0.143096
0.143245
0.135745
0.152365
0.144077
0.150091
0.161227
0.161587
0.19661
0.189809
0.208703
0.190375
0.191316
0.18924
0.180067
0.153845
0.161686
0.148629
0.139171
0.122438
0.126119
0.119866
0.127752
0.136063
0.138102
0.129708
0.138729
0.149871
0.137189
0.144018
0.14089
0.169061
0.159137
0.168436
0.175877
0.166633
0.172232
0.170571
0.161549
0.17771
0.18129
0.183283
0.154558
0.135125
0.175221
0.146294
0.155642
0.134581
0.126533
0.1341
0.131165
0.178691
0.149321
0.15261
0.177291
0.133222
0.155336
0.168734
0.191245
0.185888
0.17171
0.173256
0.164917
0.202574
0.179308
0.209838
0.211413
0.222172
0.223665
0.182139
0.207455
0.211985
0.210374
0.233845
0.211427
0.226676
0.227924
0.222559
0.224875
0.245178
0.239825
0.244594
0.255873
0.268167
0.256454
0.251262
0.251782
0.238875
0.236103
0.223105
0.232319
0.224998
0.209929
0.187149
0.163883
0.173035
0.17694
0.145192
0.135753
0.13617
0.149864
0.13261
0.140789
0.131254
0.0993064
0.145998
0.137865
0.149892
0.128543
0.160435
0.166816
0.154113
0.162513
0.171295
0.199943
0.192777
0.208884
0.187168
0.214754
0.237969
0.224015
0.20499
0.191502
0.218746
0.233528
0.250462
0.280699
0.260258
0.260544
0.270099
0.269231
0.287422
0.27768
0.277122
0.297915
0.303814
0.300932
0.318443
0.31465
0.306068
0.303275
0.298895
0.303654
0.318137
0.26573
0.249997
0.282246
0.23678
0.27709
0.217825
0.185502
0.179098
0.134172
0.133901
0.155418
0.115588
0.146587
0.0983377
0.101002
0.138256
0.119629
0.162403
0.109351
0.133432
0.120628
0.117333
0.14057
0.0903874
0.132127
0.126896
0.143189
0.11663
0.128292
0.112773
0.0978551
0.118707
0.120528
0.162565
0.14658
0.140705
0.142876
0.154956
0.180543
0.158136
0.201771
0.144245
0.164113
0.178482
0.211846
0.176542
0.148655
0.148135
0.177584
0.194715
0.162705
0.166529
0.187142
0.202036
0.158675
0.157348
0.131346
0.126237
0.156241
0.154473
0.125891
0.150026
0.189739
0.187615
0.188266
0.133147
0.169693
0.139238
0.152644
0.123417
0.152984
0.148825
0.170379
0.191944
0.148067
0.177848
0.185174
0.162335
0.166393
0.129729
0.141026
0.141465
0.174991
0.116952
0.174317
0.112876
0.145171
0.0939915
0.156817
0.135847
0.128709
0.119971
0.142736
0.148162
0.169391
0.128879
0.114074
0.120589
0.16799
0.166805
0.118633
0.0842323
0.141429
0.189678
0.182798
0.12843
0.173875
0.144224
0.141507
0.110067
0.161798
0.167062
0.146925
0.21008
0.172716
0.189779
0.227707
0.16118
0.149552
0.169104
0.158011
0.167498
0.190341
0.177374
0.165381
0.16878
0.205713
0.207343
0.189592
0.164335
0.182663
0.132295
0.175451
0.153235
0.183995
0.215789
0.173294
0.142606
0.191989
0.183419
0.145864
0.0857629
0.092363
0.0991354
0.0918593
0.0544977
