0.111458
0.11611
0.116289
0.120608
0.124238
0.111257
0.121046
0.12414
0.128676
0.133611
0.122042
0.134622
0.129038
0.132937
0.137313
0.137772
0.131711
0.130579
0.134585
0.126421
0.125707
0.127821
0.125942
0.134145
0.128372
0.134947
0.140652
0.141291
0.140581
0.140752
0.141743
0.141077
0.139751
0.141657
0.140222
0.139726
0.136162
0.137833
0.137165
0.136452
0.132201
0.129274
0.134372
0.1319
0.126406
0.135799
0.14212
0.141125
0.140804
0.142794
0.143853
0.148498
0.153384
0.153476
0.153404
0.151927
0.146343
0.139534
0.13622
0.137302
0.128646
0.12077
0.0966743
0.0999481
0.102536
0.107175
0.110942
0.114471
0.104836
0.115483
0.1198
0.123637
0.121753
0.118778
0.119609
0.125401
0.118882
0.121326
0.114355
0.114537
0.114551
0.112211
0.119719
0.109824
0.115115
0.125112
0.128457
0.125201
0.127778
0.131981
0.130167
0.132005
0.126537
0.127213
0.13111
0.131934
0.128495
0.121821
0.124897
0.125834
0.132068
0.141314
0.135293
0.135709
0.128527
0.135744
0.135146
0.140207
0.140594
0.138938
0.138965
0.137937
0.136378
0.137331
0.133531
0.13123
0.120525
0.123592
0.120928
0.112389
0.113272
0.119712
0.123617
0.126044
0.134707
0.130307
0.134047
0.132623
0.135107
0.140832
0.138597
0.144663
0.142068
0.147551
0.149693
0.145732
0.142043
0.138642
0.136019
0.127742
0.1291
0.120526
0.119106
0.126903
0.120036
0.118238
0.11971
0.122134
0.118179
0.130986
0.132287
0.134857
0.135016
0.138166
0.138435
0.141851
0.141505
0.139572
0.142941
0.141103
0.143237
0.138554
0.136195
0.136955
0.137135
0.129147
0.123135
0.127405
0.12108
0.12332
0.127036
0.128192
0.129607
0.126252
0.123341
0.13588
0.128514
0.122173
0.113598
0.113149
0.108287
0.114836
0.114465
0.120866
0.104696
0.115894
0.113234
0.124838
0.119871
0.121549
0.122957
0.130953
0.129442
0.130165
0.129621
0.131126
0.128835
0.119501
0.118798
0.110827
0.103557
0.0967397
0.10558
0.102955
0.108524
0.112352
0.10737
0.1117
0.112736
0.116467
0.122441
0.11989
0.13062
0.132984
0.127891
0.132495
0.131846
0.133951
0.134998
0.133433
0.131312
0.128108
0.12277
0.123634
0.120557
0.110708
0.0914048
0.102183
0.0983923
0.0985628
0.106621
0.108562
0.1161
0.113555
0.117471
0.121473
0.115553
0.118112
0.123819
0.129632
0.126162
0.13372
0.134966
0.13488
0.136345
0.132966
0.138743
0.13711
0.137654
0.133094
0.128184
0.131922
0.12752
0.122878
0.124493
0.113373
0.0977334
0.0967304
0.115585
0.0956019
0.0920041
0.103999
0.0931031
0.0879795
0.104423
0.1024
0.120785
0.107715
0.11045
0.105368
0.112907
0.131862
0.118641
0.124333
0.138582
0.133634
0.13566
0.142974
0.138996
0.133769
0.137838
0.135263
0.129465
0.125444
0.114924
0.119013
0.123148
0.113721
0.102823
0.0966605
0.0995976
0.0880369
0.0993342
0.0970452
0.106267
0.0923853
0.0833172
0.117351
0.101413
0.11408
0.117754
0.116796
0.124013
0.120436
0.114398
0.127864
0.116474
0.120857
0.121679
0.124161
0.122844
0.113496
0.110925
0.103448
0.106223
0.105466
0.0915891
0.0980616
0.101044
0.086761
0.0853856
0.0931496
0.0798356
0.0866442
0.106961
0.0995442
0.102084
0.0934341
0.102206
0.108841
0.114287
0.107917
0.121155
0.117865
0.116477
0.120113
0.132587
0.129437
0.130003
0.119424
0.128248
0.128158
0.108481
0.109708
0.104009
0.0927337
0.089772
0.0812796
0.0723117
0.086719
0.0794733
0.0855903
0.0877685
0.0865061
0.098695
0.08224
0.100427
0.0890361
0.0846507
0.0935617
0.0986851
0.0853432
0.101894
0.110169
0.102739
0.111817
0.108202
0.102946
0.119329
0.129337
0.120294
0.115761
0.119648
0.130616
0.128681
0.115397
0.126291
0.11457
0.112373
0.098082
0.103496
0.0858823
0.0891324
0.0953831
0.0907938
0.0789607
0.110798
0.0952941
0.0946865
0.102021
0.0916891
0.0995267
0.106773
0.097534
0.110292
0.092942
0.10963
0.114956
0.11166
0.105479
0.122423
0.115118
0.107566
0.122554
0.12441
0.126188
0.11864
0.122458
0.125144
0.119329
0.121276
0.118635
0.119827
0.121593
0.120256
0.110861
0.119588
0.0890564
0.106661
0.0899047
0.0898965
0.0947646
0.0868472
0.117726
0.0915245
0.112908
0.110852
0.0920686
0.103158
0.116528
0.117514
0.116106
0.119821
0.125946
0.127171
0.12903
0.122507
0.11258
0.121298
0.115396
0.122379
0.107949
0.100019
0.0809629
0.0722923
0.0891365
0.0948501
0.0831261
0.0607975
0.103924
0.095587
0.0839959
0.0897215
0.0806954
0.0733008
0.0803931
0.0887268
0.102908
0.0995466
0.0832214
0.0803999
0.0954776
0.0972653
0.113073
0.0909225
0.100328
0.0969813
0.101172
0.110682
0.0907797
0.1216
0.119757
0.120923
0.107797
0.111843
0.122803
0.115462
0.123816
0.119463
0.097374
0.1033
0.0850699
0.0842712
0.0832447
0.0750673
0.077424
0.0860676
0.0953571
0.0781707
0.103622
0.126089
0.142204
0.200382
0.238052
0.315834
0.356717
0.369251
0.365947
0.316307
0.264615
0.183312
0.130784
0.0878832
0.0990084
0.113428
0.102031
0.114081
0.10815
0.098257
0.0974209
0.0947042
0.0991872
0.0971656
0.0954903
0.113268
0.104295
0.0997931
0.105834
0.107604
0.112332
0.0898455
0.119745
0.101251
0.0880532
0.0806807
0.0969586
0.0862704
0.0775074
0.0934795
0.100082
0.0884834
0.0964431
0.109767
0.102474
0.0923134
0.0917806
0.0914698
0.106315
0.106662
0.0913375
0.106258
0.119107
0.0948518
0.104213
0.110125
0.102113
0.0891536
0.0874728
0.0830478
0.0805146
0.10125
0.0816871
0.0830654
0.103405
0.0898852
0.0853473
0.0982979
0.0925258
0.0976849
0.0881701
0.0886394
0.0933855
0.0922398
0.092533
0.0873458
0.093071
0.113114
0.0847149
0.0921324
0.101491
0.0861956
0.0856516
0.0839072
0.0967821
0.125269
0.0933885
0.0886571
0.104764
0.106065
0.103541
0.104685
0.0964972
0.0936228
0.104293
0.107599
0.0860033
0.0955822
0.104957
0.0830129
0.115952
0.0553324
0.0849867
0.0703972
0.0729798
0.106176
0.0647324
0.0806965
0.0646778
0.07752
0.103442
0.0900172
0.0790178
0.073259
0.0519064
0.0839636
0.0838851
0.0838899
0.0894683
0.081944
0.0982988
0.0942465
0.0774788
0.0827014
0.0798893
0.0659864
0.0815482
0.0837366
0.079805
0.0875446
0.0996495
0.0793639
0.0647739
0.094493
0.0846776
0.084466
0.0885459
0.0824846
0.0752365
0.097873
0.0861298
0.0875796
0.0869851
0.0926071
0.0940484
0.0965353
0.0940667
0.0767822
0.0694295
0.0875374
0.0746906
0.0986102
0.091931
0.0705503
0.0721443
0.0852538
0.086487
0.0801698
0.0776526
0.114833
0.0670706
0.0991308
0.0694727
0.0930654
0.0726878
0.0823958
0.090433
0.0855892
0.0874371
0.0713197
0.085533
0.0931864
0.0821128
0.110088
0.0609505
0.105245
0.0614908
0.0722166
0.0684872
0.0986163
0.108201
0.0848449
0.0846949
0.0704959
0.0809045
0.074612
0.0936516
0.0782651
0.0932848
0.0980985
0.0905553
0.0954504
0.0984418
0.100224
0.102782
0.0879907
0.0887434
0.0966947
0.108831
0.0764433
0.0721556
0.0733016
0.0736452
0.0845798
0.122256
0.079734
0.0951316
0.0860639
0.0764871
0.0700868
0.0786
0.0782682
0.0718769
0.0764077
0.0702119
0.0592705
0.073312
0.0654811
0.0696846
0.0592158
0.0734638
0.0616058
0.0791302
0.0603177
0.0719073
0.0747928
0.0682312
0.0591857
0.0581661
0.0527828
0.0698664
0.0643174
0.0670754
0.065588
0.0688313
0.0606366
0.066877
0.0604329
0.0701798
0.0677444
0.0576273
0.0627573
0.0624529
0.0715086
0.0760513
0.0678671
0.0741734
0.0735484
0.0533457
0.0548083
0.0762445
0.0591126
0.0792228
0.0726707
0.0819693
0.0637919
0.0737613
0.0854273
0.0812648
0.0683049
0.0674428
0.0704477
0.0726759
0.0646386
0.0759419
0.0691631
0.0570859
0.0495033
0.0633798
0.0554109
0.0604384
0.0575096
0.0780775
0.0847718
0.0648832
0.0665722
0.0666314
0.0597503
0.0648028
0.0595776
0.0737473
0.060781
0.0711946
0.0775856
0.0604093
0.0686834
0.0721215
0.0703178
0.070666
0.0686874
0.0725426
0.0794289
0.069795
0.0768212
0.0717636
0.0690271
0.0888873
0.0651745
0.0777686
0.0777125
0.0782298
0.0828738
0.0900655
0.0739442
0.0526251
0.0641871
0.0711588
0.070009
0.0488403
0.0720724
0.0930026
0.0701827
0.0750967
0.0888787
0.0839927
0.0802932
0.0891425
0.0772535
0.0934869
0.0850718
0.0877483
0.0944408
0.0773053
0.0599864
0.0853814
0.0782807
0.0804113
0.0638018
0.0782406
0.0886928
0.0850774
0.0508399
0.048591
0.0751077
0.0956318
0.0698066
0.0716708
0.069322
0.0821307
0.0772705
0.076801
0.075072
0.0610434
0.0715466
0.0774663
0.0715775
0.0560165
0.0710809
0.070425
0.0700799
0.0923104
0.0672189
0.0588956
0.0625835
0.070285
0.0782233
0.087377
0.072672
0.0542017
0.0647428
0.0637014
0.0636302
0.0841714
0.0681475
0.0713026
0.0674757
0.0613427
0.0753353
0.0637379
0.0657806
0.0693501
0.0645859
0.062693
0.0680754
0.0757937
0.0664207
0.0777568
0.0676297
0.0722888
0.0646297
0.0648733
0.0696898
0.0702936
0.0612323
0.0685771
0.0688744
0.0651319
0.0694715
0.0648931
0.0586102
0.0605806
0.0600522
0.0564481
0.0608072
0.057578
0.0623787
0.0611605
0.0569586
0.0635215
0.0599145
0.0581874
0.063335
0.0542088
0.0628538
0.061662
0.0559854
0.0546832
0.0604615
0.0643573
0.0652493
0.0569996
0.0512287
0.0544452
0.059322
0.0640282
0.0548674
0.0529875
0.0588095
0.0652303
0.0634096
0.0584945
0.0629168
0.0556432
0.0613041
0.0603826
0.0553293
0.0595388
0.0627063
0.0665668
0.0621947
0.0568238
0.0674114
0.0557697
0.0618587
0.0565452
0.0582539
0.0595894
0.065241
0.0601543
0.0663048
0.0618519
0.060095
0.0688427
0.0544107
0.0593216
0.054195
0.0593717
0.0583925
0.0699753
0.0626202
0.0630491
0.0513416
0.057831
0.0508784
0.0573516
0.0665608
0.0621104
0.0642966
0.0612344
0.0562418
0.060148
0.0630899
0.0567796
0.0638603
0.052376
0.0599944
0.05263
0.054934
0.0609468
0.0578312
0.0553327
0.0470293
0.065753
0.0512313
0.06471
0.0697756
0.0620351
0.0592397
0.0622789
0.0638193
0.059996
0.0591888
0.0576826
0.0567308
0.0622092
0.0586652
0.0618067
0.0636787
0.0551968
0.0639759
0.0599648
0.0575191
0.0551702
0.0566822
0.0662434
0.0588267
0.0629926
0.055283
0.0688128
0.05995
0.0621046
0.068165
0.0558634
0.0634068
0.053302
0.0649268
0.0588368
0.0603209
0.0626053
0.0571171
0.0617058
0.0660192
0.0591643
0.0633252
0.056699
0.0602304
0.0592019
0.0489894
0.0636434
0.0553007
0.0689248
0.0854648
0.0601799
0.0560387
0.0723062
0.0693008
0.0561613
0.0668403
0.0834443
0.0735433
0.063899
0.0790705
0.0656097
0.0621304
0.0688954
0.058403
0.0597007
0.0593587
0.0648476
0.0664642
0.0612938
0.0652091
0.0630126
0.0678188
0.061738
0.0528557
0.0562052
0.0682606
0.0617611
0.0671263
0.0809439
0.0851323
0.0720543
0.058576
0.0754543
0.0518068
0.0648918
0.0623774
0.0741339
0.0830506
0.0572376
0.050683
0.0731382
0.0572636
0.0728657
0.0569802
0.0565209
0.0670663
0.0668161
0.0627966
0.0475962
0.0801422
0.0783605
0.0848019
0.0637582
0.0564315
0.074608
0.0653934
0.055782
0.074488
0.0709866
0.0723736
0.0595528
0.0699008
0.0574519
0.0621992
0.0713983
0.0530765
0.0561331
0.0593512
0.0642454
0.059982
0.0705807
0.0613836
0.0604314
0.063713
0.0607659
0.0658366
0.0568461
0.0648834
0.0466285
0.063151
0.0602175
0.0665441
0.0423236
0.0391092
0.0678268
0.0583987
0.05043
0.0669413
0.0515721
0.0626043
0.0671633
0.0674752
0.0585196
0.0624234
0.064118
0.0593202
0.0636324
0.0580256
0.0649972
0.0540519
0.0595339
0.0600458
0.0663564
0.0579355
0.0604646
0.0613983
0.0597208
0.0756061
0.0462891
0.0547141
0.0624632
0.0608162
0.0609638
0.0593155
0.0715338
0.0534283
0.0646536
0.0717662
0.0555572
0.0598785
0.0633583
0.0644315
0.0623608
0.0620934
0.058424
0.0553364
0.0670801
0.0673755
0.0569584
0.0609789
0.0578798
0.0615042
0.0592355
0.061938
0.0617696
0.0558104
0.0632526
0.0654278
0.0721927
0.0680637
0.0622067
0.0610333
0.049427
0.0564048
0.0586308
0.0557226
0.0586166
0.0656006
0.0510636
0.0689458
0.0569497
0.057651
0.0569107
0.0589092
0.0640167
0.0590444
0.0509263
0.0603082
0.0574611
0.0499871
0.0470903
0.0567714
0.0550752
0.0591553
0.0531489
0.0605891
0.0555375
0.0525663
0.0578061
0.0659546
0.0685664
0.0664303
0.0691096
0.0627677
0.0765902
0.0646577
0.0704732
0.0628808
0.0739199
0.0599916
0.0721391
0.0596222
0.0571266
0.0651952
0.0633627
0.0593585
0.0629907
0.0618123
0.057316
0.0675587
0.0618693
0.0622297
0.0625758
0.0644901
0.0647499
0.0619776
0.060715
0.0708777
0.0671842
0.0756448
0.0814722
0.0829914
0.110911
0.171654
0.344529
0.4856
0.545804
0.562505
0.532664
0.44394
0.260214
0.137258
0.0982615
0.0723059
0.0746817
0.068658
0.0670935
0.0717969
0.0634779
0.0565168
0.0609495
0.0615846
0.0655904
0.0679166
0.0654161
0.0643747
0.0582907
0.0584629
0.053112
0.0577308
0.0590197
0.0660066
0.0647739
0.064941
0.0563727
0.0739266
0.0599002
0.0566851
0.066641
0.0718781
0.0740294
0.0743371
0.0746914
0.0752532
0.0847599
0.0739135
0.0747576
0.0717917
0.0684304
0.0741297
0.0628181
0.0734711
0.0641203
0.0651066
0.0696952
0.0674613
0.0659639
0.0693135
0.0634748
0.068036
0.0612533
0.0607857
0.0637213
0.0628238
0.0577223
0.0595568
0.0627926
0.0648531
0.0579754
0.0644867
0.0616371
0.0598467
0.0621832
0.0671437
0.0642616
0.0624178
0.0665147
0.0685286
0.0720878
0.0731864
0.0679639
0.0735771
0.0591988
0.067503
0.0658668
0.0646492
0.0622605
0.0621879
0.0578685
0.0584748
0.0674135
0.0561422
0.0611508
0.0719939
0.0678632
0.0667126
0.0606043
0.0634901
0.0610954
0.0641254
0.0675082
0.0568389
0.071521
0.0596489
0.0594933
0.0609259
0.0603886
0.0718222
0.0485775
0.0538805
0.0598566
0.0550787
0.0547346
0.0678261
0.0743635
0.0636264
0.0464515
0.0607309
0.0704808
0.0702771
0.0794354
0.0561547
0.0586209
0.0607885
0.0732478
0.062164
0.0649322
0.0767233
0.0716097
0.0650536
0.0638831
0.0586396
0.0590944
0.0729378
0.0772183
0.0657408
0.0586284
0.0599708
0.0635287
0.0690648
0.0492425
0.0663121
0.0774228
0.0616803
0.0770811
0.0596609
0.0518115
0.0655899
0.034986
0.0714352
0.059556
0.0536738
0.0760855
0.0541723
0.055247
0.0675761
0.0324625
0.0673328
0.0633258
0.0785539
0.0753477
0.093459
0.0623945
0.10013
0.073954
0.0633225
0.0526183
0.071273
0.0553499
0.0710153
0.0659307
0.0764544
0.0713896
0.0790067
0.079349
0.0604177
0.0568978
0.0826719
0.0968205
0.0831368
0.0878496
0.0832601
0.0783149
0.0852812
0.0600181
0.0719982
0.064401
0.0840508
0.0313015
0.0651348
0.0679901
0.071783
0.0573063
0.0653823
0.0780861
0.0420312
0.0768928
0.0529862
0.0625635
0.0649684
0.0593397
0.0789415
0.0474658
0.0985789
0.0593922
0.0793112
0.0503251
0.0670938
0.0639407
0.0745745
0.0618003
0.0636098
0.0573016
0.0797609
0.0589494
0.0920727
0.0543758
0.074868
0.0437031
0.0657283
0.091033
0.0777414
0.0728204
0.0836737
0.07295
0.0767044
0.092825
0.0679882
0.0909225
0.0585247
0.0718658
0.0676677
0.0570762
0.0699372
0.0699204
0.0602738
0.063742
0.0570363
0.0620534
0.064893
0.077815
0.057406
0.0641147
0.0527611
0.0633004
0.0783214
0.0671349
0.0725018
0.0741738
0.072643
0.0774181
0.076021
0.0684609
0.0776857
0.0852294
0.0794557
0.0795989
0.0863524
0.0877366
0.0836062
0.0944893
0.112139
0.097104
0.102975
0.0939237
0.092007
0.0781345
0.0547907
0.0715415
0.0541114
0.0595648
0.0591762
0.0607227
0.0759766
0.071312
0.0726711
0.068882
0.067429
0.0590922
0.062932
0.0611358
0.0820784
0.0593873
0.0764871
0.057717
0.0659268
0.0494113
0.0626308
0.0615962
0.0482459
0.0562287
0.0699267
0.0575412
0.0463918
0.0644076
0.058458
0.0620827
0.0589714
0.0597295
0.0550829
0.0544491
0.0569636
0.0732136
0.0551909
0.0635444
0.0631989
0.0792171
0.0530164
0.0703467
0.0634493
0.0609686
0.0612489
0.055802
0.0633324
0.0654681
0.0607791
0.0627751
0.0620009
0.075242
0.0665192
0.0556484
0.0662962
0.0681961
0.0732681
0.0537757
0.0546881
0.0598107
0.0549295
0.065823
0.0611519
0.0578617
0.068105
0.0636263
0.0769591
0.0700325
0.0469797
0.0686445
0.0697407
0.0641779
0.0666192
0.0637163
0.0738821
0.0664295
0.0717912
0.0741019
0.0755607
0.0771108
0.0700226
0.065789
0.0575146
0.0682683
0.0704826
0.0676185
0.0600987
0.0688213
0.0575471
0.0652236
0.0693649
0.070753
0.065175
0.064168
0.0673674
0.0678463
0.0795043
0.069166
0.0789547
0.0672881
0.0633746
0.0782544
0.0784607
0.0782466
0.0826416
0.0902535
0.0794498
0.0836545
0.0780447
0.0958991
0.0985595
0.0922899
0.0928235
0.0869989
0.0845649
0.0835711
0.0677628
0.0741522
0.0596785
0.0706019
0.0685001
0.0612043
0.0721246
0.061128
0.0578646
0.0698912
0.0705575
0.0676815
0.0591032
0.0601145
0.0701599
0.0680689
0.0615049
0.0666122
0.0674459
0.065986
0.0637156
0.070478
0.0722275
0.0663401
0.0683407
0.0735769
0.0729907
0.0819076
0.085802
0.0821732
0.0915062
0.08902
0.0919137
0.0986325
0.105435
0.100393
0.0999053
0.097275
0.0933265
0.100628
0.0866016
0.0868188
0.0690361
0.072356
0.0698782
0.0705941
0.0714528
0.0804238
0.0737777
0.0857629
0.0659606
0.0777349
0.0752072
0.07754
0.0695961
0.0698507
0.07518
0.0713894
0.0799135
0.0788847
0.0673128
0.0689004
0.0693423
0.0739532
0.0688338
0.0708875
0.07729
0.0757374
0.0742137
0.0815433
0.0795428
0.0922254
0.0860149
0.0909679
0.0846301
0.0903052
0.0892948
0.091909
0.0961002
0.10052
0.0958059
0.0832436
0.0746065
0.0762092
0.0733779
0.0657773
0.0665408
0.0623311
0.0716909
0.0652354
0.0650769
0.0719578
0.0798268
0.0641817
0.0740003
0.0719318
0.0850049
0.0685476
0.0618733
0.0640189
0.064192
0.0694642
0.0670368
0.0562731
0.0725962
0.0641795
0.0672199
0.0762078
0.0591185
0.0660902
0.06525
0.0642315
0.0662391
0.0642077
0.0609636
0.062349
0.0688175
0.0737591
0.0555108
0.0684325
0.0591381
0.0563457
0.0607825
0.066898
0.061049
0.0577474
0.0644243
0.0543484
0.0683814
0.0600341
0.0587823
0.0668002
0.0562585
0.0451331
0.0573669
0.0659213
0.0568347
0.0541889
0.0515191
0.0544571
0.058729
0.050052
0.0681619
0.0604316
0.0609343
0.0668344
0.0679194
0.0818841
0.0911857
0.0837341
0.083295
0.100552
0.0972384
0.0960673
0.101878
0.0999075
0.109115
0.103086
0.0947427
0.0917022
0.100925
0.0928026
0.0901692
0.107613
0.083816
0.0841163
0.089794
0.0933493
0.0920612
0.0690681
0.0826978
0.0858584
0.0882716
0.110313
0.0941032
0.100712
0.0966546
0.0973283
0.0883523
0.0935998
0.0868887
0.0816483
0.0816715
0.0804733
0.0779385
0.082306
0.0977318
0.0888962
0.0943796
0.072786
0.0985809
0.116315
0.101216
0.0973405
0.107964
0.103919
0.124144
0.109836
0.114037
0.110274
0.113622
0.111601
0.114391
0.104473
0.120193
0.0896647
0.0856889
0.100523
0.0869166
0.0960518
0.0741747
0.0639864
0.0822575
0.0802095
0.106442
0.0728554
0.0838766
0.115304
0.0752842
0.0422087
0.107524
0.085465
0.0916807
0.1047
0.0962812
0.111056
0.120486
0.105209
0.101471
0.0891208
0.127171
0.0923535
0.119769
0.125968
0.127383
0.0948785
0.111607
0.115429
0.114227
0.105199
0.12384
0.120166
0.118227
0.120419
0.127312
0.119054
0.132365
0.122468
0.122634
0.11974
0.123463
0.104982
0.115992
0.110276
0.121974
0.116827
0.103796
0.0856648
0.0964099
0.0724601
0.117063
0.0848968
0.0966593
0.0808694
0.103319
0.067059
0.0812206
0.111763
0.087303
0.0938136
0.0671728
0.0915547
0.0674471
0.0935665
0.0847565
0.0715118
0.0734418
0.0997001
0.100442
0.0822493
0.108305
0.10497
0.109211
0.109166
0.0893337
0.0829323
0.124199
0.100378
0.0945614
0.101102
0.081944
0.104431
0.133793
0.103854
0.118934
0.118128
0.114189
0.1218
0.13086
0.140687
0.116602
0.118417
0.138207
0.134623
0.124704
0.119203
0.114904
0.101061
0.123868
0.181278
0.141589
0.124482
0.0717764
0.102656
0.109924
0.0805862
0.109431
0.102028
0.0520986
0.102562
0.10489
0.0752559
0.0757255
0.0896966
0.0905312
0.101993
0.0856444
0.0714684
0.0822207
0.105421
0.0870249
0.0714342
0.109248
0.0827444
0.0891509
0.108502
0.100127
0.0915964
0.0969172
0.123988
0.101585
0.107302
0.0409428
0.106339
0.131038
0.0547105
0.108405
0.120829
0.112036
0.066833
0.127773
0.028116
0.0774057
0.0556794
0.0501739
0.0951336
0.0875156
0.0844939
0.0862583
0.0959685
0.126306
0.127614
0.0833172
0.10932
0.11273
0.0816263
0.129267
0.165535
0.0926481
0.0889162
0.0882209
0.109891
0.0970713
0.120845
0.0890512
0.110031
0.134246
0.124974
0.105817
0.109477
0.0885464
0.108696
0.081712
0.109353
0.0829441
0.0567394
0.115854
0.0968604
0.0790795
0.127725
0.0771468
0.0296521
0.0205217
0
0.0304882
0.0671696
0.0810879
0.0926271
0.0891291
0.0864679
0.102769
0.0456784
0.0808615
0.120206
0.0927746
0.0447449
0.129894
0.10554
0.070682
0.0891232
0.11985
0.0912119
0.113257
0.120569
0.127895
0.089552
0.0858267
0.104453
0.0508289
0.0710221
0.0678648
0.147711
0.135893
0.0759906
0.0749734
0.141587
0.131261
0.125826
0.0964748
0.106433
0.116018
0.0926183
0.124998
0.100366
0.0989446
0.101094
0.138178
0.118134
0.144151
0.0980848
0.0841114
0.13213
0.0799637
0.0765718
0.12399
0.0845059
0.0988948
0.0680967
0.0794977
0.103321
0.0707973
0.079864
0.106103
0.0752476
