0.0799291
0.0816926
0.0842122
0.0912705
0.0854865
0.080817
0.0821218
0.0912754
0.0881844
0.0962867
0.0905511
0.101964
0.0912997
0.0982868
0.0978317
0.0958715
0.0971206
0.0957515
0.0941738
0.085651
0.0961803
0.0965264
0.0876677
0.0962062
0.0960376
0.0932164
0.103088
0.103649
0.102888
0.102619
0.104447
0.101177
0.102672
0.101158
0.0999486
0.102137
0.0959927
0.100665
0.0952577
0.0960523
0.0932205
0.0921326
0.0986056
0.0980717
0.104796
0.0993401
0.102885
0.100213
0.10655
0.105829
0.105126
0.108495
0.11094
0.111002
0.111335
0.110923
0.104272
0.0988589
0.099244
0.0937515
0.0953971
0.0816918
0.067765
0.0761151
0.0760154
0.0738261
0.0812526
0.0864229
0.0786688
0.0859424
0.0914065
0.0863927
0.0900138
0.0886486
0.0857336
0.0935135
0.0867253
0.0898119
0.0812026
0.0831478
0.0833971
0.0840513
0.0856331
0.0822579
0.0790848
0.089999
0.093342
0.0892925
0.093123
0.0928751
0.0915749
0.0996907
0.0909596
0.0941691
0.0924027
0.0966353
0.0932927
0.0880028
0.0945508
0.0936982
0.096856
0.0993307
0.0941591
0.103018
0.0920988
0.0982577
0.100481
0.103131
0.100703
0.10064
0.100136
0.0986033
0.0936369
0.0972234
0.0958007
0.0924569
0.0905963
0.0880255
0.0841096
0.0788015
0.0919065
0.0895686
0.0912849
0.0977154
0.0999354
0.098792
0.105569
0.10352
0.100971
0.10448
0.102036
0.105479
0.1022
0.107084
0.108953
0.105706
0.104323
0.0997953
0.0944216
0.0906688
0.0904167
0.0854974
0.0901009
0.0907141
0.0887165
0.0867462
0.0826473
0.0942695
0.0910979
0.0935851
0.10041
0.0994425
0.100674
0.101206
0.100645
0.103259
0.0996805
0.102255
0.102777
0.102998
0.103774
0.100255
0.0955684
0.0939574
0.0971152
0.0886144
0.0824047
0.0918115
0.0856597
0.0855512
0.099067
0.0892284
0.0902596
0.0910306
0.0924863
0.0981816
0.093515
0.0905649
0.0802344
0.086257
0.0748554
0.0780802
0.0900316
0.0878912
0.0761917
0.0838905
0.0818787
0.0933708
0.0851778
0.0854103
0.0902862
0.0944527
0.0907381
0.0937478
0.0900937
0.0931885
0.0906466
0.0889059
0.0879522
0.0784638
0.0837638
0.073006
0.0798632
0.0775459
0.0821574
0.0753957
0.0833381
0.0843698
0.0888466
0.0951868
0.0914401
0.0822257
0.0963721
0.0952262
0.0982931
0.0961833
0.0947629
0.0964036
0.0957755
0.0980471
0.095525
0.092542
0.0899377
0.0877177
0.0911066
0.0820325
0.0706298
0.0684391
0.0762879
0.0784376
0.0833425
0.0730439
0.0797429
0.0771604
0.0861218
0.0938634
0.084088
0.0893542
0.0920247
0.0956375
0.0906972
0.0992715
0.101447
0.0941138
0.0982918
0.0984566
0.0980316
0.0972254
0.100517
0.101162
0.0905402
0.100396
0.0931587
0.0881807
0.0933185
0.0713502
0.069474
0.0744786
0.0716809
0.06434
0.0556067
0.0818091
0.0714468
0.0642007
0.0762663
0.0732603
0.0776461
0.0862393
0.0774118
0.0760375
0.0717023
0.0994364
0.0898962
0.0880986
0.0967609
0.0988567
0.094447
0.103057
0.100417
0.0936426
0.0978458
0.0966749
0.0936425
0.0941515
0.0873396
0.0866418
0.090518
0.0826671
0.0784166
0.0775833
0.0657026
0.0793906
0.0685015
0.0644326
0.077304
0.0735311
0.0673056
0.0788997
0.0701551
0.0829132
0.0785507
0.0834638
0.091185
0.0915041
0.0893752
0.0880548
0.0912528
0.0891652
0.0874453
0.0886684
0.0949324
0.0894609
0.0782763
0.065685
0.0783585
0.0825991
0.0535413
0.0660162
0.0652199
0.0577692
0.0563275
0.076023
0.0588393
0.0502662
0.067921
0.0741456
0.0747386
0.0877383
0.0707086
0.0724202
0.076967
0.06983
0.0877074
0.0872386
0.086433
0.0846313
0.0931974
0.0984883
0.0949922
0.0831119
0.0931631
0.0866831
0.0838306
0.072123
0.0682875
0.0702395
0.0614839
0.0542379
0.0436076
0.0601741
0.0597356
0.0512196
0.0801053
0.0583988
0.074771
0.0603998
0.0779185
0.0600839
0.0603729
0.0728783
0.0730978
0.0604801
0.0693161
0.0786164
0.0686926
0.083969
0.0850864
0.0846619
0.086036
0.0995965
0.0904543
0.0836435
0.0916029
0.0957458
0.0926772
0.0797219
0.0936742
0.0882508
0.0821531
0.0719294
0.0689293
0.0645605
0.06337
0.078151
0.0709407
0.0721926
0.0756225
0.0597882
0.0725853
0.0796701
0.0659413
0.0770625
0.0736754
0.0574526
0.07539
0.0582168
0.07219
0.0746069
0.096287
0.0829987
0.088534
0.0787035
0.075271
0.0865282
0.0954215
0.0872569
0.0831108
0.0902179
0.0845971
0.094443
0.087236
0.0855163
0.0856841
0.0986721
0.0775087
0.0853762
0.0795652
0.0719333
0.0730877
0.0746682
0.0633907
0.0620398
0.0643161
0.0800158
0.0603135
0.0884138
0.083463
0.0690385
0.086478
0.0743765
0.091186
0.0880426
0.0945195
0.0900108
0.0935294
0.0968692
0.0876765
0.0778369
0.0823333
0.091406
0.0919485
0.0783261
0.071984
0.0640449
0.0362544
0.0719794
0.0697877
0.0754504
0.0623094
0.0824416
0.0530269
0.0556834
0.0459717
0.0688902
0.0484104
0.0643671
0.065811
0.0618061
0.074378
0.0545218
0.0799564
0.0738566
0.0755479
0.0728239
0.0833558
0.0769717
0.0745262
0.0680506
0.0869495
0.0726903
0.0816562
0.0849708
0.0859294
0.0707888
0.0834268
0.0871173
0.0904694
0.075862
0.0810601
0.0710281
0.0642913
0.0535181
0.0421062
0.0671982
0.0561831
0.0617061
0.0673067
0.0653488
0.0496111
0.0640306
0.0906512
0.101972
0.139041
0.185562
0.230229
0.238558
0.267801
0.265448
0.222621
0.188507
0.137385
0.091697
0.0828817
0.0785422
0.07663
0.0706474
0.0796008
0.0725148
0.0722744
0.0662718
0.0636067
0.0712699
0.0697891
0.0603862
0.083797
0.0742195
0.0732337
0.0796053
0.0773188
0.0785126
0.0646269
0.0728258
0.0678936
0.0570919
0.0706641
0.0816066
0.0764322
0.0550285
0.0634808
0.0573611
0.0747194
0.0660185
0.0737171
0.0793975
0.077837
0.0742475
0.0801246
0.0711844
0.064388
0.0865117
0.0738787
0.0831881
0.0674474
0.0761249
0.0742832
0.0694427
0.0630204
0.0657511
0.0664552
0.0637446
0.0651168
0.0708215
0.0545516
0.0648643
0.0506845
0.0771443
0.0648227
0.0740892
0.0703663
0.0678266
0.0735833
0.0724192
0.0618083
0.0542515
0.0704816
0.0623444
0.0771049
0.0646978
0.0623789
0.0782334
0.0517485
0.0562062
0.0719743
0.0710315
0.0919311
0.0596181
0.0706613
0.079504
0.064813
0.0659328
0.0828315
0.0687521
0.0746687
0.0692046
0.0643086
0.078868
0.0792351
0.0676091
0.060986
0.09686
0.0439988
0.0677567
0.0472834
0.052016
0.056388
0.0432914
0.0314327
0.0437859
0.0475246
0.0782486
0.0484293
0.0368422
0.0351518
0.0356469
0.0402006
0.0427264
0.068341
0.0686271
0.0470014
0.0612329
0.0732949
0.074205
0.0629706
0.0802779
0.0549183
0.0481522
0.0554419
0.0499369
0.0745819
0.0776129
0.0510257
0.0496193
0.0738607
0.0634835
0.0573662
0.0537177
0.0639809
0.0573753
0.0673125
0.0633466
0.0520191
0.0494042
0.0593465
0.0607741
0.0744961
0.0477375
0.0588198
0.0440699
0.0654929
0.0490769
0.0641391
0.0444328
0.0476565
0.0359552
0.0401808
0.0545509
0.0749731
0.0558007
0.0825236
0.0581943
0.0609954
0.042908
0.0708159
0.0717193
0.0416256
0.0517545
0.0546541
0.079081
0.0529925
0.0244761
0.065827
0.0685094
0.0671668
0.0562158
0.0704274
0.0481013
0.0434716
0.0600855
0.0810565
0.0867329
0.0551119
0.0488827
0.046397
0.059402
0.0338551
0.0687971
0.0747589
0.0614024
0.0756967
0.0441083
0.0845434
0.0729662
0.0714434
0.060364
0.0617067
0.0390944
0.050753
0.0719808
0.0656854
0.0532117
0.0713736
0.0466235
0.0658252
0.0729172
0.0559171
0.0662915
0.0707221
0.0566255
0.0488478
0.0491176
0.0601541
0.062097
0.0527077
0.0501573
0.0334125
0.0570361
0.0535329
0.0449236
0.0467717
0.0637442
0.0441474
0.0448759
0.0329358
0.0392679
0.0577738
0.0491494
0.0496474
0.0302554
0.0284372
0.049495
0.0469774
0.0509875
0.0315559
0.0602282
0.0335595
0.0599874
0.0418478
0.036763
0.0429172
0.0399596
0.042521
0.0361807
0.0585568
0.0505114
0.0601647
0.037569
0.0436208
0.0515149
0.0519563
0.0609981
0.0566911
0.0506556
0.0612461
0.0588597
0.0572642
0.0547499
0.0532789
0.0485846
0.0621056
0.0386453
0.0534339
0.0557296
0.0418529
0.0447431
0.0558792
0.043693
0.0371571
0.0363189
0.0500697
0.0382776
0.0397158
0.0502517
0.0523596
0.0429591
0.0380601
0.050762
0.0405315
0.0356562
0.036249
0.0524682
0.0390819
0.0266713
0.0463693
0.0476435
0.0494
0.0607736
0.0432042
0.0361783
0.0543691
0.0526547
0.0597353
0.0504712
0.0540728
0.0423227
0.0371867
0.0748572
0.0575251
0.0639474
0.061635
0.0596722
0.0544343
0.0551296
0.0604299
0.0423202
0.0379799
0.0495382
0.0512292
0.0329696
0.0456642
0.0588618
0.054168
0.0738291
0.062248
0.0698589
0.0716389
0.056819
0.0436006
0.064028
0.0456943
0.048414
0.0608133
0.0343953
0.0277772
0.0706921
0.0555577
0.0696669
0.038995
0.0646731
0.0642527
0.0641908
0.0443213
0.0409536
0.0509915
0.0423626
0.0437928
0.0411679
0.0663449
0.0495105
0.0605122
0.0657959
0.0488234
0.0274334
0.0465135
0.0596396
0.0407816
0.0349408
0.0673239
0.0495498
0.0705866
0.0456391
0.0635006
0.0550915
0.0630752
0.0373685
0.0382532
0.0542785
0.0615394
0.0368279
0.031818
0.0822512
0.0470222
0.0498376
0.0538915
0.0642125
0.0421
0.045407
0.0450896
0.0458716
0.0486431
0.0492035
0.0522388
0.0471461
0.0511299
0.0526038
0.0459663
0.0517618
0.047259
0.0445155
0.0421192
0.048628
0.046562
0.0512753
0.0439384
0.051287
0.058655
0.0467646
0.0463108
0.0393511
0.0397633
0.038343
0.0434227
0.0431613
0.0471797
0.0448723
0.043597
0.0440926
0.0407623
0.0490627
0.0396712
0.0415066
0.0413852
0.0414057
0.042247
0.0427677
0.0442959
0.0387995
0.046571
0.0483544
0.0426463
0.0391241
0.0415445
0.038558
0.0418878
0.0450095
0.0404944
0.033479
0.0369776
0.0470715
0.0436664
0.0397026
0.0421229
0.047843
0.0431752
0.0352152
0.0411903
0.0399707
0.0381705
0.0450816
0.0369799
0.0354015
0.0385387
0.0433031
0.0416409
0.0448735
0.043833
0.0401592
0.0448862
0.0431759
0.050136
0.0444172
0.0380308
0.0434611
0.0473316
0.0439404
0.0370965
0.0462444
0.0349772
0.0530058
0.0438237
0.0520193
0.0398827
0.0379165
0.0363584
0.038952
0.0428975
0.0408986
0.0480603
0.0381788
0.0373568
0.0443543
0.0465024
0.0366364
0.0462881
0.0372018
0.0468995
0.0418089
0.041372
0.0439891
0.0383298
0.0398328
0.0352757
0.0426627
0.0370657
0.0456328
0.0412506
0.047025
0.0442116
0.0451394
0.0507629
0.0435456
0.0388312
0.0492053
0.0358717
0.042299
0.044135
0.0402686
0.0395013
0.0436447
0.0460673
0.0406395
0.0417037
0.0359728
0.0426197
0.0465761
0.0384198
0.0390197
0.0404565
0.048984
0.0457306
0.0472874
0.0452935
0.0408237
0.043347
0.042766
0.045596
0.038748
0.0438099
0.0491421
0.0450202
0.0428331
0.0405767
0.041492
0.0549952
0.0484404
0.0409791
0.0399524
0.0420824
0.0423457
0.0449325
0.0499333
0.0509429
0.0478258
0.0432916
0.0574078
0.0529252
0.0332763
0.0614051
0.0648628
0.0502733
0.0502754
0.0514115
0.0564876
0.0407837
0.0598971
0.0512621
0.0429836
0.0469572
0.0533516
0.0418079
0.047825
0.02961
0.0353398
0.0469765
0.0470183
0.0335641
0.0426245
0.0424456
0.0547911
0.0484741
0.0514506
0.0501905
0.0435922
0.0427424
0.0692603
0.0383429
0.036152
0.0401131
0.0528409
0.0581749
0.0373765
0.0432132
0.0616614
0.0444922
0.058709
0.0418932
0.0360125
0.0427402
0.0503739
0.0454583
0.0452399
0.0639268
0.0421664
0.0511916
0.045978
0.0475938
0.0474135
0.0332414
0.0290135
0.0473348
0.0551181
0.0488184
0.0502818
0.0506166
0.0397016
0.0441339
0.0545452
0.0271212
0.0466374
0.0360235
0.0531067
0.0454733
0.0419477
0.0471218
0.0429512
0.0497389
0.0476136
0.0314351
0.0412281
0.055106
0.0362251
0.0436683
0.0515387
0.0560888
0.046817
0.0267608
0.0405861
0.0453615
0.0331301
0.0531839
0.0337606
0.0457483
0.047847
0.0435915
0.0394537
0.0412565
0.0465973
0.0445663
0.0367918
0.0406636
0.0571769
0.0387602
0.0351194
0.0357565
0.0454343
0.0471472
0.0417501
0.0492175
0.0421034
0.0577312
0.0335051
0.0386188
0.0544492
0.0406515
0.0458738
0.0407333
0.0551792
0.0377254
0.0538457
0.0571093
0.044687
0.04933
0.0429225
0.0451288
0.0433388
0.0524656
0.0451797
0.0369445
0.0486528
0.0486336
0.0416144
0.0407527
0.0385693
0.0460857
0.0385086
0.0429979
0.0455292
0.0455871
0.0478341
0.0482086
0.0495153
0.0343107
0.0473125
0.0408236
0.0411298
0.0325579
0.0472498
0.0454311
0.0346873
0.050639
0.0294278
0.0424826
0.0380787
0.03844
0.0419975
0.0414394
0.0434166
0.0462958
0.04044
0.0403586
0.0464229
0.0389226
0.0328734
0.043407
0.0400129
0.0446517
0.0392819
0.0423155
0.0477342
0.0360048
0.0452773
0.0477608
0.0555334
0.0485509
0.0456867
0.0516254
0.0588042
0.0526088
0.0540384
0.0449484
0.0519593
0.0462077
0.0460798
0.038984
0.0394961
0.0435028
0.04628
0.0443086
0.0420302
0.0444152
0.0427719
0.047359
0.0443253
0.04245
0.0438166
0.0483173
0.0514066
0.0464153
0.051087
0.0496139
0.044388
0.0521273
0.0548534
0.0635108
0.0764342
0.119686
0.236519
0.336805
0.381911
0.396986
0.381695
0.315187
0.181296
0.0977356
0.0742518
0.0577551
0.0546931
0.0478895
0.0457629
0.0498627
0.0460183
0.0399603
0.0446183
0.0451717
0.044765
0.0438947
0.0452551
0.0475993
0.0430529
0.0361904
0.0437026
0.0429546
0.0487641
0.0426122
0.0440154
0.0506594
0.035776
0.0515045
0.0414997
0.0390711
0.0422079
0.058041
0.0612211
0.048037
0.055753
0.0484373
0.0583283
0.0476169
0.0550676
0.0458705
0.0475268
0.0462074
0.0508866
0.0473226
0.047335
0.0525761
0.0482201
0.0379404
0.0475731
0.0460732
0.0500675
0.0487973
0.0483719
0.0461532
0.0439594
0.039716
0.0395823
0.0410823
0.0419401
0.0519249
0.040437
0.0447352
0.0438511
0.0420146
0.0427336
0.0447807
0.0409055
0.0462573
0.0506027
0.0476944
0.0465456
0.0450515
0.0489315
0.0462367
0.0492793
0.0412336
0.0541733
0.0504843
0.039769
0.0401686
0.0309467
0.0488138
0.0492202
0.0504418
0.0401768
0.0516866
0.0509533
0.0460755
0.0474884
0.0459884
0.0450543
0.0444641
0.042574
0.0381108
0.0534118
0.0367668
0.0453398
0.0416591
0.0398419
0.0495144
0.0421399
0.0375919
0.0409201
0.039907
0.0449108
0.043729
0.0565646
0.0655492
0.0201871
0.0370692
0.0395038
0.0504763
0.0582116
0.0480038
0.0447228
0.0470177
0.0575818
0.0467966
0.0435727
0.0491408
0.0420666
0.0641666
0.0480191
0.0510499
0.0502463
0.0441157
0.0440105
0.0507581
0.0357258
0.0436939
0.0399374
0.05535
0.0435885
0.0448826
0.0516809
0.0454821
0.0572851
0.0551221
0.0511173
0.0332496
0.0164925
0.0497648
0.0413447
0.0350375
0.0601932
0.0361088
0.0251423
0.0733949
0.0341129
0.0428213
0.0517438
0.0633853
0.0420232
0.0718447
0.0557516
0.0623112
0.0446803
0.0386983
0.0244147
0.0237713
0.040622
0.0583255
0.0633761
0.0525584
0.0392463
0.0638976
0.0642428
0.0401131
0.02766
0.060711
0.0659458
0.054116
0.061732
0.0522954
0.0605058
0.0381264
0.0201156
0.0326547
0.0631258
0.0680503
0.0344937
0.0371076
0.054318
0.0691998
0.0352934
0.0502574
0.0345771
0.0399591
0.0735801
0.0348764
0.0601781
0.045351
0.0547776
0.06303
0.0213858
0.0634418
0.0405564
0.0361875
0.0385134
0.0466177
0.0390763
0.0621833
0.0443017
0.0452511
0.0384329
0.0543756
0.0378577
0.0580185
0.051596
0.0517059
0.0299851
0.0412052
0.0658345
0.0383526
0.0458253
0.0559619
0.0559011
0.046552
0.0573578
0.0580981
0.0597947
0.02107
0.0456265
0.0297993
0.0456701
0.0272447
0.0564236
0.0432546
0.0463623
0.0385344
0.0633184
0.0389334
0.0666251
0.0496345
0.0639941
0.0509299
0.0350314
0.0535269
0.0574216
0.0560516
0.0600908
0.0624592
0.0552828
0.0497844
0.0657756
0.0554718
0.0659337
0.0648844
0.066593
0.0737366
0.0714068
0.0731341
0.0625535
0.0745052
0.0736338
0.0830394
0.0667263
0.0650424
0.0609431
0.0350923
0.0402664
0.0600378
0.0346471
0.033663
0.052887
0.0573569
0.0624216
0.0646607
0.0486457
0.0509174
0.0303826
0.036975
0.046465
0.0588974
0.042486
0.0405558
0.0505908
0.0428707
0.0416129
0.0513235
0.047021
0.0344125
0.0378224
0.0433598
0.0438832
0.0386178
0.0392787
0.0283475
0.0444932
0.0353493
0.0403851
0.0311634
0.0351613
0.0465636
0.0508044
0.0357219
0.0395918
0.0392217
0.0534175
0.0376439
0.0450819
0.043112
0.0424298
0.0464262
0.0398092
0.0500439
0.0375449
0.0392398
0.0466808
0.0417607
0.0633725
0.0437296
0.0427448
0.0455014
0.0494822
0.0448597
0.0385873
0.0375748
0.0472066
0.0374247
0.0471902
0.0400879
0.0529465
0.0423008
0.0529128
0.0572418
0.0512883
0.0443941
0.0487688
0.0600994
0.0540458
0.0533611
0.0442225
0.0504324
0.0413396
0.0534529
0.0564972
0.0503651
0.0565413
0.0439263
0.0410092
0.04297
0.0473628
0.0479344
0.0448763
0.0363946
0.0457935
0.0367448
0.0393176
0.0498651
0.0450671
0.0464756
0.0410814
0.0457191
0.0536764
0.0534428
0.0418642
0.0601251
0.0347512
0.0553529
0.0585612
0.0517755
0.0661184
0.0537455
0.0591648
0.0562805
0.0648832
0.0649398
0.0709578
0.0761773
0.0757614
0.0670197
0.0684993
0.06294
0.0555245
0.0558286
0.0507906
0.0491257
0.054148
0.0451707
0.0412612
0.059493
0.0366608
0.0404273
0.0545406
0.0492115
0.0432411
0.0424998
0.0530557
0.0550904
0.0507723
0.0461093
0.0538652
0.0486266
0.0482344
0.0447285
0.0528564
0.0496129
0.0507829
0.0463308
0.053347
0.0468073
0.0533019
0.0589579
0.0584408
0.065711
0.0691307
0.063674
0.0726444
0.0772369
0.0659552
0.0707748
0.0743513
0.0708195
0.0674302
0.064296
0.0559905
0.0468986
0.0575403
0.0462713
0.053328
0.0531029
0.0558646
0.0582768
0.052976
0.0554873
0.0376896
0.0644982
0.0604484
0.0653825
0.0420414
0.045636
0.0576143
0.0574859
0.0527299
0.0410815
0.0494669
0.0528816
0.0510499
0.044352
0.0529216
0.0497524
0.0553288
0.0534352
0.0596514
0.0554607
0.0680398
0.0628052
0.0676394
0.0619257
0.063515
0.0651549
0.0701839
0.0683355
0.0712715
0.0686579
0.0611562
0.0546035
0.0589645
0.0549971
0.0497213
0.045679
0.042858
0.0427248
0.0474319
0.0481154
0.048423
0.0561527
0.0524895
0.0472918
0.0483621
0.0586168
0.0453992
0.0417933
0.0464179
0.0396704
0.0533644
0.0476462
0.0383802
0.0611033
0.0328354
0.0409356
0.0442585
0.0391657
0.0540157
0.0454499
0.0477551
0.0486376
0.0587633
0.0353769
0.0392488
0.046486
0.0489204
0.0453059
0.0479075
0.0478079
0.0432053
0.0366179
0.0478863
0.0461265
0.0420885
0.044215
0.0388953
0.0513375
0.0463613
0.0422038
0.0387804
0.0371994
0.0398602
0.0404918
0.0454568
0.0458985
0.0312635
0.0425351
0.0375503
0.0495397
0.034108
0.0426125
0.0492896
0.0506708
0.0510424
0.0468259
0.058356
0.064479
0.0621532
0.0609916
0.0714467
0.081772
0.0834616
0.0780421
0.0750602
0.0804359
0.0823343
0.069002
0.0762525
0.075053
0.0803297
0.0681876
0.0677168
0.0568772
0.0687059
0.0553557
0.0676818
0.0718091
0.0557989
0.0714707
0.0626629
0.0757565
0.080969
0.0823682
0.0719129
0.0680284
0.0755162
0.0469644
0.0590693
0.0416318
0.0703001
0.0648776
0.0564095
0.054223
0.0693964
0.0506502
0.0650494
0.0566963
0.0498532
0.0728433
0.0806685
0.0647407
0.0954378
0.0822577
0.0730363
0.0893679
0.0794966
0.0805565
0.0857991
0.0879544
0.0882527
0.0803996
0.0718248
0.0773343
0.0584579
0.0602963
0.0753941
0.0675114
0.06061
0.0590623
0.0532052
0.0738745
0.0591679
0.0643481
0.042632
0.0459834
0.0773684
0.0203494
0.0343302
0.0740107
0.0599104
0.0784711
0.0571221
0.0804583
0.084877
0.0691047
0.076196
0.0508098
0.0590261
0.0885095
0.0625898
0.0862887
0.0771797
0.0884744
0.0665607
0.0773572
0.0751022
0.0921708
0.0784458
0.0943657
0.0952756
0.0848429
0.0745667
0.109408
0.0973587
0.0825857
0.0764808
0.0876355
0.0904169
0.0864573
0.0812565
0.0883947
0.0677499
0.0822836
0.0934489
0.0817573
0.0518626
0.0880302
0.057547
0.0601605
0.039944
0.0765676
0.0572058
0.0718408
0.0521979
0.0555076
0.0565937
0.069468
0.0588956
0.0708303
0.0692098
0.0524931
0.0415882
0.0365783
0.0457535
0.059249
0.0375138
0.0924973
0.0629106
0.0911277
0.0282508
0.0944626
0.0757451
0.0886938
0.052447
0.101031
0.0703682
0.0649103
0.0509682
0.0690302
0.0590861
0.0927922
0.0916266
0.0798402
0.111199
0.0870653
0.0887735
0.0931313
0.081601
0.0849311
0.0635104
0.11261
0.0905432
0.0988432
0.084015
0.0856086
0.0602418
0.0897479
0.0813253
0.122816
0.0799367
0.0667351
0.0485695
0.0631377
0.0578343
0.101411
0.065059
0.0691385
0.105571
0.0643891
0.028621
0.0438958
0.0476024
0.0600988
0.0899974
0.0524523
0.0599542
0.0415672
0.0833904
0.0661563
0.0452282
0.103855
0.0669207
0.0751667
0.0704223
0.0796047
0.0431871
0.0617025
0.106261
0.0684264
0.0724691
0.0278255
0.0592865
0.0687914
0.0158835
0.087191
0.0540038
0.093166
0.0385833
0.0834794
0.0290297
0.0463538
0.0655333
0.0243708
0.0484572
0.0812079
0.0753579
0.0441641
0.0378132
0.0794026
0.105568
0.0384894
0.07522
0.114757
0.0594056
0.080577
0.0985915
0.0327596
0.0378314
0.0227261
0.088435
0.0717995
0.0891011
0.0736569
0.0774296
0.0859389
0.0678971
0.0610235
0.0759849
0.0869675
0.0388828
0.0420509
0.0776168
0.0434456
0.0204255
0.0730285
0.0343971
0.012645
0.128559
0.0510893
0.00893905
0.0390248
0.00240518
0.00381967
0.0740805
0.0726628
0.0699733
0.0441818
0.0512661
0.0857989
0.0421111
0.0130708
0.10573
0.0360463
0.0874799
0.0686566
0.0818381
0.0726754
0
0.0520008
0.0329844
0.0456271
0.0787352
0.0785644
0.0744921
0.0809566
0.083176
0.0589077
0.0833726
0.0571998
0.144618
0.0781842
0.0167703
0.0448306
0.103525
0.0947729
0.0783113
0.0926599
0.0864985
0.0905606
0.0957681
0.106862
0.0773619
0.0943322
0.0759107
0.0822392
0.0972854
0.103884
0.0787919
0.0789356
0.062831
0.0591559
0.0608527
0.093669
0.057151
0.0763954
0.092366
0.058436
0.0847639
0.0505434
0.0744031
0.100683
0.0590119
