0.105349
0.11809
0.103626
0.113419
0.111284
0.107336
0.106797
0.11861
0.11629
0.12182
0.118206
0.125379
0.119077
0.127649
0.1272
0.120915
0.123029
0.119147
0.128597
0.113035
0.126151
0.122335
0.116749
0.125997
0.118635
0.122731
0.133939
0.126733
0.129514
0.130966
0.130136
0.131466
0.132458
0.129421
0.131624
0.130847
0.12752
0.1255
0.125081
0.126429
0.123253
0.1169
0.124986
0.122895
0.12544
0.132991
0.132486
0.129503
0.135411
0.131554
0.134733
0.138198
0.140562
0.140388
0.141352
0.139681
0.134244
0.126764
0.126508
0.128483
0.111944
0.10603
0.0941949
0.0942101
0.10582
0.0935768
0.10046
0.107543
0.101948
0.110453
0.114492
0.113018
0.109066
0.112639
0.10818
0.118557
0.108264
0.117326
0.109751
0.112939
0.107662
0.111865
0.113801
0.108805
0.106605
0.112767
0.124936
0.12262
0.119743
0.122165
0.12051
0.125609
0.118681
0.120716
0.119449
0.122222
0.122043
0.116359
0.122571
0.11784
0.121537
0.127813
0.123922
0.126732
0.12084
0.123604
0.120254
0.130852
0.129128
0.129755
0.127475
0.129815
0.124512
0.12756
0.121157
0.121199
0.115043
0.110718
0.11245
0.109085
0.107512
0.121358
0.121017
0.11701
0.122788
0.121025
0.126807
0.129508
0.129526
0.133877
0.127223
0.134138
0.130124
0.135713
0.136978
0.134583
0.133764
0.128108
0.127333
0.115086
0.126028
0.107929
0.11183
0.10775
0.115685
0.110937
0.109748
0.11134
0.116556
0.123751
0.118267
0.131616
0.126558
0.131469
0.129442
0.132312
0.129338
0.129133
0.132012
0.131257
0.131152
0.128938
0.127888
0.125974
0.12499
0.118657
0.122281
0.111231
0.112703
0.115856
0.121378
0.120567
0.116392
0.113904
0.120717
0.123182
0.119072
0.111371
0.109321
0.111811
0.102961
0.110724
0.110044
0.106096
0.103581
0.111644
0.104623
0.113543
0.116622
0.113671
0.119856
0.119981
0.1185
0.118691
0.116623
0.1189
0.1209
0.108311
0.111175
0.105724
0.0987189
0.0959568
0.10175
0.102758
0.0911792
0.0962751
0.100377
0.104979
0.109074
0.116642
0.112402
0.114279
0.115109
0.121191
0.125919
0.125042
0.119576
0.124553
0.122298
0.122367
0.124844
0.114808
0.115808
0.112859
0.105484
0.0990204
0.101966
0.0969613
0.0973839
0.103914
0.0955222
0.0992445
0.112036
0.108608
0.117026
0.110917
0.110455
0.115341
0.117904
0.118306
0.119557
0.122325
0.12942
0.124304
0.127816
0.123787
0.129383
0.126851
0.13074
0.124507
0.117737
0.125602
0.122465
0.120351
0.117712
0.0937761
0.0970629
0.101642
0.0914871
0.0991056
0.0917016
0.0968988
0.0878861
0.0851051
0.111944
0.0973096
0.111202
0.108037
0.107374
0.106913
0.103063
0.119942
0.124469
0.117229
0.125869
0.122634
0.125127
0.134546
0.124968
0.121189
0.128746
0.124933
0.117598
0.11854
0.105554
0.11251
0.121104
0.112732
0.100474
0.101315
0.0808582
0.0854714
0.0998245
0.0930203
0.106629
0.0849324
0.0858452
0.0988407
0.0942316
0.104503
0.108356
0.101698
0.114887
0.11252
0.116305
0.112762
0.10443
0.118388
0.116151
0.115944
0.122012
0.112846
0.0999514
0.0980804
0.09594
0.0920717
0.0857104
0.0790306
0.0894348
0.0848157
0.0943102
0.0828434
0.0736766
0.0804646
0.0901452
0.0877806
0.0805028
0.0888739
0.0890929
0.0936416
0.101886
0.102973
0.108697
0.105635
0.111452
0.112011
0.120743
0.114551
0.120978
0.117702
0.120482
0.108588
0.107676
0.101166
0.0967715
0.0908976
0.0954258
0.0841926
0.0775091
0.0810102
0.0916885
0.0697792
0.0873708
0.0846914
0.0884896
0.0881386
0.0922413
0.0800391
0.0844704
0.0841502
0.0920569
0.0890994
0.0923225
0.102262
0.105501
0.102638
0.105163
0.10988
0.118123
0.117624
0.117865
0.116895
0.114747
0.119643
0.116237
0.108207
0.113216
0.1125
0.102759
0.0981036
0.0954214
0.0875615
0.0900354
0.0829881
0.0953223
0.0924784
0.0972673
0.0924945
0.0952616
0.0941109
0.0907271
0.0895173
0.103008
0.0962671
0.106794
0.078293
0.0971743
0.10697
0.106966
0.104128
0.110819
0.106057
0.108684
0.115074
0.113419
0.111326
0.108292
0.113281
0.116937
0.118975
0.116951
0.103438
0.110655
0.107887
0.108508
0.106194
0.115137
0.0896042
0.0981013
0.0861498
0.0916249
0.0926917
0.0853098
0.10404
0.0817618
0.106499
0.106537
0.0956504
0.105369
0.104439
0.110827
0.115847
0.109167
0.123754
0.117583
0.123809
0.109592
0.108744
0.105122
0.110615
0.115979
0.105809
0.0976433
0.0809565
0.0666063
0.0921663
0.0848049
0.0837918
0.056588
0.0928285
0.0804088
0.0706247
0.0748226
0.0794055
0.0816954
0.074349
0.0939965
0.08226
0.100123
0.0669507
0.100946
0.0894138
0.0912873
0.0962832
0.0969101
0.0929167
0.088356
0.0919897
0.10061
0.0893581
0.105676
0.107377
0.111517
0.101378
0.107577
0.113858
0.104404
0.104115
0.108133
0.0988779
0.0880145
0.0786549
0.0854121
0.0919559
0.0823848
0.0845128
0.0895486
0.0848612
0.0724794
0.0935227
0.117309
0.125905
0.157804
0.21655
0.266359
0.289939
0.312503
0.311204
0.258203
0.226208
0.169027
0.119916
0.0923617
0.0932133
0.0929017
0.102834
0.112216
0.09969
0.0767545
0.0891517
0.0905809
0.0960243
0.0946343
0.0949771
0.0975426
0.0998333
0.0901884
0.102332
0.10432
0.101875
0.0882864
0.101557
0.102414
0.0764927
0.077711
0.10017
0.0797324
0.0838006
0.0866096
0.098102
0.0805117
0.0802969
0.110771
0.0969621
0.0916202
0.0852496
0.0870968
0.094279
0.0907507
0.0974631
0.102719
0.11062
0.0984362
0.0913613
0.100284
0.0964034
0.0798056
0.0743159
0.0824903
0.0866577
0.0911015
0.0756167
0.0762264
0.0873875
0.0737582
0.10602
0.0845344
0.0917484
0.0835834
0.0783297
0.0859212
0.076609
0.0887147
0.0801573
0.0819753
0.0831573
0.100213
0.0831484
0.0841037
0.0964511
0.0745908
0.080061
0.0819937
0.0858026
0.110356
0.0985236
0.0853848
0.096881
0.0884947
0.0877402
0.104903
0.0892032
0.0867697
0.102766
0.103954
0.0955502
0.0906311
0.100997
0.0793687
0.09502
0.0543826
0.0674092
0.058762
0.0844568
0.0809794
0.0545992
0.0597101
0.0689078
0.0549535
0.0764839
0.0952524
0.0636904
0.0628957
0.0807668
0.0789584
0.0710233
0.0908381
0.0774484
0.0616816
0.0737306
0.0855709
0.0684318
0.0809715
0.0918954
0.0726722
0.0749909
0.0802916
0.0807854
0.0872466
0.0948688
0.0816636
0.0679637
0.0933538
0.0711085
0.0735481
0.0912307
0.0793224
0.0785273
0.0867147
0.0846103
0.0836639
0.0753669
0.0664166
0.0721008
0.0873181
0.0553265
0.0778794
0.0673367
0.0782008
0.0708864
0.0763157
0.0934322
0.0741033
0.0887388
0.0628604
0.104107
0.0809349
0.0899375
0.0973506
0.0749057
0.0886291
0.0645084
0.102147
0.0775365
0.0824373
0.0877349
0.0824523
0.0818872
0.08371
0.0604171
0.0817544
0.0754344
0.0937421
0.0910562
0.0861722
0.0746337
0.0482324
0.077033
0.088303
0.107136
0.0741705
0.0818501
0.0691124
0.0739055
0.0678361
0.076396
0.0960263
0.0850345
0.0667464
0.0598507
0.0985095
0.0845147
0.0933998
0.0960458
0.097938
0.080814
0.093014
0.0844271
0.0754332
0.0425659
0.084964
0.064973
0.0862048
0.110087
0.0855552
0.0914339
0.075217
0.0803507
0.0749845
0.0898367
0.0733226
0.089926
0.07176
0.0703915
0.0575055
0.0672965
0.0680967
0.0698338
0.0617027
0.0794712
0.0652708
0.0758803
0.0677506
0.0646787
0.0729626
0.0650204
0.0602541
0.0501874
0.0500136
0.07284
0.0661839
0.0670872
0.0600743
0.0858737
0.0467221
0.0660651
0.0486923
0.0538447
0.0632727
0.0579888
0.0657695
0.0652334
0.0717284
0.082661
0.0776466
0.0688955
0.0711033
0.0602994
0.0644434
0.0797788
0.0685126
0.0751681
0.0819265
0.0758397
0.082858
0.0788593
0.0789277
0.0802103
0.0789278
0.0707221
0.062467
0.0665633
0.05831
0.0601654
0.0784783
0.0578417
0.060154
0.052478
0.0739871
0.0550679
0.0504508
0.0602596
0.0763162
0.0623249
0.0417816
0.069762
0.0640146
0.072101
0.0539867
0.0754718
0.064749
0.0579608
0.067717
0.0605911
0.0688357
0.0791333
0.0601851
0.0599346
0.0775722
0.0692096
0.0762871
0.0768337
0.0613196
0.0736533
0.0622379
0.0836436
0.0673267
0.051937
0.0582941
0.078889
0.0768129
0.0707402
0.0633354
0.0703281
0.0546789
0.0553285
0.0745486
0.0596391
0.0613673
0.090949
0.0581231
0.0769774
0.0826284
0.0646033
0.0774845
0.0721067
0.0708714
0.0791803
0.074929
0.0692685
0.0647261
0.0676176
0.047221
0.0955299
0.0746676
0.0642014
0.0605739
0.0768963
0.0849329
0.0686496
0.0386287
0.0689069
0.0692426
0.0735511
0.089763
0.0652045
0.0680417
0.0885448
0.0828023
0.0845458
0.0793125
0.0628359
0.0700786
0.0722996
0.0762089
0.0608498
0.0546726
0.0977322
0.0708964
0.0816587
0.0380944
0.0490999
0.0667646
0.0756818
0.0787402
0.0767043
0.0678236
0.047478
0.0532743
0.0791651
0.0627298
0.0603359
0.0788719
0.0608506
0.0611405
0.0708183
0.0752106
0.074851
0.0626105
0.0747532
0.0659941
0.0684113
0.0757409
0.0689392
0.0721986
0.0717961
0.0651944
0.0663395
0.072188
0.0706962
0.0719404
0.0672145
0.069345
0.0807302
0.0704186
0.0675059
0.0611497
0.0660311
0.0655416
0.0638166
0.0591237
0.0607763
0.0632651
0.0629951
0.0590406
0.0687712
0.0782762
0.0656778
0.0636179
0.0634744
0.0618227
0.0643949
0.0630935
0.0614046
0.0590964
0.0558934
0.062658
0.0660358
0.0625976
0.0533248
0.0599294
0.063749
0.0619589
0.0659214
0.0641325
0.0612418
0.0658321
0.0640433
0.0624466
0.0642408
0.0659759
0.0673275
0.0616489
0.0587863
0.0576407
0.065737
0.0582369
0.0719211
0.0537355
0.0582031
0.0657935
0.0642564
0.061552
0.0619989
0.06649
0.06749
0.0680466
0.0657297
0.0710512
0.0683931
0.0671218
0.0606192
0.0641551
0.0576965
0.062981
0.0670433
0.0602924
0.0703879
0.0686052
0.0712062
0.0551791
0.0588767
0.0540564
0.0630211
0.0649613
0.0612879
0.0638111
0.0613906
0.0570815
0.0637143
0.0631554
0.0606462
0.0649802
0.0601487
0.0596112
0.0606305
0.0673369
0.0583867
0.0636339
0.0592896
0.0615999
0.0686167
0.0500973
0.0595182
0.0651217
0.0699036
0.0674431
0.0653911
0.0696145
0.0663731
0.0687292
0.0681579
0.0584747
0.0581057
0.0604525
0.060267
0.0620516
0.060606
0.0638975
0.0628793
0.0642423
0.0618584
0.0673772
0.0645349
0.055859
0.0650262
0.0578637
0.0737782
0.0578274
0.0659011
0.0634368
0.0575556
0.0657533
0.0592117
0.0671935
0.0579155
0.0584844
0.0679858
0.0730834
0.0682151
0.0757354
0.0682876
0.0659447
0.0649881
0.0638344
0.0613739
0.058032
0.0625629
0.0649093
0.0584078
0.0781194
0.0699604
0.0753595
0.0836783
0.075314
0.0618831
0.0722504
0.0720598
0.0769351
0.062087
0.0781702
0.0645877
0.0616225
0.0758201
0.0709008
0.0669341
0.0624908
0.0661127
0.0577076
0.0626219
0.0613897
0.0651179
0.0683095
0.0485649
0.050533
0.0516501
0.0609063
0.063232
0.0632429
0.0633688
0.0744933
0.0716429
0.0596687
0.0734656
0.0586171
0.0679473
0.0668628
0.0730796
0.0700018
0.0526897
0.0611554
0.086095
0.0590224
0.0742901
0.061245
0.066974
0.0644648
0.0577132
0.0749492
0.0671075
0.0807968
0.0504338
0.0644291
0.0695039
0.0606592
0.0720816
0.0623828
0.0538655
0.0600314
0.0639771
0.0717138
0.0661465
0.0600226
0.0562073
0.061155
0.0646571
0.0582272
0.0619621
0.0594108
0.0678218
0.064365
0.0644023
0.064365
0.066319
0.066553
0.0607731
0.056185
0.0524347
0.0634913
0.0606122
0.0597904
0.0649427
0.0611855
0.05114
0.0466384
0.0711173
0.0662375
0.0486763
0.0712133
0.0540505
0.0648912
0.0653522
0.0699379
0.0579325
0.0754659
0.0680379
0.0639748
0.0603192
0.0539535
0.0673664
0.064607
0.0553189
0.0636152
0.0710825
0.0601822
0.0621284
0.0622349
0.0623422
0.0751566
0.047022
0.0501527
0.065413
0.0590966
0.0589598
0.0651351
0.072752
0.0577502
0.0642188
0.0649059
0.0608998
0.0662455
0.0615167
0.0717397
0.0550171
0.0713122
0.0602017
0.0582844
0.0671211
0.0677989
0.0613857
0.0593538
0.0659278
0.0576487
0.0616826
0.0635655
0.0695697
0.0662806
0.0570017
0.0706952
0.0678074
0.0611268
0.0638037
0.0686058
0.0681818
0.0528216
0.0684061
0.0619055
0.0626899
0.0669503
0.0586009
0.0650999
0.066102
0.0671151
0.0614547
0.0585249
0.0645307
0.0643424
0.0622101
0.0624455
0.0641575
0.0585946
0.0611868
0.056519
0.0623373
0.0584911
0.0565793
0.0650026
0.069177
0.056504
0.0661231
0.0604434
0.0711579
0.0732541
0.075729
0.0698934
0.0712746
0.0678142
0.0589004
0.0667318
0.0687976
0.0718598
0.0693051
0.0633203
0.060652
0.0657614
0.0663623
0.0704497
0.0670288
0.0710789
0.0638143
0.0626443
0.0651773
0.0647486
0.0696701
0.0695808
0.0721423
0.0639811
0.0674702
0.079517
0.0747372
0.0737342
0.0837728
0.0859823
0.0950812
0.152413
0.287972
0.401205
0.45078
0.472136
0.445569
0.368333
0.222094
0.123035
0.0919912
0.0808387
0.0805938
0.0697141
0.0649907
0.0703479
0.0674295
0.062745
0.064146
0.0655419
0.0655113
0.0666318
0.061683
0.0642692
0.0605451
0.0640717
0.0682301
0.0640885
0.064045
0.0638811
0.0648151
0.0650767
0.0642431
0.0702641
0.0618043
0.0606821
0.0663138
0.0674792
0.079089
0.0685589
0.0771666
0.0666697
0.0701713
0.0701992
0.0702877
0.0669523
0.0676713
0.0723482
0.066765
0.0736707
0.0681221
0.0681118
0.0732288
0.071085
0.0700279
0.064242
0.073145
0.0683567
0.0686403
0.0669998
0.0715495
0.0677873
0.0653849
0.0680095
0.068651
0.0661059
0.0709207
0.0692339
0.0699237
0.0651394
0.0603807
0.0629604
0.059717
0.0615776
0.0704757
0.0675577
0.0722104
0.0602927
0.0677
0.0588165
0.0634005
0.0694165
0.0739757
0.065985
0.0621033
0.0621905
0.0561495
0.0697916
0.0665283
0.0617288
0.0653406
0.079627
0.0666914
0.0633528
0.0624139
0.0631877
0.0590158
0.0721109
0.0603892
0.0594218
0.0715608
0.0686561
0.0686099
0.0597773
0.066498
0.0775369
0.0549771
0.0545771
0.0621195
0.0680489
0.0633314
0.0542857
0.070034
0.0576499
0.0465271
0.0607745
0.0550955
0.0784892
0.06804
0.0529602
0.0635039
0.0628077
0.0825718
0.0579456
0.0634566
0.0621648
0.0631745
0.0619822
0.0745026
0.0627582
0.0619694
0.0707928
0.0760305
0.0692126
0.0567842
0.0660537
0.0538679
0.067623
0.0617845
0.066619
0.062221
0.0659138
0.0624394
0.0468858
0.0450046
0.0721775
0.0421111
0.0524384
0.060674
0.0645014
0.0769843
0.067396
0.0435244
0.0548895
0.0322772
0.0772717
0.0615437
0.0828074
0.0838755
0.078253
0.0523253
0.0867777
0.0679225
0.0778928
0.065179
0.063484
0.0380124
0.0811557
0.0707568
0.0783355
0.0588216
0.0855414
0.0735833
0.0554507
0.0585837
0.0702299
0.0648703
0.0754079
0.0651824
0.0706134
0.067928
0.0593133
0.0408836
0.0764363
0.0723012
0.0775765
0.0425854
0.0570512
0.0634486
0.0779997
0.0313152
0.0625708
0.0621152
0.0659678
0.0668249
0.0550391
0.0762787
0.0656365
0.0621701
0.0565118
0.0290331
0.0728048
0.0663828
0.0692829
0.0649143
0.055542
0.0535266
0.0545824
0.081043
0.0651579
0.0564897
0.0557062
0.0554024
0.0709561
0.0685192
0.0672317
0.0549993
0.0592003
0.0859579
0.0498942
0.0365574
0.0677855
0.0871311
0.0463889
0.0802572
0.0771694
0.0805769
0.0377886
0.0678094
0.0505221
0.0736917
0.0779621
0.0740756
0.0677079
0.0581662
0.0794635
0.0779958
0.0543985
0.075547
0.0747722
0.0759698
0.0595169
0.0655042
0.0790776
0.0776144
0.0718634
0.0840986
0.0788295
0.0782909
0.057118
0.0854199
0.0769204
0.078736
0.0746616
0.0765591
0.0740363
0.087061
0.0930734
0.0898078
0.100641
0.0940189
0.107221
0.0941119
0.0872752
0.0798985
0.0624905
0.0641894
0.067234
0.0512234
0.0563978
0.0721531
0.081706
0.0855123
0.0772405
0.0747548
0.0728005
0.0481072
0.0613258
0.0633463
0.0655822
0.0478626
0.0503043
0.0646362
0.0695691
0.0655421
0.0761617
0.0685245
0.0500162
0.0651937
0.0605568
0.0601005
0.0659692
0.0593764
0.0598286
0.0641724
0.054454
0.0660936
0.0580806
0.0474068
0.0684394
0.0670027
0.0518859
0.0625496
0.0709458
0.0782281
0.0579514
0.0686137
0.0647996
0.0603474
0.0621358
0.06006
0.0704036
0.0642842
0.061385
0.0714759
0.0596248
0.0820645
0.063584
0.0490329
0.072451
0.0672104
0.0705414
0.0559982
0.0585952
0.0734174
0.067996
0.0571163
0.0562813
0.0619677
0.0520418
0.069379
0.0693953
0.0734795
0.0616045
0.0729419
0.0648927
0.0635803
0.0643846
0.0569831
0.0702349
0.0702136
0.0747023
0.0747467
0.0712058
0.0814358
0.0705619
0.0629314
0.0614819
0.069047
0.0686209
0.0692447
0.0583887
0.0721702
0.0613194
0.0655398
0.0673363
0.074921
0.0634499
0.0688815
0.0716134
0.0747389
0.0767324
0.0710581
0.074043
0.0574262
0.0748045
0.0727241
0.080488
0.0808572
0.0738431
0.0822439
0.0749966
0.0839015
0.0749799
0.0999638
0.0968936
0.0896175
0.0848481
0.0894878
0.0886623
0.083698
0.0777611
0.0717148
0.0663636
0.0623232
0.0685455
0.062543
0.0650989
0.0673776
0.063507
0.0681498
0.0688472
0.0750761
0.064796
0.0701963
0.0723627
0.0698062
0.0731934
0.0699198
0.0727568
0.0708774
0.0620886
0.0740375
0.0669213
0.0745045
0.0711137
0.0742025
0.0700758
0.0815007
0.0845664
0.0773608
0.0913843
0.0913872
0.0832038
0.0923547
0.0962819
0.0986486
0.0959324
0.0962455
0.100501
0.090899
0.0891943
0.0824929
0.069347
0.0674084
0.0726026
0.0829848
0.0776921
0.084336
0.06999
0.0793659
0.0753092
0.0881118
0.0773536
0.0832853
0.081022
0.0706779
0.0692835
0.0783434
0.0801707
0.0803923
0.0639694
0.0713775
0.0706256
0.0709846
0.0725684
0.0705283
0.0758835
0.0746971
0.0785878
0.0838338
0.0795455
0.084622
0.081493
0.0901958
0.0866689
0.0914898
0.0917706
0.0962841
0.0959857
0.0990479
0.08755
0.0853836
0.0775698
0.0738709
0.075932
0.0689149
0.0668327
0.0603933
0.0691661
0.0709942
0.0547406
0.0714576
0.0776224
0.0741373
0.0670879
0.0746137
0.0861699
0.0746834
0.0639309
0.0621857
0.0695506
0.0727657
0.0652914
0.056236
0.0758358
0.0610987
0.0699185
0.0678217
0.0704427
0.0675536
0.0654886
0.0611683
0.0610283
0.0647923
0.0635585
0.0672718
0.0621785
0.0704658
0.0647717
0.0645674
0.0658674
0.0638089
0.0606372
0.0676626
0.0611174
0.0616795
0.0645826
0.058344
0.0732125
0.0652533
0.0621221
0.0623195
0.062455
0.0581566
0.0606922
0.0708308
0.0591681
0.0549775
0.0523076
0.056394
0.0745926
0.0594053
0.0705041
0.0680133
0.0616277
0.0689546
0.0695721
0.0856684
0.0910398
0.0863547
0.0847729
0.0933294
0.0975936
0.107675
0.103265
0.103782
0.0999637
0.105805
0.0977095
0.0960975
0.106659
0.0984757
0.0958815
0.0936926
0.0727952
0.0760097
0.0753012
0.0834581
0.0906662
0.0668054
0.0939585
0.085845
0.085862
0.090171
0.0870237
0.0995988
0.0747872
0.0867667
0.104852
0.0851016
0.0727338
0.0788741
0.0857217
0.0929108
0.0791205
0.0779358
0.0701645
0.0832991
0.0767703
0.0726098
0.0893239
0.103447
0.0966844
0.107486
0.104111
0.103066
0.109867
0.107794
0.10962
0.102284
0.11412
0.0942796
0.102181
0.0812124
0.0887012
0.085771
0.0664591
0.0817561
0.0792572
0.07449
0.0704437
0.0616152
0.0862158
0.0763441
0.0932078
0.0686115
0.0737388
0.0782043
0.0706412
0.0605576
0.086132
0.0655276
0.085734
0.0864163
0.0584619
0.0936823
0.103596
0.115145
0.0936297
0.0772945
0.121229
0.0785802
0.0970718
0.07694
0.115684
0.0706477
0.0974878
0.0875417
0.124402
0.111887
0.119256
0.115602
0.112269
0.105167
0.120835
0.104516
0.1137
0.123547
0.115141
0.100215
0.104073
0.109634
0.117358
0.0979598
0.0932303
0.109994
0.100493
0.0993063
0.0837954
0.0775706
0.0886729
0.0732304
0.0917238
0.0659004
0.0778796
0.0653249
0.0607138
0.0616744
0.0517046
0.0801624
0.0609144
0.0675607
0.0685335
0.0664242
0.0558475
0.0846656
0.079099
0.0372458
0.100932
0.0635331
0.0749478
0.0719824
0.113159
0.0873259
0.102502
0.0791185
0.109272
0.0715839
0.0822453
0.120188
0.104673
0.0964956
0.0976831
0.0845957
0.114967
0.116494
0.0912413
0.116921
0.113529
0.102294
0.0970285
0.095066
0.12265
0.122822
0.126487
0.117808
0.106148
0.103775
0.113521
0.0897928
0.146382
0.089075
0.0734803
0.0742983
0.0956965
0.0620805
0.0969069
0.0649068
0.0585786
0.108932
0.0987489
0.0484919
0.0742661
0.0496458
0.0513929
0.0686468
0.0881651
0.0658307
0.0639619
0.0774796
0.0766239
0.0624546
0.130456
0.103423
0.068013
0.109001
0.0881375
0.0837179
0.0817787
0.123486
0.0924339
0.0917591
0.0499158
0.092896
0.0646545
0.0811342
0.100066
0.0784055
0.096209
0.0587767
0.0780637
0.0282424
0.0909447
0.101805
0.033242
0.0669145
0.11214
0.0485979
0.097456
0.0797029
0.054511
0.115839
0.0628002
0.0611512
0.1014
0.0634385
0.104199
0.125459
0.0813665
0.0904946
0.0742064
0.0695371
0.0907365
0.0978151
0.0740817
0.100334
0.115045
0.100985
0.0779811
0.103656
0.0930339
0.0841976
0.0635159
0.0914429
0.0896632
0.0455349
0.0620848
0.0363775
0.0349929
0.101295
0.0725627
0
0.0647437
0.0349645
0.0175788
0.0370335
0.0641675
0.092093
0.0237459
0.0714547
0.0700029
0.02713
0.040144
0.0827005
0.0414341
0.0906222
0.0544347
0.067119
0.0288768
0.0449851
0.0663852
0.0582663
0.087761
0.123353
0.0777877
0.0858869
0.0389453
0.114255
0.0619928
0.0731603
0.072525
0.0961555
0.0732627
0.0791298
0.0770814
0.119299
0.0923666
0.0848606
0.0994704
0.0923715
0.0990997
0.110227
0.121643
0.123797
0.0758934
0.079195
0.106217
0.119281
0.10545
0.108353
0.0895076
0.0862613
0.0610099
0.0516317
0.10461
0.0826207
0.07166
0.0907196
0.0581428
0.105318
0.0609366
0.087609
0.107848
0.0882959
