0.100512
0.106054
0.105277
0.104724
0.0970885
0.0990002
0.0935015
0.103111
0.103359
0.115098
0.106561
0.116501
0.108769
0.116028
0.11875
0.115719
0.121785
0.118381
0.121184
0.109537
0.115118
0.114934
0.10622
0.115854
0.116145
0.110319
0.120103
0.121942
0.124877
0.120436
0.123857
0.127017
0.126415
0.124874
0.128707
0.128391
0.123403
0.127305
0.124828
0.119464
0.117413
0.112001
0.119005
0.110761
0.117879
0.120792
0.124285
0.120933
0.12631
0.125046
0.130109
0.133944
0.140588
0.14186
0.142479
0.141513
0.133079
0.128137
0.131175
0.124449
0.111545
0.0980573
0.0849156
0.0838164
0.0905497
0.0776745
0.0813573
0.0885128
0.0850195
0.0874035
0.0983436
0.0993548
0.102911
0.100722
0.0998967
0.108757
0.101325
0.103827
0.103387
0.100993
0.0971849
0.0911076
0.0989253
0.0911721
0.0917716
0.0967903
0.103773
0.112025
0.108651
0.108244
0.1099
0.11519
0.106236
0.113868
0.104769
0.112416
0.110429
0.10717
0.107635
0.108879
0.110648
0.115056
0.114459
0.115265
0.114605
0.115937
0.115242
0.121999
0.118129
0.1215
0.123114
0.124099
0.122544
0.123515
0.11859
0.115889
0.108786
0.104428
0.10352
0.0964843
0.0989097
0.102217
0.106098
0.10526
0.113705
0.114927
0.112842
0.118503
0.118514
0.125716
0.123893
0.124864
0.128153
0.134891
0.13737
0.133247
0.13238
0.127799
0.124946
0.116441
0.115414
0.0998332
0.0968423
0.0935618
0.0949441
0.095178
0.0956034
0.101523
0.0997701
0.111456
0.109915
0.112045
0.120474
0.120705
0.122574
0.122084
0.122309
0.121203
0.128882
0.127125
0.129566
0.124695
0.125675
0.119616
0.119147
0.113353
0.104954
0.104756
0.103758
0.102699
0.107913
0.108435
0.105877
0.109671
0.105712
0.120419
0.108576
0.108907
0.103071
0.102418
0.0955817
0.0902036
0.0843677
0.0855633
0.0875478
0.0956961
0.0876285
0.101029
0.103212
0.100984
0.103358
0.111005
0.107938
0.112111
0.112812
0.113947
0.111068
0.107132
0.104814
0.0897306
0.0806841
0.0784641
0.0822162
0.079632
0.080007
0.0907182
0.0912765
0.0825264
0.0974823
0.0885851
0.105528
0.102124
0.104324
0.110828
0.112185
0.118435
0.110613
0.116269
0.115959
0.116676
0.117432
0.114999
0.114553
0.106045
0.092131
0.0912145
0.0758386
0.0699812
0.0757741
0.0791323
0.0742053
0.081785
0.0936016
0.0880724
0.100967
0.098043
0.102179
0.103403
0.0988412
0.107669
0.105641
0.106759
0.113538
0.112771
0.116303
0.114414
0.120481
0.122577
0.118349
0.124223
0.112012
0.11786
0.113485
0.104394
0.106834
0.0945764
0.0813903
0.0733841
0.0792387
0.0749679
0.0672745
0.0857765
0.0781249
0.0686112
0.0791435
0.0799329
0.0878964
0.0858036
0.0947827
0.0790381
0.0928334
0.10982
0.103994
0.108271
0.120555
0.119194
0.114268
0.127324
0.122804
0.119604
0.124568
0.117285
0.116195
0.116506
0.105346
0.106312
0.108449
0.101877
0.0892035
0.0851469
0.0652691
0.081468
0.0780472
0.0714336
0.0695406
0.0718529
0.0740305
0.0816625
0.0686695
0.0942918
0.0936752
0.0888489
0.0971203
0.102816
0.0953185
0.0985964
0.0989558
0.109774
0.104444
0.0965335
0.106784
0.0984559
0.0873806
0.0825845
0.0831811
0.0807395
0.0625439
0.0685438
0.0721598
0.0601854
0.0646091
0.0629179
0.055714
0.0584592
0.0798641
0.0759857
0.0761688
0.079452
0.0764854
0.0781305
0.0903981
0.0883394
0.0974899
0.0985524
0.105292
0.096558
0.107686
0.11188
0.105553
0.10624
0.111524
0.103503
0.0972025
0.087892
0.0692526
0.0696892
0.0671282
0.0569648
0.0470521
0.0475875
0.0558291
0.0575149
0.0552874
0.0659621
0.0658332
0.0573166
0.0591934
0.0626264
0.0586422
0.0597432
0.0735193
0.0677845
0.0845596
0.0798038
0.0753462
0.0825096
0.0869505
0.0882415
0.101769
0.106274
0.101232
0.105795
0.10016
0.102571
0.109153
0.0978388
0.105433
0.100289
0.0938935
0.0801567
0.0693666
0.0646526
0.0601408
0.0656601
0.0765442
0.0707714
0.0712186
0.0776843
0.0729065
0.0761445
0.0580857
0.0605055
0.0721864
0.0818327
0.0858401
0.0674809
0.0827851
0.0883059
0.0898453
0.0813965
0.0910972
0.0972287
0.0983769
0.103342
0.102449
0.101005
0.101885
0.100775
0.101811
0.112627
0.0993966
0.101812
0.092823
0.103552
0.08979
0.0983152
0.0952859
0.0779316
0.0787805
0.0680353
0.0811822
0.0822494
0.067523
0.0801721
0.0674276
0.0937331
0.0838308
0.0783978
0.0872348
0.0922051
0.0988824
0.091323
0.102369
0.106199
0.0981093
0.107502
0.0997053
0.0963902
0.098627
0.100624
0.099211
0.0813719
0.0743164
0.0638818
0.058984
0.0881846
0.0573967
0.0647317
0.0438398
0.0756338
0.0538979
0.0512286
0.0518283
0.0567377
0.0545532
0.0485431
0.0859502
0.0563911
0.0619619
0.0602807
0.0633363
0.0807179
0.0803743
0.0819052
0.07691
0.0832857
0.069464
0.0863179
0.0909897
0.0621811
0.0916989
0.0908669
0.104772
0.0944557
0.0913891
0.104855
0.0973794
0.092311
0.0928701
0.0913118
0.0809752
0.0565601
0.0601763
0.0558149
0.0502872
0.0634165
0.0726892
0.0749062
0.0663251
0.0731812
0.102057
0.153929
0.189059
0.240874
0.334387
0.383181
0.404393
0.408636
0.344447
0.290033
0.192668
0.120638
0.0862439
0.0945423
0.0799773
0.0694047
0.0809295
0.0681688
0.0578915
0.0654761
0.0744745
0.079681
0.0794917
0.0677083
0.0902753
0.0770427
0.0737237
0.0826305
0.0785491
0.0807645
0.0735093
0.0855004
0.0745473
0.0650105
0.0718994
0.0589502
0.06497
0.0536033
0.0605538
0.0680165
0.0602074
0.0688412
0.0918149
0.0962891
0.0698592
0.0655553
0.0897191
0.0918386
0.0790994
0.0856527
0.0927957
0.0959229
0.0860687
0.0875296
0.0836358
0.0920262
0.0663003
0.0593235
0.0691976
0.0613772
0.0754909
0.0485465
0.0578303
0.0639951
0.0404309
0.0721288
0.0675527
0.0664306
0.073798
0.0607558
0.0595266
0.0587641
0.066794
0.0709032
0.0607658
0.0692098
0.064992
0.0612005
0.0663856
0.07186
0.0680553
0.065562
0.0690095
0.0725756
0.0854998
0.0763861
0.0738131
0.0832169
0.0773145
0.073197
0.0935271
0.0889696
0.0695824
0.0780028
0.0837367
0.0737577
0.075004
0.0637348
0.0497343
0.0977916
0.0497713
0.0533308
0.0520432
0.0525844
0.0595288
0.0450484
0.0363949
0.0480688
0.0444704
0.0514911
0.0657337
0.0337122
0.0380513
0.0429277
0.0484425
0.0500721
0.0535728
0.0572331
0.0455282
0.04793
0.0609894
0.0492478
0.0552206
0.0582425
0.0319796
0.0509076
0.0557755
0.0535574
0.0571775
0.0868381
0.0590783
0.0398908
0.0683858
0.0644013
0.0549403
0.0551681
0.0623996
0.0599858
0.0855107
0.0707998
0.0699304
0.0525627
0.0733675
0.0543282
0.0652759
0.0486242
0.0559005
0.0422815
0.0542348
0.0571474
0.0510871
0.0668479
0.0473531
0.0431013
0.0445779
0.0647881
0.0561685
0.0569179
0.0743526
0.0515368
0.0734933
0.0482732
0.0873829
0.0613962
0.0716326
0.0634083
0.0639455
0.0768814
0.0521303
0.0488237
0.0666578
0.0508741
0.0635488
0.0582506
0.0623358
0.0569807
0.0514205
0.0545403
0.0761961
0.0622589
0.0377158
0.0635358
0.0610329
0.0516219
0.0449721
0.073343
0.0734436
0.0663844
0.0564176
0.0601628
0.0748985
0.0651074
0.0664702
0.0631098
0.0629925
0.0504065
0.0627474
0.0570968
0.0624791
0.0432324
0.0530943
0.0570577
0.0722788
0.0715035
0.0542438
0.0745905
0.0644523
0.0623726
0.0551858
0.0511726
0.0568385
0.0436433
0.0475108
0.0318514
0.0425254
0.0375208
0.0473995
0.0417839
0.0296837
0.0444203
0.0273936
0.0416906
0.0284363
0.027386
0.0344554
0.0342407
0.030356
0.025578
0.024524
0.035485
0.0227466
0.040668
0.0406527
0.046133
0.0235204
0.0371188
0.0366105
0.031299
0.0395514
0.0306339
0.0287224
0.0288983
0.0467044
0.0482461
0.0508679
0.0462177
0.0333278
0.0409479
0.0366788
0.0377916
0.0462275
0.0439148
0.0487575
0.0480965
0.0361757
0.0489066
0.0499355
0.0452495
0.0457418
0.0426261
0.0445586
0.0464399
0.0291594
0.0338279
0.0377442
0.040861
0.0228555
0.0323231
0.0415225
0.0408766
0.0362578
0.034104
0.0499752
0.0271421
0.0316429
0.0532368
0.0375296
0.0407057
0.0338922
0.0420555
0.0408739
0.0362925
0.0324967
0.0504824
0.0466193
0.0433137
0.0372186
0.0468474
0.0189052
0.0405692
0.0626433
0.0508486
0.0263812
0.052874
0.0482961
0.076178
0.0544842
0.0396062
0.0391456
0.0530694
0.0397065
0.040758
0.0518274
0.0439283
0.0445587
0.0283271
0.03486
0.0337302
0.0398403
0.049471
0.0546174
0.0810293
0.0723774
0.0444118
0.0440088
0.0739635
0.0410595
0.0506944
0.0778518
0.0563047
0.0361578
0.0184256
0.0342241
0.0453738
0.0556595
0.0535319
0.0368905
0.0694395
0.0465125
0.0484455
0.0283016
0.0487648
0.0567121
0.0408122
0.0431917
0.0262338
0.0321123
0.061561
0.0492437
0.0657015
0.0547258
0.0226701
0.0482119
0.052366
0.0311185
0.04408
0.0493229
0.0435228
0.0528963
0.0689349
0.0378897
0.0333445
0.041308
0.0328324
0.0529468
0.0310207
0.0478746
0.0293807
0.0459871
0.0494021
0.0398154
0.0527777
0.048017
0.0378839
0.0330066
0.0301272
0.0356715
0.0294371
0.0338029
0.037381
0.0305517
0.0384368
0.0331521
0.0368211
0.0409968
0.045801
0.0302383
0.0347174
0.0310536
0.0364749
0.0379204
0.0313447
0.0386
0.0388207
0.0368595
0.0357467
0.0270572
0.0240073
0.0352643
0.0281907
0.0330174
0.0249769
0.0281651
0.0289463
0.0278893
0.0287959
0.0315859
0.0362846
0.0264262
0.0290604
0.0317639
0.0325638
0.0328767
0.0305052
0.0314408
0.0246541
0.0295809
0.0322756
0.0269196
0.0276311
0.0179059
0.0304407
0.0239602
0.024082
0.0320152
0.0260077
0.0317787
0.0283848
0.0341026
0.0293802
0.0271445
0.027787
0.0259481
0.0240114
0.026069
0.0345321
0.0291404
0.028896
0.0337858
0.0196024
0.0236535
0.0286211
0.0257331
0.0294109
0.0278112
0.0335339
0.0361143
0.0308964
0.0313001
0.0260796
0.0300972
0.0307761
0.0263885
0.025377
0.0255972
0.0301943
0.0290553
0.0418751
0.0303838
0.0294658
0.025262
0.0274435
0.0243231
0.0242859
0.0326081
0.0317157
0.0272342
0.0213203
0.0196918
0.0332653
0.0301659
0.0252546
0.0291564
0.0274035
0.026675
0.0285029
0.0206662
0.0301475
0.0332218
0.0258022
0.0243876
0.0362675
0.0177691
0.0306327
0.0319063
0.0295368
0.0319662
0.0304298
0.0350774
0.0285657
0.0259279
0.0283262
0.0281399
0.0331151
0.0262251
0.0280529
0.0290603
0.0255463
0.0304804
0.0330283
0.0288905
0.0316014
0.0271107
0.0276968
0.0316144
0.0282747
0.0286959
0.0380937
0.0267855
0.0406945
0.030983
0.031075
0.0314101
0.0269426
0.0314332
0.0284641
0.0324327
0.0360302
0.0382083
0.026866
0.0300537
0.0371546
0.0407109
0.0357187
0.0282815
0.0250291
0.0268043
0.0310639
0.0298554
0.0527317
0.0384896
0.0356804
0.0310952
0.0495699
0.0447573
0.0283714
0.0432925
0.0406086
0.0358502
0.0357013
0.0478884
0.0337202
0.0322156
0.0400572
0.0359039
0.0367582
0.0390057
0.0378388
0.0222237
0.0425398
0.037583
0.0232731
0.0357336
0.0277467
0.0333694
0.0255417
0.0500873
0.0271405
0.0261154
0.0452146
0.0469461
0.0448367
0.0239812
0.0483078
0.0347812
0.0293591
0.0335002
0.0426141
0.0358522
0.0173265
0.0287909
0.0576763
0.0359089
0.0363257
0.0318129
0.0452218
0.0349729
0.0291563
0.0344181
0.0357737
0.0564056
0.0302806
0.0397229
0.0421914
0.0245754
0.0342496
0.0264682
0.0234591
0.0323522
0.02675
0.0401137
0.0324918
0.0353853
0.0291734
0.0330405
0.0368338
0.0173572
0.0254601
0.0198786
0.0278252
0.0320784
0.0264207
0.0269048
0.0212839
0.0321366
0.0316985
0.030265
0.0334035
0.034916
0.0226267
0.0294341
0.0328442
0.0392917
0.0253558
0.00275551
0.0353252
0.0264998
0.0173806
0.0365061
0.0180749
0.0286449
0.0271597
0.0403897
0.0307074
0.0353378
0.0277206
0.0244658
0.0261649
0.0166587
0.0398183
0.0281605
0.0398971
0.0324255
0.0327776
0.0255995
0.0338432
0.0265124
0.0349468
0.0366587
0.0168561
0.0239594
0.0257605
0.017454
0.0208691
0.0195255
0.0373874
0.0234822
0.0256197
0.0313848
0.0236716
0.0246815
0.0332497
0.0303553
0.0228531
0.0348095
0.0268135
0.0294959
0.0319365
0.0281155
0.0223132
0.0285479
0.0253837
0.0259856
0.0258761
0.0245518
0.0286056
0.029307
0.0237439
0.027961
0.0349738
0.0262518
0.0226544
0.031761
0.0335043
0.0277346
0.0362668
0.0241571
0.0238933
0.0276617
0.0158602
0.0324533
0.0202071
0.0271349
0.0260883
0.0144675
0.0318824
0.0299215
0.0210421
0.0305553
0.028259
0.0174548
0.0190878
0.0216751
0.0219816
0.0251931
0.0284473
0.0317642
0.0284572
0.0297158
0.0199494
0.0255661
0.0424253
0.036869
0.0287826
0.0334335
0.0376816
0.0295622
0.0276625
0.0402045
0.0366024
0.0306119
0.0410453
0.0209154
0.0291506
0.0305456
0.027425
0.0297559
0.0300918
0.0341067
0.0290831
0.0345303
0.0305001
0.0364238
0.0327459
0.0352148
0.0352361
0.0326843
0.03779
0.0434285
0.0414549
0.042927
0.0579768
0.0701337
0.0962609
0.164688
0.365997
0.552352
0.638386
0.65622
0.613669
0.504127
0.283165
0.12002
0.0708288
0.0573551
0.0473882
0.0350281
0.0330029
0.0398802
0.0295363
0.0308492
0.0385956
0.032718
0.03314
0.0346842
0.0316138
0.0289151
0.0279031
0.0236853
0.027369
0.0281163
0.0349891
0.0359205
0.0342129
0.0370991
0.0332202
0.0345716
0.0356172
0.0319108
0.0357773
0.0416897
0.0460869
0.0458152
0.0487428
0.0470316
0.0441909
0.0389714
0.0385718
0.0341273
0.0348454
0.0350192
0.0346514
0.0416864
0.0362502
0.0403311
0.0370768
0.0364557
0.0405651
0.0390503
0.03705
0.0390984
0.0372594
0.0379319
0.0384721
0.0334053
0.0292232
0.0324467
0.038714
0.0355091
0.0317332
0.0352458
0.0344037
0.0380369
0.0267706
0.0347269
0.0285622
0.0373278
0.041052
0.0444186
0.045483
0.0295386
0.0343722
0.0330978
0.0263382
0.0299661
0.0359669
0.0350696
0.0257149
0.0344825
0.0263921
0.0241696
0.0310575
0.0382688
0.0269475
0.0397792
0.0269976
0.032984
0.0340256
0.0345111
0.0293275
0.035467
0.0320191
0.0285275
0.0385322
0.035017
0.0420338
0.0309102
0.0333601
0.0398072
0.0245866
0.0271575
0.0364169
0.0384699
0.0388342
0.0330541
0.0473872
0.0491801
0.0244312
0.0348804
0.0411342
0.0554115
0.0470536
0.0163693
0.0259435
0.0415483
0.0418114
0.0310914
0.0361332
0.0381453
0.0250227
0.0410393
0.0435973
0.0324259
0.0347741
0.0288217
0.0352377
0.0314834
0.0360964
0.0203925
0.0336106
0.0362
0.0254488
0.0273758
0.0470872
0.0386292
0.0331817
0.0263514
0.0368803
0.0373806
0
0.028927
0.0252646
0.0322064
0.0464258
0.0365829
0.0358516
0.0448873
0.0287326
0.023422
0.0450987
0.068385
0.037707
0.0518487
0.0387072
0.0758412
0.0589788
0.0228775
0.0374992
0.026492
0.0357347
0.042317
0.0259475
0.0417599
0.0363786
0.0594097
0.0408944
0.0485685
0.0465843
0.0670632
0.0478112
0.0417718
0.0389538
0.0435157
0.0471377
0.067957
0.00278905
0.029661
0.048561
0.0427282
0.0251997
0.0182027
0.0365205
0.0608359
0.0156718
0.0105756
0.0374074
0.026503
0.0465786
0.0385406
0.024004
0.0296505
0.043569
0.0353738
0.0335922
0.0772239
0.0340746
0.0547231
0.0500403
0.0374375
0.028346
0.0306634
0.0408249
0.0276715
0.0316625
0.0237171
0.00617303
0.0534889
0.045528
0.0228211
0.022246
0.0262034
0.0499198
0.030565
0.0205503
0.0525407
0.0589324
0.0435199
0.0580487
0.0451568
0.0555576
0.0309958
0.0206917
0.0320141
0.0404987
0.02174
0.0382026
0.0207026
0.0372782
0.0297042
0.0278888
0.0335636
0.0386615
0.0345206
0.0470017
0.0364415
0.0284055
0.0448094
0.0410609
0.0302545
0.0444259
0.0430968
0.0515704
0.0467146
0.0483425
0.0502364
0.0557502
0.0629466
0.0499256
0.0589105
0.0573641
0.0668832
0.0715806
0.0877501
0.0766146
0.0832173
0.0737556
0.0626235
0.0629897
0.0229602
0.0192246
0.0386898
0.0375717
0.0291896
0.0334099
0.0429033
0.0475104
0.0448155
0.0349609
0.0323878
0.0226715
0.042682
0.0380265
0.0374333
0.0377627
0.0415552
0.0258524
0.0408918
0.0300184
0.037405
0.0323767
0.018333
0.0289367
0.0276277
0.0229717
0.0177845
0.0230462
0.0202516
0.0295517
0.0176536
0.0294491
0.0204308
0.0174367
0.0338774
0.0372459
0.0291169
0.0301116
0.0325069
0.0349322
0.0158145
0.0274745
0.037403
0.0247744
0.0286348
0.0170867
0.0412315
0.0266739
0.03092
0.0342824
0.0404333
0.04606
0.0301567
0.033083
0.0402636
0.0374781
0.050938
0.0329417
0.0332903
0.0381896
0.0336
0.0426621
0.0308766
0.0243164
0.0295665
0.0340461
0.0433777
0.0293274
0.032943
0.03012
0.0416874
0.0401994
0.0336949
0.0336109
0.0334976
0.0368166
0.0440783
0.0428971
0.0441586
0.0467734
0.0378294
0.038385
0.0310087
0.0367271
0.0329368
0.0346454
0.0279771
0.0360868
0.0285075
0.0349675
0.0388619
0.0346518
0.0308973
0.030923
0.0301155
0.0383696
0.050779
0.0396848
0.0516215
0.0345148
0.0392246
0.0483956
0.0549618
0.0526788
0.0453027
0.0591615
0.0439987
0.0556791
0.0583359
0.0709612
0.0648307
0.069935
0.0664512
0.0684826
0.056212
0.0586005
0.0490822
0.0435888
0.0363428
0.0392889
0.0317567
0.034431
0.0389394
0.0342992
0.0314156
0.0318889
0.0337309
0.0342721
0.0310955
0.0297053
0.0399544
0.0395447
0.038376
0.0366875
0.0303586
0.0385855
0.032066
0.0436313
0.0442125
0.04026
0.04206
0.0410152
0.0424778
0.0562049
0.0530542
0.05129
0.0615423
0.0611473
0.0659417
0.0739534
0.0756935
0.079471
0.0794893
0.0790626
0.0680673
0.0655706
0.0656645
0.0569399
0.0381082
0.0495032
0.0372096
0.0494421
0.0415269
0.0552672
0.050684
0.0493308
0.0432069
0.0514146
0.0505467
0.0403412
0.058525
0.0378515
0.0380653
0.0339645
0.0479413
0.0474374
0.0346182
0.0508119
0.0475126
0.0447515
0.0376918
0.0390345
0.039088
0.0510079
0.0482192
0.0584354
0.0517673
0.0617677
0.0591274
0.0655046
0.06032
0.066905
0.0663919
0.0718302
0.0735317
0.0748561
0.0632192
0.0594289
0.0525671
0.0532847
0.0530898
0.0396079
0.0375536
0.0397824
0.0389067
0.0414695
0.0439733
0.0493252
0.0479158
0.0376546
0.0540146
0.0518501
0.0634169
0.0378136
0.028559
0.0333391
0.0365388
0.0385018
0.0386484
0.0247904
0.0399708
0.0320124
0.0331425
0.0322839
0.0336956
0.0381535
0.0231534
0.0249055
0.0435227
0.0383759
0.0315045
0.0232621
0.0290401
0.0349255
0.0311362
0.0284313
0.0288669
0.0313284
0.0300059
0.0307871
0.0295292
0.0308279
0.0255454
0.0195138
0.0402533
0.0279089
0.0273014
0.0335597
0.0311061
0.0266317
0.0302854
0.0315251
0.031047
0.0266774
0.024561
0.0239144
0.0301907
0.0302287
0.0311079
0.0324613
0.0324549
0.0243167
0.0427937
0.0399327
0.0513941
0.0426399
0.0491525
0.0617927
0.059162
0.0671044
0.0635589
0.058285
0.0687112
0.0671411
0.0641602
0.0663476
0.0678253
0.0576577
0.0688564
0.0754958
0.0525338
0.0622811
0.050818
0.0560184
0.0738705
0.0653251
0.0749833
0.0551623
0.0845145
0.072528
0.0675865
0.0841753
0.0677906
0.0782636
0.073899
0.0620092
0.0439102
0.0581
0.0378844
0.0581908
0.0514058
0.0680568
0.0553744
0.0605052
0.0576594
0.0729996
0.071769
0.0840499
0.0745007
0.0902407
0.0829048
0.0946751
0.0984956
0.0964332
0.0890405
0.0897422
0.103044
0.0923266
0.0817552
0.0624519
0.079365
0.0640121
0.0706003
0.0689064
0.0715508
0.069513
0.054608
0.0429714
0.0758482
0.0332748
0.0822269
0.0344271
0.0449764
0.0628489
0.0324481
0.045207
0.050115
0.0728011
0.0674411
0.0791408
0.0492801
0.0650453
0.0733795
0.0677061
0.0686578
0.0771817
0.0913286
0.0553672
0.0860354
0.0696843
0.111349
0.0888867
0.084534
0.0726614
0.102287
0.101245
0.0935244
0.0978096
0.0809561
0.0996425
0.0939738
0.0937622
0.104072
0.112562
0.106142
0.112018
0.092361
0.103958
0.102575
0.0925936
0.090736
0.0885146
0.0908867
0.0804089
0.0654142
0.0522683
0.0616868
0.0548514
0.08448
0.0628233
0.0683749
0.062546
0.0378493
0.0874834
0.0472806
0.0862807
0.0424182
0.0298608
0.0279296
0.036861
0.0565904
0.0532812
0.0559039
0.0626892
0.0981458
0.0909559
0.0552031
0.0398468
0.0863889
0.0581654
0.0701442
0.0422968
0.121479
0.0791299
0.0668167
0.101427
0.0764612
0.0887039
0.100162
0.0919949
0.113861
0.107884
0.0847591
0.121497
0.120213
0.113164
0.0965959
0.0920301
0.118532
0.120109
0.107326
0.0934641
0.0906465
0.0846641
0.0884463
0.0932486
0.123235
0.107859
0.0711585
0.046754
0.0848164
0.0637724
0.0863834
0.0629434
0.0580007
0.0904985
0.0956773
0.0330917
0.0722194
0.0748071
0.0550313
0.0832642
0.0688762
0.0384713
0.0449042
0.0920855
0.0766184
0.0533978
0.104399
0.0724781
0.0903567
0.0905046
0.0800973
0.0529128
0.101588
0.110937
0.081818
0.108401
0.0459023
0.0656101
0.119588
0.0502738
0.0860151
0.0832806
0.0978607
0.0558948
0.0621283
0.0385507
0.0691638
0.0552974
0.0509162
0.0426892
0.0422563
0.081328
0.0597302
0.0615939
0.0852354
0.147837
0.0415461
0.076071
0.0931452
0.0851011
0.08772
0.0981403
0.0524761
0.0726034
0.0494641
0.107642
0.0955864
0.12217
0.0854753
0.0919527
0.109608
0.103316
0.0790927
0.0919519
0.114123
0.0713615
0.0473932
0.0600292
0.043403
0.0657661
0.0241815
0.0453971
0.104513
0.11505
0.0851291
0.0141137
0.00612789
0.0536904
0.00593454
0.0467581
0.0572216
0.0761207
0.0508205
0.0578825
0.0851374
0.0577034
0.0190755
0.150276
0.066649
0.0598867
0.0441178
0.0596278
0.0577257
0.0376484
0.0861469
0.0358392
0.0572966
0.0963471
0.086136
0.0807806
0.0597326
0.083881
0.0618686
0.0552404
0.0915307
0.133177
0.0839167
0.030325
0.0433692
0.121471
0.0569334
0.0759064
0.115711
0.0594577
0.0975565
0.0878264
0.10593
0.0964605
0.0753675
0.0955265
0.103213
0.107351
0.0659691
0.0986067
0.0667182
0.0617552
0.0458707
0.0374142
0.119614
0.0299908
0.0478328
0.080874
0.0243162
0.0512452
0.0204354
0.0644075
0.0569885
0.0410669
