0.0907195
0.105687
0.0909504
0.0952586
0.101312
0.09559
0.09213
0.110483
0.102474
0.110154
0.102808
0.113339
0.105081
0.112539
0.113645
0.113734
0.113919
0.109354
0.112327
0.10253
0.111215
0.113562
0.100004
0.114693
0.107827
0.108174
0.116372
0.119749
0.119787
0.118067
0.120784
0.120763
0.117778
0.116772
0.119922
0.119827
0.115803
0.117494
0.116842
0.112327
0.10814
0.109752
0.116103
0.108437
0.108519
0.115427
0.12253
0.117611
0.11949
0.120268
0.124401
0.126893
0.130005
0.129596
0.130575
0.130157
0.123592
0.11443
0.114253
0.112693
0.108737
0.0943002
0.0871445
0.0805605
0.0882653
0.0865682
0.0804499
0.0895803
0.0873886
0.0937106
0.104061
0.0990568
0.102668
0.0977932
0.0989027
0.110192
0.0965213
0.106298
0.0940833
0.0991492
0.094677
0.0953622
0.0986627
0.0978631
0.0947828
0.0968854
0.102284
0.111302
0.10432
0.104933
0.107578
0.106895
0.107362
0.104134
0.1039
0.108542
0.106237
0.0999541
0.105586
0.10579
0.108038
0.11254
0.112174
0.113796
0.111416
0.11639
0.110629
0.119562
0.114788
0.114845
0.115246
0.116447
0.109884
0.112367
0.112518
0.110209
0.097612
0.102749
0.0951392
0.0896338
0.101726
0.098465
0.10344
0.107168
0.106981
0.109527
0.11701
0.109889
0.112697
0.118344
0.115029
0.121614
0.118407
0.124409
0.127959
0.123468
0.120042
0.116854
0.112075
0.107532
0.107032
0.0982775
0.101504
0.0877263
0.098135
0.0995148
0.0984051
0.100614
0.104714
0.106065
0.112209
0.114811
0.111931
0.116866
0.118622
0.118328
0.116313
0.119819
0.121424
0.119603
0.119457
0.115447
0.114054
0.115386
0.113156
0.107439
0.100728
0.106422
0.102465
0.0993331
0.110602
0.106017
0.0999088
0.109058
0.103165
0.106237
0.105754
0.103087
0.100545
0.0971534
0.0846965
0.0880074
0.100098
0.0971995
0.0879968
0.0963508
0.0956855
0.105391
0.0942218
0.100389
0.0989449
0.108534
0.104643
0.105584
0.109056
0.109682
0.107136
0.105531
0.1003
0.0874832
0.0919484
0.0788914
0.082487
0.0865363
0.0842232
0.0865407
0.0923343
0.0862059
0.0946053
0.0966692
0.100569
0.101615
0.101892
0.113786
0.107836
0.11163
0.112274
0.110107
0.112126
0.108341
0.107159
0.105012
0.100822
0.0968657
0.088467
0.0828204
0.0768925
0.0762397
0.0848043
0.0862698
0.090355
0.086961
0.0933283
0.094141
0.099976
0.10086
0.0958047
0.111957
0.0990803
0.0972969
0.107817
0.114337
0.11418
0.110344
0.115283
0.115628
0.115662
0.111985
0.115804
0.10795
0.105431
0.112001
0.108268
0.102463
0.0989725
0.0932776
0.0854372
0.0873003
0.0786784
0.0695939
0.0772898
0.0747792
0.070097
0.0763337
0.0913555
0.0849969
0.0876496
0.0898014
0.0912347
0.0863596
0.0949915
0.105941
0.10377
0.102089
0.109679
0.109615
0.113975
0.116932
0.120039
0.113242
0.118663
0.109948
0.109554
0.104684
0.0925575
0.10148
0.112751
0.0928236
0.0837845
0.0777799
0.0738328
0.0802136
0.0698199
0.0663598
0.086303
0.0691773
0.0675211
0.0881152
0.0705422
0.0860888
0.0986308
0.0905569
0.0945132
0.0996967
0.0977946
0.103439
0.09471
0.105162
0.100293
0.0995556
0.106299
0.102407
0.0897155
0.0843742
0.0880376
0.0815089
0.0607116
0.0711954
0.0729362
0.0716166
0.0655619
0.058032
0.0619906
0.0653987
0.0761491
0.0772069
0.0802121
0.0771751
0.0720955
0.0855652
0.0917137
0.0928338
0.102237
0.102813
0.102085
0.100519
0.102841
0.105169
0.108457
0.106826
0.103244
0.10735
0.0897898
0.0919591
0.0837573
0.0674449
0.0669786
0.0669186
0.0603388
0.0661289
0.0630723
0.0741421
0.0697437
0.0650567
0.0700825
0.0667796
0.0807996
0.0773703
0.0730861
0.0768585
0.0815236
0.074111
0.0740428
0.0989353
0.0793076
0.0879847
0.0850475
0.0911675
0.100681
0.106261
0.0990763
0.103767
0.101264
0.100259
0.111947
0.0939322
0.09951
0.102326
0.0916909
0.0870938
0.0752165
0.06151
0.0816061
0.074739
0.0841686
0.0688716
0.0903685
0.0739724
0.0809423
0.0844974
0.0692064
0.0761961
0.0821119
0.0793189
0.0879325
0.0704546
0.0838624
0.0938292
0.0964329
0.0861207
0.0919607
0.0943119
0.0879758
0.099748
0.104848
0.105149
0.0983004
0.0961476
0.0977829
0.104267
0.10708
0.0959521
0.0978454
0.110253
0.0985661
0.0964254
0.102483
0.0775974
0.0786068
0.0672294
0.076988
0.0801458
0.0844862
0.0881813
0.0658349
0.0921242
0.0875868
0.080665
0.0925263
0.0948932
0.100487
0.086574
0.10578
0.103483
0.105959
0.108077
0.0989811
0.0890576
0.0959538
0.0960483
0.0995778
0.0978413
0.0786431
0.055829
0.050471
0.0584947
0.0592578
0.0638855
0.069471
0.0828539
0.072352
0.0519932
0.0711898
0.0558668
0.0688592
0.0638271
0.0625063
0.0838412
0.0683134
0.0623575
0.0709326
0.0752672
0.0902307
0.0802064
0.0821495
0.0876599
0.065765
0.0734374
0.094568
0.0832478
0.0941911
0.0872018
0.0924835
0.101628
0.0984357
0.0989076
0.100817
0.0925059
0.0960918
0.0725227
0.0785262
0.0654164
0.06024
0.0678429
0.0767683
0.0579768
0.0678815
0.0724612
0.0628953
0.0757905
0.117959
0.123538
0.16622
0.23054
0.288064
0.28859
0.334548
0.332879
0.277123
0.234246
0.166299
0.106034
0.0863804
0.0664211
0.0841029
0.0850581
0.0990746
0.082289
0.0741576
0.0783611
0.0808921
0.081753
0.0728625
0.0752336
0.0917142
0.0850841
0.0800461
0.0873808
0.0750236
0.088805
0.0738836
0.0870515
0.0840335
0.0668979
0.0701738
0.0789193
0.073588
0.0623973
0.0674077
0.0712244
0.0670444
0.081673
0.0902607
0.0838556
0.064013
0.0794685
0.0851182
0.083159
0.0723684
0.0951969
0.10127
0.0912394
0.0724076
0.0808734
0.0864178
0.065981
0.0713371
0.0615937
0.0812446
0.0605207
0.0648879
0.0712098
0.0680498
0.0690357
0.0592242
0.0799492
0.0656575
0.0584051
0.0650504
0.0774619
0.0733958
0.064313
0.0702088
0.0748663
0.0618837
0.0747313
0.0818376
0.0760789
0.0689898
0.0746489
0.0688584
0.0644722
0.0598305
0.0728412
0.0911278
0.0708216
0.086478
0.0865978
0.0794777
0.0713125
0.0899798
0.0767121
0.0806473
0.0842667
0.0866233
0.0801852
0.0793089
0.0768402
0.0591124
0.0822331
0.0528707
0.0579446
0.0699836
0.0560237
0.067474
0.0579672
0.0572276
0.0416259
0.0682464
0.0511893
0.0793681
0.0525494
0.0567183
0.0510362
0.0650476
0.0514831
0.0661544
0.0702022
0.0444552
0.0657691
0.0865396
0.0690847
0.055035
0.0703464
0.0657577
0.0637384
0.0514908
0.0563855
0.0638004
0.0725251
0.0560727
0.0560059
0.081022
0.0665204
0.0591348
0.0735463
0.0725407
0.0616052
0.0677347
0.0761959
0.0799004
0.0662497
0.0613536
0.0788174
0.0892363
0.0629261
0.0461574
0.055041
0.0756797
0.0556457
0.0533296
0.0734452
0.034014
0.056557
0.0496092
0.0606928
0.0757564
0.066578
0.0774611
0.0575622
0.0772342
0.0584815
0.0921846
0.0635728
0.0669299
0.0698912
0.0743195
0.058073
0.0808545
0.0554532
0.0649131
0.0698155
0.0659389
0.0681528
0.0595112
0.0667196
0.046578
0.0643236
0.0641314
0.0940158
0.0628419
0.0549609
0.0608785
0.0696334
0.0618639
0.0569298
0.0829559
0.07476
0.0761612
0.0537285
0.0872454
0.0865803
0.0760073
0.0929144
0.06115
0.0591134
0.0693654
0.0605312
0.0738609
0.056221
0.0772546
0.0586268
0.0727326
0.0752626
0.0634179
0.0765374
0.0663397
0.0596876
0.0597525
0.0567091
0.0497456
0.0668605
0.0539402
0.0489158
0.0535979
0.0551279
0.0578208
0.0412111
0.0426352
0.0708007
0.0445068
0.0511684
0.0450364
0.0605994
0.0607143
0.0450812
0.0462443
0.0411396
0.0292065
0.0544323
0.0487445
0.053908
0.0281326
0.0623498
0.0380885
0.0566666
0.0427326
0.0437857
0.0631102
0.0518407
0.0432154
0.0410256
0.0627873
0.0620572
0.0636961
0.0558029
0.0493401
0.054862
0.0445573
0.0547005
0.0535698
0.0596131
0.054157
0.070004
0.0680675
0.0628101
0.0691631
0.0496738
0.061043
0.0502885
0.0415118
0.0637843
0.0605606
0.0443222
0.0521454
0.0476153
0.047175
0.0447063
0.0522702
0.0370743
0.0595423
0.0502115
0.0511406
0.0356075
0.0462266
0.0514437
0.0419524
0.0500985
0.0291243
0.0632348
0.0396809
0.0402367
0.0608172
0.0663801
0.0522649
0.0582517
0.0389186
0.0485847
0.0453161
0.054317
0.0634173
0.0610957
0.0454615
0.0676584
0.0443858
0.0635109
0.0655607
0.0462522
0.0493609
0.0575996
0.0497593
0.0623245
0.0624816
0.0532586
0.0322033
0.0474261
0.0555469
0.0351972
0.0507994
0.0599423
0.0459313
0.0601084
0.0748805
0.0620225
0.0625699
0.0597152
0.0647319
0.0682681
0.0630992
0.0574199
0.0465371
0.0498953
0.0566079
0.0681919
0.058868
0.0599385
0.0354987
0.0578842
0.0535936
0.0628661
0.0436125
0.0558927
0.0627143
0.0753754
0.0741968
0.0485937
0.0584817
0.0840993
0.0496858
0.0469001
0.044282
0.0385512
0.0643569
0.0468448
0.0550649
0.051452
0.0600656
0.0733305
0.0498871
0.0604995
0.0475916
0.0534724
0.0452737
0.0566775
0.0411825
0.052212
0.0479412
0.0481725
0.0499417
0.0556173
0.0422543
0.0372545
0.0552206
0.0433628
0.0477093
0.048761
0.0437945
0.0485567
0.0490727
0.054058
0.0474074
0.0493668
0.054106
0.0532111
0.0502874
0.053744
0.0502403
0.0509073
0.0438673
0.0545388
0.0487808
0.0523102
0.0540111
0.0576848
0.0556918
0.0562108
0.0454872
0.0443292
0.0480467
0.0446861
0.0401133
0.0497177
0.0414041
0.0437193
0.0398919
0.0441919
0.0470509
0.0532143
0.043616
0.0419512
0.0420122
0.0423923
0.0482058
0.0402078
0.0391008
0.0338548
0.0420108
0.0401998
0.0409406
0.0377288
0.0359697
0.0453894
0.0440654
0.0430411
0.0438413
0.0430142
0.0397729
0.0486434
0.0447178
0.0468373
0.0446393
0.0450695
0.0415138
0.0417099
0.0394886
0.0380983
0.0447869
0.047207
0.0507317
0.0437295
0.045527
0.0448582
0.0442274
0.0381503
0.0429415
0.0434912
0.0474749
0.0474555
0.0483704
0.0471437
0.0437826
0.0449662
0.0388051
0.0432153
0.0432906
0.042608
0.0410571
0.0517163
0.0460423
0.0485444
0.031102
0.0324306
0.033902
0.0421108
0.0479313
0.0457242
0.0423298
0.040157
0.0413428
0.0415711
0.0467615
0.03872
0.0464525
0.0410802
0.0465448
0.0427855
0.0396251
0.0418605
0.034211
0.0388053
0.0374005
0.0453725
0.0338536
0.0440775
0.042098
0.0596297
0.0414202
0.0454814
0.0506981
0.0448844
0.0467984
0.042137
0.0425036
0.0378156
0.0438531
0.0420563
0.0465329
0.0418309
0.046633
0.0406205
0.0523546
0.0399864
0.0462441
0.0387709
0.0421907
0.0440901
0.0417057
0.0422842
0.0496287
0.0510424
0.0411791
0.0394884
0.0519143
0.0373489
0.0493562
0.0435492
0.0347032
0.045991
0.0468729
0.0445036
0.0503435
0.0468541
0.0467714
0.0506603
0.0366103
0.0450842
0.0388906
0.05325
0.036874
0.0470191
0.0531121
0.0501356
0.0508745
0.0671636
0.0605348
0.0356288
0.0577463
0.0578137
0.0533119
0.0416197
0.0663181
0.0420204
0.0344632
0.0545264
0.044718
0.0436342
0.0418069
0.0564302
0.0367362
0.0429649
0.03934
0.0542014
0.038957
0.0391726
0.0471683
0.0429659
0.0511457
0.0552602
0.0380053
0.0479778
0.0673428
0.0520734
0.0437896
0.0530593
0.05236
0.0513235
0.0399065
0.0548749
0.048954
0.0342242
0.0389318
0.0651611
0.0554524
0.0492122
0.0408551
0.0382385
0.0588456
0.0432047
0.0460886
0.0610899
0.054855
0.0410718
0.0498702
0.0524833
0.0454486
0.0444853
0.0340986
0.0385604
0.044972
0.0384043
0.0608021
0.0487626
0.0405866
0.034083
0.0399054
0.038682
0.0381432
0.0395029
0.0442948
0.0421724
0.0432628
0.0469493
0.0377587
0.0401543
0.0470184
0.0429753
0.0465638
0.0473535
0.0431284
0.0294537
0.0462681
0.0440242
0.0457083
0.0383261
0.0292233
0.0407576
0.0430217
0.0246149
0.0592553
0.0395046
0.0438194
0.0397619
0.0437549
0.0421484
0.0544137
0.048067
0.0467729
0.0481746
0.0386112
0.0489666
0.0435696
0.0404119
0.0435929
0.0430217
0.0448896
0.041567
0.0441367
0.0380092
0.0508553
0.0297043
0.0399899
0.0414337
0.0456209
0.0439736
0.0361953
0.0517825
0.0506993
0.0403486
0.046478
0.0353015
0.045396
0.045439
0.0435675
0.0353942
0.0421805
0.0452443
0.048909
0.0419332
0.0520954
0.0468164
0.0464852
0.0415042
0.0446961
0.0393567
0.0451735
0.0456445
0.0494385
0.0460121
0.0543319
0.050728
0.0380814
0.0482467
0.0491994
0.0493158
0.0336739
0.0391433
0.0337448
0.0352108
0.0497759
0.0373493
0.0429285
0.0354557
0.0435764
0.0409931
0.038288
0.0414629
0.0471986
0.0420564
0.0434649
0.0474323
0.0396145
0.0341724
0.0404628
0.041269
0.0456206
0.0361455
0.0366583
0.0417375
0.0404828
0.0465623
0.0438157
0.0449596
0.0458105
0.0538325
0.0575411
0.0529661
0.0495849
0.0412548
0.0418663
0.050157
0.051178
0.0468769
0.043149
0.0454597
0.0524052
0.044901
0.0460218
0.046884
0.0441846
0.0458518
0.0446041
0.0413965
0.0481564
0.0481881
0.0476665
0.051444
0.0428049
0.0479693
0.0558019
0.0558118
0.0519259
0.0546748
0.0747174
0.0974185
0.148555
0.307799
0.423987
0.490559
0.504068
0.479505
0.393249
0.22776
0.114603
0.0778384
0.0573835
0.0544761
0.0533209
0.0492064
0.0499089
0.0519942
0.0408012
0.0484284
0.0469933
0.0433313
0.0496109
0.0467216
0.0488742
0.046293
0.0398779
0.0430926
0.0399309
0.0459777
0.042822
0.0441221
0.0491064
0.0459628
0.0491711
0.0454035
0.0400615
0.0546943
0.0474221
0.054431
0.0566877
0.0598272
0.0594483
0.0619248
0.0550596
0.0466541
0.0529237
0.0443206
0.0538022
0.0439605
0.051602
0.0505275
0.0523161
0.0485812
0.0426705
0.0503813
0.0460631
0.0492875
0.0475894
0.0449578
0.0472426
0.0458742
0.0457353
0.0432996
0.0411932
0.0433888
0.0481117
0.051628
0.0464549
0.0452112
0.0478834
0.0439051
0.0526152
0.0396233
0.0483346
0.0447447
0.0457549
0.0546802
0.0423876
0.0485525
0.0472327
0.0460492
0.0430657
0.0497933
0.0442038
0.0414185
0.0400936
0.04056
0.0393916
0.0492883
0.042107
0.0419939
0.057361
0.0462279
0.039342
0.0406545
0.0416698
0.0445403
0.0482117
0.0412133
0.0450444
0.0471794
0.0422326
0.0509893
0.0430356
0.0436331
0.0550709
0.0460992
0.0385171
0.0407318
0.0447531
0.0291995
0.0503667
0.0479048
0.0656559
0.0397423
0.0390481
0.0481941
0.0522115
0.0598427
0.0325226
0.0399779
0.0471452
0.0569447
0.0476469
0.0426087
0.047239
0.0448426
0.0387269
0.0448003
0.0578912
0.0408573
0.0464546
0.0579182
0.0516198
0.0431163
0.0417799
0.0349543
0.0557326
0.0305312
0.0499716
0.054935
0.052999
0.0301725
0.0382983
0.0307872
0.0348524
0.0263947
0.0465577
0.054997
0.0489268
0.0503827
0.0416517
0.0435555
0.0699222
0.0352259
0.0281338
0.0207421
0.0752615
0.0741125
0.0643336
0.0505355
0.0804003
0.0576469
0.0630275
0.0508643
0.0528314
0.0404153
0.045317
0.0537227
0.0731036
0.0513179
0.0613316
0.0639788
0.0685216
0.026928
0.0485039
0.0762908
0.0527139
0.0562175
0.0644786
0.0624955
0.0614887
0.0544608
0.0570315
0.0604897
0.0429073
0.0255543
0.0522495
0.0520312
0.0606547
0.0360623
0.0547695
0.0545279
0.0355812
0.046505
0.0310978
0.0468746
0.0634945
0.0498469
0.0568717
0.0460717
0.061924
0.0617141
0.0451322
0.0540365
0.0427057
0.0368323
0.0390348
0.0679195
0.0294387
0.0450773
0.0579554
0.0471315
0.0518289
0.0537958
0.0403059
0.0356474
0.0418293
0.0656505
0.0508648
0.0630273
0.0753694
0.0593278
0.0408419
0.0738827
0.0548898
0.0668399
0.0241288
0.0406373
0.0646205
0.0500198
0.0342054
0.0463453
0.0649941
0.0432073
0.0486284
0.0466791
0.0415773
0.0605036
0.0590792
0.050354
0.0548562
0.0545042
0.0708963
0.0623535
0.0671376
0.053558
0.0653881
0.0703964
0.0543697
0.059989
0.0604693
0.0639179
0.0699223
0.0661163
0.0671899
0.079823
0.0658654
0.0846444
0.0904122
0.0729746
0.0973428
0.0874148
0.0695074
0.0607347
0.0405484
0.0399811
0.047875
0.049301
0.0447914
0.0448628
0.0605778
0.0537865
0.0400869
0.0579351
0.0499259
0.041078
0.0451011
0.0444737
0.0411559
0.0465749
0.0436576
0.0516682
0.0420622
0.042075
0.0541823
0.0404242
0.0276983
0.0395514
0.0458431
0.0520774
0.0474125
0.0459673
0.0349319
0.0487673
0.0379665
0.0448715
0.0322263
0.0329952
0.0486339
0.0494175
0.0422933
0.0397196
0.0532492
0.0573674
0.042389
0.0510329
0.0415738
0.0429095
0.0390338
0.0410639
0.0512599
0.0284488
0.0439863
0.0543148
0.0491132
0.0636965
0.0490162
0.0437979
0.0459416
0.0374489
0.0576543
0.0443542
0.0413384
0.0438816
0.03672
0.0474562
0.0482411
0.0449379
0.042888
0.0560793
0.0600897
0.0555345
0.0431988
0.0437962
0.0585206
0.0492199
0.0528671
0.0513303
0.0570314
0.0423643
0.0579734
0.0599019
0.0516662
0.0558145
0.0437938
0.0500665
0.0458121
0.042651
0.046151
0.0482376
0.0493962
0.0443633
0.0441027
0.0518554
0.0457484
0.0507211
0.0470668
0.0467753
0.0378821
0.0588875
0.0550474
0.0484505
0.0522725
0.0450508
0.0474399
0.0610496
0.0565847
0.0651632
0.0620857
0.0623503
0.0621914
0.0632704
0.0570871
0.0725443
0.077075
0.0810241
0.0722746
0.0742199
0.0589286
0.0646561
0.0514457
0.0549983
0.0537481
0.0493897
0.0487701
0.047152
0.0554866
0.0455021
0.0471184
0.0553858
0.0512098
0.048454
0.041112
0.0474334
0.0525843
0.0523059
0.0533529
0.050287
0.0499298
0.0462592
0.0468118
0.0554607
0.055015
0.0494012
0.047357
0.0540549
0.0512278
0.0634307
0.0646993
0.0633911
0.0668691
0.0719362
0.0717637
0.0790001
0.0810751
0.0815218
0.0814686
0.078703
0.0765697
0.0712363
0.0684856
0.0755752
0.0466671
0.0551927
0.0626158
0.049728
0.044582
0.0809755
0.0612698
0.0600999
0.0481691
0.0553847
0.0611098
0.0596001
0.0655009
0.0545026
0.0513437
0.051228
0.053667
0.0624071
0.0446099
0.0549499
0.0506197
0.0506355
0.0496999
0.0525036
0.0531845
0.0611267
0.0591702
0.0719313
0.0582269
0.0676764
0.0701244
0.0744696
0.0635853
0.0698041
0.0776692
0.0769821
0.0797868
0.0831203
0.0701596
0.0664453
0.0544409
0.0679538
0.0570887
0.0513626
0.0510465
0.0478761
0.054592
0.0496267
0.0478276
0.060059
0.0651342
0.0493433
0.0521198
0.0536651
0.0737285
0.0531212
0.043441
0.0494464
0.0463315
0.047596
0.035424
0.043902
0.0523816
0.0322198
0.0452334
0.0452877
0.0492975
0.0418091
0.0426617
0.0471048
0.0590181
0.0440406
0.0420314
0.0430601
0.0477233
0.0500002
0.0353523
0.0429489
0.038376
0.0410394
0.03817
0.0527543
0.0423972
0.044492
0.0470063
0.042387
0.0519343
0.0416063
0.0401659
0.0407434
0.048886
0.0324684
0.0385335
0.0485932
0.0416775
0.036512
0.039192
0.0378628
0.0491279
0.0389585
0.0478444
0.0507544
0.0506818
0.0538101
0.0554985
0.0632144
0.0715077
0.0694017
0.0674189
0.077758
0.0725942
0.0818919
0.0863143
0.0837129
0.0884738
0.0839343
0.0835774
0.0689208
0.0775759
0.0718176
0.0772567
0.0807823
0.0552125
0.0743467
0.0548159
0.0717103
0.0580911
0.0623575
0.0944739
0.057183
0.0715559
0.083701
0.0881038
0.0972474
0.0679826
0.0855884
0.0601572
0.0658767
0.0490626
0.0744312
0.0584024
0.0687353
0.0506229
0.0608967
0.0715104
0.062674
0.0714787
0.0653038
0.0776099
0.0979518
0.0809981
0.0909044
0.0882295
0.0963347
0.0907967
0.0998782
0.100485
0.0911809
0.101974
0.0864362
0.0898225
0.0689469
0.0847378
0.0656688
0.070566
0.0852414
0.060381
0.0792844
0.071944
0.0618482
0.0755631
0.0519034
0.0848512
0.0397568
0.0436369
0.0875118
0.0380655
0.0692723
0.0560074
0.0970349
0.0839689
0.0697959
0.0342895
0.10906
0.0965473
0.0707766
0.0650766
0.0655398
0.100893
0.0646768
0.0657676
0.0821853
0.099996
0.083266
0.105409
0.0714182
0.0879054
0.0906257
0.0999234
0.106241
0.100344
0.0873496
0.103842
0.0953279
0.0907321
0.10914
0.103422
0.0989478
0.0875684
0.0910628
0.105482
0.092798
0.0923273
0.081868
0.0880539
0.0809925
0.0892541
0.0419289
0.0780202
0.055691
0.0707662
0.0386323
0.0546937
0.0638537
0.057954
0.0786247
0.046262
0.0806913
0.0269874
0.0579385
0.043138
0.0431608
0.068978
0.068392
0.05732
0.0807867
0.0785864
0.0288805
0.0641106
0.0647751
0.078378
0.06868
0.0826748
0.0526058
0.114609
0.0403725
0.0806973
0.0916349
0.0921608
0.0759504
0.0792362
0.0865183
0.0718328
0.0993599
0.0958848
0.112178
0.106313
0.103502
0.0912399
0.106632
0.0973412
0.101946
0.118121
0.0930224
0.0897315
0.0931221
0.081112
0.100131
0.105143
0.109898
0.0759893
0.07299
0.0494164
0.0578108
0.0756579
0.0651193
0.0464476
0.0658476
0.0835146
0.0725142
0.0693379
0.0601336
0.0543457
0.0707281
0.084189
0.00965955
0.0671756
0.0707332
0.0533635
0.0560918
0.0970832
0.0460148
0.0563137
0.0880038
0.0835316
0.0667502
0.052957
0.126864
0.0572094
0.0879641
0.0321668
0.0491129
0.0623577
0.0298748
0.121728
0.0992045
0.135516
0.00632429
0.0473396
0.0413929
0.0727509
0.0630137
0.0679328
0.0659654
0.0645469
0.0406248
0.0661957
0.105912
0.0828358
0.150432
0.0742649
0.0580083
0.0636338
0.0507533
0.0676004
0.109882
0.047333
0.0514398
0.0369449
0.107366
0.0744763
0.0898863
0.067575
0.0754421
0.129414
0.072911
0.0696901
0.0886145
0.0973178
0.0700139
0.03056
0.0905272
0.0614895
0.0528902
0.0643558
0.0573568
0
0.0829978
0.053319
0.0422222
0.0346651
0.0107148
0.0161222
0.0382608
0.0316444
0.082324
0.0404827
0.0587044
0.0999579
0.0210099
0.0559993
0.116964
0.0505806
0.0235132
0.0823535
0.087021
0.0211439
0.0160277
0.0924406
0.0288355
0.0776575
0.0798966
0.102246
0.0946989
0.0761523
0.142374
0.0775389
0.0470897
0.0582018
0.100961
0.100346
0.0363134
0.0427321
0.113951
0.0947954
0.107309
0.0722301
0.0590352
0.0971196
0.0778433
0.102761
0.123064
0.109819
0.105371
0.112777
0.0871723
0.102916
0.0577436
0.0609292
0.0683541
0.0592838
0.0628456
0.100551
0.0501993
0.0654607
0.0930916
0.0619175
0.073355
0.0533855
0.079682
0.0781933
0.0568082
