0.112863
0.121881
0.118548
0.120932
0.117205
0.115845
0.114533
0.133334
0.124773
0.131636
0.124399
0.132452
0.128687
0.13257
0.131807
0.130602
0.126968
0.128288
0.131591
0.12047
0.129402
0.131752
0.126031
0.137745
0.124039
0.127171
0.134298
0.137968
0.139391
0.134211
0.138668
0.137239
0.135064
0.134695
0.137692
0.135102
0.132845
0.134278
0.132507
0.135753
0.117515
0.131699
0.128677
0.131494
0.135788
0.135173
0.137327
0.13302
0.140167
0.137686
0.140574
0.14402
0.14616
0.146194
0.146864
0.145929
0.141581
0.133448
0.132118
0.13303
0.119573
0.118215
0.101163
0.102894
0.101405
0.107807
0.112352
0.112242
0.106412
0.119119
0.117995
0.119765
0.125659
0.121801
0.124177
0.127644
0.113688
0.126773
0.121118
0.119126
0.121182
0.117949
0.127469
0.118542
0.116727
0.123623
0.127217
0.127975
0.128102
0.130171
0.125844
0.131158
0.123486
0.126235
0.127148
0.131447
0.12285
0.124036
0.125494
0.126157
0.130999
0.133943
0.126984
0.13664
0.125556
0.130467
0.131826
0.135758
0.134669
0.137037
0.136034
0.134819
0.13129
0.133029
0.127837
0.125385
0.124198
0.122971
0.11972
0.115771
0.119109
0.121497
0.124015
0.128084
0.135001
0.127036
0.129244
0.131218
0.133617
0.138025
0.136071
0.136589
0.137709
0.142165
0.144265
0.142436
0.137485
0.13312
0.131924
0.125608
0.123451
0.120195
0.117273
0.116561
0.116646
0.125427
0.120257
0.123666
0.121269
0.129023
0.136007
0.132923
0.132629
0.133859
0.133622
0.136527
0.133012
0.138301
0.139165
0.141024
0.13718
0.135001
0.133832
0.131321
0.129323
0.124637
0.122229
0.124663
0.12311
0.116438
0.130646
0.131742
0.120128
0.128795
0.125755
0.129425
0.125596
0.126254
0.121722
0.116752
0.10479
0.124327
0.11047
0.118405
0.110192
0.120224
0.116374
0.122898
0.118622
0.11991
0.123351
0.127742
0.128201
0.124898
0.125178
0.126528
0.12669
0.121037
0.123356
0.113873
0.109374
0.0990782
0.115548
0.104087
0.11063
0.111083
0.115735
0.117105
0.115046
0.124069
0.121885
0.121958
0.121198
0.127573
0.128023
0.131688
0.126802
0.127778
0.131796
0.131437
0.130058
0.128091
0.125267
0.12217
0.118514
0.117349
0.109328
0.107567
0.109381
0.110131
0.112315
0.107733
0.120835
0.117232
0.123482
0.122201
0.121186
0.128006
0.123623
0.123841
0.133232
0.131836
0.133193
0.132857
0.133061
0.130105
0.134016
0.131304
0.131671
0.135062
0.125296
0.129837
0.12295
0.124729
0.12481
0.100485
0.0992475
0.105411
0.0995495
0.0953527
0.0976877
0.104721
0.101703
0.093256
0.102393
0.116703
0.110128
0.111978
0.121438
0.119702
0.109382
0.131307
0.120474
0.120445
0.13754
0.131901
0.133188
0.137371
0.135607
0.122954
0.131483
0.131823
0.128553
0.126251
0.12205
0.124116
0.129736
0.120892
0.105612
0.111719
0.100058
0.10314
0.100099
0.0936136
0.107949
0.095794
0.0997667
0.11595
0.0985244
0.114385
0.109143
0.117264
0.113547
0.118158
0.121127
0.118212
0.113692
0.125424
0.12536
0.123314
0.120605
0.121958
0.103404
0.10875
0.100424
0.112097
0.0854765
0.0895209
0.105319
0.0919496
0.0864236
0.104304
0.0912062
0.0824097
0.0891831
0.0948008
0.0894283
0.10457
0.100698
0.108463
0.109254
0.110125
0.126149
0.113612
0.127086
0.119095
0.131696
0.126882
0.127459
0.119617
0.127422
0.121704
0.112158
0.109397
0.100261
0.100097
0.099583
0.0898848
0.0855962
0.101943
0.0820684
0.087291
0.0862651
0.0953454
0.108182
0.0909638
0.105366
0.0961394
0.0932147
0.0873863
0.106646
0.0982848
0.108432
0.113855
0.107237
0.109464
0.115082
0.111126
0.114013
0.121914
0.125136
0.125799
0.124857
0.126775
0.132048
0.120411
0.125606
0.115483
0.115932
0.115579
0.0965107
0.0769605
0.103357
0.0924486
0.109054
0.104925
0.108311
0.0995915
0.108927
0.104451
0.10552
0.0997358
0.104426
0.0953172
0.116376
0.101701
0.112986
0.103967
0.109507
0.108449
0.119572
0.106811
0.115014
0.11962
0.126312
0.117297
0.120939
0.124509
0.122464
0.124795
0.119488
0.121187
0.120502
0.120174
0.119466
0.110443
0.126104
0.0858844
0.0956439
0.104429
0.103211
0.0991739
0.0960452
0.109554
0.0899586
0.114648
0.105985
0.100444
0.120829
0.116188
0.11696
0.1152
0.122968
0.122775
0.123824
0.130891
0.117257
0.118736
0.108329
0.118065
0.107168
0.111196
0.0962834
0.0892381
0.0879126
0.0833062
0.0961088
0.0888856
0.0635861
0.107474
0.110662
0.0704476
0.0780645
0.104494
0.0884462
0.0796475
0.0882748
0.101046
0.0985423
0.0904337
0.089374
0.0979771
0.103363
0.0973135
0.0988819
0.112211
0.098518
0.10854
0.123552
0.0938099
0.114358
0.112684
0.122024
0.112538
0.127857
0.128658
0.118929
0.113233
0.110184
0.110223
0.0981155
0.0877288
0.0845267
0.094096
0.0957542
0.0930911
0.079891
0.0940613
0.0746199
0.0922889
0.125642
0.137053
0.169167
0.198457
0.257115
0.278661
0.287067
0.295778
0.262227
0.21801
0.148536
0.116622
0.0945292
0.111326
0.109108
0.0989131
0.109315
0.0949827
0.103843
0.0908945
0.10131
0.113462
0.089358
0.107451
0.10887
0.11318
0.0976302
0.110768
0.113328
0.106722
0.0994055
0.0994488
0.109466
0.0892561
0.0956748
0.0962408
0.115008
0.082319
0.0910928
0.0876247
0.0843582
0.0962098
0.103598
0.106203
0.103098
0.104358
0.109322
0.104606
0.0974789
0.113121
0.118122
0.10984
0.113197
0.100217
0.104324
0.105655
0.0855894
0.0819453
0.0959137
0.0968704
0.0882227
0.0718841
0.0819363
0.100054
0.0813646
0.0958838
0.0843043
0.101305
0.0901282
0.0874851
0.101723
0.0994233
0.099256
0.0989424
0.0925217
0.0981511
0.100566
0.106509
0.101135
0.0952625
0.0845966
0.0953079
0.0959863
0.10564
0.126001
0.0996632
0.0916614
0.10223
0.0927658
0.0956387
0.0984859
0.10548
0.0991249
0.103375
0.106224
0.11037
0.108364
0.107493
0.098904
0.104216
0.0628833
0.0615976
0.0770037
0.0779053
0.104866
0.0579761
0.0697718
0.0614967
0.0850469
0.0874821
0.0791262
0.0685991
0.0678046
0.068918
0.101524
0.0801692
0.088586
0.0938198
0.0816891
0.112435
0.0957512
0.0831177
0.0787901
0.0999847
0.0921252
0.0893089
0.0896781
0.077725
0.0874342
0.0985447
0.0780884
0.0762905
0.0958176
0.0879954
0.0883167
0.097728
0.096814
0.0823085
0.0979745
0.0894678
0.0935794
0.0768786
0.0933369
0.093677
0.101941
0.0723983
0.0713733
0.0735659
0.0814639
0.0694434
0.0978036
0.0923597
0.0597358
0.0882704
0.0741877
0.0943287
0.108534
0.0855239
0.105572
0.0778678
0.103096
0.0948492
0.109605
0.0978213
0.0698137
0.0920362
0.076313
0.0825345
0.0784666
0.0758375
0.0928151
0.0800881
0.119552
0.0914524
0.0858068
0.0750205
0.0655592
0.0775977
0.0920602
0.102827
0.0828206
0.0904059
0.0962473
0.088166
0.0536232
0.0915441
0.101006
0.0798151
0.0844029
0.0797126
0.102409
0.10398
0.102371
0.0878571
0.0747811
0.0979903
0.0985737
0.0843874
0.0975513
0.0899741
0.0854164
0.0567026
0.0761787
0.100346
0.0848824
0.103262
0.0730633
0.0903337
0.0838546
0.0854256
0.0881215
0.0733786
0.0810788
0.0744262
0.071352
0.0848416
0.0878816
0.0821267
0.0732542
0.0805823
0.0821845
0.0721549
0.0768449
0.0795582
0.08258
0.0682246
0.070938
0.0616028
0.0711523
0.0878732
0.075572
0.0832325
0.0640385
0.0893242
0.0738189
0.0906111
0.0578382
0.0781293
0.0848462
0.07005
0.0677634
0.0631315
0.0854758
0.0855238
0.0917336
0.090878
0.0841467
0.0669199
0.0683917
0.0908595
0.077301
0.0830429
0.0836877
0.0887666
0.0795377
0.0827412
0.0868407
0.0891574
0.0828903
0.083764
0.0809866
0.0739841
0.0761696
0.0850845
0.0840853
0.0696059
0.0698716
0.0689853
0.0680992
0.0696061
0.0829397
0.0918774
0.0894132
0.0756195
0.0578922
0.0812584
0.0772183
0.0833908
0.0719665
0.0887894
0.0737791
0.079445
0.0755068
0.0780933
0.0783601
0.0846931
0.0754488
0.0700582
0.0744101
0.104809
0.0919386
0.0715396
0.0782227
0.0917888
0.0659069
0.0847643
0.069655
0.0691859
0.10258
0.0778857
0.0832881
0.104635
0.0915364
0.0814934
0.0555834
0.0694445
0.0901903
0.0751622
0.078204
0.0911209
0.0811262
0.0672482
0.0846
0.0875551
0.0766513
0.0943925
0.093063
0.0974619
0.0783155
0.080716
0.0837767
0.0649294
0.045412
0.0796504
0.0798531
0.0735551
0.0644543
0.0783808
0.0785789
0.073993
0.0459725
0.0835908
0.0810417
0.0770495
0.0748872
0.0637228
0.0893358
0.0710184
0.0549228
0.104495
0.0617133
0.0507598
0.0754411
0.0636614
0.0708739
0.0644227
0.0836008
0.0881355
0.0865992
0.0993895
0.0871941
0.0692971
0.067145
0.088492
0.0675728
0.0884919
0.0849625
0.0752456
0.0655377
0.0709455
0.0731346
0.0921477
0.0685878
0.0823072
0.073058
0.0709937
0.0843135
0.0705266
0.0791339
0.087461
0.0733219
0.0817577
0.0792034
0.0883647
0.0745599
0.0857626
0.0835327
0.0815642
0.0786885
0.0872488
0.0819329
0.0794603
0.0778478
0.084057
0.0838672
0.0755497
0.0720352
0.0727391
0.0772736
0.0699379
0.0727008
0.073534
0.0788642
0.0767052
0.0748177
0.078599
0.0778519
0.0832026
0.0719919
0.0702184
0.0700475
0.069546
0.0760782
0.0718869
0.0723296
0.0665584
0.0755719
0.0792499
0.0797303
0.0606857
0.0634309
0.0766616
0.0793618
0.0765748
0.0693972
0.06701
0.0719656
0.0735118
0.0702088
0.0757197
0.0698816
0.0746542
0.0717703
0.0708648
0.072657
0.0756269
0.0725759
0.073576
0.0715594
0.0744315
0.0766293
0.0736633
0.0757007
0.0757951
0.0702005
0.0713929
0.0809315
0.0728344
0.0829416
0.0814347
0.0787578
0.0720722
0.0743768
0.0753197
0.0722922
0.076589
0.0701591
0.0746695
0.0750946
0.0819508
0.070967
0.0727876
0.0684256
0.0740113
0.0778408
0.075246
0.0809704
0.0738735
0.0664897
0.0731043
0.0831545
0.0705015
0.0770875
0.0754271
0.0699135
0.0719206
0.069719
0.0758261
0.0697594
0.072515
0.07384
0.0765549
0.0593578
0.0845761
0.0717682
0.0848792
0.0779193
0.0726651
0.0771943
0.0740482
0.0661303
0.0713013
0.0724859
0.0801699
0.0771424
0.0690451
0.0689958
0.0698667
0.0735172
0.0737409
0.0797968
0.071635
0.0744222
0.078119
0.0720236
0.0674332
0.0665
0.0828008
0.0557735
0.0888105
0.073341
0.0731335
0.0750395
0.0717373
0.0775193
0.0738091
0.0735478
0.07532
0.0772514
0.0795673
0.0755066
0.0733829
0.0855096
0.0686123
0.0665478
0.0722987
0.0676719
0.0764656
0.0678053
0.0781563
0.0841902
0.0773731
0.0690029
0.0871239
0.0953164
0.0658967
0.0766501
0.0722959
0.076178
0.0741763
0.0924159
0.0856613
0.0616523
0.0779487
0.0691875
0.0667075
0.0802085
0.0745424
0.0733462
0.0677099
0.0729543
0.0749865
0.0576751
0.0602751
0.0647058
0.0595157
0.0753305
0.0717462
0.0669464
0.0821022
0.0732953
0.0904613
0.0772235
0.0766075
0.0712256
0.0825848
0.0709706
0.0750621
0.0851783
0.0628479
0.0681284
0.0825511
0.0767625
0.0761066
0.0659321
0.0707823
0.0666018
0.0668075
0.0711465
0.0713077
0.0940012
0.0798397
0.0711486
0.0779003
0.0662753
0.0737685
0.0683343
0.0718774
0.0770908
0.0747282
0.0810109
0.0812826
0.0784402
0.0658688
0.0718783
0.078015
0.0598374
0.0734773
0.0693663
0.0767326
0.0712016
0.0676605
0.0654356
0.0760933
0.0722262
0.0690224
0.0667729
0.0621373
0.0650557
0.0699003
0.0761364
0.0743522
0.0839105
0.0606381
0.0631594
0.0668863
0.0702943
0.0719659
0.0750856
0.064513
0.070451
0.0798028
0.0836385
0.0642506
0.0806927
0.0744495
0.0694566
0.0740331
0.0692877
0.090676
0.0636886
0.0756287
0.073039
0.0789425
0.0735126
0.0834942
0.0777986
0.0700465
0.086913
0.0599294
0.0669365
0.0658154
0.0776259
0.0800882
0.067628
0.0815292
0.0670073
0.0746007
0.0759215
0.0741228
0.0809357
0.0728144
0.0740722
0.0714168
0.0747185
0.0828148
0.0753812
0.0700209
0.0745651
0.0717237
0.0750409
0.0741894
0.0756325
0.0735435
0.0724939
0.0804522
0.0731881
0.0716874
0.0867728
0.0697094
0.0665163
0.0740939
0.070489
0.0810112
0.0595707
0.0753323
0.075934
0.068714
0.0723608
0.0599928
0.0759587
0.0718298
0.0767368
0.0740327
0.0750774
0.0779412
0.0743987
0.0707219
0.0767117
0.0707829
0.0632327
0.0707513
0.0720376
0.0682876
0.0694135
0.0714871
0.0706871
0.0750276
0.0755487
0.0710569
0.0838178
0.0777618
0.0749279
0.0758577
0.0797471
0.079158
0.0820828
0.0792997
0.0661749
0.080874
0.0808685
0.0825162
0.0750474
0.0698845
0.0820613
0.0801155
0.0778879
0.0774081
0.0758327
0.068668
0.0776258
0.0800862
0.0738144
0.079354
0.0808691
0.0807778
0.0717294
0.0781484
0.087064
0.0837378
0.0841616
0.0944672
0.0913788
0.112974
0.151026
0.284762
0.384592
0.437879
0.442273
0.421096
0.352857
0.225666
0.12841
0.0986824
0.0839879
0.0856039
0.0758506
0.0791905
0.0795731
0.0808014
0.0757962
0.0719751
0.0779671
0.0743678
0.0839421
0.076353
0.0744717
0.0698338
0.0717179
0.0738113
0.075829
0.0782367
0.0773934
0.0794498
0.0793501
0.0727824
0.0755086
0.072271
0.0667236
0.0810264
0.0827278
0.086129
0.083492
0.086247
0.0880642
0.0888761
0.0809697
0.0847323
0.0821805
0.0733452
0.0837488
0.0718912
0.0835769
0.0821762
0.0752541
0.075609
0.0812301
0.0814915
0.0759712
0.0814662
0.0760357
0.0768339
0.0789833
0.0763758
0.0756643
0.0719576
0.0763814
0.0797532
0.0746794
0.0771861
0.0766136
0.0752505
0.0812794
0.0746748
0.0801185
0.0739982
0.0841554
0.0825337
0.0769534
0.0800736
0.0814484
0.0786266
0.0731355
0.074233
0.0799643
0.0842982
0.0792227
0.0660178
0.0742138
0.0687982
0.0721045
0.0789043
0.0719425
0.0716299
0.0812083
0.0787092
0.0768399
0.0758752
0.0768599
0.0725291
0.0762928
0.0734139
0.0709335
0.0836821
0.0724635
0.0725139
0.0720739
0.0740778
0.0808291
0.0729199
0.0731056
0.080055
0.07227
0.0516912
0.0633347
0.0747212
0.0879197
0.0562413
0.0759078
0.0831624
0.0816954
0.0682594
0.0557006
0.0706272
0.0802227
0.0868172
0.0820902
0.070565
0.0803748
0.0730694
0.0745066
0.0746981
0.0723847
0.0759133
0.0718872
0.0805305
0.080495
0.0627514
0.0677576
0.063516
0.0791504
0.0698621
0.0762727
0.0913473
0.0583173
0.0556873
0.0478563
0.0610157
0.0680696
0.0363678
0.0705006
0.0583723
0.0627306
0.078215
0.0392897
0.0557318
0.0939143
0.0494777
0.0630355
0.064924
0.070503
0.092994
0.0794153
0.0415326
0.106459
0.0639297
0.0750273
0.0553328
0.0661514
0.0408105
0.0517279
0.0601754
0.095253
0.0745841
0.0971696
0.0997117
0.0923411
0.0440314
0.0645905
0.0932349
0.0693851
0.0521779
0.0998646
0.0767787
0.0795841
0.0438864
0.0631163
0.0571296
0.046657
0.0464868
0.048544
0.0814988
0.0668285
0.0208592
0.0498343
0.0512873
0.0668713
0.0592327
0.0584381
0.0775366
0.0733785
0.0748576
0.0597118
0.0688455
0.109615
0.0491358
0.0785032
0.0871351
0.064814
0.0631141
0.0761617
0.0737995
0.0649501
0.0597703
0.0653903
0.0647513
0.0786888
0.0780425
0.0572629
0.0616982
0.05122
0.0935116
0.0906243
0.0667373
0.0851896
0.0899686
0.0721979
0.0788545
0.0686765
0.109098
0.0579544
0.0729894
0.0677531
0.0740851
0.0877097
0.0657913
0.0813033
0.0677515
0.0806919
0.0851451
0.0744448
0.0805157
0.0644907
0.0832945
0.076476
0.085306
0.0943278
0.078443
0.0677993
0.0808628
0.0898596
0.091072
0.0774618
0.0822535
0.0763136
0.0936123
0.092135
0.0841756
0.0915413
0.0936685
0.102482
0.104926
0.11021
0.0969875
0.111977
0.101139
0.0939687
0.082989
0.0587746
0.0755406
0.0829284
0.0684235
0.0595365
0.0734778
0.0839014
0.0804966
0.0748265
0.0822662
0.0750201
0.0796227
0.0649317
0.0742207
0.0734034
0.0783515
0.0744146
0.083257
0.0808962
0.0639768
0.0913517
0.0680792
0.0508218
0.0692334
0.0790958
0.0726473
0.0740943
0.0723851
0.0588857
0.0752272
0.0638277
0.0720208
0.066333
0.0711163
0.0763869
0.0761286
0.0717851
0.0706221
0.0693245
0.0829963
0.0684745
0.0812381
0.0786959
0.0744026
0.0653509
0.0643513
0.0813826
0.075741
0.0665647
0.0817475
0.0687799
0.0859388
0.07585
0.065711
0.0759965
0.0733547
0.0860164
0.0741612
0.0797082
0.0847325
0.0701497
0.065699
0.0712459
0.072154
0.07188
0.0766651
0.0900351
0.0719679
0.0654296
0.0812538
0.0902764
0.0752023
0.0887731
0.0790671
0.0811869
0.0782547
0.0886077
0.0854769
0.0824545
0.0904742
0.0718534
0.0772006
0.0711839
0.0827192
0.0794638
0.0805302
0.0753293
0.0742917
0.0710346
0.0765643
0.0834883
0.0826218
0.0798844
0.0791696
0.0747458
0.0806427
0.0916579
0.0774733
0.0857992
0.0768617
0.0785933
0.0881874
0.0881788
0.0840512
0.082775
0.0942634
0.0900936
0.0922263
0.0909689
0.103097
0.108026
0.108211
0.0970188
0.098496
0.0972435
0.0976187
0.082326
0.0915944
0.0670981
0.0778717
0.0773935
0.082061
0.0740233
0.0752946
0.0800767
0.0873701
0.0806194
0.0825146
0.0734629
0.0820824
0.0809057
0.0838611
0.0820143
0.0818416
0.0805618
0.0811616
0.0712434
0.0795698
0.0817019
0.084341
0.0802285
0.0878004
0.0825601
0.095151
0.10028
0.0866228
0.0985764
0.104318
0.0978592
0.104799
0.107405
0.106204
0.104803
0.106623
0.102023
0.095846
0.0965874
0.0970225
0.0763727
0.0846164
0.0768698
0.0912942
0.0861577
0.0936051
0.0754657
0.0845583
0.0871214
0.0863263
0.0919711
0.0870035
0.0927507
0.0797549
0.083027
0.0830037
0.091697
0.0883082
0.0798976
0.0832145
0.0872606
0.0768566
0.0781108
0.0836251
0.0849166
0.0848159
0.0875504
0.0937102
0.0876482
0.0964055
0.0974676
0.0957293
0.0942276
0.102732
0.0993355
0.10019
0.104273
0.106751
0.0943794
0.0929238
0.0900576
0.0942074
0.0825221
0.0796071
0.0759039
0.0733437
0.0865874
0.0774643
0.0826833
0.0840891
0.0875618
0.0807394
0.0715219
0.0749849
0.0974449
0.0696479
0.0661957
0.0700805
0.0778689
0.0760719
0.072205
0.0634261
0.0887908
0.0648994
0.0691636
0.070274
0.0815699
0.0756971
0.0720375
0.0727515
0.0874598
0.0788223
0.0692086
0.0697178
0.0763343
0.0825505
0.0744993
0.080368
0.0796323
0.0748856
0.0753398
0.0874602
0.0724396
0.0714641
0.0823979
0.0700057
0.0786706
0.076469
0.0767166
0.0786347
0.0725373
0.064179
0.0746084
0.0776489
0.072274
0.0601966
0.0704377
0.0731031
0.0749865
0.0733634
0.0790465
0.0827061
0.0829162
0.0768253
0.0812372
0.0888258
0.103622
0.0964382
0.0988346
0.108074
0.105528
0.106863
0.110222
0.104058
0.115202
0.111644
0.111486
0.107061
0.114694
0.0962807
0.107798
0.0931925
0.0848316
0.0854222
0.0746312
0.0949628
0.0983138
0.0912153
0.0861012
0.0917012
0.0980964
0.104433
0.10604
0.116497
0.0901044
0.100187
0.100453
0.0924622
0.0817505
0.0937485
0.079795
0.0979357
0.088417
0.0792627
0.0910477
0.0909806
0.0890483
0.099562
0.0973808
0.0992435
0.091533
0.109625
0.114253
0.108324
0.126093
0.105682
0.117903
0.10897
0.121365
0.118994
0.107261
0.0978314
0.112736
0.0902351
0.0976539
0.0942081
0.0801602
0.0896337
0.0719896
0.0752384
0.107178
0.0593686
0.107186
0.0520123
0.0755643
0.119193
0.0945223
0.0493323
0.0661142
0.0772492
0.0794437
0.111653
0.0836867
0.0979034
0.11872
0.0984523
0.0994452
0.101466
0.120047
0.0878391
0.08452
0.102686
0.118469
0.0953827
0.10999
0.0941115
0.118839
0.115615
0.114385
0.113002
0.120626
0.113135
0.137072
0.122447
0.121456
0.119327
0.110543
0.111242
0.129021
0.114709
0.120472
0.0960546
0.107204
0.113653
0.107027
0.0861189
0.0971125
0.0674574
0.0648693
0.0755417
0.0940807
0.0563806
0.0418587
0.0939161
0.0621038
0.084829
0.0597065
0.0615232
0.066793
0.0911525
0.0499686
0.0726656
0.0674913
0.056851
0.0622349
0.0711926
0.100738
0.0737151
0.104871
0.0766808
0.0894072
0.071287
0.0757816
0.0719248
0.101616
0.0898555
0.0841631
0.114674
0.0923526
0.0744974
0.0894319
0.105875
0.125353
0.110051
0.108734
0.115349
0.133299
0.112649
0.104673
0.105588
0.123643
0.108229
0.120463
0.141436
0.125184
0.0971282
0.108449
0.101213
0.11866
0.113985
0.0787539
0.0937189
0.0974328
0.0925919
0.0875072
0.0620615
0.0413295
0.0988126
0.0829939
0.0319671
0.0713379
0.0470598
0.0769721
0.0990957
0.0809281
0.0582094
0.0509731
0.0954683
0.0625539
0.0905755
0.107417
0.0899051
0.0770117
0.0940263
0.110693
0.103785
0.0878676
0.0982173
0.0795647
0.103975
0.0740051
0.102738
0.126248
0.0635901
0.105626
0.0527825
0.0842154
0.0414398
0.0671263
0.0914165
0.0905793
0.0816612
0.0594371
0.0775956
0.0654635
0.0742542
0.0845218
0.0747308
0.0853808
0.131423
0.0986781
0.0579901
0.095375
0.0617715
0.119213
0.119602
0.0879609
0.053962
0.0722176
0.10586
0.0791
0.108822
0.0899234
0.0991832
0.115735
0.0955694
0.077468
0.10272
0.0819768
0.0574481
0.068873
0.0947238
0.0441739
0.0662125
0.0803244
0.0548776
0.0382468
0.0909774
0.0463355
0.0283855
0.0862501
0.0383611
0
0.0782333
0.0766338
0.0572994
0.0815168
0.068324
0.108575
0.0887804
0.0300154
0.101917
0.0504372
0.0712833
0.115709
0.0973005
0.090787
0.0471655
0.104213
0.0400228
0.0699819
0.058098
0.0879039
0.0568427
0.111243
0.146096
0.0717543
0.0654703
0.0663849
0.16093
0.0974735
0.0560764
0.0577081
0.136741
0.0979264
0.0741602
0.0762296
0.0841466
0.107314
0.10599
0.122814
0.108582
0.0874576
0.11914
0.117577
0.107381
0.114054
0.111307
0.0914395
0.127187
0.0523788
0.0864971
0.124062
0.0714004
0.0687584
0.0892502
0.0763917
0.0913167
0.0484038
0.0795403
0.105902
0.0852087
