0.115851
0.121954
0.118399
0.125315
0.126859
0.118404
0.116972
0.129192
0.126696
0.143486
0.129098
0.140836
0.13455
0.146048
0.145592
0.142141
0.138448
0.13893
0.135092
0.12682
0.141173
0.138701
0.133347
0.140679
0.135848
0.133118
0.145887
0.145905
0.147274
0.14864
0.150209
0.147897
0.148508
0.149174
0.150227
0.148266
0.147064
0.146034
0.145309
0.138515
0.134124
0.134788
0.138958
0.134904
0.142076
0.142478
0.147673
0.146938
0.152043
0.150622
0.152208
0.156277
0.162768
0.163027
0.163532
0.162189
0.154664
0.14744
0.145124
0.141925
0.135571
0.116287
0.103824
0.11027
0.114788
0.10008
0.106782
0.116166
0.108079
0.117507
0.123692
0.128189
0.128988
0.122443
0.127877
0.126976
0.121262
0.133137
0.120342
0.121189
0.121086
0.116777
0.12048
0.11508
0.118389
0.123629
0.129049
0.13088
0.132856
0.134466
0.136694
0.142848
0.131465
0.134017
0.131227
0.137174
0.13496
0.126681
0.135958
0.132804
0.139435
0.141798
0.140219
0.140642
0.135592
0.1372
0.137398
0.146477
0.14474
0.145223
0.146713
0.142495
0.141469
0.14792
0.137902
0.132408
0.133028
0.127164
0.122707
0.124125
0.123121
0.125449
0.129735
0.131535
0.139455
0.137111
0.140862
0.14112
0.140492
0.149561
0.144429
0.151926
0.151207
0.157524
0.157519
0.15496
0.151201
0.144289
0.144339
0.136866
0.128511
0.120198
0.12655
0.121609
0.128004
0.117549
0.115142
0.127826
0.125499
0.135551
0.136776
0.141606
0.142536
0.142889
0.145647
0.148543
0.145765
0.148415
0.15225
0.148745
0.152432
0.148389
0.147484
0.142808
0.139328
0.130754
0.125648
0.133668
0.122047
0.123998
0.135556
0.134192
0.127722
0.132265
0.133694
0.14243
0.133185
0.131933
0.124651
0.1257
0.116021
0.113177
0.1167
0.113209
0.113063
0.124833
0.119909
0.128215
0.124844
0.124809
0.133309
0.137593
0.132631
0.136875
0.134582
0.13728
0.133948
0.131058
0.121087
0.10996
0.108528
0.104425
0.106768
0.106937
0.104142
0.114855
0.11902
0.111042
0.124838
0.121874
0.123621
0.123513
0.132649
0.13413
0.138097
0.139745
0.135938
0.139843
0.140594
0.142926
0.139176
0.136417
0.133808
0.122068
0.111599
0.114545
0.10118
0.101453
0.101667
0.11213
0.112237
0.108471
0.108911
0.113481
0.114665
0.12224
0.125024
0.135492
0.12712
0.135339
0.135555
0.13784
0.143331
0.143661
0.147161
0.142987
0.147368
0.143871
0.146467
0.142864
0.137822
0.133198
0.135704
0.135404
0.126927
0.113008
0.108197
0.0990356
0.0961207
0.0915225
0.101837
0.0973838
0.0883036
0.101821
0.115679
0.104125
0.10536
0.112284
0.117678
0.111533
0.112936
0.130592
0.127176
0.13238
0.141433
0.142563
0.143739
0.150241
0.145444
0.138122
0.147979
0.141846
0.138215
0.13053
0.126618
0.122345
0.137039
0.121628
0.108635
0.103205
0.0977651
0.0998161
0.105855
0.1039
0.107267
0.097384
0.094727
0.112378
0.094896
0.107072
0.11671
0.11025
0.113316
0.127304
0.128136
0.126423
0.122906
0.13212
0.133247
0.128606
0.13302
0.120378
0.119756
0.101392
0.0950802
0.105399
0.0870499
0.0715618
0.0885876
0.090824
0.0858064
0.0834945
0.0774836
0.0790018
0.0957994
0.0913721
0.0940013
0.0927966
0.0965819
0.095078
0.111682
0.111357
0.120194
0.120577
0.125547
0.124493
0.130417
0.135052
0.135254
0.129015
0.129342
0.126077
0.122477
0.112381
0.0967921
0.0901544
0.0884658
0.079317
0.0776109
0.0777784
0.0835612
0.0821762
0.0831133
0.0878341
0.0943246
0.0781393
0.0929179
0.0795663
0.0872542
0.0990937
0.104212
0.0955639
0.100175
0.120224
0.095168
0.11254
0.120523
0.117529
0.120154
0.128043
0.130336
0.12794
0.129678
0.132007
0.136652
0.128658
0.123628
0.122213
0.118774
0.106712
0.0959882
0.0906092
0.0877511
0.0962657
0.098008
0.0907076
0.095956
0.0954493
0.0963387
0.107254
0.0887002
0.0936454
0.0967738
0.101117
0.11141
0.0943496
0.106205
0.104593
0.119161
0.108372
0.112572
0.115705
0.114982
0.121796
0.128858
0.127759
0.121958
0.121529
0.129874
0.125141
0.129658
0.11769
0.115288
0.1219
0.124227
0.121325
0.119345
0.101985
0.108223
0.0920534
0.093593
0.0920721
0.0948836
0.101004
0.0999872
0.119447
0.108886
0.110388
0.114582
0.114652
0.122914
0.120287
0.126032
0.127582
0.13642
0.137051
0.130437
0.124293
0.123067
0.122848
0.122875
0.109552
0.10656
0.0830801
0.070464
0.103392
0.0921133
0.0786341
0.0892582
0.109467
0.0935606
0.0754234
0.0784853
0.102142
0.0765739
0.0885231
0.106181
0.107839
0.0909905
0.0807492
0.0945055
0.104166
0.10719
0.0996398
0.101299
0.101032
0.11103
0.0953354
0.114333
0.097012
0.122039
0.115582
0.125877
0.111039
0.123288
0.122806
0.12124
0.111793
0.118133
0.10057
0.0994311
0.0751342
0.0811057
0.075785
0.0838283
0.0839074
0.0773028
0.100117
0.07678
0.0861682
0.124314
0.163857
0.216998
0.266975
0.365615
0.378737
0.415783
0.414001
0.359301
0.294712
0.21109
0.13616
0.111006
0.113033
0.103415
0.107281
0.10758
0.0961495
0.0877965
0.0987661
0.10383
0.0989775
0.102696
0.100172
0.109597
0.11394
0.105835
0.116117
0.108121
0.107211
0.0950661
0.10816
0.100978
0.0829094
0.101575
0.0939314
0.0861412
0.0708163
0.0904015
0.0918222
0.071047
0.0991832
0.117524
0.0954066
0.107812
0.0868791
0.111242
0.104991
0.103491
0.0986915
0.12777
0.112614
0.105234
0.112415
0.115309
0.107622
0.0909737
0.0962707
0.0785702
0.0673944
0.108761
0.0838341
0.0619986
0.0860126
0.0749119
0.102235
0.0818064
0.0845682
0.0909137
0.0891955
0.0931248
0.0956832
0.0793696
0.0830945
0.0903833
0.0861817
0.0958369
0.0938376
0.0960379
0.086126
0.0886505
0.109076
0.0983752
0.0984968
0.114655
0.0839766
0.0845953
0.0923466
0.102259
0.0980587
0.104136
0.110843
0.0922956
0.11811
0.111541
0.0922788
0.0899772
0.0939179
0.0797598
0.105463
0.0653146
0.0768775
0.0639357
0.0674815
0.075335
0.07722
0.0678243
0.0703254
0.07623
0.0932476
0.0804084
0.0532656
0.0747735
0.0533036
0.0839332
0.0754733
0.0966893
0.0793988
0.0669534
0.069426
0.0957862
0.0788457
0.084387
0.0907586
0.0702262
0.081331
0.0819552
0.0777997
0.0894578
0.0953533
0.0800198
0.0705569
0.0863477
0.0823181
0.0643603
0.0885472
0.0859197
0.0826115
0.0986085
0.0866512
0.0921112
0.0826888
0.0738813
0.0911205
0.0967578
0.073509
0.0807556
0.0647412
0.0738599
0.0727773
0.0778423
0.0823163
0.0739267
0.0776286
0.0762072
0.0865497
0.0817171
0.0815199
0.099222
0.0710729
0.103496
0.0656508
0.0979367
0.0817758
0.086879
0.0786313
0.0743016
0.0783789
0.079004
0.0570698
0.0836626
0.0849842
0.0900365
0.075221
0.0805385
0.0620757
0.0665173
0.0781203
0.105933
0.103816
0.0656113
0.078969
0.0672684
0.06773
0.0585647
0.0856641
0.0990274
0.0905516
0.0801872
0.0749255
0.0827831
0.0956898
0.0978804
0.104106
0.0832884
0.0962834
0.089901
0.0751445
0.0844385
0.0716917
0.0971996
0.0644043
0.0839139
0.090785
0.0879239
0.0863526
0.0688588
0.076872
0.079811
0.0850479
0.0709451
0.0687615
0.0706401
0.0692652
0.0643842
0.069984
0.0624187
0.0557936
0.0639294
0.071043
0.0598299
0.0685468
0.0510986
0.0633085
0.0774909
0.052359
0.0546525
0.0487815
0.0511132
0.0647533
0.0560051
0.072243
0.0593905
0.0737571
0.0525593
0.057852
0.0535641
0.0551447
0.0558244
0.0541023
0.057557
0.0541316
0.0599882
0.0601386
0.0732353
0.0736959
0.071373
0.0556109
0.0642451
0.0760913
0.058807
0.0704694
0.0690103
0.06121
0.0663414
0.0728714
0.0826385
0.0627155
0.0696961
0.0605356
0.0660304
0.0628546
0.0593569
0.0562351
0.0639869
0.066312
0.0398259
0.0653244
0.0591684
0.0605513
0.0594354
0.0703417
0.0724421
0.0589202
0.0552832
0.0743161
0.0569876
0.062737
0.0427347
0.0712385
0.0595762
0.0519957
0.0606118
0.0677971
0.0602877
0.070448
0.0413585
0.0694136
0.0460332
0.0731335
0.0855976
0.0571694
0.0514581
0.0704178
0.0554678
0.0778907
0.0799487
0.0770308
0.0790367
0.0787946
0.0763884
0.0677756
0.0738464
0.0598955
0.054826
0.0588432
0.0708567
0.0475833
0.0640635
0.0933883
0.0559485
0.0821252
0.0773993
0.0729935
0.0708434
0.0510069
0.0632369
0.0812066
0.0937531
0.0719341
0.0688409
0.0547153
0.0613107
0.0584097
0.0564034
0.0851408
0.0555498
0.0869984
0.0795265
0.0640279
0.0394424
0.0592411
0.0586787
0.0751484
0.0674087
0.0603337
0.0614046
0.0851642
0.0642067
0.091433
0.0539062
0.0530563
0.0741736
0.0686558
0.0545613
0.0568259
0.0725788
0.0709023
0.0647123
0.0732999
0.0654915
0.0689225
0.0612945
0.0453552
0.0685307
0.0343679
0.0651884
0.0654761
0.0567019
0.0589637
0.051816
0.0738998
0.0693864
0.0504545
0.0521242
0.0603708
0.0617447
0.0624105
0.0683845
0.0673889
0.0629608
0.061496
0.0595346
0.0668158
0.0640486
0.0697537
0.0662778
0.0640439
0.0612701
0.0658753
0.068112
0.063841
0.0707474
0.0693637
0.0656343
0.0693566
0.0630154
0.053297
0.0638566
0.0563907
0.0541702
0.056473
0.0579783
0.0564495
0.0586643
0.0576624
0.0631853
0.0639779
0.0556717
0.0578702
0.0530323
0.0609625
0.0617132
0.0558918
0.0560124
0.0540092
0.0576952
0.055995
0.0584153
0.0523327
0.0421839
0.050112
0.0554536
0.0597459
0.0516701
0.0455566
0.0577657
0.0572436
0.0578155
0.053564
0.0541151
0.0539641
0.0586511
0.0529852
0.0562793
0.0587591
0.0528704
0.061523
0.0614081
0.0475533
0.056048
0.0549049
0.048286
0.0564089
0.0563413
0.0564792
0.0570679
0.0566473
0.0600507
0.0564982
0.0546674
0.0554903
0.0559466
0.0575799
0.052266
0.0561748
0.058002
0.0572073
0.0624605
0.0597317
0.0537191
0.0550338
0.0520988
0.0590552
0.0599505
0.0495504
0.059623
0.0517741
0.0419647
0.0561885
0.0608599
0.0552884
0.0579723
0.0520506
0.0584182
0.0556752
0.049584
0.0536301
0.0555727
0.0569648
0.0530929
0.0563636
0.0470218
0.0574516
0.0611052
0.0559134
0.0619564
0.0558713
0.0630218
0.0586683
0.0518324
0.0542169
0.0521567
0.0507605
0.0556865
0.0583027
0.0574078
0.0585417
0.0586528
0.0550898
0.0537359
0.0446502
0.0564434
0.052254
0.0515569
0.0562118
0.0621681
0.0586452
0.0506018
0.0639443
0.063924
0.0568867
0.0535374
0.0502902
0.0570317
0.0550793
0.0497451
0.057959
0.0559304
0.0591003
0.0580581
0.0522971
0.0645845
0.0555269
0.0528666
0.0610165
0.0521179
0.0493528
0.0615599
0.0684324
0.0673013
0.0701227
0.0664463
0.0757519
0.0636394
0.0576676
0.0665274
0.0591501
0.0640133
0.0591949
0.0717125
0.0660257
0.0606676
0.0704296
0.0623774
0.0550423
0.0625174
0.0499269
0.0514879
0.0733233
0.0538611
0.0685288
0.0605925
0.0594562
0.0539112
0.0534907
0.066941
0.0532708
0.0517835
0.0643487
0.0652144
0.0625271
0.0518752
0.0624792
0.0518505
0.059741
0.0642596
0.0648785
0.0548961
0.051654
0.0538375
0.0641552
0.0542213
0.0721761
0.0649963
0.058789
0.0626396
0.0525094
0.058945
0.0669634
0.0830943
0.0525663
0.0720124
0.0599116
0.0579865
0.0669168
0.0524972
0.0525928
0.0582261
0.0519821
0.0733062
0.06273
0.0714049
0.0499983
0.0571656
0.0484088
0.0400082
0.0573683
0.0548969
0.0568151
0.059686
0.0491013
0.0515069
0.054538
0.0508405
0.0522406
0.0525067
0.0441144
0.0606906
0.047881
0.0550649
0.0589404
0.0665572
0.0464928
0.0306338
0.0599303
0.0570968
0.0517344
0.0647448
0.0450084
0.0537951
0.0562715
0.0610885
0.0497059
0.0554822
0.0618971
0.0591453
0.0521687
0.0534613
0.0636707
0.0425142
0.0479989
0.0569319
0.0645274
0.0535375
0.056855
0.0582039
0.0518242
0.063592
0.0441032
0.0382828
0.051848
0.0532397
0.0475909
0.0562468
0.0622399
0.0494972
0.062354
0.0604008
0.0544259
0.0558148
0.0542784
0.0651708
0.0481767
0.0563372
0.0629948
0.0579145
0.0600429
0.0612782
0.0515716
0.0525195
0.0535432
0.0543313
0.0524109
0.0645685
0.0575888
0.0529035
0.0524979
0.0675827
0.0553392
0.0348076
0.0599405
0.0487742
0.0613254
0.0397133
0.0580499
0.0583154
0.054797
0.049983
0.0445455
0.0581546
0.0552227
0.0565088
0.0533593
0.0520013
0.0595152
0.0547951
0.0486939
0.0532882
0.051122
0.0477733
0.0513585
0.0544886
0.0540177
0.0531559
0.0498225
0.0547216
0.0596328
0.0509085
0.0515106
0.0550964
0.0567737
0.0610781
0.0622444
0.0593911
0.0612814
0.0669245
0.0599902
0.0521376
0.0648011
0.0599504
0.0709697
0.0565236
0.0501976
0.0640258
0.0576418
0.0645967
0.0594471
0.058619
0.054357
0.0616905
0.0583132
0.0599114
0.0616878
0.0662873
0.0680007
0.0580542
0.0629315
0.0675079
0.0692054
0.0689006
0.0837852
0.094702
0.117391
0.189106
0.386745
0.546982
0.632639
0.653036
0.603436
0.503103
0.288393
0.148478
0.0990246
0.0800834
0.0729285
0.0661102
0.0640545
0.065946
0.0563323
0.0567346
0.0612925
0.0634615
0.0624866
0.0630925
0.0597771
0.0568113
0.0568291
0.0552479
0.0608202
0.0550513
0.057864
0.0579705
0.0579068
0.0644211
0.0569247
0.0661394
0.0529766
0.052268
0.0610914
0.0647771
0.0739341
0.0677794
0.0703807
0.0708679
0.0743497
0.064284
0.0788051
0.0692332
0.0659857
0.0668582
0.060048
0.0615799
0.0627298
0.0622718
0.0640542
0.0580619
0.0653819
0.0595411
0.0625976
0.0625257
0.0673713
0.0630261
0.0632832
0.0616826
0.058612
0.0617408
0.0614441
0.0606336
0.0677413
0.0625811
0.0665431
0.0570609
0.0573076
0.0616578
0.0579605
0.0581204
0.0661364
0.0607726
0.0589119
0.0580237
0.0549388
0.0609832
0.0597348
0.0567591
0.0678416
0.065898
0.053039
0.0614777
0.0539839
0.0578371
0.0618177
0.0640984
0.06269
0.0696161
0.0544808
0.0606024
0.0554321
0.0542774
0.0562061
0.0629735
0.0532931
0.0523718
0.0642376
0.0587435
0.0609064
0.0609896
0.0649163
0.0653652
0.0541596
0.0555287
0.050201
0.064754
0.0489566
0.0651306
0.0616312
0.0693086
0.0472173
0.0537336
0.0582626
0.0770328
0.0744944
0.0460869
0.0482547
0.0521104
0.0634713
0.0608798
0.065947
0.0615167
0.058999
0.0513543
0.06139
0.064039
0.061512
0.0519007
0.0647748
0.0587124
0.056666
0.0536785
0.0447938
0.0608521
0.0552516
0.0560142
0.0718256
0.0590424
0.070886
0.0434169
0.0457477
0.0657113
0.0102126
0.066863
0.0376342
0.0742621
0.0803824
0.0458186
0.0465931
0.0786612
0.043541
0.048413
0.0540527
0.0867034
0.0474393
0.0481451
0.0399102
0.082109
0.073491
0.0561972
0.0629653
0.0452764
0.0569088
0.0575387
0.03974
0.0701547
0.0609528
0.0546244
0.0755516
0.0614842
0.0495523
0.060805
0.0688705
0.0534493
0.055091
0.0746378
0.0734426
0.0699635
0.0390688
0.0582129
0.0484822
0.0436419
0.0561925
0.048591
0.0892992
0.0608969
0.0531128
0.047921
0.0631948
0.0461543
0.0454094
0.0443002
0.0747696
0.0450746
0.0588688
0.0610691
0.0420059
0.0869018
0.0489513
0.0850707
0.0518776
0.0501282
0.0584979
0.056761
0.076401
0.0574152
0.0572119
0.0573039
0.0431877
0.0736103
0.069417
0.049777
0.0460531
0.0507294
0.0854073
0.0692246
0.0733277
0.077726
0.0681979
0.0716949
0.0744407
0.0854026
0.0864928
0.0427982
0.0554084
0.0488111
0.0340256
0.0510423
0.0691265
0.060813
0.0631034
0.0636628
0.0507269
0.0546418
0.0701349
0.059066
0.0728775
0.0703621
0.0644201
0.0684458
0.0632235
0.0699885
0.0689884
0.0728348
0.0720428
0.0809234
0.0652169
0.0740086
0.07834
0.0865893
0.0819284
0.091795
0.0971813
0.085767
0.0989684
0.112253
0.104923
0.112421
0.0943514
0.089131
0.0846776
0.043409
0.0754617
0.0663726
0.0467888
0.0427645
0.0494657
0.0609641
0.0809107
0.0679606
0.0737163
0.0576087
0.0494949
0.0602719
0.0575385
0.0662593
0.0438875
0.0561396
0.0544611
0.0646688
0.0464986
0.0606765
0.0526671
0.0379094
0.0554711
0.0574536
0.0471767
0.0516898
0.0613055
0.0482415
0.0520165
0.0459952
0.0519482
0.0472972
0.0526916
0.0573776
0.061096
0.0428702
0.0557615
0.0619354
0.0649005
0.0554298
0.055937
0.0579536
0.0500612
0.0572896
0.0480956
0.0615845
0.0576668
0.0583945
0.0643856
0.0651014
0.062429
0.0583269
0.0530527
0.0684172
0.0601623
0.0740856
0.0471449
0.0482071
0.0593294
0.0518057
0.0646288
0.0621856
0.0514102
0.0474024
0.0691284
0.0652146
0.0565717
0.052846
0.0605736
0.0662395
0.0673891
0.065004
0.0622109
0.0659146
0.0596268
0.0723119
0.0754316
0.0696065
0.0718445
0.0598259
0.0606637
0.0545051
0.057856
0.0657311
0.0608482
0.0621112
0.0610605
0.0582987
0.0524065
0.0672407
0.0647169
0.0567291
0.058527
0.0638455
0.075028
0.0768672
0.0639475
0.0706755
0.0668424
0.0623709
0.0745368
0.0751849
0.0833979
0.0738792
0.0784335
0.0681745
0.0862712
0.0801346
0.0990601
0.0985466
0.0976888
0.0950612
0.0897263
0.0865108
0.0779143
0.0684323
0.0733839
0.0614483
0.067347
0.0630464
0.0580269
0.0645925
0.059813
0.0544191
0.0608391
0.0716998
0.0660628
0.0608372
0.0625027
0.0708287
0.0667288
0.0646078
0.0662342
0.0604858
0.0642363
0.0612301
0.0660041
0.0631842
0.0667057
0.0666509
0.0734182
0.0693364
0.0807369
0.0786233
0.0834117
0.0873003
0.0948531
0.0954924
0.0987149
0.0988542
0.102065
0.0971329
0.0995445
0.0969081
0.0882214
0.0867662
0.0776916
0.0597
0.0765479
0.060789
0.0683603
0.0565179
0.0906024
0.0783689
0.0684701
0.0688536
0.0695924
0.0712637
0.0700534
0.0778495
0.0674527
0.0661705
0.0665375
0.0736942
0.0738872
0.0544261
0.0740157
0.0654548
0.0633119
0.072079
0.0677988
0.0678862
0.0765817
0.0786304
0.082375
0.082474
0.0895275
0.0852264
0.0916871
0.0882792
0.088354
0.093947
0.0976869
0.0958284
0.0996017
0.095832
0.081878
0.0770423
0.0699902
0.075013
0.0660151
0.0610733
0.0642851
0.0667863
0.0620625
0.0605315
0.0686618
0.069341
0.0641874
0.059266
0.0722214
0.0820499
0.059149
0.0591529
0.0549133
0.0561761
0.0645913
0.0536166
0.062163
0.0711884
0.0612559
0.0517144
0.0642652
0.06026
0.0690931
0.0523396
0.0536605
0.0622834
0.0560547
0.0593158
0.0562932
0.061632
0.0602249
0.0595394
0.0575372
0.0631889
0.0549399
0.0546173
0.059292
0.059647
0.0563595
0.0597633
0.0525845
0.06306
0.0630582
0.0588751
0.0547118
0.052003
0.0494448
0.0527819
0.0567903
0.0487987
0.0482389
0.0560704
0.0433342
0.0546763
0.0510663
0.056255
0.0588346
0.062091
0.0624371
0.0631737
0.069345
0.0840335
0.0752676
0.0753376
0.0855738
0.0856948
0.0996759
0.0962366
0.0933342
0.0920762
0.0975967
0.0960774
0.0847741
0.102007
0.0899936
0.0831432
0.0963269
0.0748657
0.0819226
0.0636866
0.0878472
0.085017
0.0829017
0.096331
0.0898537
0.0942065
0.0973263
0.0853659
0.0972993
0.0885286
0.0975834
0.0871316
0.072485
0.0869594
0.0774806
0.0722976
0.0806856
0.067569
0.0769319
0.0746312
0.0806573
0.0854635
0.0908156
0.0930069
0.109589
0.094053
0.117538
0.103575
0.106598
0.113512
0.115884
0.118678
0.115899
0.122205
0.0956702
0.103394
0.0941876
0.0965219
0.0952977
0.0822376
0.0936894
0.100902
0.0926295
0.0625423
0.0422222
0.0977093
0.0492145
0.0860492
0.0672483
0.0758929
0.0747931
0.0499585
0.0259608
0.0693949
0.0882266
0.0884219
0.113792
0.0871441
0.114732
0.106587
0.0678231
0.100184
0.0852605
0.132612
0.0679369
0.114418
0.104183
0.103387
0.0956047
0.107582
0.106628
0.125511
0.113969
0.127715
0.117807
0.115605
0.10298
0.114342
0.118469
0.121583
0.130789
0.131416
0.124687
0.120758
0.101251
0.116897
0.106862
0.117236
0.122442
0.105086
0.077589
0.0881323
0.0656927
0.0818464
0.0583452
0.0696986
0.0609309
0.0744653
0.0971988
0.0220444
0.0813057
0.069357
0.0756631
0.0724517
0.0741264
0.0523704
0.0553891
0.0494389
0.0755846
0.0691127
0.0584923
0.10528
0.0517589
0.0817962
0.0578267
0.0883325
0.0828219
0.0720315
0.0517861
0.116146
0.0699525
0.0968914
0.104193
0.107756
0.119174
0.116801
0.098618
0.127198
0.122468
0.117467
0.121425
0.142474
0.121466
0.122808
0.112196
0.128395
0.132193
0.129361
0.120591
0.124701
0.0957049
0.120011
0.0963467
0.13927
0.123996
0.0951588
0.074253
0.0923383
0.0581183
0.0978356
0.0687885
0.046691
0.0979632
0.0692937
0.0413074
0.0744974
0.0698553
0.0521611
0.11067
0.0860358
0.0665749
0.0616473
0.0751585
0.0645294
0.064178
0.118833
0.0838955
0.0884565
0.095101
0.088285
0.0828719
0.0868521
0.122394
0.0907712
0.114699
0.0661448
0.101234
0.0795728
0.00448781
0.0723918
0.0767488
0.082829
0.0914307
0.105825
0.0651152
0.0803547
0.0477724
0.0576794
0.0770524
0.0478085
0.115347
0.0586983
0.0898648
0.0530033
0.130519
0.0811124
0.0538915
0.123444
0.0609076
0.123437
0.106134
0.0854883
0.088716
0.0714554
0.0889587
0.123928
0.119626
0.0937993
0.116979
0.107355
0.0972155
0.0785881
0.0707155
0.120425
0.0961413
0.0398241
0.0976135
0.0572574
0.0618467
0.104373
0.0574765
0.0467688
0.106484
0.102545
0
0.0353815
0.013311
0.000958084
0.0322463
0.114618
0.0813456
0.0457121
0.0640245
0.0668313
0.0168056
0.044017
0.117377
0.0450326
0.0567027
0.0581144
0.0564312
0.037983
0.0579471
0.0918823
0.102491
0.0789964
0.135476
0.105685
0.0913921
0.0790307
0.0912547
0.0701945
0.0651021
0.0858855
0.118454
0.0678229
0.0728446
0.0660308
0.106614
0.0974616
0.0768128
0.105602
0.103741
0.0871233
0.092864
0.128818
0.0958007
0.0980664
0.110751
0.148586
0.123096
0.0967306
0.0967963
0.105429
0.132602
0.0627182
0.0915265
0.137507
0.0652482
0.0870714
0.0530952
0.0417435
0.0774414
0.0519407
0.0621737
0.107487
0.0660332
