0.140786
0.136014
0.138883
0.139959
0.130774
0.14255
0.137733
0.140345
0.152658
0.157845
0.154607
0.160451
0.153386
0.164533
0.165296
0.168533
0.172892
0.17018
0.172706
0.170431
0.169027
0.168752
0.177712
0.16492
0.177712
0.185791
0.185314
0.188555
0.191867
0.194202
0.198065
0.203061
0.202946
0.201131
0.206676
0.207977
0.209601
0.212005
0.208116
0.201712
0.199356
0.192059
0.199452
0.203473
0.207492
0.217554
0.217617
0.220748
0.2235
0.228824
0.224967
0.211224
0.201073
0.19979
0.199755
0.199723
0.214262
0.236157
0.236076
0.232114
0.215695
0.201655
0.160283
0.146046
0.137816
0.150078
0.137088
0.134194
0.1278
0.127493
0.115836
0.129075
0.120695
0.1228
0.119586
0.122434
0.123878
0.118443
0.122366
0.12464
0.122923
0.126076
0.124682
0.122285
0.133422
0.133026
0.134382
0.130775
0.135266
0.143364
0.140232
0.147598
0.151931
0.156652
0.16745
0.171519
0.178837
0.188712
0.191369
0.194222
0.201817
0.20698
0.202099
0.186948
0.17461
0.170597
0.167142
0.165451
0.164961
0.169814
0.172429
0.172839
0.177856
0.174153
0.176254
0.178125
0.170687
0.161751
0.157258
0.160591
0.166392
0.163592
0.170392
0.171741
0.175117
0.177899
0.18282
0.188353
0.193965
0.19432
0.197836
0.198395
0.198055
0.199524
0.200175
0.19937
0.204872
0.211614
0.207531
0.204196
0.192883
0.180898
0.163962
0.167102
0.177759
0.183984
0.187281
0.185888
0.184811
0.191984
0.195957
0.210152
0.217954
0.21985
0.225987
0.22597
0.225463
0.226343
0.229252
0.230422
0.229993
0.229035
0.232801
0.224899
0.210441
0.182102
0.145973
0.134016
0.129669
0.127647
0.121777
0.118616
0.117251
0.117854
0.11862
0.123211
0.11999
0.12717
0.133408
0.126387
0.130892
0.137202
0.129893
0.138953
0.138422
0.130076
0.128789
0.135364
0.132142
0.132051
0.129017
0.129111
0.133093
0.136028
0.138699
0.135657
0.142713
0.13515
0.136336
0.117723
0.117684
0.104461
0.102303
0.104011
0.108306
0.11565
0.117035
0.117143
0.121307
0.135139
0.132699
0.13568
0.14542
0.150496
0.151908
0.152193
0.1556
0.155256
0.161215
0.158904
0.163831
0.168616
0.163274
0.154939
0.141675
0.13008
0.134655
0.12966
0.126259
0.140338
0.140649
0.129497
0.137845
0.138991
0.148837
0.148701
0.163457
0.162065
0.16404
0.175682
0.185362
0.184151
0.192388
0.188263
0.193609
0.197383
0.200814
0.205765
0.205301
0.208982
0.208319
0.211021
0.20937
0.201377
0.195007
0.184158
0.170849
0.15082
0.142402
0.151611
0.14709
0.136722
0.136158
0.146149
0.148666
0.139919
0.141382
0.163545
0.161731
0.17505
0.179389
0.182963
0.18206
0.177297
0.194329
0.190888
0.197435
0.202266
0.193496
0.191895
0.186824
0.173245
0.156878
0.14216
0.131477
0.129769
0.127701
0.12979
0.128322
0.12667
0.135052
0.131214
0.145416
0.135474
0.139453
0.14378
0.147747
0.143132
0.144626
0.144432
0.130998
0.134365
0.125759
0.122242
0.126038
0.131465
0.131495
0.137351
0.139509
0.128106
0.139627
0.145663
0.143336
0.133097
0.121889
0.108601
0.115994
0.101431
0.131538
0.12062
0.118866
0.109299
0.115392
0.120685
0.129942
0.105163
0.116325
0.117435
0.116807
0.111286
0.11971
0.129546
0.132803
0.128022
0.138738
0.140803
0.147579
0.156713
0.150195
0.157203
0.155773
0.151312
0.159089
0.155369
0.140547
0.145012
0.136797
0.123195
0.124029
0.131444
0.127388
0.133178
0.108047
0.125686
0.136358
0.119705
0.133913
0.114846
0.127219
0.126956
0.124567
0.135583
0.136146
0.126745
0.143121
0.139731
0.140683
0.153444
0.145275
0.157152
0.164614
0.168454
0.1746
0.175416
0.189007
0.182391
0.179738
0.178232
0.15746
0.12949
0.138589
0.129041
0.120615
0.120036
0.113191
0.12001
0.119446
0.12349
0.119773
0.132656
0.125498
0.127114
0.116646
0.124254
0.115345
0.114975
0.114297
0.117545
0.115765
0.127334
0.11559
0.128945
0.125688
0.124771
0.127006
0.13091
0.131335
0.141436
0.1473
0.15544
0.169434
0.173234
0.183731
0.19451
0.211441
0.19053
0.175238
0.175388
0.159861
0.148901
0.136902
0.144727
0.158094
0.152135
0.16406
0.150227
0.156639
0.144088
0.157725
0.15745
0.155794
0.150537
0.155682
0.162914
0.160057
0.15207
0.140247
0.140251
0.143078
0.14773
0.152505
0.144926
0.132505
0.125209
0.137573
0.146189
0.132446
0.132092
0.136031
0.146119
0.12839
0.137414
0.139799
0.145447
0.154511
0.126225
0.137058
0.138764
0.139744
0.136127
0.125097
0.132528
0.140831
0.145608
0.143524
0.156392
0.146595
0.142315
0.179125
0.142248
0.161211
0.159057
0.160921
0.168178
0.169455
0.171311
0.177269
0.186556
0.186412
0.201486
0.201483
0.229918
0.207917
0.239307
0.217701
0.214462
0.188542
0.169604
0.138266
0.140331
0.162179
0.166482
0.175452
0.220574
0.262717
0.290202
0.325259
0.30962
0.29688
0.257267
0.21429
0.166234
0.119923
0.124452
0.135173
0.145363
0.133967
0.143073
0.134831
0.128236
0.149475
0.134482
0.145724
0.140236
0.135937
0.149049
0.158202
0.155423
0.1492
0.156504
0.152019
0.148655
0.146953
0.1371
0.120518
0.114941
0.118236
0.118134
0.127491
0.116321
0.108401
0.113942
0.125421
0.112278
0.105939
0.098718
0.106373
0.101473
0.106865
0.120395
0.111088
0.111659
0.104963
0.118163
0.112045
0.120203
0.119217
0.128798
0.117305
0.132531
0.132639
0.142265
0.139619
0.139093
0.12518
0.11018
0.128839
0.104824
0.111019
0.119489
0.111705
0.12384
0.123257
0.113591
0.131278
0.132072
0.124633
0.136345
0.134098
0.126018
0.139091
0.133482
0.104697
0.10975
0.118158
0.123224
0.120779
0.122936
0.125356
0.121952
0.120741
0.131572
0.123403
0.124242
0.148211
0.125428
0.126514
0.129867
0.132549
0.121383
0.1222
0.105826
0.111658
0.121281
0.0908437
0.122416
0.0870784
0.12302
0.0979213
0.0956774
0.103805
0.100852
0.101309
0.110348
0.0937742
0.0962018
0.0994436
0.0829446
0.104555
0.112661
0.0876168
0.0933361
0.103419
0.0993127
0.0953676
0.0752815
0.0940156
0.0983498
0.0972812
0.0826424
0.0843407
0.0896926
0.0956377
0.088401
0.0841499
0.0855823
0.095881
0.093361
0.0984395
0.110221
0.114021
0.106849
0.119534
0.114066
0.126003
0.111172
0.12883
0.101878
0.0927035
0.0838982
0.0857733
0.0760296
0.0621938
0.0773939
0.1025
0.0879985
0.0765862
0.111292
0.0906548
0.126411
0.0844802
0.119685
0.0919478
0.0913401
0.0923952
0.112819
0.0921495
0.122052
0.111752
0.111044
0.120395
0.134418
0.13534
0.137432
0.134264
0.115143
0.113153
0.125624
0.112457
0.0992858
0.10963
0.119876
0.127715
0.120544
0.123557
0.131119
0.132448
0.11735
0.111389
0.112373
0.102449
0.132614
0.125927
0.111112
0.089921
0.130615
0.103095
0.11389
0.10619
0.112794
0.0943911
0.104126
0.105961
0.110738
0.118012
0.121924
0.0884919
0.073057
0.0945282
0.0857552
0.0889723
0.0798021
0.0716597
0.0562195
0.058694
0.0692816
0.0639693
0.0736049
0.0548364
0.0611604
0.0589851
0.0613051
0.0622275
0.0581323
0.0753046
0.0568389
0.0609179
0.0498833
0.0599924
0.0602991
0.0507775
0.0694546
0.0514986
0.0619813
0.0492618
0.0620853
0.0653966
0.0517536
0.0575196
0.045098
0.0602401
0.0563041
0.0814173
0.056533
0.0574098
0.0647893
0.0645979
0.0664364
0.0722725
0.0568918
0.0745128
0.0617465
0.0901317
0.0824691
0.0699724
0.0625539
0.0550497
0.0677277
0.0571581
0.0651186
0.0519971
0.0507248
0.0562746
0.0520329
0.0520327
0.0588518
0.0550511
0.0593167
0.049817
0.0550818
0.0546405
0.0516149
0.0587831
0.0530676
0.0579395
0.0430306
0.0570463
0.0634421
0.0532294
0.0588276
0.0651838
0.0528661
0.0656792
0.0599857
0.0752409
0.0664335
0.0534291
0.0808867
0.0753051
0.113925
0.0717416
0.101714
0.0837436
0.111191
0.0871539
0.0855892
0.0732207
0.090836
0.100064
0.109297
0.0913664
0.10445
0.0951958
0.0874098
0.0857934
0.0903554
0.0980479
0.0973648
0.110733
0.105331
0.11328
0.100201
0.101357
0.130768
0.131648
0.13382
0.143199
0.142204
0.152099
0.133682
0.117554
0.155342
0.104426
0.129071
0.0947334
0.0903445
0.107703
0.0770017
0.0945284
0.110362
0.132985
0.0952946
0.11129
0.0808988
0.100801
0.0937954
0.0764694
0.126389
0.139831
0.123874
0.115945
0.113024
0.10328
0.114911
0.141943
0.139875
0.138394
0.143499
0.182775
0.161545
0.14424
0.143294
0.139077
0.109183
0.11865
0.118695
0.119035
0.110524
0.102501
0.0950441
0.0715357
0.0857937
0.0755099
0.0642111
0.068791
0.0492516
0.0360398
0.0621492
0.0401516
0.0285337
0.0340647
0.0393649
0.0231728
0.0422434
0.039658
0.0376995
0.0368828
0.0334829
0.0312411
0.0338522
0.0427944
0.0356561
0.042415
0.0460579
0.0463347
0.0390966
0.0356475
0.0321881
0.029265
0.032575
0.0291114
0.0256676
0.0325619
0.0320504
0.0293186
0.0345753
0.0284266
0.0210476
0.0264939
0.0283475
0.0315277
0.0256065
0.0303947
0.0343856
0.0294119
0.0389461
0.0330166
0.0339603
0.0245777
0.027954
0.0321323
0.0291572
0.0419926
0.0277347
0.0374946
0.0349447
0.0364915
0.0356457
0.0360383
0.0367679
0.0341218
0.0366025
0.0357037
0.0400156
0.0410272
0.0439925
0.0428465
0.0461264
0.0447825
0.0341207
0.0381425
0.0400106
0.0457899
0.0383488
0.0335765
0.0358535
0.0496368
0.0341952
0.0382806
0.0436026
0.0411847
0.0361268
0.0313283
0.0375076
0.0402713
0.0410518
0.0457977
0.0413149
0.0480246
0.0455854
0.0435378
0.0395805
0.0341615
0.0314689
0.0419536
0.0443571
0.0422552
0.0381856
0.0378151
0.0468641
0.0380383
0.0478036
0.0520302
0.0451511
0.0367781
0.0371687
0.0411203
0.033099
0.0396764
0.0424917
0.0495883
0.0519159
0.044877
0.0517463
0.0486693
0.0496213
0.0487579
0.0600092
0.0533028
0.0545158
0.0543862
0.0543542
0.0455212
0.0576323
0.0540396
0.0620411
0.0560926
0.0616651
0.0585462
0.064622
0.0576819
0.059789
0.067278
0.0640619
0.0731506
0.0715291
0.0746112
0.0730649
0.0814217
0.0790139
0.0807186
0.0768327
0.0840836
0.069417
0.0741412
0.0830605
0.0747099
0.0795374
0.0766457
0.0702659
0.07404
0.0801991
0.0758222
0.0833908
0.0743168
0.0763944
0.088306
0.0767481
0.0867034
0.0884439
0.0914875
0.0918905
0.0937266
0.0767345
0.0831682
0.0653786
0.0655539
0.0684768
0.0839245
0.0569422
0.0693035
0.0709691
0.0684008
0.0883423
0.0807688
0.06996
0.0729201
0.0794434
0.0715028
0.0650188
0.0753801
0.0867491
0.0753631
0.0652736
0.0869559
0.0597985
0.0618832
0.0648809
0.0563973
0.0615664
0.0700769
0.0449473
0.0586397
0.0556695
0.0592241
0.0572675
0.0565943
0.0583282
0.0392202
0.0530361
0.0556785
0.0541833
0.0543312
0.0548975
0.0555637
0.0593486
0.0558207
0.0517568
0.0584573
0.0566432
0.0324495
0.0656475
0.0501532
0.066952
0.043689
0.044384
0.0450177
0.0332281
0.032015
0.0314576
0.0306485
0.0282888
0.0445562
0.0416745
0.0442143
0.0336821
0.0313498
0.0379439
0.0258902
0.0181361
0.0330968
0.036963
0.0402859
0.0382515
0.044662
0.046449
0.0471114
0.0546253
0.0421245
0.0628151
0.0585008
0.0534139
0.041135
0.0554643
0.0458726
0.0539982
0.0377309
0.0404605
0.0428831
0.0417182
0.0349924
0.0279266
0.040874
0.032159
0.0326085
0.0271618
0.0377732
0.0289056
0.0351527
0.0342306
0.0277072
0.0285728
0.0396069
0.0370836
0.0213265
0.0477666
0.0356106
0.0371419
0.0315598
0.0424977
0.0359224
0.0499857
0.032223
0.0340883
0.0273753
0.0388875
0.0386644
0.0389851
0.0314296
0.0356477
0.0429003
0.0326644
0.0333546
0.0289397
0.0406232
0.0399914
0.0373133
0.03051
0.0362373
0.0427212
0.0375949
0.0297536
0.0426912
0.0355971
0.0369762
0.0380115
0.0402417
0.0526572
0.0413708
0.0401902
0.0409291
0.0496958
0.0409469
0.0422681
0.0456906
0.0429963
0.0436847
0.0357334
0.0365103
0.0344951
0.0358984
0.0337387
0.0401034
0.0329322
0.0394665
0.0356057
0.0317744
0.0318611
0.035215
0.0374236
0.0358998
0.0424391
0.0301307
0.0391331
0.0356939
0.0365019
0.0454694
0.0407564
0.0436351
0.0432928
0.0411594
0.0425486
0.0432056
0.0448423
0.0390962
0.0481333
0.0552127
0.0588827
0.0452418
0.0502903
0.0497631
0.0522055
0.0473178
0.0443887
0.0444808
0.0425787
0.0485172
0.0460149
0.0450142
0.048578
0.0447789
0.0465101
0.052722
0.0494519
0.0401285
0.0502854
0.0534339
0.0525304
0.0542845
0.0553286
0.055415
0.0673779
0.064462
0.0920296
0.124937
0.235167
0.35369
0.419217
0.425643
0.418385
0.355303
0.223663
0.132544
0.0913794
0.0734075
0.063182
0.0692427
0.0654606
0.0605375
0.057044
0.0615847
0.0581048
0.0671691
0.0612763
0.0611963
0.0592886
0.0564505
0.0621734
0.0583223
0.0652629
0.0554409
0.0573757
0.0581951
0.0600305
0.0603548
0.0611881
0.0561378
0.0567195
0.0459252
0.0511369
0.0578388
0.0546944
0.057397
0.0467849
0.0568896
0.0493873
0.0524362
0.0571421
0.0481776
0.0556515
0.0506228
0.0585565
0.0519405
0.0511886
0.0493971
0.0548713
0.0593144
0.0529825
0.0630472
0.0583013
0.0572822
0.0578346
0.0602889
0.0582931
0.0638198
0.057602
0.063215
0.062381
0.0604033
0.0581705
0.0517271
0.0590849
0.0627437
0.0562371
0.0582572
0.0526839
0.0442853
0.050706
0.0619507
0.0489123
0.0583728
0.0450118
0.0589726
0.0531218
0.0602943
0.0594829
0.0618787
0.0573733
0.052151
0.0579477
0.0572991
0.0498411
0.0580959
0.0594948
0.0551882
0.0562229
0.0584758
0.0553656
0.0571195
0.0537623
0.0639412
0.0498642
0.0493768
0.058996
0.0541902
0.0455772
0.0553397
0.0597854
0.0615943
0.0765258
0.0501158
0.0577272
0.0706684
0.06754
0.0741123
0.0623046
0.0625986
0.0575415
0.0454091
0.0660973
0.0673472
0.0610637
0.0805528
0.0623739
0.0734895
0.0707899
0.0678384
0.0674818
0.0698515
0.0707845
0.0775228
0.0800683
0.0681402
0.0620716
0.0699261
0.0695567
0.0637241
0.0737295
0.0680338
0.0660857
0.0761916
0.0706841
0.0724702
0.0760516
0.0704853
0.0639579
0.0605509
0.0601717
0.0624065
0.0723996
0.0707641
0.0592891
0.0702774
0.0851073
0.0712991
0.0717259
0.0754201
0.0605382
0.0657653
0.0720061
0.0447039
0.0669983
0.0496462
0.081406
0.072348
0.0568783
0.0812052
0.092094
0.0807518
0.0790342
0.0775899
0.0865336
0.0761544
0.0598659
0.104031
0.0962408
0.0716627
0.053812
0.0952401
0.122423
0.0891606
0.119607
0.122187
0.0847824
0.078083
0.0962619
0.120185
0.103747
0.0876658
0.113288
0.0872918
0.101959
0.0874445
0.0696516
0.0919492
0.0923133
0.0770178
0.0929997
0.0856793
0.0718207
0.10672
0.0776994
0.0957227
0.107759
0.0591127
0.0960973
0.0834111
0.0920847
0.0733161
0.0719977
0.0535719
0.101616
0.0831096
0.0810423
0.0571015
0.0736239
0.0576065
0.0645597
0.0652063
0.0651094
0.089345
0.0958512
0.0867722
0.0803569
0.0831643
0.0735501
0.0849128
0.108652
0.087339
0.102441
0.112201
0.0836915
0.0664231
0.0706464
0.0802235
0.0604537
0.0517687
0.059561
0.0547509
0.0618169
0.0644069
0.0741339
0.0331524
0.0632387
0.063835
0.0795391
0.0666284
0.0705532
0.0657993
0.0743189
0.0637472
0.0810288
0.0868491
0.0850081
0.0905473
0.0931808
0.116022
0.118363
0.107904
0.127442
0.130915
0.132595
0.154666
0.162148
0.15584
0.142989
0.12904
0.091222
0.0692215
0.0594671
0.0573089
0.0627579
0.0634756
0.0648511
0.0464159
0.0491521
0.0601476
0.066048
0.0555767
0.0508207
0.0767693
0.0579808
0.0603166
0.0412131
0.0519948
0.0706684
0.0623454
0.0561223
0.0704933
0.0736643
0.067988
0.0527581
0.0673496
0.0592229
0.0594615
0.060477
0.0573595
0.0660533
0.0547936
0.0598343
0.0541871
0.0515423
0.0470047
0.0478757
0.0543882
0.0611643
0.0668507
0.0612152
0.0543458
0.0518805
0.0606184
0.0545753
0.0612586
0.0598367
0.0663537
0.0524261
0.0624635
0.0734907
0.0632113
0.0643497
0.0586392
0.0717306
0.0605825
0.0613311
0.0627739
0.0604418
0.050261
0.0525024
0.0523243
0.0519763
0.0538003
0.0494193
0.0621011
0.052226
0.0556895
0.0436296
0.0543777
0.0506067
0.0505711
0.0547029
0.0516878
0.0493062
0.0598125
0.0525299
0.0601796
0.0571794
0.0576308
0.0652405
0.0560866
0.0597703
0.0550623
0.0539351
0.0568023
0.0472799
0.0489867
0.054585
0.0637801
0.0527861
0.0594789
0.0601987
0.0627854
0.0574183
0.0535108
0.0635714
0.0567759
0.0627857
0.0656065
0.0546502
0.072043
0.0683103
0.0708547
0.0684959
0.0675603
0.0730435
0.0731124
0.0764011
0.0792082
0.0881524
0.089066
0.0880501
0.0848547
0.0822717
0.077827
0.0701717
0.0698384
0.0504069
0.0477995
0.0566672
0.051371
0.0574875
0.0562228
0.055209
0.0510285
0.0548172
0.052963
0.0526018
0.0521284
0.0492114
0.0593579
0.0543361
0.0529451
0.0609899
0.0551318
0.0656234
0.0641596
0.0614581
0.0665449
0.0717662
0.0705653
0.0744389
0.0743134
0.081629
0.0820751
0.093319
0.0995795
0.102607
0.111678
0.110354
0.114854
0.113553
0.111879
0.11667
0.103223
0.104224
0.0891195
0.0757583
0.0897037
0.07442
0.076224
0.0634021
0.0674678
0.069895
0.0628938
0.0600908
0.07029
0.0679135
0.0621048
0.0709717
0.0775198
0.0683319
0.0642505
0.0694843
0.0767734
0.0681552
0.0796885
0.0753932
0.0749452
0.0769392
0.0776287
0.0792258
0.0792155
0.0943743
0.0840153
0.0961646
0.0972612
0.0984234
0.110748
0.106814
0.11619
0.119966
0.12673
0.131241
0.129526
0.126631
0.121988
0.112016
0.108346
0.100751
0.0945157
0.0894215
0.078163
0.073781
0.0764646
0.0743771
0.0708952
0.0705401
0.0785544
0.0783546
0.0723252
0.0755009
0.0686186
0.0805331
0.0675666
0.0630548
0.0555701
0.0512807
0.0820262
0.0752563
0.0724493
0.0663473
0.0776282
0.0709895
0.0671203
0.0535018
0.0620395
0.068285
0.0627838
0.071448
0.0660546
0.0657036
0.0607832
0.0576146
0.0652853
0.0608623
0.0601846
0.0590575
0.0670117
0.0587167
0.0668068
0.0709631
0.0646716
0.0669223
0.0690017
0.0659061
0.0641203
0.0685884
0.0715459
0.0702075
0.0688765
0.0580368
0.0576389
0.0635592
0.0672576
0.061937
0.0699117
0.0545761
0.0695509
0.0677181
0.0755209
0.0795958
0.0758497
0.0818053
0.084265
0.0935182
0.0940376
0.0934455
0.0853357
0.0959867
0.0885641
0.0952918
0.103282
0.088969
0.0947729
0.0958093
0.104543
0.108571
0.100913
0.0942029
0.0978437
0.101266
0.102739
0.0901862
0.091519
0.100226
0.117353
0.1002
0.110429
0.116361
0.110431
0.104093
0.1041
0.133126
0.103298
0.0923189
0.0916136
0.0927038
0.0948136
0.0760011
0.10047
0.10188
0.0912413
0.0792092
0.087994
0.100124
0.0922888
0.10037
0.0924612
0.108978
0.109997
0.119888
0.106456
0.122107
0.122205
0.119004
0.113586
0.104798
0.13661
0.120573
0.125278
0.107864
0.103209
0.108815
0.101106
0.102994
0.10962
0.113382
0.113511
0.102281
0.069174
0.109825
0.09301
0.107632
0.123798
0.100692
0.100555
0.107634
0.0982559
0.0837641
0.0829309
0.0764157
0.127155
0.137774
0.131038
0.0996147
0.107196
0.115648
0.123995
0.099668
0.117105
0.119228
0.140582
0.133093
0.162792
0.127014
0.138241
0.15037
0.150447
0.154368
0.152047
0.149325
0.152961
0.165198
0.145582
0.157396
0.160845
0.144575
0.145156
0.145183
0.140522
0.111251
0.143623
0.120342
0.113133
0.107224
0.135803
0.0842591
0.102809
0.107447
0.0595391
0.0765419
0.0787476
0.0780032
0.105284
0.0573762
0.059185
0.0830939
0.102453
0.0912434
0.0690057
0.0855737
0.0884208
0.121012
0.126852
0.0739659
0.0966959
0.0655302
0.155785
0.145078
0.129794
0.150313
0.146008
0.150384
0.103531
0.128718
0.125065
0.150707
0.13846
0.180937
0.163359
0.165648
0.153668
0.181221
0.172017
0.172443
0.198228
0.181193
0.175268
0.189018
0.19714
0.14982
0.163717
0.177143
0.161947
0.158764
0.170378
0.164683
0.132084
0.122006
0.0956881
0.0963838
0.0910067
0.0669336
0.0615966
0.0529348
0.1133
0.0867312
0.0820467
0.0904508
0.0585039
0.0537494
0.117485
0.108839
0.0522136
0.0692877
0.0683742
0.0779467
0.105836
0.0856245
0.105333
0.0722123
0.0750592
0.120788
0.0686989
0.0592748
0.104998
0.0838061
0.0745269
0.0532058
0.105494
0.123241
0.0492406
0.0590141
0.111898
0.0974955
0.130379
0.115497
0.117672
0.0873314
0.0608803
0.0953363
0.0624866
0.0751525
0.112041
0.130949
0.044063
0.0832511
0.0745267
0.107085
0.0910532
0.10657
0.111786
0.0911149
0.149262
0.121161
0.109488
0.0714685
0.0963655
0.122846
0.130659
0.111652
0.0976664
0.100722
0.112916
0.0675403
0.103779
0.0830595
0.0865141
0.0306615
0.080958
0.101448
0.0904297
0.0640342
0.0460259
0.086767
0.112382
0
0.105241
0.0668532
0.0586633
0.0264699
0.0472849
0.107078
0.0440197
0.0466631
0.08172
0.0596826
0.0637306
0.0655473
0.0357494
0.0642612
0.101162
0.119312
0.0957514
0.0161957
0.0867361
0.0971447
0.0754519
0.0688186
0.118032
0.110173
0.0564004
0.0432534
0.0538211
0.0925143
0.0663813
0.11054
0.105561
0.124382
0.0546521
0.0848765
0.0849723
0.100181
0.0954135
0.127894
0.133252
0.129085
0.109372
0.105404
0.0957912
0.0954994
0.148864
0.10201
0.12124
0.1391
0.124833
0.0898879
0.114985
0.143086
0.104017
0.0991191
0.0886376
0.0709242
0.0768404
0.112095
0.0863885
0.0668658
0.0634432
0.0662701
