0.175159
0.167207
0.182627
0.181291
0.175178
0.190077
0.189379
0.186043
0.194872
0.20472
0.208549
0.211792
0.214801
0.221105
0.229405
0.230066
0.23598
0.2446
0.240088
0.237135
0.241652
0.235683
0.239214
0.243484
0.256884
0.26781
0.268403
0.276832
0.282161
0.288366
0.292309
0.300927
0.302051
0.302159
0.309791
0.314946
0.323014
0.32329
0.322717
0.309662
0.302945
0.296638
0.299247
0.312079
0.323151
0.334679
0.340008
0.345211
0.350858
0.355291
0.346373
0.306957
0.289069
0.287363
0.28694
0.287302
0.310216
0.379858
0.386996
0.37249
0.348034
0.306007
0.251532
0.225117
0.201113
0.188083
0.176951
0.176136
0.155092
0.159177
0.148292
0.140558
0.138375
0.135648
0.128254
0.141066
0.143582
0.141976
0.145064
0.148802
0.158713
0.158945
0.166459
0.15642
0.164099
0.16585
0.166285
0.168514
0.170968
0.183074
0.186757
0.191293
0.20517
0.221255
0.23407
0.250108
0.27718
0.29964
0.31025
0.31506
0.321936
0.325846
0.312916
0.288543
0.257325
0.238779
0.224446
0.222396
0.224059
0.22894
0.234912
0.240028
0.244028
0.244341
0.249113
0.249006
0.242313
0.232986
0.225695
0.231916
0.227662
0.233306
0.241342
0.254575
0.252227
0.264818
0.27369
0.275455
0.282804
0.288174
0.289305
0.291546
0.293666
0.288548
0.287977
0.289261
0.306093
0.321693
0.321225
0.305513
0.295508
0.278658
0.254263
0.246223
0.2567
0.265983
0.277347
0.287256
0.295889
0.306283
0.312086
0.329697
0.340202
0.340865
0.355427
0.354017
0.355145
0.360919
0.361854
0.363026
0.362238
0.367923
0.372439
0.365001
0.330747
0.270249
0.208126
0.169041
0.152643
0.141591
0.128006
0.124038
0.120721
0.125058
0.132249
0.132362
0.138488
0.149464
0.154806
0.165374
0.172783
0.183772
0.175928
0.177483
0.179804
0.17456
0.163511
0.165749
0.159165
0.15883
0.154427
0.154576
0.156206
0.165602
0.163215
0.163806
0.170551
0.169632
0.169923
0.164542
0.148862
0.139649
0.136279
0.131908
0.147145
0.143819
0.149305
0.158295
0.166689
0.168291
0.178353
0.180669
0.190801
0.194649
0.204317
0.206367
0.212237
0.210523
0.220462
0.223094
0.224841
0.229109
0.227205
0.219672
0.201597
0.188751
0.186816
0.178036
0.185752
0.183153
0.188154
0.189757
0.19588
0.198402
0.20907
0.214396
0.231411
0.245552
0.250044
0.257316
0.27066
0.273277
0.284594
0.284317
0.291917
0.303363
0.306981
0.312339
0.320151
0.327559
0.331626
0.335144
0.340182
0.333171
0.330928
0.30045
0.263979
0.232769
0.22405
0.215325
0.209145
0.202057
0.20067
0.216927
0.219208
0.216232
0.231271
0.245293
0.245027
0.257059
0.257386
0.269923
0.273353
0.272033
0.287562
0.28493
0.293058
0.295555
0.292051
0.292577
0.27206
0.256822
0.216357
0.185709
0.161874
0.151163
0.156329
0.163004
0.169069
0.173436
0.186929
0.199806
0.203722
0.203409
0.204197
0.208283
0.202223
0.212216
0.194602
0.20419
0.185949
0.176914
0.159612
0.153911
0.159334
0.163091
0.157137
0.158854
0.169574
0.156776
0.172901
0.173584
0.17981
0.178453
0.168174
0.16828
0.162666
0.146936
0.175428
0.146584
0.142523
0.146291
0.145004
0.156977
0.175785
0.144243
0.151793
0.151117
0.150202
0.155226
0.159036
0.173607
0.176218
0.188348
0.192987
0.191047
0.201008
0.208248
0.200411
0.21131
0.214033
0.217768
0.224534
0.223122
0.217107
0.211378
0.210371
0.204923
0.189707
0.199909
0.18136
0.185113
0.15561
0.154963
0.173628
0.172028
0.180713
0.169386
0.195028
0.187232
0.182899
0.184404
0.185025
0.190214
0.191507
0.199984
0.201123
0.215667
0.216314
0.227094
0.243158
0.250532
0.264496
0.26707
0.27303
0.276012
0.275027
0.268748
0.241277
0.215656
0.191332
0.17763
0.148468
0.16302
0.153655
0.160271
0.1628
0.156674
0.167676
0.172013
0.166606
0.166857
0.166141
0.162339
0.15151
0.155369
0.158858
0.158405
0.16254
0.152272
0.136925
0.147173
0.155998
0.157877
0.158057
0.164529
0.168819
0.183067
0.201116
0.219063
0.24954
0.264087
0.278665
0.302191
0.32163
0.300324
0.290474
0.279013
0.247218
0.234244
0.230738
0.232131
0.233708
0.23703
0.243724
0.232635
0.233132
0.240849
0.233612
0.228637
0.225919
0.22773
0.226988
0.216583
0.209641
0.197646
0.19056
0.182958
0.187602
0.192483
0.192252
0.201309
0.20153
0.194086
0.222218
0.214378
0.20002
0.193821
0.19114
0.200928
0.204224
0.203312
0.184439
0.20055
0.21041
0.22102
0.200814
0.205975
0.194596
0.201128
0.210393
0.214602
0.215438
0.215943
0.207909
0.234089
0.223038
0.233009
0.239056
0.218478
0.228816
0.242171
0.235365
0.242937
0.248772
0.25296
0.252564
0.288451
0.296869
0.336413
0.35557
0.38912
0.395301
0.429213
0.403224
0.364893
0.301188
0.268877
0.233573
0.206412
0.233129
0.227312
0.263625
0.308534
0.33909
0.379744
0.417468
0.418045
0.393002
0.340994
0.276958
0.217068
0.194565
0.17265
0.191657
0.20089
0.196713
0.1945
0.192397
0.18949
0.197034
0.195221
0.204853
0.203427
0.201559
0.219045
0.21945
0.222771
0.221935
0.233175
0.221295
0.21073
0.207168
0.194103
0.17322
0.154625
0.164563
0.16453
0.164094
0.163484
0.157398
0.158357
0.13902
0.151079
0.125356
0.121746
0.128528
0.126785
0.129738
0.135065
0.135445
0.131024
0.135524
0.148892
0.140615
0.174277
0.182138
0.177733
0.183157
0.191439
0.170514
0.202115
0.169791
0.192957
0.173829
0.164498
0.16873
0.147891
0.169984
0.168678
0.16701
0.166896
0.172481
0.173686
0.187352
0.1919
0.186209
0.20872
0.191878
0.202835
0.185193
0.176653
0.152566
0.153441
0.15978
0.179586
0.164274
0.182708
0.177502
0.179465
0.160895
0.177969
0.163474
0.167829
0.187724
0.18824
0.185634
0.164023
0.192743
0.169668
0.195754
0.163171
0.182427
0.184515
0.149894
0.154144
0.135788
0.1386
0.154526
0.145532
0.142958
0.146853
0.117816
0.133465
0.129089
0.1268
0.134882
0.124443
0.131312
0.136878
0.137155
0.115261
0.137671
0.12731
0.125423
0.125607
0.11421
0.135903
0.118763
0.114682
0.0951123
0.0957283
0.106898
0.113833
0.0957135
0.107026
0.107436
0.129214
0.12939
0.148766
0.137658
0.161456
0.167919
0.17023
0.193226
0.175159
0.181967
0.173993
0.14719
0.121547
0.115466
0.0953538
0.0747248
0.0635628
0.106663
0.101822
0.0991267
0.118743
0.128389
0.1526
0.140999
0.161948
0.157207
0.126588
0.141171
0.138896
0.144206
0.161086
0.139358
0.157573
0.154549
0.157474
0.190862
0.179375
0.160517
0.176809
0.182404
0.175265
0.166841
0.133506
0.166343
0.164991
0.153828
0.164754
0.182129
0.179111
0.178401
0.150421
0.16293
0.166057
0.166366
0.175734
0.1619
0.171129
0.163391
0.173255
0.162717
0.163084
0.165588
0.165129
0.147239
0.146379
0.119047
0.139913
0.139602
0.134555
0.122092
0.0925372
0.103374
0.0992119
0.0898103
0.0958824
0.0793321
0.080949
0.0727883
0.0790546
0.0663494
0.084328
0.068736
0.0602619
0.0655649
0.0646048
0.0603546
0.063614
0.0783833
0.0551424
0.0628037
0.0562787
0.054629
0.0588271
0.0593053
0.0710474
0.0433977
0.0517649
0.0455328
0.0558773
0.0635199
0.058797
0.0574324
0.0519657
0.0691955
0.0737064
0.0661214
0.0690729
0.0710317
0.0648671
0.0648492
0.0707359
0.0801796
0.0641057
0.0777572
0.0737347
0.0916382
0.0865763
0.0738107
0.0741118
0.0659291
0.0708653
0.0565355
0.0543207
0.0443116
0.0563137
0.0613069
0.0505328
0.0419473
0.0487697
0.04536
0.054903
0.0430461
0.0578336
0.0528233
0.0617845
0.0714663
0.0547615
0.0533637
0.0561327
0.0492851
0.051675
0.0432944
0.0507426
0.0737734
0.0594056
0.067976
0.0480092
0.0644404
0.0653112
0.0706266
0.0935455
0.10324
0.125683
0.0989418
0.117647
0.114525
0.128669
0.108323
0.118472
0.109978
0.117743
0.128054
0.130766
0.13124
0.132525
0.135575
0.114042
0.122569
0.119823
0.121982
0.140744
0.155884
0.164191
0.16688
0.156796
0.18317
0.177391
0.17295
0.195004
0.206497
0.230394
0.227815
0.247063
0.210323
0.21648
0.183168
0.15006
0.13771
0.127849
0.12318
0.1303
0.137286
0.143986
0.146052
0.152392
0.152237
0.156962
0.160796
0.171122
0.168376
0.179954
0.188003
0.160642
0.157166
0.154169
0.17793
0.171304
0.173821
0.210071
0.20134
0.221966
0.270026
0.236953
0.213176
0.212845
0.204184
0.191614
0.191058
0.174635
0.160178
0.147833
0.125014
0.122029
0.109784
0.0994203
0.0834663
0.0696485
0.0675341
0.0573175
0.0451368
0.0446705
0.016985
0.0134335
0.019154
0.0227615
0.00925234
0.0151143
0.0174486
0.0175456
0.0178047
0.0109277
0.0161125
0.0117359
0.0168209
0.0137258
0.0175889
0.0212822
0.0296821
0.030886
0.0198693
0.0117898
0.00851083
0.0110507
0.0156965
0.011478
0.00769402
0.0114563
0.00697664
0.00742462
0.0142255
0.00391781
0.00154373
0.00708137
0.0107349
0
0.00506848
0.0131495
0.0141272
0.0172708
0.0190817
0.0210987
0.0115545
0.0164214
0.0169334
0.013724
0.0191454
0.0077084
0.0163892
0.00940454
0.0177287
0.0195205
0.0166903
0.0143723
0.0161586
0.0141487
0.02675
0.022784
0.0239062
0.0244866
0.0328759
0.0323738
0.0342738
0.0255558
0.0188045
0.0258464
0.0282651
0.0307776
0.0196979
0.0187633
0.0280422
0.0264219
0.0287998
0.0279775
0.023844
0.0266224
0.0269836
0.0347294
0.0273485
0.0320226
0.0341272
0.0292487
0.0440347
0.0367387
0.0349371
0.0308268
0.0246724
0.0327834
0.0356355
0.0312733
0.0322023
0.027071
0.0303292
0.0304668
0.0304304
0.027369
0.0402925
0.0339431
0.0252902
0.029987
0.0258703
0.0262552
0.0312961
0.0285523
0.0413835
0.0446152
0.0507885
0.0415521
0.0449414
0.0647198
0.048293
0.0567417
0.0563875
0.063857
0.0680111
0.0672359
0.0592485
0.069215
0.0635137
0.0662507
0.0734153
0.0692718
0.0572001
0.0751967
0.0740453
0.0756516
0.0822722
0.0892916
0.0909713
0.107385
0.0980641
0.102896
0.108462
0.110383
0.107378
0.112032
0.119124
0.106953
0.109391
0.108254
0.101184
0.114821
0.107644
0.100694
0.0974795
0.105171
0.108144
0.107752
0.108331
0.0976553
0.116875
0.106228
0.134293
0.131353
0.136963
0.133811
0.12212
0.107091
0.111302
0.0951076
0.0831731
0.103293
0.0956089
0.0832571
0.0805019
0.0940057
0.0867043
0.0903142
0.101652
0.0859311
0.0875091
0.0980271
0.0860153
0.0810641
0.100545
0.0947735
0.0828958
0.0921089
0.0941743
0.0740914
0.0740173
0.0748477
0.0756229
0.0673641
0.0720765
0.04474
0.0514022
0.0623698
0.0597772
0.0658261
0.0521716
0.052641
0.040248
0.0522746
0.0481269
0.0541764
0.0610426
0.0595201
0.0569426
0.0490985
0.0469454
0.0656167
0.058855
0.0500775
0.0383951
0.0554519
0.0550021
0.0532024
0.0208556
0.0386087
0.0319241
0.0238454
0.0141816
0.0158359
0.0159045
0.00529362
0.0191906
0.0153153
0.0213038
0.0240521
0.012878
0.0213568
0.00958053
0.0045639
0.0140263
0.0140349
0.0314723
0.0251133
0.0246705
0.0290802
0.0320302
0.033478
0.0261999
0.0609189
0.0484182
0.0471343
0.0397304
0.0460759
0.0416299
0.0439962
0.0309552
0.0335908
0.0296692
0.0290948
0.0197395
0.0192944
0.0247399
0.0196696
0.021451
0.0110947
0.0246031
0.0118675
0.0208036
0.00756592
0.0115713
0.0153448
0.0177634
0.0203845
0.0188784
0.0192991
0.0206333
0.0353271
0.0394022
0.0287244
0.0187443
0.0294119
0.0188553
0.0123674
0.0131953
0.0250967
0.0166292
0.0243061
0.0120721
0.0158057
0.0208764
0.0120799
0.0233905
0.0121997
0.0214473
0.0188677
0.0199172
0.0185092
0.0191757
0.0177638
0.0205047
0.0184036
0.0188791
0.0228851
0.0218334
0.02049
0.0231192
0.0309301
0.0405116
0.0264682
0.0309547
0.0447717
0.0312114
0.0405141
0.0306129
0.0360945
0.0373751
0.0325156
0.0336846
0.0265565
0.0214333
0.0200333
0.0178204
0.0203736
0.0287663
0.0211131
0.0276672
0.0201136
0.0218031
0.0236106
0.0228377
0.020499
0.0200656
0.0281153
0.0290607
0.0351772
0.0321688
0.0332612
0.0377793
0.0396349
0.0374229
0.0386064
0.0448311
0.0446099
0.0466683
0.0498321
0.0499263
0.0487448
0.0462527
0.0494305
0.0422248
0.0471547
0.044038
0.0502142
0.0463328
0.0431411
0.0450731
0.0406591
0.0420153
0.0489798
0.0463307
0.0515717
0.0456279
0.0472037
0.0458656
0.0480901
0.0544361
0.0538207
0.0548036
0.0585607
0.0572073
0.0717927
0.0728131
0.107478
0.148815
0.299662
0.455602
0.543326
0.556121
0.539414
0.457998
0.288565
0.158279
0.101053
0.0870459
0.0726112
0.0734843
0.0752278
0.0684426
0.0694062
0.0732426
0.0688366
0.0779615
0.0696267
0.0680644
0.0700636
0.0640453
0.0724054
0.0660889
0.0615677
0.063166
0.0689632
0.0720041
0.0708374
0.0677083
0.0597478
0.0608063
0.059881
0.0580744
0.0505733
0.0510678
0.054481
0.04531
0.0518171
0.0521154
0.0458544
0.0574849
0.0543345
0.0552866
0.051462
0.0542323
0.0661919
0.0606408
0.0578346
0.0586134
0.0588549
0.0644577
0.0610399
0.0682209
0.0635069
0.0679962
0.0623188
0.0642912
0.061898
0.0692752
0.0641842
0.065708
0.0709032
0.0679784
0.0662169
0.0596846
0.065252
0.0661789
0.0610398
0.0633516
0.0647645
0.0655009
0.0515901
0.0646582
0.0592848
0.0655852
0.0463811
0.0589062
0.0516923
0.0612352
0.0635197
0.0641954
0.0658476
0.0650408
0.0653682
0.0556507
0.0554509
0.0612154
0.0705628
0.0610306
0.059277
0.0693635
0.0656403
0.0665015
0.0676818
0.063357
0.065915
0.0611372
0.0656981
0.0693601
0.060197
0.0698321
0.0724837
0.0696744
0.0817056
0.0613667
0.0687943
0.0831355
0.0754971
0.0636979
0.0737783
0.0610755
0.0691245
0.0761396
0.0815736
0.0794235
0.085178
0.0729261
0.0762048
0.0706576
0.0913885
0.0818319
0.0802464
0.0861856
0.0885094
0.0925046
0.087247
0.0856809
0.0791384
0.0886481
0.0822597
0.0949462
0.0970286
0.086611
0.0810999
0.0909761
0.086048
0.0914122
0.0817579
0.0863205
0.0827531
0.0912455
0.0856854
0.0732065
0.0795523
0.0866399
0.0790392
0.0613606
0.0903974
0.0895499
0.0829194
0.0742162
0.102142
0.125276
0.094793
0.0916269
0.0899415
0.0848555
0.124163
0.0848812
0.110942
0.107478
0.125805
0.114655
0.103325
0.0885951
0.111759
0.100293
0.105602
0.136715
0.117487
0.107615
0.067277
0.140012
0.131179
0.150461
0.156668
0.162511
0.134969
0.128353
0.139809
0.139961
0.12457
0.101531
0.138486
0.14179
0.124616
0.131758
0.107937
0.114512
0.105017
0.102449
0.112628
0.107844
0.0868297
0.105233
0.117391
0.114185
0.106401
0.0817024
0.0966568
0.101431
0.103098
0.0953209
0.0805085
0.0861107
0.110862
0.114312
0.116822
0.0739576
0.0871307
0.0934306
0.109491
0.0858686
0.114743
0.127503
0.10822
0.101731
0.105699
0.105528
0.117207
0.112255
0.136316
0.12686
0.142394
0.115296
0.0804806
0.067676
0.0747787
0.0806278
0.0736123
0.0701823
0.0533754
0.0591902
0.0612253
0.0719452
0.0770478
0.0618806
0.0721435
0.0757103
0.0746878
0.0753623
0.0771419
0.0864352
0.0834136
0.0859487
0.101735
0.103337
0.100051
0.118726
0.123359
0.142383
0.14854
0.151746
0.175712
0.181515
0.200046
0.22928
0.228013
0.22097
0.213837
0.194359
0.123439
0.0806235
0.0724298
0.0749493
0.07261
0.0674269
0.0571334
0.0578777
0.0616902
0.0676891
0.0554571
0.0686178
0.0641917
0.0681265
0.0698486
0.0649289
0.0589842
0.0616309
0.0662188
0.0667904
0.0556642
0.0688474
0.0737797
0.0655292
0.0611333
0.0676132
0.0632831
0.0705616
0.0653664
0.0643706
0.0753415
0.0693853
0.0733672
0.0618753
0.0546398
0.0671838
0.0632142
0.0686542
0.0611143
0.0710625
0.0704718
0.0699454
0.0661338
0.0667709
0.0690603
0.0593151
0.0697045
0.0697746
0.0651382
0.0681188
0.0795085
0.0746496
0.0703883
0.0698013
0.0701143
0.064148
0.0693609
0.0642431
0.0584492
0.0517195
0.0461862
0.0653393
0.0637793
0.0540743
0.051378
0.0598706
0.0590193
0.0633108
0.0496037
0.053465
0.0448301
0.053241
0.0606771
0.0533991
0.0553729
0.0559538
0.0623832
0.0552208
0.0537657
0.0609238
0.0649478
0.0635594
0.0631378
0.0490546
0.0579673
0.0577516
0.0554461
0.0552994
0.0646824
0.0636938
0.0635835
0.0625884
0.0612248
0.0610494
0.0635225
0.0606079
0.0744575
0.0742639
0.0760482
0.0736168
0.0644581
0.076991
0.0759725
0.0839055
0.0785192
0.0757891
0.0822285
0.0841468
0.0832151
0.0983998
0.09469
0.105683
0.0949626
0.105489
0.0967922
0.0978892
0.076726
0.0734901
0.0474774
0.0542975
0.0542959
0.0563474
0.0510311
0.0545213
0.0519836
0.05541
0.0613882
0.0577367
0.0547711
0.0559296
0.0527952
0.0643287
0.0611832
0.0614582
0.0664561
0.0685751
0.0629244
0.0653623
0.07093
0.0766078
0.0841545
0.0830907
0.0929902
0.0919677
0.101906
0.105441
0.113721
0.1249
0.132463
0.141873
0.145692
0.158153
0.160003
0.153448
0.151395
0.139443
0.131215
0.12277
0.107399
0.102897
0.0854679
0.0970199
0.0821985
0.0765677
0.0762782
0.0725396
0.0785373
0.0847279
0.076145
0.0756022
0.0873002
0.0891124
0.0865777
0.0838581
0.0804927
0.0928889
0.0920361
0.0916199
0.0974093
0.0964001
0.101991
0.103859
0.109197
0.112948
0.125853
0.12001
0.133175
0.135416
0.138671
0.147942
0.156043
0.166769
0.174737
0.177783
0.186264
0.189468
0.182785
0.177343
0.161721
0.148807
0.136735
0.12705
0.116647
0.105951
0.0999297
0.0854998
0.0912461
0.0902377
0.0975457
0.0961805
0.0997903
0.0946918
0.103417
0.0851907
0.0928201
0.0867236
0.0796942
0.0865423
0.0741179
0.0947681
0.0757427
0.0745777
0.0704652
0.0880546
0.0734438
0.0819986
0.0730106
0.0750052
0.0909556
0.0751619
0.0772318
0.0785889
0.0845293
0.075722
0.072806
0.0793983
0.0858414
0.080958
0.0781299
0.0835989
0.080207
0.0752573
0.0896314
0.0794309
0.080936
0.0807947
0.0817616
0.090055
0.0835944
0.0881055
0.0899766
0.0841539
0.0829853
0.0854097
0.0840054
0.0851444
0.0894086
0.0929778
0.0776856
0.0888408
0.0820346
0.0924412
0.0889561
0.0867593
0.0886626
0.0904095
0.0950733
0.0954449
0.0945426
0.0881683
0.0917305
0.0875824
0.0904387
0.0976343
0.0876464
0.104414
0.0968398
0.114011
0.112423
0.122823
0.117141
0.125862
0.117184
0.144862
0.102796
0.129719
0.143966
0.142881
0.148004
0.15818
0.173209
0.158298
0.166675
0.164672
0.162647
0.158454
0.146084
0.123736
0.12183
0.119493
0.102111
0.104195
0.120236
0.108389
0.105912
0.111666
0.120547
0.1111
0.138558
0.130998
0.136725
0.144882
0.155549
0.128641
0.162974
0.162016
0.153053
0.143065
0.136358
0.146735
0.151688
0.16453
0.147386
0.126823
0.134552
0.117421
0.12687
0.139099
0.111034
0.120375
0.131832
0.117139
0.116639
0.109851
0.111876
0.159795
0.113171
0.151785
0.15347
0.14966
0.143444
0.174227
0.121303
0.171887
0.175269
0.151313
0.172602
0.158822
0.176071
0.182174
0.154891
0.168603
0.181473
0.180505
0.20271
0.196976
0.170561
0.185062
0.207395
0.204857
0.234848
0.227691
0.217279
0.210203
0.236134
0.220245
0.225872
0.224936
0.204871
0.199015
0.20954
0.204548
0.183842
0.186326
0.164329
0.16629
0.142715
0.154554
0.112491
0.135041
0.105816
0.0817631
0.114584
0.111202
0.104117
0.124203
0.106715
0.102714
0.140168
0.111872
0.104891
0.101624
0.117488
0.142332
0.107514
0.133993
0.137488
0.14544
0.160442
0.167371
0.195976
0.148579
0.19244
0.2078
0.187251
0.185402
0.201012
0.204253
0.192128
0.247306
0.247733
0.243943
0.250749
0.253203
0.263597
0.267873
0.263464
0.273561
0.274117
0.262984
0.277895
0.2836
0.255469
0.243687
0.235405
0.230441
0.222472
0.234409
0.209744
0.203539
0.18409
0.145823
0.158589
0.112427
0.0776514
0.123201
0.0972806
0.133314
0.0896774
0.0684683
0.10084
0.06036
0.082152
0.112645
0.100192
0.0589732
0.0769997
0.083191
0.0445497
0.0577085
0.112366
0.0988657
0.106913
0.0817373
0.106236
0.0950305
0.0901323
0.127745
0.0878765
0.117299
0.0908614
0.0875033
0.113014
0.101643
0.059719
0.0981334
0.135792
0.133434
0.137276
0.116058
0.128028
0.0578017
0.132419
0.112488
0.0791963
0.109834
0.124245
0.11548
0.162393
0.0961099
0.170926
0.132881
0.152663
0.103261
0.0859907
0.121104
0.127613
0.115239
0.120973
0.106785
0.111765
0.140238
0.119434
0.114051
0.0887937
0.107889
0.105994
0.103044
0.131709
0.152778
0.108321
0.129036
0.124137
0.141283
0.0964432
0.131088
0.113051
0.145631
0.0518487
0.116141
0.0461099
0.0543117
0.0721598
0.0505566
0.0944348
0.0772361
0.0687286
0.138371
0.112819
0.0967105
0.0631956
0.0841557
0.125715
0.117382
0.177581
0.109519
0.0537439
0.0942908
0.133974
0.10667
0.101461
0.142407
0.108431
0.104999
0.101893
0.100979
0.101552
0.0990205
0.151956
0.158058
0.146413
0.134337
0.124397
0.113925
0.117431
0.125276
0.164856
0.171815
0.121656
0.170511
0.163465
0.152903
0.132615
0.150464
0.144446
0.139125
0.139599
0.139071
0.105608
0.149238
0.16653
0.133435
0.0973668
0.0913903
0.108311
0.147254
0.0988051
0.101744
0.0983113
0.0750954
0.0544683
