0.132942
0.134446
0.129045
0.13448
0.120041
0.137477
0.141787
0.139447
0.145497
0.153984
0.148926
0.159219
0.15692
0.162399
0.159862
0.166244
0.170182
0.171289
0.164365
0.167794
0.170088
0.166307
0.170577
0.167711
0.175625
0.190456
0.183898
0.19143
0.194329
0.19157
0.197105
0.202335
0.204233
0.20225
0.206601
0.209366
0.210724
0.213137
0.207617
0.206698
0.194815
0.186199
0.192848
0.199176
0.203825
0.20939
0.219529
0.216592
0.224996
0.228705
0.225998
0.210688
0.200956
0.199931
0.199316
0.19991
0.213702
0.237744
0.239631
0.232856
0.212294
0.194203
0.161318
0.146839
0.136051
0.143845
0.128709
0.130809
0.117717
0.120021
0.118137
0.118255
0.118249
0.113513
0.109357
0.117963
0.120995
0.116102
0.122946
0.119108
0.122191
0.127928
0.125511
0.120556
0.12695
0.12326
0.128749
0.125035
0.135083
0.139656
0.140322
0.143211
0.153297
0.154879
0.162695
0.171267
0.180113
0.187676
0.187633
0.195442
0.199471
0.202613
0.199268
0.185572
0.175321
0.170878
0.163995
0.165244
0.164343
0.166404
0.169442
0.171426
0.176625
0.17441
0.177248
0.176222
0.169368
0.162997
0.152607
0.158435
0.158611
0.154511
0.15943
0.172431
0.1703
0.180427
0.187419
0.187706
0.193663
0.193126
0.197391
0.195692
0.198878
0.199515
0.19981
0.200181
0.205329
0.212015
0.20974
0.199714
0.188419
0.182613
0.168868
0.168898
0.170722
0.17293
0.179395
0.19461
0.190722
0.193883
0.193749
0.209975
0.21663
0.218695
0.224894
0.223764
0.224
0.227768
0.230148
0.229792
0.232054
0.229677
0.235902
0.224838
0.208196
0.18192
0.148298
0.128768
0.126292
0.121182
0.114269
0.118357
0.113764
0.117523
0.119297
0.119394
0.123518
0.127969
0.125928
0.128866
0.131516
0.115556
0.124657
0.130119
0.136829
0.130653
0.126275
0.130841
0.124796
0.129158
0.133308
0.129816
0.129758
0.13479
0.135829
0.135348
0.138119
0.136088
0.131356
0.123706
0.110847
0.102689
0.10251
0.0999545
0.116785
0.108066
0.112904
0.106772
0.118767
0.126668
0.136629
0.130601
0.138762
0.143363
0.15361
0.152324
0.156941
0.154188
0.160929
0.160264
0.162087
0.163042
0.162586
0.160397
0.140721
0.126031
0.131628
0.13015
0.126276
0.1317
0.142644
0.124083
0.133692
0.140407
0.145577
0.145536
0.160697
0.159146
0.165619
0.17417
0.181017
0.178909
0.188247
0.186374
0.1951
0.196092
0.199961
0.207233
0.206809
0.209133
0.209192
0.208603
0.208929
0.200415
0.202905
0.187744
0.166933
0.139728
0.137989
0.147433
0.138029
0.132032
0.131811
0.147734
0.136447
0.143278
0.149869
0.159035
0.159585
0.165489
0.168864
0.181166
0.173033
0.174829
0.187518
0.19367
0.195788
0.197386
0.190976
0.194971
0.18136
0.173257
0.16255
0.138859
0.127055
0.129882
0.129742
0.124751
0.11977
0.130174
0.132429
0.130215
0.135602
0.130463
0.135475
0.135957
0.13592
0.140711
0.13844
0.137893
0.129543
0.134595
0.128762
0.12018
0.123963
0.131676
0.124836
0.128136
0.132667
0.124342
0.134144
0.135652
0.133354
0.134172
0.127249
0.106825
0.107447
0.0893328
0.113387
0.102355
0.0998493
0.109556
0.110416
0.107706
0.116041
0.0973477
0.106998
0.11057
0.110419
0.112626
0.122324
0.132868
0.125335
0.135471
0.137696
0.13959
0.144903
0.148641
0.147558
0.153324
0.151471
0.154108
0.161639
0.147681
0.140254
0.127965
0.132992
0.121065
0.117033
0.132735
0.112748
0.13573
0.115106
0.107081
0.115407
0.117742
0.118687
0.112766
0.126551
0.120507
0.119493
0.12686
0.116917
0.132323
0.12921
0.130886
0.139835
0.144245
0.139731
0.158211
0.163031
0.177771
0.16911
0.173225
0.179808
0.181068
0.180023
0.178112
0.152107
0.139348
0.125752
0.127518
0.110404
0.116192
0.106261
0.115211
0.112648
0.107957
0.109772
0.117996
0.109627
0.116593
0.120354
0.113863
0.105015
0.101956
0.10943
0.111235
0.118638
0.121956
0.112646
0.122992
0.117363
0.123836
0.12368
0.134691
0.123065
0.139632
0.145351
0.152501
0.173082
0.177838
0.175623
0.194811
0.206418
0.18665
0.170647
0.179118
0.164112
0.133514
0.136819
0.145449
0.132937
0.140344
0.148975
0.147087
0.144483
0.151605
0.157125
0.14734
0.157273
0.148814
0.150412
0.16107
0.152909
0.145809
0.142588
0.136373
0.14134
0.146186
0.136302
0.142792
0.124455
0.125392
0.134216
0.139502
0.120826
0.125663
0.109838
0.138735
0.138594
0.12802
0.122446
0.146784
0.1381
0.130566
0.126393
0.128227
0.130325
0.124313
0.130579
0.122738
0.135676
0.134869
0.137059
0.164944
0.138138
0.150347
0.166963
0.145248
0.160625
0.159482
0.16249
0.168822
0.176193
0.166913
0.17349
0.186486
0.176007
0.196107
0.197966
0.223301
0.19999
0.223602
0.213792
0.1965
0.172404
0.164475
0.143588
0.122445
0.143214
0.153456
0.194354
0.219613
0.256916
0.28475
0.319494
0.317238
0.283536
0.25539
0.213894
0.166428
0.120547
0.112222
0.111797
0.130372
0.114884
0.124916
0.118674
0.121091
0.131067
0.133094
0.140554
0.135204
0.135329
0.155446
0.15004
0.147504
0.141381
0.151179
0.142029
0.148501
0.135456
0.117037
0.104202
0.103207
0.117188
0.102482
0.118938
0.105908
0.107933
0.110504
0.107212
0.0933837
0.115312
0.0908792
0.105394
0.105971
0.0967762
0.113633
0.106635
0.102162
0.0985658
0.117066
0.101331
0.141962
0.130275
0.124265
0.110369
0.134391
0.103014
0.136009
0.118163
0.123969
0.114165
0.102963
0.112418
0.0928051
0.115752
0.106237
0.113027
0.118368
0.109536
0.112739
0.11469
0.119637
0.115986
0.126962
0.119751
0.127052
0.122231
0.129586
0.109111
0.11081
0.104285
0.122185
0.114699
0.118819
0.129281
0.126772
0.128035
0.124806
0.113234
0.109421
0.122874
0.12082
0.120937
0.10594
0.12568
0.130161
0.109011
0.0963652
0.104196
0.0964538
0.0856792
0.0870617
0.085054
0.10548
0.0967501
0.0963806
0.093662
0.101716
0.0937558
0.0884063
0.0867064
0.098262
0.0863414
0.0703258
0.102815
0.0914601
0.0821917
0.0819246
0.091804
0.0931076
0.0847076
0.0942439
0.0865475
0.106019
0.0808975
0.0819346
0.0787827
0.0801488
0.078296
0.0860244
0.0742983
0.0772937
0.0819191
0.0817597
0.0795276
0.100485
0.0978036
0.116578
0.119452
0.104397
0.123683
0.108997
0.108096
0.10451
0.0933027
0.0672213
0.0796207
0.0665609
0.0632636
0.0570891
0.0840714
0.0803516
0.0776283
0.0774811
0.0851787
0.109875
0.086811
0.107487
0.0949395
0.106373
0.0908015
0.0957599
0.0922761
0.0934487
0.0886442
0.113201
0.117079
0.115322
0.128379
0.112746
0.0977652
0.121141
0.109365
0.118908
0.0932044
0.0952509
0.110593
0.0979301
0.103593
0.111586
0.104254
0.103941
0.0871674
0.0897247
0.105569
0.0997835
0.10776
0.118639
0.100818
0.0953538
0.0703947
0.128836
0.109174
0.0964328
0.0886041
0.104697
0.0858759
0.104017
0.0920823
0.102839
0.0893065
0.0931508
0.0875916
0.0575089
0.0842667
0.0753944
0.0694313
0.0730646
0.066826
0.0595926
0.0463906
0.0480742
0.0551801
0.0638504
0.0487553
0.055639
0.0517507
0.0598444
0.0561001
0.0483396
0.0700928
0.0556534
0.0550833
0.0529294
0.0424414
0.0633124
0.0365639
0.0547923
0.0277532
0.0565522
0.0418004
0.0518887
0.0666472
0.0422023
0.0451143
0.0361989
0.0563166
0.0537642
0.0670024
0.0490544
0.0599683
0.0693576
0.0530389
0.0500742
0.0663279
0.0589755
0.0733132
0.0623082
0.0769542
0.0735659
0.0605356
0.0562028
0.0550948
0.0625869
0.0592519
0.0479215
0.045348
0.0483154
0.0496624
0.0433575
0.0582994
0.0550142
0.0340641
0.0505526
0.0416464
0.0699792
0.0447533
0.0545333
0.0469621
0.0626466
0.0450419
0.0406756
0.0571825
0.0481932
0.0396991
0.0464135
0.0576342
0.0516967
0.0561174
0.0578665
0.0624579
0.0557103
0.0418614
0.0732305
0.0700332
0.0924456
0.0655895
0.0810082
0.0736207
0.0755349
0.0745593
0.0762941
0.0779153
0.0642704
0.0885788
0.0932728
0.0825078
0.0909306
0.0935394
0.0877816
0.0733235
0.0836057
0.079201
0.0789418
0.091124
0.104485
0.100964
0.108635
0.116574
0.11476
0.111445
0.124085
0.121732
0.131427
0.129907
0.106808
0.112975
0.139189
0.107303
0.119303
0.0963874
0.0944582
0.110918
0.0873196
0.0709183
0.101045
0.107322
0.0861005
0.0925168
0.0964297
0.0954814
0.095768
0.108199
0.119553
0.125161
0.106315
0.118205
0.105844
0.107784
0.107104
0.121998
0.128494
0.112336
0.13336
0.128469
0.13805
0.134835
0.132299
0.126786
0.109573
0.102619
0.111226
0.103768
0.106421
0.0749255
0.0990017
0.0815669
0.0583416
0.0688391
0.0523908
0.0560934
0.0413976
0.0381676
0.0411777
0.0312351
0.0265077
0.0303324
0.0357831
0.0247433
0.0294775
0.0293792
0.0262851
0.0281437
0.0234683
0.0301937
0.0279213
0.0308107
0.0296236
0.0388583
0.0370085
0.0393062
0.0383547
0.0298218
0.0216061
0.0292291
0.0246488
0.0252701
0.030569
0.0283681
0.0271894
0.0244167
0.0253964
0.0265929
0.0250816
0.0250232
0.0267521
0.0269914
0.0248308
0.0285484
0.0261886
0.024855
0.0330147
0.0329464
0.0233928
0.0318277
0.0241407
0.0355232
0.028847
0.0315899
0.0279929
0.0270597
0.0281643
0.0366298
0.026071
0.0285142
0.0237923
0.0312447
0.0315093
0.0308215
0.0374668
0.0319981
0.0387353
0.0410528
0.0379968
0.0407431
0.0315306
0.0322678
0.0350302
0.0348261
0.0365521
0.0269771
0.0336282
0.0352404
0.0353632
0.0376389
0.0410351
0.0341856
0.0390616
0.0314754
0.0378225
0.0336089
0.0334639
0.0390402
0.0346885
0.053469
0.0407673
0.0431748
0.03411
0.0314626
0.03069
0.0338123
0.0285915
0.0396483
0.0339
0.0374028
0.0372171
0.0286314
0.0402541
0.0387884
0.0323317
0.0382296
0.0299013
0.0326514
0.0291938
0.0347811
0.0401792
0.0347912
0.0489589
0.0399841
0.0464274
0.0453007
0.0500276
0.0437605
0.0494189
0.0443886
0.0480548
0.0521014
0.0484473
0.044812
0.0537767
0.0566346
0.0539774
0.0485988
0.0520852
0.0471743
0.0579751
0.0572871
0.0535422
0.0634736
0.0677305
0.0691738
0.074289
0.0748183
0.0676226
0.0741869
0.076861
0.0707485
0.0736161
0.0837743
0.0655926
0.0680551
0.0826182
0.0694046
0.0731882
0.0716141
0.0819426
0.0675244
0.0685102
0.0751357
0.0735089
0.0727654
0.064648
0.0726573
0.0687563
0.0817905
0.0816607
0.0864638
0.0939563
0.078084
0.0621797
0.0890053
0.0698185
0.0637145
0.0573895
0.0777949
0.0640601
0.0690519
0.06627
0.0670489
0.0669846
0.0750611
0.0593559
0.0563417
0.0706953
0.0594618
0.0584063
0.0676139
0.0643352
0.0697761
0.0529297
0.0782926
0.0456074
0.0576545
0.0538448
0.0516495
0.0576391
0.0610714
0.0350769
0.0491346
0.0497784
0.0532689
0.055912
0.0458753
0.0439003
0.0324543
0.0198329
0.0402259
0.0456872
0.0506328
0.0548896
0.0647264
0.0443198
0.0325467
0.0538705
0.0516707
0.0445516
0.0172741
0.0437113
0.0415487
0.0545286
0.0340525
0.0281048
0.0377183
0.0236209
0.0218378
0.0191827
0.0325898
0.0135478
0.0362163
0.0342377
0.024652
0.0172783
0.0309481
0.0184589
0.0239741
0.0116218
0.0214036
0.0283045
0.0422829
0.0327855
0.0336861
0.0316177
0.0499784
0.0417838
0.0347193
0.0507212
0.0453183
0.045579
0.0333801
0.0565754
0.0395519
0.043413
0.025122
0.0363827
0.0288611
0.0339705
0.0323352
0.0263033
0.0225978
0.0308459
0.0238955
0.0205169
0.034168
0.0241195
0.0356244
0.030127
0.0266329
0.0280104
0.0373352
0.0254252
0.0256145
0.026388
0.0355697
0.0392382
0.0320159
0.0411732
0.0314102
0.0408254
0.0269922
0.026445
0.0248113
0.0335198
0.0303787
0.0289941
0.0224476
0.0196358
0.0305361
0.020764
0.0285527
0.0252458
0.0323283
0.0341678
0.0293698
0.0284664
0.0259338
0.0338151
0.0268449
0.0298605
0.034341
0.0296106
0.027304
0.0256339
0.0304997
0.0387391
0.0387967
0.0370714
0.038342
0.0486098
0.0384041
0.0364269
0.0387652
0.0425636
0.0416278
0.0245579
0.0246244
0.0295142
0.027101
0.0292629
0.0266481
0.0217845
0.0313787
0.0314596
0.0344122
0.0280764
0.0317317
0.0304148
0.0331357
0.0255442
0.0284017
0.0323207
0.0338848
0.0360961
0.037666
0.0344234
0.0351017
0.0378172
0.0399814
0.0349443
0.0433946
0.0386782
0.0409733
0.0494089
0.0455946
0.0519748
0.0376681
0.0500631
0.0426487
0.0435257
0.0403725
0.0425207
0.0395188
0.0416841
0.041611
0.0402696
0.0418687
0.0449234
0.0444113
0.0447844
0.0429944
0.0431619
0.0381566
0.0483882
0.0521974
0.0489839
0.0483352
0.0517872
0.0500838
0.0632849
0.0621153
0.0874945
0.121448
0.243221
0.357967
0.427236
0.443368
0.423358
0.355524
0.22926
0.127114
0.081773
0.0663125
0.0612705
0.0570539
0.0621422
0.0616882
0.0535488
0.0580277
0.0536054
0.0612895
0.0510394
0.0563347
0.0542946
0.0494376
0.0571713
0.0548507
0.0505911
0.0504253
0.0605999
0.0563403
0.0607262
0.0589465
0.0537491
0.0517598
0.0472683
0.0463474
0.0493984
0.0524785
0.0502195
0.0399545
0.042846
0.0519368
0.0488261
0.0527979
0.0452378
0.048271
0.0509936
0.0505247
0.0616513
0.0470172
0.0515981
0.0492333
0.0485419
0.0572894
0.0518051
0.0520756
0.0497764
0.0578102
0.0553451
0.0509688
0.0467122
0.0552554
0.0546132
0.0616258
0.054632
0.0514111
0.0551774
0.0492628
0.0519472
0.0573659
0.0536359
0.0517544
0.0502596
0.0453372
0.0440266
0.0505911
0.0512758
0.0553827
0.0425745
0.0538809
0.0500902
0.0570487
0.0536809
0.0584407
0.0505894
0.0483574
0.0548705
0.0494665
0.0478107
0.0500042
0.0572291
0.0551274
0.0484267
0.056994
0.0513389
0.0527398
0.0424623
0.0558126
0.0444643
0.053373
0.0534381
0.0559089
0.0520921
0.0506408
0.0549822
0.0486025
0.0641601
0.0456706
0.0498366
0.0685178
0.051295
0.0538919
0.0536329
0.061251
0.065596
0.0492578
0.0627376
0.0516471
0.0451532
0.0601648
0.0574157
0.057744
0.0575748
0.0549836
0.054008
0.058288
0.0605666
0.0704328
0.0556426
0.0501822
0.0612394
0.0675252
0.0685075
0.059905
0.0688787
0.0630597
0.0694404
0.0736323
0.0555895
0.0742747
0.0813256
0.0660407
0.0617339
0.0738598
0.0560663
0.0498932
0.0403329
0.0471162
0.050384
0.0628644
0.0920176
0.0507102
0.059735
0.038365
0.0666643
0.0792562
0.0374109
0.0558439
0.0638704
0.0419244
0.0851951
0.0554096
0.0563318
0.0825969
0.0702616
0.069947
0.0726768
0.0473263
0.0523306
0.0528721
0.0635844
0.092762
0.100081
0.0681604
0.0669208
0.102516
0.0865655
0.0948564
0.103737
0.0966256
0.107907
0.0808564
0.0666705
0.110602
0.069351
0.0765375
0.0974121
0.0952802
0.067307
0.0825505
0.0740822
0.0629886
0.0568958
0.0738176
0.0757414
0.0737838
0.0631573
0.0653449
0.0711296
0.0688372
0.0749988
0.0661062
0.0800613
0.072951
0.0626783
0.0635957
0.0659695
0.0464363
0.0790208
0.0569659
0.0763347
0.0556903
0.0509729
0.0631022
0.0695398
0.0572222
0.0553982
0.080757
0.0633701
0.0652356
0.0763379
0.0644296
0.0787763
0.0939366
0.0754989
0.0964646
0.105594
0.0960887
0.0828923
0.0466235
0.052912
0.0644112
0.0510124
0.0342959
0.0415543
0.0544277
0.0496771
0.0604211
0.0678624
0.0336847
0.0467073
0.0639196
0.0688662
0.0581794
0.0581172
0.0735715
0.0834318
0.0594611
0.0721671
0.0830354
0.0699961
0.0906659
0.101789
0.0983143
0.114607
0.101692
0.122575
0.123308
0.12719
0.159376
0.155492
0.146173
0.144178
0.128832
0.0874167
0.0556376
0.061115
0.0559252
0.0515843
0.0435723
0.0570279
0.0464977
0.035883
0.0583261
0.0335237
0.0319355
0.0595998
0.0552033
0.0455495
0.0624353
0.0577462
0.0486583
0.0519385
0.0595102
0.0463725
0.049091
0.0425004
0.0520269
0.0536425
0.0557243
0.0472451
0.0440334
0.0473185
0.0478346
0.0552016
0.0516548
0.058976
0.0510088
0.0401661
0.0491116
0.0547787
0.0549081
0.0480221
0.0489146
0.0459013
0.0526614
0.0545523
0.0467416
0.052204
0.0395635
0.052235
0.0548599
0.0425364
0.0583952
0.0521426
0.0537659
0.0605364
0.0519758
0.0562054
0.0637742
0.0509285
0.0528437
0.0473657
0.0371866
0.0488659
0.0454044
0.0458556
0.0450603
0.0454954
0.0578526
0.0440941
0.0396577
0.041636
0.0401594
0.0464743
0.0473582
0.0508195
0.0560762
0.0467016
0.0458509
0.0483398
0.0500193
0.0499147
0.0559006
0.0513857
0.0519314
0.0545327
0.0514976
0.0502221
0.051597
0.0474732
0.045391
0.0577751
0.0510599
0.0522683
0.0537372
0.0481042
0.0569818
0.0579194
0.0499667
0.0603013
0.0561125
0.0634875
0.0547358
0.0587798
0.0703415
0.0656511
0.0720795
0.0634653
0.0675521
0.0709431
0.0658043
0.067338
0.0836059
0.0805869
0.085162
0.0773725
0.0825043
0.0803277
0.0812579
0.0727587
0.0726313
0.0497796
0.0440773
0.0483738
0.0499718
0.0491725
0.0403686
0.0495465
0.0471258
0.0471173
0.0500773
0.0449189
0.0466449
0.0432896
0.0534606
0.0474214
0.0491882
0.0587078
0.0570421
0.058971
0.0584538
0.0623854
0.0591519
0.0663193
0.0663911
0.0712505
0.0720022
0.0787435
0.0792609
0.0844337
0.0977826
0.102452
0.106569
0.104365
0.114618
0.108752
0.107495
0.114185
0.100299
0.0954055
0.0869689
0.0717381
0.0716227
0.070833
0.0750104
0.0684754
0.0499144
0.0541623
0.0546951
0.0517632
0.0679003
0.0639149
0.0537545
0.0643152
0.0593354
0.0637851
0.0537195
0.0609224
0.0712427
0.0656585
0.0694941
0.0719963
0.0707603
0.0702132
0.0738978
0.0808729
0.0790375
0.0848161
0.076294
0.0894108
0.0924084
0.0967228
0.0989454
0.105489
0.113428
0.112875
0.125877
0.127326
0.125978
0.123482
0.116392
0.10998
0.103612
0.0966254
0.0875863
0.0786343
0.0749876
0.0661384
0.071901
0.0628261
0.067478
0.0686583
0.0665715
0.0817277
0.0699391
0.0672881
0.0600664
0.0829652
0.0701622
0.0512518
0.0576376
0.0541663
0.0642711
0.0458724
0.0659931
0.050237
0.071062
0.0592123
0.0519319
0.0583312
0.0512318
0.0635334
0.0532905
0.0587279
0.0658497
0.0589928
0.0589858
0.0548809
0.0584228
0.0539387
0.0585855
0.0592984
0.0643272
0.0651914
0.0540668
0.0627045
0.0574222
0.0585605
0.0639691
0.0608767
0.0621079
0.0627489
0.056164
0.07016
0.0628285
0.0596633
0.0604677
0.0640802
0.0609788
0.0604752
0.0579321
0.0547835
0.0576709
0.0646989
0.0630596
0.0664579
0.072831
0.0749521
0.0732958
0.0903474
0.0884317
0.087043
0.0854448
0.0908353
0.0856993
0.0893478
0.0969024
0.0841291
0.094509
0.0919585
0.0904603
0.0923078
0.0982732
0.0849811
0.0929793
0.0840532
0.0829933
0.0804864
0.110487
0.104429
0.0961618
0.0860178
0.108595
0.114097
0.101648
0.114947
0.104733
0.120567
0.101132
0.0948029
0.0811249
0.0892055
0.0765004
0.0672691
0.0649182
0.0781556
0.0769597
0.0629245
0.0827774
0.0807762
0.0820396
0.0992797
0.106355
0.107539
0.103872
0.104093
0.0921407
0.113368
0.11898
0.120011
0.096528
0.103736
0.127439
0.118852
0.127617
0.111891
0.0979446
0.0956989
0.0946675
0.0870802
0.105098
0.0833569
0.0766098
0.0959512
0.0706126
0.100251
0.0791777
0.0892211
0.11122
0.056318
0.0997168
0.112744
0.0955726
0.0943493
0.114146
0.0877584
0.114872
0.122468
0.120286
0.0974218
0.0999252
0.12463
0.117002
0.106051
0.098007
0.117212
0.124924
0.141886
0.164739
0.124474
0.12636
0.133242
0.140147
0.141449
0.161972
0.151982
0.15591
0.163972
0.145477
0.151514
0.15377
0.136758
0.141431
0.134466
0.154191
0.118345
0.134523
0.115146
0.121747
0.0854164
0.11389
0.09106
0.0833078
0.0863478
0.0608163
0.0702873
0.0594407
0.0643987
0.0719194
0.0265147
0.0613057
0.111995
0.0928674
0.051564
0.0648591
0.0746501
0.0924192
0.089207
0.103339
0.095683
0.0774239
0.105287
0.109074
0.13765
0.0942835
0.137243
0.122459
0.11775
0.122661
0.133466
0.139873
0.129989
0.153898
0.163296
0.124559
0.170579
0.16593
0.169934
0.188102
0.171079
0.177058
0.168726
0.170389
0.185409
0.191237
0.16995
0.157124
0.140943
0.15021
0.146307
0.145253
0.138258
0.102933
0.100729
0.11091
0.0772244
0.0766334
0.0561472
0.0695201
0.0487723
0.0726599
0.10561
0.0626948
0.0656703
0.067411
0.0442555
0.0620262
0.0836806
0.0591871
0.0454901
0.0802624
0.0453569
0.0683272
0.0626946
0.07431
0.0840127
0.0799567
0.110694
0.0536593
0.0316624
0.0818871
0.0514346
0.0971202
0.0343275
0.0641564
0.0848366
0.106486
0.000211557
0.0790858
0.0685689
0.0839358
0.0879609
0.0855958
0.089927
0.0640481
0.0430193
0.00715733
0.0334262
0.0427679
0.100916
0.0553812
0.100729
0.0772637
0.0898088
0.0634264
0.0690656
0.111242
0.0976645
0.125743
0.0527846
0.0764302
0.103468
0.0757001
0.0976394
0.102172
0.0963875
0.0859788
0.0552887
0.112224
0.0700184
0.0765732
0.109281
0.078177
0.0555939
0.0741758
0.100183
0.0800354
0.068895
0.063155
0.102199
0.0720322
0.0341572
0.119679
0.0437071
0.0361104
0.035999
0.0398935
0.109973
0
0.0724021
0.0704026
0.0578108
0.0574002
0.0575929
0.0736194
0.0560198
0.0564918
0.103906
0.0841267
0.0419482
0.0432836
0.100418
0.0718178
0.0415181
0.0730889
0.0669725
0.0683783
0.0430676
0.0555408
0.0863682
0.0549731
0.10379
0.0426531
0.105432
0.0809978
0.0692981
0.0805216
0.103127
0.106572
0.105719
0.128656
0.127659
0.1428
0.0960588
0.109104
0.0776282
0.121367
0.0905841
0.114208
0.0846748
0.10062
0.0493725
0.111701
0.0943111
0.106114
0.0952396
0.0133534
0.0371644
0.0997915
0.077016
0.079761
0.0902946
0.0612775
0.0584884
