0.144934
0.143191
0.149188
0.149632
0.140634
0.152119
0.14455
0.149213
0.156305
0.166201
0.170322
0.169997
0.170262
0.177911
0.183392
0.187194
0.188408
0.189705
0.187978
0.183026
0.182064
0.182118
0.18747
0.180926
0.19618
0.204874
0.204308
0.211788
0.214748
0.218602
0.221402
0.224561
0.227786
0.224295
0.230374
0.233504
0.239431
0.236911
0.233082
0.236629
0.218306
0.210773
0.21601
0.234837
0.234147
0.239078
0.242867
0.25121
0.253965
0.259961
0.254666
0.236956
0.2247
0.223594
0.223137
0.223169
0.239057
0.270235
0.26981
0.265259
0.252243
0.220378
0.179003
0.159593
0.152014
0.152592
0.138929
0.138501
0.131135
0.137154
0.122478
0.12644
0.123849
0.12166
0.120941
0.128115
0.128506
0.122257
0.130109
0.128011
0.129496
0.132153
0.13484
0.125411
0.13311
0.135552
0.139891
0.140853
0.144738
0.153629
0.158458
0.157083
0.164984
0.172027
0.178747
0.18982
0.201519
0.213587
0.215922
0.219929
0.22561
0.230238
0.222716
0.207143
0.2003
0.186262
0.18095
0.176505
0.178089
0.182808
0.185983
0.191263
0.192291
0.193057
0.198796
0.19563
0.187224
0.179533
0.168706
0.174301
0.181716
0.181076
0.187141
0.189649
0.188202
0.198966
0.207873
0.211463
0.211271
0.215337
0.21954
0.220897
0.222596
0.22326
0.223577
0.22408
0.230785
0.236314
0.231146
0.228057
0.21623
0.205693
0.18202
0.174624
0.18629
0.189491
0.19341
0.21304
0.211975
0.215642
0.226482
0.238573
0.242004
0.247213
0.252599
0.256609
0.253523
0.25981
0.259914
0.261308
0.261617
0.264107
0.264707
0.259711
0.236325
0.202261
0.162794
0.141725
0.140724
0.124805
0.124371
0.119191
0.118326
0.119778
0.129484
0.122385
0.130319
0.135908
0.136972
0.138267
0.139104
0.141979
0.134536
0.147845
0.141313
0.137666
0.133861
0.143671
0.135375
0.14033
0.139136
0.139098
0.138163
0.142349
0.150058
0.142156
0.148063
0.14291
0.144849
0.1324
0.118598
0.109383
0.104964
0.106716
0.118865
0.117785
0.116587
0.117629
0.13112
0.137786
0.137844
0.144252
0.152469
0.157312
0.16622
0.166684
0.171614
0.172279
0.176863
0.175095
0.17779
0.184147
0.178612
0.175855
0.154009
0.138548
0.142668
0.135209
0.143032
0.144506
0.14459
0.142346
0.147379
0.15512
0.159351
0.165883
0.183395
0.183887
0.186133
0.184488
0.203434
0.207082
0.212383
0.208524
0.216461
0.219927
0.222836
0.231557
0.23066
0.235202
0.23114
0.23426
0.235256
0.234059
0.227161
0.203856
0.184495
0.162286
0.154232
0.154875
0.147314
0.138978
0.136796
0.151159
0.167592
0.157097
0.157909
0.180235
0.170974
0.183371
0.192615
0.199502
0.198973
0.201789
0.215195
0.211492
0.219838
0.216133
0.215062
0.214012
0.20349
0.19073
0.172575
0.150851
0.138799
0.137638
0.137649
0.140468
0.13761
0.128896
0.127887
0.145569
0.144664
0.151771
0.143732
0.155251
0.15192
0.160611
0.155927
0.151471
0.138192
0.141933
0.132308
0.130334
0.13935
0.140564
0.138595
0.138852
0.144347
0.138431
0.142014
0.149262
0.145849
0.137004
0.125226
0.113771
0.120377
0.104027
0.128863
0.112996
0.102719
0.124917
0.12419
0.11947
0.128884
0.105105
0.114658
0.120998
0.112481
0.125552
0.116771
0.129873
0.140669
0.150942
0.152214
0.151842
0.154577
0.167274
0.158216
0.173597
0.165962
0.170104
0.16944
0.169559
0.155536
0.148044
0.142227
0.1329
0.131888
0.133444
0.132891
0.132109
0.104709
0.113482
0.128472
0.125447
0.131938
0.123987
0.139328
0.127697
0.138647
0.140754
0.137417
0.134736
0.148229
0.139817
0.147827
0.169204
0.163834
0.172699
0.179691
0.18684
0.189172
0.188493
0.198674
0.193993
0.198896
0.193639
0.179222
0.150936
0.142216
0.138009
0.119775
0.125922
0.106663
0.125004
0.131845
0.118368
0.129948
0.126288
0.12714
0.129765
0.128907
0.125658
0.117221
0.123833
0.131151
0.124228
0.130203
0.129196
0.111934
0.126283
0.126499
0.12706
0.13524
0.138444
0.136822
0.157036
0.157469
0.174398
0.182981
0.192407
0.199636
0.219672
0.234373
0.21664
0.202348
0.201278
0.175389
0.165824
0.15101
0.161
0.170069
0.162012
0.168196
0.161186
0.169288
0.166436
0.164799
0.167719
0.17026
0.168414
0.162298
0.173002
0.167162
0.158456
0.157013
0.143771
0.155574
0.149042
0.159365
0.148956
0.137
0.139535
0.144301
0.15161
0.133775
0.142125
0.121154
0.139973
0.136802
0.149469
0.153115
0.139731
0.142151
0.151775
0.147858
0.161054
0.13308
0.141028
0.153414
0.15327
0.144275
0.141875
0.131726
0.155924
0.157158
0.169093
0.185205
0.164955
0.171479
0.181735
0.17672
0.182068
0.176196
0.184483
0.189864
0.20502
0.203233
0.21433
0.229086
0.249676
0.248592
0.256526
0.246356
0.234686
0.193381
0.183255
0.158098
0.13113
0.157669
0.16605
0.208379
0.257471
0.298723
0.329534
0.371712
0.364165
0.338276
0.29714
0.235997
0.167796
0.144947
0.129446
0.126666
0.152922
0.132354
0.13203
0.139791
0.135343
0.151822
0.138775
0.153892
0.143784
0.146571
0.162659
0.158109
0.168421
0.171559
0.163306
0.161242
0.159121
0.131053
0.140395
0.120797
0.105237
0.123662
0.119107
0.116584
0.1143
0.0973578
0.119778
0.113424
0.102377
0.107361
0.103377
0.100562
0.104434
0.105474
0.120127
0.114049
0.121921
0.113007
0.124487
0.109837
0.126694
0.140245
0.130064
0.123297
0.128995
0.113104
0.1375
0.127624
0.129976
0.126358
0.112629
0.128989
0.116821
0.130893
0.137528
0.119371
0.125837
0.12657
0.122841
0.137466
0.138143
0.139688
0.156931
0.149155
0.135198
0.143566
0.128891
0.117068
0.0989632
0.125751
0.13913
0.132125
0.131319
0.133877
0.134602
0.129537
0.135279
0.126625
0.126105
0.140421
0.13162
0.135133
0.133761
0.136503
0.134788
0.131799
0.113235
0.109948
0.121189
0.106226
0.112359
0.0945887
0.107073
0.104203
0.0760063
0.0965001
0.0963974
0.101132
0.108086
0.0857134
0.103473
0.0990885
0.0957468
0.100772
0.0972224
0.0855969
0.0941857
0.0885737
0.084162
0.097941
0.0855981
0.0945432
0.0923818
0.0932586
0.0967153
0.0886185
0.0915406
0.0872401
0.0768582
0.0806338
0.080506
0.0927243
0.083679
0.0900395
0.112894
0.0993684
0.125248
0.118346
0.107232
0.118383
0.116296
0.12473
0.108611
0.108359
0.093318
0.0777516
0.0856479
0.0634271
0.0585263
0.0787835
0.0729821
0.0782992
0.0890878
0.0850507
0.088727
0.0896125
0.109322
0.0960808
0.108721
0.0978271
0.0873777
0.087072
0.0987504
0.0977171
0.11068
0.126639
0.116953
0.122578
0.143036
0.0935653
0.115499
0.110039
0.106788
0.0966263
0.0887311
0.116175
0.109092
0.110989
0.13905
0.113938
0.114846
0.0957747
0.125813
0.108383
0.0953694
0.118413
0.115976
0.122932
0.117982
0.110088
0.138963
0.120934
0.111627
0.10487
0.119409
0.110866
0.132174
0.116955
0.090122
0.0953688
0.0999009
0.0807855
0.0670983
0.0787302
0.0777697
0.0863294
0.0742078
0.0709024
0.0591807
0.0519182
0.0574418
0.0586111
0.0604756
0.0573675
0.0566247
0.0600779
0.0577367
0.0532244
0.050759
0.0588989
0.0517575
0.0503955
0.0475614
0.0411457
0.0489437
0.0462378
0.0596711
0.0360018
0.0440998
0.0383999
0.0441255
0.0501881
0.0446487
0.036289
0.0445118
0.0618388
0.0587679
0.0591597
0.0638542
0.0579677
0.0630874
0.059273
0.0445709
0.0682636
0.0526956
0.0667357
0.0676122
0.0730042
0.0665774
0.0710472
0.0537221
0.0515861
0.0631059
0.0460588
0.0535909
0.0460195
0.0405409
0.0520273
0.0505925
0.0508962
0.0487713
0.0527015
0.0409945
0.0526901
0.060742
0.0415859
0.0351945
0.0433046
0.0406023
0.048519
0.0492717
0.0512829
0.0392969
0.0362089
0.0563423
0.0619158
0.0487715
0.0366075
0.0406931
0.0554823
0.0511964
0.048728
0.0623962
0.053892
0.0994405
0.0617746
0.0929349
0.0851059
0.0919446
0.0833153
0.0746878
0.0859709
0.0831089
0.0740294
0.0883875
0.0797746
0.108612
0.0969594
0.0708978
0.07767
0.0863969
0.0765096
0.0956649
0.108353
0.106268
0.105978
0.110378
0.109898
0.120149
0.140858
0.118428
0.139323
0.143663
0.157054
0.136385
0.115592
0.12613
0.122068
0.125464
0.0945059
0.0933213
0.0814312
0.0919335
0.0843763
0.0829813
0.108819
0.0839746
0.0834214
0.0831925
0.0884775
0.10207
0.113432
0.111192
0.143885
0.0893502
0.109429
0.107615
0.112514
0.118053
0.145346
0.135393
0.121315
0.142328
0.189644
0.15714
0.14838
0.159774
0.139165
0.138503
0.108984
0.121613
0.109551
0.117175
0.0828153
0.0741787
0.0672715
0.069898
0.0614999
0.0402795
0.0585414
0.0461831
0.0313154
0.0482309
0.0207145
0.00736361
0.0224548
0.02298
0.0188014
0.0323308
0.0303444
0.0245159
0.0269954
0.0221043
0.0233624
0.0253076
0.026212
0.0261726
0.0277864
0.0297883
0.0330605
0.0371175
0.0226835
0.0205607
0.0225243
0.022824
0.0206755
0.0134353
0.0271933
0.0225949
0.0176067
0.0192525
0.0177061
0.0150101
0.0129486
0.0175535
0.0250515
0.0127479
0.0244892
0.0241042
0.0216303
0.0255329
0.0237133
0.0221196
0.0246436
0.0144437
0.0230308
0.02476
0.0278774
0.0220423
0.0164412
0.0223973
0.0285013
0.0257864
0.0250329
0.0195982
0.0244769
0.0226613
0.0267435
0.0297536
0.0301303
0.033726
0.0329269
0.0311782
0.0338612
0.025685
0.0329619
0.0334456
0.0264547
0.0278737
0.0214155
0.027078
0.0275782
0.0318864
0.0313407
0.0373951
0.0314225
0.0343139
0.0299164
0.0321417
0.0302966
0.0315556
0.0364672
0.0280197
0.0405951
0.0403317
0.0370878
0.0268483
0.0257114
0.0292772
0.0277402
0.0307823
0.0372193
0.0278034
0.0317622
0.0320885
0.0249869
0.0310605
0.0360764
0.0325674
0.0323689
0.0310539
0.0295823
0.0229213
0.0339499
0.0295828
0.0377148
0.0461671
0.0363378
0.0454972
0.044212
0.047762
0.0369167
0.0449396
0.0438395
0.0452029
0.049871
0.055083
0.0507805
0.0574835
0.0494748
0.055145
0.0506018
0.0514663
0.0496577
0.056377
0.0556885
0.0585697
0.0658157
0.0646759
0.0624249
0.0758875
0.0714079
0.0773479
0.0719658
0.0800093
0.0786981
0.0797301
0.0838625
0.0704921
0.0743094
0.0779755
0.0769276
0.0729723
0.0731956
0.0792279
0.0675104
0.0666634
0.0708063
0.0793531
0.0762236
0.0650466
0.0809573
0.0819214
0.0948798
0.0888916
0.0933755
0.0948846
0.0876651
0.0710616
0.0885064
0.0648556
0.0585116
0.0580007
0.0722758
0.0511671
0.0716659
0.0706362
0.0690481
0.0695971
0.0704288
0.0593411
0.0782378
0.0741188
0.0581519
0.0629165
0.0709136
0.0647582
0.0707696
0.0642207
0.07105
0.0529502
0.0538541
0.0521557
0.0540602
0.0525028
0.0645538
0.0367079
0.0436587
0.0556127
0.0558399
0.0545543
0.0467175
0.042171
0.0382154
0.0394937
0.0299979
0.0358788
0.0531839
0.0457511
0.0586095
0.0479231
0.0339707
0.03634
0.0400427
0.0383135
0.0229913
0.046393
0.0497432
0.057369
0.035518
0.0326
0.0320282
0.0334408
0.0269837
0.0165479
0.0180063
0.0142125
0.0351187
0.0249086
0.0294545
0.0181664
0.0259206
0.0171018
0.0178077
0.00946525
0.0140464
0.0205761
0.0317354
0.0297128
0.0341239
0.0285602
0.0378646
0.0265488
0.0258448
0.0318068
0.0474785
0.0449677
0.0412586
0.0508645
0.0336215
0.0406862
0.0355574
0.0266968
0.0286668
0.0201991
0.024842
0.0210123
0.0262175
0.0222862
0.0228826
0.0168725
0.0258594
0.0195765
0.0334294
0.0261924
0.0232265
0.0272628
0.0238383
0.0204243
0.0161861
0.019443
0.0248457
0.0266597
0.025044
0.0367521
0.0267749
0.0300379
0.0243332
0.0188595
0.0241989
0.0296425
0.0198991
0.0315718
0.018554
0.0155968
0.0181422
0.0206787
0.0194289
0.0240779
0.0274611
0.026751
0.02996
0.0189059
0.0256162
0.0275482
0.0200683
0.0244572
0.0244193
0.0251108
0.021214
0.0310204
0.026007
0.0339206
0.027308
0.0396404
0.0369252
0.0485431
0.028603
0.0336726
0.0282112
0.0371508
0.0317923
0.0279123
0.0290886
0.0212918
0.0228123
0.0195097
0.0198598
0.0157924
0.0280523
0.0237689
0.0266563
0.0224016
0.0245261
0.0262678
0.0226245
0.0233208
0.0275069
0.0251217
0.0265048
0.0240419
0.0343432
0.0330678
0.0370548
0.0311253
0.0318191
0.0292525
0.0362269
0.0431848
0.0314047
0.0449612
0.040816
0.0421419
0.0356656
0.0436763
0.0421483
0.0453185
0.0367904
0.040982
0.0418538
0.0366661
0.0342516
0.0384319
0.0363392
0.0382394
0.0409793
0.0454812
0.0458174
0.0395642
0.0337556
0.0443735
0.0483159
0.0406913
0.0479117
0.0436992
0.0549871
0.0640454
0.0605903
0.0977438
0.132282
0.272845
0.412044
0.494005
0.51169
0.491865
0.409526
0.254275
0.141831
0.0897268
0.0664556
0.0573351
0.0573877
0.0589438
0.0564274
0.0514851
0.0539925
0.0531971
0.0595379
0.0593046
0.0506037
0.0544414
0.0507441
0.0525561
0.0506549
0.0560748
0.0517866
0.0549493
0.0567328
0.0545748
0.0525445
0.05056
0.0572671
0.0484258
0.040024
0.0506745
0.055508
0.0415209
0.0446729
0.0372219
0.0485707
0.0469966
0.0448388
0.0408761
0.0507058
0.0522292
0.0481764
0.05664
0.048464
0.0446158
0.0505853
0.0514494
0.0559584
0.0473878
0.0548949
0.0519187
0.0514505
0.049828
0.0499934
0.0566104
0.0549388
0.0485056
0.0600133
0.0530064
0.0515113
0.0546922
0.0459818
0.0552019
0.0619089
0.0534177
0.0474601
0.0442905
0.0433646
0.0540731
0.0499393
0.0556919
0.0467143
0.0351772
0.0477109
0.0432948
0.0519979
0.0502605
0.0480964
0.0481922
0.0472874
0.0532878
0.0471644
0.0451878
0.0524444
0.0507494
0.0488049
0.0473766
0.0512077
0.0467562
0.0517065
0.0497484
0.0613194
0.0421038
0.0470296
0.049949
0.0497609
0.0488763
0.0548272
0.0555302
0.0610459
0.071973
0.0457123
0.0484131
0.0582764
0.0649502
0.0566041
0.0578598
0.053027
0.0549856
0.0623997
0.0504438
0.0580325
0.0456403
0.0591918
0.0560938
0.0645705
0.0588466
0.0529185
0.0648396
0.058942
0.0549364
0.0688367
0.0710875
0.0587078
0.0601204
0.0696374
0.0628879
0.0577223
0.0711192
0.0642566
0.0546664
0.0636393
0.0521503
0.0706679
0.0565095
0.0648861
0.0572175
0.0642879
0.043921
0.0450361
0.0540542
0.0586966
0.0625228
0.0474403
0.0774396
0.0645326
0.0566151
0.0558435
0.0626407
0.0738356
0.047526
0.0602477
0.0523709
0.0707618
0.0708446
0.0454152
0.046685
0.0695203
0.0727749
0.0651578
0.082504
0.0505962
0.0790466
0.053923
0.0724619
0.112212
0.0851734
0.0654296
0.057439
0.0928779
0.096578
0.10117
0.10876
0.123109
0.0879709
0.0874202
0.0979411
0.0984195
0.0881471
0.0778167
0.0981314
0.12215
0.0791783
0.086036
0.0867969
0.0946469
0.0707798
0.0799584
0.0810651
0.0812401
0.0631798
0.0850066
0.0445343
0.0734858
0.0798
0.0760435
0.0772572
0.0587672
0.0617505
0.0847899
0.0577556
0.0453295
0.0796609
0.0961742
0.0772827
0.0598985
0.0807822
0.0557874
0.0721816
0.0442073
0.0914837
0.05138
0.0533322
0.0565191
0.0840487
0.0505487
0.0836171
0.0852207
0.0909457
0.115987
0.098533
0.0996349
0.0762883
0.0497827
0.077062
0.0536695
0.0539934
0.0526101
0.0483502
0.049989
0.0571679
0.0504597
0.0451692
0.0410539
0.0467735
0.0705519
0.0651124
0.0639483
0.0620242
0.0604403
0.0730416
0.0743506
0.0833503
0.0802996
0.0834947
0.0845866
0.102281
0.118671
0.118343
0.109674
0.130486
0.139962
0.141477
0.165814
0.171588
0.164011
0.156614
0.139932
0.0941495
0.067164
0.0600858
0.0419921
0.0484338
0.0369482
0.0377846
0.0423134
0.0307755
0.0414206
0.0469828
0.0400598
0.0549852
0.0579147
0.0456098
0.0392896
0.0388393
0.0396886
0.0579048
0.0521266
0.0369133
0.0507908
0.0584792
0.0599841
0.054032
0.0559888
0.0495049
0.0536226
0.0572148
0.0490525
0.0498569
0.0529571
0.0598819
0.0529644
0.0430863
0.0504018
0.048798
0.0603502
0.0477936
0.0589031
0.0522213
0.0459017
0.048246
0.048275
0.0570912
0.048304
0.0578536
0.0574943
0.0500044
0.0605315
0.0640991
0.0547393
0.0583884
0.0528199
0.0557975
0.0524421
0.0514413
0.0553547
0.0622016
0.038155
0.0387698
0.051067
0.046074
0.0416692
0.0463361
0.0469705
0.043722
0.046353
0.0374975
0.0428142
0.0416486
0.0430413
0.0494658
0.04961
0.0461127
0.0461455
0.0550831
0.0489649
0.0479634
0.0531418
0.0548972
0.0505711
0.0518036
0.0464204
0.0490502
0.0474785
0.0449079
0.0457822
0.0473931
0.0533041
0.0470775
0.0507521
0.048108
0.0499773
0.0470917
0.045081
0.056268
0.0503175
0.0526019
0.058307
0.0624895
0.0649904
0.0701201
0.0692502
0.0684783
0.065656
0.0654559
0.0746102
0.0675595
0.08307
0.0890661
0.100142
0.0854189
0.0897559
0.0797036
0.0808294
0.0722922
0.0651825
0.0391351
0.0401178
0.0442167
0.0458585
0.0420901
0.0437185
0.047509
0.0510602
0.0465314
0.0540506
0.0450554
0.045806
0.0477711
0.052129
0.0533339
0.0533712
0.0549115
0.0510825
0.0565759
0.0526017
0.0623091
0.0633401
0.0640354
0.072353
0.0729677
0.074029
0.0820319
0.0810892
0.0932501
0.0971991
0.108558
0.110844
0.112479
0.117799
0.123044
0.119058
0.121937
0.101374
0.105459
0.0955268
0.079817
0.076728
0.0731665
0.0653006
0.0609262
0.0585694
0.0641116
0.0480665
0.0531716
0.0602735
0.0684399
0.0492845
0.0711736
0.0603305
0.0644954
0.0597391
0.0624917
0.0719161
0.0728011
0.0626447
0.0722167
0.0750769
0.0790309
0.0833987
0.0792487
0.0824606
0.0917513
0.085331
0.0960438
0.0995849
0.102664
0.109892
0.113556
0.12076
0.125656
0.137343
0.133129
0.136498
0.13298
0.124116
0.114871
0.113838
0.105143
0.0951541
0.0826741
0.0808791
0.0723089
0.0737616
0.0709277
0.0743399
0.0734821
0.0830369
0.0773226
0.0747046
0.0698248
0.0738803
0.0757746
0.0721462
0.0564087
0.0506626
0.0499768
0.0549587
0.0518964
0.0633015
0.0589854
0.0716014
0.0587022
0.0562896
0.0495631
0.0435146
0.0578966
0.0551646
0.0558215
0.0655766
0.0604354
0.0547508
0.0579015
0.062819
0.0574533
0.0551099
0.0615045
0.0590765
0.0525525
0.0615582
0.071333
0.0583221
0.0613041
0.0631478
0.0655835
0.0618435
0.0628035
0.0677828
0.0676361
0.0641912
0.0562378
0.0555425
0.0572547
0.0617539
0.0618096
0.0661045
0.0623271
0.0577594
0.0577609
0.0660859
0.0700099
0.0757768
0.0802568
0.0824598
0.0889543
0.0948342
0.0929504
0.0878682
0.0932612
0.0881762
0.100949
0.0989577
0.0842871
0.0995673
0.0938972
0.0946884
0.103328
0.0916632
0.103362
0.10094
0.0998772
0.103849
0.0854646
0.0934548
0.088671
0.117765
0.104812
0.114608
0.117887
0.121107
0.101849
0.105849
0.127571
0.10539
0.0969703
0.0871935
0.0856727
0.0832776
0.0829107
0.0840177
0.0943304
0.0960534
0.0814992
0.0761105
0.0925046
0.102515
0.101214
0.101716
0.12125
0.0984674
0.127288
0.105287
0.123789
0.13562
0.123314
0.114601
0.106349
0.134015
0.122327
0.125883
0.116975
0.106082
0.0873756
0.0987518
0.0773437
0.112667
0.0824109
0.0905158
0.0782251
0.0760563
0.108005
0.0814738
0.0779383
0.116739
0.077762
0.111321
0.115871
0.119361
0.114215
0.110666
0.0993719
0.14569
0.125879
0.12767
0.0967242
0.113396
0.122901
0.141519
0.112667
0.108035
0.145028
0.131636
0.15166
0.152909
0.131374
0.142811
0.153916
0.168236
0.163435
0.154878
0.166754
0.164191
0.185306
0.167233
0.179821
0.168952
0.148955
0.147685
0.155101
0.154507
0.143794
0.154958
0.117237
0.125838
0.0998422
0.127718
0.0990812
0.103475
0.0843947
0.0702366
0.0818657
0.0689984
0.054761
0.0603199
0.0602887
0.0757012
0.0927409
0.0652696
0.0847529
0.0678074
0.0688746
0.0940487
0.092438
0.0881308
0.0865141
0.136479
0.115334
0.110161
0.12131
0.106367
0.140916
0.140337
0.105821
0.13415
0.115368
0.135351
0.139159
0.141594
0.169918
0.168139
0.169412
0.196969
0.199476
0.206799
0.185898
0.221004
0.189774
0.18828
0.199788
0.20539
0.181683
0.179374
0.165118
0.168643
0.191009
0.163925
0.142289
0.149118
0.120828
0.0875479
0.0887539
0.0850185
0.0519778
0.0939904
0.0858087
0.0320245
0.0803876
0.0771825
0.0506415
0.0304399
0.0630967
0.115485
0.0841656
0.0573724
0.0696491
0.0947023
0.0461496
0.0717184
0.082187
0.0997293
0.0896532
0.0768158
0.100086
0.0894431
0.0620348
0.0891994
0.0614831
0.0582295
0.060861
0.0691451
0.0676665
0.0722618
0.051406
0.0940719
0.0674239
0.0873172
0.0947442
0.0916059
0.0577344
0.0579836
0.108604
0.0533782
0.0516336
0.0840673
0.0967773
0.0694166
0.0862871
0.0806907
0.103004
0.0699405
0.111154
0.0888485
0.0756952
0.136742
0.117597
0.108369
0.101942
0.0966117
0.12398
0.0958519
0.100974
0.0890048
0.0945677
0.0840489
0.100364
0.0777612
0.102687
0.0795251
0.0774946
0.103403
0.0958584
0.0609009
0.0640415
0.0832316
0.0977843
0.0603546
0
0.0437872
0.0536505
0.0448138
0.0252493
0.0378103
0.105665
0.0178076
0.00164476
0.0771748
0.0572854
0.0277308
0.0570234
0.0627352
0.0421902
0.0744144
0.104864
0.0865397
0.0160597
0.0270289
0.0835345
0.0610989
0.0553939
0.070257
0.0971701
0.0579873
0.097865
0.0470281
0.0780183
0.100011
0.119022
0.101999
0.107231
0.0846562
0.0911579
0.0467535
0.0955942
0.0983567
0.138672
0.146531
0.11125
0.122336
0.10988
0.101099
0.0886252
0.13611
0.11264
0.112188
0.115576
0.0872842
0.0590662
0.0889656
0.101751
0.0763135
0.0528792
0.0593316
0.0793707
0.0822393
0.0715831
0.0849315
0.0752073
0.0767652
0.0570534
