0.179313
0.188942
0.192814
0.199086
0.190389
0.200286
0.20363
0.199234
0.213034
0.22398
0.225506
0.233696
0.231542
0.240456
0.247333
0.253125
0.261082
0.260887
0.26095
0.258734
0.263577
0.265042
0.265081
0.264633
0.276179
0.293183
0.291452
0.300194
0.31145
0.310942
0.316313
0.328518
0.330371
0.331742
0.336841
0.343296
0.350481
0.349272
0.347261
0.338766
0.328279
0.317424
0.328864
0.341716
0.345486
0.359263
0.366579
0.376556
0.379163
0.382967
0.37439
0.33578
0.317395
0.315473
0.314493
0.315394
0.33863
0.411224
0.418007
0.405976
0.372547
0.327209
0.270289
0.235737
0.222975
0.210891
0.197546
0.185608
0.16691
0.174229
0.167526
0.158537
0.150858
0.153755
0.145748
0.15174
0.154171
0.149935
0.160005
0.15975
0.172404
0.171232
0.179403
0.174461
0.178069
0.177299
0.17658
0.180301
0.187077
0.195971
0.20177
0.213089
0.224891
0.238876
0.257078
0.284819
0.307231
0.328831
0.340646
0.348998
0.357499
0.356431
0.345819
0.319909
0.284651
0.261925
0.246674
0.24336
0.246027
0.250059
0.25851
0.261986
0.265983
0.26751
0.272402
0.274754
0.264904
0.248973
0.244938
0.245574
0.24983
0.245854
0.261621
0.26771
0.276538
0.28442
0.293804
0.302103
0.303632
0.312249
0.318122
0.319809
0.318246
0.316409
0.31594
0.317348
0.335394
0.348885
0.344644
0.334076
0.318282
0.29424
0.265646
0.269914
0.286261
0.292364
0.298277
0.314625
0.329236
0.331787
0.334488
0.355384
0.362946
0.371319
0.384659
0.388913
0.389351
0.390658
0.391906
0.394482
0.392461
0.402502
0.406275
0.392419
0.360501
0.301056
0.223297
0.18326
0.166103
0.151473
0.142557
0.136155
0.134361
0.138785
0.140546
0.143329
0.150969
0.164081
0.165712
0.180423
0.188945
0.195431
0.186432
0.194492
0.196087
0.191683
0.17765
0.184078
0.171076
0.175211
0.170959
0.168442
0.168497
0.178523
0.178554
0.182287
0.18553
0.183815
0.181713
0.17049
0.166357
0.152395
0.153703
0.143151
0.152269
0.153998
0.161409
0.160145
0.178095
0.183996
0.196549
0.198757
0.208065
0.214949
0.21865
0.219455
0.228823
0.230813
0.239389
0.242047
0.24571
0.252848
0.249207
0.241355
0.215612
0.204716
0.202703
0.193057
0.20027
0.205109
0.211582
0.204597
0.212685
0.221847
0.232135
0.237228
0.253441
0.261532
0.270947
0.275908
0.294202
0.299716
0.306695
0.313773
0.322606
0.329826
0.335742
0.34337
0.347717
0.355997
0.358665
0.365539
0.368643
0.36862
0.360896
0.331042
0.296849
0.249277
0.232952
0.234315
0.220322
0.215317
0.218313
0.223219
0.235082
0.231117
0.238373
0.264109
0.260853
0.281812
0.277596
0.294618
0.290717
0.297671
0.306605
0.311372
0.321315
0.320599
0.315423
0.312716
0.297987
0.275964
0.239873
0.195838
0.175324
0.16739
0.173706
0.176503
0.186707
0.192938
0.208878
0.218887
0.217911
0.215466
0.210986
0.225116
0.223576
0.227112
0.209199
0.209131
0.189136
0.188082
0.18522
0.175652
0.169976
0.179364
0.175519
0.173334
0.181862
0.171874
0.189097
0.192858
0.198463
0.194301
0.179339
0.16801
0.161641
0.15664
0.161217
0.159796
0.167129
0.158203
0.173177
0.163265
0.165826
0.165522
0.155922
0.153764
0.171345
0.165032
0.160063
0.187981
0.187992
0.201001
0.209244
0.212606
0.210425
0.220214
0.221359
0.22777
0.232927
0.236863
0.246301
0.241935
0.231769
0.220623
0.228107
0.215272
0.199488
0.216122
0.193534
0.190605
0.172402
0.176578
0.183207
0.186539
0.187486
0.188819
0.202132
0.194575
0.189846
0.195061
0.193328
0.195423
0.201401
0.210689
0.2275
0.235933
0.233108
0.252877
0.263224
0.276399
0.281625
0.288502
0.300268
0.293536
0.295421
0.293919
0.259037
0.225565
0.203139
0.189203
0.174981
0.165681
0.158833
0.163073
0.16623
0.178573
0.178156
0.182399
0.195614
0.183479
0.18591
0.17745
0.164281
0.160207
0.167978
0.167751
0.169706
0.163119
0.15406
0.1642
0.164106
0.165252
0.174108
0.172331
0.184828
0.198593
0.220872
0.24324
0.270181
0.287907
0.308869
0.326351
0.345154
0.322244
0.315698
0.307759
0.267455
0.246389
0.243883
0.250604
0.2481
0.256375
0.257535
0.255984
0.251693
0.260942
0.249615
0.247166
0.243644
0.24802
0.24114
0.247855
0.231734
0.224329
0.200931
0.199043
0.197997
0.203887
0.210514
0.211699
0.214391
0.207663
0.229361
0.22407
0.210132
0.217706
0.214103
0.200733
0.199692
0.221579
0.204669
0.219055
0.217599
0.215314
0.239934
0.221822
0.207912
0.222341
0.21981
0.242494
0.23925
0.219359
0.231146
0.243137
0.231512
0.243901
0.25503
0.235622
0.253715
0.236153
0.252456
0.247559
0.255015
0.276906
0.276165
0.312713
0.31896
0.338922
0.375175
0.422664
0.431089
0.445501
0.431341
0.383595
0.327054
0.299178
0.25471
0.217636
0.23761
0.253754
0.300495
0.342128
0.404415
0.450786
0.498051
0.479933
0.454491
0.400995
0.321017
0.246078
0.212054
0.191711
0.186933
0.204614
0.19756
0.214207
0.218161
0.20611
0.215257
0.215883
0.217937
0.213135
0.222437
0.230776
0.233179
0.225945
0.22782
0.236272
0.246689
0.242414
0.225389
0.207911
0.190175
0.1772
0.180619
0.186572
0.186688
0.163774
0.155737
0.153763
0.155928
0.143278
0.146149
0.133398
0.138117
0.132902
0.135125
0.153522
0.149014
0.143267
0.150626
0.164576
0.154916
0.170503
0.192942
0.188152
0.190946
0.198102
0.184568
0.214951
0.184172
0.198723
0.182893
0.167139
0.16659
0.170241
0.170981
0.174328
0.180774
0.185468
0.176031
0.188204
0.199282
0.214478
0.187814
0.239172
0.215406
0.209193
0.209847
0.185061
0.16894
0.164752
0.178432
0.177875
0.178327
0.181416
0.186872
0.191905
0.17241
0.180806
0.170237
0.175351
0.196638
0.200249
0.197446
0.199319
0.195342
0.194404
0.204638
0.183097
0.177329
0.202547
0.153581
0.159526
0.144217
0.161972
0.161258
0.133045
0.145884
0.165352
0.144926
0.148853
0.123915
0.153255
0.152846
0.125726
0.123812
0.128737
0.151737
0.139429
0.133186
0.145352
0.141381
0.143495
0.13675
0.135205
0.139198
0.126482
0.11583
0.110281
0.105022
0.112844
0.11344
0.122652
0.137045
0.134843
0.138265
0.149576
0.158386
0.166778
0.17119
0.177816
0.200645
0.188773
0.201469
0.183953
0.15462
0.141444
0.103083
0.096423
0.0829782
0.0867632
0.0960409
0.111045
0.11126
0.142562
0.122893
0.146527
0.143068
0.165926
0.157071
0.159724
0.164439
0.129405
0.130113
0.158493
0.153801
0.160259
0.202463
0.157666
0.201782
0.212363
0.178214
0.206541
0.188042
0.201441
0.170998
0.131633
0.160883
0.167103
0.171327
0.183995
0.177256
0.168814
0.168078
0.170972
0.18327
0.168372
0.171353
0.17236
0.172712
0.18392
0.159669
0.183568
0.165787
0.149338
0.161467
0.162764
0.139303
0.163058
0.135766
0.126747
0.132543
0.12987
0.116889
0.105865
0.114492
0.0936481
0.0940236
0.0968497
0.0874007
0.085432
0.0711487
0.0815378
0.0777652
0.085405
0.0733532
0.0665645
0.0594883
0.0707098
0.0607283
0.0605157
0.0759178
0.0617715
0.059021
0.0724967
0.0748225
0.0655116
0.060319
0.0706016
0.0536903
0.0557359
0.0504421
0.0644987
0.0727888
0.0636261
0.06572
0.0619312
0.0580089
0.0684701
0.0685925
0.0770785
0.0807577
0.0680385
0.068562
0.0692894
0.0743627
0.0796279
0.0862977
0.075966
0.0916
0.0906884
0.0818504
0.0753357
0.0701447
0.0596277
0.0695552
0.0630879
0.0507184
0.0415165
0.0585047
0.0587803
0.0514753
0.0556794
0.0425608
0.0570681
0.050118
0.0663323
0.0538418
0.0674552
0.0671695
0.0657296
0.0673689
0.0509875
0.06196
0.0616597
0.0371534
0.0593704
0.062196
0.0663378
0.0614191
0.0604063
0.0657707
0.0659543
0.0757156
0.0910915
0.0981533
0.126887
0.100102
0.136266
0.109651
0.112178
0.114141
0.108931
0.119456
0.132849
0.123365
0.148009
0.132839
0.147701
0.131147
0.125861
0.134545
0.136077
0.146938
0.168969
0.161997
0.159841
0.167807
0.174803
0.179457
0.204656
0.221927
0.214326
0.231055
0.232822
0.25766
0.257103
0.214642
0.234458
0.193061
0.17835
0.152462
0.130517
0.141007
0.150219
0.139128
0.136694
0.170917
0.15007
0.170175
0.168011
0.148327
0.168132
0.178854
0.178297
0.192024
0.189971
0.19352
0.181717
0.168311
0.177843
0.204531
0.205235
0.226506
0.220855
0.258853
0.246154
0.236452
0.217414
0.218477
0.196251
0.17992
0.163113
0.177439
0.155806
0.148301
0.1148
0.107576
0.102656
0.0900513
0.0680868
0.0626138
0.0645324
0.0458261
0.0465511
0.0216031
0.0164537
0.0117126
0.022187
0.0105509
0.0167596
0.020636
0.0266017
0.0166109
0.0165381
0.00955549
0.0168094
0.0216752
0.018822
0.0220779
0.032167
0.0351815
0.0311562
0.0298629
0.018972
0.0131241
0.0128977
0.0143656
0.0145254
0.00872978
0.0157885
0.0147315
0.00844843
0.0109162
0.00965817
0.00681748
0.00831263
0.0134519
0.00717488
0.0083965
0.020308
0.014844
0.0253507
0.0257427
0.018267
0.0157991
0.0197931
0.0259061
0.0174898
0.0221563
0.0118375
0.0167415
0.0175248
0.0242423
0.0179719
0.0246727
0.0144983
0.0174901
0.0179078
0.019404
0.0243678
0.0238166
0.0290389
0.0360747
0.0339656
0.0367111
0.026995
0.0236644
0.0318402
0.0311133
0.0319936
0.0259157
0.0258096
0.0323359
0.0314668
0.0350111
0.0333335
0.0303784
0.0388827
0.0277782
0.0299201
0.0293918
0.0311252
0.0396948
0.0320273
0.0492285
0.0398465
0.0407657
0.0342618
0.0255992
0.0370862
0.035732
0.0303508
0.0340725
0.0279922
0.0330868
0.0330265
0.0249458
0.0375715
0.0433425
0.0382276
0.0289744
0.0329057
0.0347013
0.0278192
0.0421346
0.0379297
0.0431248
0.048827
0.0477383
0.057222
0.0576336
0.0607943
0.0544823
0.0651852
0.0623838
0.0656982
0.0676748
0.0678738
0.0645393
0.0714573
0.0716825
0.0693484
0.0679122
0.0694946
0.0691047
0.0858373
0.077786
0.0764702
0.088322
0.0926973
0.10445
0.100762
0.110507
0.105852
0.109935
0.112869
0.11255
0.110351
0.118888
0.106738
0.10499
0.114554
0.114754
0.112325
0.109903
0.111027
0.11079
0.109284
0.113996
0.109095
0.111051
0.111158
0.124796
0.11592
0.134243
0.142313
0.141438
0.136617
0.123746
0.1048
0.122805
0.0911923
0.0949978
0.0975643
0.100416
0.0792635
0.101981
0.103718
0.106071
0.101569
0.105197
0.0986331
0.095584
0.0998925
0.0899035
0.0856352
0.100003
0.0996367
0.0985028
0.087026
0.104024
0.0838636
0.0824373
0.0743639
0.0733713
0.0693685
0.0721349
0.051868
0.0637224
0.0648713
0.0637971
0.0572567
0.0629109
0.0521939
0.0358869
0.0512889
0.0514681
0.0417503
0.0613632
0.0538616
0.0601138
0.0547827
0.0566616
0.0648065
0.0531031
0.0602993
0.0425749
0.0519584
0.0597747
0.0554714
0.0348523
0.0366912
0.0382139
0.0384367
0.0233907
0.019006
0.0103927
0.00856972
0.0219189
0.0221544
0.016513
0.014307
0.0195646
0.0104982
0.00915518
0
0.00985285
0.0246245
0.0236181
0.028547
0.034387
0.0255257
0.0453348
0.039573
0.0401224
0.0523133
0.0574319
0.0453184
0.0474723
0.0660923
0.0468602
0.0498919
0.0357154
0.031587
0.0318628
0.0343223
0.0248576
0.0162405
0.0150796
0.0160539
0.0154873
0.0161929
0.0183636
0.017987
0.0180362
0.0162729
0.0171165
0.015034
0.0218299
0.0200199
0.011843
0.0170828
0.0172029
0.025456
0.026061
0.0340789
0.0187722
0.0351951
0.0207006
0.0210011
0.0264425
0.0325082
0.0270368
0.0178984
0.0210301
0.0149972
0.0227919
0.0154688
0.0186467
0.0169655
0.0214625
0.0202203
0.0236628
0.0153378
0.0176131
0.0230986
0.0168034
0.017322
0.0183261
0.0188693
0.0239797
0.023141
0.0284261
0.0406484
0.0393825
0.0352619
0.0362799
0.0509883
0.0370389
0.0310189
0.0389972
0.0366859
0.0342603
0.027612
0.0277593
0.0256271
0.0240701
0.0233212
0.0248559
0.0226186
0.0254315
0.0243588
0.0265315
0.0237932
0.0198741
0.0304008
0.0247753
0.0225679
0.0254928
0.0326562
0.0319089
0.0306012
0.0304951
0.0406189
0.0372373
0.0453161
0.0401663
0.0409417
0.0477213
0.0547202
0.042088
0.0504304
0.0528761
0.0557876
0.0458613
0.0574244
0.0546833
0.0517854
0.0504387
0.0521906
0.0423279
0.047322
0.0498713
0.0460175
0.0473146
0.0535213
0.0502086
0.0526341
0.0503247
0.0526088
0.0503209
0.0571683
0.0614944
0.0602549
0.0597762
0.0625396
0.0730886
0.0761115
0.0899015
0.121042
0.173826
0.357438
0.553247
0.65416
0.673144
0.652487
0.551031
0.343284
0.18378
0.119983
0.0973911
0.0805613
0.0834419
0.0765957
0.0772216
0.0704285
0.0767755
0.0750303
0.0805375
0.0770578
0.0774031
0.0724316
0.0733831
0.0766372
0.0709688
0.0761313
0.0684055
0.073934
0.0746456
0.0731221
0.0769662
0.0713375
0.0713727
0.0642739
0.0594759
0.0624447
0.0601632
0.0618425
0.0524937
0.0535984
0.0607593
0.0507541
0.0601585
0.0607133
0.0588129
0.0642259
0.0620403
0.0724203
0.0639232
0.0629307
0.0684034
0.0709066
0.0730398
0.0670222
0.0720991
0.073096
0.0716646
0.0756928
0.0669626
0.067691
0.0747269
0.0692944
0.0779694
0.0747923
0.0756439
0.0752388
0.0674183
0.0676741
0.0747653
0.0741543
0.0680031
0.0628144
0.0583564
0.0661536
0.0633391
0.0610008
0.0615415
0.0529621
0.0608025
0.0642111
0.0640168
0.0716226
0.0717183
0.0733754
0.0628471
0.0626022
0.0639141
0.0628084
0.0694994
0.0671184
0.0742131
0.0704732
0.0746339
0.0630707
0.0697073
0.0705451
0.0719471
0.0657317
0.0772707
0.0755878
0.0746289
0.0673594
0.0718078
0.0691145
0.0804112
0.0877621
0.0677364
0.0744373
0.0788585
0.0820786
0.0828616
0.0952656
0.0692635
0.0786301
0.0822674
0.0856455
0.0916957
0.0880696
0.0884759
0.0858088
0.0891616
0.0948828
0.079239
0.0801953
0.0859526
0.0868251
0.0971946
0.0978603
0.0932572
0.0824481
0.087728
0.0956774
0.0952065
0.0933512
0.103484
0.10691
0.10058
0.087633
0.0958913
0.101065
0.0847758
0.0975075
0.0822584
0.0869251
0.0896209
0.074391
0.0900662
0.0965147
0.091497
0.10435
0.1053
0.103974
0.0788901
0.0933241
0.103524
0.092002
0.107889
0.0990374
0.0968784
0.126207
0.0964318
0.102818
0.114828
0.110246
0.107217
0.109047
0.115109
0.110858
0.103802
0.110609
0.136067
0.112833
0.115204
0.099789
0.149856
0.132574
0.14558
0.149817
0.186961
0.149433
0.128089
0.124315
0.142466
0.13238
0.125431
0.124158
0.14284
0.139185
0.142769
0.0984806
0.102284
0.111028
0.109056
0.103815
0.10049
0.094413
0.126173
0.0973433
0.111556
0.112633
0.0847074
0.0984833
0.0989771
0.108759
0.0986328
0.0891389
0.0844093
0.106924
0.101335
0.102774
0.0912147
0.0984928
0.0923797
0.117359
0.0850139
0.0973694
0.084017
0.0979573
0.103791
0.119324
0.100093
0.128562
0.124386
0.134877
0.128383
0.136582
0.133648
0.110146
0.078017
0.0897142
0.0837007
0.0665104
0.0625608
0.0531541
0.0555495
0.0843059
0.0569105
0.0838318
0.0664157
0.0709827
0.077517
0.0929956
0.0816031
0.0774479
0.0923746
0.108382
0.0940259
0.111981
0.110693
0.112205
0.127866
0.146773
0.164674
0.167923
0.161557
0.19422
0.190896
0.213198
0.248864
0.253904
0.248384
0.236003
0.19528
0.142179
0.0858635
0.0902816
0.0740139
0.0864941
0.0789376
0.068205
0.0682519
0.0623824
0.0802859
0.0651034
0.0672364
0.0810095
0.0804009
0.0836267
0.067581
0.0634703
0.0618184
0.0852404
0.0759716
0.0651045
0.0748791
0.0709887
0.0741908
0.0618326
0.0759083
0.074043
0.0714397
0.0738002
0.0762131
0.082299
0.0699237
0.0723875
0.0675004
0.0581697
0.0679809
0.0685167
0.0733821
0.0621142
0.0742415
0.0726043
0.0716557
0.0727595
0.0768281
0.0733235
0.0642113
0.0847774
0.0777996
0.065738
0.0770382
0.080206
0.0717384
0.0767193
0.0708625
0.0760576
0.0726534
0.0625362
0.07628
0.064786
0.0544209
0.0588183
0.0513459
0.0635336
0.06246
0.066946
0.0590069
0.0610262
0.0615697
0.0528778
0.0667781
0.0525644
0.0565058
0.0602254
0.0607936
0.0679729
0.0620372
0.0653348
0.0632177
0.0695201
0.0679858
0.0675712
0.0679195
0.0694577
0.0650473
0.066823
0.0617597
0.0615131
0.0663294
0.068224
0.067606
0.0675637
0.0650565
0.0674562
0.0620622
0.0657814
0.0656038
0.0772004
0.0718418
0.0799907
0.0822219
0.077655
0.0846311
0.0909271
0.0933658
0.0895493
0.0899931
0.0919789
0.0988521
0.0924651
0.107142
0.111962
0.123105
0.116511
0.11953
0.108236
0.103655
0.0912227
0.0806661
0.0658906
0.0560591
0.0631236
0.0644347
0.0578276
0.0612807
0.0634473
0.059232
0.063487
0.0635312
0.061697
0.0562936
0.0649392
0.0646609
0.0656757
0.0727431
0.0706178
0.0765122
0.0753753
0.0753082
0.0816633
0.090352
0.0875065
0.0897042
0.0993391
0.103012
0.111239
0.114683
0.125857
0.137318
0.147962
0.153364
0.160476
0.166426
0.173391
0.161854
0.167382
0.147218
0.146846
0.129852
0.114169
0.0991489
0.100576
0.0966831
0.0922602
0.0748945
0.0853375
0.0754801
0.0756208
0.0821058
0.0755028
0.0840054
0.0931179
0.0907462
0.0897773
0.0902825
0.0900121
0.102343
0.0943605
0.100376
0.10886
0.10523
0.108544
0.114454
0.118327
0.119367
0.132276
0.127119
0.141855
0.150827
0.146488
0.161948
0.16578
0.17962
0.193061
0.196319
0.204827
0.2032
0.19876
0.18809
0.172903
0.163528
0.150424
0.138606
0.125933
0.108054
0.105177
0.101531
0.0991672
0.0986032
0.102133
0.105556
0.105916
0.100347
0.102286
0.0936438
0.0982097
0.0863765
0.0800306
0.0901327
0.0793336
0.0853184
0.0855555
0.0879093
0.0823117
0.0957495
0.0874661
0.0805639
0.0896408
0.0796204
0.0817837
0.0790711
0.0835219
0.0847033
0.0834522
0.0787155
0.0716981
0.0915738
0.0856346
0.0864288
0.0771751
0.0920363
0.0850675
0.0861797
0.0888354
0.0830831
0.0892965
0.0911278
0.0927827
0.0966089
0.0875522
0.0934346
0.0965571
0.0922961
0.0912231
0.0880481
0.0896002
0.0935079
0.0981528
0.0899563
0.0906539
0.0950398
0.084841
0.0945692
0.0938016
0.0898837
0.0873902
0.0939933
0.0953504
0.0934259
0.0961934
0.0935631
0.102415
0.0906728
0.0975164
0.0939947
0.0858303
0.103928
0.101511
0.115665
0.124975
0.13281
0.131193
0.143426
0.1473
0.144276
0.132555
0.155918
0.162903
0.153611
0.168999
0.171203
0.184735
0.184906
0.181058
0.16027
0.182776
0.1571
0.147508
0.14478
0.137096
0.129438
0.12069
0.115704
0.134151
0.109759
0.107495
0.106726
0.113141
0.134176
0.14613
0.141246
0.156138
0.147381
0.158211
0.153143
0.170056
0.1735
0.162219
0.158061
0.149682
0.173891
0.148505
0.175134
0.161314
0.141669
0.135218
0.124101
0.11867
0.159535
0.105865
0.128321
0.138618
0.119232
0.129658
0.125655
0.121308
0.165685
0.139902
0.157973
0.195249
0.175076
0.152371
0.179026
0.147295
0.18551
0.17665
0.187657
0.149728
0.171865
0.175745
0.171792
0.178161
0.182817
0.203838
0.206919
0.215997
0.23238
0.211776
0.204915
0.219487
0.224882
0.236062
0.238476
0.224255
0.240068
0.249258
0.236915
0.239912
0.223365
0.227187
0.224666
0.224728
0.220811
0.19684
0.214159
0.19594
0.183069
0.152106
0.181036
0.128448
0.149092
0.116175
0.107643
0.107106
0.115069
0.0936357
0.11031
0.104008
0.101125
0.126446
0.132784
0.134369
0.0889156
0.132735
0.154702
0.121212
0.198352
0.164975
0.165265
0.159396
0.171956
0.198942
0.175608
0.211029
0.214276
0.203898
0.199001
0.224684
0.229691
0.226225
0.252298
0.267053
0.257208
0.261248
0.285819
0.283297
0.300936
0.287632
0.303736
0.29126
0.285349
0.313546
0.290577
0.282455
0.273078
0.261914
0.266899
0.251652
0.257377
0.231202
0.19307
0.194038
0.147665
0.157781
0.14202
0.107623
0.138879
0.087377
0.0723766
0.105797
0.106985
0.0938264
0.0844504
0.100374
0.10496
0.117946
0.0609933
0.0795371
0.0973725
0.0714554
0.0880913
0.0877363
0.126993
0.112503
0.113691
0.109699
0.0588034
0.0915646
0.132165
0.0943678
0.150457
0.0817788
0.10942
0.118796
0.0813275
0.0830433
0.13539
0.115868
0.159375
0.14878
0.133098
0.129598
0.0968406
0.130296
0.100546
0.0724179
0.142599
0.109508
0.11026
0.13969
0.118096
0.113485
0.101102
0.150989
0.125391
0.131528
0.16854
0.149331
0.144767
0.13855
0.126778
0.162949
0.143827
0.121854
0.133891
0.118622
0.110721
0.129639
0.0998873
0.130337
0.117733
0.11637
0.148068
0.146151
0.100527
0.111051
0.115065
0.127403
0.161408
0.0821582
0.138202
0.0520176
0.0531372
0.0583254
0.0611475
0.140423
0.0870216
0.0914732
0.122773
0.0589018
0.133031
0.0684631
0.102043
0.105049
0.097245
0.129497
0.121353
0.0988175
0.0968066
0.130464
0.137388
0.0904558
0.131422
0.120802
0.0702227
0.109038
0.117698
0.148486
0.127078
0.139078
0.132132
0.190036
0.117347
0.115508
0.142747
0.139217
0.147057
0.166876
0.129168
0.159674
0.183994
0.16861
0.168427
0.133902
0.206458
0.143655
0.149397
0.157481
0.144925
0.130941
0.133602
0.176102
0.131624
0.129599
0.0932402
0.110649
0.13799
0.108867
0.0726546
0.0859504
0.063937
0.0687183
