0.155393
0.149353
0.154839
0.165556
0.153918
0.163627
0.169762
0.166555
0.179214
0.189414
0.188438
0.195707
0.197979
0.203364
0.209076
0.209261
0.216076
0.21811
0.213231
0.215243
0.216203
0.217254
0.220435
0.214853
0.227992
0.2414
0.237445
0.251244
0.255644
0.259037
0.264097
0.269085
0.270123
0.271169
0.27866
0.279257
0.288886
0.289164
0.281311
0.27823
0.269589
0.255747
0.265241
0.279086
0.287425
0.297537
0.302401
0.305184
0.313998
0.313035
0.31007
0.27964
0.263068
0.260846
0.260571
0.260733
0.282053
0.334951
0.339124
0.326347
0.309593
0.272961
0.222332
0.195831
0.180441
0.170533
0.159729
0.152738
0.142802
0.139293
0.130181
0.134805
0.128966
0.12958
0.124515
0.133022
0.133723
0.126993
0.138673
0.1363
0.144698
0.147278
0.143925
0.143901
0.148149
0.154739
0.149837
0.149522
0.15953
0.166464
0.171569
0.175751
0.190799
0.196662
0.209695
0.222458
0.241585
0.260866
0.272987
0.277452
0.281532
0.288438
0.281716
0.256854
0.231173
0.217456
0.204143
0.203101
0.20411
0.207929
0.214107
0.216344
0.223535
0.224788
0.227554
0.226152
0.215188
0.208185
0.194986
0.203471
0.210275
0.208116
0.214273
0.222575
0.229113
0.24113
0.249948
0.253067
0.254763
0.258107
0.261803
0.262933
0.262652
0.262062
0.261158
0.262865
0.276415
0.287497
0.286068
0.279672
0.26237
0.242247
0.223948
0.223356
0.224914
0.243014
0.239674
0.254836
0.264311
0.267436
0.272783
0.299027
0.301421
0.304941
0.31361
0.314286
0.31406
0.320165
0.321097
0.319721
0.32229
0.325272
0.329864
0.324394
0.29061
0.246809
0.188741
0.153081
0.145132
0.12734
0.122847
0.122144
0.119148
0.117675
0.120533
0.124664
0.131531
0.13833
0.141383
0.147471
0.163485
0.161366
0.155661
0.161307
0.162894
0.156237
0.152808
0.153068
0.146357
0.148206
0.145828
0.147426
0.143375
0.155086
0.153734
0.155992
0.159688
0.156174
0.153066
0.147049
0.127761
0.124686
0.125604
0.12543
0.134799
0.130441
0.133497
0.136205
0.145947
0.149307
0.160272
0.168358
0.169634
0.177778
0.184447
0.186768
0.190237
0.191901
0.19958
0.202165
0.206946
0.207374
0.207326
0.202239
0.1787
0.159793
0.165444
0.156635
0.164916
0.16812
0.171576
0.168095
0.177424
0.177015
0.189803
0.19154
0.208535
0.215847
0.223466
0.225103
0.24203
0.246168
0.24981
0.254588
0.264493
0.266629
0.273443
0.278584
0.285064
0.288266
0.290098
0.296466
0.288096
0.295465
0.288619
0.266785
0.226736
0.20259
0.185537
0.19298
0.179772
0.178562
0.176322
0.189406
0.18254
0.195503
0.190514
0.209113
0.217525
0.225809
0.230945
0.239947
0.242046
0.247148
0.254646
0.257487
0.256987
0.264018
0.259931
0.260359
0.246319
0.229381
0.195924
0.168226
0.149172
0.144171
0.150554
0.151374
0.149122
0.157271
0.166351
0.17164
0.185106
0.183052
0.160035
0.181597
0.183993
0.183289
0.182559
0.176586
0.157053
0.162425
0.15001
0.145659
0.144413
0.151816
0.141452
0.151782
0.154576
0.149346
0.158311
0.15801
0.160721
0.165749
0.157251
0.148234
0.13678
0.123736
0.139633
0.132807
0.129897
0.129857
0.14077
0.126266
0.139848
0.131325
0.135761
0.136358
0.13409
0.137863
0.143421
0.153635
0.156904
0.167275
0.166849
0.174878
0.17813
0.186742
0.17966
0.192005
0.193247
0.196581
0.202491
0.199161
0.189352
0.186928
0.18129
0.180991
0.160741
0.176814
0.15576
0.167203
0.136136
0.144994
0.146021
0.150804
0.159289
0.157479
0.16593
0.153939
0.159637
0.159796
0.155712
0.163708
0.170641
0.176248
0.175493
0.190629
0.192075
0.205721
0.219435
0.229198
0.230384
0.237113
0.243221
0.248493
0.24842
0.232037
0.21507
0.18203
0.169852
0.149742
0.132101
0.150416
0.137552
0.145095
0.13437
0.144689
0.153485
0.163633
0.153396
0.152047
0.156291
0.141289
0.130838
0.133312
0.130598
0.134659
0.142459
0.139775
0.135901
0.137211
0.138158
0.137854
0.144384
0.155713
0.153905
0.171399
0.180285
0.196481
0.229775
0.243648
0.246759
0.266637
0.282997
0.256351
0.25091
0.252987
0.222282
0.201343
0.195651
0.191701
0.194295
0.21932
0.193795
0.196289
0.206162
0.207666
0.200042
0.203818
0.196293
0.195228
0.198555
0.208647
0.193757
0.184645
0.171697
0.161698
0.170972
0.181651
0.177753
0.188097
0.172869
0.17031
0.190792
0.181776
0.173054
0.157855
0.159827
0.176478
0.18541
0.18216
0.169328
0.174485
0.19955
0.163277
0.175648
0.191387
0.1691
0.18468
0.183955
0.178091
0.187019
0.187106
0.188206
0.199288
0.191449
0.196426
0.216904
0.195113
0.206539
0.210439
0.213783
0.218381
0.216522
0.225026
0.23101
0.249705
0.261213
0.286948
0.307836
0.328149
0.337005
0.357185
0.336994
0.314456
0.275546
0.211292
0.20179
0.163808
0.19978
0.199669
0.239893
0.280165
0.318444
0.368128
0.401109
0.385588
0.35656
0.317516
0.266822
0.190575
0.15778
0.149823
0.159062
0.180903
0.149792
0.165289
0.167666
0.165553
0.177815
0.168786
0.178154
0.178295
0.17532
0.185129
0.194765
0.193047
0.193811
0.205027
0.194376
0.189113
0.172152
0.168183
0.158088
0.153098
0.141074
0.135201
0.159291
0.125495
0.120281
0.140063
0.126655
0.115606
0.112223
0.110087
0.109477
0.118924
0.114063
0.131996
0.127129
0.132807
0.126263
0.138534
0.125236
0.160222
0.159155
0.149004
0.138651
0.151188
0.139783
0.177031
0.164895
0.156895
0.148523
0.138368
0.142987
0.133654
0.142721
0.14522
0.140776
0.149464
0.153484
0.152521
0.165583
0.15864
0.159306
0.177471
0.179456
0.167415
0.16612
0.156704
0.135316
0.149327
0.13779
0.147546
0.155476
0.152484
0.159518
0.159002
0.150296
0.15836
0.146721
0.144825
0.152939
0.180036
0.157553
0.170094
0.173986
0.16771
0.161892
0.148966
0.146721
0.140191
0.11241
0.142028
0.111248
0.129138
0.127971
0.121399
0.0927913
0.11395
0.106819
0.100945
0.109626
0.105173
0.115077
0.106259
0.110034
0.104056
0.106563
0.102545
0.122098
0.10106
0.120611
0.111594
0.0988986
0.120863
0.10258
0.100244
0.0995461
0.0862257
0.0891988
0.0898619
0.0913579
0.0872454
0.102477
0.117519
0.104346
0.125232
0.123319
0.137828
0.143052
0.146735
0.152493
0.153296
0.155363
0.158927
0.126137
0.116836
0.0914936
0.0700001
0.0532744
0.060539
0.0971505
0.0734315
0.0875485
0.106009
0.102917
0.115723
0.102678
0.13474
0.114672
0.114835
0.115796
0.121859
0.112999
0.119451
0.129051
0.124178
0.143998
0.119287
0.16251
0.164417
0.147835
0.155843
0.131809
0.15271
0.142023
0.137147
0.138576
0.164366
0.132366
0.148045
0.166011
0.145725
0.113532
0.141868
0.136227
0.128944
0.133592
0.136557
0.125108
0.139737
0.133469
0.169989
0.136406
0.120286
0.139176
0.152109
0.115465
0.126875
0.121802
0.111852
0.125653
0.10339
0.09849
0.0720735
0.0930995
0.0692803
0.0857031
0.0832011
0.0748239
0.0649525
0.0611356
0.0604461
0.0559328
0.0551631
0.0524804
0.0522928
0.0599123
0.0567027
0.0522555
0.0530584
0.0585816
0.054522
0.0552738
0.0469389
0.0490333
0.0495878
0.0480893
0.0533948
0.0323675
0.044364
0.0478091
0.0525923
0.0573573
0.0452241
0.0405009
0.0375904
0.0616642
0.0551881
0.0647923
0.0592791
0.056617
0.06005
0.0645035
0.0675781
0.0641848
0.0603694
0.0634825
0.0562766
0.0748033
0.0678388
0.0692602
0.0616144
0.0598155
0.0436533
0.0430642
0.037615
0.0409124
0.0383345
0.0427432
0.0378425
0.0463451
0.0473526
0.0404874
0.045441
0.0439129
0.0542426
0.0462397
0.0511345
0.0505216
0.0492961
0.0527824
0.0338864
0.0497463
0.042176
0.0325865
0.0448325
0.0499597
0.0478875
0.0522965
0.0385633
0.0654905
0.0543839
0.0589451
0.0766104
0.0902004
0.116481
0.070655
0.102787
0.114747
0.114365
0.0998569
0.0854097
0.10397
0.109071
0.116831
0.107643
0.0976284
0.117008
0.110454
0.0934341
0.106047
0.0945007
0.11166
0.103351
0.124637
0.127399
0.160368
0.145227
0.144961
0.163255
0.186133
0.164203
0.178223
0.191086
0.18626
0.200374
0.163762
0.189783
0.140852
0.148987
0.129596
0.094731
0.124896
0.11215
0.111326
0.12409
0.152099
0.126015
0.118217
0.118155
0.122853
0.121967
0.163264
0.155778
0.145663
0.139866
0.149321
0.132839
0.141738
0.148952
0.172568
0.179251
0.161327
0.202828
0.233314
0.197523
0.18721
0.172517
0.179067
0.171639
0.142441
0.134045
0.147961
0.140106
0.11251
0.100267
0.084046
0.0755597
0.0786493
0.0646954
0.0522322
0.0456394
0.0433819
0.0389827
0.0175488
0.00801748
0.00863375
0.0168634
0.00280326
0.0182457
0.0143839
0.0128922
0.00926112
0.010387
0.00704319
0.0138751
0.0156919
0.0166349
0.0165494
0.0206479
0.0250896
0.0180916
0.0175755
0.00795444
0.0120845
0.0108249
0.00958878
0.00520211
0.00947128
0.00536039
0.00565903
0.00939898
0.00923756
0.00314532
0.00495388
0.0103273
0.00796565
0.00547281
0.00546053
0.00957013
0.00804444
0.00992037
0.0181224
0.0120279
0.0123471
0.00898311
0.0152872
0.0156574
0.014919
0.00984595
0.0121782
0.0084405
0.0175883
0.011705
0.0116114
0.0120449
0.014901
0.0130245
0.0174539
0.0190466
0.0223984
0.0220819
0.0239044
0.0267436
0.0334793
0.0216833
0.0174225
0.0217363
0.0184295
0.0239535
0.0165716
0.0185228
0.0290159
0.0258319
0.0257776
0.0256252
0.0206934
0.0274761
0.0236769
0.0233497
0.0230411
0.0267295
0.0295369
0.0249725
0.0387286
0.0268604
0.0294301
0.0292553
0.0211064
0.0157171
0.0304424
0.0187218
0.0277197
0.0220284
0.0265204
0.0271923
0.0229398
0.0258205
0.0282561
0.0256642
0.0222564
0.0255882
0.0231111
0.0196819
0.0254774
0.0262593
0.0269044
0.0417971
0.0402547
0.0401203
0.0419269
0.0406833
0.0353746
0.0481273
0.0485088
0.0466467
0.0586365
0.0541687
0.0536681
0.0587232
0.0462402
0.053522
0.0562934
0.0563948
0.0554437
0.0546196
0.0592031
0.0647129
0.0750809
0.0652612
0.0779778
0.0832211
0.0826975
0.0784237
0.0869809
0.0992506
0.0980256
0.0884686
0.0923437
0.0894811
0.0884732
0.0960861
0.0892247
0.0922312
0.0921259
0.0841384
0.0871723
0.0891101
0.0835613
0.0895443
0.0889259
0.0837326
0.0921483
0.0882551
0.103339
0.114621
0.107006
0.110236
0.103065
0.0842262
0.0972403
0.081142
0.0654471
0.0780049
0.0836918
0.0601924
0.068012
0.0835015
0.0801911
0.0788279
0.0810083
0.0768884
0.0587614
0.0762515
0.0759137
0.0700108
0.0779378
0.0832027
0.0780461
0.0676857
0.0813945
0.0609273
0.0580367
0.0610786
0.0636638
0.0415037
0.0674849
0.0347692
0.0381873
0.0600281
0.0498225
0.0528555
0.0437233
0.0411373
0.0328979
0.0327799
0.0431965
0.0453596
0.0451745
0.0407807
0.0405906
0.0431231
0.0323788
0.0500669
0.0460392
0.0508737
0.0180542
0.0582899
0.0423845
0.0534465
0.0311371
0.0238253
0.0200924
0.0229118
0.00751827
0.0169565
0.00677988
0
0.0216343
0.0108321
0.0122089
0.0121787
0.0125432
0.0145026
0.011046
0.00519009
0.00800615
0.0126174
0.0244387
0.0136542
0.0214874
0.0252692
0.0353108
0.0325616
0.0244172
0.0465029
0.0428701
0.0283574
0.0262903
0.0413624
0.0373288
0.0283662
0.0207742
0.0308796
0.0196021
0.0283467
0.0100242
0.00790857
0.0107303
0.0129976
0.0104919
0.0144887
0.0194054
0.0111638
0.0175061
0.0176325
0.00841067
0.0114053
0.015269
0.0219168
0.00771922
0.0121724
0.0110085
0.0168318
0.0134933
0.0199051
0.0192514
0.0319749
0.0176638
0.00924033
0.0145896
0.0183605
0.0130221
0.00648123
0.0117479
0.0141408
0.0117787
0.009483
0.0124988
0.0142531
0.016634
0.0206041
0.0197583
0.0129593
0.0144788
0.0212854
0.0175025
0.0111887
0.0225356
0.0186993
0.0180358
0.0186623
0.0178751
0.0246339
0.0331196
0.0268739
0.0407755
0.0247626
0.0259334
0.0286683
0.0304903
0.0274785
0.0255761
0.017229
0.0153712
0.019689
0.0117462
0.0171908
0.017594
0.0147088
0.0162906
0.0162602
0.014456
0.00829153
0.0099834
0.0171431
0.0162696
0.0199248
0.0186333
0.0199603
0.0216826
0.0227959
0.0230965
0.0266553
0.0295648
0.0356307
0.0302727
0.0331123
0.0331953
0.0301146
0.0291156
0.0286701
0.0386272
0.0376923
0.0456372
0.0428603
0.0324534
0.0372481
0.0376152
0.0326699
0.0308089
0.0296566
0.0321397
0.0295174
0.0303155
0.0376651
0.0413153
0.0383242
0.0417716
0.0373513
0.0315899
0.0391918
0.0436666
0.0406823
0.0456947
0.047375
0.0501455
0.0617435
0.0656274
0.0962489
0.141936
0.283344
0.433319
0.51991
0.536216
0.523533
0.427258
0.272783
0.143729
0.0942151
0.0723724
0.0634163
0.064276
0.0596537
0.0609148
0.0545254
0.0614684
0.0586781
0.0663948
0.0542774
0.0582141
0.0543672
0.0547737
0.0558108
0.0544891
0.0606797
0.0559591
0.0557164
0.0581085
0.0622617
0.060118
0.0455759
0.0513984
0.0502414
0.0411104
0.0477534
0.0456838
0.0402043
0.0367434
0.0427347
0.0466826
0.0408477
0.0487744
0.0435645
0.0412198
0.0439054
0.0465964
0.05761
0.0502491
0.0473622
0.0515674
0.046156
0.0565684
0.0489655
0.0566058
0.0548676
0.0534902
0.0530712
0.0561152
0.0496409
0.0586951
0.053211
0.0577431
0.0569397
0.0530197
0.055818
0.0545451
0.0549576
0.0556778
0.049797
0.0471837
0.0441229
0.0442024
0.0479113
0.0537527
0.0421376
0.0614612
0.0342761
0.0498473
0.0481883
0.0581236
0.0512218
0.0532145
0.0495794
0.0491661
0.054061
0.0479687
0.0436278
0.0502614
0.0469413
0.0558379
0.0521123
0.0545338
0.048014
0.0502063
0.0500865
0.0617989
0.0543654
0.0538282
0.0540496
0.0544966
0.0477601
0.0567085
0.052158
0.0541279
0.0692463
0.0521029
0.0536222
0.0691844
0.0509131
0.0546758
0.0672617
0.0611807
0.0464438
0.0557102
0.0616326
0.0523514
0.059292
0.0631292
0.0794999
0.0600598
0.0765572
0.0660094
0.0674143
0.0597942
0.0638851
0.0779106
0.0846038
0.0708248
0.0764232
0.0671811
0.0766856
0.0718532
0.0814676
0.0703199
0.0726571
0.0758405
0.0594986
0.0826396
0.0787324
0.0643239
0.0662059
0.063491
0.0399861
0.0578208
0.0682414
0.0589304
0.0730173
0.0560338
0.0742473
0.0687929
0.0443337
0.0514105
0.0761996
0.105807
0.0757318
0.0610566
0.0675511
0.0662241
0.0893784
0.0527114
0.079793
0.1002
0.0768577
0.0784611
0.0770101
0.0545002
0.0847121
0.0769455
0.0713597
0.10582
0.0985015
0.0665829
0.0572227
0.106116
0.103455
0.107065
0.129377
0.155653
0.100862
0.111954
0.093534
0.143672
0.110569
0.0780476
0.102232
0.118578
0.0852891
0.101489
0.0849098
0.0942541
0.0863036
0.090389
0.0669325
0.0825357
0.0770068
0.103722
0.083812
0.0696693
0.0866185
0.0685917
0.0862628
0.0748123
0.0727742
0.0889795
0.0534789
0.0827811
0.101121
0.0821537
0.0766911
0.054742
0.0398148
0.0834703
0.0944494
0.0727497
0.0729026
0.0682602
0.059299
0.0823554
0.089331
0.0808236
0.0987541
0.113407
0.102381
0.127683
0.119434
0.10977
0.0670666
0.0650947
0.0710824
0.064094
0.0573887
0.0372893
0.0508107
0.05283
0.0517486
0.058141
0.0713664
0.055025
0.0590558
0.0568555
0.0725039
0.0661054
0.0595892
0.0714332
0.076791
0.0788055
0.085868
0.0823075
0.0903513
0.0999568
0.113556
0.120085
0.127955
0.12748
0.170279
0.159075
0.180104
0.205008
0.209661
0.19728
0.185996
0.153348
0.106711
0.0577363
0.0651631
0.0435074
0.0554781
0.0663843
0.0540511
0.0492716
0.0396604
0.0580731
0.0526347
0.0493629
0.0553015
0.0689479
0.0490721
0.0697003
0.0454661
0.061029
0.0583044
0.0707659
0.0431219
0.0621993
0.0557571
0.0619409
0.0470726
0.0607723
0.049682
0.0574969
0.0526325
0.0604907
0.0597001
0.0627009
0.0552787
0.0476622
0.0431517
0.0465103
0.0460905
0.060849
0.0534133
0.0544231
0.0517542
0.0626891
0.0528463
0.0597513
0.0569986
0.0578253
0.0556313
0.0635458
0.0528918
0.061762
0.0691505
0.0692749
0.0569887
0.0551944
0.0711357
0.0541483
0.0597404
0.049846
0.0568788
0.0421778
0.0346811
0.0444977
0.0403724
0.0362408
0.0398749
0.0591972
0.0458303
0.0459041
0.040067
0.0494419
0.0412611
0.0423543
0.0483577
0.042355
0.0402047
0.0505632
0.0518766
0.0543384
0.0449192
0.0527142
0.0579842
0.052349
0.0559518
0.0468429
0.0511663
0.0459207
0.0424339
0.0467704
0.0500859
0.0590138
0.054112
0.0483155
0.0492878
0.0592383
0.0481428
0.0487738
0.0589952
0.0615495
0.0614078
0.0615437
0.0575149
0.0598769
0.0649111
0.0745503
0.0751273
0.0716986
0.0781809
0.0814034
0.079088
0.0842844
0.0860289
0.0969253
0.0959169
0.090201
0.0927285
0.0845275
0.0646777
0.0683868
0.0519909
0.0465225
0.0417369
0.0473082
0.0474692
0.0397808
0.0518499
0.0452327
0.0459388
0.0488298
0.0454951
0.0499896
0.0436463
0.0549782
0.0546983
0.0544171
0.0537443
0.0559411
0.0611971
0.0574386
0.0589661
0.0641852
0.0697803
0.0748253
0.0727713
0.0803969
0.0870322
0.0922003
0.0985781
0.112565
0.115995
0.125843
0.128687
0.13574
0.139866
0.135416
0.130613
0.116167
0.11487
0.0960485
0.0855698
0.0817619
0.0749907
0.0749691
0.0717709
0.0561501
0.0637499
0.0606415
0.0547871
0.0581178
0.0642238
0.0545845
0.070755
0.0681903
0.067967
0.0692797
0.0635316
0.0778315
0.071003
0.0819257
0.0878094
0.0864697
0.0807011
0.0838601
0.0965139
0.096771
0.105593
0.099844
0.111106
0.11398
0.115011
0.130521
0.13327
0.144743
0.143609
0.159782
0.165674
0.165693
0.1627
0.148542
0.138359
0.126488
0.117447
0.114093
0.0955967
0.0919851
0.0790825
0.0762172
0.078531
0.0798426
0.0788518
0.075036
0.0848799
0.0793757
0.0859828
0.073569
0.0731495
0.0657997
0.0583477
0.0570431
0.0573986
0.0700263
0.0600533
0.0732731
0.0539073
0.083891
0.0597242
0.0588987
0.0631934
0.0563468
0.0617247
0.0564103
0.0608377
0.0611524
0.0698174
0.0638214
0.0660106
0.0652809
0.0677287
0.0655421
0.0674202
0.0788611
0.0656572
0.0599694
0.0743823
0.0669763
0.0644047
0.0723076
0.073153
0.0749191
0.0644179
0.0714346
0.0786678
0.0646877
0.0681683
0.0682038
0.0692801
0.0705045
0.0741757
0.0676181
0.0633771
0.0709866
0.0682695
0.0732589
0.0796329
0.0773883
0.0752932
0.0769338
0.0849082
0.0871962
0.0895374
0.0797952
0.0845813
0.085535
0.0869081
0.0906759
0.0849597
0.089159
0.0855736
0.0911836
0.100654
0.109768
0.0965664
0.116427
0.104618
0.100219
0.106883
0.107466
0.110723
0.121963
0.130468
0.122197
0.135441
0.141317
0.14563
0.140336
0.145041
0.117112
0.121921
0.0951711
0.104533
0.0987368
0.0921294
0.0984053
0.100471
0.0951287
0.0831375
0.096305
0.103437
0.103453
0.113401
0.107537
0.119698
0.111701
0.133797
0.117887
0.145282
0.150845
0.147641
0.142993
0.119496
0.138886
0.136018
0.14106
0.130769
0.126137
0.111883
0.105116
0.10123
0.134149
0.0899396
0.11271
0.0899108
0.0942037
0.0956664
0.112805
0.112477
0.160127
0.108815
0.117258
0.127567
0.116917
0.098172
0.0975496
0.113642
0.152182
0.148147
0.149261
0.127419
0.140212
0.131086
0.137819
0.124975
0.123925
0.16903
0.147969
0.166136
0.177414
0.149955
0.174742
0.185452
0.183427
0.189991
0.195633
0.17843
0.191939
0.203919
0.194091
0.199237
0.197337
0.167566
0.177816
0.185944
0.178934
0.160759
0.168723
0.163599
0.128984
0.116337
0.136345
0.126927
0.102822
0.0821896
0.0690881
0.084348
0.0938527
0.0742068
0.097191
0.0476184
0.0986394
0.106869
0.0831718
0.0929767
0.0849679
0.0978865
0.0992931
0.0866843
0.147857
0.120751
0.11475
0.0878703
0.130458
0.167728
0.116573
0.162414
0.167706
0.187286
0.160227
0.144249
0.161851
0.196131
0.206781
0.210799
0.202545
0.21673
0.21583
0.231231
0.216125
0.215498
0.244452
0.23818
0.242532
0.246328
0.248043
0.221949
0.219428
0.203962
0.208832
0.208128
0.214535
0.186868
0.147884
0.144428
0.10548
0.0967252
0.0742322
0.0500311
0.0837461
0.0578264
0.0800834
0.064623
0.0662546
0.0510348
0.0554371
0.0459234
0.0711223
0.0746579
0.0416887
0.0564047
0.068238
0.0643472
0.0449977
0.0670707
0.080337
0.100217
0.0643909
0.0946573
0.0608747
0.0598643
0.0780874
0.071633
0.0845272
0.0334506
0.0830546
0.0996165
0.0769682
0.0336549
0.0832765
0.0554476
0.118988
0.0983636
0.144482
0.0731521
0.0507628
0.0810882
0.00257509
0.0543683
0.0874043
0.108887
0.0645678
0.117907
0.114138
0.0816792
0.0892149
0.127521
0.102751
0.0699245
0.12961
0.107051
0.100106
0.090061
0.065224
0.0982753
0.12377
0.0873345
0.0881468
0.0999822
0.11709
0.102706
0.0875996
0.135712
0.0983891
0.069068
0.100611
0.119107
0.0777858
0.0815509
0.107318
0.0388435
0.0999427
0.0136734
0.0589166
0.0748569
0.0428975
0.0964313
0.0422644
0.0945955
0.0440064
0.0649934
0.0738561
0.00283274
0.0921317
0.0506152
0.0649976
0.0530819
0.0954064
0.0936348
0.0657116
0.0375319
0.0806097
0.130066
0.0861147
0.0727099
0.113515
0.094421
0.0525996
0.0514916
0.0860286
0.0986492
0.12317
0.126347
0.112254
0.14025
0.0961586
0.107463
0.106867
0.118956
0.108468
0.127553
0.153446
0.135819
0.132755
0.107926
0.110134
0.0687818
0.16746
0.109834
0.110938
0.14235
0.117444
0.0685064
0.107714
0.11376
0.116129
0.0759231
0.0571664
0.0875501
0.111916
0.0804954
0.0786686
0.0758398
0.0524465
0.0544853
