0.126817
0.119693
0.132226
0.126671
0.133252
0.129663
0.13982
0.140057
0.137176
0.144696
0.151556
0.148792
0.153731
0.15281
0.153427
0.161851
0.163932
0.158175
0.160707
0.159858
0.169917
0.156183
0.16214
0.161012
0.162312
0.174813
0.177181
0.180352
0.187088
0.188731
0.191787
0.191595
0.198699
0.1982
0.197805
0.200879
0.204152
0.203026
0.20092
0.196635
0.187873
0.190453
0.192941
0.199406
0.203185
0.205564
0.214671
0.221144
0.216511
0.219994
0.218812
0.206405
0.196433
0.194166
0.195103
0.194731
0.210767
0.233653
0.228114
0.226212
0.211654
0.17891
0.156846
0.139264
0.124752
0.123839
0.12223
0.119359
0.110152
0.108117
0.110863
0.106879
0.1147
0.105127
0.107236
0.101259
0.108878
0.103239
0.108125
0.110575
0.11627
0.109881
0.113211
0.10996
0.1096
0.11701
0.116457
0.122543
0.12228
0.130572
0.131247
0.140716
0.141278
0.147005
0.156994
0.168063
0.179167
0.181529
0.185957
0.1904
0.19486
0.195161
0.19063
0.184377
0.171386
0.163229
0.157701
0.155907
0.162379
0.157613
0.161698
0.164685
0.164442
0.167551
0.166394
0.166997
0.169636
0.151154
0.154343
0.146356
0.145638
0.158623
0.154722
0.158129
0.164617
0.167494
0.178252
0.17767
0.181338
0.184014
0.18688
0.193775
0.193336
0.194747
0.195607
0.194869
0.200277
0.202281
0.200121
0.194398
0.183557
0.169344
0.149187
0.159608
0.162697
0.164219
0.179198
0.17803
0.17517
0.196558
0.202369
0.19867
0.213188
0.210741
0.215303
0.219669
0.221948
0.222682
0.225558
0.224128
0.226438
0.2296
0.229082
0.223051
0.200547
0.175305
0.145884
0.117786
0.110711
0.116135
0.103055
0.105473
0.1092
0.104446
0.109918
0.106085
0.113334
0.118553
0.119671
0.127651
0.126222
0.121061
0.117379
0.117951
0.122163
0.121711
0.122385
0.117322
0.118963
0.123653
0.120002
0.122032
0.12109
0.123943
0.123304
0.128512
0.124485
0.126855
0.117561
0.113486
0.10492
0.0935624
0.0924228
0.109307
0.097897
0.0952121
0.10823
0.102888
0.107705
0.120881
0.133359
0.131389
0.135092
0.137436
0.140221
0.143556
0.145828
0.145481
0.150454
0.155222
0.160381
0.153409
0.153396
0.140705
0.128945
0.122451
0.119914
0.113143
0.111069
0.120038
0.125567
0.120374
0.126371
0.134669
0.137577
0.140364
0.152066
0.157319
0.154868
0.160652
0.171818
0.175321
0.180734
0.182619
0.182094
0.190356
0.192962
0.196029
0.198532
0.202428
0.201549
0.203896
0.20548
0.205549
0.204297
0.182666
0.156206
0.140304
0.133535
0.133644
0.120671
0.129292
0.135981
0.125997
0.129532
0.142034
0.148215
0.149881
0.148299
0.167779
0.160033
0.171252
0.167557
0.184534
0.173563
0.186217
0.182587
0.192435
0.191293
0.187428
0.178746
0.164115
0.149405
0.135132
0.124672
0.119296
0.114816
0.117752
0.126232
0.109319
0.116526
0.123359
0.12601
0.110745
0.141891
0.135813
0.134288
0.115542
0.133327
0.13007
0.118485
0.127426
0.122196
0.117867
0.114903
0.114174
0.121157
0.126815
0.124877
0.123675
0.127017
0.126912
0.128082
0.120924
0.0996036
0.1047
0.0973764
0.114581
0.107021
0.0862096
0.101838
0.111017
0.0914038
0.101371
0.102952
0.0941242
0.109805
0.109551
0.111603
0.0978617
0.110645
0.121452
0.12593
0.124177
0.132274
0.132292
0.140706
0.134838
0.146541
0.153414
0.145487
0.154425
0.143299
0.145979
0.129959
0.123868
0.108358
0.121301
0.11454
0.109106
0.0932666
0.0949561
0.0964491
0.105309
0.110125
0.113772
0.109462
0.110534
0.115576
0.118765
0.12507
0.120837
0.125138
0.120705
0.111801
0.145373
0.130421
0.133612
0.142875
0.149145
0.151975
0.160153
0.168976
0.164632
0.179854
0.163449
0.179634
0.173115
0.155636
0.1399
0.115124
0.114568
0.0964176
0.0988742
0.096288
0.0893947
0.106308
0.103368
0.119288
0.108586
0.125972
0.111469
0.0993958
0.0887262
0.100904
0.104562
0.108043
0.116054
0.109089
0.121082
0.109027
0.118723
0.111843
0.110485
0.120088
0.121792
0.122418
0.133849
0.140052
0.143928
0.164442
0.169187
0.1821
0.187964
0.175746
0.178006
0.176118
0.148078
0.166272
0.147831
0.13595
0.150023
0.129626
0.148684
0.146645
0.143158
0.124766
0.148125
0.155178
0.145376
0.15115
0.149306
0.158923
0.153738
0.153093
0.144898
0.139493
0.12951
0.135026
0.13334
0.147391
0.144637
0.128151
0.142567
0.128819
0.130853
0.130454
0.110505
0.132946
0.132543
0.106767
0.141206
0.117397
0.11492
0.11952
0.120549
0.119497
0.146894
0.136727
0.131587
0.12866
0.132246
0.142894
0.134868
0.136508
0.132087
0.148212
0.136161
0.132458
0.145301
0.15736
0.142486
0.153379
0.166288
0.159448
0.156923
0.168801
0.178466
0.168217
0.200258
0.201101
0.205255
0.234002
0.213216
0.21115
0.169497
0.17749
0.142129
0.13079
0.118725
0.140585
0.171809
0.188529
0.215517
0.293257
0.31344
0.345048
0.350862
0.322966
0.282996
0.220742
0.154542
0.134427
0.128914
0.112429
0.112213
0.133162
0.126902
0.108426
0.137357
0.143944
0.130265
0.140128
0.12583
0.125421
0.128285
0.124889
0.140371
0.133098
0.152351
0.132734
0.13273
0.130874
0.124857
0.100595
0.0935396
0.107106
0.0985465
0.0966368
0.10362
0.103667
0.0983709
0.0881124
0.09289
0.0834148
0.0939583
0.0927077
0.103186
0.100393
0.0933464
0.102103
0.112285
0.112001
0.108618
0.107062
0.104922
0.109344
0.112208
0.109892
0.118462
0.0972919
0.107833
0.112151
0.115757
0.12512
0.10773
0.0875911
0.111891
0.111411
0.107562
0.0976972
0.114188
0.106166
0.094439
0.111953
0.120994
0.114074
0.118495
0.137484
0.130217
0.111078
0.119714
0.101896
0.113448
0.109946
0.0989663
0.111547
0.126003
0.107066
0.112686
0.114882
0.11814
0.125009
0.130346
0.124855
0.117868
0.117845
0.111932
0.138765
0.110996
0.139461
0.133161
0.140685
0.116005
0.100766
0.0924927
0.0824115
0.101379
0.085002
0.0680649
0.0782968
0.0724507
0.0940245
0.0933668
0.0790055
0.0999021
0.0810207
0.0832438
0.0969715
0.0796958
0.0744507
0.0982922
0.0987448
0.0724694
0.0851224
0.0794875
0.0790072
0.0931299
0.0698955
0.0846082
0.0774395
0.0902257
0.0764515
0.0591687
0.0638827
0.0771058
0.0889734
0.0921808
0.0960274
0.0929488
0.0918258
0.0996454
0.0971371
0.0966341
0.0981864
0.102299
0.109497
0.0890554
0.0781475
0.0784629
0.073797
0.0470721
0.0540894
0.056692
0.0820098
0.0713796
0.0809518
0.094293
0.0852151
0.0955745
0.111703
0.0850738
0.101833
0.0839001
0.0969723
0.0496448
0.100915
0.073281
0.114974
0.0996007
0.105301
0.127706
0.101868
0.107251
0.0904509
0.120102
0.0923627
0.095351
0.0993824
0.12246
0.104124
0.10314
0.0839727
0.105438
0.0919576
0.117058
0.0767116
0.109996
0.0872392
0.0951549
0.103947
0.0924153
0.115077
0.107887
0.11489
0.105973
0.113409
0.122003
0.0992665
0.0789884
0.114759
0.0919188
0.0955839
0.0671538
0.0942129
0.0872904
0.0714409
0.0686134
0.0782899
0.0666858
0.0720507
0.0588869
0.0450572
0.0470559
0.0651075
0.0604183
0.0493053
0.0375428
0.0417162
0.052149
0.0551391
0.0378332
0.0411978
0.059839
0.0377541
0.0398937
0.0559376
0.0294618
0.0469851
0.0447102
0.0467152
0.0366079
0.0421432
0.0330897
0.0318628
0.0396474
0.0386933
0.0495995
0.043053
0.0512986
0.0373388
0.0463154
0.0468521
0.036496
0.0541528
0.0516788
0.061836
0.0622696
0.0508065
0.0588208
0.049719
0.0469917
0.0647046
0.0517639
0.0494936
0.0534722
0.0481388
0.0618342
0.0475167
0.0443391
0.0254513
0.0442249
0.0343408
0.046152
0.02417
0.0469333
0.0227171
0.027859
0.0255967
0.0341572
0.0364233
0.030948
0.046898
0.0322611
0.0416045
0.0378
0.0413001
0.034857
0.0482415
0.0479156
0.0428602
0.0234257
0.0470355
0.0402443
0.0489572
0.0460048
0.0481773
0.067674
0.0805059
0.0612825
0.0762125
0.0881294
0.0522489
0.0654741
0.0647479
0.0668755
0.0801999
0.0840692
0.0719506
0.0754443
0.0817316
0.0608855
0.0781053
0.0558663
0.0911421
0.0732873
0.0637477
0.0888277
0.0959045
0.0942737
0.0874821
0.108828
0.102912
0.10915
0.117171
0.12415
0.158919
0.135234
0.145177
0.109893
0.149578
0.121471
0.134016
0.108831
0.0823267
0.0804399
0.0740522
0.0964989
0.0839341
0.103094
0.109982
0.0856629
0.0730583
0.0990993
0.0945779
0.101803
0.112341
0.0919748
0.123277
0.102665
0.0909705
0.105533
0.126339
0.0812602
0.102891
0.121485
0.132901
0.126383
0.122384
0.12445
0.135905
0.113707
0.11917
0.117668
0.121047
0.117405
0.0938285
0.0794393
0.091006
0.0808128
0.0648641
0.0591068
0.0589599
0.0318556
0.0533359
0.0385724
0.0314486
0.0252669
0.017064
0.0196158
0.0185612
0.0118929
0.0145968
0.0131207
0.0219855
0.0244359
0.0148414
0.0171349
0.0219762
0.0269265
0.0153396
0.0138493
0.0180884
0.0224489
0.0204144
0.0234755
0.0210011
0.0216933
0.0169532
0.0118154
0.0141743
0.00597635
0.00973988
0
0.00785041
0.00659333
0.0143747
0.0049801
0.00950081
0.0167387
0.0122942
0.00609328
0.0129366
0.0164818
0.0145117
0.018551
0.023599
0.0201762
0.0170999
0.0149619
0.018454
0.00860954
0.0182076
0.00873891
0.00642387
0.0121925
0.0196669
0.00838838
0.0186683
0.0153227
0.0180702
0.0182438
0.0105729
0.0192566
0.0148882
0.0188676
0.0237608
0.0185151
0.0222066
0.0207301
0.0227515
0.0255848
0.0190911
0.0190709
0.0213737
0.0245436
0.0182459
0.0320208
0.0195865
0.0206306
0.0204976
0.0256209
0.0191723
0.0228884
0.0193997
0.0249982
0.019863
0.021753
0.0270172
0.0224901
0.0204834
0.0237896
0.0263842
0.0152322
0.0183767
0.0155176
0.0180122
0.0196852
0.0225984
0.0200575
0.0223698
0.0194458
0.0247784
0.0178779
0.0176181
0.0221715
0.0198807
0.014252
0.0137511
0.0214698
0.0240839
0.0242057
0.0305287
0.0386563
0.0359687
0.0421123
0.0397769
0.0372835
0.036064
0.0493094
0.036747
0.0352037
0.0366479
0.0268625
0.035986
0.0395401
0.0382342
0.0401031
0.039876
0.0462362
0.0378181
0.0490921
0.0433044
0.05251
0.0446631
0.0649122
0.0619068
0.0529918
0.0520818
0.0610977
0.0609535
0.0588849
0.0692557
0.0548476
0.0544234
0.0727639
0.0620064
0.0643148
0.0608723
0.0539054
0.063097
0.0545803
0.0570807
0.0576111
0.0656349
0.0632033
0.0664921
0.0645009
0.0719551
0.0716811
0.0748677
0.0647157
0.0635128
0.0649416
0.0692242
0.0574555
0.0595725
0.0590872
0.071556
0.0582214
0.0624179
0.0606752
0.0615454
0.0525686
0.0624681
0.0582871
0.0633424
0.0519527
0.0550713
0.048753
0.0537547
0.0607986
0.0402855
0.0479913
0.0604811
0.0521902
0.0459045
0.049862
0.0538521
0.0381918
0.0432933
0.0399362
0.03641
0.0435627
0.0410387
0.0263011
0.0460573
0.0252619
0.0274024
0.038527
0.0415411
0.030328
0.0322413
0.0556931
0.0301609
0.0428169
0.0221743
0.0364056
0.0353051
0.0468429
0.0365123
0.040228
0.0448916
0.032421
0.031842
0.0235853
0.0399281
0.0237116
0.0228563
0.0232168
0.0115412
0.0226983
0.0257983
0.0192955
0.0182024
0.0210199
0.0272438
0.00631934
0.0167673
0.0266224
0.0186901
0.00396335
0.0213871
0.02218
0.0267358
0.021342
0.0243902
0.0416818
0.0306663
0.0365749
0.0348096
0.0277629
0.0327708
0.0329499
0.0261639
0.0147553
0.0242951
0.0264467
0.0216959
0.0269904
0.0126481
0.00983646
0.0209478
0.0172371
0.0102445
0.0168817
0.0200591
0.0259973
0.0255343
0.015158
0.0128084
0.00932305
0.0115254
0.0169449
0.0103008
0.0191571
0.0146371
0.0187615
0.0174783
0.0181326
0.019866
0.0260595
0.017681
0.0125854
0.0212935
0.0154055
0.00627818
0.0143779
0.0099454
0.00999098
0.0250904
0.0169267
0.0142855
0.0143811
0.0173971
0.0123772
0.0176429
0.0189775
0.018286
0.0183928
0.0131241
0.0146384
0.0182276
0.0176633
0.0119431
0.0145009
0.018769
0.0322983
0.0235987
0.0313832
0.0246752
0.019412
0.0249788
0.027057
0.0250462
0.0218662
0.0250643
0.0368136
0.0120182
0.0173195
0.0256382
0.0179358
0.00542339
0.0183429
0.0191207
0.0118579
0.0118112
0.00737163
0.0200248
0.0141876
0.0144371
0.0104351
0.0223705
0.0215983
0.016682
0.0161531
0.01566
0.0202389
0.0277087
0.0222057
0.0342212
0.0184781
0.029458
0.0317223
0.0247687
0.0269929
0.0267286
0.0309599
0.03176
0.0370741
0.0274971
0.0331832
0.0257845
0.0318053
0.0238138
0.0310825
0.0279265
0.0281452
0.035322
0.0281043
0.0309926
0.0267274
0.0295467
0.0338719
0.0358794
0.0322678
0.0294369
0.0341926
0.0342418
0.0341632
0.043751
0.0392229
0.0513104
0.0699938
0.129472
0.263054
0.410449
0.484208
0.496264
0.480455
0.403987
0.252203
0.121219
0.0733056
0.0543849
0.0390529
0.0458208
0.0513105
0.0434468
0.0425728
0.0397326
0.0403852
0.0443258
0.0341572
0.0464549
0.0397447
0.0380582
0.0373731
0.039458
0.0402512
0.0363466
0.0430331
0.0423412
0.0399134
0.0389075
0.0349433
0.0274201
0.0417139
0.0449102
0.0323981
0.0441574
0.0420001
0.0348512
0.0416367
0.0381385
0.0335511
0.03357
0.0363288
0.0367458
0.04324
0.0417433
0.0369726
0.0445226
0.0392852
0.0353632
0.0411233
0.0446447
0.0403832
0.0411699
0.0411099
0.0404071
0.0372621
0.0387197
0.0442075
0.0364583
0.0412578
0.0402976
0.0422085
0.0380944
0.0434333
0.047021
0.0428534
0.0372262
0.0554149
0.0477521
0.0398035
0.0319754
0.0336856
0.0370345
0.0428478
0.0272578
0.0436013
0.0380631
0.0432485
0.0454384
0.037174
0.0428096
0.0408499
0.04199
0.0302909
0.0351663
0.0353468
0.0417234
0.0374482
0.0422863
0.0430716
0.0427749
0.0314635
0.040609
0.0375295
0.0371935
0.0363788
0.0425559
0.0438047
0.0444732
0.0371918
0.0428724
0.0445954
0.0426298
0.0366096
0.0447465
0.0479723
0.0631794
0.0491166
0.0417693
0.0608725
0.0521056
0.0370457
0.0536365
0.0626133
0.061241
0.0475575
0.0606993
0.0545707
0.0682956
0.050273
0.0601573
0.0547471
0.0609199
0.0532166
0.0605513
0.0516175
0.0642576
0.0542529
0.0445633
0.047466
0.0394804
0.0559817
0.0533357
0.041126
0.0588479
0.0597922
0.0612992
0.0462079
0.0614685
0.05161
0.0418715
0.0675545
0.0436741
0.0413089
0.0486235
0.0503373
0.0563287
0.0714036
0.0652167
0.0651099
0.036844
0.0442195
0.0865824
0.0819114
0.0410657
0.0641173
0.0727316
0.0755352
0.0491194
0.0702126
0.0361756
0.0903149
0.0573836
0.0623716
0.0914142
0.0812403
0.0824392
0.0838281
0.066599
0.0773006
0.123794
0.0769384
0.0753068
0.095728
0.0981074
0.118664
0.0847343
0.10362
0.0829215
0.0744622
0.0978035
0.0739726
0.0721823
0.0504269
0.0855113
0.0802471
0.118976
0.0757437
0.081156
0.0632902
0.0939433
0.0577992
0.0766958
0.051919
0.0716784
0.0901495
0.0767309
0.064458
0.0630816
0.0455528
0.0623056
0.0482468
0.0588507
0.0836733
0.0571526
0.0713044
0.0536667
0.0891862
0.0581986
0.045215
0.0507139
0.0665515
0.0722297
0.0657552
0.0550608
0.0614337
0.0550214
0.0790269
0.0743945
0.083365
0.0922415
0.0821097
0.0855595
0.0771354
0.0828342
0.0874944
0.068519
0.0504915
0.0211776
0.0476105
0.084228
0.0394086
0.0477551
0.0591368
0.0384771
0.0721566
0.0509621
0.0308915
0.0401643
0.0591642
0.076675
0.049463
0.0713096
0.0592941
0.0497044
0.0617523
0.0869987
0.0787872
0.0778096
0.0865639
0.0901443
0.0942757
0.105161
0.102868
0.104995
0.1315
0.127689
0.138461
0.133776
0.138729
0.11133
0.0702102
0.070907
0.0513693
0.0389807
0.0441185
0.0411092
0.0460601
0.0496394
0.0454787
0.056874
0.0495209
0.0393527
0.0506455
0.0519206
0.0469171
0.0429121
0.044375
0.0440448
0.040088
0.0364674
0.0314387
0.0418356
0.046143
0.0530104
0.0540368
0.0345486
0.0486948
0.0375165
0.041338
0.0383076
0.0406692
0.0405611
0.0389546
0.0456848
0.04078
0.0404059
0.0404767
0.0443173
0.0306166
0.0338007
0.0470117
0.041869
0.0353655
0.0367935
0.0422404
0.0373019
0.0412938
0.0431797
0.037924
0.038801
0.035863
0.0413476
0.0432466
0.0404495
0.0369636
0.0361206
0.0426131
0.0518977
0.0391668
0.0492884
0.0339117
0.0409337
0.0348778
0.032283
0.0474799
0.0325787
0.0476317
0.0413631
0.0399495
0.0422494
0.0441577
0.0267869
0.0430817
0.0341086
0.0392804
0.0320674
0.0353366
0.0412838
0.0444961
0.0414273
0.0412488
0.0453043
0.0370534
0.0333877
0.0381216
0.0392368
0.0363313
0.0355846
0.0361426
0.036631
0.0334214
0.03361
0.0449958
0.0359618
0.0388605
0.0453328
0.0459139
0.0412488
0.0464255
0.0501031
0.0467518
0.0324247
0.0530333
0.0528346
0.0527184
0.058628
0.0554659
0.0656813
0.0678418
0.0734343
0.0697935
0.0764292
0.0821947
0.0792953
0.0783881
0.0658839
0.0614711
0.0465146
0.0389535
0.0410366
0.0321186
0.0348303
0.0333204
0.0410565
0.0332223
0.0345009
0.0414139
0.0390007
0.0260609
0.0358388
0.043859
0.0339604
0.0397238
0.0381184
0.0386698
0.042597
0.0421368
0.0485984
0.0367125
0.0459295
0.050362
0.0557373
0.0551248
0.0607705
0.0676531
0.07361
0.073893
0.0732949
0.085866
0.0926172
0.0966478
0.102276
0.100285
0.104683
0.101177
0.0980595
0.0873793
0.0751515
0.0687085
0.0774476
0.074776
0.0586836
0.058839
0.0559999
0.0469146
0.046943
0.0501674
0.0572429
0.0488043
0.052338
0.0457297
0.054303
0.0540253
0.049169
0.0632053
0.0561539
0.0477365
0.0545003
0.0599107
0.0597449
0.064339
0.0671944
0.0700084
0.0682339
0.067489
0.0713168
0.0793418
0.0824379
0.0894882
0.0856302
0.085839
0.0946143
0.112074
0.111915
0.114647
0.103846
0.111775
0.103564
0.100342
0.0833141
0.0798922
0.0741973
0.0658832
0.0652158
0.0583144
0.0625861
0.056849
0.0596142
0.0594496
0.0625599
0.0581786
0.0591035
0.0686381
0.0565773
0.0506901
0.0545979
0.0433734
0.0678921
0.049693
0.0581614
0.0493336
0.0505856
0.0518562
0.0438717
0.0530524
0.0558687
0.0437561
0.051657
0.0593091
0.0436194
0.0470903
0.0490154
0.0508168
0.0440771
0.0442269
0.0464437
0.0378081
0.0540419
0.0520578
0.0528241
0.0517886
0.0468038
0.0395055
0.0443028
0.051999
0.0537553
0.0516927
0.0465011
0.0436112
0.0516562
0.0558681
0.0401323
0.0495789
0.046807
0.0487659
0.0480644
0.0522218
0.050547
0.0480651
0.0557758
0.0431298
0.0529547
0.0519991
0.0588375
0.0624374
0.0645127
0.0681904
0.0751057
0.0669218
0.0737694
0.0699192
0.077944
0.0817879
0.0662549
0.0808004
0.0714338
0.0740458
0.0826972
0.0929757
0.0977256
0.087372
0.0847815
0.080957
0.10437
0.10197
0.0914286
0.10872
0.0945721
0.103515
0.0982607
0.094026
0.107217
0.114879
0.0979727
0.104394
0.0873488
0.102184
0.0773179
0.0883169
0.0722614
0.0873109
0.0795442
0.0630276
0.0649616
0.0880072
0.0979307
0.0983444
0.0785959
0.0935559
0.093475
0.094027
0.104122
0.10975
0.114487
0.11758
0.109008
0.113724
0.114047
0.10807
0.102026
0.100155
0.109517
0.12018
0.100594
0.0938643
0.0945695
0.0736583
0.0873844
0.067795
0.060412
0.0637574
0.0831326
0.071154
0.0763582
0.137105
0.0908008
0.093287
0.0900064
0.0934027
0.103124
0.0706619
0.0829215
0.113945
0.104157
0.111881
0.0952641
0.10742
0.134418
0.116909
0.114266
0.114919
0.149067
0.132046
0.124855
0.11569
0.13262
0.142216
0.154047
0.131064
0.128023
0.146402
0.161534
0.145352
0.175497
0.159597
0.153129
0.158685
0.130153
0.160183
0.135344
0.131149
0.141862
0.125053
0.130569
0.112935
0.0925008
0.106521
0.0949052
0.0963883
0.107228
0.0825532
0.0747145
0.0611279
0.0965367
0.0547277
0.0703213
0.064577
0.0999095
0.0780832
0.0883591
0.0916771
0.0778285
0.0803728
0.113633
0.0694743
0.103757
0.0973215
0.111721
0.146206
0.0983186
0.119492
0.120707
0.123419
0.138364
0.136073
0.135084
0.139202
0.127385
0.171026
0.161527
0.174588
0.16125
0.142276
0.143248
0.164766
0.178509
0.206481
0.174066
0.187362
0.17692
0.187439
0.181288
0.191899
0.177415
0.175541
0.13056
0.151725
0.153561
0.134866
0.168986
0.136837
0.132466
0.0925289
0.117613
0.121001
0.102702
0.0896382
0.0682318
0.0594133
0.0723567
0.140667
0.0640288
0.150207
0.0937387
0.112956
0.0781227
0.0563815
0.0813337
0.0677117
0.138137
0.0916468
0.071693
0.059299
0.133818
0.0796302
0.0759088
0.0994285
0.0839926
0.0870265
0.0838935
0.0687341
0.131697
0.127033
0.116626
0.0627433
0.123444
0.065465
0.114241
0.03583
0.0650409
0.21723
0.0868898
0.0957945
0.0474402
0.0702305
0.102285
0.0858546
0.143237
0.092176
0.0836861
0.0904508
0.0647777
0.0411018
0.0977975
0.117413
0.0868751
0.0903941
0.0950265
0.118345
0.117746
0.114879
0.069951
0.124533
0.100414
0.0912434
0.105965
0.101258
0.103936
0.105975
0.102937
0.116113
0.0831328
0.0941673
0.131079
0.10452
0.102521
0.069587
0.0914759
0.0712826
0.105619
0.0791824
0.0805597
0.0550376
0.0836975
0.0452349
0.0488044
0.0571755
0.0933333
0.0807878
0.118186
0.117431
0.0951954
0.0972398
0.0439644
0.102259
0.0890926
0.115579
0.105693
0.0543798
0.095789
0.0727534
0.041355
0.0555307
0.10222
0.121815
0.143257
0.0789051
0.0845318
0.1209
0.0996323
0.0776597
0.110699
0.129469
0.121603
0.116799
0.110318
0.106
0.100439
0.105454
0.134241
0.095961
0.127824
0.110365
0.12811
0.0922326
0.115905
0.11383
0.093488
0.133929
0.0566984
0.122637
0.0990657
0.0724384
0.0545904
0.0712897
0.086637
0.0640229
0.0778153
0.103596
0.0710095
0.0622791
