0.233537
0.236507
0.24014
0.236948
0.235278
0.231467
0.239288
0.233737
0.235443
0.239584
0.257835
0.262218
0.270273
0.280147
0.286614
0.310001
0.318807
0.324018
0.329679
0.331146
0.328652
0.314513
0.300612
0.300887
0.30284
0.319867
0.32318
0.334956
0.343624
0.351928
0.363283
0.370788
0.381453
0.394927
0.406608
0.419257
0.432714
0.444754
0.441495
0.422603
0.397005
0.377772
0.376921
0.384238
0.393102
0.399541
0.409766
0.425125
0.423364
0.429025
0.427232
0.39313
0.375743
0.372516
0.373164
0.374138
0.40199
0.501785
0.523387
0.51281
0.467538
0.389711
0.326546
0.272476
0.261213
0.240589
0.219318
0.216784
0.199705
0.195456
0.184919
0.185413
0.177178
0.170954
0.17198
0.168013
0.178852
0.185115
0.19653
0.198644
0.19972
0.19564
0.190222
0.190243
0.185605
0.186271
0.189964
0.203195
0.206786
0.216931
0.230115
0.245372
0.257284
0.275683
0.295712
0.315
0.336009
0.341383
0.353677
0.367278
0.376697
0.381685
0.373356
0.356762
0.316849
0.291853
0.277095
0.272178
0.282103
0.286566
0.298721
0.310706
0.321412
0.330722
0.339171
0.34799
0.33804
0.309797
0.297289
0.287684
0.277324
0.291322
0.29534
0.304571
0.310933
0.319773
0.326157
0.334931
0.34194
0.347735
0.357129
0.36404
0.372916
0.374588
0.374494
0.376143
0.406619
0.430681
0.435326
0.422792
0.390718
0.343352
0.323193
0.321514
0.327807
0.327838
0.343729
0.346401
0.357441
0.37882
0.385194
0.403013
0.418016
0.415298
0.426581
0.430262
0.441085
0.445653
0.451541
0.456306
0.464497
0.486142
0.496031
0.488371
0.442213
0.359102
0.277135
0.21532
0.18297
0.172341
0.163491
0.15962
0.160922
0.165097
0.172613
0.184497
0.200373
0.204632
0.214622
0.225791
0.227409
0.218838
0.223042
0.226274
0.208569
0.208401
0.203581
0.194081
0.194723
0.196089
0.193421
0.195467
0.199707
0.20817
0.218183
0.226699
0.239557
0.241367
0.234264
0.221436
0.196217
0.17957
0.176375
0.18588
0.172771
0.177193
0.182442
0.187855
0.19778
0.208875
0.221359
0.222735
0.226274
0.239055
0.245899
0.253018
0.255752
0.263161
0.276142
0.286113
0.301483
0.310131
0.307299
0.292262
0.263763
0.239649
0.220126
0.206553
0.210968
0.210531
0.219011
0.217561
0.223285
0.226412
0.237632
0.261226
0.283596
0.295737
0.295993
0.308329
0.32343
0.327498
0.339961
0.350471
0.355895
0.369389
0.37623
0.383864
0.398467
0.407855
0.414301
0.419457
0.416224
0.412653
0.406937
0.380863
0.326078
0.281428
0.251412
0.246723
0.249972
0.259332
0.259771
0.260121
0.254968
0.282497
0.279172
0.298639
0.307282
0.320344
0.310464
0.324672
0.330224
0.345169
0.343687
0.353332
0.358769
0.361755
0.367576
0.363348
0.353507
0.324302
0.286115
0.247422
0.214663
0.20976
0.202836
0.209426
0.234306
0.217614
0.227412
0.234223
0.229713
0.228691
0.255257
0.258257
0.249947
0.236585
0.240908
0.230104
0.211475
0.208545
0.208462
0.206256
0.190948
0.193796
0.193754
0.205919
0.208228
0.222668
0.235606
0.234248
0.240359
0.235612
0.209795
0.190967
0.207375
0.203876
0.185448
0.187412
0.196126
0.197517
0.183517
0.190664
0.198934
0.187644
0.17954
0.194491
0.190909
0.185518
0.203091
0.205053
0.21898
0.227402
0.230003
0.233399
0.235658
0.246705
0.253324
0.270287
0.278693
0.29031
0.29092
0.29156
0.270231
0.254754
0.240307
0.231528
0.216183
0.215674
0.197356
0.210115
0.183004
0.190436
0.202863
0.211286
0.222486
0.211628
0.227715
0.225603
0.225926
0.237709
0.225869
0.232737
0.215807
0.243047
0.244526
0.253672
0.25446
0.272839
0.291386
0.300876
0.320651
0.326507
0.337603
0.34455
0.353539
0.350778
0.308343
0.283814
0.220799
0.202786
0.175295
0.169465
0.16167
0.157236
0.166115
0.194208
0.200301
0.196109
0.211054
0.194058
0.190968
0.189386
0.175632
0.196745
0.186845
0.187878
0.187085
0.187967
0.184009
0.18358
0.180959
0.181353
0.184237
0.194951
0.203606
0.22652
0.244047
0.272089
0.309656
0.331963
0.353726
0.37527
0.363684
0.375231
0.370031
0.333039
0.312289
0.276057
0.266747
0.259443
0.252535
0.268647
0.255122
0.269514
0.266833
0.267269
0.260683
0.258616
0.262431
0.265429
0.267871
0.263068
0.256363
0.245305
0.235108
0.225767
0.236399
0.242871
0.259874
0.256106
0.24421
0.241262
0.251391
0.238752
0.238537
0.233171
0.238665
0.243063
0.207034
0.236071
0.230594
0.240767
0.23775
0.245246
0.241007
0.246148
0.232827
0.22979
0.229764
0.260633
0.251378
0.252425
0.255823
0.250825
0.264244
0.247234
0.254043
0.270446
0.274097
0.27225
0.273698
0.289432
0.281884
0.301478
0.321029
0.336504
0.344709
0.401673
0.408385
0.4374
0.445171
0.450813
0.452759
0.369002
0.360099
0.3097
0.270639
0.235609
0.242585
0.265992
0.298166
0.353174
0.418104
0.470479
0.513012
0.53363
0.51264
0.450701
0.360032
0.248391
0.227673
0.212911
0.192822
0.199869
0.212982
0.218316
0.213027
0.221096
0.259585
0.238
0.241305
0.243475
0.240398
0.246922
0.236446
0.258313
0.264147
0.268596
0.269441
0.274929
0.265116
0.231199
0.203119
0.189289
0.180797
0.19273
0.167777
0.178844
0.166012
0.16721
0.156306
0.166608
0.147042
0.150063
0.148807
0.142975
0.152396
0.153992
0.160405
0.159664
0.169945
0.178879
0.173631
0.195001
0.198174
0.218163
0.199186
0.202093
0.195776
0.192079
0.188266
0.215182
0.217472
0.194645
0.142396
0.195662
0.184331
0.174105
0.190806
0.191872
0.192907
0.203471
0.220142
0.227672
0.22469
0.226388
0.234801
0.224853
0.204799
0.2022
0.182741
0.192716
0.171663
0.177371
0.176093
0.191443
0.182094
0.194695
0.185945
0.194404
0.193845
0.199738
0.20482
0.210209
0.20665
0.201133
0.20882
0.194412
0.211743
0.210508
0.200524
0.192375
0.185716
0.164974
0.15949
0.173584
0.159409
0.158552
0.157358
0.141311
0.181896
0.157232
0.162286
0.171135
0.160416
0.164936
0.147731
0.140414
0.150383
0.152655
0.154248
0.16148
0.14942
0.135659
0.119072
0.142007
0.143373
0.133058
0.129286
0.120429
0.127526
0.119964
0.116749
0.122608
0.144866
0.146791
0.160299
0.175895
0.175045
0.170445
0.18235
0.19072
0.214291
0.216461
0.196166
0.180541
0.166033
0.175216
0.122936
0.11462
0.0954393
0.108162
0.105663
0.109874
0.135493
0.147293
0.150393
0.174575
0.181804
0.145547
0.173491
0.170182
0.168108
0.157855
0.169644
0.161282
0.166761
0.183425
0.185756
0.201097
0.184783
0.180724
0.199136
0.214009
0.190445
0.201475
0.17791
0.186
0.180904
0.178787
0.181395
0.17278
0.165352
0.209467
0.153358
0.186133
0.177738
0.177119
0.185144
0.174985
0.196098
0.199821
0.184161
0.176022
0.185738
0.193719
0.176699
0.146828
0.165142
0.145836
0.148967
0.126882
0.146338
0.127508
0.113492
0.1075
0.114997
0.115932
0.0986595
0.0995715
0.0943803
0.0676494
0.0968375
0.0881619
0.0714735
0.0684084
0.069693
0.0715435
0.0857277
0.0614702
0.0754316
0.0886699
0.0690806
0.0675375
0.0717011
0.0659823
0.0737455
0.0672446
0.0760338
0.0682049
0.0562493
0.0488623
0.0665029
0.0590015
0.053576
0.0675835
0.062922
0.0737308
0.0652296
0.0601322
0.0717173
0.0672226
0.0789668
0.08448
0.0810005
0.0779801
0.0773618
0.0809896
0.0792176
0.0750307
0.0995481
0.0910563
0.0767496
0.0720415
0.0748592
0.0739645
0.0606604
0.0643465
0.0515325
0.0470977
0.0590475
0.0585496
0.0626331
0.0562525
0.0470561
0.0592918
0.0579186
0.0616537
0.0754281
0.0627462
0.0643329
0.0661782
0.0671753
0.0540285
0.0646031
0.0599056
0.0674801
0.0661227
0.0609722
0.0582244
0.0611675
0.0638007
0.0638809
0.0637277
0.0729818
0.0848688
0.112109
0.12361
0.118271
0.125632
0.10946
0.117356
0.135257
0.122394
0.125433
0.132725
0.124441
0.154194
0.146449
0.127428
0.1356
0.120071
0.142515
0.141168
0.151388
0.15799
0.171791
0.181294
0.169431
0.177854
0.207271
0.194169
0.205143
0.220778
0.24028
0.236776
0.258053
0.25816
0.247276
0.226821
0.211258
0.167668
0.156694
0.12765
0.154742
0.14644
0.168681
0.151404
0.162379
0.150617
0.152221
0.168008
0.160997
0.183763
0.172558
0.196963
0.206522
0.167441
0.172784
0.183228
0.175009
0.168033
0.188219
0.190472
0.230095
0.219696
0.209352
0.248657
0.225842
0.202663
0.199604
0.202885
0.185187
0.178621
0.159354
0.156818
0.145212
0.144989
0.105227
0.102814
0.0799435
0.066086
0.0703041
0.0546254
0.0395062
0.0347739
0.021333
0.0191222
0.014393
0.0104492
0.013349
0.0143297
0.012447
0.0216399
0.0149442
0.0155212
0.0134008
0.0253484
0.0102015
0.0134365
0.0210075
0.0226705
0.0247848
0.0289686
0.0212735
0.0197266
0.0182891
0.00532241
0.00330247
0.00429704
0.0073603
0
0.0125977
0.00417069
0.00775183
0.00497807
0.00340528
0.00677851
0.0062504
9.32051e-05
0.0106556
0.0116699
0.0125819
0.0178583
0.0207297
0.0199678
0.0209264
0.0200935
0.0138288
0.0142906
0.0105755
0.0131473
0.0116819
0.0136619
0.0226341
0.0141114
0.0225278
0.0194214
0.0173191
0.0193634
0.0155789
0.0177794
0.022707
0.0243252
0.0285273
0.0351102
0.0354822
0.030699
0.0269997
0.0233011
0.0332048
0.0223508
0.0256572
0.0233615
0.0252782
0.0343627
0.0320813
0.0340139
0.0317096
0.0299781
0.0271873
0.0369074
0.0258392
0.0273473
0.0324221
0.0422722
0.0448214
0.0427409
0.0303009
0.0374192
0.03686
0.0378491
0.0338473
0.0301732
0.0305163
0.0304052
0.034614
0.0392388
0.0394587
0.0352665
0.0325802
0.0329345
0.0332056
0.0359963
0.027262
0.0311519
0.0343367
0.0373297
0.0433637
0.0473908
0.0569719
0.0541004
0.0643042
0.0636385
0.0624631
0.0623712
0.0660726
0.0717416
0.0691799
0.0648411
0.0675852
0.0645692
0.0689248
0.0717828
0.0724116
0.0798891
0.0671292
0.0865309
0.0773147
0.0796774
0.0866098
0.0891168
0.102678
0.111828
0.101947
0.105199
0.103983
0.104843
0.11494
0.112905
0.117942
0.115059
0.116688
0.117171
0.114054
0.117647
0.111844
0.108822
0.118358
0.11189
0.104004
0.116152
0.111339
0.12298
0.122441
0.124089
0.127256
0.140064
0.14213
0.129888
0.126951
0.111429
0.110832
0.101198
0.0961634
0.112785
0.0993848
0.0983202
0.10171
0.0984458
0.103447
0.0988251
0.102861
0.0867659
0.101687
0.0885837
0.104326
0.0919155
0.0990381
0.102325
0.0833188
0.0866132
0.0954747
0.079895
0.0808928
0.0838963
0.0870034
0.0699148
0.0700381
0.060486
0.0529645
0.0451202
0.0445201
0.0490401
0.05732
0.0543748
0.0459529
0.049018
0.060812
0.0449541
0.062716
0.0559451
0.0538627
0.0515732
0.0497637
0.054297
0.0658689
0.0576317
0.0554725
0.0618803
0.0646346
0.0583329
0.0512803
0.0382817
0.0377251
0.0213978
0.0383602
0.0265245
0.0196183
0.0155515
0.0157837
0.00998187
0.00738153
0.0196716
0.0231584
0.0151821
0.0084883
0.0230283
0.00753291
0.0175889
0.0111345
0.0244321
0.0316836
0.0223977
0.029298
0.0405211
0.0535299
0.0492492
0.0558662
0.045683
0.0428806
0.0457203
0.0475707
0.0301102
0.033679
0.033748
0.0293252
0.0199539
0.0238366
0.0158904
0.0204611
0.0129381
0.0246482
0.0242841
0.0301097
0.019015
0.0230737
0.00908401
0.0144851
0.021396
0.0179693
0.0192697
0.0162217
0.0251308
0.0202722
0.019693
0.0197875
0.025518
0.0152843
0.0233611
0.0251545
0.0188645
0.026814
0.0176493
0.017607
0.0168644
0.0101739
0.0192057
0.0156139
0.0114081
0.0137342
0.0145364
0.0234633
0.0138898
0.0238694
0.0176817
0.0103711
0.0160301
0.0161035
0.0128742
0.0182612
0.0159751
0.0280118
0.0205931
0.0277208
0.0329105
0.0322204
0.036464
0.0391562
0.023992
0.0261855
0.0378713
0.0338933
0.0259415
0.030369
0.0365333
0.0210537
0.0212013
0.0269533
0.0225895
0.0139946
0.0219767
0.0246255
0.0219555
0.0239492
0.0204657
0.0233944
0.0207874
0.0187739
0.0212195
0.0256625
0.0236727
0.0264654
0.0263045
0.0325526
0.0297002
0.032962
0.0312068
0.0422555
0.0359359
0.0424536
0.0485532
0.0452644
0.0461797
0.0458737
0.0523006
0.0467744
0.0475825
0.0493002
0.0466058
0.0456068
0.0448209
0.0430065
0.0460179
0.0445896
0.0458094
0.0499796
0.0480935
0.046762
0.0441959
0.0469447
0.0521627
0.0492105
0.0468877
0.0452843
0.0546168
0.0630347
0.0546845
0.0678462
0.069452
0.0881458
0.113032
0.191228
0.380717
0.584699
0.683973
0.709214
0.688324
0.577265
0.363522
0.183873
0.11718
0.0865759
0.0834498
0.0788533
0.0794509
0.076123
0.0743562
0.0736991
0.0722139
0.0737707
0.0674695
0.0761036
0.0757419
0.0723348
0.068677
0.0730989
0.0730786
0.0754743
0.072107
0.0644265
0.0742796
0.0704839
0.0661734
0.0516712
0.064601
0.0643883
0.0520845
0.0600622
0.0562918
0.0600561
0.0636788
0.0560668
0.0552989
0.0599558
0.0588171
0.0580569
0.0683683
0.0645758
0.0621859
0.0710194
0.0676294
0.0680082
0.070929
0.0679376
0.0755968
0.0726295
0.0668197
0.0685701
0.0681343
0.0700593
0.0718889
0.0653272
0.0712165
0.0743928
0.0695326
0.0695424
0.0725102
0.0772596
0.0764472
0.0696989
0.0732186
0.0703896
0.0623712
0.0659843
0.0622086
0.0575124
0.0697569
0.0561145
0.0603899
0.0594804
0.0739726
0.0616182
0.0634942
0.0696484
0.0658271
0.0678717
0.0594362
0.0620393
0.0646539
0.068133
0.0662139
0.0686483
0.0697498
0.0704084
0.0610894
0.0713818
0.0745098
0.0701316
0.070922
0.0779396
0.0732097
0.0772614
0.0693242
0.0774865
0.0734136
0.0679892
0.0772037
0.0811246
0.0755018
0.0891579
0.0826747
0.0744877
0.081142
0.068526
0.0781915
0.0989172
0.0949998
0.0807394
0.0806087
0.0974177
0.0942559
0.106352
0.094736
0.0832614
0.0943873
0.0942371
0.0978136
0.0992848
0.0798145
0.0947102
0.0888541
0.086455
0.083715
0.0809705
0.0887718
0.0930239
0.0926213
0.100035
0.0995446
0.0877946
0.0824038
0.100961
0.074943
0.082189
0.0847022
0.0778833
0.0683674
0.0886963
0.0848899
0.0832742
0.0850605
0.0972258
0.0911664
0.0917677
0.108955
0.0942045
0.083938
0.0816876
0.098275
0.102183
0.113058
0.112732
0.102345
0.0781896
0.0965468
0.100721
0.106972
0.105458
0.120571
0.121261
0.134181
0.110086
0.0949366
0.154003
0.117903
0.124113
0.128964
0.151379
0.171906
0.144578
0.151532
0.125701
0.124596
0.133929
0.115662
0.105522
0.111655
0.127506
0.139302
0.14244
0.0987657
0.119134
0.105264
0.108478
0.0855507
0.119974
0.119346
0.119318
0.116663
0.114247
0.106262
0.0964473
0.0923999
0.10741
0.0916152
0.0936358
0.113903
0.108409
0.104437
0.0957008
0.0938592
0.103041
0.0652559
0.0877997
0.094457
0.0785353
0.109111
0.0907038
0.0815596
0.0921953
0.120251
0.120521
0.131011
0.127056
0.122748
0.154041
0.130988
0.125024
0.108986
0.0905287
0.0654333
0.0579779
0.0664917
0.0844522
0.0757357
0.0688163
0.060252
0.0672806
0.0885933
0.0753616
0.0655325
0.064065
0.0832601
0.0980853
0.0820275
0.0922472
0.101327
0.100927
0.104535
0.115658
0.133962
0.131226
0.147317
0.151956
0.160259
0.185941
0.187415
0.191069
0.219784
0.23855
0.259937
0.24237
0.237292
0.205295
0.13041
0.0912864
0.0705074
0.0788895
0.0652795
0.0701943
0.0672393
0.0658113
0.0771226
0.0711157
0.0695615
0.0647701
0.0814533
0.0747944
0.0581258
0.0592521
0.046157
0.0887184
0.0641354
0.0575348
0.0725399
0.0614477
0.0619947
0.068684
0.0655924
0.0609955
0.0692999
0.0637724
0.0782863
0.0608811
0.0574757
0.0610192
0.0697088
0.0717263
0.0644575
0.0655488
0.0660764
0.0616867
0.0568025
0.0658
0.0679003
0.067002
0.0637733
0.0636643
0.0701057
0.0605285
0.0640009
0.0635728
0.0633196
0.0610761
0.0660321
0.0709573
0.0590984
0.0570616
0.0690114
0.0622213
0.0618317
0.0636996
0.0572655
0.063128
0.0513692
0.0585776
0.052862
0.0560499
0.0615331
0.0612152
0.0609862
0.0698634
0.0644989
0.0612623
0.0516597
0.0525133
0.0695381
0.0638198
0.0605409
0.0614465
0.0606057
0.0657624
0.063983
0.0642153
0.0642775
0.0708285
0.0616029
0.0558419
0.0551077
0.0634701
0.0566173
0.0613019
0.0550012
0.0521088
0.0623317
0.0542653
0.0661116
0.0678077
0.0660968
0.0751206
0.0746554
0.0681164
0.0772311
0.0668228
0.0746376
0.0682104
0.0761947
0.082116
0.0834498
0.0886525
0.0859247
0.0911402
0.103781
0.110052
0.111636
0.124204
0.118989
0.117645
0.105406
0.0940548
0.0781707
0.0776292
0.0626441
0.0599151
0.0583255
0.050128
0.05447
0.0654104
0.0528044
0.0593888
0.0556406
0.0559022
0.051659
0.0586595
0.060613
0.0589694
0.064172
0.0636293
0.064165
0.0713891
0.067958
0.0746909
0.0707493
0.0748788
0.085764
0.0907483
0.09122
0.101173
0.102412
0.108352
0.120338
0.128215
0.134414
0.152059
0.160503
0.166588
0.168844
0.166871
0.155296
0.142721
0.135419
0.117559
0.114813
0.105275
0.108347
0.0863271
0.0814463
0.0754283
0.0826153
0.0838471
0.0866395
0.0838869
0.0811219
0.0832001
0.0895197
0.0934646
0.0959957
0.0933944
0.0919602
0.10039
0.0957111
0.102056
0.102072
0.106658
0.112035
0.117243
0.122778
0.126189
0.129114
0.128701
0.142763
0.148098
0.156054
0.155939
0.15727
0.17531
0.189515
0.199739
0.205669
0.204871
0.201492
0.18804
0.175652
0.149164
0.146285
0.132257
0.127618
0.110174
0.100416
0.0972867
0.0981476
0.0945125
0.0930721
0.0974314
0.0979057
0.110031
0.0936259
0.0918835
0.0982372
0.0921925
0.0964166
0.0968513
0.0808926
0.0969371
0.083664
0.0910803
0.0907899
0.090292
0.081769
0.0838301
0.0925283
0.0758765
0.0835043
0.0815578
0.0999322
0.0763231
0.0833092
0.0807828
0.0852262
0.0879166
0.0826751
0.083302
0.0776023
0.0850483
0.0795372
0.0785653
0.0799869
0.0844329
0.0815571
0.0811788
0.0841315
0.0861827
0.0852007
0.0906249
0.0898117
0.0891898
0.0910484
0.0879806
0.0893103
0.0785555
0.0831934
0.0855768
0.0871033
0.0838713
0.0830075
0.0901734
0.0843959
0.0831387
0.0636627
0.0667218
0.0501099
0.0565072
0.0478229
0.0463493
0.0482808
0.0504093
0.0548064
0.0539874
0.0578058
0.0625471
0.071967
0.0563976
0.0858247
0.104038
0.108737
0.109166
0.117441
0.127007
0.130128
0.134867
0.144013
0.140844
0.139163
0.153511
0.174303
0.165798
0.168724
0.157467
0.156819
0.134751
0.133421
0.124683
0.124241
0.131484
0.116864
0.1056
0.113554
0.11968
0.115968
0.118686
0.118489
0.124174
0.118434
0.136018
0.147681
0.1477
0.14841
0.169019
0.17013
0.160889
0.172272
0.161289
0.161863
0.158343
0.159321
0.152593
0.157639
0.153887
0.13546
0.142751
0.129012
0.150632
0.131263
0.121184
0.116349
0.126026
0.129422
0.159856
0.145281
0.143767
0.200834
0.146864
0.144004
0.180507
0.148658
0.193025
0.154351
0.188448
0.168611
0.181285
0.167891
0.180733
0.188249
0.192007
0.174217
0.197633
0.219379
0.206224
0.219237
0.216728
0.221261
0.220357
0.230261
0.22637
0.224164
0.25209
0.251444
0.250293
0.229598
0.256181
0.234552
0.226843
0.236735
0.210139
0.218045
0.217967
0.195298
0.196908
0.179167
0.165025
0.167253
0.150295
0.124818
0.139211
0.131886
0.129483
0.0948958
0.141372
0.101844
0.112554
0.0931772
0.130522
0.128813
0.135937
0.153211
0.160311
0.136722
0.148393
0.126022
0.154753
0.201465
0.178314
0.211904
0.156673
0.20437
0.224511
0.18382
0.216888
0.226126
0.248979
0.241599
0.21022
0.263491
0.257592
0.264993
0.279952
0.263337
0.27175
0.276086
0.309271
0.31492
0.305139
0.297564
0.286232
0.297169
0.287847
0.305493
0.284816
0.296228
0.260897
0.270979
0.250139
0.225296
0.210718
0.220039
0.191991
0.163267
0.118199
0.135823
0.109008
0.0935235
0.119122
0.111225
0.112478
0.155564
0.0817769
0.132502
0.0886829
0.077974
0.103562
0.0591937
0.117225
0.109456
0.117837
0.123653
0.104024
0.104698
0.117909
0.099257
0.132624
0.0993248
0.110024
0.0772977
0.135091
0.112079
0.113974
0.157412
0.179632
0.100915
0.169457
0.12548
0.107516
0.0953454
0.115939
0.211402
0.149655
0.126269
0.128437
0.089578
0.129059
0.158121
0.187171
0.132335
0.121006
0.109112
0.147243
0.128064
0.157352
0.18024
0.157527
0.0917985
0.124194
0.17793
0.148689
0.157973
0.0969101
0.158568
0.125014
0.121288
0.132833
0.145562
0.154038
0.163771
0.12722
0.144047
0.121926
0.140394
0.112375
0.169251
0.148092
0.103264
0.121013
0.10474
0.144696
0.087392
0.120712
0.132583
0.146129
0.157672
0.115404
0.0832367
0.0937841
0.138833
0.128333
0.151503
0.155223
0.126205
0.121096
0.122525
0.147877
0.123747
0.137094
0.171597
0.157517
0.161349
0.143263
0.114584
0.100104
0.123886
0.134296
0.174596
0.149753
0.139443
0.141599
0.138221
0.150722
0.181077
0.162385
0.149418
0.15028
0.170438
0.155432
0.166388
0.1894
0.15632
0.177115
0.142443
0.151123
0.155065
0.147997
0.15253
0.152933
0.141223
0.108111
0.161713
0.141055
0.137808
0.0813859
0.0728073
0.0570248
0.0764776
0.0560009
0.0622009
0.0294034
0.0247979
