0.128928
0.12789
0.135682
0.127019
0.130406
0.130362
0.143429
0.139272
0.142348
0.139276
0.154452
0.151163
0.155773
0.154268
0.158523
0.166906
0.165243
0.161793
0.1663
0.158409
0.167848
0.168376
0.169607
0.169952
0.166144
0.179449
0.184313
0.188562
0.191127
0.196388
0.196379
0.197538
0.201755
0.202327
0.207854
0.207805
0.209592
0.212636
0.207821
0.205963
0.196045
0.190444
0.197161
0.208143
0.211973
0.215
0.21638
0.226384
0.223125
0.228578
0.225463
0.213712
0.203675
0.200927
0.201222
0.201962
0.218746
0.238658
0.235806
0.233646
0.220995
0.18192
0.167605
0.136941
0.126681
0.129246
0.123403
0.112998
0.109342
0.106818
0.116241
0.108446
0.103686
0.107065
0.105016
0.09946
0.105242
0.107265
0.10674
0.111829
0.12295
0.105379
0.118354
0.111716
0.110804
0.121666
0.120269
0.127101
0.126915
0.130789
0.133842
0.142715
0.144556
0.151891
0.161643
0.173295
0.18139
0.184895
0.197149
0.204285
0.201847
0.205134
0.197689
0.191529
0.170866
0.164942
0.159342
0.158933
0.164374
0.163937
0.169409
0.171372
0.168004
0.17128
0.168778
0.169133
0.170949
0.155324
0.160152
0.154502
0.147002
0.160663
0.156345
0.167123
0.16552
0.169582
0.180086
0.182194
0.186728
0.189942
0.196456
0.196558
0.200014
0.201781
0.201511
0.200957
0.210712
0.209747
0.206447
0.200757
0.183644
0.173314
0.158218
0.162202
0.177535
0.167927
0.18646
0.186048
0.180905
0.196696
0.207188
0.207362
0.218053
0.218611
0.226664
0.225857
0.226104
0.230873
0.231755
0.233393
0.23356
0.239828
0.236856
0.226124
0.210034
0.171384
0.142342
0.124737
0.10871
0.108238
0.110162
0.105003
0.105445
0.107716
0.114795
0.112575
0.114356
0.125139
0.115421
0.121328
0.125221
0.116305
0.126636
0.124902
0.124762
0.117764
0.124275
0.121136
0.12233
0.12229
0.121949
0.120042
0.122611
0.125953
0.124892
0.130765
0.129822
0.126552
0.125978
0.110396
0.106109
0.0980112
0.0926715
0.109912
0.0976836
0.103985
0.108226
0.10621
0.111041
0.120208
0.13548
0.135492
0.136436
0.137334
0.143723
0.145766
0.15177
0.154658
0.156306
0.15869
0.163677
0.160916
0.152796
0.143903
0.133659
0.121995
0.121765
0.120017
0.109012
0.121923
0.133775
0.123046
0.130487
0.131061
0.139188
0.147122
0.161489
0.159299
0.164455
0.165656
0.176826
0.18358
0.188468
0.185678
0.194773
0.197795
0.195821
0.203253
0.203174
0.206949
0.20739
0.21331
0.215727
0.210354
0.207387
0.183945
0.16496
0.135823
0.124114
0.127458
0.130784
0.138258
0.128698
0.125412
0.129799
0.142332
0.147934
0.157413
0.159042
0.158185
0.17258
0.17777
0.174799
0.190212
0.181369
0.189383
0.193543
0.200298
0.196656
0.197612
0.18701
0.172213
0.155762
0.134805
0.121391
0.123579
0.11675
0.119616
0.13202
0.109079
0.113363
0.138469
0.124756
0.112185
0.128155
0.134203
0.12819
0.133557
0.130866
0.139917
0.125665
0.12176
0.123718
0.124742
0.113132
0.115944
0.124022
0.127265
0.128415
0.130144
0.121609
0.12381
0.126201
0.119569
0.108625
0.108801
0.11559
0.118575
0.0953298
0.0877989
0.0913729
0.115664
0.103284
0.0986434
0.108374
0.0962932
0.101328
0.113375
0.105906
0.107655
0.103821
0.117478
0.122126
0.12926
0.135193
0.138933
0.136204
0.138788
0.146349
0.15738
0.153096
0.155843
0.151308
0.139555
0.13266
0.131747
0.120094
0.114815
0.123448
0.113002
0.101657
0.0990304
0.098281
0.104088
0.113255
0.127122
0.112859
0.127794
0.119764
0.115942
0.124625
0.12058
0.133195
0.119856
0.122875
0.147037
0.130258
0.134232
0.142106
0.150448
0.161727
0.165711
0.181021
0.174218
0.18429
0.172854
0.183911
0.173787
0.147213
0.139304
0.108745
0.107549
0.100012
0.108545
0.103774
0.095817
0.100694
0.109969
0.12707
0.114978
0.11012
0.103873
0.1195
0.110559
0.0971047
0.109741
0.109437
0.111078
0.107446
0.116844
0.113454
0.115957
0.112931
0.112583
0.117379
0.116391
0.12197
0.138744
0.143093
0.154698
0.169972
0.185493
0.185935
0.198708
0.187119
0.182378
0.186382
0.162582
0.168433
0.152081
0.142178
0.150666
0.140927
0.156362
0.15471
0.152514
0.139702
0.15276
0.152028
0.154793
0.148019
0.151492
0.149585
0.15468
0.150847
0.150074
0.138907
0.130898
0.132563
0.135177
0.141652
0.136517
0.13274
0.125507
0.148365
0.134103
0.132535
0.108781
0.128085
0.131848
0.118148
0.132931
0.126527
0.131224
0.132534
0.138739
0.127553
0.135683
0.129988
0.123349
0.129227
0.139194
0.150815
0.133763
0.143061
0.136362
0.135767
0.146448
0.147905
0.150607
0.155591
0.156856
0.150071
0.167568
0.155061
0.16104
0.172217
0.178632
0.189088
0.208175
0.211396
0.219317
0.235099
0.234929
0.21914
0.193483
0.201875
0.174788
0.133374
0.132246
0.14372
0.17115
0.200739
0.244138
0.29396
0.343743
0.369205
0.370257
0.34642
0.282448
0.224465
0.143142
0.134839
0.134828
0.118932
0.118623
0.135331
0.114603
0.104375
0.122956
0.153993
0.126483
0.137168
0.141744
0.133007
0.127672
0.127061
0.144755
0.144619
0.14676
0.147349
0.138656
0.139588
0.133219
0.111662
0.0920872
0.106718
0.120692
0.112517
0.112288
0.105774
0.0978667
0.0909214
0.0992688
0.0928574
0.0825239
0.0993192
0.10247
0.101902
0.104545
0.101751
0.11843
0.113712
0.120368
0.0975811
0.115939
0.115997
0.124702
0.109926
0.129766
0.0994062
0.111339
0.120321
0.118662
0.134839
0.122125
0.0723467
0.113978
0.109218
0.0986094
0.113964
0.111991
0.124144
0.0995432
0.11704
0.109784
0.123681
0.129436
0.125417
0.124884
0.122966
0.131531
0.0964092
0.129544
0.113427
0.119936
0.106256
0.122232
0.110571
0.129608
0.104753
0.107618
0.110441
0.10797
0.119631
0.128732
0.128399
0.118384
0.132249
0.123719
0.147125
0.124587
0.103453
0.11165
0.097082
0.0982113
0.0830782
0.0938192
0.104302
0.0798524
0.0852461
0.0766212
0.0895383
0.0689729
0.0766496
0.116834
0.104391
0.0940835
0.0932891
0.0784225
0.0888617
0.0902034
0.085845
0.0909505
0.0915854
0.0733313
0.0794511
0.0788477
0.0893288
0.0740968
0.0657563
0.0845548
0.081275
0.0592191
0.0857211
0.0710686
0.0831658
0.0832817
0.0990996
0.0982739
0.0946815
0.0916888
0.102701
0.0877014
0.110224
0.117138
0.105516
0.0863745
0.0808132
0.10015
0.0630095
0.0543065
0.0412267
0.0631594
0.0684505
0.0693117
0.0814957
0.0954307
0.0951378
0.0966462
0.114528
0.0879873
0.109365
0.0858259
0.0941123
0.078645
0.0986987
0.109389
0.117252
0.110352
0.107523
0.123409
0.0856813
0.110125
0.110254
0.12019
0.121761
0.11243
0.0881928
0.124651
0.0934321
0.091334
0.104823
0.106805
0.0854515
0.130412
0.0894231
0.0987081
0.102461
0.107782
0.11168
0.0942209
0.109511
0.115226
0.121517
0.114748
0.130621
0.0958189
0.093106
0.077453
0.107694
0.0805769
0.0895431
0.0704735
0.0932946
0.0864137
0.0689593
0.0697485
0.0858184
0.0623053
0.0695333
0.0530083
0.0660401
0.0564101
0.0651262
0.0570445
0.0389934
0.0300312
0.0439093
0.0477659
0.0408587
0.0354495
0.040325
0.0471885
0.0325701
0.03505
0.0540838
0.0386501
0.0373391
0.04136
0.0424624
0.0281689
0.0265517
0.0271935
0.0255276
0.0423319
0.0366923
0.0515215
0.0400524
0.0497987
0.0383641
0.0372017
0.0443017
0.0346766
0.0407359
0.0574705
0.0548845
0.0481603
0.0516691
0.0461686
0.0513495
0.0471133
0.0725519
0.0452002
0.0459215
0.0496809
0.0455833
0.0510461
0.0383771
0.0463174
0.0336721
0.0399467
0.0396061
0.0339592
0.0431621
0.037255
0.0275168
0.0421146
0.0276262
0.0350742
0.0383351
0.0352086
0.0444639
0.0518033
0.0368476
0.0323307
0.0509357
0.0380491
0.0402786
0.0568033
0.022762
0.0322723
0.0335138
0.0487755
0.0459036
0.0393738
0.0481425
0.0611026
0.0724107
0.085554
0.0743881
0.0703627
0.0654175
0.0704488
0.080151
0.0888903
0.0604124
0.0805186
0.0891692
0.0703873
0.0890253
0.0773331
0.0818452
0.0706755
0.0850425
0.094195
0.0792628
0.084161
0.0723483
0.113035
0.0926964
0.0886195
0.114017
0.110683
0.126044
0.119548
0.145655
0.126071
0.137447
0.154467
0.133095
0.12944
0.109897
0.11746
0.0941152
0.0714258
0.10691
0.0887939
0.0968929
0.0902688
0.106276
0.0809185
0.0905683
0.0887076
0.0923425
0.113496
0.0857502
0.101189
0.128971
0.100397
0.118983
0.109656
0.103703
0.112593
0.0922939
0.127574
0.142992
0.141768
0.120879
0.12668
0.135696
0.0856282
0.0918998
0.109047
0.116854
0.108667
0.0943287
0.101093
0.0920571
0.0892648
0.0542791
0.0653371
0.0506708
0.0434192
0.0373123
0.0473193
0.0254221
0.0225197
0.0096134
0.016189
0.015829
0.0130184
0.00967332
0.0130281
0.0150585
0.0173888
0.0112605
0.0111818
0.014249
0.0160151
0.00969937
0.0110998
0.0187311
0.0147584
0.0188438
0.019914
0.0154909
0.0197165
0.0146135
0.010785
0.00843628
0.000389547
0.00712815
0.00405766
0.00210079
0
0.00644193
0.00450218
0.00373628
0.00698158
0.00642223
0.00232469
0.0114651
0.00779248
0.00659283
0.00923199
0.0139173
0.0126102
0.0175053
0.00714649
0.0104217
0.00340053
0.010042
0.0106082
0.00376714
0.0148808
0.0146898
0.00636557
0.0145421
0.0141757
0.0140678
0.0116109
0.00710171
0.0125964
0.0133737
0.0115829
0.0156751
0.0165007
0.0173851
0.0131667
0.0196046
0.0140966
0.0169997
0.013862
0.0173704
0.0193759
0.0160567
0.0258638
0.019615
0.021673
0.0190566
0.0197918
0.0139492
0.015763
0.0123716
0.0107632
0.0189186
0.0207643
0.025756
0.0208089
0.0126594
0.0163411
0.0139629
0.0207648
0.0150461
0.0164253
0.00933987
0.0154824
0.0184789
0.0249242
0.017337
0.0181679
0.0156685
0.0160113
0.0157021
0.012028
0.016403
0.0125778
0.0179712
0.0221341
0.0254632
0.0228827
0.0248807
0.0329475
0.042185
0.0392369
0.0403519
0.0282299
0.0379535
0.035408
0.0309674
0.030736
0.0307154
0.0319456
0.0360162
0.0453845
0.0380014
0.044014
0.0313079
0.0403754
0.0420172
0.0376152
0.0526776
0.048869
0.0581996
0.0594215
0.0491511
0.061101
0.0521395
0.0498787
0.0557617
0.0644943
0.0620022
0.0545108
0.0593814
0.0543218
0.0603717
0.0650549
0.0624604
0.0592261
0.0574445
0.0592517
0.0508202
0.058088
0.0565913
0.062688
0.066521
0.0618829
0.0701397
0.0710964
0.0871744
0.0678392
0.0677184
0.066452
0.0648762
0.0485666
0.0495108
0.0608539
0.0660522
0.0413329
0.0642012
0.0529748
0.0530554
0.0451249
0.0561612
0.0660463
0.046818
0.0538844
0.0523893
0.0484639
0.0558292
0.0574629
0.0552454
0.0585095
0.0529153
0.049261
0.039538
0.04978
0.0525816
0.0337345
0.0354048
0.0440771
0.0358452
0.0329842
0.0397877
0.0354382
0.0379545
0.0278586
0.0289579
0.0436488
0.0335076
0.0297448
0.0426102
0.0358099
0.0332203
0.0228657
0.026067
0.0278013
0.0420669
0.0392462
0.0300078
0.0301583
0.0445842
0.0252851
0.026619
0.0229932
0.0299828
0.0199282
0.0112096
0.0171163
0.0192547
0.0133967
0.0222171
0.012274
0.00669067
0.019867
0.015189
0.017926
0.0104253
0.0142144
0.00897375
0.00956005
0.00692917
0.0225207
0.027532
0.0212623
0.0281693
0.0267549
0.0337461
0.0346824
0.0332816
0.0245462
0.0317752
0.030571
0.0300121
0.0205305
0.00986937
0.0261055
0.011966
0.0234283
0.0125296
0.0158993
0.0148587
0.0104007
0.00843557
0.0187419
0.0175521
0.0182136
0.00807269
0.00362276
0.010001
0.00790563
0.016545
0.021991
0.00890297
0.0133133
0.00795755
0.0217354
0.0124815
0.0126949
0.0109776
0.0118897
0.0132098
0.0122971
0.0180059
0.0142103
0.00232457
0.0126523
0.00799956
0.00814207
0.02242
0.00714722
0.013884
0.0120207
0.011916
0.00959549
0.0194563
0.0126013
0.00578913
0.0120448
0.0105919
0.00212375
0.0108059
0.0172497
0.0130478
0.0135349
0.0207519
0.029695
0.0151659
0.0271877
0.030097
0.0226765
0.0197833
0.0246635
0.023362
0.0194189
0.0198629
0.0168974
0.00914538
0.0116796
0.0120527
0.0123551
0.00833559
0.0161792
0.00970733
0.0126262
0.0122435
0.00621666
0.0121649
0.0134581
0.0143614
0.00789174
0.0159983
0.00647842
0.0116814
0.00936288
0.0143298
0.0176824
0.0230665
0.0234581
0.030979
0.0243244
0.0297071
0.0291042
0.0355871
0.0247456
0.0267075
0.0248414
0.0287235
0.0275234
0.0229456
0.0221458
0.0288523
0.0323546
0.0249224
0.0288535
0.0193501
0.021517
0.0309314
0.0250844
0.0247444
0.0220759
0.020077
0.0308328
0.0297973
0.0250333
0.0293708
0.0315443
0.0322081
0.0318846
0.0433701
0.0382456
0.0560323
0.0838064
0.130271
0.276723
0.437834
0.515486
0.532951
0.514867
0.430929
0.267468
0.124041
0.073805
0.0554276
0.0430672
0.046123
0.0461965
0.0445984
0.0392053
0.0394034
0.0372222
0.0408221
0.0350947
0.0455396
0.0382915
0.0341122
0.0281747
0.0359171
0.0384625
0.0388431
0.0413825
0.0378194
0.0395775
0.0325463
0.0341222
0.0290171
0.0349232
0.0380586
0.0272967
0.0349677
0.0392807
0.0360505
0.04
0.0330549
0.0288642
0.0324646
0.0392401
0.0350453
0.034736
0.0383014
0.0313388
0.0372813
0.0394367
0.0349704
0.0410684
0.0353715
0.0339039
0.0383936
0.0349302
0.0371578
0.0334365
0.0359102
0.0413606
0.0345891
0.0363451
0.0390637
0.0376868
0.0368347
0.0399869
0.0412692
0.0410872
0.0349225
0.0480277
0.0318365
0.0344112
0.0360179
0.031566
0.0341458
0.0308624
0.0234253
0.0356904
0.0346343
0.0415415
0.0414409
0.0355959
0.035373
0.0359597
0.0349426
0.027483
0.0320949
0.0342167
0.0356904
0.0380193
0.0374413
0.0392201
0.0359997
0.0313441
0.0447561
0.0324013
0.033872
0.0329894
0.0393559
0.0361409
0.0412324
0.0378739
0.044464
0.040251
0.0345433
0.0384703
0.03837
0.0333824
0.0391821
0.0405663
0.0477119
0.0595898
0.0156381
0.0421334
0.0306321
0.0407449
0.0483972
0.05635
0.0596504
0.057265
0.0631117
0.0345728
0.0570376
0.0488068
0.0560446
0.0526182
0.0566023
0.048431
0.0534593
0.0477592
0.0475195
0.0542517
0.0412808
0.0523398
0.0530729
0.0304903
0.0553594
0.0541858
0.0595228
0.0413901
0.0715788
0.0354101
0.0398604
0.0636105
0.0414781
0.0214859
0.0693067
0.0342492
0.0630356
0.0532979
0.0632511
0.0563601
0.0595784
0.0340527
0.0768152
0.0628001
0.0483805
0.0820237
0.0757701
0.0579
0.0753858
0.0688282
0.0344109
0.0815208
0.0640905
0.0537284
0.0829091
0.0570606
0.0956578
0.0986936
0.0839253
0.0736369
0.104098
0.0579912
0.0752569
0.0785356
0.0877301
0.10103
0.0766192
0.106095
0.0777115
0.0768254
0.0928795
0.06167
0.0891687
0.0755991
0.0742134
0.0890134
0.10079
0.0791028
0.0746802
0.0777697
0.0784205
0.0613122
0.0861493
0.0705218
0.0855127
0.0960819
0.0765702
0.0551191
0.0720079
0.0708335
0.0684495
0.0563637
0.0736814
0.0813961
0.0575234
0.0660778
0.0547761
0.0742818
0.0427264
0.047823
0.0597138
0.0762304
0.0663579
0.0821769
0.0516718
0.0784425
0.0671125
0.0729875
0.0857637
0.104767
0.0850558
0.103762
0.0983905
0.101368
0.0793209
0.0820415
0.0659322
0.0386447
0.0306959
0.0675465
0.0685852
0.0458397
0.0466918
0.0447499
0.0474916
0.0419591
0.02198
0.0507358
0.0432728
0.0481901
0.0644078
0.0487975
0.0617273
0.0497951
0.0719106
0.0556468
0.0710982
0.0800658
0.0737071
0.0815316
0.0927963
0.0781232
0.104182
0.107038
0.102504
0.134823
0.138483
0.140308
0.138337
0.133283
0.116836
0.0701189
0.0620813
0.0539454
0.0405279
0.0451229
0.0495399
0.0334408
0.0337437
0.039365
0.0646548
0.0477493
0.0314118
0.0422934
0.0531259
0.042265
0.0376536
0.0361613
0.0446571
0.0417293
0.0405609
0.0362658
0.0275397
0.0436824
0.0477999
0.0464729
0.0321034
0.0395581
0.032857
0.0264107
0.0324374
0.0270542
0.0289293
0.0327132
0.0379921
0.0393314
0.0395712
0.0374641
0.0346511
0.0351296
0.0341036
0.0387379
0.0394863
0.0283964
0.0323611
0.0433104
0.03898
0.0435503
0.0363956
0.034798
0.0317858
0.0338955
0.0438445
0.0394137
0.0370092
0.0525508
0.0376527
0.0459493
0.0340877
0.0226986
0.0418956
0.0321404
0.0320434
0.0262095
0.0329611
0.0418268
0.0349889
0.040753
0.0311067
0.0375585
0.0306016
0.0338535
0.0371743
0.0404923
0.0378365
0.0364763
0.0386531
0.0404983
0.0398623
0.0400149
0.041672
0.0400111
0.0418669
0.030786
0.0309025
0.0273546
0.0361034
0.0310824
0.0329217
0.0329147
0.032918
0.0362808
0.0308094
0.0351633
0.0363041
0.0440352
0.0379597
0.0459191
0.0388053
0.0437008
0.0391872
0.0472336
0.0402548
0.0575643
0.048793
0.0502515
0.049547
0.0536331
0.0623013
0.0591302
0.0672796
0.0747497
0.077773
0.0871557
0.0751233
0.0751325
0.0687716
0.051675
0.0428867
0.0333912
0.0365331
0.0358332
0.031542
0.0261096
0.0438776
0.0317228
0.0327816
0.0335714
0.0328091
0.0246231
0.0363493
0.0354474
0.034769
0.0361701
0.0363931
0.0396094
0.0431799
0.0418689
0.0466144
0.0408481
0.0460807
0.0518273
0.05448
0.0521066
0.0613656
0.0601707
0.0677026
0.071667
0.0777037
0.0861397
0.0916245
0.0997668
0.104236
0.100472
0.101545
0.0946387
0.097002
0.0914641
0.0754713
0.0653871
0.0678287
0.0564209
0.0493397
0.0543377
0.0520612
0.0577673
0.047684
0.0512846
0.0457034
0.0487668
0.053403
0.0497651
0.0527961
0.0574479
0.0407847
0.0555908
0.0525379
0.0504699
0.0508779
0.0586419
0.0582875
0.0634422
0.0637837
0.0596357
0.0656888
0.063653
0.0754481
0.0762341
0.077105
0.0919621
0.09505
0.0808987
0.0988843
0.115219
0.116638
0.117197
0.111628
0.110761
0.108427
0.10285
0.0814178
0.0818313
0.0757067
0.0705801
0.0593093
0.052726
0.0592766
0.0572667
0.0645743
0.0597464
0.0557557
0.0526466
0.0636897
0.0540225
0.0540465
0.051677
0.0551667
0.0490698
0.0533097
0.0308048
0.0562326
0.0516271
0.0525731
0.0401239
0.0390661
0.0406935
0.0446484
0.0429013
0.0316962
0.0521736
0.0478469
0.0492921
0.0454944
0.042929
0.0481164
0.0457381
0.04228
0.0492616
0.047862
0.0428942
0.0408965
0.0467794
0.0418348
0.0390312
0.0411043
0.0461717
0.0417083
0.0486092
0.0449634
0.044846
0.041415
0.0567685
0.0423882
0.0499143
0.049846
0.0493511
0.0440393
0.0361035
0.0482903
0.0530661
0.0534495
0.0555949
0.0552173
0.0565792
0.0602884
0.0591675
0.0636226
0.0625254
0.0721724
0.0649476
0.0606501
0.0660714
0.0713151
0.0781992
0.0748534
0.0863804
0.0743656
0.0783953
0.078732
0.0945279
0.0968662
0.089143
0.0904185
0.0979371
0.104518
0.0984227
0.0975117
0.108823
0.101355
0.107398
0.106282
0.11117
0.116969
0.122764
0.103743
0.109114
0.08916
0.0941728
0.0908692
0.0877585
0.0848723
0.0974725
0.0662361
0.0789367
0.0732227
0.0845896
0.0927006
0.0818738
0.0858571
0.0923962
0.0936274
0.110858
0.0996364
0.0982085
0.114991
0.119779
0.110652
0.120163
0.109805
0.116161
0.110377
0.0979955
0.116715
0.116856
0.104284
0.0910594
0.107493
0.0939194
0.080667
0.0888322
0.0664453
0.0675003
0.0959762
0.065133
0.0916147
0.117474
0.127787
0.142413
0.080115
0.0920781
0.0970486
0.0761563
0.0969544
0.120943
0.118173
0.10759
0.117553
0.0981723
0.122443
0.131328
0.138907
0.0877342
0.14481
0.144074
0.150889
0.118722
0.127141
0.136179
0.155229
0.150527
0.147869
0.143525
0.155586
0.1512
0.165872
0.153586
0.153201
0.150236
0.14009
0.160556
0.140261
0.143277
0.142995
0.117978
0.127338
0.106054
0.108735
0.101094
0.125485
0.0958763
0.0894037
0.0753078
0.0383815
0.0585658
0.0789437
0.0490019
0.0664017
0.0829495
0.0932599
0.111429
0.0683573
0.0819461
0.0639445
0.0763863
0.088688
0.0869586
0.111
0.126073
0.160977
0.151516
0.0990963
0.106487
0.0798108
0.136976
0.136339
0.136218
0.157175
0.135646
0.131403
0.180591
0.165216
0.156824
0.168853
0.135724
0.173603
0.168547
0.181312
0.208865
0.205063
0.186199
0.185947
0.192625
0.18792
0.207931
0.176021
0.189663
0.171724
0.158327
0.150595
0.132097
0.15392
0.157998
0.136153
0.109386
0.0713231
0.0685485
0.0684889
0.0740632
0.0737739
0.0852049
0.0672021
0.124127
0.068067
0.0891306
0.0710554
0.0835492
0.0903667
0.0627429
0.0933994
0.0890503
0.102451
0.0972476
0.0653027
0.0684064
0.143502
0.103531
0.072614
0.0905158
0.101613
0.0667426
0.0906003
0.089556
0.0923722
0.0954888
0.12551
0.0752154
0.109028
0.102546
0.120399
0.106881
0.0709934
0.146799
0.0865083
0.115849
0.0797381
0.119931
0.106091
0.0923026
0.11153
0.128795
0.105876
0.0862671
0.113855
0.0850498
0.0560694
0.102447
0.0898798
0.0766594
0.0925591
0.114793
0.120319
0.0925929
0.0673517
0.105548
0.0776426
0.121883
0.104941
0.100841
0.0589805
0.113922
0.11292
0.0917757
0.0623787
0.0961614
0.110667
0.120008
0.105149
0.129232
0.129496
0.0700225
0.084877
0.0374175
0.09852
0.119047
0.0769965
0.106256
0.0718322
0.0610252
0.083257
0.105004
0.120975
0.125032
0.0937627
0.11377
0.0864148
0.0801463
0.0604296
0.0951727
0.134485
0.0923283
0.0972818
0.0300138
0.120667
0.0964031
0.0757068
0.106933
0.0881832
0.106409
0.076976
0.0847975
0.0938955
0.111761
0.0864179
0.157837
0.108344
0.0839287
0.0851506
0.104045
0.0876329
0.10815
0.126796
0.110749
0.103959
0.0904588
0.118787
0.0975395
0.1123
0.10323
0.0886741
0.151177
0.0701483
0.114325
0.113516
0.0555019
0.0449183
0.0713015
0.0903361
0.08637
0.0913667
0.0686074
0.0650065
0.0623509
