0.182728
0.18638
0.189548
0.187474
0.199054
0.191644
0.204138
0.209166
0.203877
0.215218
0.22559
0.231
0.230521
0.237851
0.242732
0.249579
0.255177
0.257639
0.261069
0.256218
0.259786
0.258147
0.261969
0.269062
0.275692
0.280408
0.293192
0.297592
0.306136
0.313413
0.317479
0.321095
0.327426
0.329522
0.334543
0.341026
0.348672
0.349345
0.343715
0.337583
0.327507
0.319885
0.335511
0.34152
0.352754
0.358973
0.365925
0.383512
0.37917
0.38191
0.373431
0.334161
0.316461
0.313048
0.313931
0.314695
0.340718
0.409884
0.415314
0.399138
0.372887
0.319091
0.265579
0.229411
0.220519
0.201874
0.186339
0.179501
0.173448
0.16639
0.155874
0.153318
0.146954
0.14139
0.139738
0.138911
0.145916
0.142707
0.146996
0.158137
0.167857
0.167629
0.174734
0.171621
0.170419
0.1758
0.178154
0.177558
0.186599
0.191053
0.202614
0.21266
0.223099
0.237526
0.257672
0.282257
0.309976
0.323834
0.343158
0.352689
0.360277
0.355286
0.344845
0.319195
0.282619
0.259002
0.242556
0.239946
0.246119
0.247776
0.250978
0.259096
0.260551
0.262271
0.26359
0.264987
0.26699
0.250705
0.242696
0.246047
0.248143
0.25595
0.255902
0.262327
0.273464
0.27742
0.290898
0.294157
0.301724
0.309007
0.312067
0.31884
0.319073
0.315826
0.315109
0.31626
0.336488
0.344931
0.344708
0.334552
0.3138
0.290737
0.274549
0.275565
0.287164
0.2834
0.305569
0.3094
0.313462
0.338421
0.34281
0.358542
0.37422
0.367681
0.381852
0.384216
0.392462
0.390339
0.392464
0.392514
0.394531
0.404999
0.410585
0.393628
0.355173
0.293232
0.224326
0.175475
0.154516
0.14668
0.138772
0.13538
0.133198
0.131649
0.136322
0.136929
0.141168
0.156965
0.165793
0.185267
0.189371
0.191517
0.188353
0.191696
0.174874
0.180702
0.177832
0.166092
0.168841
0.166526
0.163318
0.162452
0.165601
0.169623
0.173615
0.177873
0.177582
0.175345
0.175935
0.167354
0.162925
0.160774
0.145693
0.169265
0.155657
0.138146
0.156948
0.15653
0.169156
0.18715
0.193942
0.196008
0.206628
0.209996
0.21334
0.217669
0.223746
0.226977
0.237577
0.23992
0.244857
0.245041
0.240695
0.235391
0.210688
0.202025
0.200226
0.195905
0.195409
0.198775
0.209852
0.211484
0.216519
0.219387
0.227728
0.241398
0.256701
0.267992
0.265629
0.279658
0.290269
0.299125
0.305829
0.315788
0.320438
0.328585
0.328246
0.33792
0.344152
0.35396
0.357332
0.371231
0.379225
0.369058
0.368592
0.34528
0.291357
0.253032
0.227402
0.219826
0.217641
0.21479
0.224386
0.226064
0.235541
0.248932
0.247897
0.259774
0.266974
0.276281
0.277355
0.286704
0.288568
0.307524
0.303336
0.315275
0.314895
0.321299
0.316112
0.312082
0.29645
0.269239
0.237523
0.201889
0.17513
0.162691
0.161452
0.165224
0.191124
0.185147
0.194512
0.197569
0.200262
0.207866
0.231433
0.231087
0.219244
0.21366
0.21525
0.201751
0.191799
0.183083
0.179072
0.17813
0.166899
0.165248
0.167718
0.169992
0.168401
0.183869
0.182329
0.18379
0.181185
0.182529
0.171834
0.179066
0.173291
0.176666
0.166635
0.16014
0.162149
0.174186
0.148543
0.153768
0.170022
0.159829
0.161211
0.161877
0.168834
0.16221
0.167395
0.178332
0.189434
0.201157
0.198033
0.208195
0.210829
0.208755
0.222694
0.233026
0.236343
0.243471
0.239496
0.238658
0.22892
0.216609
0.211947
0.22352
0.198249
0.206054
0.17991
0.184968
0.167551
0.171534
0.189345
0.189306
0.186789
0.202608
0.191602
0.19651
0.203727
0.21394
0.209518
0.202999
0.202899
0.22221
0.216752
0.225002
0.231391
0.242837
0.260733
0.26816
0.288146
0.288285
0.298171
0.295748
0.297206
0.288676
0.256807
0.236041
0.19216
0.184346
0.165516
0.156401
0.153912
0.15524
0.168108
0.180457
0.188104
0.19048
0.197613
0.172749
0.175946
0.165279
0.159005
0.174169
0.164727
0.168183
0.160044
0.164125
0.161458
0.163021
0.157592
0.164325
0.167109
0.170757
0.184991
0.193625
0.220213
0.239515
0.271511
0.294745
0.311997
0.327802
0.322795
0.315795
0.317071
0.297944
0.288282
0.246712
0.238723
0.254154
0.248863
0.252872
0.257135
0.250603
0.246073
0.261424
0.254367
0.248468
0.255144
0.248698
0.247193
0.245549
0.233722
0.218351
0.207575
0.189665
0.195116
0.202544
0.204868
0.214859
0.214445
0.218614
0.238529
0.227309
0.219216
0.203488
0.217167
0.192704
0.192464
0.212057
0.220075
0.223014
0.223879
0.224957
0.207065
0.227671
0.224278
0.200907
0.211864
0.226537
0.231496
0.227098
0.228822
0.214373
0.229365
0.236302
0.241314
0.252447
0.25806
0.240182
0.249101
0.266455
0.254284
0.27065
0.27719
0.302689
0.307345
0.36427
0.377948
0.408508
0.463426
0.433069
0.440538
0.360498
0.328066
0.279192
0.24034
0.22102
0.215694
0.265972
0.299356
0.335378
0.408503
0.459518
0.50508
0.513078
0.468402
0.41275
0.334374
0.248343
0.210021
0.19692
0.186611
0.204488
0.205053
0.195666
0.193164
0.213971
0.231395
0.210387
0.215421
0.222413
0.215125
0.216001
0.215249
0.248354
0.238446
0.23475
0.234922
0.246355
0.225851
0.204966
0.187969
0.155655
0.178161
0.174755
0.175303
0.179704
0.156244
0.132753
0.140733
0.144096
0.131287
0.130583
0.151995
0.142867
0.143777
0.151847
0.137235
0.147784
0.146921
0.161785
0.154582
0.173976
0.181719
0.192558
0.184978
0.180929
0.183012
0.198079
0.180421
0.182149
0.187237
0.185337
0.158427
0.193164
0.170873
0.175262
0.178114
0.1819
0.184851
0.175658
0.190835
0.196224
0.201621
0.207796
0.221138
0.220775
0.190122
0.182847
0.186212
0.171468
0.177453
0.165963
0.171254
0.185802
0.185618
0.187471
0.172114
0.181494
0.182274
0.179699
0.1933
0.197906
0.199708
0.192357
0.217731
0.189274
0.219102
0.19201
0.191016
0.191654
0.166536
0.169052
0.155479
0.144178
0.151777
0.13865
0.137785
0.144742
0.151029
0.148495
0.132218
0.145431
0.13868
0.141392
0.158599
0.130367
0.139441
0.139254
0.154273
0.142296
0.130248
0.131024
0.127826
0.122689
0.124507
0.125831
0.115944
0.11733
0.120324
0.0987795
0.101952
0.112913
0.123944
0.130161
0.150739
0.155178
0.16168
0.165504
0.173385
0.167478
0.189252
0.196488
0.196789
0.167724
0.152867
0.146439
0.116681
0.0842331
0.081207
0.0821693
0.098738
0.10075
0.12965
0.140151
0.153786
0.164773
0.176895
0.156669
0.155843
0.125114
0.149666
0.120742
0.150262
0.160685
0.162994
0.180279
0.187239
0.19864
0.190232
0.191415
0.197797
0.186609
0.189707
0.185614
0.178528
0.186753
0.160072
0.139861
0.161625
0.171945
0.152111
0.181005
0.173871
0.178868
0.152035
0.15527
0.162915
0.145221
0.18152
0.172171
0.187496
0.174274
0.172516
0.163732
0.149984
0.123862
0.154883
0.144387
0.149056
0.126367
0.141729
0.129872
0.105486
0.113416
0.113206
0.093066
0.0952826
0.0920053
0.088943
0.0804475
0.0963133
0.0892956
0.0724756
0.0605126
0.0635969
0.0757103
0.0650587
0.0588416
0.0652699
0.0725575
0.0530136
0.054073
0.058384
0.0575869
0.0704831
0.0695847
0.0750332
0.0575262
0.0620158
0.0520532
0.0484544
0.0520036
0.0538471
0.0645369
0.0640477
0.069105
0.0621503
0.0637469
0.0675031
0.0614514
0.0601727
0.0720317
0.0808938
0.0772422
0.080841
0.0771642
0.0827302
0.0726821
0.0942547
0.0817676
0.0849117
0.0670172
0.0673116
0.0733449
0.0596704
0.0565623
0.045787
0.0448692
0.0510471
0.0402678
0.0424934
0.0516117
0.0353479
0.0486771
0.0495795
0.0545104
0.0711633
0.0667116
0.0604784
0.0463769
0.070618
0.0534951
0.0637628
0.0651894
0.0556977
0.0557455
0.0505614
0.0485381
0.0437221
0.0563248
0.0606458
0.0596659
0.0757193
0.0823547
0.106914
0.110777
0.113262
0.131612
0.102401
0.110194
0.125609
0.124697
0.124055
0.12343
0.129455
0.146785
0.127654
0.114117
0.137241
0.124173
0.128966
0.144628
0.147568
0.151645
0.155916
0.175419
0.175441
0.18386
0.206447
0.20096
0.211273
0.222539
0.267488
0.21428
0.266871
0.255156
0.257724
0.228986
0.207421
0.16547
0.141398
0.129229
0.152067
0.176478
0.157634
0.17305
0.156036
0.166823
0.152466
0.167277
0.192366
0.197014
0.182572
0.189405
0.199249
0.170085
0.172168
0.181341
0.18535
0.166501
0.197758
0.213436
0.222023
0.227139
0.232507
0.251641
0.253054
0.206297
0.181657
0.212233
0.18874
0.193451
0.156777
0.154696
0.135694
0.127004
0.104024
0.0982173
0.0834787
0.0633363
0.0647675
0.0507936
0.0351173
0.0328674
0.0167131
0.0151176
0.0158198
0.0139546
0.0103839
0.0116959
0.0172043
0.0172879
0.0108943
0.00822183
0.012325
0.0174266
0.00381066
0.0159805
0.0215264
0.0207162
0.0208747
0.0224393
0.0153279
0.0200011
0.0115867
0.010933
0.00779646
0.00101289
0.000242132
0.00337225
0.00743066
0.001423
0.00292298
1.62966e-05
0.00276727
0
0.00151439
0.00133451
0.00193053
0.0096904
0.00917757
0.00976546
0.0123623
0.0253269
0.0202262
0.0158184
0.0139848
0.00888023
0.00966052
0.00898678
0.00547768
0.0108388
0.0192813
0.0106435
0.0226955
0.011006
0.0122824
0.0157876
0.0112061
0.0129594
0.0160666
0.0194756
0.0258384
0.0344502
0.029916
0.0192142
0.0218475
0.0216012
0.0172879
0.0176754
0.0212876
0.0218569
0.0265715
0.0339995
0.0262754
0.0281077
0.0251574
0.0297711
0.0258294
0.0283406
0.0278475
0.024622
0.0226945
0.0298422
0.0346656
0.0307629
0.0283058
0.0317344
0.0274805
0.0333461
0.0305118
0.0264461
0.0259025
0.0243686
0.0323781
0.0295075
0.0297644
0.0288348
0.026226
0.0260397
0.0259709
0.0292116
0.0265659
0.0235099
0.0246225
0.0317928
0.0348894
0.0386527
0.0430063
0.0499031
0.0618187
0.05892
0.0668521
0.0599469
0.065595
0.0678998
0.0604214
0.0607067
0.0652096
0.0573084
0.0646829
0.0674782
0.0646144
0.0701614
0.0653725
0.078065
0.0699228
0.0715245
0.0823871
0.0921933
0.0917658
0.106538
0.10424
0.102086
0.105223
0.107235
0.111272
0.110172
0.111763
0.1165
0.11015
0.113783
0.107694
0.115237
0.114524
0.10516
0.1162
0.104594
0.108231
0.107521
0.112156
0.112459
0.124995
0.111889
0.134729
0.139198
0.13519
0.121552
0.116306
0.10819
0.102997
0.0997611
0.0976375
0.100311
0.0889771
0.0921263
0.105496
0.090235
0.0967736
0.0914493
0.0980656
0.0897574
0.0934275
0.0884587
0.0856131
0.0927141
0.0891876
0.0938093
0.0823099
0.0772583
0.0842937
0.0865565
0.0889489
0.0877692
0.0778597
0.0597113
0.061423
0.0581831
0.0452535
0.0529298
0.0529728
0.0596658
0.0691112
0.0426502
0.0506334
0.0517818
0.0564114
0.0434371
0.0581554
0.0627741
0.0544231
0.052618
0.0546192
0.0527963
0.0434854
0.0523583
0.0499343
0.0476575
0.0630711
0.0540684
0.0429161
0.0413468
0.0404693
0.0279569
0.0110945
0.0241996
0.0150812
0.014058
0.0171489
0.009795
0.0133434
0.00962831
0.0137657
0.0154142
0.00562994
0.0201425
0.00950003
0.0103207
0.0146167
0.0213654
0.0276496
0.0217263
0.037922
0.0347745
0.0493863
0.0469003
0.0579997
0.051649
0.0418795
0.0511609
0.0401068
0.0299524
0.0301274
0.0370219
0.0263748
0.0349104
0.0208889
0.0193034
0.0223412
0.0167235
0.0211698
0.0223145
0.0220162
0.0223704
0.0151867
0.0104826
0.0128022
0.00769774
0.0126482
0.0149454
0.00906838
0.015812
0.0116914
0.0190304
0.0236538
0.0298558
0.019951
0.0182131
0.0249933
0.0153632
0.0299235
0.0205064
0.013319
0.0212919
0.00747703
0.0115654
0.0118204
0.0100181
0.0121867
0.0145586
0.0181863
0.0112021
0.0205455
0.0154296
0.00941363
0.0171129
0.018691
0.01362
0.0136507
0.0146313
0.021346
0.0168124
0.0292667
0.0412123
0.0310238
0.0446963
0.0287696
0.0203247
0.0267904
0.0250749
0.0320524
0.0237406
0.025474
0.0352916
0.0264708
0.0240613
0.0256042
0.0187878
0.0136151
0.0259529
0.0257864
0.0198407
0.0205509
0.0195727
0.0195551
0.0243271
0.0237393
0.0240788
0.0261952
0.0215297
0.0292355
0.0224906
0.0235815
0.0273216
0.0403678
0.0368547
0.0486534
0.0417315
0.0461099
0.0438215
0.0540865
0.0392767
0.0406201
0.0467114
0.0514861
0.0450188
0.041004
0.0396362
0.0474498
0.0504248
0.0434815
0.0430278
0.0415301
0.0472305
0.0488107
0.0439793
0.0461607
0.0491936
0.0469757
0.0462762
0.0494301
0.0482385
0.0499959
0.0555235
0.0529053
0.055255
0.0698828
0.0653096
0.0852622
0.114943
0.182017
0.372484
0.575599
0.680096
0.696198
0.669343
0.569331
0.358264
0.183733
0.113605
0.0823816
0.075405
0.0747238
0.0755635
0.0713416
0.0724476
0.0687679
0.0684057
0.0780501
0.0647284
0.0747452
0.0704893
0.0699787
0.0663939
0.0657706
0.0720125
0.0684392
0.0661412
0.0723286
0.0721409
0.0700804
0.063604
0.0565892
0.0671599
0.0554758
0.0569853
0.060433
0.0601172
0.0541865
0.0592447
0.0559769
0.0547345
0.0565354
0.0527139
0.0582781
0.0667282
0.06018
0.0599326
0.0671301
0.0600809
0.0586704
0.0635991
0.0678293
0.0644673
0.0689267
0.0673478
0.0675756
0.0671338
0.0718152
0.0698452
0.0669284
0.0667933
0.0682449
0.0692159
0.0658104
0.0730006
0.0761504
0.0680452
0.0714147
0.0703287
0.0636495
0.0548877
0.0665249
0.0576595
0.0593821
0.0642898
0.0607602
0.0548185
0.0514286
0.0703882
0.0612729
0.0644244
0.0657339
0.0584835
0.0619118
0.0542672
0.0583552
0.0628955
0.0644263
0.0634077
0.0647129
0.0646908
0.0651636
0.0636488
0.0738048
0.0623758
0.063334
0.0697048
0.0719993
0.0612054
0.0692068
0.0640115
0.0736563
0.0766606
0.0719365
0.0642398
0.0752849
0.0590112
0.088436
0.0776303
0.0736385
0.0809326
0.0684313
0.0788022
0.0811847
0.0751832
0.0798118
0.0862222
0.0908087
0.099186
0.103524
0.0880609
0.0954243
0.0887465
0.0950921
0.0976442
0.0927832
0.0938448
0.0951309
0.0864095
0.080782
0.09146
0.09293
0.097239
0.0879382
0.0819754
0.0924136
0.0965345
0.0951913
0.0787016
0.107663
0.0811071
0.0981409
0.0714069
0.0844156
0.0718408
0.10918
0.0866745
0.101008
0.0926404
0.103211
0.111212
0.0923807
0.0772175
0.100644
0.108237
0.0791365
0.11112
0.10191
0.105499
0.105188
0.0969525
0.0833997
0.119513
0.108482
0.108793
0.125181
0.115012
0.124501
0.115521
0.114729
0.116045
0.136336
0.107981
0.137169
0.129191
0.166255
0.152412
0.143434
0.151077
0.143866
0.122208
0.130299
0.137998
0.129433
0.109967
0.134889
0.14318
0.146419
0.119162
0.143594
0.0937124
0.122179
0.110112
0.120711
0.0830275
0.113086
0.135522
0.114482
0.0870171
0.114773
0.113086
0.091289
0.0810651
0.089949
0.111777
0.0992996
0.104306
0.0929568
0.101146
0.0891489
0.0945888
0.0987853
0.0982467
0.0987253
0.134145
0.0986015
0.110822
0.0874374
0.108374
0.126309
0.133206
0.119639
0.122618
0.15176
0.133966
0.129036
0.103657
0.0980595
0.0646071
0.0738227
0.0851845
0.0858971
0.0738875
0.0838666
0.0803602
0.0571885
0.0884108
0.0701805
0.0745347
0.0891205
0.081041
0.0876978
0.0895184
0.0894755
0.0932666
0.0998773
0.10711
0.120948
0.131959
0.132325
0.132701
0.155375
0.157149
0.183601
0.184356
0.179314
0.224542
0.234929
0.247473
0.240427
0.231021
0.198801
0.125458
0.0977803
0.0858356
0.0680333
0.0729623
0.0621162
0.0588561
0.0570695
0.0808259
0.0883237
0.05245
0.0653197
0.0731616
0.0823771
0.0631203
0.0628711
0.0584677
0.0718621
0.0698836
0.0629634
0.0603708
0.066909
0.0675184
0.0810061
0.0706073
0.0563667
0.0729835
0.0641801
0.0707319
0.0652201
0.0619705
0.0626894
0.0673427
0.0799287
0.0665527
0.0662191
0.0603807
0.0629097
0.0630123
0.0638568
0.0760758
0.0703156
0.0704433
0.0674968
0.0790055
0.0702979
0.0680994
0.0726188
0.0716716
0.0679464
0.0654319
0.0811661
0.0636094
0.0665798
0.0705384
0.0616177
0.0711776
0.0743153
0.0572465
0.0670207
0.0596145
0.0743392
0.0634374
0.066763
0.0611662
0.0584602
0.0569499
0.0566794
0.0598691
0.0546574
0.0489704
0.0542378
0.0619805
0.0572122
0.0642803
0.0537235
0.0658276
0.0617831
0.0647752
0.0646933
0.0637909
0.062573
0.054071
0.0586408
0.0557695
0.0645187
0.0618536
0.0570312
0.0627438
0.0590026
0.0605724
0.064231
0.0635337
0.0662773
0.0665288
0.0684542
0.0770338
0.0756465
0.0668076
0.0667918
0.0841041
0.0757885
0.08227
0.0890723
0.0764066
0.0852016
0.083757
0.0912925
0.102445
0.102797
0.109262
0.118766
0.114222
0.115932
0.114388
0.103533
0.0747228
0.0728298
0.0581248
0.0606279
0.0577728
0.0507601
0.0518574
0.0643993
0.0572586
0.0524778
0.0606273
0.0618986
0.0578972
0.0613296
0.0581527
0.0582177
0.060583
0.0639107
0.0644836
0.0713052
0.0738308
0.0796012
0.0715875
0.076416
0.0858997
0.093665
0.095467
0.0976784
0.104055
0.108797
0.120768
0.119742
0.136164
0.152955
0.154092
0.167293
0.168583
0.168687
0.159985
0.148662
0.137896
0.12791
0.110965
0.0991866
0.0970859
0.0870314
0.0903913
0.0837091
0.0843385
0.076509
0.08597
0.0740318
0.0790569
0.089839
0.084398
0.0885031
0.094104
0.0898557
0.10337
0.0881469
0.0943388
0.0963455
0.109883
0.106489
0.113644
0.116315
0.115534
0.127892
0.131044
0.129278
0.130862
0.142064
0.149185
0.156231
0.155557
0.170356
0.189576
0.199992
0.203199
0.199542
0.192662
0.181173
0.182156
0.14608
0.145474
0.131751
0.115487
0.106924
0.103596
0.0987603
0.104316
0.0973919
0.104231
0.0994465
0.100648
0.0958118
0.0948579
0.109859
0.0876429
0.079748
0.0887572
0.0877282
0.0704576
0.088763
0.0908802
0.0811028
0.0752834
0.0730007
0.0624445
0.0736546
0.0823779
0.0767809
0.0849171
0.0744413
0.0908353
0.0795551
0.0803706
0.0838898
0.075945
0.0898443
0.0766943
0.0835179
0.0895001
0.08433
0.0820888
0.0785517
0.082853
0.0841324
0.0856347
0.0754469
0.0820682
0.0816855
0.084426
0.0904966
0.0954573
0.0904957
0.0937001
0.0856581
0.0890972
0.0854069
0.0934024
0.0900056
0.0932461
0.092749
0.0932854
0.0948285
0.0916182
0.0992678
0.0926378
0.0835957
0.0819823
0.0881335
0.0837826
0.0822224
0.08182
0.0800327
0.0893612
0.0853281
0.0950959
0.0914116
0.0938809
0.108803
0.114654
0.123879
0.130685
0.132532
0.151439
0.156866
0.151141
0.151149
0.160389
0.148965
0.18385
0.173442
0.182958
0.202558
0.192292
0.182241
0.172156
0.14881
0.160029
0.143561
0.141539
0.123418
0.13802
0.108456
0.0891166
0.116124
0.135135
0.118387
0.124493
0.132724
0.141453
0.132554
0.15031
0.160574
0.160831
0.165311
0.168259
0.155432
0.178449
0.165874
0.15496
0.149673
0.159447
0.162051
0.168748
0.155017
0.14078
0.141003
0.149037
0.149012
0.128224
0.0995892
0.0831636
0.142572
0.165066
0.135875
0.171748
0.165141
0.16843
0.15565
0.160802
0.177225
0.125908
0.17496
0.167301
0.190184
0.17409
0.179384
0.181128
0.171844
0.189121
0.18953
0.185279
0.197806
0.205263
0.217177
0.21879
0.201084
0.229829
0.231152
0.224067
0.228063
0.233137
0.243238
0.239736
0.252738
0.255556
0.243959
0.246001
0.227668
0.24198
0.225473
0.219423
0.226825
0.189185
0.193593
0.165511
0.145143
0.165228
0.163546
0.141987
0.146217
0.12411
0.121467
0.0994516
0.126688
0.100833
0.127202
0.12514
0.146838
0.1331
0.145534
0.138709
0.125799
0.143027
0.146363
0.161319
0.133608
0.17033
0.17429
0.20277
0.187387
0.183054
0.206355
0.190124
0.211729
0.223256
0.230222
0.225122
0.22493
0.260499
0.255069
0.258589
0.256741
0.235277
0.279956
0.27393
0.290963
0.320952
0.315759
0.296447
0.295393
0.30613
0.310924
0.305657
0.309996
0.283793
0.264122
0.280622
0.245263
0.219051
0.216601
0.22667
0.18341
0.154251
0.128886
0.163351
0.110175
0.0931561
0.0919638
0.125317
0.0991965
0.148542
0.0997805
0.105061
0.10313
0.134321
0.0803432
0.089079
0.0956452
0.114582
0.117451
0.096464
0.108294
0.0958316
0.10283
0.0875156
0.105809
0.107371
0.119015
0.0948623
0.160203
0.0957135
0.121285
0.148914
0.166497
0.108683
0.127257
0.10544
0.137873
0.109417
0.0764754
0.184522
0.117066
0.144373
0.118093
0.150952
0.116408
0.133738
0.157412
0.16765
0.125816
0.159165
0.15598
0.114761
0.134998
0.137079
0.135176
0.124206
0.106664
0.151452
0.159572
0.140727
0.114882
0.145596
0.110462
0.145214
0.145859
0.131098
0.125027
0.149727
0.138265
0.155602
0.108819
0.151955
0.126161
0.126257
0.125474
0.0863675
0.170885
0.111256
0.151861
0.0809155
0.0958305
0.0700651
0.118393
0.100356
0.100638
0.0688002
0.132387
0.106929
0.139842
0.110105
0.108144
0.101008
0.0912578
0.111631
0.0909287
0.124739
0.154664
0.117091
0.156939
0.105952
0.108657
0.100997
0.107227
0.156057
0.153256
0.169238
0.159187
0.138281
0.142307
0.132156
0.162332
0.178701
0.146348
0.147668
0.171302
0.177148
0.146275
0.167314
0.149279
0.167631
0.163303
0.143928
0.16359
0.159886
0.204619
0.156269
0.156404
0.145335
0.136417
0.166829
0.153897
0.0998457
0.0979465
0.0893083
0.0974101
0.0877682
0.0858195
0.0772347
0.0551059
0.0709489
