0.143259
0.140143
0.150963
0.142992
0.143118
0.143794
0.161353
0.157025
0.156532
0.163089
0.169966
0.169562
0.177351
0.178026
0.182526
0.18675
0.186107
0.18555
0.184528
0.182415
0.186539
0.190818
0.186356
0.187499
0.191616
0.200779
0.20389
0.211266
0.212211
0.220017
0.222259
0.224155
0.229689
0.229416
0.232431
0.235802
0.238171
0.239391
0.236008
0.228586
0.221737
0.220331
0.225413
0.231392
0.240579
0.245718
0.248601
0.258606
0.257841
0.25957
0.255145
0.240181
0.229049
0.226239
0.227253
0.227678
0.244976
0.273825
0.272876
0.264089
0.239034
0.217408
0.187364
0.153751
0.149433
0.146505
0.1364
0.134936
0.126422
0.12897
0.12262
0.126323
0.125559
0.119443
0.122485
0.114519
0.12074
0.116167
0.117408
0.126987
0.133386
0.125014
0.131817
0.129678
0.125399
0.135495
0.140043
0.142935
0.145051
0.149397
0.153609
0.161394
0.164508
0.173612
0.185096
0.195483
0.212773
0.214689
0.221243
0.228025
0.235342
0.233979
0.226528
0.218759
0.194909
0.186298
0.181766
0.183779
0.187447
0.18415
0.189031
0.193816
0.190985
0.193632
0.195097
0.195954
0.193564
0.174859
0.174
0.164695
0.178157
0.181616
0.184357
0.181625
0.194102
0.194158
0.204758
0.212241
0.210962
0.21538
0.221746
0.224985
0.226913
0.227889
0.227574
0.227513
0.234421
0.235113
0.23285
0.226469
0.21755
0.203777
0.179437
0.194802
0.19815
0.192915
0.208777
0.204575
0.211136
0.227029
0.224378
0.238954
0.247864
0.248618
0.252339
0.257101
0.257062
0.260358
0.266662
0.263179
0.267184
0.269621
0.267431
0.259403
0.2399
0.201191
0.162153
0.134518
0.129639
0.125082
0.12625
0.118026
0.117859
0.122131
0.124159
0.124879
0.130869
0.135243
0.131938
0.140093
0.138922
0.136044
0.14034
0.134309
0.138695
0.138471
0.134873
0.136381
0.132372
0.142616
0.135682
0.138114
0.141167
0.141875
0.142386
0.143451
0.145837
0.139008
0.139499
0.132684
0.122953
0.11644
0.10771
0.123933
0.114916
0.109203
0.115218
0.118837
0.13201
0.146493
0.148354
0.152733
0.156083
0.161429
0.162228
0.168484
0.17335
0.170369
0.175948
0.177524
0.186914
0.18438
0.17445
0.163301
0.152422
0.141166
0.139703
0.132438
0.132766
0.136226
0.142542
0.142429
0.149003
0.149906
0.159289
0.167474
0.181725
0.187535
0.181857
0.190212
0.196452
0.201092
0.211658
0.21439
0.22242
0.223693
0.224466
0.230421
0.233752
0.238733
0.238162
0.242335
0.244024
0.238629
0.237568
0.217479
0.19171
0.16496
0.142676
0.152298
0.141107
0.149704
0.14885
0.148329
0.14745
0.166927
0.167441
0.166136
0.179489
0.188333
0.184899
0.193388
0.199631
0.217432
0.210671
0.213401
0.218261
0.223128
0.218093
0.213158
0.211846
0.189006
0.173809
0.157392
0.135192
0.13671
0.130544
0.134243
0.140843
0.124134
0.133139
0.141794
0.14621
0.14202
0.153903
0.14722
0.152957
0.154254
0.15051
0.1431
0.135193
0.138457
0.141108
0.137189
0.132887
0.130655
0.138729
0.132764
0.140656
0.144564
0.144276
0.147416
0.151784
0.145412
0.124138
0.124686
0.115402
0.119047
0.107942
0.103322
0.115079
0.118584
0.110867
0.112909
0.12188
0.118835
0.109938
0.130641
0.12998
0.131484
0.127316
0.128601
0.135241
0.148738
0.157092
0.150136
0.160703
0.155693
0.165945
0.172259
0.17602
0.174229
0.1668
0.16863
0.157132
0.137228
0.128137
0.136029
0.132804
0.136455
0.120212
0.12495
0.111636
0.121741
0.133933
0.13024
0.137499
0.134211
0.136827
0.14359
0.137769
0.136425
0.140852
0.144696
0.138265
0.162341
0.149082
0.154832
0.163786
0.17583
0.177309
0.187385
0.193428
0.199042
0.207028
0.199704
0.200907
0.203376
0.175348
0.165064
0.130972
0.128668
0.118133
0.107574
0.121912
0.106761
0.116393
0.134929
0.133275
0.124918
0.136256
0.123604
0.127363
0.11843
0.106203
0.130971
0.122753
0.13235
0.126636
0.137317
0.131854
0.134372
0.123198
0.139666
0.133359
0.141681
0.138749
0.152623
0.16217
0.176707
0.185532
0.199733
0.21351
0.230784
0.21624
0.208508
0.200064
0.182375
0.176095
0.165042
0.149124
0.163355
0.163747
0.179516
0.169469
0.182507
0.164977
0.17445
0.172572
0.17363
0.171922
0.176094
0.175532
0.182236
0.175803
0.164534
0.16192
0.14713
0.151087
0.16175
0.158236
0.157633
0.138928
0.149508
0.160369
0.142488
0.149149
0.147874
0.150765
0.138557
0.133637
0.13528
0.144401
0.147425
0.15014
0.14615
0.156692
0.16148
0.150854
0.149576
0.148259
0.152481
0.173652
0.156427
0.164785
0.157548
0.152487
0.165672
0.157392
0.175022
0.1829
0.168153
0.175175
0.186268
0.185563
0.191567
0.196151
0.206014
0.208371
0.232115
0.24261
0.254052
0.286783
0.25897
0.253796
0.210028
0.21654
0.182233
0.144577
0.144425
0.152202
0.188819
0.219862
0.272607
0.338078
0.374576
0.401655
0.41564
0.379284
0.315598
0.255655
0.19084
0.14967
0.137062
0.131119
0.128799
0.144925
0.137967
0.126413
0.148849
0.162528
0.144232
0.160529
0.150315
0.159765
0.144747
0.157049
0.162249
0.164617
0.169227
0.160758
0.16507
0.152299
0.150125
0.132308
0.119517
0.116531
0.116413
0.114668
0.122019
0.128517
0.113766
0.123256
0.119306
0.093388
0.105615
0.11212
0.106508
0.124091
0.114077
0.113508
0.126472
0.124513
0.127114
0.120795
0.125667
0.131006
0.13357
0.12808
0.141196
0.13426
0.126215
0.122428
0.129407
0.140338
0.128942
0.101455
0.134205
0.143606
0.124278
0.127854
0.136156
0.134861
0.117428
0.133968
0.127236
0.136497
0.155613
0.149898
0.149119
0.134646
0.139402
0.117914
0.132274
0.122855
0.129288
0.126087
0.145527
0.125715
0.14071
0.131275
0.131237
0.134593
0.127849
0.147705
0.154667
0.150162
0.149152
0.146025
0.12978
0.154364
0.126959
0.134835
0.138754
0.121005
0.10881
0.0934453
0.111944
0.12674
0.114876
0.0797986
0.0968211
0.103771
0.0899413
0.103945
0.114092
0.0935488
0.105251
0.102307
0.105192
0.0990551
0.0952378
0.108703
0.116056
0.10214
0.099
0.0931531
0.100806
0.0976873
0.106256
0.0942623
0.0876522
0.0888738
0.0840196
0.0774028
0.0813078
0.0961864
0.0940399
0.10534
0.115436
0.115244
0.11632
0.094516
0.112802
0.116624
0.140116
0.12883
0.107261
0.0884751
0.0996485
0.0787588
0.0583444
0.0622247
0.071885
0.0784534
0.0943352
0.08549
0.0917344
0.109139
0.137655
0.129684
0.103406
0.114646
0.0920348
0.121694
0.0843534
0.114296
0.0934285
0.112663
0.105359
0.13863
0.143875
0.125165
0.129307
0.122231
0.125288
0.128471
0.135869
0.112522
0.140329
0.125496
0.0955123
0.109885
0.125893
0.101908
0.134115
0.101327
0.126046
0.116716
0.123996
0.123588
0.112538
0.128306
0.117817
0.125441
0.121086
0.110267
0.126
0.119905
0.103382
0.126821
0.101449
0.107916
0.0829462
0.111061
0.0986361
0.0802822
0.0825683
0.101408
0.0710816
0.0752413
0.0581274
0.066313
0.0603325
0.0696868
0.0704789
0.0595158
0.0543478
0.0414738
0.0539637
0.0695496
0.0376655
0.0619683
0.0546333
0.0472628
0.0507869
0.0507413
0.0441312
0.0547674
0.0526248
0.0642655
0.033518
0.0369744
0.0471521
0.0474467
0.0400511
0.0409949
0.050696
0.0460378
0.0551545
0.0606509
0.039426
0.0576423
0.050317
0.0504491
0.0584298
0.0605179
0.0670062
0.0573911
0.0664168
0.0641353
0.0612145
0.0715339
0.0614423
0.0516663
0.0561543
0.0494405
0.0683961
0.0507261
0.0535098
0.0374332
0.0337132
0.0354086
0.0453623
0.0358737
0.046768
0.0195231
0.0483505
0.0351112
0.05468
0.0519591
0.0572079
0.0406587
0.0356126
0.058887
0.0427654
0.0594192
0.0483807
0.0469032
0.0585358
0.0295277
0.0294978
0.0414695
0.0601708
0.0514415
0.0506786
0.0502445
0.0647234
0.0902818
0.0791724
0.0915255
0.0886894
0.0795151
0.0803772
0.0813252
0.0819934
0.0842244
0.0896174
0.0885222
0.0929141
0.0940822
0.0864569
0.107369
0.0765859
0.0915381
0.100478
0.098804
0.0916637
0.120281
0.12241
0.111068
0.11818
0.11786
0.122204
0.133741
0.150342
0.158593
0.137291
0.141901
0.180227
0.162247
0.134827
0.138111
0.113111
0.0995479
0.090672
0.106036
0.11223
0.120018
0.114657
0.107505
0.0947197
0.0885158
0.0975925
0.138404
0.13342
0.144181
0.131663
0.145111
0.124553
0.131175
0.124227
0.108163
0.0921367
0.12455
0.137785
0.1492
0.159595
0.139054
0.160386
0.165474
0.1127
0.139411
0.126009
0.125257
0.129045
0.111912
0.122181
0.0960199
0.103226
0.0766325
0.0748623
0.0701874
0.0350403
0.0427555
0.0375161
0.0381334
0.0341546
0.0133097
0.0209493
0.0192049
0.0152809
0.0212301
0.0230085
0.0222721
0.0262177
0.0202704
0.0201756
0.0275529
0.0291132
0.0102325
0.0203241
0.0238342
0.0265072
0.0242261
0.0216908
0.0225525
0.0187835
0.0213793
0.0138275
0.0185115
0.00824159
0.00621277
0.00712802
0.0149541
0.0133926
0.00805218
0.00703326
0.00350693
0.0134746
0.015989
0
0.00871792
0.015975
0.0170232
0.0204791
0.0315684
0.0159187
0.0186771
0.0152277
0.0103986
0.00883353
0.0187442
0.0135971
0.00929201
0.0143285
0.0190621
0.0155389
0.0215553
0.0189235
0.0184228
0.0196359
0.0127081
0.0231505
0.0200965
0.0186314
0.0252534
0.0233011
0.0284982
0.0221937
0.0240949
0.0254391
0.0212205
0.018827
0.0206866
0.0213545
0.0199871
0.0286779
0.0248158
0.0228397
0.0216226
0.0273787
0.0228012
0.0264923
0.0216736
0.0244473
0.0236502
0.0215096
0.035452
0.0295362
0.0263519
0.0251041
0.0179622
0.0242584
0.0249809
0.0154377
0.022373
0.0208753
0.0304242
0.0282155
0.0211965
0.0237062
0.0214078
0.0265275
0.0245687
0.0195228
0.0164815
0.0244367
0.01939
0.0303027
0.0231722
0.0274294
0.034643
0.0462006
0.0439805
0.045978
0.0439156
0.0362157
0.0425017
0.0504237
0.0392485
0.0382459
0.0442862
0.0412636
0.0468115
0.0487106
0.046488
0.0570343
0.0412943
0.0528396
0.0500033
0.0534884
0.0536925
0.0554609
0.0617793
0.065496
0.0663442
0.0721234
0.0656993
0.0612008
0.0732285
0.0746893
0.0771482
0.0764131
0.0760297
0.0781009
0.0694471
0.0786052
0.0720822
0.0696964
0.0653403
0.0702225
0.0742185
0.0708012
0.0725422
0.0688761
0.08472
0.0764837
0.0770916
0.0877176
0.103839
0.0838774
0.0703756
0.0773062
0.0632329
0.0721376
0.0572515
0.0773789
0.0719042
0.0626613
0.0754595
0.0712593
0.0625977
0.0628676
0.0792691
0.0637078
0.0650041
0.0691809
0.0603713
0.0572891
0.0701743
0.0713869
0.0495878
0.0576911
0.0637211
0.0630361
0.053484
0.0586635
0.0654971
0.0628032
0.0534169
0.061498
0.0406236
0.0381813
0.0516861
0.0467994
0.048002
0.0403158
0.0291322
0.0359446
0.042827
0.037641
0.0506747
0.0409904
0.0307318
0.0397556
0.0321821
0.0474493
0.0320233
0.0463382
0.048204
0.0397695
0.0553923
0.0370547
0.0300926
0.033329
0.0341791
0.0273176
0.0217274
0.0396779
0.0220221
0.0273395
0.0218553
0.0152242
0.0152489
0.0155499
0.0232957
0.0225086
0.0157115
0.0229174
0.0167292
0.0127568
0.00101717
0.0155755
0.0354687
0.0314187
0.0246433
0.036507
0.0296138
0.0428558
0.0453386
0.0314097
0.0401255
0.0377843
0.0325037
0.0224224
0.019745
0.0385975
0.0266253
0.0228255
0.0257336
0.0202155
0.0236357
0.0115497
0.0156985
0.0251491
0.0250211
0.0199992
0.0174994
0.0143386
0.0177857
0.028438
0.0179821
0.0221206
0.01427
0.0277842
0.0158606
0.021485
0.0248297
0.0189637
0.0175987
0.0184815
0.0260356
0.0258019
0.02294
0.0118657
0.0197881
0.0216261
0.0184109
0.0167225
0.016853
0.0151926
0.0227142
0.023636
0.0203992
0.0153521
0.0219312
0.0136001
0.0169312
0.0191318
0.0158189
0.0165719
0.0210579
0.0180553
0.0245272
0.0235281
0.0263557
0.0270307
0.0269038
0.0342041
0.0286817
0.0182336
0.0243034
0.0270756
0.0317159
0.0254267
0.0173848
0.0343328
0.0201414
0.0115965
0.023605
0.0222491
0.0130912
0.017181
0.0171743
0.0173987
0.0152978
0.0180049
0.0145798
0.021966
0.0180104
0.0144404
0.0224421
0.0178782
0.026456
0.029716
0.0192036
0.0259662
0.036076
0.0224656
0.0381637
0.0310053
0.0345768
0.0332691
0.0295422
0.0331011
0.0305733
0.0436538
0.0437518
0.0383959
0.0336309
0.037017
0.0349481
0.0372959
0.0321129
0.0391764
0.0289881
0.0357594
0.0405029
0.0353424
0.0373492
0.0344705
0.0319977
0.0373717
0.0355916
0.0362429
0.0334573
0.0367528
0.0446529
0.0419821
0.0513117
0.0511186
0.0625647
0.0869049
0.145344
0.300589
0.479029
0.56203
0.5791
0.563774
0.477338
0.291886
0.146881
0.0867493
0.0702929
0.0533624
0.0523285
0.0573683
0.0481491
0.0528562
0.05019
0.0428453
0.0503423
0.0460987
0.0534976
0.046631
0.0423371
0.0422968
0.0467461
0.0463716
0.0475216
0.0502296
0.04832
0.0430193
0.0473396
0.0440722
0.03509
0.0487125
0.0500473
0.0435353
0.0524556
0.0347422
0.0391069
0.0488903
0.0419887
0.0419545
0.0448102
0.0429245
0.0408784
0.0499593
0.04739
0.0411079
0.0470934
0.0461179
0.0434518
0.0443296
0.0486009
0.0523462
0.048175
0.0414332
0.0385309
0.0416249
0.0446651
0.0523668
0.0450434
0.0458172
0.0504193
0.048195
0.0476288
0.0486291
0.059514
0.0497898
0.0539519
0.0474136
0.0479249
0.0439756
0.0510295
0.0396418
0.0449679
0.052064
0.0456942
0.0454832
0.0321328
0.0501694
0.0472159
0.0389024
0.0451435
0.0437505
0.0469874
0.0369414
0.0357583
0.045464
0.0436544
0.0502
0.0468399
0.0442506
0.0502918
0.0393799
0.0492538
0.0457791
0.0478114
0.0452025
0.0467407
0.0418215
0.0495232
0.0490394
0.0553305
0.0477042
0.047425
0.0528697
0.0573053
0.0475248
0.0677865
0.060375
0.0553324
0.0674605
0.0419921
0.0573128
0.0587418
0.0590676
0.0597838
0.0637242
0.0612817
0.0571094
0.0654412
0.0537421
0.0755321
0.06677
0.0655809
0.0680355
0.0745212
0.0605829
0.0637497
0.0552064
0.0614573
0.0672527
0.0591546
0.0619059
0.0615009
0.0529837
0.0632395
0.0625893
0.0571637
0.0647638
0.0642507
0.0667084
0.0625987
0.062339
0.0469506
0.035393
0.0743349
0.0515501
0.0607379
0.0441188
0.0824443
0.0410452
0.063877
0.0673145
0.0785105
0.0691961
0.0701582
0.0752136
0.0899445
0.0924653
0.0872767
0.0762304
0.0539944
0.0795903
0.0776947
0.0803955
0.119301
0.102362
0.107154
0.0884642
0.0740694
0.0721145
0.0911865
0.0823899
0.07969
0.0979646
0.131522
0.108275
0.0989823
0.102814
0.12188
0.0995983
0.0958989
0.0882141
0.0781068
0.0774375
0.109871
0.0996222
0.101061
0.080097
0.0910504
0.098566
0.109674
0.0735448
0.0816048
0.0761161
0.0877473
0.0856847
0.0999128
0.0707867
0.0954571
0.0986028
0.0869126
0.0524197
0.0743285
0.0713505
0.0850492
0.088681
0.0772155
0.0901078
0.0579699
0.0539437
0.0697478
0.0812007
0.0608946
0.0906096
0.0825944
0.0872813
0.0883759
0.0807921
0.0963261
0.104311
0.0981426
0.111496
0.116425
0.0873725
0.120888
0.0873192
0.0683178
0.0526426
0.0478333
0.0674585
0.0892009
0.0593738
0.05935
0.0649499
0.0571774
0.0628794
0.0528369
0.0449341
0.0499418
0.0587821
0.0838796
0.0600212
0.0741429
0.0693318
0.0609587
0.0751049
0.0815662
0.0868517
0.0891568
0.105916
0.105746
0.0991377
0.126655
0.122632
0.121813
0.160266
0.164235
0.163104
0.154
0.158369
0.136938
0.0800549
0.0621212
0.0511924
0.0539831
0.0487373
0.0553839
0.0580885
0.054292
0.0495298
0.0666966
0.0526005
0.048951
0.0599598
0.0549306
0.0497594
0.039656
0.0339266
0.0534438
0.0487663
0.0457581
0.0391693
0.0474012
0.0563677
0.0569608
0.0587053
0.0469982
0.057138
0.0421378
0.0425823
0.0500555
0.0386185
0.0433555
0.0420939
0.056242
0.0472611
0.0464
0.0402522
0.0435673
0.0433544
0.0431429
0.0487425
0.0508005
0.0455703
0.0470223
0.05606
0.0455068
0.0505937
0.0484619
0.0540854
0.0508522
0.0527924
0.056336
0.0423349
0.0445022
0.0468448
0.0519452
0.0540734
0.0457085
0.0591549
0.0431123
0.0382408
0.0457633
0.0397538
0.0477696
0.0607612
0.0420775
0.0491958
0.0362962
0.0506135
0.0413984
0.0415569
0.0373734
0.0584896
0.0477698
0.0491554
0.0451733
0.0460238
0.0433336
0.0454636
0.0484941
0.0492911
0.0514806
0.0376882
0.0423261
0.0378829
0.0464349
0.0401887
0.0423137
0.045023
0.0433578
0.0472132
0.0468429
0.0515297
0.0445069
0.0479065
0.0483888
0.0487137
0.0474749
0.0537436
0.0534467
0.0542499
0.0574392
0.0673696
0.066361
0.0516255
0.0652991
0.0659731
0.0691413
0.074305
0.0770272
0.0919616
0.0940181
0.091283
0.0894518
0.0833293
0.0877177
0.0624023
0.0606394
0.04852
0.0462476
0.0436763
0.0373885
0.0426591
0.0491191
0.04411
0.0404103
0.0437583
0.0441128
0.0419428
0.0381525
0.0432582
0.0383967
0.0423134
0.0461966
0.0409064
0.0517475
0.0500469
0.0524432
0.0510367
0.0530487
0.056465
0.060606
0.0626123
0.0735023
0.0801762
0.0793332
0.0789366
0.0845443
0.0986826
0.109549
0.11605
0.11873
0.118948
0.125422
0.116253
0.110292
0.0963692
0.0900572
0.0922084
0.0819413
0.0727091
0.050783
0.0686436
0.0556016
0.0660073
0.0449748
0.0656153
0.0555946
0.0565629
0.0693433
0.057658
0.0603236
0.0720474
0.0617056
0.067986
0.0623616
0.0622433
0.0620987
0.0717187
0.068931
0.0713091
0.0823136
0.0777887
0.0840704
0.0877373
0.0911603
0.0915391
0.0972635
0.105727
0.106284
0.100528
0.111585
0.1194
0.132477
0.136764
0.126078
0.129951
0.119502
0.120824
0.0931912
0.0954899
0.0805858
0.0758447
0.0682124
0.0643246
0.0699675
0.0655964
0.0678532
0.0824237
0.0710007
0.0690616
0.0754845
0.0653351
0.0716683
0.0651317
0.0639328
0.0645373
0.0707518
0.0523325
0.0709662
0.0661384
0.0700814
0.0570733
0.0575735
0.0491101
0.0648139
0.0625207
0.0508461
0.0582707
0.0536148
0.059241
0.0556887
0.0644869
0.0580155
0.0574035
0.051666
0.0538777
0.0561526
0.0551709
0.0566873
0.060865
0.0588784
0.0439165
0.0553349
0.0592483
0.0473098
0.0591349
0.0531347
0.0581623
0.0568047
0.0561749
0.0551387
0.0610437
0.0531877
0.0576459
0.051448
0.0632233
0.0557045
0.0583358
0.0585615
0.0591648
0.061533
0.0689747
0.0678961
0.0706172
0.0712859
0.0763405
0.0840763
0.0795749
0.0744457
0.0687071
0.0867586
0.0891518
0.0791362
0.0823436
0.081005
0.0885173
0.0943416
0.106682
0.094224
0.099153
0.101298
0.115569
0.103803
0.0955309
0.104234
0.118451
0.104001
0.134628
0.121294
0.1338
0.136742
0.126172
0.118909
0.138823
0.0985779
0.110218
0.096365
0.118098
0.0951167
0.0996339
0.0820467
0.0946786
0.0952884
0.108571
0.0938212
0.100486
0.108076
0.109841
0.10015
0.129777
0.114059
0.117164
0.119827
0.139467
0.129206
0.136457
0.129767
0.125953
0.121713
0.124225
0.118614
0.137476
0.126559
0.113193
0.110745
0.112919
0.0923788
0.103818
0.100196
0.0601414
0.109079
0.122857
0.122569
0.154921
0.102624
0.122017
0.137665
0.1294
0.12401
0.114556
0.149943
0.150245
0.151422
0.153929
0.132289
0.12588
0.127765
0.14781
0.152583
0.141169
0.140703
0.142764
0.172222
0.163433
0.142868
0.169174
0.178571
0.173226
0.164694
0.145115
0.191456
0.178991
0.18086
0.176959
0.177051
0.177282
0.157242
0.170524
0.16509
0.160031
0.162831
0.152026
0.164666
0.133615
0.0953602
0.141795
0.120737
0.125091
0.119655
0.09849
0.0992775
0.0656966
0.110095
0.0980379
0.122364
0.0974386
0.112958
0.100896
0.117914
0.0982943
0.101431
0.119647
0.120281
0.102027
0.131485
0.13183
0.166022
0.136166
0.12629
0.139444
0.150577
0.166069
0.143919
0.149389
0.182692
0.159849
0.146176
0.187683
0.185399
0.205906
0.189272
0.161975
0.181617
0.201885
0.208282
0.227446
0.21556
0.219738
0.203712
0.210034
0.22693
0.213764
0.223151
0.212768
0.178303
0.194258
0.178265
0.142943
0.17717
0.175118
0.163835
0.132799
0.0944114
0.118493
0.105759
0.0863215
0.113615
0.0969192
0.0949752
0.115634
0.0721955
0.119279
0.0746815
0.118608
0.11622
0.098947
0.106889
0.115532
0.133144
0.103956
0.0958828
0.0669183
0.11822
0.108941
0.123459
0.0794433
0.0932689
0.070206
0.0932074
0.106756
0.129069
0.149668
0.134971
0.0951189
0.0932531
0.10491
0.119197
0.0764481
0.048636
0.197621
0.127172
0.0980046
0.101513
0.118923
0.141251
0.142816
0.148571
0.125325
0.141375
0.143398
0.10358
0.0820715
0.11854
0.124175
0.127066
0.0741187
0.119183
0.15014
0.112917
0.130001
0.106735
0.150651
0.113677
0.136532
0.0976687
0.124814
0.117005
0.148095
0.132856
0.162469
0.114663
0.113527
0.104859
0.124213
0.131328
0.100854
0.0661094
0.157656
0.129326
0.0779056
0.116686
0.105632
0.0674696
0.137582
0.0930749
0.0906939
0.0843103
0.0905709
0.129011
0.111356
0.106641
0.141751
0.0973495
0.0865089
0.0957446
0.10815
0.171638
0.0926298
0.110876
0.0881548
0.11338
0.120495
0.15526
0.142882
0.157374
0.145943
0.112997
0.107345
0.129862
0.0945331
0.129465
0.162055
0.163324
0.144372
0.146723
0.152517
0.131433
0.151604
0.173339
0.142294
0.146271
0.130528
0.174175
0.118408
0.100293
0.145783
0.157912
0.131992
0.0946932
0.140918
0.105479
0.106615
0.0911714
0.0758706
0.0983119
0.081084
0.104743
0.0805315
0.0885407
0.061824
