0.0599679
0.0530229
0.0563456
0.0599733
0.0607837
0.057638
0.0556064
0.073615
0.0648289
0.062791
0.0615597
0.0694199
0.0638209
0.0697678
0.0663299
0.062755
0.0662045
0.0674366
0.0654325
0.0623622
0.0611103
0.0550789
0.0653048
0.0703204
0.0664517
0.0689897
0.0701049
0.0659805
0.0728566
0.0683917
0.0709833
0.0726648
0.0710713
0.0722468
0.0709472
0.0671748
0.0640258
0.0643044
0.0636698
0.0620517
0.0563124
0.0593498
0.0634775
0.0659714
0.0602757
0.0708512
0.0643128
0.0716465
0.0714212
0.0712435
0.07578
0.0753924
0.0772449
0.0781139
0.0782766
0.0775208
0.071995
0.0666718
0.0654878
0.0575923
0.0483547
0.0539697
0.0593512
0.052164
0.0460857
0.0507238
0.0497629
0.0531737
0.0636972
0.0512193
0.0546478
0.0554258
0.0554222
0.0538114
0.0593658
0.0595377
0.0563795
0.0560902
0.0535088
0.0435728
0.0505501
0.054317
0.0520665
0.0573919
0.0553355
0.0560057
0.0589838
0.0623231
0.0596905
0.0651973
0.0610285
0.0610273
0.0639093
0.0638887
0.065677
0.0552193
0.0654183
0.0617682
0.0568716
0.0667877
0.062517
0.0686034
0.0689646
0.068342
0.065236
0.0699491
0.063593
0.0631875
0.0729168
0.0674945
0.0697062
0.0653576
0.0673308
0.0615887
0.0610683
0.0594484
0.0600055
0.0547558
0.0590649
0.0556366
0.0605116
0.0617605
0.0647177
0.0677979
0.0621316
0.0638292
0.0717164
0.0719335
0.0655177
0.0717847
0.0718993
0.0732484
0.0740643
0.0737753
0.0766646
0.0727208
0.0680262
0.0646462
0.0626149
0.0589501
0.0581202
0.0441674
0.0646203
0.0497561
0.0629863
0.0663357
0.0584282
0.0635245
0.064346
0.0671323
0.0695187
0.0647742
0.0665727
0.0682266
0.0710626
0.071672
0.0713521
0.0714688
0.0734548
0.0733533
0.0692527
0.0709038
0.0666764
0.060517
0.0610476
0.0615372
0.0583052
0.0603156
0.0624395
0.061316
0.0597837
0.0643036
0.0596533
0.0624629
0.0637087
0.0634479
0.0669916
0.058478
0.0566423
0.048718
0.05069
0.0470023
0.0509576
0.0607595
0.0453437
0.0528801
0.0548232
0.0514174
0.0673281
0.0623684
0.0654971
0.0632626
0.0636857
0.0607546
0.0621402
0.0589317
0.0595037
0.057566
0.0548251
0.0479754
0.0495327
0.043556
0.0450187
0.0506975
0.0422809
0.0395693
0.0440647
0.0521445
0.0573663
0.0492324
0.0594683
0.0627369
0.0663931
0.0654532
0.059097
0.0653363
0.0628602
0.068703
0.0646861
0.0655022
0.062263
0.0635219
0.0597284
0.0493887
0.0517122
0.0461051
0.0352536
0.0384346
0.0442464
0.0534118
0.0536524
0.0475521
0.0610448
0.051843
0.0541658
0.0547752
0.0608207
0.0566599
0.0552793
0.0701862
0.0586367
0.0657831
0.0679418
0.0654566
0.0671903
0.0652479
0.0697109
0.0646634
0.0673464
0.0590233
0.0604674
0.0591403
0.0623518
0.0744029
0.0606146
0.0441631
0.0587239
0.0350214
0.0386271
0.04207
0.0497693
0.0431397
0.0428852
0.0394397
0.0612346
0.0597837
0.0421624
0.0526862
0.0487139
0.052107
0.0512673
0.0652324
0.0584408
0.0677994
0.0640934
0.0666327
0.071007
0.0698009
0.0705636
0.0552058
0.0680106
0.0637534
0.061705
0.0611631
0.0566814
0.0624435
0.0502519
0.0569214
0.0530172
0.0564603
0.0501849
0.0611305
0.0465062
0.055696
0.0480446
0.0373502
0.0440054
0.0399577
0.0516276
0.0552096
0.0499454
0.0545067
0.055339
0.0574303
0.061229
0.0597341
0.0564824
0.0569033
0.049426
0.0568352
0.0569324
0.0552659
0.046784
0.0530769
0.044245
0.0357593
0.0469554
0.0520975
0.0357474
0.0319312
0.0337153
0.0462316
0.0507431
0.0373858
0.0388133
0.0460961
0.0414641
0.0424852
0.0464594
0.0479313
0.0469557
0.0546287
0.0570543
0.0568449
0.0581604
0.0576018
0.0644927
0.0586017
0.0544671
0.058264
0.0512261
0.0663325
0.0603798
0.0472794
0.0362182
0.04582
0.0404977
0.0521534
0.0454297
0.0424167
0.0421898
0.0387306
0.0511502
0.0402354
0.037533
0.044629
0.0445867
0.0527668
0.02196
0.0455646
0.0445221
0.0487627
0.0587266
0.0489305
0.0497113
0.0401859
0.0453085
0.0570149
0.0561266
0.0581549
0.0728804
0.0501897
0.0529923
0.0573704
0.0671043
0.064286
0.0613379
0.060995
0.0582199
0.0520145
0.0335175
0.0480228
0.0372138
0.0519547
0.0511588
0.046009
0.0516461
0.0366197
0.0328116
0.0500157
0.0502204
0.0472784
0.0485404
0.0521603
0.0420818
0.0414338
0.0489494
0.059681
0.0449602
0.0540768
0.0657863
0.0605648
0.0586089
0.0579614
0.0525681
0.0602389
0.0584018
0.0621036
0.0583546
0.0609826
0.0627827
0.0615731
0.0562234
0.0545025
0.0559237
0.0519517
0.052664
0.0464668
0.046243
0.0507796
0.0681361
0.0384225
0.0364203
0.0324656
0.057076
0.0551704
0.0382508
0.0583121
0.0539969
0.0611921
0.0589707
0.0537827
0.0602707
0.0580664
0.0547157
0.0572533
0.0600137
0.0617255
0.0588004
0.0503551
0.0625997
0.0436978
0.0335564
0.0305184
0.0355996
0.03454
0.0227628
0.0373067
0.0377966
0.0407556
0.0289986
0.041056
0.0557145
0.0539702
0.0420513
0.0334835
0.0538761
0.0399608
0.0538634
0.0395404
0.0531545
0.0597274
0.0520953
0.0531803
0.0512541
0.0594161
0.0458094
0.0567885
0.0494285
0.0443395
0.0471727
0.0522019
0.0612223
0.0474557
0.06511
0.0623558
0.0676188
0.0684305
0.0463567
0.054973
0.0477919
0.034254
0.0284536
0.0315842
0.033469
0.033379
0.0484341
0.0436049
0.0435168
0.0393984
0.0588723
0.0751616
0.113923
0.132116
0.189827
0.195118
0.231429
0.221025
0.199165
0.143164
0.123888
0.0559551
0.048386
0.0578043
0.0473979
0.0475781
0.039447
0.0395644
0.0515251
0.041295
0.0435764
0.0470979
0.0418955
0.0621458
0.0389648
0.0534597
0.0561819
0.0510905
0.0558372
0.0475696
0.0447174
0.0530185
0.0475699
0.0453277
0.0334946
0.0370319
0.0264584
0.0602506
0.0311161
0.0448475
0.0638954
0.0463491
0.0688842
0.0441121
0.040923
0.0467528
0.0477229
0.055213
0.0560804
0.056942
0.0510473
0.0529682
0.0438658
0.0608207
0.0491006
0.0399024
0.0424268
0.0480478
0.0362292
0.0328836
0.0331113
0.0179536
0.0595679
0.03902
0.038413
0.0357701
0.044197
0.0421337
0.0465188
0.030247
0.0371199
0.0573445
0.0380077
0.0392477
0.0410407
0.0615347
0.0307239
0.0527313
0.0403764
0.0444402
0.0514258
0.0266283
0.0572187
0.0526941
0.0368975
0.0414307
0.0467183
0.0470392
0.0376587
0.0579112
0.0546103
0.0412505
0.0463315
0.0561716
0.0425443
0.0425033
0.0404059
0.0370182
0.0367339
0.0359678
0.0452799
0.0386843
0.0236538
0.0355159
0.0458563
0.0462291
0.032691
0.0325071
0.0298808
0.0235657
0.0435826
0.0547116
0.0543364
0.0378495
0.0563577
0.0560018
0.0618991
0.0507414
0.0567114
0.0399928
0.0384417
0.0343659
0.0342161
0.0305721
0.0200787
0.0585491
0.0531792
0.0343484
0.0493111
0.0430789
0.041907
0.0327287
0.0219633
0.0404725
0.0354635
0.0284195
0.0400004
0.0358633
0.0400426
0.0497519
0.0565376
0.0498554
0.0499778
0.050625
0.0517703
0.0341704
0.0301705
0.0418162
0.0326501
0.0381546
0.0463448
0.0493774
0.0430786
0.0237111
0.0335261
0.0201617
0.0475946
0.0365367
0.0485076
0.0652721
0.0453751
0.0185235
0.0658491
0.0351511
0.0125359
0.0461559
0.0388176
0.039369
0.0452981
0.0270154
0.0508651
0.0322614
0.0492306
0.0447058
0.027386
0.0173444
0.0524683
0.0400994
0.0608976
0.0636642
0.0326822
0.0330481
0.0443425
0.0643009
0.0475825
0.0524651
0.040887
0.0339422
0.0399484
0.0461025
0.0411919
0.0295408
0.031683
0.0403292
0.0679208
0.0677839
0.0437231
0.056482
0.036852
0.0606542
0.0235791
0.0474656
0.0373273
0.0446703
0.01581
0.042094
0.0182448
0.0467299
0.0337689
0.0302219
0.0385508
0.0196792
0.0453334
0.0317762
0.0280307
0.0227423
0.0206538
0.0267695
0.0172594
0.0291245
0.020307
0.0345721
0.0271791
0.0305166
0.0139795
0.0232907
0.023864
0.0228128
0.0164737
0.0230306
0.031932
0.0167346
0.025436
0.0410203
0.0357696
0.0302156
0.0207344
0.0227369
0.0193755
0.0248019
0.0307273
0.0207322
0.0329707
0.0199173
0.0136046
0.0248774
0.0244389
0.0270577
0.022525
0.0158506
0.0234291
0.0341048
0.0261538
0.0385479
0.0390213
0.0371998
0.0362081
0.030541
0.0318646
0.0278092
0.0341568
0.0244592
0.0179924
0.023623
0.0229517
0.0245265
0.0317292
0.0187706
0.0159234
0.0347941
0.0175628
0.0164877
0.0339354
0.0221577
0.0353561
0.0222346
0.0221683
0.0250509
0.00470324
0.0226636
0.0294488
0.00838684
0.0236997
0.0193408
0.0208746
0.0479384
0.0209798
0.0499455
0.0426842
0.0286714
0.0334525
0.0330193
0.0140716
0.0387755
0.0206799
0.0131103
0.028862
2.65332e-05
0.0296078
0.0372747
0.033019
0.0563396
0.025395
0.0223965
0.0338831
0.0203181
0.0403793
0.0421258
0.0280782
0.0254407
0.0255066
0.043352
0.0246832
0.0327085
0.0370477
0.0419674
0.038248
0.0306693
0.0412079
0.0433559
0.0468568
0.0171716
0.0428876
0.0449182
0.0357233
0.0311555
0.052761
0.0554056
0.010741
0.0160327
0.0507555
0.0463671
0.0440707
0.0198729
0.0345173
0.0467665
0.0307842
0.0329079
0.0530453
0.050696
0.0278474
0.0305479
0.0442858
0.0274861
0.047326
0.0471848
0.0337607
0.0497305
0.0328087
0.0444679
0.0179202
0.0586335
0.0443611
0.016088
0.052003
0.0318894
0.0249978
0.0530703
0.026939
0.0286179
0.0121535
0.0282491
0.0284002
0.0205673
0.0377202
0.0298929
0.0336559
0.0186363
0.02825
0.0288563
0.0182339
0.0252458
0.0200733
0.0226602
0.0155378
0.0288894
0.0164483
0.0274387
0.0222263
0.0202839
0.0119905
0.0181525
0.0216345
0.0207861
0.0193348
0.0211207
0.0144859
0.0213859
0.00931084
0.0223552
0.0183236
0.0246705
0.0206427
0.0151895
0.0167284
0.0159351
0.0112843
0.0218037
0.0170566
0.0148825
0.00939999
0.0181935
0.0143088
0.0135479
0.00862789
0.0198932
0.019257
0.0246529
0.0145321
0.0163247
0.0166836
0.0172926
0.00771691
0.0145087
0.00781699
0.0177906
0.0126975
0.0164967
0.0223463
0.00624351
0.0204709
0.016339
0.0232236
0.0184917
0.0198484
0.0272131
0.0216554
0.0167543
0.0228452
0.023557
0.0143056
0.0152141
0.0202552
0.019006
0.0180905
0.0170069
0.0216355
0.0109734
0.00896719
0.016697
0.013593
0.0142817
0.0205349
0.0231614
0.0210612
0.0179403
0.0161353
0.0158122
0.013825
0.0157234
0.0174531
0.0129496
0.0178045
0.0131046
0.0164307
0.00350829
0.0187276
0.0166269
0.0170296
0.0165952
0.0153704
0.0155148
0.0179916
0.0191103
0.01313
0.0213162
0.0160341
0.0062945
0.0153588
0.0232208
0.0250479
0.0258309
0.02068
0.0227953
0.0215711
0.0228319
0.0272659
0.0194442
0.015475
0.0169513
0.0212208
0.01208
0.0150631
0.0197601
0.0172229
0.0193228
0.019672
0.00857424
0.0228075
0.0191662
0.00989269
0.0184124
0.00873531
0.0254253
0.0194258
0.0223614
0.0198003
0.0263415
0.0315578
0.0344168
0.0335828
0.0294822
0.0212471
0.0163371
0.0182272
0.0128156
0.0182953
0.0242208
0.0256913
0.0223622
0.0247897
0.0165024
0.00963572
0.0170731
0.0230351
0.0172833
0.0137058
0.0214272
0.01893
0.0164364
0.0296208
0.030541
0.0376129
0.0344877
0.0166603
0.0264756
0.025376
0.0142794
0.02025
0.0288318
0.0273934
0.00983163
0.0353028
0.016599
0.012056
0.0348677
0.0131937
0.0217389
0.0304694
0.0216347
0.0279277
0.0291666
0.020708
0.0317929
0.0321456
0.0233285
0.0174391
0.0254711
0.0320267
0.0297375
0.0229784
0.0224135
0.0253398
0.0151486
0.0215651
0.0245497
0.0202033
0.016875
0.0241409
0.0378431
0.028902
0.020582
0.0235641
0.0279497
0.0255003
0.023781
0.0463793
0.0351199
0.023624
0.0270473
0.0244632
0.0191386
0.031358
0.021143
0.0258137
0.0325377
0.0332836
0.00918512
0.0254421
0.0176651
0.00449163
0.0311656
0.0236003
0.0205578
0.0130596
0.0135725
0.0197218
0.0114464
0.0105993
0.0285308
0.0197441
0.0241055
0.0210927
0.0216524
0.0264262
0.0204583
0.010093
0.0321685
0.0171831
0.0340928
0.0241376
0.0258159
0.0260564
0.0182208
0.0118428
0.0209706
0.0224139
0.0197277
0.0164958
0.0187001
0.0148461
0.0128912
0.0234021
0.0145349
0.0163831
0.0118901
0.0172855
0.0161925
0.0169791
0.0161848
0.0163209
0.021957
0.0182429
0.0136188
0.0223912
0.00904018
0.019869
0.0260344
0.0322404
0.0189812
0.0147378
0.0119221
0.0298422
0.0249359
0.0153885
0.0143461
0.0127973
0.0138489
0.0182203
0.025718
0.020173
0.0211869
0.00903775
0.0210793
0.0197051
0.0238373
0.0100354
0.0217615
0.0183857
0.0180922
0.0169553
0.0107605
0.0176015
0.0199892
0.01305
0.00899196
0.0134207
0.0270594
0.0170845
0.0193962
0.0182099
0.0132524
0.0275142
0.0196986
0.027107
0.0161319
0.0229761
0.0137372
0.013854
0.0087629
0.0186938
0.0102418
0.0161198
0.0141397
0.014031
0.00750369
0.0164825
0.0187861
0.0160881
0.016858
0.0132008
0.0158526
0.0208249
0.0164724
0.0174137
0.0139199
0.0126572
0.0169255
0.019673
0.0133723
0.0334732
0.0222827
0.01265
0.0222609
0.0265311
0.019469
0.0172917
0.025778
0.0303547
0.0201813
0.0107614
0.021404
0.0134848
0.0155862
0.0196192
0.0195012
0.0160307
0.016378
0.020262
0.0151997
0.0181751
0.0112955
0.0155435
0.0227094
0.0144566
0.0126291
0.0225422
0.0219688
0.0188557
0.0204583
0.0234199
0.0281706
0.0362645
0.0482496
0.0885
0.20393
0.287093
0.336545
0.341464
0.324443
0.265719
0.148842
0.0666711
0.0428148
0.027808
0.0281673
0.0266769
0.0133065
0.0253538
0.0158574
0.0173254
0.0189049
0.024017
0.0230985
0.0130549
0.0186757
0.0193425
0.0140707
0.0127288
0.0103546
0.0116789
0.0130126
0.00843173
0.0151391
0.0184233
0.0184741
0.00670261
0.0174056
0.0225378
0.0234043
0.034551
0.0252514
0.0348494
0.0365112
0.0156391
0.0171622
0.0163083
0.0219796
0.0195328
0.0251566
0.0242121
0.0162669
0.0129942
0.0220057
0.0241751
0.0240953
0.021878
0.0168867
0.0245388
0.0140455
0.0230357
0.0184897
0.0167105
0.0153032
0.0214654
0.0168831
0.0208421
0.022053
0.0181549
0.022095
0.0165944
0.0174938
0.0149174
0.0232499
0.020378
0.0152771
0.0107652
0.0325682
0.00376967
0.0148302
0.0232714
0.020686
0.0197697
0.0122794
0.0170508
0.019748
0.02068
0.0223997
0.0217772
0.0148947
0.0213173
0.0279829
0.0180507
0.0219837
0.0191177
0.0288915
0.0213631
0.00950705
0.0199852
0.0233716
0.0226181
0.0154575
0.0203408
0.0155959
0.0163546
0.0123186
0.0218369
0.0169069
0.0233637
0.0351312
0.0274458
0.0256408
0.0262621
0.0274507
0.0265297
0.0280969
0.0317317
0.0431533
0.0199978
0.0222132
0.0239089
0.0208135
0.022327
0.0165498
0.0175104
0.0292277
0.0354709
0.0300908
0.0186853
0.025672
0.0154106
0.0230213
0.0313694
0.0213857
0.0183997
0.0190351
0.0276947
0.0211378
0.0170231
0.0233009
0.0289142
0.0246365
0
0.0320568
0.0220474
0.00953863
0.0371101
0.0286217
0.0134357
0.0208398
0.0447881
0.0303847
0.018751
0.0376318
0.0619269
0.0203447
0.0626221
0.048661
0.0578217
0.0604876
0.0671903
0.0578897
0.0360921
0.0492715
0.0380413
0.0362073
0.0649626
0.048244
0.0324042
0.0299198
0.0564687
0.0407387
0.012811
0.0616368
0.0439207
0.0610259
0.0397703
0.03954
0.0214815
0.0548288
0.0499362
0.0272965
0.0320024
0.058134
0.0479085
0.0602956
0.030043
0.0529542
0.0345085
0.0470551
0.0639153
0.0476493
0.0292072
0.039059
0.0336114
0.0414745
0.0258101
0.0387246
0.0327865
0.0497623
0.039775
0.0355671
0.0517909
0.0368322
0.0337673
0.0233923
0.0306514
0.016623
0.0383817
0.00890291
0.0458936
0.0430965
0.0453217
0.0345864
0.0534866
0.037914
0.0294036
0.0251457
0.0339447
0.0226493
0.0353504
0.0552115
0.0483307
0.0532091
0.0326899
0.033733
0.0716035
0.0428815
0.0325498
0.0276033
0.0600958
0.0284366
0.0503024
0.0384527
0.0418952
0.0192781
0.0574883
0.0403521
0.0385406
0.0506209
0.0327811
0.0327177
0.0358202
0.0429765
0.0346313
0.02547
0.0324042
0.0326943
0.0303862
0.0308446
0.0296972
0.0254728
0.0282826
0.0497156
0.035313
0.023593
0.0464488
0.0417264
0.0349577
0.0463797
0.0317664
0.0412967
0.0585303
0.0522156
0.0669625
0.039119
0.0537426
0.0250847
0.0290494
0.0242926
0.0328851
0.0457138
0.0169217
0.0172982
0.0124116
0.0202909
0.0404861
0.0108987
0.0317449
0.0333921
0.0312947
0.0600047
0.0407227
0.031164
0.0153177
0.0309077
0.02922
0.0265192
0.0063909
0.0228065
0.0153731
0.0207539
0.0160812
0.0132669
0.0184836
0.0226223
0.0227211
0.0136769
0.011319
0.0324785
0.00786082
0.0134635
0.0151763
0.0183104
0.0252346
0.0303276
0.0105837
0.0223656
0.0137703
0.02457
0.0216648
0.0222198
0.0251502
0.0199513
0.0231197
0.0114037
0.0152921
0.020629
0.0291276
0.0309419
0.0270266
0.0247885
0.0310573
0.0291735
0.0138513
0.0296371
0.0293333
0.0218754
0.0141412
0.0317178
0.0389775
0.0205782
0.0202589
0.0360668
0.0294386
0.0297748
0.0307463
0.0315626
0.0321799
0.0173372
0.0237294
0.0275096
0.0205225
0.0340459
0.0228276
0.0247477
0.0246481
0.0172491
0.0180195
0.0147796
0.0210176
0.0224676
0.0143567
0.0266876
0.0170573
0.0184688
0.0200268
0.0096233
0.0241903
0.0159633
0.0237331
0.0314792
0.0163928
0.0267164
0.0218728
0.0296437
0.0220021
0.0194381
0.0316948
0.0219052
0.0373171
0.0359826
0.0313188
0.0374793
0.029146
0.0340225
0.0442938
0.044763
0.0510961
0.0441772
0.041858
0.0343771
0.0405861
0.0291456
0.023234
0.0200665
0.0220156
0.0146307
0.0254011
0.0190582
0.0276806
0.0187735
0.0166295
0.0156583
0.0245695
0.0201123
0.0125628
0.0193048
0.0200195
0.0217607
0.0143036
0.0198622
0.0202704
0.0239863
0.0187986
0.0208951
0.0290372
0.0235958
0.0188512
0.0188158
0.0268286
0.0351618
0.030986
0.0271358
0.0297098
0.0335356
0.0447876
0.0384872
0.0450088
0.0398441
0.0401069
0.0506774
0.0370202
0.025903
0.0292882
0.0352584
0.0288123
0.0276114
0.0379338
0.0307549
0.0309071
0.0222371
0.0390101
0.030127
0.0284503
0.0263555
0.0197284
0.0361213
0.0321371
0.0308502
0.0233859
0.0329706
0.0252152
0.0345443
0.0221538
0.0265586
0.0257182
0.0236628
0.030098
0.0325254
0.0370978
0.0310656
0.0285308
0.0337438
0.0333958
0.0345035
0.0233726
0.0317233
0.0295034
0.0406556
0.037599
0.0366221
0.0378139
0.0433375
0.032993
0.0293935
0.0284597
0.0310801
0.020131
0.0299325
0.0197971
0.0196561
0.028056
0.0251173
0.031777
0.0206019
0.0278811
0.0252383
0.0170503
0.0374745
0.0288341
0.0336122
0.0268397
0.025222
0.0199532
0.031567
0.0076543
0.0329017
0.0135881
0.0299618
0.0280458
0.0150583
0.0232569
0.0244556
0.0209139
0.0225439
0.0309919
0.0217948
0.0151866
0.00970395
0.0151429
0.0243873
0.0204907
0.0292848
0.0167634
0.0183707
0.0186476
0.0186273
0.00756008
0.016353
0.0233682
0.0213711
0.0243595
0.0188953
0.0233258
0.0184134
0.0194627
0.016055
0.0154754
0.00430641
0.0165697
0.014576
0.0238206
0.0179248
0.0223651
0.014459
0.0213757
0.0272634
0.0250944
0.0348778
0.0247793
0.0413454
0.0405277
0.0413214
0.0394559
0.0483029
0.0485224
0.0443628
0.0448387
0.0444444
0.0457812
0.0561232
0.0568734
0.0509822
0.0490505
0.0452121
0.0565986
0.0506319
0.0439223
0.0447535
0.0569666
0.0520039
0.0509361
0.0477557
0.0254523
0.0375585
0.043123
0.0529588
0.0604246
0.0479977
0.0441977
0.055068
0.0142437
0.0488221
0.0461831
0.0317755
0.0399082
0.0452513
0.0383767
0.0404201
0.0507689
0.0407503
0.0513926
0.0563594
0.0435126
0.0447359
0.0503936
0.0324918
0.0406178
0.0499215
0.0488836
0.0556419
0.0713638
0.0507232
0.0542864
0.0591064
0.0589084
0.0489861
0.0720319
0.0617817
0.0710131
0.0623822
0.0578534
0.0664629
0.06776
0.048023
0.0812441
0.0286471
0.0500293
0.0392737
0.0671833
0.0547368
0.0958277
0.0407125
0.0441681
0.051628
0.0367628
0.0489855
0.0622419
0.0900663
0.0647116
0.0752108
0.0825125
0.0459188
0.0687981
0.0657999
0.0296799
0.0471928
0.0800553
0.0842316
0.0693828
0.069606
0.0476728
0.0634403
0.0923612
0.0835161
0.0585565
0.0586204
0.0731152
0.0599019
0.0705179
0.0681593
0.0556908
0.0579728
0.0567109
0.0630996
0.047475
0.0733711
0.0637386
0.072184
0.042924
0.0417316
0.0426974
0.0550208
0.012256
0.0507871
0.0561455
0.0490326
0.0513805
0.0879156
0.0805098
0.0419937
0.0694745
0.0594017
0.0665608
0.0856772
0.0516021
0.0362682
0.104398
0.0574782
0.0852971
0.0753962
0.0476689
0.0527175
0.0874774
0.0970232
0.0503115
0.0354801
0.0694994
0.0557669
0.0564549
0.0652174
0.0486837
0.051949
0.0779921
0.0849385
0.0852726
0.0879419
0.0760406
0.073906
0.0912197
0.0719491
0.092102
0.0626397
0.0598582
0.0721454
0.0777731
0.0729041
0.0818496
0.0926076
0.0717295
0.0822133
0.0541418
0.0747837
0.0602301
0.0628997
0.064324
0.0755006
0.0515414
0.0915958
0.140308
0.0607078
0.0976925
0.0767181
0.0946685
0.061809
0.0365351
0.09425
0.0742175
0.0897868
0.0850939
0.119151
0.0794274
0.0622822
0.0725255
0.0515345
0.0955566
0.0679883
0.0913551
0.106728
0.082718
0.0640424
0.0461883
0.0788559
0.0474666
0.0340501
0.0812605
0.129426
0.0767681
0.0780453
0.109356
0.0782925
0.0376902
0.0905328
0.0905607
0.0528074
0.0845746
0.0794045
0.0765179
0.0737727
0.0527043
0.0510476
0.0853586
0.0912509
0.0320056
0.0663593
0.11016
0.139649
0.0910841
0.0553773
0.108666
0.116163
0.0747698
0.101904
0.0897562
0.0660361
0.0815725
0.067672
0.0609087
0.0933696
0.110105
0.0681756
0.0880616
0.100879
0.0357354
0.0519189
0.0795862
0.0598771
0.0824991
0.0862113
0.0880186
0.115083
0.116227
0.113412
0.0366008
0.0850362
0.0947164
0.0746573
0.0726634
0.091913
0.0887156
0.0674914
0.128431
0.101181
0.121612
0.0664407
0.0722874
0.0511003
0.063694
0.0913665
0.0729796
0.0898007
0.0380662
0.0858042
0.0870751
0.071453
0.0711456
0.114921
0.0479255
0.0959412
0.0595709
0.033086
0.0394551
0.0596964
0.079246
0.0927441
0.111565
0.101336
0.11543
0.0912768
0.0516488
0.0636448
0.0773548
0.104814
0.0845863
0.0864106
0.0497211
0.110349
0.0746981
0.0635054
0.0966358
0.0759471
0.0991302
0.125456
0.0753965
0.0950694
0.102004
0.0884546
0.0742284
0.104045
0.0799349
0.0588439
0.0822017
0.0703573
0.0999369
0.0511868
0.0665738
0.0610177
