0.0982488
0.0955513
0.10054
0.0998196
0.106223
0.104029
0.106886
0.117997
0.112408
0.109419
0.108057
0.114224
0.109392
0.11683
0.108588
0.110657
0.114124
0.114885
0.111506
0.108258
0.106288
0.0986575
0.110951
0.109752
0.111374
0.114675
0.116662
0.113634
0.116373
0.116159
0.120048
0.120221
0.118468
0.118394
0.118765
0.1147
0.115806
0.110202
0.106363
0.10903
0.107034
0.108081
0.118449
0.112497
0.10818
0.118003
0.115951
0.119405
0.117682
0.120005
0.120419
0.121663
0.124641
0.126032
0.126141
0.125681
0.118192
0.111632
0.109464
0.109582
0.095014
0.100805
0.0969348
0.0949687
0.0831357
0.0958701
0.086352
0.0918914
0.106026
0.0962553
0.0942677
0.0987645
0.0962127
0.104164
0.109331
0.0998504
0.0966736
0.103956
0.0995538
0.0932943
0.0999016
0.0998777
0.0985252
0.103898
0.0997577
0.103142
0.10324
0.108441
0.104592
0.11147
0.105222
0.106214
0.110417
0.110327
0.113817
0.103329
0.1113
0.105277
0.105452
0.119614
0.110285
0.11357
0.114977
0.114828
0.112123
0.115594
0.109736
0.118654
0.119406
0.116018
0.118816
0.111949
0.111921
0.108518
0.112618
0.10648
0.103579
0.103093
0.102778
0.105581
0.0952428
0.105261
0.108034
0.110395
0.106534
0.1081
0.11682
0.115723
0.114562
0.117756
0.117229
0.119941
0.118215
0.121782
0.124578
0.121462
0.114741
0.113911
0.109634
0.103549
0.108155
0.0896944
0.108334
0.0953241
0.111171
0.106637
0.100279
0.105615
0.112814
0.109478
0.109326
0.112358
0.117042
0.110756
0.119076
0.121679
0.116036
0.120237
0.122174
0.119214
0.115658
0.112642
0.110312
0.106835
0.109678
0.101618
0.103355
0.110308
0.109094
0.111811
0.103514
0.114389
0.102948
0.105489
0.105071
0.112673
0.109736
0.106674
0.10462
0.092261
0.0907437
0.102599
0.100144
0.104834
0.0934796
0.0956853
0.101223
0.0977765
0.106482
0.109861
0.108448
0.10867
0.108885
0.109432
0.109309
0.0993775
0.106626
0.103499
0.0986762
0.0936703
0.10163
0.0918206
0.0828657
0.0894389
0.0889903
0.0968874
0.0871002
0.093535
0.100948
0.0989839
0.0981611
0.0986636
0.104032
0.115397
0.10998
0.110682
0.109452
0.110631
0.110455
0.11064
0.111304
0.109859
0.106712
0.0964433
0.0980625
0.0864855
0.0847717
0.0819329
0.0936592
0.10222
0.0924301
0.0927311
0.103233
0.0984468
0.0981165
0.103883
0.104152
0.105337
0.105813
0.1136
0.105929
0.107804
0.114419
0.111397
0.11367
0.110373
0.119353
0.11154
0.11116
0.11188
0.115379
0.110271
0.111971
0.11074
0.102798
0.0987734
0.0981904
0.0836911
0.0818673
0.0877772
0.0976716
0.0891511
0.0860582
0.0845377
0.101301
0.0885403
0.089353
0.0922188
0.096048
0.0966568
0.0980151
0.0976755
0.101406
0.104155
0.106973
0.115029
0.112652
0.117371
0.116109
0.104692
0.109865
0.112031
0.106729
0.106493
0.105385
0.108294
0.09789
0.0997921
0.088216
0.0934424
0.0914576
0.0980054
0.0828522
0.0838077
0.0892878
0.0906912
0.0962527
0.0879046
0.0943555
0.0969653
0.0947424
0.105964
0.100093
0.0994982
0.106197
0.101962
0.106215
0.109848
0.0944915
0.110427
0.0991748
0.10473
0.0830348
0.0955145
0.100385
0.0813144
0.0854278
0.0922782
0.0803563
0.0648851
0.0689137
0.075459
0.0980967
0.0955573
0.0852526
0.0800104
0.0900974
0.0869246
0.0979676
0.0962302
0.0873755
0.104584
0.0959283
0.10205
0.0972157
0.101116
0.108441
0.0983727
0.108481
0.103014
0.0936204
0.111583
0.0997788
0.0976304
0.0800083
0.086178
0.0817861
0.0670968
0.0776539
0.0688038
0.0908785
0.0789085
0.0771811
0.0824593
0.0831391
0.0840571
0.0848466
0.0866928
0.0814464
0.0950666
0.0936719
0.0776642
0.102834
0.0870638
0.0932646
0.097087
0.0910621
0.101899
0.0933263
0.104445
0.106797
0.108244
0.0919072
0.104255
0.108948
0.11093
0.103281
0.095202
0.089046
0.0919164
0.0898901
0.0925847
0.0799217
0.0902127
0.0783931
0.0873472
0.0881034
0.0867845
0.0807159
0.076953
0.0908203
0.0822471
0.0744475
0.09446
0.081161
0.0876338
0.0942119
0.0943743
0.0892237
0.0911046
0.111494
0.109252
0.100951
0.101625
0.0997168
0.100936
0.102583
0.108566
0.107231
0.103449
0.108816
0.102325
0.097537
0.103562
0.103829
0.0967214
0.0872597
0.0835139
0.0896115
0.0873774
0.103743
0.0834892
0.0962865
0.0795756
0.0865744
0.0905159
0.0868664
0.0847967
0.0895434
0.100317
0.106807
0.0969009
0.101207
0.102121
0.0984998
0.0975426
0.10572
0.0998055
0.0946293
0.0997854
0.109685
0.0951384
0.0758341
0.0747817
0.0851304
0.0755226
0.0664551
0.0461641
0.0816391
0.0788375
0.0681592
0.0703914
0.0949771
0.0683603
0.0931312
0.07997
0.0817728
0.0758658
0.0743344
0.0876256
0.0924705
0.0991887
0.107806
0.088133
0.0983274
0.0978227
0.0883771
0.113648
0.0933606
0.0920941
0.0941509
0.100893
0.0971497
0.090759
0.108604
0.10496
0.10175
0.0951836
0.0925175
0.0973258
0.0894093
0.0776909
0.0637992
0.0708511
0.0803815
0.0792083
0.0944001
0.0844382
0.074984
0.0791813
0.112233
0.119072
0.16392
0.176474
0.235542
0.252006
0.27539
0.286674
0.256427
0.210253
0.15585
0.102321
0.0923846
0.0900303
0.0848906
0.0942044
0.0723441
0.0814287
0.077988
0.0808307
0.0976608
0.0928281
0.088163
0.0979289
0.0847439
0.0902639
0.103452
0.0920145
0.102289
0.0918309
0.0884117
0.0948614
0.0846899
0.092165
0.0876898
0.0942416
0.0645663
0.0874482
0.0777356
0.0783263
0.0858876
0.091504
0.0839458
0.0882227
0.0788842
0.0949283
0.0913689
0.0966932
0.0854917
0.0902946
0.0977009
0.0952498
0.0802613
0.0977376
0.0996266
0.0905111
0.0994993
0.0898996
0.0717041
0.0651496
0.0694892
0.0599702
0.0853334
0.0954292
0.081771
0.0686283
0.0807175
0.0855685
0.067687
0.0758945
0.0780026
0.0806459
0.0742806
0.0767604
0.0638276
0.0933977
0.0817427
0.0857673
0.092909
0.0779522
0.0841367
0.0573857
0.0896844
0.0892072
0.0840802
0.0795287
0.074098
0.0923881
0.07634
0.0889144
0.0915162
0.0768032
0.0952996
0.0887165
0.0968641
0.0913518
0.0869008
0.0808308
0.0614898
0.0625921
0.0821852
0.0743106
0.0566247
0.0640133
0.0675768
0.0711497
0.0701615
0.0845895
0.0827421
0.0625346
0.0693073
0.083109
0.0762915
0.0708573
0.0862079
0.0874053
0.076127
0.0884299
0.108514
0.0812374
0.0698861
0.0767491
0.0749569
0.0609228
0.051981
0.0852065
0.0899251
0.0883271
0.0864702
0.0773028
0.0824198
0.0744457
0.0715423
0.0816992
0.08856
0.071123
0.0857489
0.0836123
0.0743733
0.0875083
0.0861567
0.0841079
0.0811403
0.0917558
0.0610316
0.0715964
0.0563795
0.0723178
0.0543116
0.0770021
0.0893338
0.0962135
0.0730227
0.0548752
0.0638735
0.0886705
0.0852614
0.0549736
0.0693431
0.0825094
0.0685224
0.0639487
0.0700126
0.0697886
0.0477081
0.0944515
0.0875722
0.0795671
0.0741354
0.0525897
0.0771635
0.0710753
0.0693264
0.059242
0.0735625
0.0564378
0.0711937
0.0540151
0.0798581
0.0910852
0.0716978
0.0806748
0.0793731
0.0867364
0.0789146
0.0732831
0.0696782
0.0715104
0.0641226
0.0761476
0.0528843
0.0485461
0.0671674
0.0666792
0.0970229
0.0992424
0.0801335
0.0797713
0.0949156
0.106261
0.0525193
0.0915685
0.0997774
0.0707694
0.065161
0.0589176
0.0658364
0.0898072
0.0746041
0.0608014
0.0721337
0.061113
0.0657765
0.0707322
0.0614176
0.0707144
0.0517465
0.068031
0.0524773
0.065625
0.0718995
0.0722478
0.0677612
0.073091
0.070918
0.0760635
0.0598634
0.0486235
0.050418
0.0629658
0.0672681
0.0582635
0.0607227
0.0687734
0.063845
0.056525
0.0598994
0.059794
0.0709466
0.0627749
0.0642752
0.0669551
0.0538348
0.062732
0.0657237
0.0557167
0.0592041
0.0741348
0.0512545
0.0594423
0.0644189
0.0556764
0.0679154
0.0573077
0.0734236
0.0716298
0.0760001
0.0678349
0.0644987
0.0696449
0.0731513
0.0562864
0.0492471
0.0487309
0.0476382
0.0663261
0.0629825
0.0664197
0.0669187
0.0705186
0.0577182
0.0545276
0.0596542
0.0652675
0.062087
0.076788
0.0531863
0.057764
0.0501384
0.0700785
0.0566671
0.0544439
0.0584316
0.0462948
0.0661688
0.0622317
0.0583342
0.0774747
0.0693807
0.0629929
0.0659658
0.0547964
0.0687189
0.0535511
0.0664045
0.0412891
0.0622167
0.0406382
0.0389469
0.0698751
0.0740681
0.0944504
0.0688832
0.0824477
0.0667996
0.0669413
0.0763288
0.0814793
0.0852838
0.060995
0.0544651
0.0939413
0.0625244
0.0692488
0.0663126
0.0792339
0.0860114
0.0560532
0.0705939
0.0968675
0.0883598
0.0513426
0.0967458
0.0660876
0.0583149
0.0398782
0.101719
0.0652098
0.06243
0.0681156
0.0789182
0.0723357
0.0928586
0.0645143
0.0713417
0.0684032
0.0582063
0.0608181
0.0566724
0.0805323
0.0605191
0.0544517
0.0791093
0.0659296
0.0794979
0.063772
0.0671552
0.0829734
0.0414596
0.0747805
0.0529814
0.0857911
0.0785357
0.0666111
0.0732789
0.0534941
0.076849
0.0835704
0.0966948
0.0835955
0.0612469
0.0719284
0.0742092
0.0610671
0.068263
0.0716414
0.0687836
0.0609267
0.0616915
0.0651423
0.0654257
0.0609774
0.0636683
0.0625934
0.0613738
0.064384
0.0621086
0.0726306
0.063171
0.0672834
0.0557839
0.0602758
0.0661395
0.0596237
0.0540264
0.0656229
0.0559757
0.062564
0.0564756
0.0603533
0.0636831
0.0665022
0.058826
0.0572531
0.0563787
0.0579924
0.0527355
0.0597196
0.0510694
0.0595221
0.0478864
0.0594429
0.0566636
0.0598083
0.0476767
0.0556579
0.0562104
0.0657967
0.0607392
0.0554393
0.060732
0.0623487
0.0524515
0.0544622
0.0504127
0.0562296
0.0570687
0.0569246
0.0647417
0.0546395
0.0530035
0.0572045
0.0594385
0.054844
0.0604057
0.062881
0.0529615
0.0523491
0.0644734
0.0548125
0.0593753
0.0674007
0.0561818
0.0635972
0.0541975
0.0621416
0.059839
0.0603577
0.0535747
0.0534956
0.0581924
0.0563111
0.0624706
0.0602489
0.0617779
0.0627654
0.057539
0.0611583
0.0564149
0.0539049
0.0564258
0.051621
0.0599187
0.0537777
0.0598954
0.0462674
0.0591858
0.0567269
0.0583036
0.0583137
0.0597096
0.0560778
0.0552019
0.0621733
0.0547329
0.0535247
0.0573879
0.0517071
0.0648979
0.0616748
0.0637916
0.0669662
0.0504724
0.0581587
0.0573142
0.0662145
0.0597631
0.0539639
0.0597836
0.0624819
0.0539246
0.0465519
0.058341
0.053192
0.0603737
0.0630481
0.0643019
0.0505055
0.0545257
0.0583554
0.0519178
0.0554278
0.0563988
0.0640304
0.061924
0.0601364
0.0540326
0.0637494
0.0673891
0.0588976
0.0699068
0.0548171
0.0688853
0.0608213
0.0621405
0.0597421
0.0559282
0.0605346
0.0571323
0.0586419
0.0627796
0.0647196
0.0558407
0.056344
0.0694869
0.0619711
0.0684035
0.0621009
0.0593095
0.0731172
0.0505124
0.0666822
0.0762528
0.0594983
0.0710178
0.0673995
0.0679365
0.055947
0.0572062
0.0710282
0.0624385
0.0557434
0.0669783
0.0552347
0.0640503
0.06936
0.0498993
0.0600606
0.0623717
0.0602318
0.0653579
0.0692204
0.0692418
0.0718048
0.0562147
0.056845
0.0651778
0.0729919
0.0604728
0.0741649
0.0571206
0.0708562
0.0554911
0.0812395
0.061196
0.0716306
0.0562021
0.0553953
0.0520541
0.0666016
0.0633284
0.0648541
0.0650733
0.0600018
0.0517009
0.0692668
0.0736892
0.0740771
0.05776
0.0605864
0.0706702
0.0688435
0.0690574
0.0580377
0.0606288
0.0536946
0.0666225
0.0529063
0.054163
0.0599429
0.0529154
0.0727658
0.0575269
0.0709172
0.0540468
0.0666272
0.0537057
0.0521246
0.0459461
0.0711759
0.0598781
0.0698084
0.068553
0.0526483
0.0558218
0.0638177
0.0508956
0.069239
0.0545911
0.0543024
0.0628294
0.0534858
0.0493384
0.0427451
0.0649258
0.0638259
0.0607178
0.050297
0.0594009
0.0543515
0.0588409
0.0581777
0.0615455
0.0590857
0.0626314
0.0534244
0.0632273
0.05334
0.0669633
0.0496
0.0578571
0.0591504
0.0604064
0.0650276
0.0544435
0.0522386
0.063202
0.0657953
0.0593575
0.0570344
0.0562736
0.0510541
0.0669892
0.0582091
0.0652554
0.0509871
0.0573737
0.0472984
0.0609337
0.0536524
0.0579223
0.061485
0.0609802
0.0600212
0.0585988
0.0557993
0.0515359
0.0545001
0.0566951
0.0602212
0.0543609
0.0548176
0.0608876
0.0565861
0.0575776
0.0583014
0.0480915
0.0666783
0.0517214
0.053431
0.0564572
0.0566368
0.0605348
0.058891
0.0541718
0.0609929
0.0498395
0.0527086
0.0576901
0.0493617
0.0572982
0.0487586
0.0588498
0.0585884
0.0524119
0.0528651
0.0587879
0.0575325
0.0625838
0.0630351
0.0518265
0.0567598
0.0581124
0.0579194
0.0611329
0.0584181
0.0585312
0.0593064
0.0571608
0.0516568
0.0687239
0.0600236
0.0725731
0.0575908
0.0586778
0.0508902
0.0523422
0.0667054
0.070157
0.0586216
0.0586965
0.058349
0.0531623
0.0556165
0.0580312
0.0616449
0.0648159
0.0587879
0.0619415
0.0531344
0.0550272
0.053542
0.0533545
0.0635623
0.0556125
0.0576922
0.0569351
0.0584463
0.0648992
0.0651501
0.0664618
0.0694863
0.083442
0.0985298
0.142309
0.261698
0.354043
0.410394
0.417485
0.397536
0.338596
0.201598
0.112001
0.0793118
0.0745328
0.0674132
0.0746424
0.0579921
0.0608997
0.0582067
0.0554034
0.0581747
0.0677922
0.0624562
0.0552914
0.0654224
0.0575116
0.0545302
0.0565276
0.0549978
0.053367
0.0614675
0.0582876
0.062673
0.0567986
0.05791
0.049838
0.0659745
0.0673786
0.0673626
0.0675543
0.0556214
0.0742095
0.0657943
0.059768
0.0615261
0.0635365
0.0616341
0.0560711
0.061847
0.0657919
0.0562891
0.0565831
0.0637773
0.0632884
0.0615814
0.0600128
0.0573428
0.0609941
0.0514493
0.0604189
0.060004
0.0528764
0.0592615
0.0659693
0.0584094
0.060642
0.0609891
0.0600522
0.0626747
0.0658122
0.0564048
0.0571601
0.0615163
0.0625219
0.0503166
0.0620963
0.0708787
0.0543955
0.0548888
0.0586168
0.0662721
0.0511026
0.0577124
0.0609779
0.0623809
0.0614303
0.0575466
0.0606677
0.0584824
0.0611956
0.0586318
0.0573521
0.0576839
0.0536623
0.0593579
0.059619
0.0532445
0.0604232
0.0614895
0.0669378
0.0663199
0.0629255
0.0436983
0.0502564
0.054635
0.0612967
0.0554261
0.0735292
0.0725474
0.0522204
0.0710809
0.0546073
0.0583563
0.070501
0.054325
0.0745784
0.0756731
0.0595348
0.0574093
0.0664577
0.078013
0.0641603
0.0589857
0.0663389
0.0556763
0.0714178
0.0615212
0.0580804
0.0645516
0.0654115
0.0566265
0.0543041
0.0631154
0.0647026
0.0551709
0.0640066
0.0671728
0.0669063
0.0506349
0.0670408
0.0740637
0.0528225
0.0611357
0.0710362
0.0565243
0.0658649
0.0731415
0.0615431
0.0725696
0.060369
0.0427266
0.0648607
0.0745626
0.0729728
0.0702103
0.0647683
0.0773067
0.0803812
0.0623421
0.098089
0.0830061
0.0594952
0.0555013
0.0670895
0.0610869
0.0948645
0.0729076
0.0831697
0.045266
0.090719
0.079892
0.0361476
0.0787061
0.0405763
0.0565823
0.0749058
0.0523909
0.0698804
0.0968899
0.06407
0.087155
0.0709439
0.0939192
0.0907025
0.0921447
0.0599855
0.0765647
0.075364
0.0883719
0.0953363
0.0938202
0.0622827
0.0667503
0.0636367
0.0602817
0.0630617
0.0667333
0.0737883
0.0431643
0.0768221
0.0536794
0.0948348
0.0757541
0.0759946
0.0581411
0.0582044
0.0497652
0.0702368
0.0595181
0.0819652
0.0657481
0.0628637
0.0669972
0.0624645
0.0331231
0.0530335
0.0615466
0.0652257
0.0613079
0.0569779
0.0660691
0.0874656
0.100218
0.0672017
0.0762988
0.0900657
0.0678038
0.0879368
0.0696908
0.0826405
0.048791
0.0633091
0.0754062
0.0662674
0.0597947
0.0815037
0.0797582
0.0652281
0.0771592
0.0647068
0.077324
0.0598941
0.0537445
0.0843798
0.0566036
0.0570225
0.054384
0.0626964
0.0655568
0.0737581
0.0663932
0.0740318
0.0887064
0.0785108
0.0732803
0.0892428
0.0877411
0.082204
0.087567
0.0855518
0.0820066
0.0917502
0.0911595
0.0959736
0.0851179
0.0866336
0.0724701
0.0729868
0.0720541
0.0645254
0.0657989
0.0471727
0.070382
0.0458503
0.0660472
0.0717918
0.0512055
0.0734247
0.0544568
0.0536662
0.0652562
0.0802232
0.0632277
0.0634634
0.0628529
0.063637
0.0659284
0.0459462
0.0616832
0.0502418
0.0576169
0.0581974
0.0559342
0.0540713
0.0567581
0.0642817
0.0444882
0.0657066
0.0540818
0.0476597
0.047928
0.0523399
0.0694117
0.053589
0.0640765
0.0595136
0.0572907
0.057064
0.0642657
0.0541909
0.0639786
0.064999
0.057086
0.061886
0.058515
0.0588602
0.0595892
0.0642781
0.0643434
0.0645175
0.059925
0.0652969
0.0689767
0.0551394
0.077367
0.0522188
0.0603886
0.0546528
0.065485
0.0694247
0.060438
0.0638826
0.0703995
0.0694042
0.0546505
0.0708663
0.0824925
0.0718831
0.0604798
0.0630792
0.057537
0.0638767
0.0750447
0.0603083
0.0701588
0.0574257
0.0618612
0.0619074
0.0599152
0.0596882
0.0557577
0.0570768
0.0688084
0.0621998
0.0600991
0.0734423
0.0500823
0.0626416
0.0623516
0.0657507
0.0671205
0.0568802
0.0580705
0.0694558
0.0672
0.0615842
0.0587602
0.0702078
0.0624265
0.0730474
0.0813921
0.084299
0.0752433
0.0737401
0.0752248
0.0832087
0.084151
0.0970627
0.0902024
0.0885958
0.0808084
0.0778173
0.0729143
0.0592477
0.0661123
0.0685438
0.0577924
0.0643764
0.0633983
0.0672953
0.0625983
0.0570001
0.0583191
0.0635636
0.066647
0.0553127
0.0543657
0.0536185
0.0635588
0.060007
0.0661971
0.0594137
0.062706
0.0611969
0.0588799
0.064301
0.0631774
0.0631521
0.0673603
0.0715912
0.0771212
0.0720672
0.0766974
0.0823091
0.0778231
0.0911267
0.0825198
0.0921116
0.0806297
0.08549
0.0904995
0.073481
0.0729488
0.0696447
0.0675575
0.0673819
0.0670852
0.0736518
0.0656696
0.0582538
0.0612596
0.068792
0.0644913
0.0799092
0.0695236
0.0557517
0.072352
0.0694545
0.0672983
0.0713472
0.0790734
0.0746511
0.0748285
0.0657948
0.0668207
0.0671888
0.0704925
0.0705614
0.068411
0.0811655
0.0707443
0.0699595
0.0764723
0.0727644
0.0763751
0.0775866
0.0766335
0.0757235
0.0849721
0.0834864
0.0823824
0.0808963
0.0858161
0.084349
0.0733002
0.077526
0.0713272
0.0664543
0.0701723
0.0640494
0.0626327
0.0666645
0.0707922
0.0695816
0.0708087
0.0737221
0.0653687
0.0541034
0.0825732
0.0704163
0.0529386
0.0656408
0.0740003
0.0685392
0.0551994
0.0614429
0.0750013
0.0578528
0.0689356
0.0606455
0.0632161
0.0542769
0.0721444
0.066222
0.0557123
0.0649778
0.0575556
0.0526586
0.056982
0.0641916
0.0594029
0.0570988
0.0653054
0.0521921
0.0575527
0.0597463
0.0664696
0.0500699
0.0585339
0.0585807
0.0570986
0.0576334
0.0574077
0.0617965
0.056732
0.0600892
0.0617177
0.0574892
0.0504045
0.0701561
0.0484344
0.0613198
0.0504549
0.0593868
0.0623055
0.0585569
0.0646981
0.0704641
0.0712268
0.0713492
0.0812411
0.0836396
0.0812255
0.0860488
0.0928485
0.0906969
0.0825025
0.0779663
0.0885946
0.0898245
0.0989106
0.0908472
0.0864995
0.0795255
0.0866889
0.0935319
0.0969647
0.0818179
0.0876193
0.0709116
0.0866017
0.0805573
0.0977045
0.0761145
0.0907561
0.0761714
0.0819106
0.0707089
0.0855338
0.0789548
0.0970696
0.0652461
0.0997966
0.0874791
0.0799489
0.0817498
0.0752772
0.0737672
0.0733522
0.0827212
0.0733373
0.0773534
0.080166
0.0717214
0.0912195
0.0821045
0.0744203
0.0946831
0.0980434
0.095756
0.101292
0.101677
0.0855047
0.0856025
0.0835564
0.108457
0.0876094
0.109618
0.107463
0.0902355
0.101724
0.0878628
0.0810617
0.0997474
0.0765545
0.0873516
0.066708
0.067355
0.06869
0.132541
0.104304
0.0615798
0.058736
0.115227
0.0961702
0.0519177
0.0720704
0.0912932
0.127242
0.104278
0.113566
0.121038
0.0865252
0.0883348
0.0957882
0.0755912
0.0848463
0.0960347
0.122418
0.0895716
0.105956
0.0766678
0.100341
0.113217
0.104025
0.0960679
0.0989505
0.106216
0.101267
0.0987655
0.113365
0.105707
0.0996583
0.108842
0.0899699
0.107562
0.0978566
0.0960488
0.102475
0.0930778
0.0782638
0.090313
0.0977934
0.0569995
0.0936329
0.0765172
0.057179
0.066711
0.0698571
0.107466
0.0626277
0.0800179
0.0921705
0.0841778
0.0746195
0.0853874
0.101456
0.112675
0.092535
0.131843
0.0894329
0.0446497
0.066699
0.0712036
0.0810317
0.0997947
0.0852406
0.0813126
0.103787
0.059344
0.0825677
0.0878211
0.0858189
0.121355
0.131925
0.124603
0.0877152
0.104455
0.131918
0.100796
0.0901964
0.102027
0.105922
0.102701
0.107037
0.118818
0.104385
0.118348
0.111668
0.100579
0.10537
0.087431
0.113593
0.095935
0.0895557
0.0813192
0.125491
0.119449
0.113009
0.13938
0.111058
0.10398
0.0903252
0.157576
0.0409365
0.0732748
0.109741
0.0810804
0.0904661
0.0724844
0.0854536
0.105318
0.116743
0.0953355
0.063007
0.13848
0.0911474
0.0986135
0.135188
0.109972
0.140028
0.133284
0.107721
0.0894766
0.0731813
0.0976927
0.0990574
0.142573
0.0699467
0.12683
0.100413
0.0779125
0.128305
0.103773
0.0953251
0.131167
0.0632045
0.0831301
0.088177
0.0516067
0.0968436
0.118681
0.0962602
0.039334
0.0878613
0.13079
0.140575
0.0821692
0.114737
0.120516
0.0884425
0.0697296
0.106199
0.124675
0.100795
0.0747981
0.110848
0.0922335
0.0924316
0.134528
0.0942177
0.0895453
0.155298
0.0661008
0.0803419
0.0991457
0.0702098
0.0945295
0.139923
0.103533
0.148707
0.103495
0.116927
0.054327
0.0925939
0.0751815
0.0919438
0.0882332
0.0993883
0.0971894
0
0.083249
0.141787
0.0668251
0.0525349
0.0942852
0.0658177
0.0679185
0.0944249
0.0593115
0.109656
0.0600021
0.0981436
0.101176
0.0647566
0.0914356
0.075949
0.0433974
0.109233
0.0102388
0.0483703
0.0779538
0.0906919
0.0760147
0.100963
0.0998769
0.132929
0.120425
0.106943
0.112776
0.0922667
0.0871153
0.0719984
0.0761418
0.104357
0.120337
0.119471
0.0930171
0.113694
0.147166
0.104564
0.0890132
0.10125
0.0998034
0.103156
0.126071
0.103569
0.113403
0.072883
0.0805595
0.070104
0.108442
0.0889511
0.122096
0.0781495
0.0928713
0.0765949
