0.0938793
0.0884405
0.0902702
0.0935691
0.0998617
0.095176
0.0904408
0.102283
0.0990385
0.101375
0.101456
0.110734
0.0965601
0.10881
0.106412
0.102493
0.105373
0.111418
0.101399
0.100853
0.0947938
0.0858888
0.106928
0.102564
0.0975604
0.105818
0.111577
0.111498
0.108148
0.107856
0.112456
0.115096
0.11111
0.112951
0.112067
0.110929
0.108955
0.107633
0.106931
0.1029
0.0938692
0.0953938
0.106483
0.103872
0.0973308
0.112435
0.109299
0.110201
0.113309
0.112279
0.117726
0.117425
0.120327
0.122439
0.12263
0.122322
0.113373
0.11053
0.109333
0.0997728
0.0902675
0.0981406
0.0869558
0.0795283
0.0749708
0.0868116
0.077799
0.0837327
0.093527
0.0920992
0.0893565
0.0897683
0.0876469
0.0936489
0.10302
0.0928091
0.0934783
0.0916668
0.0890405
0.0826066
0.093061
0.0902031
0.0881463
0.0925139
0.0921213
0.0914926
0.0928851
0.103017
0.0959194
0.101552
0.0974451
0.102089
0.105571
0.102872
0.108517
0.0924693
0.101145
0.0977215
0.0993623
0.106596
0.0995438
0.110438
0.106983
0.108436
0.103323
0.112673
0.103406
0.107262
0.114473
0.106708
0.113318
0.106896
0.106016
0.106789
0.106164
0.107265
0.100507
0.0929225
0.0989106
0.0888521
0.0929484
0.0959484
0.0891556
0.102561
0.097194
0.104252
0.108586
0.109882
0.107177
0.108731
0.109284
0.111699
0.113475
0.118013
0.119072
0.115764
0.111193
0.10738
0.108005
0.0999818
0.102267
0.0858711
0.0978452
0.0836638
0.0972489
0.0956904
0.0984664
0.0958463
0.102379
0.0962512
0.106981
0.107045
0.105352
0.106406
0.11299
0.112729
0.11446
0.117877
0.113538
0.11178
0.111025
0.111624
0.10997
0.105377
0.106277
0.0957298
0.10066
0.097342
0.0955019
0.0955125
0.0988413
0.100824
0.101079
0.102316
0.102465
0.100804
0.100915
0.0974372
0.0989807
0.0949701
0.0823123
0.0914088
0.083986
0.0817355
0.0829891
0.0900977
0.0874328
0.0907996
0.100619
0.0995908
0.102177
0.0983109
0.100575
0.101182
0.100964
0.0966212
0.0974715
0.0976252
0.0938351
0.0873379
0.0854136
0.0733413
0.0670816
0.0852765
0.0765794
0.0770798
0.08289
0.0835293
0.0918544
0.0913507
0.0964133
0.0987571
0.102688
0.1019
0.0994231
0.102936
0.100922
0.104518
0.103407
0.108052
0.100378
0.100626
0.0975075
0.0905534
0.0949717
0.0787833
0.0686197
0.063465
0.082126
0.0858748
0.0866972
0.0774434
0.0869726
0.0831556
0.088681
0.0955215
0.09621
0.0961705
0.0975247
0.104218
0.0955912
0.108568
0.107062
0.10585
0.109273
0.105746
0.110095
0.104861
0.108427
0.104566
0.106914
0.103106
0.102927
0.10794
0.101369
0.0838381
0.0905081
0.0717354
0.0666807
0.0683853
0.0727826
0.0766041
0.0882406
0.0691945
0.0892609
0.0748691
0.064657
0.0805818
0.0775275
0.0913214
0.0898107
0.0990696
0.092869
0.102633
0.104228
0.105453
0.102537
0.110155
0.106824
0.10174
0.103224
0.109083
0.0985563
0.0958211
0.0958969
0.106124
0.0800568
0.089184
0.0804096
0.0865022
0.0766152
0.073194
0.0615367
0.0817261
0.0712409
0.0768814
0.074264
0.0688255
0.073743
0.0839613
0.0867506
0.0927965
0.0909266
0.0861883
0.0993592
0.0975865
0.0911796
0.0958476
0.0908191
0.102077
0.0958628
0.0944703
0.0804231
0.08586
0.0720549
0.0643702
0.0833676
0.0665671
0.0531408
0.0556949
0.0521673
0.0796536
0.0763397
0.0618824
0.0632355
0.0726615
0.0662825
0.0699578
0.0744737
0.0770836
0.0804564
0.0954073
0.0863897
0.0814649
0.0832746
0.0918897
0.0946777
0.0896752
0.101716
0.0950114
0.0936116
0.0997979
0.0823239
0.0907482
0.0617293
0.0740915
0.0649649
0.0687909
0.0672951
0.0545562
0.071649
0.0653005
0.0640471
0.0614361
0.0848687
0.0666847
0.0648245
0.0737707
0.0558123
0.0768191
0.0721471
0.066784
0.0925813
0.0777877
0.0754842
0.0780029
0.0844835
0.0767948
0.0858008
0.0997519
0.0954214
0.0925939
0.0910737
0.0962449
0.0990714
0.100143
0.0997443
0.0921964
0.0848216
0.0668712
0.0664802
0.0674464
0.0565998
0.0725042
0.0695815
0.0679746
0.0792793
0.0710589
0.0724982
0.070496
0.0715436
0.0702375
0.0650984
0.0739029
0.0666542
0.0845524
0.0834994
0.0910405
0.0856815
0.0780046
0.0866089
0.0989955
0.0863305
0.0905776
0.0896559
0.090259
0.0897947
0.0984652
0.101674
0.0994409
0.101687
0.0854065
0.0891246
0.0932551
0.0908149
0.0877976
0.0855442
0.0767022
0.0779075
0.0703174
0.0814502
0.0747247
0.0790657
0.0681055
0.0847665
0.0847972
0.0703523
0.0787822
0.0719852
0.0890199
0.0922871
0.0860522
0.0958845
0.0869676
0.0975193
0.0916662
0.0944819
0.0939383
0.0906594
0.0924961
0.0869798
0.0855516
0.0679065
0.0582516
0.0674778
0.0726498
0.0492675
0.0540295
0.06226
0.05844
0.0519641
0.0473712
0.0924505
0.0742548
0.0808783
0.0636285
0.0762182
0.0661075
0.0690054
0.0661884
0.0681593
0.0964348
0.0819083
0.0797868
0.0705454
0.0828003
0.0804275
0.0925243
0.0912222
0.0774042
0.0747866
0.092075
0.0896058
0.0906981
0.0947056
0.0915639
0.100555
0.0927528
0.0846632
0.086516
0.0657401
0.0618657
0.0669519
0.0499713
0.0624593
0.0748882
0.0767954
0.0621454
0.058983
0.0696576
0.0884895
0.123829
0.172472
0.187062
0.268362
0.274057
0.309472
0.309386
0.283401
0.226316
0.168955
0.091428
0.0850743
0.0707888
0.0687654
0.0745769
0.0720567
0.0585501
0.0709673
0.068228
0.0917989
0.0745276
0.0717888
0.0825689
0.0667735
0.085269
0.0878583
0.0779912
0.0768584
0.0773625
0.0750241
0.0793129
0.0815085
0.0758913
0.0783344
0.0781609
0.0559417
0.0819853
0.049582
0.0698835
0.075715
0.0882546
0.0768574
0.0613132
0.0833957
0.0799594
0.0891497
0.0753946
0.084949
0.0876362
0.0718487
0.0893749
0.0666067
0.0967432
0.0924445
0.0829144
0.0858371
0.0799961
0.083679
0.0540353
0.0657897
0.0502012
0.0686681
0.0619114
0.0683652
0.0537688
0.0686332
0.0816458
0.0610679
0.0575262
0.0629048
0.0754857
0.0470092
0.05471
0.0721829
0.0759168
0.0683885
0.0867575
0.0766591
0.0582563
0.0560191
0.0464938
0.0670476
0.0791867
0.058762
0.0654472
0.0652908
0.0815825
0.0636975
0.0701597
0.0981711
0.0724474
0.0775324
0.091882
0.0743595
0.0692366
0.062542
0.0585906
0.0664791
0.0644103
0.0654935
0.0526709
0.0492583
0.0364524
0.0594866
0.0435794
0.0538839
0.0447695
0.0493305
0.0384931
0.053465
0.0572804
0.0527039
0.0530856
0.0725623
0.0839134
0.061677
0.0631888
0.0527049
0.0578338
0.042086
0.0584827
0.0652063
0.0558536
0.04335
0.078464
0.0628799
0.0597686
0.0744044
0.0523235
0.0699343
0.0711731
0.0555976
0.062724
0.0585954
0.0621891
0.0697166
0.0684971
0.0748572
0.0824769
0.0697356
0.0599288
0.0612771
0.0681373
0.0559768
0.0471017
0.0591861
0.0654956
0.040725
0.0576828
0.0617386
0.0593076
0.0601972
0.0449544
0.05593
0.0597988
0.062418
0.055583
0.0791025
0.0538648
0.0515619
0.0587666
0.0664849
0.06467
0.0438995
0.0528819
0.0780486
0.0589621
0.056455
0.0406832
0.0693531
0.0639781
0.0704577
0.0608584
0.0433112
0.0289094
0.0526732
0.0594858
0.0850384
0.0597186
0.0356101
0.0394082
0.0579656
0.0721378
0.0613934
0.0669386
0.040747
0.0485425
0.0495757
0.0614032
0.0341624
0.0518664
0.0723227
0.0657103
0.0742696
0.0813567
0.0565075
0.0783171
0.0695611
0.0613873
0.0584874
0.0784293
0.0686333
0.067986
0.0607545
0.0480142
0.0553631
0.073045
0.0613587
0.0623195
0.049861
0.0417182
0.059029
0.0453151
0.047792
0.0395492
0.0416011
0.0489158
0.0355581
0.044391
0.0469369
0.041171
0.0565013
0.0504075
0.0393186
0.0521092
0.0434965
0.0394045
0.0310421
0.0202908
0.0510482
0.0439745
0.0390871
0.0539381
0.0396859
0.0533889
0.040257
0.0364813
0.053971
0.0545335
0.0367092
0.0478197
0.0512926
0.0400202
0.0261104
0.0479361
0.0522592
0.0386191
0.042944
0.0442583
0.0525586
0.0469869
0.0466518
0.0579239
0.0710414
0.0587196
0.0537059
0.0606556
0.0552847
0.0503765
0.0512439
0.0281076
0.0388313
0.0270474
0.0344035
0.0511207
0.050836
0.0422131
0.0348773
0.0490117
0.0494498
0.0263913
0.047986
0.0364981
0.0413701
0.0477077
0.0361354
0.0459403
0.0389379
0.0339486
0.0332919
0.0513293
0.0609074
0.0408864
0.0298144
0.0526614
0.0477278
0.0545018
0.0505032
0.0457786
0.0510437
0.0471867
0.0317094
0.0459196
0.0336299
0.0335804
0.0515435
0.0415936
0.0341629
0.0533488
0.0321473
0.0778005
0.0438865
0.0542591
0.0458349
0.0417393
0.064169
0.0698071
0.0706432
0.0433036
0.034123
0.0622469
0.0506122
0.0550148
0.0669585
0.056838
0.0446727
0.0513934
0.0650181
0.0539073
0.0778786
0.0345803
0.0694464
0.0592057
0.0374152
0.0234758
0.0745367
0.0549656
0.0233826
0.0463333
0.0744864
0.0437678
0.0846979
0.0460319
0.0561328
0.0561187
0.048667
0.0564939
0.0591371
0.0613753
0.0449278
0.0379722
0.0611814
0.0434683
0.0658574
0.0673782
0.0505064
0.069712
0.0353431
0.069018
0.0325943
0.0517925
0.0438414
0.0347746
0.0613585
0.0496961
0.0353622
0.0572046
0.0345332
0.0589695
0.0377825
0.0508154
0.0505097
0.0386641
0.0489324
0.0539299
0.0579881
0.0385076
0.0410273
0.0544585
0.0442884
0.0426264
0.043501
0.0421613
0.0421977
0.0487977
0.0438371
0.0544817
0.0489799
0.0492863
0.0429988
0.0417411
0.049991
0.0390879
0.037332
0.0530563
0.0496143
0.0498438
0.0361176
0.0426943
0.0490672
0.0435388
0.037238
0.0352173
0.0449616
0.0423334
0.0364799
0.0450026
0.040206
0.0403946
0.0353208
0.0403284
0.0320616
0.0364188
0.0360374
0.0444644
0.0325877
0.0398419
0.0307424
0.0472583
0.0355245
0.0412868
0.0394788
0.0359257
0.0286681
0.0401909
0.0344241
0.0393637
0.0445032
0.0337191
0.0348659
0.0400108
0.0368603
0.038094
0.0488237
0.0402629
0.0373895
0.030833
0.0424892
0.0444261
0.0435222
0.0453655
0.042032
0.0443709
0.0430649
0.0438185
0.0421903
0.0378681
0.0343967
0.0381035
0.0419973
0.0397815
0.0449595
0.0403835
0.0356954
0.0475539
0.0479641
0.032846
0.0406163
0.0385182
0.0405096
0.0299425
0.0364116
0.0344634
0.0365993
0.0320206
0.0322534
0.0451877
0.0369945
0.0385952
0.0416159
0.0320935
0.0392245
0.0404448
0.0328681
0.0420116
0.0275651
0.0350825
0.0444587
0.0472737
0.0417506
0.0420329
0.0386243
0.0502245
0.0365814
0.0322106
0.0467148
0.0382985
0.039821
0.0446924
0.0410728
0.0350302
0.0396062
0.0405874
0.0420297
0.0443159
0.0421671
0.0300361
0.0415047
0.0457782
0.037912
0.0391819
0.0436393
0.0472715
0.0387558
0.0399762
0.0319335
0.0411846
0.0443681
0.0352135
0.0468766
0.031173
0.0408354
0.0295531
0.0444608
0.0375402
0.0465304
0.0451927
0.047897
0.0483149
0.0451285
0.0364362
0.039197
0.0455779
0.0464858
0.0423289
0.0413199
0.0502735
0.0460356
0.0479879
0.0478823
0.0500064
0.045633
0.0388746
0.0454202
0.0351992
0.0550849
0.036816
0.0432645
0.045712
0.0592243
0.036284
0.0465641
0.0379788
0.0271146
0.0552438
0.0455198
0.0506713
0.0496138
0.0328534
0.0462172
0.0436434
0.0291075
0.0410544
0.0525296
0.0460121
0.026088
0.0317019
0.03455
0.0536183
0.0438424
0.0534348
0.0428102
0.0588338
0.0313048
0.0489819
0.0446218
0.0336994
0.0352478
0.0358959
0.0551118
0.0367864
0.0416242
0.040292
0.0452745
0.0464649
0.0464275
0.0546484
0.0433001
0.0438488
0.047971
0.0391937
0.0391444
0.0499964
0.0455565
0.0374212
0.0551841
0.039315
0.0461947
0.0441243
0.0320377
0.0421049
0.0345415
0.0419089
0.0323887
0.0464
0.0438033
0.0257299
0.0392271
0.0521803
0.0417148
0.045128
0.0437171
0.0418266
0.0422827
0.0393725
0.0325473
0.0330454
0.0349753
0.0351636
0.039251
0.0447987
0.046844
0.0265141
0.0318144
0.0421081
0.0367577
0.0388452
0.0413058
0.0377782
0.0471001
0.0408334
0.0363363
0.0407382
0.0324843
0.032171
0.0428062
0.0293346
0.0428065
0.0336746
0.0368211
0.0424689
0.0432068
0.042478
0.0383427
0.034376
0.0439566
0.0453704
0.0453288
0.03867
0.042627
0.0334703
0.0413624
0.0399703
0.0457447
0.0387666
0.0285241
0.0334306
0.0331723
0.0438552
0.0405152
0.0477274
0.0379405
0.0462831
0.0386648
0.0497998
0.0367698
0.0366979
0.039688
0.0423986
0.0375094
0.0366477
0.0410223
0.0390661
0.0481228
0.0332854
0.0354864
0.0459305
0.0308823
0.0443434
0.0329767
0.0234116
0.0421752
0.018042
0.0434953
0.0459106
0.0402566
0.0334538
0.0331131
0.0340024
0.0367563
0.0368908
0.0326135
0.035915
0.0418874
0.0272935
0.033178
0.033163
0.0397788
0.0352851
0.0350151
0.0426983
0.044295
0.0337156
0.0357896
0.039926
0.0374446
0.0447884
0.0373672
0.0391584
0.053819
0.0362553
0.0436507
0.0413061
0.0432794
0.036987
0.0413217
0.0451473
0.0417482
0.0321233
0.0403227
0.0471001
0.0378082
0.0410648
0.0377697
0.0467324
0.0397858
0.0391796
0.0449176
0.0413129
0.044974
0.0330319
0.0416337
0.0413726
0.0426949
0.0373797
0.0419255
0.0472549
0.0410699
0.046887
0.0448879
0.0565137
0.0588572
0.0795439
0.143413
0.288151
0.410319
0.469382
0.478698
0.450255
0.375279
0.211633
0.110509
0.0703755
0.0540815
0.0532487
0.0534942
0.0391286
0.0413404
0.0383225
0.0467588
0.0379333
0.0479546
0.0468044
0.0422779
0.0470438
0.0439384
0.0385
0.044686
0.0332359
0.031531
0.0428554
0.0383613
0.0476324
0.0367664
0.0388354
0.0368704
0.0439671
0.0525948
0.0484792
0.052216
0.0419758
0.0537886
0.050441
0.0429346
0.0423127
0.0427318
0.0421878
0.0439654
0.0472149
0.0432522
0.0392873
0.0438604
0.0465558
0.0436295
0.0494844
0.0449062
0.0479814
0.0426765
0.0415012
0.0425007
0.04067
0.0372587
0.0387691
0.0463656
0.0398853
0.0492074
0.0455236
0.0460917
0.0395862
0.0428636
0.0330263
0.0376043
0.0523188
0.0512105
0.0386573
0.0433557
0.0432182
0.0303815
0.0472444
0.046674
0.0521259
0.0314685
0.0458561
0.0469212
0.0493636
0.0466577
0.0383476
0.0462548
0.0478992
0.0443757
0.0380426
0.0415016
0.0536239
0.0433615
0.0419043
0.0363723
0.0383677
0.0385815
0.0437222
0.0412274
0.0484544
0.0479932
0.038072
0.0390222
0.0316317
0.0400416
0.0365034
0.0493659
0.0466357
0.0411701
0.0516874
0.0515514
0.0507237
0.0341081
0.0300673
0.0484018
0.0605531
0.0427531
0.0498286
0.0532345
0.0423558
0.0430482
0.0279009
0.0484283
0.0491459
0.044537
0.0455399
0.0382088
0.056892
0.0420916
0.0398031
0.0408284
0.042371
0.0374887
0.0378223
0.0442454
0.0494444
0.0398926
0.0343097
0.0401037
0.0477946
0.0359435
0.0507878
0.031765
0.0315892
0.0420341
0.0404668
0.0444837
0.0523473
0.0451624
0
0.0382933
0.0589661
0.0653606
0.0441978
0.0688397
0.0377049
0.0574166
0.0458557
0.10244
0.0536743
0.028984
0.0546885
0.0467784
0.041171
0.0604107
0.0617666
0.0727122
0.0334538
0.0467937
0.0322913
0.00142446
0.0562907
0.0266284
0.0494593
0.0715058
0.0742029
0.0435191
0.0617304
0.0465921
0.0666195
0.0540401
0.0380123
0.0564621
0.0677515
0.0420849
0.0576398
0.0426384
0.0605641
0.0708956
0.0704739
0.0475534
0.0667228
0.0433707
0.038324
0.0397659
0.0476959
0.0627456
0.0263932
0.0413453
0.0497743
0.0483157
0.0413077
0.0335751
0.0327898
0.0432886
0.0335853
0.0356816
0.0349623
0.0467905
0.0414878
0.0526069
0.056187
0.0657143
0.0128439
0.0460171
0.0346572
0.0422201
0.0368444
0.0518089
0.0604166
0.0525353
0.0700047
0.0609388
0.0580394
0.0710608
0.0657323
0.0585478
0.0678194
0.0636219
0.04348
0.0526605
0.0537455
0.0405392
0.0162294
0.0708966
0.0660093
0.04089
0.0481205
0.0628636
0.0467516
0.02825
0.0460146
0.0498871
0.0437592
0.0491143
0.0515023
0.0532396
0.0478957
0.0563801
0.0461671
0.0443181
0.0724449
0.0555136
0.0513056
0.0713118
0.0579403
0.0582234
0.0738975
0.064369
0.0728351
0.0879462
0.0868377
0.0961555
0.0712682
0.0850651
0.0514289
0.0652077
0.043245
0.0385051
0.0456696
0.0339387
0.0342323
0.0378583
0.0453211
0.0488085
0.0371364
0.0383306
0.0336576
0.0516985
0.0483344
0.0552205
0.0435925
0.0406173
0.039034
0.0321884
0.0295554
0.0334798
0.0540097
0.0356162
0.0355885
0.0392876
0.0332513
0.0401083
0.0374044
0.0489269
0.0341801
0.0314139
0.036865
0.0288896
0.0360176
0.0349729
0.0456153
0.036715
0.042296
0.0311173
0.0392258
0.0301563
0.0441152
0.0428869
0.0440059
0.0492256
0.0418808
0.0322865
0.0359396
0.0491606
0.0406776
0.0454385
0.0474333
0.0501546
0.0442819
0.0362036
0.0471179
0.0397841
0.0494049
0.0308717
0.0406259
0.0442794
0.051353
0.053867
0.0393783
0.0450896
0.0525044
0.0459989
0.0428033
0.0527158
0.0636909
0.0500259
0.0465747
0.0507555
0.0410029
0.0508069
0.0552113
0.0411361
0.0487155
0.0472293
0.0452904
0.0418479
0.0417875
0.04351
0.0434667
0.0360252
0.045749
0.037462
0.0405355
0.0479407
0.0392905
0.0460483
0.0403722
0.0470198
0.0476737
0.0408808
0.0445764
0.0505375
0.0444902
0.0520208
0.0463877
0.0552866
0.0538034
0.060332
0.0532162
0.0714618
0.06352
0.0538773
0.0570989
0.0708352
0.0742896
0.0848688
0.0656822
0.0681901
0.0703794
0.0609286
0.0605555
0.0570997
0.0504887
0.0399829
0.0502452
0.0543554
0.0479137
0.0472995
0.0473668
0.0400191
0.0338219
0.0507351
0.0458641
0.0384865
0.0347048
0.0452271
0.0442634
0.0419636
0.0451073
0.0424329
0.0438687
0.0447684
0.0446722
0.0519154
0.0420644
0.0470901
0.0478633
0.0488433
0.0603744
0.0575354
0.0561591
0.0624487
0.0589248
0.0740467
0.0675632
0.0764371
0.0720075
0.0703894
0.0802295
0.061321
0.0684703
0.0689058
0.0465063
0.0456103
0.0549361
0.0535424
0.0564369
0.0505935
0.0510306
0.0537551
0.0553571
0.052468
0.0499044
0.052036
0.05485
0.048154
0.0503813
0.0520697
0.0561439
0.0476037
0.0522769
0.054821
0.059388
0.0506093
0.0552106
0.0528825
0.0531709
0.0595067
0.0583087
0.0544838
0.057344
0.0565891
0.0549101
0.053795
0.0628356
0.0631263
0.0685351
0.0731607
0.0715241
0.0639514
0.0669273
0.0724225
0.0586876
0.0642062
0.0525203
0.0518476
0.0482308
0.0486995
0.0447465
0.0549125
0.0492886
0.0486359
0.0517779
0.0611221
0.0460225
0.0426181
0.0582122
0.054535
0.0496598
0.0315511
0.043954
0.0310136
0.0296457
0.0402403
0.0525202
0.0416527
0.0413398
0.0439277
0.0351096
0.0341425
0.0398598
0.0498887
0.0356237
0.052824
0.0490942
0.0362087
0.0375071
0.0446204
0.035641
0.0419395
0.0424077
0.0437562
0.0382575
0.0369393
0.0379892
0.0386321
0.0470386
0.0414626
0.0389746
0.0533189
0.0421547
0.04836
0.0342387
0.0370333
0.0398523
0.0432299
0.0295611
0.035683
0.0308539
0.0345774
0.0373398
0.0319976
0.0374928
0.0480258
0.04953
0.0544227
0.0582249
0.0575395
0.0615351
0.0645576
0.0724156
0.0688025
0.0810686
0.0762299
0.0732187
0.0657345
0.071676
0.0740891
0.0778005
0.0751947
0.0735802
0.0588228
0.0741863
0.0800791
0.0652138
0.0934663
0.0594958
0.0618019
0.0684266
0.0670611
0.0660104
0.0675141
0.0696296
0.0746489
0.0771343
0.0763039
0.0810305
0.0696997
0.0591564
0.0469739
0.0676161
0.0783539
0.0506578
0.0686268
0.0602496
0.0693584
0.0742329
0.0785998
0.0757871
0.0682625
0.0838007
0.0596593
0.0698992
0.0795171
0.065323
0.0673887
0.0856825
0.0842864
0.0968737
0.0981282
0.0824991
0.0774902
0.0806024
0.0850303
0.0857784
0.0869173
0.0816404
0.0711512
0.0737681
0.079798
0.0732324
0.0870285
0.0450762
0.0592575
0.0425767
0.0324394
0.0620624
0.115059
0.0911544
0.0557882
0.0606175
0.0765376
0.076106
0.0366623
0.0345765
0.0986637
0.0899995
0.0531851
0.0957122
0.0714806
0.0447206
0.0799038
0.0954933
0.0640396
0.0764972
0.0868077
0.10549
0.0885867
0.102073
0.0576583
0.0885481
0.0948703
0.117248
0.0763379
0.0891491
0.0949154
0.0970929
0.0996472
0.0906086
0.0877569
0.0895384
0.0962786
0.0974026
0.100061
0.0831152
0.0980078
0.0888911
0.0873642
0.069423
0.0699144
0.0763073
0.0606732
0.0594454
0.0474148
0.0769789
0.065834
0.0336519
0.108895
0.0447136
0.100244
0.0697542
0.0734062
0.0476586
0.0718836
0.0786003
0.0917466
0.0705409
0.091602
0.0717527
0.0377465
0.0730771
0.0792963
0.0825724
0.0823414
0.0695305
0.0526174
0.0895187
0.0645882
0.0776251
0.100555
0.0647492
0.100023
0.106175
0.0798598
0.084166
0.0668757
0.0969881
0.093406
0.104277
0.103688
0.0978396
0.0902038
0.0880183
0.0945893
0.109162
0.113796
0.0955818
0.0879012
0.115657
0.08663
0.0865746
0.0949233
0.10871
0.0674329
0.0835633
0.0691008
0.0719358
0.0843259
0.00826468
0.0727769
0.0972162
0.10289
0.0241946
0.0295014
0.0543627
0.0923372
0.0514193
0.0688959
0.114185
0.0894504
0.0726998
0.0611881
0.0572278
0.0874636
0.0968105
0.0781387
0.104898
0.0994773
0.0696911
0.100559
0.09157
0.0699918
0.0408828
0.0760312
0.107629
0.0831648
0.0810326
0.0671331
0.0879114
0.0482869
0.0680836
0.115889
0.118963
0.142439
0.0393482
0.117096
0.0676573
0.0544835
0.0443524
0.134048
0.0731278
0.0266641
0.031289
0.052725
0.0915525
0.0585967
0.0401509
0.0889922
0.135242
0.111858
0.101226
0.0766336
0.0776972
0.0964886
0.0908867
0.0890558
0.121274
0.125055
0.0538844
0.0931117
0.103544
0.0532457
0.0599371
0.0659547
0.0579966
0.0929261
0.0975709
0.055992
0.092382
0.135287
0.105142
0.0519213
0.0632557
0.0210449
0.0297843
0.0511216
0.0384163
0.0901985
0.0179965
0.0685547
0.0501285
0.0622942
0.03827
0.0486717
0.0640342
0.098672
0.145628
0.0294464
0.0372986
0.0654818
0.0538235
0.0645548
0.0494969
0.0707056
0.0594773
0.0414481
0.0854477
0.00643088
0.0484824
0.0388671
0.0900436
0.0832594
0.0429943
0.065194
0.105283
0.0956802
0.0807357
0.054549
0.0732279
0.0651675
0.049011
0.0693599
0.100798
0.123307
0.117248
0.0533108
0.108126
0.114232
0.0668039
0.086216
0.123307
0.0667243
0.0935339
0.0734643
0.0526562
0.085057
0.00994965
0.0737998
0.0619692
0.0974321
0.0613133
0.105317
0.0656234
0.0683337
0.0611178
