0.143061
0.127659
0.122769
0.130865
0.145915
0.134529
0.134275
0.149978
0.152965
0.158243
0.154731
0.159993
0.164024
0.166086
0.170092
0.176983
0.175842
0.171288
0.17388
0.174648
0.167128
0.176405
0.171227
0.180842
0.182799
0.189839
0.196429
0.200403
0.201085
0.208132
0.2059
0.20983
0.21224
0.212017
0.214564
0.21973
0.222635
0.216642
0.210456
0.209047
0.205323
0.200003
0.204478
0.210278
0.223662
0.225158
0.230002
0.235993
0.23512
0.236357
0.2375
0.223677
0.211384
0.209289
0.209634
0.209858
0.224409
0.250686
0.243284
0.236618
0.224216
0.192533
0.163732
0.148224
0.144992
0.127531
0.125526
0.119537
0.131888
0.124084
0.121825
0.118855
0.11264
0.112955
0.11815
0.113638
0.113748
0.118405
0.115901
0.121765
0.117113
0.111136
0.121155
0.120859
0.118353
0.127814
0.130357
0.132782
0.142232
0.137485
0.145459
0.145463
0.155643
0.161663
0.1655
0.177431
0.187275
0.194241
0.203739
0.208224
0.217566
0.210629
0.205046
0.192295
0.185623
0.173896
0.168489
0.168165
0.170594
0.170845
0.17399
0.176543
0.179887
0.177403
0.17633
0.177106
0.17086
0.163271
0.150731
0.156692
0.15657
0.161735
0.170464
0.18284
0.187881
0.185932
0.195839
0.196272
0.196642
0.201928
0.203303
0.209318
0.207752
0.209277
0.209522
0.210403
0.214827
0.220951
0.217749
0.210305
0.19937
0.18253
0.170215
0.1651
0.180124
0.182307
0.18966
0.193236
0.194669
0.206451
0.209753
0.222294
0.230581
0.231582
0.23876
0.239208
0.243385
0.24346
0.24899
0.244532
0.242706
0.246044
0.246532
0.241149
0.222446
0.179337
0.151897
0.128742
0.121256
0.119676
0.107178
0.114946
0.115111
0.112454
0.116463
0.110353
0.124405
0.116086
0.121751
0.122088
0.133074
0.141334
0.136585
0.134129
0.139451
0.130105
0.132724
0.126319
0.127248
0.12653
0.130805
0.129965
0.129953
0.13166
0.13877
0.136127
0.135125
0.136051
0.122895
0.127003
0.119115
0.101666
0.101499
0.106911
0.110241
0.105337
0.116989
0.125985
0.127304
0.127253
0.134343
0.146079
0.144149
0.147282
0.150809
0.159118
0.159689
0.15978
0.164285
0.167424
0.168386
0.165487
0.159683
0.1532
0.146629
0.123028
0.135694
0.135712
0.128431
0.127441
0.138746
0.132317
0.136301
0.147942
0.150017
0.156317
0.166522
0.170227
0.169653
0.178432
0.185841
0.188309
0.195227
0.204197
0.204475
0.207267
0.206741
0.214006
0.218636
0.218495
0.219014
0.222375
0.222707
0.212122
0.210728
0.200169
0.1709
0.164989
0.144734
0.136848
0.137435
0.137068
0.140275
0.146208
0.147815
0.145719
0.144108
0.161046
0.170315
0.175218
0.172419
0.177081
0.190796
0.184144
0.205003
0.193732
0.201734
0.201031
0.202365
0.203074
0.198011
0.185094
0.155268
0.13955
0.127928
0.120022
0.120408
0.121167
0.126047
0.118568
0.130262
0.141058
0.145844
0.138943
0.137744
0.150056
0.124185
0.142958
0.146225
0.133695
0.131438
0.137757
0.135708
0.12445
0.124442
0.129797
0.128561
0.126742
0.122497
0.133934
0.132552
0.13236
0.130958
0.11856
0.129229
0.0954667
0.111623
0.107972
0.11825
0.121208
0.115388
0.103502
0.0900607
0.117243
0.109969
0.0996633
0.103193
0.129237
0.108472
0.117248
0.121774
0.125338
0.136264
0.135225
0.146091
0.151421
0.144833
0.151068
0.155777
0.150488
0.164911
0.153239
0.160675
0.149975
0.158636
0.131525
0.129269
0.119858
0.136687
0.124879
0.113381
0.117691
0.11458
0.103534
0.105753
0.114554
0.11673
0.111592
0.115466
0.140289
0.117419
0.13654
0.133972
0.136848
0.131147
0.138396
0.142009
0.147516
0.156077
0.172809
0.176821
0.178858
0.179805
0.184055
0.190776
0.188081
0.194952
0.178339
0.175629
0.148324
0.112211
0.116646
0.107496
0.0926544
0.104935
0.0991861
0.111582
0.109516
0.119029
0.120634
0.119722
0.127577
0.11575
0.126956
0.110918
0.127092
0.122194
0.118567
0.115076
0.121688
0.115333
0.119674
0.115158
0.124002
0.129178
0.122061
0.134193
0.132409
0.146813
0.159022
0.16958
0.185624
0.194354
0.202415
0.202486
0.203594
0.195389
0.192309
0.160614
0.16368
0.170717
0.140638
0.159866
0.147467
0.151881
0.147586
0.165812
0.16079
0.167005
0.15748
0.16082
0.16219
0.163151
0.159595
0.156822
0.152827
0.14701
0.146855
0.14377
0.14325
0.151865
0.135531
0.137222
0.140134
0.12368
0.123573
0.138779
0.135435
0.118497
0.144166
0.143399
0.130582
0.123098
0.126366
0.137863
0.128118
0.132285
0.123513
0.127368
0.141391
0.1263
0.145377
0.1509
0.130227
0.146145
0.147813
0.145088
0.146133
0.14605
0.163197
0.162155
0.175875
0.17001
0.163387
0.177719
0.184814
0.177272
0.180477
0.191025
0.20877
0.221266
0.241987
0.23293
0.240408
0.233589
0.209467
0.21484
0.144768
0.135006
0.123017
0.147799
0.174602
0.213724
0.251765
0.32733
0.359487
0.374341
0.382956
0.352262
0.293024
0.217028
0.155459
0.136656
0.119573
0.114572
0.130178
0.113783
0.124256
0.136885
0.132445
0.117901
0.124139
0.137284
0.149363
0.143721
0.134646
0.151207
0.146382
0.129709
0.152168
0.16216
0.155912
0.147953
0.134062
0.100169
0.109389
0.121391
0.108745
0.131101
0.121138
0.111695
0.100454
0.0996669
0.0858108
0.109579
0.0927865
0.104437
0.1048
0.104484
0.0988756
0.106749
0.118954
0.120537
0.109621
0.107863
0.129601
0.111055
0.123102
0.113526
0.130773
0.113288
0.124528
0.117312
0.125803
0.105063
0.126153
0.116177
0.129657
0.101334
0.103821
0.104445
0.105121
0.132748
0.114202
0.12156
0.128249
0.143752
0.138218
0.136757
0.122281
0.134985
0.117378
0.105415
0.118515
0.120559
0.116011
0.108318
0.125346
0.118932
0.12182
0.125837
0.124459
0.122531
0.125414
0.118082
0.143862
0.146077
0.112757
0.11568
0.133492
0.105336
0.117897
0.131218
0.109157
0.108786
0.119504
0.109469
0.0921088
0.109404
0.0897454
0.0773324
0.0946209
0.102839
0.0839185
0.100149
0.0825681
0.0804485
0.0788052
0.0822503
0.0660436
0.112265
0.0838159
0.10009
0.100949
0.0824636
0.0971168
0.0882908
0.109097
0.101184
0.0805415
0.0736854
0.0738061
0.0577204
0.0591062
0.0817943
0.0698556
0.0799523
0.0815589
0.0863257
0.110579
0.0970161
0.108893
0.103413
0.120588
0.10513
0.127338
0.0966061
0.0968417
0.0896074
0.093336
0.0614616
0.0483447
0.0690387
0.0604978
0.0613252
0.0729431
0.0949973
0.0905243
0.0847595
0.083771
0.101193
0.0955871
0.110924
0.0927218
0.119822
0.0956548
0.0800564
0.0841129
0.103673
0.0950239
0.110617
0.12517
0.11749
0.112968
0.132806
0.117117
0.110156
0.132065
0.111525
0.106031
0.105232
0.076751
0.13959
0.110122
0.114716
0.117933
0.104977
0.124015
0.105809
0.10762
0.12574
0.115393
0.125474
0.103135
0.131587
0.0982368
0.120379
0.0912243
0.090653
0.0935522
0.0984007
0.107256
0.0894632
0.0971121
0.0846239
0.0868294
0.0948825
0.0725314
0.0770358
0.0692538
0.0524464
0.0571657
0.0625122
0.0528752
0.0505548
0.0645015
0.0626863
0.0419433
0.047672
0.0313705
0.0371777
0.0392826
0.0546138
0.0427087
0.048675
0.0497908
0.0433691
0.0524044
0.0475266
0.0529028
0.044847
0.0368681
0.0425546
0.0375586
0.0317179
0.0451058
0.0421536
0.0465277
0.0507251
0.0333092
0.047463
0.0513886
0.0475587
0.0445114
0.0446742
0.049598
0.0605021
0.052084
0.0480404
0.0387659
0.0543636
0.0434272
0.0646765
0.0591204
0.0659113
0.0549571
0.0579261
0.053155
0.0394987
0.0497674
0.0446968
0.0481854
0.0525865
0.0306178
0.0314864
0.0174831
0.0352006
0.0333994
0.0312105
0.0512619
0.0523421
0.0377717
0.0329795
0.0482903
0.0422303
0.0428868
0.0319879
0.0442536
0.0339571
0.0383731
0.0366784
0.0428499
0.0415686
0.0315662
0.0449593
0.0281723
0.0663899
0.0541558
0.0371962
0.0808763
0.0616748
0.0875057
0.0575494
0.0632843
0.0859768
0.0783127
0.0874717
0.0745565
0.0857294
0.0812578
0.0758927
0.0824999
0.098231
0.076316
0.0895367
0.0901698
0.0907228
0.0988467
0.0874793
0.0880667
0.119627
0.111315
0.125495
0.12948
0.123105
0.118136
0.150948
0.139351
0.148977
0.13139
0.138245
0.119673
0.129851
0.0931829
0.0791567
0.0962502
0.102951
0.0951041
0.111484
0.123994
0.112006
0.104981
0.128184
0.123418
0.10087
0.125169
0.115694
0.130187
0.140854
0.12753
0.101587
0.124472
0.104959
0.12224
0.119561
0.119127
0.14876
0.110816
0.149898
0.138842
0.177086
0.129216
0.111992
0.111311
0.120768
0.0908282
0.10998
0.101782
0.0963748
0.0688227
0.0899013
0.0706779
0.0461968
0.0548929
0.0548953
0.0353114
0.0297491
0.0222668
0.0151887
0.0164191
0.00959744
0.0185653
0.0189583
0.0162996
0.014526
0.0101791
0.00858565
0.016651
0.0159738
0.0118749
0.0138643
0.0133082
0.0198327
0.0182313
0.0228171
0.0151566
0.0190971
0.0189627
0.0156515
0.011249
0.0103503
0.00424956
0.00487676
0.00325441
0.0104868
0.010156
0
0.00843246
0.00467897
0.000683298
0.0100494
0.0107999
0.00454619
0.00843045
0.0178604
0.0104124
0.0155838
0.0152044
0.00699159
0.0127763
0.0136645
0.0138424
0.01312
0.0113374
0.0163534
0.00965456
0.0123407
0.00667752
0.0149673
0.0105875
0.00971757
0.0154587
0.0171513
0.0149706
0.0187103
0.0156187
0.0250644
0.0237364
0.0137068
0.0273611
0.0122859
0.02107
0.0237211
0.0176865
0.0200842
0.0180135
0.0180274
0.0130434
0.0207835
0.0173515
0.0220627
0.0267201
0.0203545
0.023457
0.0271811
0.0220592
0.0231549
0.023925
0.0165654
0.0184257
0.0175087
0.0183323
0.0249161
0.0135574
0.0213735
0.0239414
0.0166539
0.0144927
0.0174016
0.0194255
0.0247286
0.0189938
0.0116925
0.0218973
0.0193824
0.0105752
0.0162509
0.0146544
0.0181147
0.0205114
0.025403
0.0223488
0.0345686
0.0345832
0.0260758
0.033666
0.0390138
0.0346171
0.0272047
0.0384701
0.0333941
0.0377912
0.0378541
0.0362331
0.0487119
0.0423399
0.0468677
0.0457405
0.0433736
0.0454227
0.0394217
0.0433618
0.0387794
0.0540913
0.0559057
0.0515577
0.064754
0.0515374
0.0630686
0.0660776
0.0716971
0.0669207
0.0600409
0.0679511
0.0689976
0.0688622
0.0565588
0.0646663
0.0572557
0.065676
0.0614204
0.0526032
0.0611933
0.0721938
0.063117
0.0567141
0.0630617
0.0625552
0.0781422
0.0647962
0.0738352
0.068624
0.0763899
0.0736739
0.0560294
0.0662416
0.0623635
0.0562901
0.0653472
0.0512223
0.0557753
0.0540632
0.0596006
0.0585142
0.0590505
0.0590103
0.0536374
0.0434862
0.0614669
0.06027
0.0560236
0.0527151
0.0619319
0.0698657
0.0506229
0.0414226
0.069024
0.0556379
0.0588089
0.0631374
0.0316625
0.0548841
0.0503986
0.0394362
0.0455912
0.0333203
0.0465151
0.0409402
0.0445995
0.0413403
0.0276158
0.040893
0.0369212
0.0270588
0.0351279
0.0389658
0.0374597
0.0366074
0.0493928
0.0374337
0.0439284
0.0406528
0.0402609
0.033799
0.0275492
0.0323716
0.0266179
0.0253611
0.0186454
0.0127687
0.000710177
0.00589902
0.0252672
0.0160374
0.00745848
0.012429
0.0132723
0.0163079
0.0155468
0.0108284
0.0115519
0.00863613
0.0242783
0.0210388
0.012559
0.0211741
0.0177845
0.031193
0.0184768
0.0254483
0.0267999
0.0429081
0.0331672
0.031962
0.038471
0.0298718
0.023746
0.0147109
0.0212741
0.0122003
0.0218329
0.0202373
0.0159365
0.0219598
0.0139518
0.00734589
0.00709556
0.0106652
0.0243368
0.0089579
0.00695918
0.0176607
0.012658
0.019856
0.0136919
0.0105387
0.0135413
0.0184158
0.017095
0.0157265
0.0225457
0.0244123
0.0164606
0.00570342
0.0197157
0.00828868
0.00991638
0.00876382
0.0195807
0.0162913
0.0138462
0.012644
0.010681
0.0141501
0.00950761
0.0150689
0.0153779
0.0138378
0.0183172
0.0206982
0.0137276
0.012163
0.0137667
0.0124714
0.0204879
0.0206671
0.0114531
0.0099496
0.0242748
0.0302482
0.0227103
0.0220618
0.02654
0.0188621
0.0181467
0.0214058
0.0219143
0.0211736
0.0178149
0.0220195
0.0119361
0.0147944
0.0133286
0.018528
0.0138531
0.0105988
0.0120868
0.00911594
0.0154209
0.0151232
0.0161263
0.0160782
0.00892365
0.0111122
0.0144029
0.0151777
0.0226688
0.0189756
0.0226724
0.0159832
0.0238738
0.0252394
0.0352351
0.0278776
0.0212827
0.0264383
0.0230102
0.0240107
0.0256423
0.0267355
0.0263728
0.0262305
0.0259266
0.0233313
0.0218686
0.0235906
0.0245581
0.0239598
0.0241521
0.0318522
0.0256746
0.0283011
0.0241985
0.0298019
0.0286627
0.0232127
0.0300596
0.0322637
0.0277108
0.0336484
0.0469656
0.0413262
0.0569267
0.0742976
0.133925
0.279948
0.458967
0.554963
0.561477
0.526556
0.44853
0.270683
0.127976
0.0767039
0.0563759
0.050759
0.0444594
0.0403636
0.0469045
0.0461488
0.0389104
0.0484599
0.0416472
0.036311
0.0418797
0.03797
0.037391
0.0406259
0.0397406
0.0396631
0.0368666
0.0354125
0.0347832
0.0370947
0.0402745
0.0396863
0.0361374
0.0372629
0.0315823
0.0373845
0.038294
0.0337019
0.0388935
0.0382683
0.0307015
0.0339534
0.0382667
0.03882
0.0317386
0.0353965
0.0271874
0.0371526
0.0365871
0.0410239
0.0336016
0.0364896
0.0385146
0.035407
0.0443295
0.0326742
0.0428839
0.0369207
0.0491226
0.0404611
0.0360605
0.0429979
0.0412112
0.035475
0.0418049
0.0380913
0.03773
0.0394231
0.0330551
0.0335408
0.0286083
0.0440415
0.0346266
0.0381282
0.0256082
0.0364136
0.0283033
0.0323693
0.039453
0.0281172
0.0333064
0.0370653
0.0351747
0.044718
0.0263519
0.0370347
0.0379137
0.0352316
0.0341616
0.0373903
0.0391589
0.0365566
0.0305029
0.0384707
0.035764
0.0382657
0.0388658
0.0372012
0.0407323
0.0436064
0.0444288
0.0408651
0.0349175
0.0443617
0.0467222
0.0494472
0.0451642
0.04464
0.037382
0.035973
0.0429875
0.03205
0.0543186
0.0447635
0.0552282
0.0473913
0.0549363
0.0523621
0.0672427
0.0618223
0.056587
0.0568124
0.055338
0.0694438
0.0422579
0.0562929
0.0441472
0.0418468
0.0597494
0.0522226
0.0421044
0.0435429
0.0475943
0.0363139
0.0519007
0.0528768
0.0649682
0.0554148
0.0465847
0.0615664
0.0613961
0.0415735
0.0497537
0.0690319
0.0595454
0.0491343
0.0703332
0.0510469
0.0591966
0.065921
0.0561376
0.064649
0.0723366
0.0568666
0.0610931
0.0918458
0.0473576
0.0589457
0.0647106
0.0824508
0.0762609
0.084336
0.0883709
0.100155
0.084373
0.0682231
0.0702414
0.101293
0.0862846
0.0612568
0.0842929
0.0490115
0.0697597
0.087715
0.104599
0.126083
0.102006
0.116424
0.134852
0.0910887
0.100104
0.120296
0.0866936
0.0745972
0.0798573
0.0714614
0.10829
0.0704355
0.0864434
0.0801304
0.0628529
0.0816303
0.101999
0.0568593
0.073758
0.0691439
0.102341
0.0957504
0.0550657
0.0724904
0.0687146
0.0655407
0.0759071
0.0716914
0.0778437
0.0625942
0.0783021
0.0484058
0.0914868
0.0679518
0.0791677
0.0423755
0.0799033
0.0685591
0.0560461
0.0449706
0.0536755
0.0534532
0.0633327
0.0658679
0.0886421
0.0707278
0.0876227
0.117982
0.0852856
0.101741
0.0834876
0.100804
0.0726862
0.0582932
0.0664728
0.0656406
0.0416053
0.0387862
0.03946
0.0773798
0.0634545
0.0401993
0.0540214
0.0392075
0.0585264
0.0512988
0.0436679
0.0625629
0.0532717
0.0716513
0.0578449
0.0725566
0.0597969
0.0748705
0.0951364
0.0975234
0.0968783
0.100371
0.104312
0.117272
0.122905
0.129145
0.153399
0.153652
0.156631
0.139215
0.135219
0.0819516
0.0578228
0.0474233
0.0589844
0.0354468
0.0528927
0.0450128
0.0458897
0.0408649
0.035514
0.041891
0.0328971
0.0553874
0.0404729
0.046338
0.0397545
0.0534757
0.0548377
0.0369107
0.0449736
0.0562027
0.0443862
0.0498898
0.0450305
0.0499329
0.038274
0.0315185
0.0456804
0.0360287
0.0264151
0.0373255
0.0351735
0.0402464
0.0359303
0.0409456
0.0423494
0.0480764
0.0358625
0.0508121
0.0353359
0.0346504
0.0401285
0.0336386
0.0359947
0.0422683
0.0355492
0.0376855
0.0315166
0.0423871
0.0363764
0.0396679
0.0386503
0.0357966
0.0500247
0.0458318
0.0348332
0.0424379
0.0377156
0.0474684
0.0515457
0.043948
0.0421796
0.0330051
0.0397134
0.037375
0.0313121
0.0416505
0.0343789
0.028426
0.0374145
0.0337029
0.0423315
0.0346016
0.0422155
0.0392725
0.0343668
0.0420394
0.041314
0.0452003
0.0353863
0.036785
0.0378115
0.0410759
0.0296124
0.0349823
0.0345216
0.0290847
0.0303228
0.0274369
0.0364695
0.0394416
0.0297712
0.0419526
0.0346669
0.0383863
0.0455381
0.0416566
0.0424824
0.0517002
0.0485251
0.04259
0.0513124
0.0477684
0.0544354
0.0576536
0.0494668
0.0686019
0.0662874
0.0571981
0.0719103
0.0726806
0.0894379
0.0819312
0.0835976
0.0764704
0.0653484
0.0606679
0.0555337
0.0415913
0.0480689
0.0364176
0.0300533
0.0274213
0.0307661
0.0388051
0.03765
0.0322653
0.0322804
0.0395224
0.0327067
0.0392219
0.0339239
0.0426773
0.0414093
0.04212
0.0386795
0.0435907
0.0497122
0.0406692
0.0502157
0.0492
0.0568872
0.0501354
0.0585152
0.0612283
0.0717617
0.0732594
0.0797997
0.0889339
0.0970476
0.102347
0.106012
0.113624
0.108475
0.103098
0.0900174
0.0885009
0.0863396
0.0661607
0.063031
0.0653003
0.0644957
0.0667097
0.0351746
0.0494883
0.0402872
0.0550034
0.0710946
0.0534544
0.0606545
0.0393301
0.0548075
0.0534199
0.0560546
0.0499588
0.0597169
0.0590818
0.0641545
0.0593683
0.0651671
0.0689341
0.0644502
0.0723648
0.0689383
0.0769121
0.080535
0.0853801
0.0775392
0.0944147
0.0953379
0.0955551
0.10301
0.112951
0.11836
0.116285
0.122358
0.113867
0.114335
0.105094
0.0909824
0.0834716
0.0760329
0.066334
0.0687973
0.0600144
0.0600937
0.0659416
0.0525274
0.0525535
0.0585351
0.061748
0.0572025
0.058495
0.0600844
0.0592555
0.0543402
0.0457814
0.0488207
0.0589016
0.0470445
0.055283
0.0541451
0.0436357
0.0554374
0.0350616
0.0392691
0.036444
0.0528937
0.052894
0.0453328
0.0491709
0.0543567
0.0537914
0.0489408
0.042663
0.0455821
0.0485924
0.0459635
0.0494842
0.0454451
0.0402495
0.0464086
0.0437267
0.0479025
0.0502188
0.0402243
0.0533543
0.0511988
0.0460419
0.046869
0.0466224
0.0520508
0.046943
0.0449961
0.0470621
0.0452118
0.0473402
0.0481436
0.0486696
0.0469263
0.0531508
0.0529487
0.0632705
0.0648115
0.0718029
0.0673689
0.0803367
0.08454
0.0843575
0.0932075
0.0896876
0.0857314
0.0736898
0.0915716
0.0799274
0.0873766
0.0845451
0.0703349
0.090433
0.0940724
0.0906298
0.100349
0.0918225
0.105431
0.103514
0.102535
0.105126
0.100673
0.104892
0.113439
0.118577
0.124868
0.124015
0.0954326
0.123773
0.0945409
0.104866
0.0836655
0.111956
0.0853433
0.0917684
0.0481606
0.0654913
0.0860539
0.0798128
0.0787226
0.084215
0.0915415
0.0946942
0.101694
0.108655
0.107404
0.120202
0.122508
0.12592
0.129219
0.115842
0.11561
0.118605
0.123633
0.115003
0.110149
0.0959292
0.100934
0.108153
0.090702
0.0966569
0.0953009
0.107288
0.0936458
0.0889573
0.068844
0.0855536
0.0883911
0.112845
0.13378
0.118185
0.119632
0.0945759
0.11839
0.0880942
0.121182
0.0844665
0.13554
0.152501
0.114179
0.111572
0.113624
0.130516
0.133873
0.142038
0.110962
0.146331
0.139621
0.129813
0.144795
0.168631
0.149043
0.132763
0.146342
0.163664
0.172945
0.172057
0.174097
0.172782
0.153215
0.155352
0.159385
0.161105
0.156453
0.148782
0.137411
0.133664
0.122543
0.11066
0.0990247
0.109447
0.0822996
0.0899797
0.0971197
0.10595
0.102549
0.0750159
0.0940848
0.0687024
0.0950846
0.0898347
0.0826441
0.0831736
0.110908
0.0729179
0.103995
0.0894464
0.0956108
0.126244
0.0814472
0.107144
0.118442
0.12846
0.140265
0.151029
0.127224
0.173194
0.117403
0.14339
0.173467
0.162158
0.163792
0.148689
0.152924
0.154662
0.17953
0.15936
0.180536
0.1644
0.181952
0.182166
0.180893
0.173393
0.18374
0.190062
0.199323
0.193822
0.186628
0.184064
0.163772
0.168003
0.180145
0.162951
0.153882
0.149933
0.126927
0.101123
0.111982
0.101296
0.0837105
0.12586
0.106786
0.0931484
0.0972884
0.0668942
0.0700275
0.0814603
0.0782733
0.100736
0.122783
0.0834627
0.0899699
0.0864506
0.0855973
0.0734061
0.108791
0.10639
0.111762
0.0651343
0.0847368
0.0941078
0.0977588
0.0994688
0.107772
0.0959677
0.111886
0.110429
0.106898
0.0996613
0.0841816
0.135814
0.0749598
0.126146
0.0863321
0.136474
0.146092
0.138261
0.133123
0.096805
0.0845273
0.148357
0.120107
0.0785902
0.142651
0.128399
0.113537
0.102495
0.0858957
0.126653
0.171867
0.116197
0.0862428
0.108995
0.106072
0.0843566
0.103349
0.133255
0.127146
0.120577
0.113256
0.127641
0.107325
0.159881
0.139952
0.0892444
0.12643
0.0909411
0.101709
0.0854815
0.0814399
0.05754
0.0982544
0.0894907
0.0857166
0.0912841
0.0641392
0.0563057
0.0314899
0.0831489
0.103189
0.13241
0.0805579
0.124114
0.0959359
0.080705
0.0810976
0.106853
0.100888
0.0797629
0.0426919
0.159874
0.0750247
0.0846805
0.0580782
0.163928
0.0911917
0.0873195
0.100583
0.123555
0.0838918
0.0471325
0.135957
0.123206
0.159436
0.10934
0.154034
0.110766
0.119633
0.128286
0.0744556
0.135384
0.117598
0.0968093
0.129208
0.114807
0.151215
0.139907
0.124826
0.0987555
0.206405
0.143974
0.102418
0.101257
0.119972
0.152686
0.0627427
0.119351
0.118895
0.0855845
0.0686548
0.101204
0.0864569
0.0824468
0.0910952
0.0734583
