0.124202
0.114829
0.114707
0.114183
0.121148
0.12344
0.121933
0.130441
0.130507
0.142156
0.136257
0.143054
0.143674
0.142925
0.150417
0.152512
0.149632
0.145675
0.154716
0.148168
0.156109
0.147535
0.147476
0.154746
0.160037
0.166753
0.175084
0.176076
0.176463
0.179083
0.181894
0.181172
0.184994
0.184789
0.185632
0.190001
0.188884
0.186521
0.177834
0.182227
0.172308
0.17673
0.176622
0.186481
0.19883
0.198778
0.201588
0.207097
0.20324
0.205604
0.204859
0.194335
0.183185
0.181462
0.181908
0.181513
0.194255
0.215111
0.209407
0.204092
0.191667
0.164374
0.14492
0.125977
0.125908
0.114429
0.106726
0.0984954
0.109763
0.113795
0.105711
0.105874
0.099849
0.0984869
0.0994756
0.104256
0.0967825
0.0982454
0.101345
0.106322
0.106306
0.102273
0.102241
0.103904
0.113196
0.111709
0.111676
0.116904
0.121197
0.125079
0.120978
0.126813
0.135327
0.140375
0.144932
0.153312
0.163656
0.166411
0.174593
0.179112
0.18571
0.189656
0.177705
0.168527
0.163447
0.157615
0.149507
0.145162
0.148371
0.147982
0.153203
0.157299
0.154829
0.155467
0.153469
0.149718
0.145685
0.145553
0.13889
0.143339
0.144361
0.145347
0.145044
0.160388
0.15544
0.169739
0.169454
0.171598
0.170555
0.179393
0.17889
0.182757
0.18003
0.181078
0.181143
0.181037
0.184935
0.186213
0.18786
0.179697
0.1755
0.153912
0.149928
0.14959
0.154099
0.16321
0.168863
0.166893
0.169319
0.187085
0.188432
0.196329
0.198787
0.200243
0.205545
0.208284
0.210978
0.207916
0.210417
0.211815
0.209446
0.212483
0.212068
0.209195
0.19023
0.157283
0.132396
0.116547
0.105508
0.0994504
0.103396
0.108161
0.0987947
0.100463
0.102356
0.101212
0.10494
0.105296
0.111007
0.111054
0.112788
0.12074
0.117369
0.123388
0.11072
0.114182
0.119952
0.109775
0.110746
0.115047
0.111481
0.115969
0.114179
0.115899
0.123751
0.116271
0.120097
0.118471
0.108354
0.107621
0.0928051
0.0845063
0.0944099
0.0912203
0.0999967
0.0812066
0.100029
0.108531
0.109848
0.110688
0.122226
0.12934
0.134693
0.127548
0.131118
0.136295
0.135767
0.139911
0.144268
0.146391
0.150319
0.14336
0.136681
0.135382
0.131078
0.106735
0.105888
0.1177
0.114025
0.120366
0.122633
0.124961
0.119169
0.128023
0.135228
0.135269
0.14457
0.142092
0.14446
0.151096
0.1605
0.160634
0.169729
0.177969
0.177774
0.178376
0.177792
0.184905
0.188297
0.189226
0.181752
0.194114
0.190697
0.182015
0.179359
0.174722
0.148293
0.149535
0.120074
0.119884
0.107989
0.130117
0.120251
0.127106
0.134785
0.132525
0.133333
0.140113
0.156289
0.153995
0.147777
0.155763
0.16537
0.161758
0.168505
0.176067
0.174684
0.181385
0.175013
0.173244
0.165145
0.161562
0.140671
0.125286
0.11923
0.107626
0.11097
0.100362
0.121095
0.10949
0.121132
0.119185
0.126258
0.13257
0.11815
0.143095
0.106767
0.130918
0.127389
0.109104
0.116615
0.116735
0.118413
0.10979
0.116077
0.115899
0.111345
0.117281
0.111914
0.121782
0.117748
0.12069
0.116097
0.111962
0.114203
0.0977024
0.100045
0.102989
0.0964579
0.0983718
0.0904266
0.0968511
0.0950807
0.0998869
0.094239
0.0957963
0.101506
0.111181
0.097423
0.100069
0.105648
0.106563
0.110661
0.117707
0.130099
0.131417
0.12691
0.128785
0.132727
0.135686
0.140013
0.132828
0.134985
0.129354
0.137856
0.116944
0.124425
0.102187
0.122746
0.10553
0.101663
0.0938534
0.0930156
0.0964628
0.0977882
0.100849
0.113153
0.115627
0.0993183
0.122389
0.116072
0.126097
0.115409
0.123275
0.115236
0.120114
0.122297
0.136695
0.133677
0.147198
0.151067
0.158995
0.16073
0.166452
0.165003
0.160297
0.160091
0.157303
0.150589
0.126044
0.124227
0.0980242
0.106841
0.0895611
0.0965943
0.0845873
0.0929836
0.120769
0.0964452
0.105594
0.107676
0.123714
0.109946
0.112914
0.0926982
0.115741
0.11049
0.105343
0.100861
0.101129
0.102118
0.106235
0.10363
0.105729
0.106702
0.106055
0.116326
0.11571
0.121257
0.130099
0.152975
0.161462
0.175707
0.175126
0.177404
0.17564
0.169192
0.1559
0.137677
0.138129
0.145775
0.136243
0.141348
0.141091
0.148736
0.132175
0.14708
0.139054
0.136771
0.144262
0.135292
0.147685
0.14522
0.132956
0.138447
0.138992
0.127702
0.12308
0.130899
0.139165
0.139146
0.111535
0.137039
0.116345
0.107425
0.120967
0.138379
0.132873
0.115822
0.120309
0.131395
0.104867
0.115581
0.109333
0.143316
0.12576
0.111048
0.102061
0.125773
0.134528
0.12366
0.143098
0.142065
0.128655
0.135419
0.13676
0.131558
0.131513
0.145328
0.150598
0.144525
0.143747
0.144301
0.142191
0.15651
0.165534
0.165871
0.159242
0.15697
0.182846
0.182595
0.20488
0.18945
0.215395
0.201871
0.189931
0.188144
0.139048
0.129137
0.0980451
0.137728
0.167019
0.185929
0.22733
0.28378
0.315366
0.328463
0.34183
0.316355
0.251027
0.191601
0.141139
0.121908
0.114388
0.108112
0.118035
0.113306
0.110527
0.120703
0.117725
0.104658
0.121209
0.124017
0.1164
0.125244
0.119622
0.133944
0.130094
0.121107
0.129981
0.128882
0.136426
0.125707
0.123554
0.109193
0.115136
0.122107
0.0912268
0.110171
0.113048
0.101812
0.0967657
0.0929291
0.0922081
0.104836
0.0918364
0.0864883
0.0815914
0.0969324
0.0938214
0.10848
0.101965
0.106921
0.0997039
0.100126
0.116214
0.10952
0.105076
0.0996808
0.112603
0.120799
0.111692
0.0972927
0.119538
0.110261
0.128911
0.119796
0.106006
0.109576
0.0978883
0.0887404
0.0967196
0.106449
0.112148
0.112479
0.105116
0.124497
0.123308
0.129165
0.102673
0.108059
0.125794
0.105514
0.121523
0.117758
0.110304
0.0907781
0.121669
0.116915
0.112795
0.0986534
0.109858
0.114344
0.115683
0.103613
0.119833
0.138104
0.10471
0.113746
0.122221
0.115025
0.0966762
0.112225
0.112728
0.109875
0.102313
0.0789792
0.0875738
0.0991458
0.0856489
0.0730372
0.0826874
0.0921777
0.0816946
0.0979086
0.0859943
0.0745888
0.0858388
0.0633826
0.0808741
0.110356
0.0903065
0.0861016
0.0903353
0.0804613
0.0865702
0.0730728
0.0911713
0.0810226
0.0738179
0.0800085
0.0646643
0.0592546
0.0510488
0.0760809
0.0549042
0.0815218
0.0788337
0.0853938
0.104489
0.0884593
0.0942069
0.100898
0.105185
0.094558
0.111641
0.104879
0.0868158
0.0838884
0.0783574
0.0730515
0.0674144
0.0596132
0.0672477
0.0638315
0.068532
0.0783559
0.0780025
0.084914
0.0984526
0.106648
0.105386
0.10109
0.104767
0.102665
0.0816053
0.0598285
0.0902945
0.0957998
0.0864476
0.103437
0.0920288
0.13448
0.124995
0.136627
0.125889
0.112878
0.114744
0.104127
0.0981125
0.110005
0.0854992
0.128945
0.106714
0.108901
0.134753
0.0928197
0.131525
0.11511
0.102972
0.106671
0.125597
0.128305
0.102885
0.125765
0.0829582
0.111505
0.0943446
0.07989
0.0946508
0.12863
0.107387
0.0775793
0.0932617
0.0784038
0.0763799
0.0826592
0.070188
0.068227
0.0638881
0.0597619
0.0643307
0.0568142
0.0562701
0.0590238
0.0496065
0.0520606
0.0470239
0.0384918
0.0349723
0.0430139
0.039478
0.0538631
0.0428108
0.0439516
0.0482084
0.0337753
0.0414047
0.0321235
0.04482
0.0385569
0.0255805
0.0394758
0.0446788
0.036111
0.0361301
0.0508641
0.0409173
0.0411356
0.0381493
0.046361
0.0505441
0.0495157
0.0449445
0.0440096
0.0345333
0.0561791
0.0450126
0.0484196
0.038365
0.0366841
0.0472266
0.0531359
0.0687323
0.0562708
0.0547112
0.0509192
0.0510004
0.0582175
0.0386435
0.0367393
0.0451138
0.0540825
0.0217698
0.0287332
0.0268315
0.0276739
0.0321681
0.0170313
0.063458
0.0583479
0.0486476
0.0327057
0.0407532
0.0512686
0.0373841
0.0448379
0.0387963
0.033123
0.0346426
0.0329004
0.0402813
0.0422424
0.0324982
0.0521527
0.0298262
0.0584328
0.0404634
0.0357427
0.0562636
0.0729002
0.0735014
0.0437373
0.0554516
0.0713559
0.0704487
0.0736464
0.0510831
0.0723339
0.0542048
0.0813231
0.0829164
0.100739
0.0679131
0.0858706
0.100349
0.0698739
0.0833085
0.114361
0.0849704
0.110204
0.106986
0.0939317
0.124181
0.106939
0.127128
0.120768
0.137188
0.133442
0.131131
0.117666
0.102056
0.0966323
0.121143
0.0842344
0.0856463
0.0982489
0.0960824
0.103147
0.0883141
0.0779444
0.109329
0.0977883
0.117779
0.0957722
0.123121
0.119564
0.118047
0.111634
0.104813
0.0921834
0.110895
0.11282
0.115616
0.118824
0.114728
0.134639
0.120583
0.149727
0.12885
0.14014
0.109029
0.114109
0.104996
0.0918198
0.0704261
0.102244
0.0960086
0.0839233
0.0662983
0.0771873
0.0626187
0.0372807
0.0452512
0.0440073
0.0272359
0.0319062
0.0215433
0.0314975
0.0156233
0.0175697
0.00926265
0.017935
0.00664568
0.015958
0.0118421
0.0130693
0.0130867
0.0123863
0.00970808
0.0124079
0.0189205
0.0158269
0.0213365
0.0246996
0.0263499
0.0292837
0.0224038
0.0172236
0.0126505
0.0136976
0.00193549
0.00176938
0.00569742
0.00911915
0.0102569
0.00741745
0.00448586
0.00386669
0.00562155
0.010951
0.00646301
0.00796237
0.00751511
0.0116723
0.011847
0.01333
0.0169616
0.00983608
0.0179137
0.0134509
0.0178424
0.0101949
0.00909488
0.0167038
0.0141612
0.0200231
0.00592092
0.0132834
0.00959938
0.0112373
0.0157509
0.00901986
0.0134276
0.0150298
0.0159517
0.0176111
0.0247284
0.01717
0.0199354
0.0123212
0.0221334
0.0182559
0.0159153
0.00985624
0.0132922
0.0144435
0.0155382
0.0199221
0.0172705
0.0188543
0.0202749
0.0141426
0.0208413
0.0173819
0.0133283
0.0151168
0.0266646
0.0261445
0.0162936
0.0243443
0.0154124
0.021018
0.0110751
0.0114867
0.0229041
0.0139116
0.014733
0.017799
0.0177976
0.0172615
0.0119703
0.00926192
0.0163429
0.0113104
0.00917601
0.0198516
0.0127282
0.0131032
0.0177827
0.0247882
0.0321579
0.0305135
0.0384155
0.0321291
0.0343729
0.0351263
0.0320966
0.0281144
0.03475
0.0250793
0.0312558
0.0355277
0.0256716
0.0395667
0.0358416
0.032992
0.0402819
0.0378209
0.031802
0.0352107
0.0356241
0.0393929
0.0466593
0.0529619
0.0474922
0.0509476
0.0500915
0.053065
0.0652502
0.0590022
0.0601959
0.049365
0.0530557
0.0547849
0.0538097
0.0539615
0.060946
0.0513516
0.0517388
0.0503655
0.0396028
0.0473416
0.0528168
0.0474752
0.0412915
0.0580704
0.0443682
0.0586249
0.058537
0.0789283
0.0740217
0.0588696
0.0623965
0.0566569
0.0507344
0.0613801
0.0496897
0.0507639
0.0514244
0.0385849
0.051828
0.0576012
0.0509935
0.0545957
0.0593199
0.0592211
0.0555247
0.058735
0.0464167
0.0387617
0.0464956
0.0605527
0.0583131
0.038971
0.0469143
0.0594635
0.0403766
0.0623422
0.0603669
0.0369564
0.0478248
0.0446643
0.0324797
0.0347118
0.0380954
0.0396715
0.0476316
0.0382015
0.0308174
0.0329038
0.036413
0.0355047
0.028882
0.0312618
0.0356556
0.0344356
0.0214568
0.0401704
0.0409913
0.0410408
0.0352495
0.0363419
0.0313401
0.0186709
0.024828
0.0261363
0.0190726
0.0254888
0.0210793
0.0115343
0.0195737
0.0256155
0.020566
0.00586304
0.015829
0.0142774
0.0135445
0.0101056
0.0146839
0.0175866
0.0146627
0.000150133
0.0154206
0.00851792
0.0178971
0.0239116
0.0332214
0.0308727
0.0258034
0.0300782
0.0358862
0.0194928
0.0363806
0.033605
0.0288523
0.0223024
0.0263283
0.0229238
0.0135009
0.0270909
0.0207788
0.0169559
0.0192976
0.0158866
0.017679
0.00752314
0.0107292
0.0157097
0.00934798
0.0116552
0
0.0184515
0.0160251
0.00793691
0.00476244
0.0111036
0.00531812
0.0287595
0.0122755
0.0191656
0.0183807
0.0160987
0.0119026
0.00891069
0.00856554
0.0193715
0.0202582
0.0130451
0.0223859
0.0177028
0.00873445
0.00975268
0.00536206
0.00975449
0.00935451
0.0106976
0.0166551
0.015294
0.0108787
0.0103643
0.0135137
0.0130427
0.0133799
0.011908
0.0173838
0.0194326
0.0148234
0.0165114
0.0253565
0.0288523
0.0218886
0.0255646
0.00926664
0.0251091
0.0290876
0.0214469
0.0208328
0.0125286
0.0183297
0.0141384
0.0171366
0.0153493
0.0124623
0.00944882
0.010114
0.0109891
0.00920843
0.0099324
0.0175453
0.0113449
0.0155073
0.0159214
0.0100503
0.0138676
0.0172977
0.0186265
0.015568
0.0158076
0.0208333
0.0281198
0.0312726
0.0311324
0.0301742
0.0195394
0.0313824
0.0163143
0.023911
0.0191466
0.0317091
0.0268265
0.0203482
0.0243136
0.0284309
0.023498
0.0254621
0.0267758
0.0210551
0.0248466
0.0239888
0.0173819
0.0234662
0.0225575
0.0225767
0.0242041
0.0250897
0.0247311
0.0263756
0.0271756
0.0268233
0.0403662
0.0370492
0.0505525
0.0637076
0.119043
0.235905
0.398
0.47179
0.481051
0.459062
0.388879
0.228389
0.106271
0.0673496
0.0458559
0.0425374
0.0405784
0.0346429
0.0429578
0.0374895
0.032542
0.0370366
0.0340376
0.0397305
0.0310316
0.0346924
0.0318025
0.0333464
0.0334159
0.0330128
0.0327345
0.0316572
0.0357095
0.036091
0.0282915
0.0373909
0.0279989
0.0387931
0.0263917
0.0361499
0.036436
0.0387485
0.0382492
0.032392
0.0267666
0.0324372
0.0268402
0.0308029
0.0301989
0.0327869
0.0288711
0.0271083
0.024998
0.0370635
0.0343161
0.0319627
0.0334347
0.0317837
0.0350753
0.0340009
0.0311545
0.0303105
0.0386691
0.0377543
0.0303576
0.0365162
0.0320345
0.0319592
0.0316851
0.0306069
0.0287739
0.0383523
0.0269515
0.0312691
0.0318082
0.0320186
0.0264741
0.0344114
0.0318997
0.042585
0.0323605
0.0273491
0.0301986
0.0293505
0.0308567
0.0385488
0.0316281
0.0337733
0.0292316
0.0291173
0.0357938
0.027073
0.0351176
0.0316342
0.0323759
0.0325761
0.0245652
0.0295303
0.0258567
0.0329193
0.0317705
0.0276005
0.0295708
0.0430269
0.0390367
0.0341997
0.0385377
0.0330484
0.0432362
0.0336498
0.0271758
0.0419708
0.0398823
0.0437844
0.048939
0.0362509
0.0484901
0.0654041
0.0410374
0.0444119
0.0543195
0.0576073
0.0593396
0.0465248
0.0510163
0.0474101
0.0383551
0.0500982
0.0573281
0.0520797
0.0496409
0.0496925
0.0453
0.0348713
0.0430248
0.0594559
0.0395062
0.0456832
0.0493536
0.0527627
0.0492533
0.0419134
0.0506659
0.0561409
0.057101
0.0318294
0.0611084
0.0640001
0.0707636
0.0301771
0.0575523
0.0590837
0.0702631
0.0560164
0.0589165
0.045564
0.0664341
0.0576537
0.0501856
0.0809329
0.0518831
0.0705565
0.0832029
0.0805392
0.0719335
0.0670094
0.0745153
0.110204
0.0602523
0.0640028
0.0765011
0.082009
0.067539
0.0718195
0.0947706
0.0387782
0.0812174
0.0861478
0.110366
0.101602
0.0805346
0.113297
0.10035
0.0752681
0.109845
0.109694
0.0816513
0.0755945
0.0690801
0.0674633
0.102248
0.0820044
0.0738317
0.0760261
0.0693551
0.0864529
0.0951267
0.048661
0.0712111
0.0825208
0.0806735
0.0716465
0.0391866
0.0840472
0.063829
0.0559417
0.0710737
0.0515946
0.060085
0.0606692
0.0698797
0.0386851
0.0636453
0.0588158
0.0618589
0.0477324
0.0797977
0.057383
0.0603384
0.0623118
0.0495893
0.0620668
0.0478703
0.068521
0.0900271
0.076529
0.0889362
0.0937823
0.0749183
0.0926707
0.0757307
0.0720125
0.0535078
0.042636
0.0673128
0.0539625
0.036003
0.0442041
0.0529208
0.067605
0.0625352
0.0312761
0.0705308
0.0346762
0.0535939
0.0576589
0.0340818
0.0595906
0.0467655
0.0567538
0.0549265
0.0556415
0.0591884
0.0847497
0.082015
0.0719011
0.0820434
0.078005
0.0906061
0.097217
0.118901
0.121239
0.134854
0.137417
0.149997
0.125321
0.122324
0.0771304
0.0532338
0.0393902
0.0475881
0.0332215
0.0440837
0.0360937
0.0505653
0.0561172
0.0534619
0.0303436
0.0298624
0.0345382
0.0478062
0.0389915
0.0297056
0.0448126
0.056853
0.028383
0.0483303
0.0423065
0.0311231
0.0506333
0.0364251
0.0403482
0.035575
0.0411308
0.0322249
0.038042
0.0231128
0.0373199
0.0359968
0.03641
0.0332389
0.0422288
0.0407852
0.0439558
0.0328222
0.0338256
0.0263411
0.0252111
0.03418
0.0297094
0.032864
0.0328381
0.0432577
0.0340122
0.0249398
0.0416306
0.0343832
0.0369163
0.0382542
0.0332444
0.0366051
0.0407638
0.0330254
0.0436195
0.021687
0.0461871
0.0381655
0.0509033
0.046621
0.0328408
0.0339427
0.0368871
0.0316156
0.033966
0.0272665
0.0274395
0.0331595
0.0313488
0.0393944
0.0346024
0.0298577
0.0361897
0.0288519
0.033766
0.0394371
0.0347843
0.0352272
0.0335904
0.0287428
0.0385228
0.0215839
0.0279855
0.0304781
0.0310854
0.030504
0.027848
0.0301834
0.0307932
0.0239838
0.0437322
0.0307467
0.0389507
0.033335
0.0367811
0.0323939
0.0289166
0.0427854
0.0398725
0.0462181
0.0566424
0.0510997
0.0484441
0.0442526
0.0695276
0.0542572
0.0546107
0.0680705
0.0637652
0.0749085
0.0738135
0.0747364
0.0689114
0.061193
0.0548166
0.044763
0.0406325
0.0331617
0.0315392
0.0338855
0.0272943
0.0251725
0.0353648
0.0323453
0.0314036
0.033345
0.0359149
0.0318344
0.0348226
0.0284911
0.0348566
0.0376712
0.0397692
0.0300633
0.0332079
0.042408
0.0369171
0.0420092
0.0463077
0.0495808
0.0475706
0.0499436
0.0542102
0.0586695
0.0674601
0.0678455
0.0735786
0.0825501
0.0887142
0.0891647
0.0983104
0.0899368
0.0894965
0.0807425
0.0802989
0.0704383
0.0642995
0.0610647
0.0552173
0.0450409
0.0593062
0.0380773
0.0423162
0.0477637
0.0413381
0.0636029
0.0579857
0.0553015
0.0385896
0.0523393
0.0433446
0.0460293
0.042585
0.0588182
0.0550705
0.0517262
0.0611383
0.0577368
0.058178
0.0586954
0.0631896
0.0610932
0.0733184
0.0642599
0.0764249
0.0749713
0.075251
0.0835302
0.0801552
0.0879304
0.0962378
0.105499
0.101594
0.0978057
0.0998365
0.0965805
0.085799
0.0814014
0.0735951
0.0659097
0.0622373
0.0560452
0.0552014
0.0453929
0.0527727
0.0479306
0.0527692
0.0571888
0.0536249
0.0533119
0.0514438
0.0471587
0.042532
0.039135
0.0353429
0.0438247
0.0483298
0.0509473
0.0392618
0.0439416
0.0457615
0.0447058
0.0397722
0.0498226
0.040415
0.0498097
0.0456167
0.0307552
0.0474263
0.0460121
0.0447759
0.0512784
0.0410306
0.0398863
0.0426391
0.0398103
0.0423198
0.0410441
0.042721
0.043468
0.0385615
0.0374079
0.0411426
0.0406304
0.0375135
0.0358921
0.0325949
0.0437575
0.0478266
0.0504604
0.0425173
0.035133
0.0316288
0.0457743
0.042072
0.0452305
0.0468912
0.0411602
0.0508026
0.0486622
0.0428222
0.0497277
0.0686421
0.0651681
0.0743186
0.0807343
0.0752563
0.082933
0.0829447
0.079316
0.0697781
0.0908881
0.0750309
0.0767404
0.0816893
0.0771007
0.0849985
0.0867177
0.0684737
0.0844338
0.0928982
0.110661
0.0815465
0.104174
0.112518
0.093
0.107817
0.108147
0.101947
0.10334
0.095508
0.0759939
0.0945804
0.0811699
0.0914864
0.0798257
0.096976
0.0802735
0.0887403
0.0646152
0.0642733
0.0699471
0.068761
0.0837103
0.079896
0.0819989
0.0837197
0.0836165
0.0971978
0.0912704
0.103809
0.106565
0.106449
0.114053
0.108592
0.107858
0.097571
0.117726
0.11345
0.100434
0.111327
0.0923976
0.111303
0.0986141
0.0684755
0.111185
0.074795
0.0779524
0.0859088
0.0595653
0.0888529
0.0682698
0.120708
0.0982309
0.0965237
0.0987682
0.104531
0.12503
0.098634
0.12876
0.0858127
0.124203
0.107398
0.117388
0.10617
0.101864
0.132886
0.12842
0.122586
0.109234
0.114161
0.135382
0.139249
0.128216
0.139969
0.126091
0.118911
0.131478
0.14832
0.159208
0.155281
0.157604
0.149424
0.142785
0.136815
0.146093
0.136136
0.14458
0.133991
0.108648
0.125082
0.104951
0.106964
0.1012
0.104056
0.0856898
0.0667881
0.090491
0.0954815
0.090894
0.0709922
0.0899097
0.0858754
0.0912591
0.0730984
0.105481
0.106878
0.0922463
0.0557524
0.0736704
0.10496
0.0706694
0.08258
0.0769781
0.0802487
0.102591
0.120972
0.126522
0.163302
0.105815
0.129235
0.119743
0.150264
0.143429
0.168546
0.140533
0.15345
0.103746
0.115429
0.143963
0.145698
0.154559
0.136498
0.179429
0.153828
0.160518
0.150706
0.167923
0.157408
0.168494
0.17994
0.177988
0.157845
0.155312
0.141987
0.158744
0.128821
0.125375
0.135575
0.124603
0.0774463
0.0940614
0.130645
0.0720805
0.130133
0.0990582
0.0801152
0.0953513
0.095418
0.09118
0.0773155
0.0833909
0.115112
0.104547
0.10837
0.107795
0.0998996
0.092392
0.052501
0.0895055
0.10821
0.0731044
0.0864271
0.0758278
0.0671778
0.101822
0.113524
0.11736
0.105981
0.101305
0.112522
0.141029
0.121906
0.122837
0.137856
0.0856113
0.0810754
0.0866919
0.106599
0.164383
0.164966
0.161287
0.102048
0.111891
0.105625
0.0623165
0.089314
0.090249
0.129355
0.10257
0.109841
0.127954
0.100288
0.0880298
0.11986
0.102384
0.104827
0.09711
0.107159
0.0619722
0.0942995
0.10676
0.118711
0.0958878
0.0922182
0.0753295
0.132095
0.103238
0.066019
0.123145
0.0988951
0.0859264
0.109707
0.126059
0.0342076
0.0729612
0.0857394
0.10828
0.11226
0.0971805
0.1103
0.0820776
0.0803197
0.0855547
0.122972
0.0590756
0.10807
0.0951912
0.0766172
0.136212
0.0643304
0.0901123
0.0584505
0.0685519
0.0950642
0.118378
0.10869
0.0777548
0.164
0.108523
0.142366
0.0655006
0.121323
0.0449263
0.0633558
0.147163
0.114001
0.115893
0.0845534
0.121781
0.110707
0.0617204
0.143361
0.094924
0.107939
0.0995462
0.117281
0.0683867
0.105666
0.127865
0.132881
0.143524
0.128181
0.148694
0.122324
0.10016
0.102149
0.131362
0.118556
0.100123
0.139075
0.113417
0.0972777
0.0957238
0.0983038
0.0791456
0.0749987
0.101123
0.0801085
