0.219239
0.230865
0.225502
0.23647
0.231964
0.222791
0.223174
0.227995
0.236559
0.244591
0.252555
0.258792
0.264727
0.273775
0.287786
0.302824
0.309092
0.311675
0.324234
0.320212
0.310972
0.302933
0.296537
0.300076
0.296308
0.308008
0.317493
0.330367
0.331287
0.344349
0.347844
0.360887
0.369932
0.380044
0.390991
0.402557
0.421963
0.424624
0.416122
0.410331
0.380396
0.36018
0.354734
0.369448
0.379262
0.389452
0.398987
0.412906
0.409376
0.417614
0.411583
0.376681
0.356811
0.353691
0.353227
0.353798
0.377948
0.480203
0.499012
0.486098
0.444417
0.370979
0.318136
0.267886
0.245479
0.226827
0.220121
0.204509
0.205541
0.193604
0.180109
0.176893
0.168596
0.171039
0.169101
0.175343
0.180381
0.17957
0.188421
0.198163
0.193115
0.179125
0.184195
0.18101
0.182209
0.184665
0.182445
0.197265
0.203081
0.213079
0.223901
0.235612
0.252905
0.266028
0.280245
0.293206
0.3105
0.322315
0.332208
0.341073
0.353335
0.364938
0.355736
0.334726
0.310608
0.283298
0.264964
0.267867
0.271521
0.27897
0.291987
0.302351
0.311059
0.319471
0.32433
0.325626
0.315156
0.3039
0.272493
0.281396
0.278027
0.278766
0.29081
0.298973
0.303151
0.312839
0.325997
0.327295
0.331972
0.338795
0.348129
0.355599
0.356794
0.355664
0.355204
0.357529
0.384529
0.414492
0.420215
0.399216
0.365815
0.328076
0.315972
0.304661
0.318187
0.326608
0.331843
0.335677
0.346264
0.361282
0.377859
0.390895
0.401884
0.412172
0.415878
0.424176
0.431182
0.431231
0.43789
0.440951
0.44518
0.460658
0.472227
0.466281
0.425473
0.352978
0.269192
0.212556
0.186515
0.17169
0.162557
0.160888
0.163171
0.162891
0.168866
0.175065
0.192782
0.19313
0.208282
0.211256
0.215982
0.21587
0.218832
0.211588
0.209942
0.210684
0.196278
0.196973
0.194326
0.188786
0.193646
0.19141
0.198856
0.20622
0.2158
0.223803
0.230672
0.234808
0.222833
0.210139
0.191707
0.177738
0.173661
0.168241
0.180279
0.168646
0.180927
0.198463
0.200071
0.201248
0.21815
0.225717
0.227567
0.234122
0.235527
0.243775
0.25059
0.257897
0.269233
0.279431
0.291158
0.296137
0.29409
0.285938
0.253263
0.217595
0.199887
0.204914
0.201216
0.206161
0.205824
0.210045
0.211915
0.217242
0.237285
0.252289
0.268239
0.279532
0.283388
0.306592
0.314383
0.320237
0.328086
0.341897
0.348821
0.348989
0.357961
0.372946
0.386505
0.391387
0.391514
0.393787
0.392906
0.387895
0.377693
0.363214
0.307525
0.275871
0.251353
0.244333
0.234999
0.250147
0.23763
0.260262
0.266899
0.278273
0.257546
0.274206
0.29587
0.303711
0.308648
0.313977
0.329776
0.331246
0.345672
0.339331
0.349877
0.353411
0.353073
0.353802
0.341581
0.318355
0.273039
0.239665
0.212816
0.200889
0.197452
0.208806
0.219544
0.212232
0.216763
0.220466
0.22939
0.238681
0.228914
0.247294
0.231923
0.235754
0.235569
0.213509
0.210132
0.20446
0.212075
0.189834
0.196748
0.193767
0.19262
0.199285
0.201864
0.213085
0.225689
0.225645
0.22956
0.215939
0.2154
0.200117
0.193273
0.195912
0.198945
0.194372
0.186597
0.190216
0.176008
0.186842
0.185755
0.165883
0.184961
0.200452
0.181551
0.185642
0.194535
0.209053
0.215177
0.217732
0.22506
0.23547
0.22804
0.243873
0.242169
0.256687
0.27275
0.271769
0.285578
0.275943
0.267162
0.241591
0.236244
0.215676
0.212362
0.217127
0.193197
0.197665
0.181704
0.191509
0.196359
0.210899
0.208505
0.20997
0.205014
0.213891
0.208039
0.227617
0.224206
0.21914
0.224791
0.223708
0.223366
0.240271
0.257367
0.272666
0.288581
0.301797
0.311121
0.321365
0.323804
0.33209
0.335704
0.333438
0.313431
0.256714
0.210849
0.183016
0.174064
0.166341
0.165139
0.154708
0.157115
0.180691
0.178353
0.191325
0.18944
0.199621
0.191815
0.196948
0.172865
0.192069
0.189018
0.173483
0.179962
0.174593
0.172103
0.175008
0.173044
0.178308
0.180496
0.183625
0.195761
0.207503
0.233234
0.255738
0.297412
0.323373
0.34445
0.352174
0.36753
0.368736
0.344984
0.323683
0.282463
0.261713
0.265749
0.258135
0.265216
0.253046
0.252699
0.245233
0.25575
0.247921
0.257083
0.245887
0.253274
0.253027
0.248845
0.248726
0.244919
0.23604
0.228907
0.216348
0.229923
0.244065
0.255793
0.228462
0.24855
0.227911
0.214239
0.222559
0.227901
0.220555
0.216817
0.228973
0.228405
0.230391
0.208436
0.221009
0.227086
0.222413
0.231648
0.220436
0.228961
0.239956
0.231428
0.229955
0.247038
0.227817
0.242235
0.255913
0.239924
0.24716
0.244728
0.259822
0.255456
0.258776
0.266404
0.272878
0.279969
0.297508
0.307643
0.314024
0.336937
0.346829
0.388924
0.422157
0.401399
0.413795
0.393375
0.370926
0.337995
0.285256
0.236628
0.211378
0.231069
0.262012
0.289621
0.324874
0.405096
0.445822
0.466688
0.498424
0.478521
0.40533
0.32734
0.239878
0.222966
0.193745
0.190713
0.200677
0.198269
0.207116
0.201796
0.209543
0.19545
0.221877
0.222352
0.223026
0.230251
0.234494
0.237407
0.243884
0.246368
0.258457
0.271472
0.255572
0.249422
0.233492
0.188482
0.197282
0.181618
0.166643
0.183139
0.177988
0.159639
0.153051
0.158109
0.137019
0.152535
0.136345
0.135914
0.142791
0.136617
0.144796
0.170546
0.151723
0.161504
0.161968
0.161616
0.195405
0.194089
0.190599
0.189733
0.192311
0.20945
0.21354
0.19261
0.192152
0.182505
0.182656
0.183885
0.18047
0.163474
0.163355
0.170238
0.177091
0.193288
0.207777
0.200973
0.228362
0.222505
0.220245
0.240657
0.204409
0.211694
0.211203
0.184194
0.177526
0.183136
0.182642
0.169402
0.18141
0.175763
0.187364
0.184111
0.186337
0.187968
0.190203
0.186079
0.200789
0.203234
0.186284
0.190566
0.208332
0.188592
0.174964
0.200132
0.194826
0.185962
0.163934
0.157313
0.158204
0.167436
0.165434
0.151666
0.145685
0.152295
0.147591
0.159285
0.136318
0.143284
0.134149
0.131493
0.140707
0.152936
0.134862
0.134736
0.139497
0.128625
0.139983
0.131406
0.166044
0.133982
0.120399
0.127614
0.120651
0.107385
0.0970573
0.119591
0.120373
0.13251
0.129736
0.135628
0.1592
0.165361
0.177374
0.180083
0.173683
0.18353
0.197752
0.176613
0.172327
0.163396
0.148173
0.108748
0.103307
0.0980905
0.0927372
0.109327
0.102071
0.127811
0.130491
0.14376
0.161097
0.168906
0.163393
0.176338
0.173305
0.163961
0.131005
0.128107
0.159364
0.143945
0.168789
0.172345
0.19639
0.210129
0.195852
0.214707
0.186646
0.184571
0.185575
0.185971
0.188258
0.169162
0.165375
0.204571
0.167037
0.186943
0.189574
0.180812
0.185412
0.164756
0.163957
0.180129
0.188608
0.201195
0.191652
0.197365
0.175146
0.193771
0.147409
0.1515
0.152912
0.160607
0.15173
0.135049
0.142718
0.127696
0.132945
0.120227
0.117357
0.104739
0.101987
0.0903251
0.0871416
0.0956941
0.0856898
0.0847553
0.0962435
0.096168
0.0713535
0.0577173
0.0571351
0.0653663
0.0670494
0.0795962
0.0683408
0.0588256
0.0600954
0.0603999
0.0753534
0.0666603
0.0704891
0.0740908
0.0479125
0.0550768
0.0689573
0.061005
0.0640927
0.0634309
0.0703967
0.0648226
0.0653839
0.0619947
0.0748814
0.0766194
0.0763092
0.0707603
0.0789973
0.0787332
0.0676443
0.0679209
0.0670493
0.0794355
0.0783209
0.0865427
0.0959199
0.071645
0.0776588
0.0745674
0.0761593
0.0670062
0.0682907
0.0569969
0.0629018
0.0762926
0.0515638
0.0514209
0.0504782
0.0507054
0.0556852
0.0526233
0.0740812
0.0597009
0.0537909
0.056648
0.0682082
0.0713562
0.0642661
0.0634392
0.0731463
0.0460248
0.0513773
0.0637985
0.0611783
0.0610173
0.0509958
0.0686909
0.0593111
0.089508
0.0906362
0.0872738
0.109463
0.108785
0.116469
0.103036
0.117859
0.126357
0.133606
0.109188
0.111312
0.134503
0.104169
0.122308
0.131948
0.1413
0.121685
0.11682
0.139076
0.135799
0.143138
0.137221
0.148166
0.167435
0.173658
0.186144
0.193784
0.190566
0.196942
0.234202
0.232982
0.228203
0.220526
0.216356
0.218668
0.166923
0.157335
0.162427
0.134985
0.150925
0.157275
0.152147
0.156731
0.157278
0.166875
0.163958
0.17701
0.157034
0.169081
0.169296
0.182747
0.192631
0.170923
0.155403
0.174101
0.156367
0.164434
0.18485
0.169655
0.22178
0.21538
0.210985
0.218435
0.213618
0.180254
0.184244
0.171157
0.176055
0.156906
0.152371
0.160315
0.14188
0.116709
0.128905
0.10957
0.0685684
0.0727164
0.0628114
0.0464687
0.0359611
0.0352367
0.0261036
0.0172119
0.0134993
0.0170251
0.0138885
0.0099892
0.0161808
0.0132675
0.0101399
0.00561951
0.0117157
0.0116385
0.0123377
0.0193075
0.0225618
0.0239304
0.0289298
0.0315532
0.033138
0.0174988
0.0142032
0.0118564
0.00929893
0.00585836
0.00503768
0.00556964
0.00905741
0.0158278
0.00805923
0.00317879
0.00060938
0.00319483
0.00866606
0.00924237
0.00844429
0.0118308
0.0120224
0.018216
0.0190943
0.0175276
0.0190175
0.016442
0.0179081
0.0177634
0.0164222
0.0109059
0.0164833
0.0163587
0.0179183
0.0103226
0.0176619
0.0143473
0.0174153
0.0173845
0.0187395
0.0166437
0.024504
0.0206266
0.0265826
0.0335992
0.0279187
0.0309345
0.0258105
0.0243389
0.0346738
0.0248502
0.0262989
0.0238493
0.0277297
0.0311712
0.027708
0.0290049
0.0320929
0.0274644
0.0270889
0.0327775
0.0295713
0.026117
0.0311107
0.0398891
0.0353758
0.0388427
0.037719
0.0373912
0.035928
0.035417
0.0353128
0.040135
0.0272158
0.0281492
0.0303889
0.0328152
0.0349077
0.0325613
0.036241
0.0377741
0.0287473
0.0274628
0.0361057
0.0323674
0.0348867
0.0376567
0.0412578
0.0469926
0.053494
0.0556286
0.0554443
0.0614783
0.0652316
0.0605752
0.0647708
0.0659085
0.0546113
0.0655157
0.0649734
0.0622397
0.0687942
0.0714819
0.0707842
0.0713535
0.0701015
0.0741742
0.0720373
0.0791898
0.0789521
0.0847244
0.0918167
0.0943114
0.104607
0.100285
0.0993486
0.104443
0.114161
0.10723
0.107346
0.111422
0.114815
0.106841
0.101892
0.111142
0.106396
0.110563
0.105944
0.0989168
0.107813
0.115542
0.109444
0.103509
0.115956
0.109125
0.129811
0.120348
0.138054
0.128991
0.115261
0.109752
0.111926
0.103657
0.109024
0.0917517
0.0958908
0.093992
0.0939648
0.0870469
0.0952179
0.093816
0.0924722
0.0982799
0.09719
0.0956694
0.1036
0.0964499
0.0933029
0.0992037
0.103858
0.0945376
0.0911184
0.0878605
0.0932273
0.0708091
0.0845276
0.0828744
0.0485158
0.0613719
0.0578072
0.0602051
0.0459037
0.047607
0.0507456
0.0466143
0.0505277
0.0546305
0.0412821
0.0575706
0.0514681
0.0456632
0.0462345
0.0503194
0.0479084
0.0522054
0.0637829
0.0542228
0.0623586
0.056123
0.0497989
0.0565176
0.0403734
0.0351543
0.0239612
0.0328922
0.034075
0.0142256
0.0119737
0.0137485
0.0161061
0.0165224
0.01152
0.0148435
0.0103327
0.0214481
0.0103236
0.00644192
0.00928672
0.00713061
0.019223
0.0136034
0.0185033
0.0278982
0.0271787
0.031552
0.0336605
0.0344017
0.0485204
0.04699
0.0357025
0.0401707
0.0473591
0.0378025
0.0316001
0.0303452
0.0318863
0.0132336
0.0190902
0.0237089
0.0130966
0.0240364
0.0158865
0.0072053
0.0133739
0.018002
0.0163401
0.0174674
0.0103991
0.00729501
0.0111958
0.0178552
0.0235828
0.00646374
0.0181235
0.0226921
0.0290047
0.0200339
0.02347
0.0292176
0.0157902
0.0199461
0.0211791
0.0187097
0.0206753
0.0152172
0.020541
0.0234653
0.0178952
0.0128976
0.00727896
0.0215412
0.0195486
0.018475
0.0113997
0.0238674
0.0169227
0.0115061
0.0174858
0.0216076
0.0126499
0.0148276
0.0171355
0.0328873
0.0225106
0.0248395
0.0381216
0.0351576
0.0319771
0.0358881
0.0243376
0.024288
0.0380907
0.0316165
0.0348311
0.0270941
0.0320284
0.025536
0.0257098
0.0219114
0.0230278
0.0231413
0.0169853
0.0200161
0.0212745
0.0180564
0.0257812
0.0200622
0.0184332
0.0227091
0.0217841
0.0209148
0.0229974
0.027819
0.0292564
0.0249604
0.0262271
0.0313517
0.0340808
0.0336405
0.0417738
0.0395259
0.0399837
0.0362621
0.0434451
0.0423168
0.0418642
0.0564571
0.0421905
0.0404768
0.042807
0.0443665
0.0433285
0.0425076
0.04663
0.0412488
0.0448332
0.042945
0.0488461
0.0462836
0.048336
0.0490272
0.0493098
0.0480074
0.0511255
0.0496826
0.0582812
0.0508242
0.0601601
0.0687474
0.0871996
0.107027
0.185972
0.360819
0.558679
0.650102
0.669657
0.631761
0.540382
0.331096
0.175764
0.11626
0.0903375
0.0879629
0.0819797
0.0729473
0.0796955
0.0757776
0.070994
0.0731322
0.0716432
0.0728985
0.0692852
0.0680018
0.0738195
0.0712713
0.0713624
0.0675869
0.0670478
0.0675542
0.0696136
0.0685099
0.0621122
0.0639208
0.0602002
0.0630377
0.0572829
0.055101
0.0598682
0.0630265
0.0581784
0.0641399
0.0561475
0.0577474
0.0564944
0.0582065
0.0630483
0.0589402
0.0589774
0.0668705
0.0626846
0.0677026
0.0654186
0.0644043
0.0650919
0.0709664
0.0714844
0.0651877
0.0712615
0.0653617
0.0769702
0.0666176
0.0660669
0.0771067
0.0760519
0.0681073
0.0721738
0.0658316
0.067988
0.0639783
0.0693366
0.0649902
0.0620714
0.0602308
0.0688291
0.0516804
0.0570008
0.0580851
0.052333
0.0622487
0.062582
0.0587177
0.063659
0.0647007
0.0699377
0.0725549
0.0566599
0.0603476
0.0599516
0.0616184
0.0627548
0.0630845
0.0687945
0.0646782
0.057039
0.070496
0.0684131
0.0684518
0.064372
0.0640296
0.0670688
0.0685453
0.074045
0.0703113
0.0721025
0.0710168
0.0785082
0.073746
0.0644665
0.0644079
0.0662172
0.0698281
0.0615387
0.0815614
0.0660914
0.0772426
0.0711759
0.0847326
0.0887445
0.090724
0.0731172
0.105071
0.0912409
0.0875573
0.102562
0.0991858
0.0873878
0.0833974
0.0915768
0.0845628
0.0826467
0.0831662
0.0824907
0.0839431
0.0783664
0.088591
0.084479
0.097402
0.0931114
0.0896846
0.0797877
0.0918801
0.104773
0.0641895
0.0730762
0.092709
0.0980375
0.0811481
0.0865523
0.0937318
0.101863
0.0830944
0.0893534
0.0841323
0.101597
0.087667
0.0882958
0.10881
0.0684693
0.110531
0.120131
0.103425
0.126511
0.121714
0.115
0.134413
0.107782
0.10978
0.106041
0.114867
0.119402
0.121261
0.111298
0.0924042
0.0994076
0.129612
0.142956
0.124854
0.129958
0.140583
0.162584
0.137546
0.135262
0.148886
0.125497
0.109204
0.0971574
0.129895
0.149064
0.126935
0.0994582
0.126103
0.10345
0.105872
0.10048
0.0946246
0.0846632
0.0854086
0.122323
0.0997152
0.100327
0.102514
0.0979905
0.0810535
0.0893891
0.0964899
0.0870316
0.0653136
0.10277
0.0669623
0.108951
0.0871447
0.121415
0.0798176
0.0988943
0.0838275
0.0886788
0.0658338
0.0809361
0.0877119
0.0950215
0.103587
0.129293
0.119946
0.128273
0.134207
0.120951
0.128444
0.12086
0.110207
0.0954052
0.0907425
0.0709606
0.0739958
0.0594794
0.0497338
0.0679321
0.0843079
0.087702
0.0652965
0.0841202
0.0547252
0.0869376
0.103167
0.0720713
0.087284
0.077557
0.0842921
0.0936159
0.107612
0.0901697
0.133768
0.128899
0.142297
0.151294
0.155527
0.170029
0.181085
0.193519
0.222819
0.245997
0.245058
0.251348
0.223257
0.204077
0.134195
0.0772973
0.0752043
0.06916
0.0507401
0.0588079
0.064603
0.0538312
0.0774525
0.0656865
0.0525728
0.0632473
0.0461769
0.0633206
0.0682966
0.0672751
0.0658718
0.0715834
0.05256
0.0644974
0.070653
0.0595141
0.0694963
0.0653546
0.0561284
0.0721156
0.0600697
0.0599028
0.0658103
0.054907
0.0652979
0.0632022
0.0624543
0.0595538
0.0650404
0.0607777
0.0660087
0.0609321
0.0617047
0.064211
0.0596371
0.0664544
0.0608417
0.0661
0.0659753
0.0588993
0.0599444
0.0597945
0.0623274
0.0622816
0.0599473
0.0656369
0.0611566
0.0671306
0.0575439
0.0471469
0.0616326
0.0689598
0.0522679
0.0469492
0.0650707
0.0679769
0.0547315
0.0531529
0.0612915
0.0521476
0.0507519
0.0609794
0.054066
0.0539332
0.0559418
0.0603058
0.0550663
0.0557008
0.0601057
0.0599613
0.0576063
0.0652498
0.0627359
0.0629027
0.0603098
0.0562503
0.0554276
0.0560441
0.0614656
0.0626384
0.0553261
0.0544295
0.0555496
0.0593389
0.0587163
0.0544658
0.0671976
0.0617553
0.0578553
0.0646899
0.0674754
0.0600136
0.0733428
0.0679577
0.06342
0.0731577
0.08701
0.0819897
0.0896848
0.0832583
0.0934952
0.0932194
0.0896923
0.101793
0.104901
0.12351
0.119777
0.114045
0.102738
0.0901624
0.081755
0.0634584
0.0634612
0.0596259
0.0528799
0.0553441
0.0526111
0.060481
0.0603
0.0613873
0.0593464
0.0585345
0.0672519
0.0560995
0.0629037
0.0606993
0.0656138
0.070797
0.0686484
0.0642081
0.0685706
0.0725483
0.0704264
0.0789732
0.0801285
0.0904242
0.0812831
0.0912723
0.102009
0.108033
0.113765
0.122068
0.138027
0.146369
0.150951
0.160461
0.158141
0.149641
0.145344
0.135876
0.124907
0.120382
0.0978909
0.0855743
0.0976629
0.0815884
0.0811448
0.0613953
0.0757044
0.0695849
0.0820735
0.0901606
0.0808996
0.0844734
0.0810665
0.0829954
0.0863065
0.0851036
0.0818711
0.0973761
0.097013
0.0910973
0.104455
0.109396
0.111427
0.114684
0.116388
0.122397
0.129921
0.129822
0.13796
0.136419
0.14656
0.155501
0.160278
0.168524
0.181461
0.194677
0.192375
0.197162
0.192032
0.18339
0.159758
0.15491
0.136347
0.123478
0.109535
0.107403
0.0933711
0.0950184
0.0965528
0.0822859
0.0974967
0.0952362
0.0969876
0.0853077
0.0914091
0.085614
0.0882153
0.0700433
0.0828514
0.0801146
0.084617
0.0881344
0.0751178
0.0758961
0.0732606
0.0902737
0.0741893
0.0745654
0.0789721
0.0918458
0.0847926
0.0769524
0.089485
0.0885979
0.0835378
0.0882566
0.0822514
0.0771511
0.080998
0.0864198
0.0879481
0.0854096
0.0813482
0.0872944
0.0730913
0.0797398
0.0838605
0.0790059
0.0895735
0.0803266
0.0860045
0.0843443
0.0866891
0.0919165
0.0812799
0.0816887
0.0830327
0.0890394
0.0799092
0.0903749
0.0860081
0.0935313
0.0746486
0.0766843
0.0755626
0.0722988
0.0704084
0.056912
0.0509294
0.0452923
0.0452945
0.0426268
0.0478036
0.0421304
0.0380312
0.0573826
0.0438844
0.0549095
0.0581713
0.068498
0.0852606
0.0853429
0.0902385
0.108426
0.130796
0.123118
0.128889
0.134012
0.14032
0.130906
0.143227
0.14685
0.143361
0.159591
0.167402
0.103829
0.135966
0.133996
0.122944
0.124765
0.118507
0.111206
0.109064
0.0839677
0.0977814
0.113854
0.125433
0.121985
0.11658
0.106236
0.121718
0.140547
0.129887
0.125943
0.145219
0.158063
0.151682
0.154308
0.158647
0.150129
0.14954
0.165994
0.154639
0.138144
0.16034
0.126466
0.126298
0.133972
0.11863
0.135188
0.124331
0.101432
0.134411
0.108778
0.105565
0.128955
0.148969
0.157667
0.148729
0.126985
0.138438
0.164681
0.180745
0.153141
0.16739
0.193641
0.185173
0.155543
0.154575
0.166143
0.188399
0.205747
0.179049
0.199292
0.186651
0.203696
0.225297
0.208244
0.221723
0.216021
0.210291
0.208947
0.239288
0.251473
0.23044
0.254049
0.250354
0.239767
0.228121
0.240207
0.220067
0.209304
0.197644
0.197371
0.187911
0.16447
0.166472
0.149929
0.150318
0.1325
0.148138
0.120129
0.135323
0.138431
0.114175
0.0951848
0.116009
0.120668
0.100195
0.118445
0.109402
0.147881
0.126603
0.14739
0.136305
0.122719
0.161272
0.127575
0.161151
0.129549
0.167273
0.206569
0.236229
0.187652
0.232036
0.195231
0.234886
0.246201
0.224824
0.228152
0.225673
0.226563
0.233345
0.242428
0.257834
0.257223
0.239646
0.284819
0.285715
0.28953
0.275847
0.287002
0.281118
0.287316
0.276564
0.266399
0.266645
0.250033
0.226161
0.233762
0.209074
0.212939
0.198048
0.175574
0.131703
0.151222
0.136537
0.113505
0.120689
0.128594
0.0715648
0.11758
0.115602
0.0807152
0.11147
0.084332
0.140755
0.0874102
0.0993208
0.135457
0.097071
0.103785
0.0794219
0.123786
0.116597
0.114557
0.0703499
0.0869969
0.0910318
0.138737
0.117074
0.0956268
0.0977905
0.105877
0.0960162
0.126687
0.101696
0.145974
0.152097
0.133537
0.11807
0.0781404
0.0921023
0.184007
0.173615
0.114281
0.128746
0.119841
0.135699
0.10761
0.118652
0.126151
0.133766
0.146379
0.139251
0.114746
0.121243
0.145279
0.152558
0.134598
0.14872
0.129503
0.109318
0.112804
0.132688
0.121911
0.108821
0.118189
0.135355
0.122693
0.150357
0.121338
0.11836
0.147362
0.143062
0.0700176
0.0984552
0.124945
0.0880638
0.123731
0.115911
0.13023
0.126702
0.0947653
0.0720885
0.108779
0.0714573
0.120622
0.105818
0.104666
0.11093
0.104044
0.131234
0.0918501
0.115069
0.134926
0.149316
0.101179
0.115735
0.0860264
0.139407
0.11396
0.18453
0.141495
0.133573
0.108425
0.13154
0.0993825
0.104376
0.168559
0.120003
0.156431
0.128043
0.174718
0.161057
0.162363
0.169884
0.125851
0.138357
0.176799
0.129549
0.148578
0.173131
0.158996
0.143235
0.161359
0.110395
0.184791
0.150927
0.112931
0.121779
0.145776
0.134166
0.109684
0.11257
0.155282
0.082201
0.0712586
0.0695823
0.0708706
0.0275683
0.0246338
0
