0.204392
0.201614
0.19738
0.204035
0.212921
0.2096
0.21415
0.227149
0.223402
0.229131
0.23999
0.244015
0.24692
0.250812
0.260679
0.272993
0.266323
0.266387
0.278672
0.271793
0.274631
0.272487
0.274351
0.282013
0.29261
0.301529
0.311391
0.316357
0.325265
0.329427
0.330966
0.336319
0.343023
0.347009
0.350883
0.357461
0.36527
0.363502
0.353754
0.345176
0.336991
0.335954
0.33562
0.353003
0.367509
0.373645
0.384696
0.392034
0.394299
0.39601
0.391664
0.353734
0.333517
0.330811
0.330447
0.330266
0.353869
0.427151
0.431143
0.413621
0.38736
0.333758
0.284635
0.239959
0.235411
0.214424
0.209021
0.186449
0.186842
0.180243
0.17166
0.173281
0.160564
0.155347
0.153466
0.15723
0.161461
0.157573
0.164925
0.175703
0.178203
0.178993
0.184187
0.184241
0.191959
0.192807
0.190702
0.195098
0.20145
0.209278
0.214602
0.220724
0.239257
0.252747
0.268675
0.292582
0.320161
0.342557
0.358355
0.366906
0.376379
0.375364
0.360859
0.330028
0.299035
0.274697
0.260131
0.254575
0.257745
0.260474
0.268808
0.272588
0.276102
0.277862
0.27977
0.27689
0.269537
0.265429
0.253778
0.260375
0.26277
0.259201
0.271356
0.288639
0.287247
0.299142
0.310977
0.30868
0.314354
0.326773
0.330589
0.335658
0.334144
0.331239
0.331423
0.333455
0.348277
0.362707
0.359947
0.348004
0.325917
0.301141
0.285171
0.280977
0.284899
0.30174
0.313128
0.314765
0.326475
0.343265
0.358235
0.378213
0.382368
0.389143
0.3992
0.40294
0.40669
0.406938
0.407781
0.410191
0.410542
0.416743
0.418652
0.41325
0.372509
0.307609
0.244547
0.191745
0.176943
0.157628
0.15275
0.145889
0.147152
0.144422
0.14674
0.154159
0.159773
0.166291
0.174136
0.181009
0.201998
0.206556
0.206258
0.207718
0.200379
0.196159
0.19534
0.191874
0.182577
0.183258
0.17935
0.180566
0.180206
0.182716
0.193265
0.195238
0.196158
0.194216
0.195018
0.18237
0.174854
0.159946
0.161982
0.172075
0.165826
0.158143
0.169053
0.179943
0.190311
0.192223
0.20685
0.218441
0.219791
0.221473
0.228491
0.236726
0.240084
0.246807
0.250854
0.257107
0.262315
0.257921
0.255696
0.250162
0.229778
0.210066
0.206779
0.209531
0.213475
0.214114
0.215255
0.227581
0.224511
0.232298
0.245964
0.258527
0.265629
0.271282
0.285439
0.297723
0.303857
0.308958
0.318239
0.329862
0.336733
0.341686
0.344082
0.354155
0.362058
0.367909
0.373753
0.381983
0.38464
0.381779
0.373702
0.354332
0.29588
0.27917
0.235056
0.236539
0.21874
0.236051
0.224348
0.238544
0.249788
0.258057
0.254016
0.260258
0.276405
0.28796
0.289891
0.301618
0.307895
0.315401
0.326635
0.323994
0.332093
0.334929
0.326128
0.330149
0.310351
0.29345
0.247289
0.211741
0.18761
0.175296
0.171719
0.182055
0.191975
0.195444
0.205554
0.21503
0.220024
0.223771
0.234358
0.231365
0.217395
0.228076
0.223534
0.198509
0.207349
0.198628
0.194986
0.182841
0.182291
0.178182
0.181418
0.185524
0.184998
0.192687
0.195036
0.195773
0.199683
0.190118
0.190721
0.17171
0.196096
0.181143
0.180631
0.179973
0.171493
0.181176
0.165017
0.162942
0.167978
0.16789
0.170428
0.191594
0.17245
0.181602
0.182157
0.184538
0.2008
0.217447
0.215972
0.219226
0.223205
0.228049
0.238263
0.237274
0.250162
0.245956
0.255886
0.24235
0.24845
0.234313
0.235865
0.214843
0.216295
0.219469
0.195824
0.188102
0.186154
0.185529
0.180524
0.196833
0.207621
0.20412
0.207087
0.20896
0.201933
0.21652
0.207068
0.219402
0.220851
0.227576
0.220742
0.233039
0.246882
0.267638
0.272902
0.290885
0.290381
0.304086
0.31617
0.306269
0.307095
0.296118
0.27861
0.250128
0.212004
0.188725
0.17962
0.164942
0.168005
0.166873
0.169318
0.182157
0.182804
0.198819
0.194757
0.192455
0.185567
0.188811
0.172865
0.18527
0.188691
0.184887
0.180488
0.176424
0.172646
0.179745
0.167142
0.180425
0.184372
0.18572
0.1981
0.206704
0.231966
0.246506
0.288953
0.307299
0.323448
0.328761
0.330849
0.350116
0.316576
0.307193
0.276119
0.267528
0.269266
0.256122
0.259347
0.259714
0.278853
0.259281
0.265229
0.265849
0.261861
0.255522
0.257053
0.263794
0.26406
0.255167
0.246817
0.245603
0.220335
0.210157
0.209193
0.21709
0.22797
0.214161
0.237864
0.214582
0.209411
0.230768
0.236202
0.222352
0.198455
0.217075
0.227884
0.219755
0.228616
0.219501
0.232079
0.221667
0.2312
0.197012
0.218605
0.235046
0.228647
0.24096
0.236381
0.223688
0.234033
0.252745
0.239501
0.228513
0.252843
0.256689
0.256527
0.263635
0.25777
0.258947
0.283949
0.292676
0.299846
0.308615
0.331506
0.359586
0.401826
0.432551
0.433124
0.442619
0.411975
0.393204
0.361494
0.289973
0.248559
0.224474
0.244034
0.268754
0.338066
0.394773
0.483139
0.55317
0.568311
0.586075
0.543199
0.45644
0.3531
0.255447
0.214186
0.197461
0.205935
0.210746
0.193275
0.205073
0.22918
0.212487
0.201225
0.222546
0.226059
0.220093
0.229678
0.22633
0.243335
0.236061
0.240511
0.246178
0.262776
0.257353
0.238917
0.213001
0.19196
0.19311
0.181984
0.16575
0.177436
0.1842
0.167176
0.155562
0.160412
0.148671
0.165513
0.142829
0.141505
0.14638
0.139793
0.141621
0.155735
0.157842
0.175011
0.152368
0.159812
0.186222
0.180008
0.180199
0.187871
0.192285
0.20455
0.203137
0.188808
0.21284
0.179478
0.198137
0.19632
0.187902
0.161837
0.174638
0.167986
0.185463
0.18817
0.197905
0.200236
0.20841
0.223277
0.216743
0.221547
0.199128
0.217602
0.200331
0.175825
0.186457
0.179567
0.182534
0.176361
0.191259
0.187755
0.183295
0.194281
0.177847
0.180188
0.187873
0.183037
0.20792
0.194371
0.192561
0.206165
0.210486
0.197925
0.186025
0.204292
0.190459
0.174049
0.172842
0.163196
0.156106
0.170443
0.156653
0.135634
0.161808
0.156848
0.134165
0.151936
0.130732
0.135953
0.143421
0.136064
0.142051
0.16123
0.14214
0.156622
0.142003
0.137329
0.148439
0.14473
0.147379
0.158771
0.1242
0.128492
0.119882
0.115683
0.0976497
0.128417
0.105564
0.129902
0.139591
0.152074
0.159987
0.16385
0.169743
0.183534
0.205316
0.187099
0.214001
0.182352
0.195856
0.170499
0.15498
0.118116
0.103227
0.0982467
0.108664
0.108215
0.0986493
0.127284
0.149325
0.134168
0.160765
0.167563
0.184459
0.156794
0.163317
0.165235
0.145583
0.138472
0.158135
0.151166
0.172973
0.163742
0.164845
0.188987
0.188744
0.208746
0.209832
0.17722
0.196663
0.193583
0.192475
0.163392
0.147803
0.198778
0.188179
0.182298
0.190038
0.172374
0.193636
0.18191
0.171246
0.175729
0.179354
0.183276
0.170416
0.196527
0.165411
0.188273
0.166534
0.141533
0.169469
0.165211
0.159234
0.142846
0.145395
0.149529
0.132892
0.136812
0.115168
0.102061
0.106756
0.0973953
0.0850149
0.0868521
0.0886572
0.0900373
0.0998263
0.0864942
0.068331
0.0672973
0.0680737
0.0692039
0.0610187
0.0778666
0.0631496
0.0750153
0.0692291
0.0654516
0.064106
0.0588279
0.0680249
0.0777613
0.0567799
0.0677283
0.0494119
0.0609256
0.0530583
0.0608753
0.0706936
0.0724948
0.0599338
0.07305
0.077239
0.0816552
0.0748558
0.0646586
0.0731515
0.0794199
0.0675844
0.065595
0.0720506
0.0775577
0.0884056
0.0821491
0.0807832
0.0724819
0.0769241
0.0749079
0.0741123
0.0702928
0.0669009
0.0626757
0.0568553
0.0553741
0.0580548
0.0553975
0.0503527
0.0510253
0.0481205
0.0462565
0.0661591
0.0618791
0.0665843
0.0637596
0.0510909
0.0629899
0.0576249
0.0630602
0.0604442
0.0509762
0.0481338
0.0675138
0.0679543
0.0719551
0.0538384
0.0731343
0.062376
0.0884289
0.0819035
0.0817975
0.116072
0.104701
0.131382
0.119191
0.111385
0.130914
0.124885
0.127051
0.118647
0.126622
0.138451
0.133919
0.127238
0.155829
0.125849
0.132735
0.149872
0.122029
0.143421
0.169666
0.172078
0.185508
0.197994
0.183436
0.204037
0.210438
0.217074
0.237784
0.273033
0.264815
0.255203
0.246941
0.216277
0.20246
0.163124
0.136979
0.152053
0.164461
0.156028
0.174919
0.171807
0.156564
0.177653
0.157074
0.181418
0.194669
0.176752
0.173625
0.19955
0.202216
0.212175
0.173217
0.182063
0.161064
0.172561
0.211514
0.178711
0.239522
0.221868
0.242392
0.246298
0.234411
0.210158
0.224872
0.184481
0.20795
0.15406
0.169887
0.161723
0.136901
0.103083
0.125386
0.110276
0.072261
0.0854449
0.0720636
0.0496514
0.0492157
0.0425799
0.0297014
0.023075
0.0158777
0.0213702
0.0225789
0.0213664
0.0272156
0.0151329
0.0165262
0.0142438
0.0180267
0.0121057
0.0125679
0.0222563
0.0246459
0.0288108
0.0311667
0.0345766
0.0277315
0.0237349
0.0173611
0.0174453
0.00632444
0.00928626
0
0.00886835
0.0134122
0.015857
0.0104045
0.0028938
0.00561372
0.00246965
0.0110693
0.00379191
0.012572
0.0117039
0.0190553
0.0171896
0.0257925
0.0217892
0.0129124
0.0217512
0.0203783
0.016007
0.017437
0.0101019
0.0146861
0.0159646
0.0161894
0.0149297
0.0228707
0.0179394
0.0155317
0.0167451
0.0185409
0.0211874
0.0280528
0.0246465
0.0304051
0.041384
0.0296932
0.0311048
0.0274135
0.0309549
0.0350401
0.0276032
0.0251812
0.0271446
0.0267063
0.0320728
0.0333489
0.0364421
0.0280201
0.0305888
0.0271227
0.031402
0.0337391
0.0300949
0.0346986
0.0397334
0.0441508
0.0417734
0.0363255
0.0373105
0.0438081
0.0263728
0.0350394
0.033284
0.0249553
0.0331149
0.0382077
0.0332621
0.0379211
0.0320999
0.0310558
0.0306673
0.0306165
0.0244081
0.0258773
0.0290414
0.0297906
0.0387378
0.0478914
0.0476477
0.0558431
0.0629712
0.0585838
0.0537278
0.0666675
0.0585367
0.0665375
0.0628948
0.0647865
0.0709708
0.0593789
0.0666001
0.07259
0.0755556
0.0749557
0.074273
0.0734638
0.073936
0.0735412
0.0819516
0.0775353
0.0907363
0.105169
0.0968965
0.109696
0.105923
0.111511
0.11509
0.112545
0.114752
0.101132
0.119458
0.113441
0.102123
0.113512
0.120271
0.110149
0.118301
0.104986
0.104509
0.106952
0.11806
0.10637
0.103856
0.120403
0.120086
0.138721
0.12808
0.137827
0.126888
0.109861
0.0989422
0.0941607
0.106249
0.111682
0.102698
0.0942022
0.0988626
0.101416
0.0834997
0.0968599
0.0917761
0.0994484
0.0970821
0.0971352
0.101062
0.102377
0.0866298
0.108008
0.0902338
0.103587
0.1019
0.0860034
0.0854558
0.0972331
0.075923
0.0872456
0.074006
0.0621242
0.0659111
0.0742115
0.0622756
0.0653913
0.0582806
0.0617692
0.0558157
0.0545584
0.0616144
0.0522833
0.0625568
0.0514911
0.0511265
0.0369793
0.0689832
0.0531663
0.0587144
0.0564178
0.0690507
0.0709604
0.058291
0.055312
0.0563039
0.0442709
0.0423667
0.0295983
0.0317035
0.0316483
0.0221668
0.00931688
0.0174162
0.025971
0.0168001
0.0123362
0.017446
0.0076132
0.024785
0.0163703
0.0167027
0.0203689
0.019052
0.020483
0.0247627
0.0274601
0.030818
0.0381208
0.0480433
0.0458434
0.0344261
0.0488896
0.0559569
0.0494719
0.0505509
0.0426429
0.0463515
0.0443487
0.032654
0.0256453
0.0243818
0.0249936
0.0308875
0.0210371
0.0258274
0.0232634
0.0203876
0.0194482
0.0139048
0.0171098
0.0147333
0.0141258
0.0114794
0.0184168
0.0204819
0.0196348
0.00708489
0.0223631
0.0217922
0.0279085
0.027624
0.0238687
0.0323958
0.0289175
0.0275262
0.0187315
0.0136747
0.0229821
0.0260571
0.0195685
0.0233771
0.017366
0.011346
0.0160992
0.0110419
0.0197726
0.02055
0.0156537
0.0241321
0.017945
0.0181905
0.0161346
0.0179824
0.0243555
0.0220959
0.0208708
0.025302
0.0206219
0.0369419
0.0429556
0.0466899
0.036482
0.0357489
0.0392885
0.0244984
0.0362668
0.033405
0.0360119
0.0291258
0.0312741
0.027171
0.0230834
0.0298993
0.0262747
0.0271612
0.0234144
0.0156768
0.0235006
0.0257355
0.0239716
0.0223763
0.0238132
0.0281276
0.0222546
0.0271375
0.027048
0.0301876
0.0332611
0.0319445
0.0412532
0.038981
0.0521014
0.0415848
0.0458883
0.0475945
0.0492854
0.0540625
0.0419794
0.0432314
0.0504691
0.05106
0.0436198
0.0444164
0.0480012
0.044806
0.0466635
0.0507661
0.0480148
0.0429477
0.0480681
0.0500855
0.0477547
0.048527
0.0544613
0.0503995
0.0501857
0.0489203
0.0469139
0.0579717
0.0625843
0.0597334
0.0725693
0.0780254
0.0930263
0.125262
0.204376
0.422095
0.681443
0.813133
0.832379
0.789538
0.677792
0.418176
0.204133
0.128403
0.0982359
0.0896685
0.0800352
0.0744203
0.0835077
0.0782409
0.0763335
0.0755989
0.0762713
0.0766203
0.070791
0.0731876
0.0699421
0.0725102
0.072633
0.0681296
0.0699174
0.0715901
0.0723738
0.0690645
0.0711467
0.0685581
0.0618926
0.0675708
0.0629555
0.0629919
0.0658015
0.0650826
0.0680475
0.0610271
0.0569069
0.0590459
0.0612417
0.0636862
0.0607159
0.0689055
0.0588748
0.0661985
0.0713275
0.0705121
0.0653225
0.069826
0.0663869
0.0641378
0.0722945
0.0583586
0.0705739
0.0698868
0.0758276
0.0697336
0.0722967
0.0743671
0.075532
0.0704722
0.0759482
0.0731622
0.0742327
0.0636459
0.0665097
0.064874
0.0699047
0.0631766
0.0589599
0.0562344
0.0572471
0.0679613
0.0620661
0.0641529
0.0616819
0.0542265
0.0640979
0.0611703
0.063649
0.0629242
0.0605824
0.0700008
0.0658342
0.0691877
0.0656656
0.0652182
0.0710207
0.066656
0.0571842
0.0659362
0.0669024
0.0719849
0.0675178
0.0639235
0.0748618
0.0709556
0.0795414
0.0675548
0.0781829
0.0787718
0.0825836
0.0699348
0.0657749
0.0754518
0.0784903
0.0814026
0.0802997
0.0884564
0.0833564
0.0764043
0.0769403
0.0944227
0.0866696
0.0887372
0.105052
0.0977273
0.0848875
0.0979964
0.0985823
0.0969461
0.0866405
0.0903124
0.0902397
0.0796028
0.0950643
0.087083
0.0947964
0.0932599
0.0887853
0.0918584
0.0877337
0.086227
0.0934453
0.09428
0.0962511
0.0930812
0.107065
0.0723807
0.0852294
0.103283
0.0882576
0.066796
0.103629
0.0773267
0.100464
0.0791059
0.0938525
0.0810279
0.10565
0.108307
0.0707607
0.127575
0.0911307
0.110167
0.103714
0.108157
0.111293
0.107669
0.133233
0.141819
0.123394
0.109954
0.126543
0.134462
0.116976
0.125084
0.110763
0.100801
0.118041
0.135004
0.155259
0.173723
0.156649
0.173241
0.175195
0.145514
0.151194
0.15339
0.132234
0.135686
0.155429
0.122618
0.148802
0.124872
0.118862
0.110163
0.131538
0.0944482
0.138475
0.079843
0.093152
0.117169
0.118598
0.111247
0.105295
0.117514
0.0957237
0.103738
0.11429
0.106215
0.108527
0.101816
0.130785
0.0956156
0.108542
0.125106
0.111682
0.102361
0.117376
0.0955504
0.108731
0.0894539
0.0881006
0.0858254
0.108047
0.103019
0.137247
0.129716
0.138114
0.141756
0.147681
0.15864
0.130542
0.127241
0.104251
0.0737548
0.102273
0.0744752
0.0642499
0.0587429
0.0646974
0.0970599
0.0740053
0.056809
0.0912253
0.0745948
0.0888346
0.0798064
0.074234
0.101492
0.104533
0.0968903
0.0975842
0.114964
0.116871
0.137011
0.132762
0.142943
0.173983
0.163912
0.175864
0.197062
0.210627
0.225917
0.254659
0.270809
0.259468
0.24671
0.213739
0.138696
0.0866437
0.0821836
0.0809446
0.0683835
0.0717623
0.0680925
0.072709
0.0824284
0.0762848
0.0601021
0.0684682
0.0679588
0.0760867
0.0763957
0.0668526
0.0793251
0.0822044
0.0707879
0.0653258
0.0749723
0.0767373
0.0731609
0.0758437
0.0707378
0.0637663
0.057939
0.0679751
0.075302
0.0640472
0.0725762
0.0683291
0.0714401
0.0670995
0.0777597
0.0739952
0.0752836
0.0671678
0.0801115
0.0668747
0.0734352
0.0719089
0.0735897
0.0654716
0.0697896
0.0741005
0.0695385
0.0736056
0.0716531
0.0793628
0.0671481
0.0641206
0.0788008
0.0792487
0.0705207
0.0555703
0.0626926
0.0632835
0.0732294
0.062673
0.0675644
0.0669834
0.0626799
0.0550254
0.0650775
0.0533199
0.0526506
0.0642879
0.0513089
0.0522305
0.0687768
0.0664366
0.0583743
0.0612622
0.0636575
0.0607354
0.0670221
0.0720344
0.0656825
0.0634323
0.064304
0.0565762
0.0649185
0.057042
0.0668385
0.0641032
0.0663874
0.0611396
0.0535263
0.0636054
0.0657525
0.0636343
0.0743255
0.0673542
0.0720995
0.0691142
0.0731818
0.0775335
0.0818822
0.0799954
0.0716525
0.0792141
0.0897646
0.0860711
0.0945483
0.0887101
0.10296
0.0988829
0.0941041
0.114873
0.108572
0.128465
0.12658
0.119684
0.118388
0.105251
0.0948898
0.0742137
0.0647043
0.0564761
0.0572987
0.056146
0.0601115
0.0566144
0.0602401
0.0607504
0.0628693
0.0615709
0.0686621
0.0592461
0.0658537
0.0684602
0.0671516
0.0736827
0.0729245
0.0736501
0.0745491
0.0775292
0.0782048
0.0858059
0.0829654
0.0961799
0.0925408
0.09838
0.105159
0.116569
0.126327
0.133927
0.148084
0.159962
0.165673
0.174194
0.177834
0.177817
0.168348
0.156414
0.142327
0.133414
0.116909
0.109059
0.106141
0.0885647
0.0944781
0.0726324
0.0841824
0.0737811
0.0856823
0.0978067
0.093732
0.0925616
0.0837148
0.0893039
0.0900433
0.0910382
0.0898211
0.102409
0.102933
0.100291
0.105704
0.10856
0.121912
0.115988
0.120134
0.126776
0.139581
0.139738
0.141698
0.144093
0.150415
0.165752
0.165979
0.17878
0.192035
0.204003
0.202098
0.209049
0.202113
0.192466
0.173634
0.163587
0.149215
0.125495
0.125457
0.120412
0.108534
0.106945
0.107388
0.097944
0.0964277
0.100997
0.110846
0.0986726
0.108233
0.0910529
0.104524
0.0884215
0.0910136
0.0943508
0.101994
0.0853418
0.0979229
0.0820675
0.0894221
0.0931808
0.0826634
0.0820413
0.0820416
0.0978041
0.0750483
0.0822494
0.0864927
0.0897065
0.0839589
0.0880155
0.0851397
0.0822396
0.0793698
0.0842978
0.0884105
0.0806139
0.0809728
0.0849552
0.085774
0.081511
0.0821517
0.0814731
0.0896002
0.0860534
0.0909818
0.0904433
0.0907947
0.0886435
0.086329
0.0833212
0.0833053
0.0884488
0.0934878
0.0958955
0.0919842
0.0942341
0.0868408
0.0869208
0.0943992
0.0898048
0.0962735
0.0875286
0.0970601
0.090845
0.0925237
0.0905401
0.0942194
0.088946
0.0922262
0.104499
0.102755
0.0986473
0.102994
0.105295
0.12413
0.116237
0.139796
0.131211
0.131283
0.163902
0.164999
0.166317
0.19218
0.167354
0.190719
0.18044
0.189803
0.196541
0.198913
0.166449
0.17111
0.166526
0.162944
0.15835
0.150613
0.133681
0.115101
0.105122
0.109632
0.111328
0.127973
0.134433
0.122963
0.144368
0.14276
0.144666
0.150819
0.148075
0.164761
0.172344
0.167747
0.175282
0.17704
0.169112
0.179394
0.178551
0.167234
0.161021
0.164008
0.156085
0.160603
0.139917
0.125092
0.151407
0.133927
0.182126
0.124288
0.125913
0.132432
0.134257
0.146741
0.152232
0.17379
0.143663
0.175562
0.201467
0.134489
0.181817
0.155242
0.193311
0.19106
0.180975
0.163705
0.179047
0.20085
0.216062
0.205488
0.205708
0.187236
0.221024
0.201595
0.222056
0.229549
0.222261
0.234558
0.237001
0.256138
0.25455
0.251185
0.268229
0.264439
0.260038
0.253465
0.249629
0.243545
0.247712
0.222714
0.215141
0.217021
0.203456
0.182547
0.163594
0.160932
0.127194
0.120854
0.118918
0.140288
0.159564
0.122748
0.146471
0.137089
0.117902
0.124733
0.159703
0.129919
0.148115
0.0992968
0.152564
0.138767
0.169476
0.178946
0.168917
0.179874
0.165065
0.188053
0.22696
0.249078
0.194205
0.22209
0.201143
0.24771
0.250095
0.238019
0.282039
0.247521
0.272697
0.236668
0.273454
0.263205
0.286088
0.292774
0.296321
0.300779
0.31125
0.311129
0.291703
0.312314
0.313832
0.304033
0.289085
0.287948
0.26715
0.247839
0.270977
0.230446
0.23407
0.226671
0.207449
0.162959
0.12664
0.163332
0.119838
0.144531
0.112625
0.104734
0.118426
0.114856
0.113829
0.108024
0.108156
0.15732
0.0997167
0.0851567
0.131387
0.111536
0.123692
0.0787105
0.127319
0.124192
0.14768
0.108653
0.0935482
0.0795838
0.146085
0.143904
0.137514
0.108791
0.114303
0.164455
0.154219
0.133651
0.148363
0.186471
0.135748
0.14805
0.107481
0.174321
0.213
0.170817
0.155265
0.130365
0.138315
0.138155
0.108692
0.133003
0.138247
0.160491
0.138395
0.152884
0.131739
0.131722
0.127664
0.163271
0.138728
0.132368
0.132453
0.144263
0.142787
0.157327
0.136833
0.145707
0.110788
0.147284
0.127609
0.15941
0.128137
0.142124
0.140815
0.164058
0.114753
0.110569
0.143031
0.0903018
0.144483
0.138394
0.119708
0.163173
0.102178
0.0704538
0.0901688
0.143959
0.140752
0.154666
0.103783
0.136234
0.153205
0.129056
0.0897534
0.136331
0.0946774
0.0919985
0.079264
0.156437
0.117279
0.141067
0.141941
0.184086
0.122612
0.0938189
0.111628
0.153633
0.0874309
0.119321
0.187782
0.120539
0.14658
0.163325
0.186394
0.14388
0.139419
0.172792
0.146387
0.170591
0.185159
0.167146
0.156657
0.157147
0.197708
0.176592
0.163174
0.158887
0.192913
0.159278
0.146301
0.128038
0.173342
0.164694
0.121628
0.18947
0.118662
0.132991
0.115097
0.113438
0.093009
0.0709506
0.0877758
0.0769647
