0.146995
0.13857
0.136277
0.141379
0.14395
0.145107
0.152226
0.153342
0.159537
0.162686
0.170434
0.169938
0.175084
0.175018
0.178075
0.184035
0.180892
0.183157
0.188826
0.185993
0.184054
0.179967
0.182082
0.189252
0.197069
0.20095
0.206595
0.205451
0.215077
0.220892
0.222217
0.223847
0.22705
0.228099
0.231223
0.233606
0.235238
0.23131
0.228475
0.226978
0.21722
0.21546
0.218558
0.232363
0.23561
0.243628
0.250624
0.250589
0.254316
0.254298
0.256645
0.238366
0.225014
0.222361
0.222857
0.222396
0.239215
0.270276
0.267318
0.256947
0.242598
0.206584
0.177017
0.154103
0.161428
0.13876
0.138406
0.12498
0.128779
0.129985
0.126945
0.124723
0.124065
0.122536
0.11379
0.12199
0.122159
0.117473
0.125414
0.122464
0.122384
0.125543
0.123267
0.12223
0.132051
0.129554
0.134229
0.140633
0.145397
0.150341
0.151971
0.156083
0.16755
0.173123
0.180134
0.190765
0.205135
0.213089
0.21909
0.223496
0.229105
0.232786
0.22297
0.210758
0.198522
0.190455
0.182528
0.179245
0.17976
0.180941
0.186198
0.189722
0.188828
0.193123
0.189161
0.183028
0.185994
0.182252
0.174557
0.173345
0.169869
0.174161
0.180858
0.195211
0.194431
0.199697
0.206976
0.207568
0.210155
0.21541
0.218441
0.223274
0.222354
0.222189
0.222887
0.224019
0.229904
0.23338
0.234342
0.223312
0.208412
0.189461
0.189715
0.185691
0.191789
0.191878
0.201371
0.204832
0.209938
0.224099
0.229371
0.241409
0.245411
0.253316
0.251354
0.257964
0.26278
0.259354
0.262352
0.264728
0.262291
0.265842
0.264611
0.263647
0.23517
0.198302
0.16009
0.137726
0.125651
0.120829
0.121191
0.117076
0.115292
0.120752
0.118509
0.118615
0.125311
0.125422
0.126725
0.134328
0.138252
0.142637
0.142029
0.142768
0.137522
0.139282
0.141196
0.132969
0.134727
0.134391
0.138515
0.13466
0.138234
0.138134
0.143304
0.142261
0.141874
0.140468
0.132872
0.134753
0.129289
0.106437
0.109533
0.112327
0.119659
0.117747
0.126518
0.127549
0.135072
0.134757
0.145437
0.15778
0.155027
0.155556
0.160913
0.16637
0.164726
0.170121
0.174994
0.179049
0.1832
0.178012
0.170938
0.167197
0.152946
0.136468
0.133711
0.139274
0.13605
0.140567
0.140476
0.147708
0.146958
0.156716
0.161126
0.169447
0.179779
0.18265
0.190425
0.187785
0.20236
0.197775
0.210315
0.220211
0.219495
0.223126
0.223589
0.232646
0.235926
0.233867
0.239082
0.241384
0.237905
0.235318
0.225064
0.212787
0.197687
0.183294
0.14909
0.14462
0.143682
0.157177
0.165827
0.153098
0.157078
0.163044
0.16113
0.171193
0.187517
0.187818
0.188391
0.191856
0.202237
0.196776
0.221407
0.209257
0.218078
0.221327
0.220025
0.214183
0.206151
0.192632
0.164202
0.150791
0.136422
0.13161
0.134082
0.129686
0.133385
0.134506
0.146081
0.155388
0.154575
0.149662
0.155969
0.157375
0.152269
0.155111
0.153204
0.143223
0.147143
0.140783
0.141818
0.12909
0.13849
0.131697
0.134264
0.129845
0.136897
0.14283
0.140239
0.139261
0.136146
0.129588
0.131545
0.103097
0.115612
0.130317
0.124
0.126179
0.120373
0.112817
0.113186
0.110444
0.107756
0.10731
0.125516
0.131262
0.115375
0.121777
0.126173
0.133997
0.137167
0.145088
0.156633
0.162289
0.15677
0.158537
0.16079
0.165112
0.174148
0.165487
0.169109
0.16784
0.164334
0.140525
0.153606
0.138099
0.139249
0.134655
0.113424
0.123764
0.127253
0.132293
0.130989
0.1338
0.14151
0.144515
0.130928
0.150559
0.131979
0.14183
0.134499
0.146442
0.144453
0.151397
0.159702
0.153956
0.166316
0.181573
0.182805
0.183669
0.193579
0.200368
0.203181
0.203591
0.194243
0.194392
0.184798
0.16707
0.128516
0.131876
0.121377
0.110065
0.124493
0.121527
0.115744
0.129098
0.125527
0.128854
0.125865
0.126071
0.141548
0.134911
0.131508
0.142103
0.132688
0.130561
0.120657
0.127959
0.115495
0.131704
0.122209
0.129309
0.128306
0.134533
0.142566
0.146109
0.162987
0.165
0.18446
0.19604
0.207079
0.210337
0.219373
0.222849
0.20437
0.19654
0.175122
0.170026
0.182403
0.16805
0.169931
0.179135
0.173808
0.164273
0.168461
0.169614
0.176767
0.165866
0.176364
0.167379
0.16865
0.164671
0.166497
0.165898
0.155721
0.148164
0.152785
0.159461
0.164619
0.146526
0.146908
0.148688
0.147145
0.140734
0.154911
0.152404
0.135765
0.145872
0.151949
0.132194
0.132042
0.118646
0.144637
0.134281
0.153177
0.142333
0.142401
0.155577
0.151923
0.168962
0.161005
0.145385
0.154493
0.17648
0.150819
0.170742
0.164818
0.191519
0.181441
0.180357
0.184353
0.177314
0.187195
0.200445
0.207017
0.205039
0.21594
0.230525
0.240613
0.264337
0.24185
0.258657
0.240853
0.221514
0.224771
0.17171
0.172655
0.1249
0.149956
0.192774
0.226697
0.27145
0.336505
0.381602
0.385393
0.414411
0.378646
0.315595
0.234223
0.177366
0.15533
0.134873
0.132644
0.153089
0.136562
0.1393
0.145843
0.155123
0.131549
0.152825
0.150455
0.15569
0.154922
0.143367
0.156842
0.163036
0.150878
0.172988
0.16844
0.163487
0.149113
0.140517
0.137612
0.123498
0.13324
0.112387
0.117962
0.134792
0.115961
0.112315
0.120431
0.107837
0.123671
0.110734
0.0930437
0.108652
0.0996029
0.115031
0.129606
0.120449
0.124503
0.125894
0.10529
0.13565
0.134339
0.12392
0.137918
0.149978
0.139824
0.137727
0.129694
0.144862
0.127994
0.134211
0.137542
0.134836
0.114307
0.108727
0.125327
0.120271
0.140318
0.13862
0.131567
0.136195
0.144314
0.135169
0.145536
0.124946
0.145675
0.149752
0.124265
0.126276
0.127559
0.128644
0.108174
0.145294
0.132297
0.130301
0.138719
0.123613
0.146256
0.132791
0.121157
0.149425
0.144907
0.138732
0.151627
0.150605
0.127818
0.133131
0.137991
0.118246
0.117773
0.109009
0.115337
0.116083
0.126311
0.10108
0.109905
0.107025
0.112046
0.100568
0.0937186
0.094156
0.0905538
0.107768
0.0792519
0.0980628
0.124476
0.0958644
0.0865656
0.0987914
0.0944481
0.114431
0.0916097
0.108773
0.0955999
0.0899461
0.0791233
0.0806365
0.0737278
0.0706391
0.0870423
0.0780523
0.0823919
0.0905321
0.0992987
0.107108
0.115473
0.105181
0.1255
0.131508
0.117048
0.13854
0.125179
0.105508
0.098047
0.0975098
0.0712341
0.0746296
0.0737472
0.0628817
0.0756033
0.0881892
0.0871369
0.0874402
0.093018
0.104963
0.128709
0.118405
0.10257
0.113374
0.120566
0.109329
0.087452
0.1035
0.106053
0.0998179
0.132635
0.14041
0.141459
0.136977
0.139705
0.167267
0.126489
0.126329
0.12647
0.119962
0.116113
0.100182
0.135682
0.113635
0.133992
0.118122
0.126315
0.125768
0.131197
0.128814
0.129622
0.120053
0.134984
0.109024
0.132935
0.129936
0.139419
0.111609
0.0917968
0.12075
0.139164
0.117423
0.0995755
0.0972841
0.0869711
0.0921185
0.0842536
0.0758653
0.0893521
0.0904005
0.0677874
0.0762906
0.0580231
0.0717096
0.0690197
0.0717407
0.0562575
0.0528337
0.0433799
0.0393713
0.0420036
0.050745
0.0642421
0.0471209
0.0556141
0.0495448
0.0487943
0.0477847
0.0463324
0.0473007
0.0481055
0.0431285
0.0520132
0.0449739
0.0474979
0.041546
0.0436684
0.0530037
0.0459969
0.0358866
0.0589236
0.0640451
0.0592736
0.0522554
0.0560575
0.0464135
0.0613833
0.0552505
0.058368
0.0555035
0.0579216
0.0540331
0.0654139
0.0575853
0.044114
0.0575485
0.0520328
0.0652668
0.0496304
0.0506076
0.0447532
0.0473907
0.0533003
0.0351266
0.033823
0.0349932
0.0284958
0.0407344
0.0368105
0.0554205
0.0546738
0.0471645
0.0563261
0.0564333
0.0407315
0.0526056
0.0515669
0.0523028
0.0317341
0.0404931
0.0355654
0.0498698
0.0559136
0.0344567
0.0578758
0.0428428
0.0597691
0.0655792
0.0512022
0.0711805
0.100253
0.0740901
0.090166
0.077469
0.0852832
0.0831603
0.0859802
0.0922083
0.0881613
0.0815826
0.0899747
0.10407
0.0894792
0.0860465
0.0880743
0.105369
0.11847
0.102489
0.112047
0.10467
0.132084
0.112117
0.130124
0.137415
0.136401
0.146983
0.166097
0.16511
0.164971
0.166798
0.155592
0.149386
0.108119
0.121648
0.099845
0.0950583
0.118205
0.118251
0.117376
0.115447
0.120706
0.122128
0.102114
0.132797
0.12868
0.13738
0.122344
0.143052
0.132714
0.146809
0.112976
0.14047
0.14423
0.121746
0.149176
0.116199
0.184339
0.147606
0.165197
0.160764
0.172768
0.160167
0.150296
0.119664
0.137889
0.109795
0.112817
0.113859
0.100273
0.0729201
0.0965302
0.0787652
0.0460545
0.0601763
0.0412529
0.032626
0.0322121
0.0321859
0.0333506
0.0119021
0.0211868
0.00942087
0.0187699
0.0146665
0.0202362
0.0138813
0.0204543
0.0134594
0.0147718
0.00691222
0.0176558
0.0173931
0.0179129
0.0175093
0.0300825
0.0230335
0.0226652
0.017682
0.0136051
0.00833722
0.0113361
0.00835404
0.00476565
0.0110714
0.0129422
0.0134897
0.00422446
0.00453288
0.00535061
0
0.0101594
0.00731553
0.00172025
0.0103919
0.016667
0.0122514
0.0173802
0.00960767
0.00820541
0.0196975
0.00642559
0.0154978
0.0140055
0.00855189
0.0146712
0.0137878
0.0143891
0.00716566
0.0123692
0.0120899
0.0139838
0.0188927
0.0195947
0.0132788
0.0121485
0.0143542
0.0225947
0.0306262
0.0163762
0.0328564
0.0127061
0.0207305
0.0253864
0.0210631
0.0167209
0.0223291
0.0219739
0.018152
0.0211083
0.022146
0.0177162
0.0186794
0.0172796
0.0214123
0.0159574
0.0225391
0.0244783
0.0254037
0.0278857
0.0251002
0.0251555
0.0302482
0.0187178
0.0199279
0.0216482
0.0205873
0.0174216
0.0213031
0.0182481
0.023681
0.023514
0.0196737
0.0176774
0.0202518
0.0108495
0.0187711
0.0175396
0.0146325
0.0173971
0.0244043
0.0270288
0.0342642
0.0348535
0.0366731
0.0337487
0.0388733
0.0395502
0.040114
0.0381675
0.0377224
0.0305061
0.0399297
0.0409672
0.0429883
0.0478916
0.0494628
0.0398422
0.0490161
0.0392999
0.0404465
0.0425882
0.0456456
0.0510387
0.053651
0.0614688
0.0622454
0.0698066
0.0665727
0.0723966
0.0741143
0.0709334
0.0789503
0.0693319
0.0741308
0.06935
0.0697959
0.0763074
0.0669567
0.0678782
0.0779204
0.0686256
0.0556096
0.0626347
0.0682014
0.0575937
0.0619502
0.0680294
0.0725714
0.0795064
0.0709734
0.0913001
0.0810984
0.0719485
0.0734006
0.065534
0.0643249
0.0741061
0.053449
0.0737619
0.0642748
0.0589409
0.0646297
0.0563114
0.06068
0.0712692
0.0671262
0.0737998
0.0536386
0.0587852
0.0615432
0.0609702
0.0580042
0.0708221
0.0606905
0.0597969
0.0624215
0.0766787
0.0479652
0.062255
0.0492394
0.0406505
0.0558335
0.0490095
0.0456167
0.0517178
0.0415783
0.0482703
0.0405226
0.0463849
0.0406581
0.0408944
0.0484434
0.043276
0.0367996
0.0311827
0.0433396
0.0409256
0.0300121
0.0535596
0.0513674
0.0574504
0.0468948
0.0337066
0.0314162
0.0420704
0.02586
0.0237781
0.0234306
0.0319526
0.0199985
0.0167279
0.0190085
0.0242399
0.0133275
0.0114061
0.0142462
0.0127732
0.0161194
0.0160022
0.0119481
0.0120179
0.016092
0.016133
0.00307308
0.0194974
0.0316942
0.0169949
0.0407989
0.0280577
0.0283567
0.0433903
0.0334885
0.0359058
0.0340878
0.0310595
0.0276337
0.0196948
0.0223659
0.027242
0.0197589
0.0215716
0.0207972
0.0199592
0.0182883
0.00977668
0.0215919
0.0150583
0.00782676
0.0266943
0.0098098
0.0147248
0.00709703
0.0125807
0.0209453
0.0116676
0.0060726
0.0170431
0.0180249
0.0271622
0.0233219
0.0258298
0.0299071
0.0186946
0.0174999
0.0141653
0.0156071
0.0238106
0.0162795
0.00893858
0.0203533
0.0192597
0.0188732
0.0124198
0.014087
0.0112524
0.009836
0.0107242
0.0173972
0.0210887
0.00995709
0.0128641
0.0211575
0.018978
0.00640866
0.0180946
0.0233681
0.0131775
0.0235368
0.0223138
0.0326044
0.0250916
0.0354072
0.0278454
0.0253512
0.0231106
0.0266995
0.030523
0.0251476
0.0200122
0.0263917
0.0168691
0.0177683
0.0210179
0.0185661
0.00881996
0.0150024
0.0105825
0.0192026
0.0215935
0.0143445
0.0183034
0.0205369
0.0157945
0.0163471
0.0191395
0.020797
0.0241564
0.0154135
0.0252073
0.0226079
0.0321903
0.0242614
0.0404868
0.0331924
0.0285002
0.0342231
0.0246551
0.0324742
0.0367643
0.0296182
0.0263563
0.0236977
0.0292555
0.0340293
0.0272822
0.0307798
0.0271596
0.0246609
0.0262142
0.0279425
0.0273962
0.0312955
0.0325348
0.0295128
0.0315002
0.0283521
0.0285658
0.0314384
0.0369035
0.0318729
0.0453695
0.0423366
0.0596164
0.0840858
0.146028
0.283726
0.476722
0.56524
0.581038
0.542658
0.472535
0.285644
0.12987
0.0849626
0.0671931
0.0541834
0.0501786
0.042385
0.0479212
0.0484306
0.0399529
0.0486043
0.0451569
0.0489507
0.0428984
0.0397202
0.0414321
0.0423845
0.0405367
0.0393643
0.0418499
0.0370325
0.0400579
0.0429394
0.0396072
0.044291
0.0358767
0.043865
0.026835
0.0445972
0.0442474
0.0495916
0.0472265
0.0414149
0.037853
0.0380602
0.0346671
0.0343331
0.0383715
0.0363636
0.0385823
0.0371289
0.0365356
0.0449721
0.0413645
0.0462489
0.0429879
0.0416023
0.0475769
0.0435144
0.0384721
0.0442127
0.0454832
0.0456061
0.0419937
0.0425023
0.0435008
0.0433285
0.0470973
0.0475779
0.041784
0.0407428
0.039759
0.0345793
0.0403411
0.0354651
0.0298915
0.0325316
0.0406245
0.047049
0.032605
0.0274033
0.0440032
0.0360139
0.0465051
0.0405297
0.0415781
0.0430027
0.0333945
0.0390624
0.0459867
0.0402253
0.0439611
0.0403778
0.0396845
0.0415327
0.0348196
0.0389277
0.0415957
0.0454618
0.038896
0.0418766
0.0444994
0.0410039
0.0457729
0.0434805
0.0501571
0.0466539
0.0497559
0.0493221
0.0431412
0.0471066
0.0408621
0.0552737
0.0523364
0.0604414
0.0546307
0.063781
0.0555778
0.0410173
0.0604078
0.0592368
0.0678535
0.0673066
0.0411815
0.0582584
0.0604101
0.0647308
0.0584496
0.055684
0.0483186
0.0586226
0.0580502
0.0566865
0.0558825
0.0522172
0.0515275
0.0569177
0.0486745
0.0533736
0.0643766
0.0603492
0.0529748
0.0626924
0.0721785
0.0553905
0.04438
0.0681914
0.0700568
0.039855
0.0762856
0.0698002
0.0636748
0.0712991
0.0421638
0.0552453
0.0731657
0.0608448
0.0882668
0.0847469
0.0604543
0.0786901
0.0747074
0.0785678
0.0932429
0.0958183
0.105814
0.112089
0.0796768
0.0733093
0.10714
0.1034
0.106964
0.108874
0.0912387
0.0844167
0.084382
0.122706
0.128195
0.108797
0.0984876
0.141172
0.139276
0.110019
0.115867
0.134782
0.108389
0.11042
0.0975496
0.0560964
0.112252
0.096641
0.0943703
0.09977
0.0683747
0.0891665
0.0967713
0.0748279
0.0888034
0.115428
0.116196
0.089681
0.0650739
0.0964724
0.0767436
0.0668353
0.0816751
0.0699472
0.0551729
0.0782034
0.0889448
0.0747353
0.0839475
0.0616611
0.0851683
0.0850195
0.0885403
0.0764597
0.0671084
0.0743252
0.0572321
0.0821742
0.0647325
0.0653767
0.102564
0.100085
0.111278
0.123523
0.0954295
0.100285
0.10483
0.113302
0.0571831
0.0659208
0.0781392
0.0807172
0.0381365
0.0472786
0.0665124
0.0937749
0.087849
0.0537507
0.079615
0.0395934
0.0561981
0.0493981
0.0608314
0.0641125
0.0742235
0.0712363
0.0589471
0.0640306
0.0690115
0.0965867
0.0918949
0.0955862
0.105945
0.108541
0.119186
0.129622
0.152768
0.159659
0.167828
0.170382
0.166806
0.149548
0.132912
0.0907968
0.0723504
0.0471995
0.0483728
0.0268167
0.0462396
0.0557849
0.0520332
0.0521666
0.0532398
0.039873
0.0611977
0.0487426
0.0421696
0.0574892
0.0525937
0.0665823
0.0415518
0.0236722
0.046825
0.0579654
0.0396648
0.0576091
0.0551604
0.0414975
0.0474251
0.0348513
0.0390629
0.0462478
0.0395097
0.0452017
0.0418594
0.0513837
0.0488757
0.0491799
0.0429449
0.0553164
0.046401
0.0505995
0.0422746
0.0542165
0.0477906
0.0484184
0.0430731
0.0551067
0.0468028
0.0401139
0.0393066
0.0460127
0.0528927
0.0384804
0.0411459
0.0482691
0.0569403
0.0465349
0.0378402
0.0479671
0.0500153
0.0488265
0.0373659
0.0356344
0.047542
0.0375197
0.0443756
0.0449933
0.0433908
0.0508687
0.0413806
0.037633
0.0345116
0.0301357
0.0432383
0.0391023
0.043872
0.0423337
0.0424597
0.0418787
0.0484994
0.0423545
0.0442136
0.0385532
0.0386887
0.0436506
0.0365217
0.0377407
0.0373212
0.0359056
0.0379067
0.0295102
0.0369041
0.0394729
0.0412405
0.0438655
0.0423661
0.0452844
0.0531068
0.0442562
0.046512
0.0545569
0.0471379
0.044569
0.0522024
0.0585544
0.0631031
0.0657819
0.0568913
0.0769523
0.062432
0.0734367
0.0820404
0.0771297
0.0903676
0.0944846
0.0920901
0.0914167
0.0664465
0.0630683
0.0507705
0.0470109
0.0475498
0.0267105
0.0345096
0.0380504
0.0277497
0.0468977
0.048406
0.0365483
0.0403332
0.0408694
0.0379451
0.0384107
0.0352101
0.0457831
0.0416181
0.0431054
0.0374391
0.0470953
0.0478529
0.047989
0.0553607
0.0551695
0.0612136
0.0575936
0.0641604
0.0698606
0.0740563
0.0821293
0.0816594
0.0927452
0.10342
0.109034
0.112492
0.115626
0.113343
0.112084
0.102954
0.0991441
0.0862497
0.0746591
0.0701523
0.070546
0.0591374
0.0701941
0.0515755
0.0625835
0.0428397
0.0605955
0.0696346
0.0535391
0.0698668
0.058504
0.0615325
0.0631276
0.0586998
0.056316
0.068304
0.070965
0.0638097
0.0705835
0.0662592
0.070722
0.0763546
0.0737815
0.0801532
0.0906673
0.0846942
0.0938391
0.0882885
0.0973541
0.10643
0.10287
0.115179
0.1154
0.131219
0.130063
0.126372
0.125071
0.117273
0.111566
0.101686
0.0955047
0.0857308
0.0752327
0.0735358
0.0694204
0.0597754
0.0729303
0.0576541
0.0616396
0.0612387
0.0669224
0.0595794
0.0635243
0.0660957
0.0654641
0.048003
0.0544295
0.0581728
0.0636757
0.0617017
0.0615098
0.0576202
0.0648225
0.0620058
0.0571303
0.0518645
0.0414878
0.0570898
0.0555381
0.0498083
0.0530196
0.0548555
0.0532747
0.0559147
0.0559109
0.0407304
0.0536041
0.0507563
0.0527342
0.0533248
0.0481675
0.0517251
0.0452199
0.0511767
0.0559223
0.0574532
0.0567836
0.0483038
0.048813
0.0538473
0.0512771
0.0553138
0.052215
0.0481342
0.0550085
0.0585473
0.0620811
0.054588
0.0576345
0.0580369
0.0516644
0.0528919
0.072845
0.0727359
0.0719521
0.0789012
0.0877044
0.0819452
0.0899637
0.0909329
0.0951851
0.0922954
0.0898021
0.0911482
0.0837884
0.0918941
0.0868699
0.0914588
0.0911583
0.0992445
0.0857416
0.115879
0.102767
0.115076
0.0995611
0.104024
0.119532
0.100962
0.128343
0.124588
0.127104
0.134417
0.134394
0.0964913
0.111712
0.104251
0.112988
0.107398
0.102107
0.0851145
0.0919267
0.0766657
0.0720823
0.0945571
0.104399
0.100069
0.0868591
0.107064
0.115499
0.10078
0.108318
0.0995768
0.131055
0.138395
0.144422
0.126139
0.134397
0.128398
0.128769
0.131572
0.129629
0.121515
0.129275
0.102655
0.117276
0.103296
0.115703
0.103463
0.123982
0.129148
0.115169
0.100025
0.113327
0.106243
0.124016
0.109301
0.158708
0.136427
0.1267
0.130627
0.116278
0.151655
0.10341
0.157168
0.160441
0.155401
0.127072
0.125753
0.156459
0.183573
0.157117
0.125534
0.133104
0.12641
0.163079
0.168307
0.173049
0.156023
0.149874
0.154388
0.177719
0.178365
0.181751
0.186635
0.173492
0.172749
0.181777
0.177012
0.174764
0.172151
0.168006
0.15077
0.148694
0.137008
0.13408
0.123645
0.119195
0.121272
0.117
0.100037
0.111031
0.0886191
0.101371
0.115018
0.0804366
0.105606
0.1015
0.107293
0.106861
0.107075
0.0710979
0.0937033
0.0906343
0.0989064
0.128681
0.135628
0.115102
0.122977
0.123741
0.159719
0.181931
0.146619
0.160016
0.177747
0.184024
0.162707
0.18359
0.181867
0.196493
0.181809
0.159525
0.201
0.19472
0.188342
0.163786
0.205113
0.200459
0.215972
0.194648
0.209257
0.204999
0.209899
0.198416
0.201032
0.20326
0.176456
0.15856
0.167286
0.178298
0.150329
0.159214
0.147501
0.0879024
0.0972675
0.132167
0.0994607
0.152819
0.117761
0.0797133
0.0718831
0.0885201
0.0759898
0.117055
0.108523
0.116851
0.1126
0.0985581
0.125531
0.0949637
0.105912
0.0783121
0.0994807
0.139319
0.114257
0.0964897
0.114213
0.049092
0.096587
0.147375
0.115476
0.117476
0.137527
0.109058
0.141402
0.0954484
0.139363
0.17317
0.114837
0.151191
0.12314
0.179808
0.191531
0.166164
0.157312
0.115624
0.0964206
0.128401
0.113961
0.117126
0.161277
0.140881
0.137803
0.0914901
0.11419
0.0955056
0.134404
0.110757
0.130606
0.121774
0.132388
0.138234
0.138168
0.113575
0.121889
0.103078
0.104782
0.15285
0.133702
0.14206
0.107582
0.098358
0.141448
0.165921
0.0920621
0.0871889
0.11738
0.0544455
0.0977888
0.12019
0.0613144
0.162472
0.102602
0.101868
0.123278
0.102684
0.100293
0.144133
0.102241
0.130262
0.115708
0.105446
0.10614
0.144998
0.120053
0.103671
0.0461218
0.128917
0.106969
0.113876
0.0807932
0.192808
0.124713
0.105052
0.0972486
0.152818
0.0621607
0.0927013
0.172135
0.138936
0.165
0.14704
0.157752
0.134664
0.127392
0.165935
0.125883
0.149419
0.136773
0.128457
0.128556
0.132206
0.175055
0.148923
0.144278
0.112752
0.194316
0.107236
0.159845
0.124177
0.134119
0.145977
0.101126
0.156083
0.143499
0.100849
0.126306
0.13136
0.081767
0.0934635
0.100989
0.0842018
