0.190486
0.190198
0.187002
0.194852
0.20071
0.203596
0.211867
0.216682
0.216361
0.228565
0.232348
0.236356
0.241586
0.246127
0.256117
0.258964
0.261595
0.258973
0.269119
0.265724
0.263143
0.265768
0.260949
0.274514
0.282417
0.289421
0.301481
0.308166
0.310209
0.319893
0.320996
0.324417
0.331023
0.33421
0.341347
0.346631
0.3524
0.347043
0.341906
0.338201
0.332336
0.327152
0.325306
0.339473
0.352874
0.367057
0.378295
0.381638
0.385853
0.384894
0.37876
0.341525
0.321549
0.318394
0.318172
0.318197
0.34158
0.411961
0.414301
0.402577
0.373493
0.326934
0.266763
0.233718
0.226756
0.201776
0.198983
0.188316
0.178925
0.177601
0.171754
0.159853
0.156452
0.15009
0.148735
0.149711
0.150602
0.153045
0.158661
0.165744
0.168501
0.172959
0.171534
0.175552
0.181599
0.178131
0.185524
0.19169
0.192466
0.20242
0.206138
0.212336
0.229403
0.245636
0.257976
0.285914
0.310354
0.324457
0.34821
0.35342
0.360444
0.368206
0.346396
0.319409
0.288522
0.267622
0.25146
0.247136
0.249009
0.252422
0.258175
0.265785
0.266299
0.270962
0.268458
0.264704
0.261548
0.260205
0.240232
0.248743
0.25159
0.255271
0.26412
0.274408
0.27678
0.293732
0.298097
0.301071
0.306964
0.314259
0.31951
0.324922
0.321985
0.319921
0.319499
0.320996
0.336835
0.345721
0.347475
0.335221
0.314137
0.288959
0.282316
0.267646
0.279866
0.293998
0.307717
0.308398
0.32268
0.335412
0.345615
0.363645
0.372458
0.378767
0.381296
0.389252
0.398755
0.392072
0.39759
0.394634
0.394897
0.402178
0.406303
0.399121
0.359045
0.297234
0.234483
0.18873
0.166879
0.152801
0.150282
0.144611
0.14479
0.140904
0.144745
0.145499
0.150696
0.164035
0.164409
0.177012
0.193842
0.203392
0.195871
0.200516
0.197595
0.186048
0.182811
0.181177
0.179133
0.179857
0.175314
0.168776
0.174492
0.178978
0.188204
0.190087
0.187621
0.186569
0.178787
0.185328
0.167598
0.156556
0.155062
0.155785
0.163457
0.155354
0.166287
0.180316
0.186346
0.188297
0.199142
0.207342
0.210717
0.21538
0.222712
0.230803
0.23092
0.236744
0.241067
0.24802
0.254089
0.250336
0.246841
0.237651
0.227446
0.205423
0.19528
0.195097
0.204734
0.205329
0.213548
0.217211
0.218019
0.2272
0.234327
0.243122
0.263149
0.264147
0.274362
0.281256
0.293739
0.295446
0.309339
0.323056
0.32623
0.332141
0.333962
0.34265
0.353551
0.356015
0.361788
0.368575
0.376287
0.365708
0.3611
0.349681
0.287549
0.265769
0.225774
0.224266
0.217927
0.219927
0.229321
0.231008
0.230168
0.251497
0.241249
0.252971
0.274567
0.275041
0.280073
0.288833
0.299003
0.2973
0.317894
0.314888
0.319915
0.324363
0.321326
0.315685
0.299023
0.277147
0.238712
0.207939
0.18117
0.167246
0.169246
0.170097
0.190616
0.176403
0.199147
0.223209
0.215414
0.229017
0.222335
0.234758
0.221847
0.221064
0.224346
0.198345
0.195776
0.189642
0.186117
0.175834
0.175831
0.17214
0.174852
0.177405
0.177861
0.187727
0.188608
0.188485
0.184982
0.191862
0.193509
0.165146
0.188517
0.172732
0.174336
0.177076
0.162582
0.175549
0.165014
0.169717
0.166125
0.160256
0.165303
0.182328
0.15933
0.184276
0.181627
0.184378
0.189671
0.205673
0.208952
0.222795
0.215044
0.218508
0.229568
0.22774
0.238255
0.236507
0.248488
0.241958
0.2457
0.219353
0.230897
0.209195
0.217311
0.21604
0.197907
0.18431
0.179395
0.162289
0.182501
0.191553
0.203522
0.199955
0.185476
0.203626
0.201309
0.227366
0.211464
0.216751
0.212761
0.215917
0.218765
0.229489
0.237623
0.2632
0.273648
0.283903
0.283256
0.298393
0.30112
0.303655
0.294891
0.2882
0.269481
0.240197
0.20059
0.185176
0.176548
0.168372
0.171854
0.157292
0.161701
0.190948
0.177588
0.178714
0.187984
0.195577
0.189271
0.184154
0.179172
0.181515
0.179875
0.176397
0.164045
0.173567
0.162126
0.167523
0.162871
0.171758
0.171839
0.181209
0.192263
0.201294
0.219937
0.246139
0.274843
0.29765
0.321105
0.326078
0.340476
0.330083
0.320702
0.293929
0.272873
0.246828
0.262211
0.268257
0.264854
0.263053
0.261605
0.242207
0.261259
0.265098
0.251996
0.248915
0.255754
0.267189
0.25352
0.24831
0.240834
0.228776
0.212989
0.201979
0.205282
0.216788
0.227514
0.214242
0.233188
0.21904
0.212994
0.224904
0.231798
0.2052
0.209159
0.217544
0.218816
0.212903
0.210137
0.21609
0.23191
0.208781
0.221945
0.206313
0.226836
0.230462
0.226909
0.232198
0.227628
0.203812
0.225644
0.246405
0.241573
0.235079
0.226569
0.242364
0.247698
0.257596
0.259398
0.258446
0.267902
0.279699
0.297979
0.293786
0.3141
0.351391
0.389655
0.4357
0.424333
0.439529
0.426449
0.395655
0.36203
0.269712
0.250049
0.222716
0.229153
0.26325
0.329834
0.394377
0.474537
0.529173
0.538898
0.559489
0.53217
0.431264
0.338911
0.25475
0.232383
0.200244
0.188695
0.211096
0.197134
0.190408
0.212478
0.21967
0.201585
0.216858
0.226616
0.222848
0.218772
0.218345
0.229481
0.236474
0.22043
0.242123
0.252741
0.248582
0.232511
0.215532
0.184089
0.18067
0.185844
0.159143
0.181905
0.188034
0.159755
0.147159
0.159427
0.148333
0.159673
0.12421
0.130438
0.149451
0.143818
0.146919
0.153662
0.160928
0.158468
0.155238
0.156266
0.175134
0.187207
0.180164
0.198278
0.216726
0.193255
0.203746
0.187231
0.196645
0.185014
0.195671
0.196211
0.200573
0.181016
0.175311
0.172669
0.178404
0.194958
0.199886
0.207626
0.19695
0.220373
0.208248
0.221686
0.205271
0.207384
0.205474
0.175739
0.180248
0.186975
0.175862
0.17101
0.192448
0.195525
0.180772
0.186251
0.181841
0.198848
0.199654
0.181814
0.204589
0.201339
0.185797
0.195256
0.214319
0.202479
0.18793
0.20844
0.172556
0.179357
0.161347
0.161353
0.140486
0.166146
0.157668
0.167028
0.154832
0.142137
0.152797
0.158445
0.151165
0.149114
0.154614
0.130811
0.145215
0.160851
0.124225
0.14601
0.146642
0.13737
0.131241
0.136773
0.152986
0.141933
0.121393
0.117361
0.1281
0.0954446
0.0955181
0.124404
0.113851
0.138513
0.13096
0.148261
0.160166
0.154329
0.165426
0.186031
0.19571
0.18537
0.220391
0.193671
0.18503
0.176313
0.151758
0.103925
0.10565
0.101181
0.090929
0.100128
0.113297
0.142515
0.122424
0.136859
0.148187
0.180412
0.169643
0.168361
0.167814
0.167339
0.141144
0.13974
0.161624
0.155799
0.152764
0.164095
0.18508
0.205741
0.196812
0.207673
0.190304
0.193872
0.192081
0.209984
0.17375
0.169623
0.175732
0.205121
0.197399
0.175326
0.197005
0.192764
0.186982
0.192655
0.173489
0.197168
0.186167
0.181992
0.192863
0.18984
0.17873
0.171138
0.176353
0.159998
0.154213
0.167965
0.158453
0.137227
0.146859
0.133785
0.127307
0.130899
0.115807
0.111174
0.101951
0.101924
0.0907225
0.102507
0.0978249
0.0861062
0.0995392
0.0851464
0.0665537
0.0722767
0.0687623
0.0713264
0.0644639
0.0807863
0.0758075
0.0552038
0.0659245
0.0693049
0.0717665
0.0751724
0.066532
0.0732438
0.0515757
0.0572539
0.0606352
0.0662994
0.0609219
0.0562147
0.073338
0.0650841
0.0696196
0.0712275
0.0844909
0.0776918
0.0816035
0.0662383
0.0706082
0.0863933
0.0630247
0.0723377
0.0679777
0.0794366
0.0804203
0.0848409
0.0940186
0.0798047
0.0778665
0.0716464
0.0735824
0.0577925
0.0594742
0.0510786
0.0532689
0.0678069
0.0552928
0.0428519
0.0472015
0.0447466
0.0431374
0.0442665
0.0677504
0.0710641
0.0659985
0.0674682
0.0725188
0.0712381
0.0624617
0.0713215
0.0674763
0.0461004
0.0534745
0.0571524
0.0736851
0.0569219
0.0613413
0.0641306
0.047499
0.0787959
0.0910358
0.0753018
0.114906
0.131712
0.124713
0.106767
0.12433
0.131569
0.125048
0.122795
0.128407
0.138595
0.128132
0.117869
0.133606
0.147425
0.126895
0.128955
0.152416
0.145188
0.149424
0.166091
0.174511
0.200601
0.178997
0.203814
0.211936
0.216973
0.217775
0.236162
0.266539
0.264221
0.256872
0.229793
0.228077
0.20917
0.170515
0.135552
0.153717
0.156127
0.174466
0.159951
0.189606
0.170877
0.16922
0.179104
0.195706
0.196126
0.188424
0.181075
0.18608
0.181861
0.193679
0.175267
0.189469
0.184833
0.183232
0.195805
0.203141
0.23005
0.238073
0.242051
0.234621
0.26133
0.210568
0.231369
0.199245
0.182033
0.174401
0.167606
0.16886
0.14542
0.12136
0.116598
0.10628
0.0873083
0.0932962
0.0642022
0.0484134
0.0457563
0.0332994
0.0270569
0.0220361
0.0208812
0.0169954
0.0154517
0.0140901
0.013703
0.0138561
0.0134041
0.011638
0.014664
0.00812234
0.0158801
0.0164703
0.0237085
0.0231934
0.0315321
0.0353095
0.0261925
0.026343
0.0186802
0.0176601
0.00872844
0.000363884
0
0.00470426
0.00551331
0.0061743
0.000802327
0.0030278
0.00341491
0.000778363
0.00721241
0.00202519
0.00386859
0.0102985
0.00887752
0.015188
0.0235358
0.0234429
0.0179232
0.0195199
0.0139969
0.0184638
0.0181062
0.0159078
0.0144098
0.0150562
0.0157656
0.0109207
0.0118972
0.0107973
0.0137635
0.017935
0.0222091
0.0125951
0.0187191
0.0201842
0.0274015
0.0316539
0.0302384
0.0307926
0.0206539
0.0314763
0.0250423
0.0301534
0.0187791
0.0260089
0.0263175
0.0285338
0.0302436
0.028672
0.0255561
0.0286681
0.0260025
0.0236079
0.0213908
0.0217822
0.0281124
0.0384103
0.0377103
0.0332303
0.0385255
0.0353812
0.033089
0.0283481
0.0245913
0.0320886
0.0230052
0.0272148
0.0252755
0.0294132
0.0303556
0.0289584
0.0269721
0.0250027
0.0205881
0.0274371
0.0278928
0.0268539
0.0351945
0.0391806
0.0396165
0.0399946
0.0475293
0.051655
0.0579677
0.0511326
0.061426
0.0620463
0.055489
0.0623099
0.0569683
0.0657501
0.0656781
0.0654064
0.0703077
0.0700552
0.070069
0.0704563
0.071259
0.0692803
0.0705351
0.0789589
0.0743717
0.0882026
0.0995753
0.0918929
0.113512
0.0959845
0.104138
0.115885
0.104136
0.119317
0.104358
0.115357
0.104845
0.10703
0.102542
0.11089
0.110042
0.109242
0.0994663
0.10349
0.0974338
0.115288
0.102658
0.0981457
0.122254
0.108687
0.131233
0.136764
0.138847
0.128983
0.110216
0.109183
0.101869
0.0971599
0.106427
0.0994004
0.0966198
0.096144
0.0863345
0.106737
0.0977758
0.0949839
0.0946581
0.0993572
0.111259
0.0925575
0.103515
0.0916598
0.0995601
0.0981529
0.0988444
0.0886644
0.080566
0.0859975
0.102848
0.0815479
0.0880509
0.0817233
0.0549052
0.0797326
0.053344
0.0600854
0.0735874
0.0623419
0.0545932
0.0589589
0.0493833
0.0584853
0.0549338
0.0588295
0.0497562
0.0475702
0.0465306
0.0591181
0.0674718
0.0447128
0.0643165
0.0559499
0.059192
0.0657409
0.0598385
0.0534151
0.0578681
0.0349883
0.0244448
0.0246892
0.0254992
0.0265537
0.0219983
0.016485
0.0286211
0.015759
0.0104423
0.0121504
0.0117528
0.0211158
0.0150523
0.0114047
0.0181164
0.0205489
0.0122602
0.0219157
0.0242661
0.0267665
0.0280588
0.0441684
0.0502547
0.0394895
0.0425147
0.046533
0.041174
0.0460659
0.0415168
0.0467888
0.0457043
0.0348805
0.033532
0.0211998
0.0294821
0.0310278
0.021038
0.0307876
0.0204985
0.015126
0.016292
0.0133632
0.0187143
0.0162443
0.0177013
0.00495545
0.0189175
0.0193607
0.0224548
0.0121658
0.0206154
0.0301663
0.0275027
0.022493
0.0362939
0.0282677
0.0319068
0.0149082
0.0210573
0.0201817
0.0205202
0.0147567
0.0207675
0.0223947
0.0128853
0.0144239
0.0245654
0.0145606
0.0186192
0.0150195
0.0167279
0.0201264
0.0203067
0.0134989
0.0152244
0.020557
0.0168306
0.0190742
0.0248256
0.0221378
0.0310237
0.029462
0.0360213
0.0438803
0.0383156
0.0350288
0.0450059
0.0272959
0.0352418
0.0300238
0.0462599
0.0271469
0.0256711
0.0270119
0.0187439
0.0230465
0.0224422
0.0242158
0.0152663
0.01473
0.0154573
0.0214983
0.0194551
0.0221783
0.0253888
0.0253841
0.019302
0.0203463
0.0174744
0.0273197
0.0327955
0.0327722
0.0317754
0.0360827
0.0404429
0.0395477
0.048718
0.0418129
0.0372167
0.0445718
0.0453722
0.0442325
0.0416706
0.0530601
0.0460688
0.0398488
0.0394236
0.0452179
0.0464489
0.0434629
0.0435855
0.0439064
0.0494807
0.0452408
0.0485203
0.0434969
0.0429421
0.0469049
0.0484377
0.0448366
0.0483179
0.0516641
0.0563889
0.0573035
0.0686507
0.0749665
0.0928003
0.120149
0.199123
0.411884
0.656901
0.780996
0.806331
0.761735
0.647962
0.395931
0.192625
0.122878
0.0986223
0.0832405
0.0814721
0.0723809
0.0777718
0.0759637
0.0710612
0.0717363
0.0663479
0.0718071
0.0671812
0.0677238
0.0690089
0.0658384
0.0713112
0.0678618
0.0655882
0.0675723
0.0690521
0.0677441
0.067347
0.0661565
0.0594201
0.058342
0.0555239
0.0693013
0.0581871
0.0520559
0.0631667
0.0600023
0.0572905
0.0580475
0.0606021
0.0579653
0.05997
0.0570658
0.0550762
0.0598936
0.0605049
0.0615532
0.0614475
0.0628298
0.0624798
0.065471
0.065545
0.0658608
0.0686258
0.0596341
0.0755323
0.0671399
0.0642608
0.0678008
0.0715658
0.0698741
0.0720594
0.0721489
0.0695153
0.0628385
0.0592611
0.0630601
0.0685664
0.0657328
0.0552409
0.0567814
0.053297
0.0633059
0.0495657
0.0551801
0.0624461
0.0647687
0.0652656
0.0649902
0.0623956
0.0637151
0.0630945
0.0589622
0.0622853
0.0641053
0.0659631
0.0669525
0.0733734
0.0639071
0.0541856
0.0614154
0.0569423
0.067692
0.0627937
0.0594477
0.0697336
0.0740503
0.0698614
0.0719931
0.0687375
0.0654899
0.0727061
0.0744969
0.0671722
0.0828369
0.071762
0.0845888
0.0820579
0.0707306
0.0837256
0.0899528
0.0800253
0.0888416
0.0992382
0.0940487
0.089433
0.0869951
0.0888116
0.0832458
0.0997447
0.0927162
0.0929161
0.0948297
0.0874251
0.0848902
0.0844492
0.0923744
0.0823766
0.0857746
0.0905186
0.0940633
0.0898331
0.101
0.0948529
0.0843698
0.0917343
0.0899767
0.107074
0.0765654
0.0901915
0.101402
0.0914605
0.07871
0.116964
0.0953936
0.092522
0.103149
0.0935696
0.0974994
0.13391
0.0950777
0.112636
0.119535
0.101642
0.112871
0.106095
0.13711
0.150784
0.127467
0.119615
0.142561
0.116031
0.109222
0.116534
0.10958
0.14185
0.135722
0.138914
0.0953581
0.137385
0.130015
0.165903
0.15622
0.151991
0.167486
0.16758
0.132904
0.179615
0.156021
0.134721
0.117159
0.14025
0.120712
0.138713
0.121319
0.131592
0.143826
0.120338
0.0997944
0.131125
0.103724
0.117955
0.106079
0.144377
0.131548
0.114756
0.11137
0.0864094
0.0902371
0.116085
0.11828
0.115219
0.101399
0.107077
0.10972
0.11611
0.11068
0.116401
0.104911
0.117017
0.120565
0.100052
0.107244
0.0945365
0.114843
0.0908392
0.113408
0.144769
0.140661
0.148669
0.147244
0.140589
0.150807
0.115775
0.110844
0.111292
0.0966163
0.0709786
0.0783026
0.0718978
0.0708402
0.0790923
0.0978881
0.0966482
0.059017
0.105735
0.0721341
0.0868767
0.0824565
0.0922733
0.0979711
0.0936169
0.0965608
0.0991178
0.110092
0.107599
0.128251
0.131686
0.145442
0.159834
0.167535
0.167731
0.190793
0.207403
0.22728
0.244528
0.256525
0.262284
0.240226
0.206528
0.129292
0.0764753
0.0829418
0.0936804
0.0683358
0.0692182
0.0823693
0.0905702
0.0837547
0.0679239
0.0673625
0.0731467
0.0643557
0.0601389
0.0755265
0.0778258
0.0829936
0.0686537
0.0603262
0.0770706
0.0694319
0.0689423
0.0787882
0.0731607
0.0796879
0.0665142
0.0503691
0.0673519
0.0669163
0.0638907
0.0700059
0.0700587
0.0727351
0.0672591
0.0754018
0.0670605
0.0745848
0.0723653
0.0723067
0.0640771
0.0649962
0.0746051
0.0678913
0.0677475
0.071415
0.0680954
0.0681334
0.0635017
0.0753063
0.076301
0.0662749
0.0709999
0.0684097
0.0726176
0.0684026
0.0639451
0.0744391
0.0703083
0.0755033
0.0603667
0.0684859
0.0719781
0.0585494
0.0574241
0.0656526
0.0508896
0.0661307
0.0624847
0.056914
0.0554657
0.0585636
0.0691463
0.0538667
0.0611711
0.0625357
0.05481
0.0692542
0.0692341
0.059554
0.0575355
0.0581763
0.0590207
0.0648962
0.0523206
0.0559235
0.0569162
0.0570623
0.0527708
0.0501327
0.0590627
0.0577845
0.0642631
0.0726825
0.0661732
0.0686839
0.0684049
0.071702
0.0681472
0.0748028
0.0754325
0.073788
0.0774839
0.0834435
0.0833169
0.0988412
0.0895036
0.0983594
0.0989012
0.0982851
0.111504
0.109764
0.121457
0.11366
0.126509
0.114439
0.0986879
0.088074
0.0765718
0.0685328
0.0592148
0.0552799
0.0599489
0.0503457
0.0514705
0.0681543
0.0550158
0.0532361
0.0574499
0.0659967
0.0623977
0.0622125
0.056759
0.0634827
0.0653265
0.0674603
0.0652823
0.0731967
0.0769055
0.0688702
0.0796337
0.0828248
0.0930307
0.0844927
0.0978636
0.103081
0.110639
0.124152
0.127453
0.1422
0.150245
0.167314
0.165448
0.167786
0.160502
0.167743
0.143346
0.141817
0.128538
0.116504
0.104584
0.103693
0.0964409
0.0965846
0.0748802
0.0885788
0.0790688
0.0900979
0.0892318
0.0793688
0.0946246
0.0790344
0.0850796
0.0907868
0.0871777
0.0846597
0.100201
0.0991266
0.0979719
0.101021
0.104425
0.112503
0.11314
0.116849
0.123377
0.130812
0.131703
0.135477
0.138665
0.157441
0.158427
0.159278
0.175194
0.182495
0.193136
0.195998
0.199454
0.191211
0.18293
0.172565
0.158021
0.142536
0.130703
0.118167
0.114658
0.0991034
0.101956
0.101525
0.093502
0.0979314
0.102108
0.105207
0.0971648
0.105001
0.0949208
0.0962135
0.0886723
0.0869707
0.0895386
0.0905695
0.0842231
0.0895508
0.0895523
0.0851355
0.0917725
0.0764945
0.0789389
0.0855599
0.0847742
0.0764865
0.0772135
0.0789721
0.0822317
0.082368
0.0896632
0.085289
0.0785933
0.0801974
0.0767602
0.0779072
0.0806135
0.0848962
0.0804932
0.0798253
0.0819616
0.0885751
0.0789487
0.0802418
0.079964
0.0828334
0.0885773
0.0866949
0.0876698
0.0777624
0.0800571
0.0849807
0.0833347
0.0906178
0.0925966
0.0909625
0.092859
0.0793797
0.0892893
0.0923774
0.0893636
0.0942478
0.0922787
0.0959054
0.0976967
0.0868001
0.0919086
0.0973836
0.0910538
0.0886797
0.103253
0.0973243
0.107727
0.0950572
0.108844
0.111888
0.121739
0.130698
0.153224
0.140742
0.168043
0.160884
0.159001
0.174108
0.169999
0.189374
0.186876
0.192099
0.197406
0.216476
0.179431
0.16924
0.180617
0.161789
0.147607
0.161841
0.134085
0.125366
0.104587
0.113196
0.129106
0.120681
0.13582
0.119026
0.132552
0.144237
0.1549
0.150836
0.158935
0.163062
0.165337
0.169453
0.183059
0.17999
0.176023
0.180235
0.169459
0.172797
0.158597
0.148953
0.157668
0.157771
0.144867
0.171913
0.162196
0.146543
0.156812
0.140592
0.137156
0.137566
0.134563
0.168972
0.173982
0.158618
0.192967
0.172159
0.187055
0.145825
0.175356
0.181478
0.21836
0.206447
0.192101
0.17094
0.186547
0.215439
0.215315
0.21415
0.200601
0.222533
0.203962
0.226015
0.215274
0.240613
0.238411
0.228978
0.226774
0.250911
0.261722
0.250365
0.270163
0.264811
0.254741
0.242682
0.245937
0.248735
0.241627
0.226479
0.209582
0.21622
0.19818
0.183888
0.173537
0.170687
0.143942
0.15176
0.152755
0.125251
0.144846
0.130777
0.132318
0.137286
0.147735
0.114194
0.134886
0.127963
0.175506
0.113752
0.128613
0.131813
0.173445
0.203415
0.161116
0.187968
0.190349
0.20025
0.208698
0.253804
0.209421
0.245419
0.227988
0.240678
0.22611
0.258298
0.28528
0.268145
0.241021
0.231885
0.301351
0.271176
0.271938
0.278965
0.297374
0.304916
0.300328
0.293406
0.286164
0.295667
0.313988
0.297541
0.300745
0.29238
0.28549
0.25734
0.253287
0.242311
0.233151
0.232626
0.203057
0.162905
0.158113
0.179135
0.135964
0.143394
0.14488
0.151651
0.11124
0.117498
0.110482
0.147148
0.109589
0.133359
0.12195
0.112628
0.143289
0.128273
0.150398
0.1067
0.144325
0.150975
0.130431
0.0919751
0.124713
0.125948
0.149032
0.135017
0.144466
0.121242
0.192386
0.134025
0.160069
0.148004
0.211785
0.201718
0.157079
0.153798
0.153243
0.172488
0.194358
0.164796
0.151324
0.193602
0.203548
0.171229
0.158631
0.161251
0.176107
0.141116
0.163857
0.170756
0.163909
0.153704
0.160918
0.162411
0.168146
0.134665
0.130289
0.114719
0.160261
0.172908
0.150849
0.176215
0.135196
0.168832
0.151282
0.182206
0.131434
0.162328
0.185347
0.199398
0.131234
0.132824
0.165113
0.105852
0.129646
0.16807
0.148863
0.149056
0.145631
0.107865
0.103661
0.12775
0.0962206
0.180928
0.122191
0.191389
0.180364
0.152448
0.11777
0.102091
0.156199
0.11029
0.0898984
0.209831
0.120013
0.194555
0.141816
0.204749
0.154632
0.163021
0.131743
0.182121
0.123421
0.122761
0.201358
0.139978
0.183982
0.187368
0.188438
0.161889
0.175511
0.184172
0.136607
0.175796
0.196405
0.163984
0.188524
0.197764
0.205285
0.180296
0.171221
0.168495
0.231573
0.165848
0.171692
0.151568
0.19581
0.177264
0.130715
0.160339
0.163617
0.150693
0.12657
0.129914
0.112584
0.100683
0.0987138
0.0826431
