0.194386
0.19869
0.196107
0.202628
0.204374
0.205424
0.207282
0.213291
0.22293
0.229318
0.238576
0.238549
0.240807
0.246247
0.256876
0.268161
0.266015
0.264243
0.272584
0.273031
0.272739
0.271285
0.271171
0.284752
0.288063
0.295108
0.305639
0.308349
0.316191
0.322278
0.327517
0.332522
0.340035
0.343816
0.348933
0.354298
0.362917
0.360908
0.349152
0.34239
0.345601
0.326303
0.331602
0.347482
0.358619
0.371168
0.381897
0.386352
0.390605
0.392947
0.387442
0.348977
0.328856
0.325507
0.32571
0.325668
0.349034
0.425397
0.430876
0.412106
0.384685
0.330909
0.279242
0.248613
0.233055
0.211812
0.200851
0.184257
0.181505
0.176347
0.167262
0.162325
0.160833
0.157533
0.154051
0.156255
0.16008
0.156304
0.161724
0.170572
0.1714
0.170053
0.176452
0.17743
0.18026
0.179764
0.185122
0.192373
0.197411
0.20658
0.211435
0.219089
0.234134
0.2484
0.263432
0.287535
0.318472
0.329853
0.350071
0.359555
0.371294
0.370534
0.354249
0.327375
0.298499
0.270034
0.256134
0.250178
0.253161
0.256753
0.261681
0.269499
0.273918
0.276804
0.276961
0.272879
0.268124
0.265193
0.248179
0.255576
0.252347
0.257063
0.269048
0.284307
0.285623
0.292466
0.302422
0.313134
0.314697
0.321421
0.325846
0.332369
0.328787
0.326848
0.327052
0.329217
0.345022
0.357658
0.358782
0.341616
0.319847
0.299205
0.275079
0.277292
0.284777
0.292731
0.31327
0.321538
0.324971
0.344611
0.356431
0.372305
0.374897
0.388563
0.391737
0.398751
0.402733
0.403241
0.405705
0.403798
0.406454
0.412319
0.418422
0.413204
0.372658
0.302447
0.238644
0.191215
0.172721
0.149642
0.14986
0.148405
0.142075
0.144703
0.143774
0.150008
0.160884
0.165243
0.170498
0.179136
0.191895
0.202432
0.211198
0.199091
0.200035
0.189095
0.191425
0.177436
0.180016
0.176003
0.179473
0.17904
0.178006
0.182885
0.191185
0.19144
0.194278
0.188016
0.193686
0.181172
0.171084
0.154919
0.164453
0.156647
0.16559
0.149438
0.169246
0.17672
0.186472
0.182864
0.200384
0.213764
0.212678
0.221899
0.223194
0.231279
0.236319
0.238509
0.244939
0.252634
0.258674
0.256355
0.252726
0.249645
0.2304
0.21141
0.203695
0.204552
0.201659
0.205176
0.213193
0.21628
0.222822
0.225014
0.240994
0.253135
0.263594
0.266609
0.274592
0.284624
0.300721
0.306569
0.314696
0.328402
0.334699
0.334019
0.344428
0.349284
0.357061
0.364348
0.368225
0.375337
0.381267
0.378642
0.368399
0.345727
0.292035
0.266655
0.227854
0.219285
0.218788
0.230094
0.232239
0.243224
0.237008
0.252316
0.243853
0.254738
0.280574
0.285098
0.28466
0.286537
0.308515
0.306725
0.3148
0.323761
0.325818
0.330063
0.32202
0.321971
0.305676
0.284623
0.244809
0.207594
0.186695
0.170813
0.173298
0.172637
0.185355
0.19291
0.207507
0.220393
0.219859
0.22464
0.222791
0.237948
0.212258
0.225597
0.230632
0.20515
0.192283
0.191512
0.184201
0.184769
0.181953
0.177414
0.176046
0.183119
0.182857
0.191089
0.190949
0.199167
0.201961
0.191086
0.185507
0.17623
0.178461
0.170492
0.171739
0.175661
0.172468
0.16072
0.173473
0.160995
0.156062
0.163395
0.17036
0.180365
0.175198
0.17793
0.173379
0.189721
0.195092
0.209945
0.213922
0.219012
0.209698
0.224777
0.234093
0.228503
0.248505
0.237232
0.245427
0.246227
0.24119
0.226259
0.23412
0.2165
0.220407
0.210079
0.191057
0.186322
0.178044
0.182443
0.186956
0.18516
0.206348
0.206534
0.197259
0.212508
0.194229
0.213754
0.216702
0.214163
0.215946
0.217277
0.225226
0.227405
0.24509
0.255393
0.272221
0.288946
0.288528
0.298228
0.301232
0.302514
0.303922
0.297574
0.279616
0.239993
0.207027
0.176296
0.177183
0.159459
0.171549
0.172922
0.163143
0.180648
0.180251
0.188153
0.187997
0.18333
0.181796
0.196358
0.172342
0.183436
0.178974
0.17009
0.170024
0.173184
0.166992
0.172428
0.167609
0.168843
0.181739
0.17524
0.195706
0.19974
0.221138
0.244403
0.279182
0.305087
0.326423
0.326653
0.329115
0.332391
0.332998
0.301935
0.27736
0.259086
0.265829
0.256591
0.265784
0.263779
0.261802
0.254361
0.262848
0.264344
0.252079
0.245182
0.259101
0.262529
0.254188
0.247235
0.235438
0.230947
0.208256
0.201334
0.19938
0.216683
0.232513
0.2128
0.227819
0.228309
0.237733
0.229201
0.224171
0.209569
0.214691
0.227481
0.230421
0.206461
0.215118
0.216775
0.224388
0.209619
0.236407
0.216568
0.206219
0.227002
0.227258
0.231714
0.245708
0.225903
0.228384
0.245185
0.230414
0.234277
0.238989
0.2599
0.253449
0.258224
0.266089
0.2596
0.274664
0.283213
0.290422
0.306135
0.328541
0.35878
0.399684
0.439014
0.422837
0.435471
0.424235
0.391185
0.348875
0.286942
0.250162
0.213581
0.237814
0.273272
0.32249
0.372662
0.46662
0.514094
0.553982
0.584851
0.539147
0.454296
0.343955
0.260577
0.213299
0.205482
0.196265
0.20567
0.192234
0.203879
0.213392
0.212661
0.206789
0.218658
0.223716
0.218314
0.230908
0.223847
0.234643
0.244009
0.223376
0.239656
0.254306
0.25579
0.238492
0.221119
0.185858
0.18193
0.176636
0.166857
0.175843
0.187829
0.158219
0.154642
0.161818
0.152182
0.15546
0.13711
0.14347
0.149119
0.144372
0.145021
0.151261
0.165764
0.168406
0.169411
0.164913
0.18145
0.185812
0.19377
0.188644
0.217357
0.195455
0.184776
0.188881
0.205435
0.180743
0.189385
0.189301
0.187842
0.178051
0.174441
0.182721
0.173522
0.192625
0.198319
0.200571
0.209175
0.234585
0.216081
0.21926
0.189898
0.192331
0.198396
0.17368
0.178678
0.181108
0.177301
0.167067
0.186326
0.179799
0.19479
0.195761
0.176325
0.187533
0.188339
0.180882
0.212898
0.209352
0.199119
0.197773
0.196504
0.196659
0.192775
0.214772
0.192403
0.181791
0.162921
0.155911
0.158606
0.15919
0.142836
0.167557
0.159846
0.144265
0.144224
0.156835
0.131317
0.127331
0.137316
0.134014
0.139328
0.165025
0.143226
0.141937
0.145315
0.130751
0.147818
0.140006
0.156858
0.141638
0.133057
0.119447
0.119947
0.103524
0.0916774
0.114489
0.12049
0.136742
0.138475
0.145707
0.147084
0.148201
0.172475
0.182378
0.195961
0.1967
0.214649
0.196107
0.184314
0.160093
0.151992
0.118042
0.107277
0.0983232
0.077828
0.0967788
0.11302
0.130493
0.133296
0.148451
0.150148
0.176651
0.165091
0.162361
0.171363
0.183474
0.152337
0.146471
0.163076
0.171497
0.171446
0.161588
0.178757
0.202118
0.199973
0.208963
0.201136
0.192359
0.208074
0.187576
0.183058
0.183199
0.160912
0.199451
0.176407
0.188823
0.189575
0.177156
0.168075
0.200898
0.179568
0.177325
0.177989
0.193231
0.171438
0.198665
0.165947
0.189025
0.1706
0.154553
0.160211
0.177845
0.16755
0.139127
0.146053
0.133489
0.125927
0.131661
0.124501
0.108882
0.109197
0.0951902
0.0897171
0.0952735
0.0796089
0.0886272
0.100976
0.0855028
0.0698102
0.0671255
0.0619589
0.0652317
0.0520143
0.0726211
0.0643655
0.0728456
0.0690143
0.0649785
0.0648607
0.0712489
0.0700513
0.0596903
0.0556412
0.0636242
0.0671256
0.0604532
0.0604108
0.0693322
0.0733177
0.0601586
0.0577297
0.0590687
0.0806507
0.0708202
0.0690497
0.0700629
0.0626341
0.0861988
0.0671125
0.0703429
0.060054
0.0853725
0.0707502
0.0781526
0.0797091
0.0762338
0.0794315
0.079293
0.0746844
0.0558824
0.0564853
0.0599838
0.0459706
0.0592221
0.0500086
0.0430694
0.0573608
0.0495324
0.0446153
0.0441468
0.0608173
0.0703847
0.068551
0.0519035
0.0598555
0.0619853
0.0578381
0.0505087
0.0662708
0.0528635
0.0566977
0.0501643
0.0713092
0.0630095
0.0612455
0.0744447
0.0402231
0.0746246
0.0867249
0.0808181
0.104811
0.108365
0.136227
0.115533
0.122715
0.119466
0.114963
0.118711
0.110875
0.13266
0.130601
0.121357
0.140581
0.135086
0.12271
0.131309
0.135707
0.143372
0.153721
0.172199
0.161332
0.178376
0.181099
0.195729
0.210215
0.202003
0.229358
0.248122
0.250718
0.261335
0.243485
0.229733
0.220283
0.210331
0.1617
0.140968
0.164641
0.152298
0.159817
0.161504
0.172543
0.145857
0.175498
0.157808
0.182465
0.212035
0.194676
0.178276
0.19784
0.211975
0.202592
0.168691
0.189926
0.185472
0.190315
0.205186
0.19912
0.243343
0.219536
0.233545
0.256591
0.248727
0.228576
0.209372
0.200137
0.197312
0.171371
0.17505
0.150155
0.145285
0.108737
0.124441
0.112368
0.0844385
0.0692889
0.0655119
0.0500769
0.0409881
0.0351006
0.0290934
0.0162917
0.0123395
0.0192026
0.0181168
0.0123954
0.009422
0.0101976
0.0134673
0.0181258
0.0113947
0.0152867
0.00832188
0.0152135
0.0224728
0.023235
0.0247054
0.0250234
0.0254626
0.0232205
0.0151567
0.0143796
0.00537241
0.000739406
0.00186765
0.000368448
0.00620619
0.013519
0.0035639
0.000790034
0.00641523
0
0.00585916
0.00164274
0.00122914
0.00675692
0.0141003
0.0175476
0.0156013
0.0195449
0.0159229
0.0185021
0.0108197
0.0161023
0.0160825
0.00554943
0.013272
0.0132198
0.0154094
0.00715243
0.0109937
0.00875884
0.0102946
0.0128798
0.0156232
0.0137185
0.020861
0.0174304
0.0256642
0.0284428
0.0281057
0.0299293
0.0266107
0.0250874
0.0277207
0.0243633
0.0191514
0.0175264
0.0283949
0.0226185
0.0304483
0.0317915
0.028092
0.0266504
0.0232023
0.0204123
0.0268441
0.0219953
0.0291699
0.0311388
0.0361395
0.0393075
0.0327139
0.0372712
0.0284202
0.0308603
0.0309138
0.0327076
0.0205884
0.0215453
0.0288821
0.0286039
0.024761
0.0263976
0.0269512
0.0271311
0.0289905
0.0263231
0.0264093
0.0245407
0.0276569
0.0398082
0.0299552
0.0427252
0.0455967
0.0621378
0.059269
0.0559504
0.0560295
0.0657599
0.0513824
0.0654558
0.0581699
0.0677025
0.0603828
0.0604027
0.0697023
0.0698026
0.0637906
0.074254
0.0754157
0.0668958
0.0654013
0.0727967
0.0700755
0.0866048
0.098143
0.0970215
0.108045
0.0958862
0.103852
0.111608
0.109516
0.111637
0.108926
0.110337
0.110995
0.103238
0.110881
0.110241
0.105876
0.107698
0.107713
0.100968
0.094383
0.111227
0.109468
0.110701
0.115257
0.113623
0.126366
0.13558
0.140245
0.131139
0.111701
0.111123
0.0973444
0.105674
0.0961129
0.0961586
0.099962
0.102011
0.0899018
0.0975064
0.0900623
0.0982361
0.0918748
0.0890517
0.101971
0.0852516
0.0877694
0.0941807
0.0964092
0.08517
0.105441
0.0982535
0.0837405
0.0963375
0.101317
0.0746307
0.0812973
0.089551
0.0623452
0.0599798
0.0632335
0.0581983
0.0555913
0.0633032
0.0582236
0.0587432
0.0409996
0.0547035
0.0544141
0.0656798
0.0571794
0.0534867
0.0400669
0.0545041
0.0612814
0.0620142
0.0627849
0.0574813
0.0545855
0.0556285
0.0527906
0.0524328
0.0449652
0.0263952
0.0307613
0.0315967
0.0286372
0.0126122
0.0149448
0.019381
0.02312
0.0218654
0.00981892
0.00764196
0.00572344
0.0139574
0.0211928
0.0161126
0.01977
0.0107178
0.0206089
0.0221874
0.0148472
0.0280405
0.0379427
0.0384297
0.0431839
0.0408026
0.0560305
0.0533509
0.0491974
0.0393472
0.0420223
0.0358405
0.0440904
0.0329751
0.0356852
0.0185177
0.0192309
0.025683
0.0181857
0.015316
0.0204665
0.0206306
0.00883687
0.00893044
0.0228782
0.0134824
0.00443307
0.00230364
0.0204886
0.0225196
0.0235535
0.0115496
0.0187016
0.0263064
0.0258545
0.0203504
0.0203505
0.0280373
0.0157698
0.0266059
0.016136
0.0141622
0.0215299
0.0137898
0.020037
0.0177997
0.0169364
0.0106393
0.00981465
0.0144531
0.0138008
0.0140633
0.0134823
0.0144459
0.0166212
0.0182819
0.0121844
0.00892876
0.0215021
0.0177046
0.0224123
0.0263043
0.0237621
0.0302415
0.0330608
0.0426602
0.0316241
0.0309908
0.0382488
0.0235227
0.0331579
0.0309206
0.03341
0.0234772
0.0290535
0.0215957
0.0241625
0.031156
0.0242095
0.0219495
0.0171661
0.0179422
0.0178492
0.022908
0.0204307
0.024355
0.01971
0.0258426
0.0213252
0.0186544
0.0229475
0.0248654
0.0308202
0.0284066
0.0362065
0.0366232
0.0400111
0.0464519
0.0389097
0.0489342
0.0380574
0.0396498
0.035339
0.0456899
0.0409675
0.0451351
0.0367898
0.0398058
0.043277
0.0483971
0.0347269
0.0401763
0.037624
0.0366363
0.0465179
0.0434138
0.0425234
0.0451323
0.0477749
0.0463111
0.0465946
0.0469467
0.0505741
0.0493391
0.0566712
0.0581465
0.0686587
0.0706616
0.0916075
0.115923
0.201915
0.410484
0.669064
0.798131
0.818067
0.772083
0.661017
0.401899
0.193635
0.116912
0.0929486
0.0808667
0.0769686
0.0647783
0.0757308
0.0745183
0.0678896
0.0722717
0.0695007
0.080372
0.0683729
0.0682184
0.0629282
0.0702945
0.0720055
0.0645902
0.0664839
0.0672621
0.0655441
0.0665577
0.0632632
0.0648977
0.0574314
0.0605125
0.0546223
0.0579325
0.0664966
0.0606873
0.0640284
0.0628767
0.0468803
0.0600944
0.0551364
0.0635258
0.0600961
0.0562042
0.0529707
0.0623554
0.0646439
0.0612083
0.0571482
0.0651719
0.0650695
0.0655981
0.0693713
0.0645127
0.0658117
0.067015
0.0722415
0.0634533
0.0625303
0.0699999
0.0638104
0.0619825
0.0680614
0.0668289
0.0671346
0.0663265
0.05968
0.0629319
0.0701414
0.0686673
0.0549917
0.0642844
0.0532145
0.0635252
0.0558759
0.0598206
0.0566712
0.0537281
0.0578689
0.0599333
0.062773
0.0666816
0.0589725
0.0596613
0.0642612
0.0619115
0.0645137
0.0620166
0.0648932
0.0654224
0.0543162
0.0617221
0.064754
0.0685816
0.0642671
0.0584532
0.0640377
0.0727374
0.0664583
0.0706043
0.0702312
0.0707478
0.0693006
0.0739556
0.0601636
0.0716294
0.0775346
0.0685427
0.0713574
0.0765068
0.081067
0.0812505
0.0820186
0.0717622
0.102206
0.0823223
0.0948147
0.0932111
0.0866261
0.0927211
0.0935088
0.0946818
0.0829066
0.0879731
0.0765934
0.0771685
0.0838237
0.0807303
0.0792836
0.0925955
0.0903651
0.0859816
0.0908835
0.0885491
0.0888499
0.0912528
0.0871849
0.0921868
0.100611
0.0757069
0.0910416
0.0995965
0.10034
0.0778375
0.101526
0.0964096
0.0847589
0.0930938
0.0962075
0.0883164
0.105976
0.083041
0.0889761
0.120992
0.0970461
0.124991
0.122799
0.126657
0.126488
0.111889
0.110878
0.12658
0.116163
0.100849
0.116834
0.118367
0.145003
0.147039
0.121812
0.105655
0.126384
0.133388
0.162676
0.150819
0.121132
0.181435
0.150153
0.139025
0.132403
0.148918
0.149377
0.119913
0.129021
0.14036
0.139762
0.145478
0.121329
0.123552
0.124211
0.122462
0.151493
0.0815262
0.112642
0.101703
0.149174
0.125675
0.10134
0.129474
0.0927573
0.0942317
0.117113
0.092085
0.0965642
0.085339
0.0980976
0.0976239
0.120449
0.113212
0.112979
0.0916162
0.116012
0.0851197
0.108571
0.108942
0.0898955
0.0964402
0.100675
0.0982947
0.135939
0.122548
0.150303
0.142436
0.133887
0.146361
0.145957
0.111207
0.0758627
0.0918513
0.0875989
0.0900855
0.0727361
0.0538358
0.0680959
0.0965684
0.0951992
0.0651405
0.0857776
0.0630525
0.0896745
0.0786103
0.0724304
0.0794186
0.0951156
0.0927193
0.0928599
0.111379
0.112195
0.131913
0.131999
0.140482
0.164745
0.161025
0.170695
0.195726
0.206235
0.235187
0.251162
0.257382
0.25593
0.240512
0.214157
0.131908
0.0810226
0.0593292
0.070605
0.0666864
0.054718
0.0616809
0.0643473
0.0948735
0.0765433
0.0612834
0.055895
0.0671727
0.0657603
0.075385
0.0573801
0.082418
0.0805694
0.0424733
0.060824
0.0823084
0.0595633
0.0850971
0.0747177
0.0743578
0.0709807
0.0633333
0.0567663
0.0672083
0.0564347
0.0660945
0.068264
0.0679674
0.0725583
0.0707909
0.0702678
0.0723213
0.0591337
0.077271
0.066962
0.0689219
0.0763604
0.0698486
0.0680165
0.0723301
0.063263
0.0647592
0.0670145
0.0689737
0.0642531
0.0640803
0.065765
0.0685711
0.0663977
0.0696505
0.0684813
0.0591437
0.0646188
0.0720826
0.0621767
0.0644884
0.0706122
0.0547229
0.0490094
0.0573646
0.0473127
0.0553982
0.0628974
0.0591499
0.0574242
0.0482085
0.0617124
0.0498669
0.0643089
0.0599556
0.0590536
0.0613842
0.0694017
0.0631278
0.0583312
0.0589149
0.0575011
0.0568804
0.0507758
0.0577367
0.0548998
0.0546272
0.0560201
0.0539679
0.0561327
0.0583708
0.061734
0.0617302
0.0622441
0.066219
0.0647175
0.0724146
0.0708535
0.0717573
0.0741616
0.0692955
0.0773344
0.0846081
0.0857842
0.0945328
0.0768883
0.095603
0.0947744
0.0907038
0.108224
0.108557
0.118815
0.120621
0.121484
0.124593
0.0910842
0.0878314
0.0700705
0.06845
0.0664265
0.0539071
0.0581377
0.0497114
0.0502675
0.0670834
0.0580521
0.0525878
0.0573337
0.0640978
0.0604903
0.0595174
0.059555
0.0631971
0.0668863
0.0659097
0.0671238
0.0679421
0.0749779
0.0755556
0.075306
0.0818207
0.0881635
0.0857296
0.0941774
0.0998922
0.109144
0.125412
0.125619
0.136779
0.150343
0.154789
0.166408
0.172931
0.164805
0.163512
0.150354
0.133755
0.127216
0.111809
0.0981311
0.100952
0.0936879
0.0934154
0.0693033
0.0886598
0.0722726
0.0792824
0.0852315
0.0824686
0.0845929
0.0769236
0.0898463
0.0856548
0.0922932
0.0797935
0.0979129
0.093968
0.10005
0.0969059
0.106444
0.107185
0.118124
0.119977
0.114848
0.134571
0.128992
0.134581
0.137408
0.148386
0.155319
0.158587
0.173264
0.185079
0.194502
0.202078
0.198835
0.19307
0.182445
0.167405
0.155431
0.139034
0.127749
0.117866
0.107255
0.102988
0.0962065
0.0946424
0.0972225
0.0951616
0.0924413
0.0956453
0.105049
0.0908539
0.10394
0.0988399
0.0963567
0.0852802
0.0799544
0.0889682
0.0792396
0.0906311
0.0765518
0.0865339
0.0863217
0.0792768
0.0766038
0.0808415
0.0796876
0.0665357
0.0737596
0.0850455
0.0827088
0.0781129
0.0859723
0.0808655
0.0683816
0.0820525
0.0770291
0.0769487
0.0832186
0.0805977
0.081873
0.0832273
0.0763634
0.0828259
0.0804777
0.084876
0.0808713
0.0826545
0.0823932
0.0874088
0.0888682
0.0793153
0.0797087
0.0775008
0.0853333
0.0840647
0.0893262
0.0869042
0.082575
0.0850541
0.0879213
0.0873321
0.0882868
0.0860103
0.0817941
0.084789
0.0813147
0.0859179
0.0812416
0.0828182
0.0841502
0.081892
0.0943394
0.0910735
0.0952459
0.0925431
0.10782
0.116559
0.111463
0.118855
0.142146
0.152994
0.159783
0.147196
0.171323
0.164691
0.15994
0.185015
0.179082
0.176851
0.200837
0.191395
0.164901
0.172284
0.159996
0.157792
0.138621
0.151708
0.142826
0.13382
0.100175
0.119946
0.124843
0.128809
0.121539
0.121573
0.136411
0.15141
0.147266
0.151249
0.148791
0.16039
0.173256
0.168687
0.173315
0.175575
0.165407
0.176676
0.175243
0.169177
0.158708
0.161436
0.146592
0.148007
0.127795
0.137069
0.154446
0.129734
0.147129
0.140803
0.140999
0.131644
0.146913
0.140379
0.169755
0.187433
0.14708
0.178658
0.187037
0.154855
0.186695
0.174546
0.210782
0.204157
0.187679
0.185575
0.194564
0.208982
0.19789
0.186866
0.202282
0.202701
0.209731
0.210172
0.233671
0.234157
0.225138
0.232955
0.223371
0.244802
0.260085
0.243234
0.263553
0.260885
0.262792
0.250506
0.242602
0.231217
0.239638
0.229218
0.206432
0.210737
0.206035
0.191577
0.1619
0.175668
0.156052
0.139415
0.143546
0.150502
0.123354
0.117111
0.156766
0.0955112
0.131974
0.0936888
0.136425
0.118392
0.128283
0.136157
0.146386
0.151894
0.168148
0.150378
0.177567
0.164405
0.16621
0.19559
0.244022
0.247518
0.207902
0.211083
0.225849
0.237518
0.240777
0.236165
0.237817
0.255165
0.267157
0.252742
0.287555
0.269135
0.26839
0.261882
0.29842
0.295126
0.3175
0.309986
0.308224
0.313846
0.322213
0.288716
0.299935
0.285603
0.279291
0.253804
0.26817
0.236218
0.199543
0.205183
0.213705
0.147088
0.170979
0.157151
0.120454
0.14374
0.123086
0.0766959
0.13358
0.0969557
0.114947
0.160338
0.0924718
0.127642
0.100781
0.101126
0.106053
0.117053
0.107252
0.102686
0.124131
0.124182
0.120526
0.0893902
0.0860734
0.11165
0.11214
0.134963
0.139071
0.158784
0.12129
0.107854
0.142888
0.161151
0.132489
0.170256
0.131557
0.171961
0.132947
0.178076
0.160894
0.187501
0.179466
0.163643
0.150865
0.168467
0.149951
0.144224
0.163842
0.160432
0.136794
0.181273
0.138668
0.138563
0.162309
0.155372
0.153306
0.146725
0.113822
0.132363
0.148732
0.15995
0.134098
0.148992
0.149456
0.140254
0.129128
0.148383
0.160958
0.149385
0.158586
0.163746
0.0968333
0.136765
0.157578
0.0836713
0.156703
0.188988
0.0981508
0.141308
0.150609
0.137074
0.144975
0.0847414
0.154834
0.120245
0.149635
0.141895
0.198905
0.14316
0.119512
0.148483
0.134423
0.0890009
0.0898665
0.169407
0.124052
0.125069
0.14222
0.196078
0.13264
0.0840709
0.100066
0.164674
0.150213
0.11079
0.164637
0.134197
0.143381
0.170636
0.173957
0.162656
0.155341
0.175033
0.163066
0.201986
0.159524
0.166298
0.156824
0.19263
0.170697
0.177897
0.207506
0.150887
0.196474
0.166981
0.129511
0.172828
0.17777
0.175434
0.124325
0.160512
0.148597
0.135974
0.127082
0.103997
0.0911108
0.0863645
0.0889112
0.0706971
