0.181693
0.175458
0.178832
0.189197
0.19598
0.19174
0.196857
0.207293
0.207891
0.211946
0.218997
0.221577
0.228831
0.232122
0.238934
0.24333
0.248282
0.249285
0.248867
0.252213
0.246631
0.246215
0.25141
0.262428
0.269903
0.272542
0.283748
0.290202
0.293518
0.301996
0.305094
0.306581
0.314365
0.316772
0.321888
0.326344
0.332472
0.328127
0.322837
0.322137
0.310646
0.305562
0.307207
0.32553
0.338227
0.348039
0.354448
0.359196
0.362672
0.365391
0.357019
0.31993
0.300105
0.297662
0.296846
0.297343
0.319872
0.391217
0.39539
0.381657
0.35151
0.309538
0.257566
0.22037
0.212219
0.204405
0.183672
0.175962
0.170657
0.164823
0.160115
0.148669
0.142885
0.144569
0.139707
0.145852
0.141887
0.140756
0.151199
0.159133
0.156123
0.16023
0.168167
0.164179
0.167634
0.16745
0.1738
0.183274
0.183832
0.188027
0.194182
0.199789
0.218028
0.229263
0.243391
0.266515
0.292557
0.305329
0.323762
0.332061
0.341024
0.341572
0.324566
0.303021
0.272528
0.250348
0.236057
0.228809
0.237077
0.239301
0.243682
0.251078
0.25254
0.255141
0.252016
0.253479
0.24814
0.243578
0.229471
0.236091
0.236075
0.240125
0.253049
0.263599
0.263772
0.275803
0.282558
0.283484
0.288777
0.297981
0.303198
0.305953
0.302798
0.29887
0.298426
0.300304
0.316708
0.327
0.330723
0.312688
0.294504
0.272455
0.261975
0.259034
0.270565
0.281084
0.288988
0.290996
0.30455
0.31385
0.333703
0.344989
0.350615
0.361179
0.362668
0.373718
0.375257
0.370196
0.376586
0.376517
0.374619
0.381347
0.386047
0.379366
0.338431
0.277463
0.222775
0.176718
0.152315
0.140096
0.139441
0.134502
0.131421
0.135804
0.134372
0.137358
0.141848
0.149065
0.161715
0.170001
0.184502
0.190273
0.189479
0.191171
0.185475
0.181347
0.171123
0.169583
0.167429
0.163171
0.161517
0.1639
0.164122
0.168006
0.170671
0.173967
0.177695
0.177139
0.169239
0.165031
0.156703
0.14771
0.147802
0.143642
0.148735
0.146681
0.157877
0.168986
0.174526
0.171607
0.186673
0.203891
0.199368
0.203318
0.204647
0.216098
0.214445
0.220193
0.225292
0.232769
0.23709
0.232181
0.232806
0.23323
0.20908
0.192016
0.185987
0.193079
0.19995
0.193739
0.203705
0.202046
0.205781
0.212123
0.2233
0.235869
0.245596
0.25094
0.257614
0.261515
0.277298
0.284579
0.292424
0.305944
0.307411
0.309072
0.317426
0.323259
0.331176
0.333915
0.341887
0.350733
0.35591
0.352294
0.34874
0.325789
0.274318
0.258206
0.222792
0.216638
0.203096
0.221646
0.212966
0.227562
0.232468
0.232467
0.234433
0.23526
0.264479
0.261433
0.273108
0.275238
0.28495
0.285494
0.298532
0.298209
0.298998
0.304237
0.298689
0.296401
0.284821
0.26432
0.220348
0.189782
0.168258
0.162272
0.158768
0.162144
0.176856
0.184143
0.200668
0.211489
0.212104
0.217523
0.215746
0.220644
0.206266
0.217391
0.210468
0.186176
0.188799
0.179922
0.176087
0.169545
0.163175
0.164743
0.162192
0.171167
0.166696
0.176124
0.180344
0.179922
0.180198
0.165854
0.179858
0.167818
0.175747
0.15997
0.17303
0.175981
0.157302
0.166944
0.159637
0.161493
0.15112
0.152368
0.153323
0.164389
0.160324
0.161562
0.162731
0.182859
0.184138
0.186507
0.206366
0.205338
0.198396
0.211984
0.2134
0.217161
0.223704
0.223488
0.226143
0.227003
0.227113
0.219513
0.220505
0.21052
0.20354
0.212158
0.180098
0.178633
0.173576
0.165626
0.177938
0.189022
0.190664
0.193642
0.186209
0.19566
0.200666
0.205596
0.210944
0.205567
0.200217
0.202533
0.208206
0.222313
0.22691
0.248814
0.252963
0.26964
0.271872
0.274888
0.282945
0.284761
0.281832
0.27824
0.263881
0.22648
0.194117
0.171811
0.169521
0.155458
0.166724
0.158347
0.16222
0.177026
0.169874
0.177486
0.177686
0.185416
0.182147
0.182732
0.172079
0.17423
0.163767
0.160954
0.157567
0.169728
0.1535
0.154829
0.155242
0.159026
0.163697
0.168441
0.173932
0.186256
0.206861
0.228059
0.254865
0.280896
0.299329
0.310512
0.308381
0.318823
0.30066
0.287632
0.248596
0.246582
0.269642
0.254659
0.26366
0.247242
0.249319
0.249321
0.252895
0.25472
0.241445
0.243422
0.240349
0.238397
0.238067
0.227969
0.229954
0.215258
0.197905
0.185067
0.202235
0.204415
0.22433
0.184902
0.226814
0.204696
0.210622
0.220366
0.218533
0.218697
0.212164
0.215573
0.216003
0.183236
0.199893
0.193898
0.222484
0.2103
0.236744
0.18865
0.218939
0.230244
0.21601
0.217497
0.216315
0.207749
0.224859
0.23877
0.219147
0.228103
0.217763
0.239288
0.250789
0.243838
0.243589
0.23768
0.259413
0.26624
0.276203
0.287099
0.302338
0.332211
0.375162
0.417514
0.406324
0.424842
0.394999
0.373057
0.335856
0.268293
0.235064
0.203834
0.231251
0.246647
0.311649
0.332355
0.416772
0.450075
0.491726
0.501942
0.457365
0.395293
0.312019
0.233719
0.223082
0.180694
0.19821
0.202613
0.179355
0.194037
0.217963
0.203809
0.194131
0.204937
0.21122
0.213862
0.211527
0.212379
0.217016
0.223618
0.221732
0.237265
0.231133
0.231457
0.218116
0.208461
0.178158
0.18092
0.180735
0.166841
0.169765
0.171147
0.16291
0.151531
0.158789
0.137663
0.155159
0.144116
0.136496
0.135744
0.140374
0.146744
0.145226
0.147226
0.163016
0.161688
0.153268
0.169411
0.177572
0.164404
0.191344
0.213937
0.190158
0.185427
0.187013
0.204158
0.178537
0.188156
0.200486
0.182544
0.164993
0.159328
0.164952
0.17175
0.196179
0.175059
0.183512
0.196547
0.211236
0.206737
0.215788
0.189309
0.190158
0.177409
0.178755
0.179227
0.177537
0.174179
0.163687
0.181411
0.184679
0.177331
0.180138
0.175417
0.185146
0.182594
0.182672
0.196404
0.208002
0.18478
0.19789
0.199234
0.186949
0.207686
0.205161
0.175752
0.175541
0.171746
0.144452
0.149583
0.159429
0.140241
0.165596
0.160529
0.150494
0.135911
0.160051
0.141906
0.137127
0.139252
0.127088
0.12584
0.143491
0.116466
0.145291
0.148903
0.132649
0.137506
0.131188
0.148816
0.140172
0.118895
0.106658
0.116543
0.106224
0.0893675
0.116295
0.102873
0.111296
0.125145
0.134231
0.15216
0.156141
0.169081
0.170931
0.182099
0.177109
0.19629
0.192019
0.171834
0.158002
0.155269
0.112483
0.0996614
0.0926682
0.0852396
0.0953174
0.0925254
0.121415
0.130338
0.144114
0.154836
0.143374
0.167723
0.142267
0.169475
0.17323
0.140966
0.132391
0.147729
0.162402
0.165859
0.165057
0.169077
0.199135
0.206181
0.213822
0.200134
0.18302
0.19164
0.18185
0.167944
0.173503
0.158622
0.204406
0.188048
0.188429
0.18624
0.173348
0.205833
0.172557
0.182571
0.184275
0.164967
0.188504
0.166085
0.199001
0.161045
0.174289
0.157907
0.15584
0.162875
0.183139
0.148315
0.129957
0.141393
0.123518
0.116201
0.121942
0.124438
0.108199
0.0978512
0.0935894
0.0923145
0.0996733
0.106005
0.0817872
0.0905812
0.092872
0.0718427
0.0680808
0.0606248
0.0679261
0.0697427
0.0670956
0.0663943
0.0546964
0.0640363
0.059118
0.0625919
0.0721797
0.0702243
0.0644187
0.0566856
0.0567715
0.0567743
0.0560831
0.0576308
0.0517673
0.0745308
0.069726
0.0589837
0.0660064
0.0806354
0.0695108
0.0665673
0.06342
0.0690381
0.0751893
0.0693298
0.0762241
0.0643572
0.0646104
0.0747747
0.0794565
0.079964
0.0751786
0.0827002
0.0763888
0.0698175
0.068833
0.060061
0.0612096
0.0522122
0.0540111
0.0446367
0.041328
0.050643
0.0410296
0.0543083
0.0447787
0.0772039
0.064758
0.0676223
0.0624098
0.0731048
0.0695603
0.0645464
0.056896
0.0709552
0.0531148
0.0615075
0.0557369
0.0661011
0.0690813
0.0630089
0.0694372
0.0583824
0.0831527
0.0865542
0.0762874
0.102149
0.114065
0.127453
0.111165
0.106782
0.121646
0.132492
0.130765
0.102059
0.131127
0.134286
0.126709
0.132537
0.136708
0.117465
0.137234
0.145739
0.134212
0.143497
0.167915
0.160079
0.18361
0.188393
0.179066
0.221381
0.198926
0.221851
0.245755
0.265329
0.233504
0.257185
0.239106
0.214156
0.207439
0.170201
0.140934
0.137702
0.161082
0.17503
0.161986
0.173393
0.183282
0.169164
0.170877
0.180991
0.177182
0.202671
0.190677
0.204997
0.210911
0.198492
0.200658
0.187856
0.185113
0.196461
0.20505
0.180571
0.229571
0.211841
0.245972
0.238173
0.228565
0.222337
0.22272
0.193341
0.181039
0.163922
0.169755
0.171294
0.143701
0.116648
0.129784
0.112452
0.0762642
0.0712394
0.0678181
0.0470176
0.0527139
0.036599
0.0402893
0.0230841
0.0137517
0.0121953
0.018384
0.0103478
0.0112812
0.0130374
0.00993709
0.0100864
0.0135144
0.0120301
0.0126377
0.014036
0.0221751
0.0187307
0.0306965
0.0299156
0.0278509
0.0289679
0.014268
0.00958331
0.00337252
0.00145779
0.00285873
0.00598853
0.00777072
0.0100026
0.00313168
0.00171663
0
0.00327175
0.00895325
0.003774
0.00117166
0.00980052
0.0144869
0.00893491
0.0203235
0.0197512
0.0172494
0.0159063
0.0162635
0.0154473
0.0134593
0.0111071
0.0159723
0.0139277
0.0185756
0.00929795
0.0141947
0.0134744
0.0154722
0.0120122
0.0145977
0.0116133
0.0227469
0.0200304
0.0286964
0.0309496
0.0261994
0.0313914
0.0232524
0.0242029
0.0317052
0.0263645
0.0181441
0.0249697
0.0280951
0.0231171
0.0254783
0.0292582
0.0310516
0.0300764
0.0266172
0.0287484
0.0289944
0.0247143
0.0346257
0.0333273
0.0360523
0.0322543
0.0250691
0.0303265
0.0351896
0.0203855
0.0277165
0.0366356
0.0260644
0.0275772
0.0274005
0.0281446
0.0275129
0.0228337
0.0229805
0.0303672
0.0287256
0.0196355
0.025592
0.0235108
0.0297719
0.0352081
0.0369944
0.0408862
0.044066
0.0614683
0.0470174
0.0527641
0.0591001
0.0579143
0.0566817
0.0601816
0.0546266
0.0661606
0.0592393
0.0645395
0.0683642
0.0749254
0.065736
0.0722434
0.0669929
0.0663661
0.0665272
0.0800442
0.0772073
0.0807161
0.0973204
0.0948846
0.109525
0.101951
0.101672
0.111085
0.11014
0.108968
0.10313
0.110703
0.10271
0.100598
0.112417
0.114319
0.0940913
0.105292
0.106754
0.0992195
0.0968819
0.112468
0.106649
0.0988343
0.114784
0.107947
0.114244
0.118276
0.143554
0.122003
0.11175
0.116033
0.0891157
0.103234
0.0970615
0.0839428
0.0986283
0.0899043
0.0873796
0.0955318
0.0952425
0.0959857
0.0989356
0.0989788
0.0899119
0.0820247
0.0943824
0.0862791
0.0997072
0.0879043
0.0933727
0.0963962
0.0893917
0.0787326
0.0974944
0.076014
0.0821347
0.0758551
0.0617208
0.0659431
0.0733287
0.0655367
0.0682553
0.0607248
0.0538429
0.0539536
0.0643118
0.071101
0.0510617
0.0656603
0.0675953
0.0526179
0.0359892
0.0518638
0.0658464
0.0570198
0.0568844
0.0629597
0.0655486
0.0566554
0.0585129
0.0491043
0.0417575
0.0386162
0.0369364
0.0293046
0.0370601
0.0204317
0.0185905
0.0154863
0.0204068
0.0205272
0.0101954
0.0117704
0.0184991
0.0169624
0.0132811
0.0157915
0.0173841
0.0163753
0.0237312
0.0213168
0.0233015
0.0218151
0.030337
0.0469376
0.046774
0.0403634
0.0536542
0.0439098
0.0521311
0.0558
0.0444828
0.0429524
0.03788
0.0254397
0.0331388
0.0269551
0.0258922
0.0342158
0.0173964
0.019352
0.0141936
0.0168842
0.0093644
0.0073926
0.0210027
0.0130282
0.0127218
0.0108792
0.0209088
0.0186653
0.0216441
0.0120157
0.0186199
0.0203126
0.0296787
0.0321339
0.023504
0.0289391
0.0184206
0.0256022
0.0144038
0.0155348
0.023187
0.0167545
0.0172973
0.0184742
0.0142036
0.0186661
0.0125057
0.0171412
0.0153508
0.0103313
0.0184896
0.0206378
0.0136172
0.0167954
0.0159953
0.0213872
0.0195617
0.0133379
0.0239469
0.0310981
0.0293674
0.0268031
0.0371627
0.0387575
0.0325201
0.038641
0.0404182
0.0261212
0.038507
0.0309102
0.0289949
0.0343902
0.0275655
0.0272137
0.0234847
0.0248833
0.0257913
0.0245691
0.0156034
0.0174757
0.0158325
0.0167621
0.0218918
0.0231001
0.0203282
0.0288675
0.0209485
0.0169142
0.0235827
0.0320826
0.0307518
0.0400098
0.0325067
0.0390336
0.048376
0.0480496
0.0393249
0.0437558
0.0420277
0.0378437
0.0449398
0.0435072
0.0369473
0.0521168
0.0357959
0.0420098
0.0463992
0.045461
0.040406
0.043684
0.0390209
0.0406828
0.0400477
0.0412129
0.0422896
0.0459864
0.045188
0.044378
0.0392037
0.0437821
0.0424072
0.0499898
0.0515739
0.0530234
0.065013
0.0702968
0.0881217
0.109972
0.175327
0.350914
0.564017
0.671152
0.68761
0.651432
0.55768
0.337319
0.171919
0.107848
0.0840905
0.0781086
0.0761284
0.0644962
0.0728361
0.0746707
0.0699172
0.0682574
0.0639723
0.0704713
0.0657357
0.0676683
0.0640051
0.0643057
0.0678503
0.0663067
0.0642164
0.0664084
0.070238
0.0649628
0.0667884
0.0665422
0.0589871
0.0614548
0.0569975
0.0565646
0.0589611
0.0585689
0.0530982
0.0538593
0.050068
0.0552929
0.0555745
0.0592983
0.0503785
0.0560173
0.0535571
0.0573659
0.058978
0.0625768
0.0580862
0.0618399
0.0630137
0.0572928
0.064325
0.0620302
0.0639921
0.0631914
0.0659309
0.0617167
0.0625073
0.068782
0.0688522
0.0686626
0.0644177
0.0660908
0.0611332
0.0626122
0.0594262
0.0652475
0.0575376
0.0590582
0.0590415
0.0483117
0.0526981
0.0657134
0.0500564
0.0564894
0.0596355
0.0549529
0.059758
0.0594886
0.0646872
0.0630397
0.0500821
0.0539922
0.0627581
0.0589473
0.0613538
0.054738
0.0662108
0.0581122
0.0499338
0.0618268
0.0639966
0.0600284
0.0639726
0.0610525
0.0710059
0.0672154
0.0651798
0.0711467
0.0772214
0.0757193
0.0706214
0.0730931
0.0716551
0.0682084
0.0739142
0.0757342
0.080632
0.0765361
0.0749376
0.0936748
0.0824776
0.0733186
0.0835923
0.0933046
0.0914553
0.109804
0.0929028
0.0916976
0.08561
0.0911944
0.0855437
0.0892395
0.0826704
0.0849996
0.0849751
0.089786
0.0857
0.0927244
0.0773374
0.0881346
0.0927107
0.0914914
0.0857978
0.09585
0.0947002
0.0958563
0.0880022
0.066376
0.0858856
0.102887
0.0961484
0.0779488
0.110629
0.106889
0.106609
0.103692
0.0814442
0.0948404
0.107107
0.100666
0.0827441
0.121177
0.112776
0.126846
0.113213
0.107963
0.138523
0.115628
0.111745
0.146584
0.104273
0.111475
0.129646
0.12064
0.155111
0.124427
0.114035
0.108479
0.147057
0.14227
0.164348
0.150684
0.173976
0.161202
0.172195
0.149048
0.158118
0.156802
0.123764
0.126887
0.127254
0.122019
0.155504
0.143892
0.132637
0.133613
0.144369
0.136558
0.116962
0.101806
0.094197
0.11901
0.119263
0.134622
0.11349
0.123819
0.105369
0.0990132
0.105918
0.089503
0.128296
0.0976123
0.0966979
0.102913
0.113595
0.108377
0.106568
0.0946297
0.123844
0.113271
0.108742
0.0962064
0.0948213
0.110889
0.0995252
0.0964153
0.125161
0.131036
0.138586
0.147494
0.144188
0.154559
0.120637
0.129923
0.104596
0.0813414
0.0897461
0.0876227
0.0785226
0.0742235
0.0737648
0.108737
0.094594
0.0665758
0.0949925
0.0733548
0.0722879
0.0929712
0.0801307
0.0974039
0.0944687
0.0881981
0.0921203
0.101395
0.105889
0.126015
0.124013
0.142205
0.142535
0.160747
0.157416
0.179148
0.192174
0.216565
0.235569
0.242629
0.237126
0.225549
0.191447
0.129685
0.0812152
0.0752921
0.0754896
0.0689762
0.0658789
0.0497466
0.0647877
0.081412
0.0767123
0.060262
0.0587794
0.063088
0.0788977
0.0709608
0.0629469
0.0810708
0.0692472
0.0445953
0.0668827
0.0694396
0.0699675
0.0837885
0.0811817
0.0635029
0.0713693
0.0625262
0.0656378
0.0676895
0.0598547
0.0666375
0.0527602
0.0602145
0.0691807
0.0664526
0.0683473
0.0734929
0.0683205
0.0732238
0.0655615
0.0687814
0.062539
0.0653528
0.0627611
0.0686529
0.0705342
0.0688243
0.0570995
0.0663097
0.0736885
0.074019
0.0691083
0.0642165
0.0626475
0.0672312
0.0626405
0.0598068
0.0641787
0.0616731
0.0528176
0.0645025
0.0670958
0.0519549
0.0552102
0.0480664
0.0620509
0.0543536
0.055887
0.0548571
0.0493638
0.0556301
0.0589535
0.0565737
0.0585713
0.065328
0.0594248
0.0630313
0.0633115
0.0616357
0.0574288
0.0568626
0.0578831
0.0592847
0.0559426
0.0626173
0.059405
0.0567961
0.0524694
0.0505988
0.0580244
0.060816
0.0599182
0.0700846
0.0535945
0.0633075
0.0640228
0.0741168
0.0693886
0.0722909
0.0701481
0.0745852
0.0706263
0.0738043
0.0793743
0.0923167
0.0781328
0.0880067
0.090623
0.0952001
0.109109
0.107621
0.11693
0.113017
0.110032
0.108967
0.0913099
0.0956845
0.0723356
0.0601089
0.0619423
0.0469082
0.0563887
0.0524317
0.0474021
0.0619093
0.0544342
0.0526287
0.0567204
0.0591659
0.0558305
0.0611916
0.0536501
0.064271
0.0567001
0.0672081
0.0646969
0.066212
0.0719345
0.0701059
0.0755739
0.0763449
0.090535
0.0808276
0.088409
0.095955
0.110588
0.121345
0.122563
0.131239
0.145075
0.152946
0.162641
0.16632
0.1552
0.155533
0.139351
0.130468
0.113911
0.106876
0.0954163
0.0895662
0.0916575
0.0957901
0.0627374
0.0894112
0.0818091
0.0803571
0.0940925
0.0857106
0.0836952
0.0837712
0.0801097
0.0909332
0.0854287
0.086529
0.0890571
0.0920011
0.0924667
0.0952315
0.0995627
0.100893
0.110173
0.113611
0.113299
0.132482
0.127717
0.131932
0.130838
0.143884
0.149933
0.15897
0.16456
0.176299
0.187774
0.192946
0.192341
0.187774
0.181774
0.165948
0.14999
0.135253
0.125669
0.112297
0.109004
0.101636
0.0944493
0.0986728
0.09312
0.0950194
0.0927561
0.0932794
0.102299
0.0969748
0.0983797
0.0959117
0.0805295
0.0851127
0.0815521
0.0913162
0.0757471
0.0816594
0.0797996
0.0887936
0.0874951
0.0730749
0.0838356
0.071096
0.0892789
0.0762556
0.0779421
0.0803656
0.0885418
0.0844176
0.0815853
0.0753823
0.0796738
0.0840257
0.0764841
0.0741835
0.078439
0.0811087
0.0843023
0.0783916
0.0769602
0.0847524
0.0752922
0.0827552
0.077309
0.0786227
0.090539
0.0789644
0.0860791
0.0875972
0.0848103
0.0818509
0.0821057
0.0847762
0.0863725
0.0830936
0.0856484
0.0861274
0.0874528
0.0908357
0.089316
0.0930878
0.091435
0.0982067
0.095155
0.0982973
0.0950138
0.103723
0.0934206
0.0877292
0.101417
0.0956164
0.10262
0.101257
0.113022
0.111428
0.118309
0.126054
0.14325
0.133907
0.156694
0.155471
0.163011
0.164777
0.172491
0.173392
0.173559
0.167551
0.186777
0.187397
0.149332
0.160211
0.144103
0.150176
0.1347
0.158417
0.118987
0.143306
0.0996817
0.105663
0.123359
0.119286
0.125749
0.125059
0.134464
0.134713
0.144942
0.151725
0.132517
0.150561
0.171868
0.15503
0.169498
0.165166
0.160922
0.155542
0.16699
0.17228
0.144613
0.160464
0.147814
0.146664
0.140623
0.14264
0.154175
0.163784
0.134936
0.126834
0.138703
0.138894
0.123594
0.168911
0.172477
0.158291
0.150504
0.150808
0.189994
0.160703
0.15386
0.155495
0.210031
0.208814
0.177746
0.173013
0.169732
0.195096
0.200725
0.210701
0.181968
0.177368
0.208567
0.219649
0.222674
0.232725
0.224688
0.211203
0.221092
0.23613
0.237478
0.234866
0.249665
0.247103
0.249767
0.239921
0.232213
0.216561
0.209525
0.216979
0.19337
0.199869
0.194267
0.181661
0.165763
0.151376
0.121105
0.14389
0.136616
0.161435
0.143623
0.132251
0.141476
0.114242
0.135694
0.115723
0.118014
0.148428
0.144459
0.123129
0.156291
0.117367
0.147659
0.176283
0.164664
0.167832
0.178855
0.189729
0.20189
0.249999
0.217797
0.20418
0.221435
0.212249
0.221462
0.248294
0.251568
0.240147
0.226381
0.240023
0.266853
0.255771
0.254206
0.244347
0.29083
0.283462
0.303298
0.282447
0.276661
0.286129
0.302242
0.282675
0.275168
0.28709
0.274867
0.226968
0.25617
0.2349
0.200397
0.202982
0.175606
0.140759
0.141154
0.163098
0.136936
0.150772
0.148224
0.116797
0.0915863
0.105513
0.114767
0.12921
0.100261
0.129888
0.110256
0.106807
0.110716
0.10625
0.098126
0.110025
0.135742
0.128372
0.115785
0.100522
0.101619
0.108771
0.145681
0.140888
0.157072
0.137418
0.159165
0.112994
0.145155
0.126704
0.161287
0.177043
0.127523
0.151014
0.147836
0.172244
0.218369
0.180665
0.200245
0.138024
0.193313
0.167584
0.10517
0.13693
0.162783
0.16526
0.130331
0.141275
0.13403
0.149379
0.167764
0.168469
0.162517
0.126095
0.14177
0.134592
0.147697
0.130652
0.145893
0.152049
0.117988
0.168017
0.133372
0.15019
0.152668
0.151249
0.165679
0.167684
0.128817
0.141275
0.178137
0.116411
0.151267
0.14062
0.0727669
0.100534
0.128018
0.102395
0.102193
0.108145
0.178333
0.151144
0.135719
0.152257
0.170948
0.158483
0.137543
0.148566
0.165283
0.132999
0.114558
0.148836
0.112491
0.154551
0.107883
0.156756
0.120165
0.14437
0.159107
0.168446
0.112611
0.109819
0.186547
0.137789
0.188664
0.132638
0.239464
0.13323
0.143426
0.180454
0.130631
0.148391
0.149501
0.153523
0.159283
0.18909
0.180202
0.150785
0.192397
0.139275
0.224626
0.161315
0.162515
0.17165
0.190268
0.17896
0.126774
0.147385
0.149796
0.126537
0.097366
0.149313
0.110205
0.10025
0.100823
0.0834775
