0.156877
0.150793
0.150319
0.155303
0.162681
0.16419
0.166211
0.165496
0.178502
0.185907
0.185229
0.189892
0.189435
0.197636
0.197039
0.205404
0.206757
0.200725
0.209207
0.201324
0.202884
0.206469
0.210906
0.21382
0.214823
0.222859
0.236207
0.237475
0.240963
0.246722
0.246112
0.251715
0.253823
0.254503
0.258216
0.264126
0.267308
0.25961
0.253662
0.252233
0.249038
0.247144
0.239932
0.260358
0.266484
0.270632
0.278128
0.287229
0.289156
0.289783
0.287559
0.265601
0.249946
0.248017
0.247059
0.247544
0.266191
0.304682
0.307696
0.291675
0.271065
0.243166
0.209122
0.178836
0.18213
0.15617
0.162772
0.144176
0.146754
0.147789
0.134132
0.130609
0.134514
0.124505
0.126232
0.128226
0.129233
0.129225
0.128309
0.133194
0.134381
0.136807
0.143846
0.139085
0.14714
0.148924
0.152948
0.155876
0.158887
0.166006
0.169359
0.16947
0.181527
0.193755
0.200296
0.211965
0.233206
0.238554
0.249393
0.25632
0.262754
0.26211
0.254539
0.236904
0.221686
0.207904
0.198878
0.193926
0.199915
0.197753
0.204514
0.209546
0.210332
0.216503
0.21082
0.207839
0.204581
0.198344
0.188581
0.189555
0.195594
0.195327
0.207308
0.214295
0.216693
0.224372
0.228146
0.234818
0.234512
0.24269
0.24722
0.250245
0.248404
0.247676
0.248138
0.249242
0.25691
0.264216
0.26208
0.25307
0.236659
0.216223
0.206313
0.205057
0.216221
0.22697
0.227682
0.234607
0.248818
0.252307
0.261702
0.271194
0.277029
0.285192
0.286078
0.295563
0.298693
0.292824
0.298398
0.299234
0.296936
0.299958
0.30207
0.295622
0.267959
0.223604
0.184886
0.153197
0.138098
0.126707
0.129203
0.119612
0.126957
0.128009
0.125768
0.126769
0.138645
0.135695
0.144191
0.137833
0.155468
0.160943
0.158197
0.161515
0.160579
0.152593
0.146897
0.149242
0.151807
0.145338
0.144943
0.144025
0.150092
0.150317
0.158429
0.155551
0.155189
0.154317
0.148101
0.142526
0.13436
0.12885
0.124323
0.121959
0.128526
0.123191
0.136318
0.143133
0.152941
0.146524
0.158823
0.17553
0.171067
0.168731
0.176909
0.179307
0.184457
0.186124
0.193693
0.196318
0.202578
0.1967
0.190362
0.184188
0.177228
0.153578
0.153847
0.151457
0.151374
0.155633
0.160944
0.16415
0.165284
0.173833
0.181396
0.188161
0.19911
0.201893
0.208172
0.215068
0.225832
0.227488
0.236762
0.242818
0.248125
0.250671
0.248029
0.259185
0.265224
0.263182
0.264312
0.271679
0.271649
0.267891
0.265172
0.242772
0.212007
0.201541
0.165549
0.175624
0.153993
0.17045
0.16973
0.171873
0.183679
0.175298
0.181862
0.187149
0.209934
0.20416
0.213595
0.219497
0.230961
0.224215
0.239554
0.234902
0.239188
0.248596
0.238896
0.241509
0.234199
0.214791
0.186464
0.161563
0.152705
0.142647
0.141534
0.140033
0.143875
0.145742
0.147254
0.178106
0.171971
0.167227
0.163153
0.174793
0.158291
0.180076
0.179127
0.145894
0.150434
0.160188
0.160434
0.145723
0.147465
0.140354
0.143854
0.147158
0.144666
0.155343
0.160845
0.152614
0.148932
0.143391
0.145215
0.129468
0.141218
0.124371
0.146243
0.145667
0.125288
0.134442
0.128944
0.12613
0.123565
0.113615
0.135061
0.145349
0.132016
0.136099
0.136777
0.151728
0.15661
0.153637
0.170282
0.168275
0.164163
0.174532
0.180429
0.181166
0.190237
0.185957
0.188508
0.184213
0.175015
0.157696
0.17513
0.158359
0.161904
0.155005
0.142847
0.137588
0.133156
0.142256
0.132499
0.135309
0.156812
0.159602
0.150795
0.159802
0.148087
0.159851
0.156021
0.159656
0.157209
0.164868
0.172353
0.178957
0.188445
0.210065
0.203518
0.212991
0.215587
0.229332
0.229185
0.221832
0.218264
0.21834
0.213314
0.170086
0.151163
0.140422
0.135812
0.127446
0.125739
0.115542
0.128358
0.155206
0.145306
0.136989
0.139595
0.139338
0.12835
0.141749
0.134921
0.152989
0.134687
0.137492
0.134425
0.134159
0.139851
0.134644
0.136255
0.15146
0.138465
0.141478
0.1542
0.160031
0.173936
0.184652
0.210502
0.226671
0.235659
0.237209
0.242563
0.238675
0.234809
0.217233
0.206674
0.19057
0.204956
0.197982
0.203395
0.188849
0.194448
0.184824
0.193866
0.194145
0.192427
0.191101
0.18976
0.193991
0.190693
0.193518
0.188128
0.186244
0.166535
0.160083
0.158186
0.167147
0.187863
0.165402
0.177002
0.173021
0.157122
0.169465
0.176812
0.171044
0.143259
0.14899
0.168165
0.158811
0.150797
0.151311
0.18137
0.150216
0.160516
0.149147
0.152586
0.173037
0.156901
0.169352
0.190969
0.175833
0.165651
0.177745
0.188117
0.176477
0.185143
0.197225
0.196111
0.197076
0.201748
0.196574
0.207715
0.228383
0.220928
0.218521
0.230889
0.259501
0.283949
0.301423
0.306892
0.31196
0.294827
0.290587
0.243979
0.204258
0.179165
0.159949
0.169171
0.214686
0.250974
0.28532
0.352938
0.388745
0.397837
0.423219
0.38495
0.330791
0.253341
0.182316
0.172585
0.159961
0.153246
0.158693
0.154077
0.144369
0.1739
0.160505
0.149984
0.167599
0.174352
0.17318
0.176909
0.169845
0.176701
0.179336
0.168431
0.185758
0.187798
0.178402
0.17759
0.167002
0.139449
0.136232
0.144619
0.120803
0.143017
0.132251
0.130369
0.110786
0.123133
0.110297
0.130324
0.0971132
0.102111
0.118977
0.121342
0.124507
0.129802
0.121415
0.135502
0.124025
0.12313
0.143435
0.137832
0.116912
0.129084
0.168827
0.137325
0.139828
0.127832
0.151824
0.136488
0.127602
0.148245
0.154463
0.131995
0.119729
0.124025
0.128646
0.139335
0.157768
0.147947
0.154017
0.164876
0.166304
0.168028
0.146383
0.154506
0.156674
0.128025
0.152523
0.151727
0.13694
0.126599
0.156117
0.151007
0.157358
0.160455
0.143761
0.147047
0.146482
0.13695
0.147167
0.173978
0.140142
0.149222
0.161158
0.153376
0.150522
0.146526
0.145708
0.119551
0.127987
0.124405
0.118107
0.124872
0.119456
0.109388
0.103032
0.102349
0.105628
0.128034
0.10131
0.0987918
0.118597
0.111006
0.100702
0.1395
0.0978802
0.0981484
0.103818
0.10455
0.108198
0.092517
0.117179
0.100544
0.102839
0.0883501
0.0996312
0.0764044
0.0667184
0.0956155
0.084741
0.110055
0.107462
0.103871
0.115722
0.119502
0.136202
0.121062
0.143702
0.133093
0.14753
0.131688
0.127387
0.12757
0.112502
0.079255
0.0783672
0.072303
0.072529
0.0683386
0.071357
0.0852311
0.0958803
0.104627
0.126248
0.131051
0.129932
0.121358
0.132177
0.11998
0.090273
0.0895489
0.124002
0.112651
0.117884
0.118527
0.134281
0.130577
0.138931
0.136012
0.139436
0.148157
0.141854
0.144002
0.129857
0.116226
0.10569
0.158157
0.150534
0.141563
0.152058
0.127289
0.149377
0.130268
0.124702
0.110309
0.142715
0.126183
0.129545
0.126702
0.138051
0.150614
0.131453
0.117248
0.106472
0.132971
0.120565
0.111516
0.133487
0.106104
0.100207
0.0992419
0.0916143
0.0867041
0.0864034
0.05896
0.0622736
0.0791753
0.0823215
0.0684778
0.0735018
0.0634439
0.047543
0.0570137
0.0553252
0.0463353
0.0557001
0.055725
0.0584226
0.0423578
0.0513076
0.0560251
0.0492997
0.0499895
0.0531388
0.0561821
0.0369549
0.0457673
0.0538523
0.0524476
0.0492345
0.0455521
0.046568
0.0517837
0.0532553
0.0592893
0.0601368
0.0638487
0.066952
0.0527811
0.0550946
0.0660687
0.049632
0.0576966
0.0569042
0.0583718
0.0565189
0.0725127
0.0712406
0.0636658
0.0515105
0.0599521
0.0573851
0.04718
0.0505655
0.0578044
0.043431
0.0585041
0.0377122
0.0420508
0.0449361
0.0301299
0.0391499
0.0356991
0.0496401
0.0458382
0.0571271
0.0441222
0.0629846
0.0563616
0.0508276
0.049739
0.0547236
0.0428003
0.0523988
0.0516256
0.0677829
0.0495515
0.0545872
0.0602456
0.042308
0.0793219
0.0637929
0.0571489
0.0851924
0.0894967
0.107093
0.0783204
0.100353
0.0930377
0.0856167
0.0926118
0.0789977
0.09879
0.0924099
0.0946451
0.106851
0.103582
0.0907998
0.0975422
0.118554
0.09343
0.100136
0.115872
0.111861
0.152715
0.135648
0.142827
0.15871
0.137294
0.153446
0.175211
0.196389
0.181548
0.167476
0.173686
0.144165
0.131417
0.119443
0.100448
0.10779
0.122801
0.135186
0.126213
0.124316
0.112092
0.1279
0.131766
0.135511
0.136134
0.155558
0.141713
0.144723
0.141425
0.130179
0.121277
0.144127
0.126633
0.119643
0.162576
0.136102
0.189907
0.151942
0.196787
0.17551
0.190905
0.143497
0.159062
0.149032
0.146312
0.100279
0.125948
0.126974
0.100305
0.0747299
0.108839
0.0769738
0.0582525
0.0583971
0.0662289
0.039008
0.0239535
0.0308918
0.0240159
0.0182994
0.0204203
0.0127083
0.0237417
0.0173845
0.022294
0.0177883
0.0137253
0.0159369
0.020773
0.0171258
0.015981
0.0124862
0.021969
0.0243085
0.0254433
0.0272497
0.0273379
0.0243827
0.0148552
0.00593801
0.00610443
0.0038948
0.00534899
0.00622812
0.0161521
0.0108358
0.00882577
0.00551689
0.0118343
0
0.0115107
0.00651964
0.00472595
0.0085371
0.0193545
0.0142607
0.0205905
0.0136888
0.0113438
0.0183771
0.0148355
0.0186061
0.0155944
0.0134143
0.0180227
0.018231
0.0190822
0.0113776
0.0139693
0.0109275
0.0163701
0.0153352
0.0143675
0.0176355
0.0177623
0.0196516
0.0228023
0.0234174
0.0220279
0.029607
0.0210801
0.0260496
0.0305551
0.0192222
0.0204097
0.0227142
0.0209089
0.0214399
0.0237315
0.0228934
0.0247486
0.0258109
0.0194485
0.024384
0.0223727
0.0232386
0.027896
0.0257595
0.0359204
0.0240898
0.0235247
0.0303834
0.0278506
0.0177208
0.0280216
0.0277457
0.0189183
0.0204965
0.0265491
0.0250828
0.0232189
0.0209443
0.0172705
0.0275491
0.0189859
0.0174996
0.0236893
0.0201811
0.0253238
0.0317148
0.0330328
0.0368517
0.0347916
0.044009
0.038297
0.043094
0.0470174
0.0442734
0.0403587
0.0518194
0.0404718
0.0503941
0.0448806
0.0482504
0.0586561
0.0569426
0.0574558
0.0527907
0.0537647
0.045484
0.0549747
0.0611225
0.0599111
0.0672744
0.0650795
0.0780892
0.0797186
0.0724093
0.0760735
0.0818423
0.0774496
0.0769086
0.0741948
0.0811009
0.0794273
0.0825734
0.0812474
0.0848106
0.0788469
0.0822261
0.0715977
0.0650325
0.0764081
0.0863731
0.080473
0.0808223
0.0768163
0.084166
0.0950257
0.08345
0.107066
0.0993191
0.0867118
0.074894
0.0787631
0.0725206
0.0803977
0.0587619
0.0806652
0.0793029
0.0685037
0.0709883
0.0703856
0.0709901
0.0679561
0.0640145
0.0766077
0.0637991
0.0810657
0.068405
0.0753697
0.0687968
0.0781501
0.0713605
0.0631625
0.061378
0.071748
0.0502646
0.064671
0.0680311
0.0546328
0.0439955
0.0588002
0.0535645
0.0515436
0.0485194
0.0486913
0.0471726
0.0456092
0.0336804
0.0439051
0.0405285
0.0494097
0.0482685
0.036069
0.0391426
0.039784
0.0400321
0.0577553
0.0470543
0.0504776
0.0456278
0.0358935
0.0413877
0.026858
0.0160442
0.0271046
0.029296
0.0191499
0.0157172
0.0141111
0.0108341
0.0256381
0.0148143
0.016473
0.00438001
0.00608973
0.0179307
0.017365
0.0112652
0.0193326
0.0105406
0.0142181
0.0125158
0.0131266
0.0273444
0.0230779
0.0339014
0.0406472
0.0402117
0.0249586
0.0358234
0.0359165
0.0421703
0.0349351
0.0364838
0.0352721
0.025341
0.0159206
0.0203805
0.0253578
0.0259311
0.0172591
0.0201428
0.0144444
0.0153693
0.00742064
0.012166
0.0209071
0.0114183
0.0160298
0.000275061
0.0142408
0.0224854
0.0152989
0.00926694
0.0151531
0.0187298
0.0242895
0.0253065
0.020406
0.0195589
0.0215071
0.0202722
0.0109733
0.0158403
0.0246284
0.0127507
0.0117661
0.0253986
0.0206996
0.0234072
0.017143
0.0117624
0.0155075
0.0144163
0.0199312
0.0169445
0.0162737
0.0148943
0.0123855
0.0117243
0.0146119
0.0141039
0.0171394
0.0281096
0.0270249
0.0240848
0.0229714
0.0329593
0.0264316
0.0299379
0.027256
0.0258308
0.0230363
0.027535
0.0389214
0.0297407
0.0191436
0.0188663
0.0148975
0.020181
0.0206859
0.0218666
0.0145803
0.011335
0.0167727
0.0154665
0.0215709
0.0209107
0.0204307
0.0276705
0.0226754
0.018188
0.020959
0.0220005
0.035334
0.0276077
0.0339958
0.0261259
0.0388621
0.0352395
0.0413219
0.0328696
0.0364504
0.0366223
0.0381998
0.0386903
0.0285519
0.0487287
0.0358358
0.0283879
0.0314021
0.0337459
0.0321495
0.0353568
0.03492
0.035176
0.0412905
0.0320805
0.0419511
0.0376381
0.0387963
0.0399212
0.0342698
0.037576
0.0336652
0.0411432
0.0468584
0.0409891
0.0535803
0.0546433
0.0718266
0.0777311
0.154155
0.302623
0.49128
0.585211
0.600827
0.572033
0.488603
0.295176
0.140834
0.0839202
0.0730254
0.0646504
0.0598045
0.0519109
0.059865
0.0560164
0.048059
0.0556928
0.0489723
0.0533178
0.046069
0.0548182
0.0489512
0.0506606
0.0526919
0.0467086
0.0536156
0.0545287
0.0524967
0.0543899
0.046947
0.0476043
0.0396321
0.0495858
0.0481349
0.0447887
0.0470084
0.0467789
0.0531865
0.0420644
0.0442122
0.0474137
0.0449734
0.0420108
0.0426387
0.0462894
0.0416245
0.0439123
0.0426133
0.049275
0.0471664
0.051861
0.0510699
0.0471306
0.0512786
0.045589
0.0506348
0.0492708
0.0534004
0.0504607
0.049101
0.0535566
0.0516865
0.0445691
0.0519281
0.050993
0.046942
0.0508026
0.0495714
0.047626
0.0462085
0.0554407
0.0434514
0.046507
0.0435493
0.0452091
0.0396926
0.0447347
0.0439502
0.0496742
0.0441984
0.0517191
0.0425251
0.0472964
0.0505656
0.0448461
0.0492558
0.0474264
0.0480287
0.0466992
0.0523121
0.042545
0.041076
0.0461487
0.0538765
0.0536943
0.053226
0.0480453
0.050287
0.0520277
0.0512456
0.0525089
0.0537504
0.0536659
0.0519766
0.0567612
0.0458932
0.0521953
0.0470439
0.0624426
0.0571254
0.0625333
0.056812
0.0678423
0.0560359
0.0415611
0.0650126
0.0681051
0.0716778
0.0747101
0.0515813
0.0644045
0.0680971
0.0686658
0.0653867
0.0757221
0.0577346
0.0678495
0.0710122
0.0696459
0.0629782
0.0644493
0.0556415
0.0593915
0.0666729
0.0657437
0.0622195
0.0742029
0.0575015
0.0680637
0.0701289
0.0726588
0.0522888
0.0747558
0.0785187
0.0487481
0.0823998
0.0767025
0.0887076
0.0568226
0.0642384
0.0936004
0.0890772
0.0834645
0.0951112
0.101251
0.0621247
0.0836883
0.075827
0.0901369
0.0941179
0.105095
0.0939909
0.132994
0.0998441
0.0837166
0.111134
0.0857521
0.0937475
0.0951129
0.0934697
0.0789741
0.108169
0.119789
0.107216
0.129822
0.117996
0.137634
0.130787
0.0968893
0.113594
0.10209
0.108994
0.0924114
0.0833206
0.0765578
0.115605
0.089056
0.0848602
0.0898564
0.0763908
0.081239
0.097433
0.0678283
0.0632308
0.0871892
0.117077
0.0810383
0.083854
0.0937088
0.0795897
0.0784178
0.0961971
0.0765074
0.0966627
0.088194
0.0972295
0.0734944
0.070735
0.0742828
0.0988995
0.0750099
0.102521
0.0788801
0.0798308
0.0791637
0.0646737
0.0635406
0.0569037
0.07588
0.107945
0.0974957
0.0950816
0.128353
0.107295
0.106117
0.0902651
0.0968853
0.0709182
0.0805703
0.0705055
0.056062
0.0504255
0.0470614
0.0410805
0.0865535
0.0667406
0.0533947
0.066602
0.0497627
0.070658
0.062359
0.0604907
0.0632628
0.0787361
0.0764709
0.0772813
0.0834611
0.0740409
0.096268
0.100011
0.115412
0.110952
0.122568
0.132428
0.145398
0.146542
0.174369
0.186392
0.189635
0.188655
0.166404
0.159861
0.101525
0.0801186
0.0559101
0.0756141
0.0491315
0.052617
0.0407316
0.0473431
0.0682071
0.0525652
0.0398173
0.0475485
0.0542726
0.0540269
0.0478051
0.0521099
0.0612448
0.0620323
0.0455142
0.0507899
0.0506981
0.041508
0.0589676
0.0467725
0.052941
0.0494228
0.0420823
0.0435825
0.0511542
0.0358292
0.0481033
0.0427913
0.0531443
0.0488702
0.0502217
0.0568534
0.0593551
0.0545897
0.057593
0.0465221
0.0531686
0.0500564
0.0547483
0.0529352
0.0576767
0.0579772
0.0532871
0.0495229
0.0471935
0.0477039
0.0491842
0.0531325
0.0508187
0.0592576
0.0442499
0.0430835
0.0498682
0.0478786
0.046205
0.0476382
0.0684283
0.0546977
0.0458419
0.053846
0.0536508
0.0412205
0.0486037
0.0505571
0.0454344
0.0372567
0.038591
0.0555622
0.0476197
0.0427927
0.0465948
0.0474394
0.0456799
0.0531632
0.0484582
0.0495288
0.0508181
0.0453356
0.0484931
0.0372997
0.0482037
0.0442611
0.0430282
0.0437944
0.0408059
0.0448399
0.0439066
0.0451923
0.0514118
0.0464941
0.0453086
0.0484128
0.0596256
0.051219
0.0561299
0.0576857
0.0501732
0.0628117
0.0645389
0.0722641
0.0713593
0.0682167
0.0737948
0.0710604
0.0709755
0.0894242
0.0891783
0.106554
0.095174
0.102839
0.0926911
0.0737987
0.0736901
0.0538685
0.0588603
0.0478061
0.0417731
0.0491945
0.0384834
0.040995
0.0483387
0.0425265
0.0411596
0.0413501
0.0451531
0.0450451
0.0454146
0.0501647
0.0548408
0.049252
0.0569934
0.0507971
0.0541714
0.055102
0.0564638
0.0649759
0.0596201
0.0683498
0.069166
0.0736962
0.0816921
0.08739
0.0945656
0.100433
0.10658
0.119784
0.123945
0.126312
0.135881
0.120905
0.123485
0.114818
0.0990236
0.0952695
0.0774751
0.0811077
0.0782677
0.0711892
0.0698073
0.0524294
0.061455
0.0588544
0.0695263
0.0734297
0.0602194
0.0681027
0.065416
0.0668018
0.0643461
0.0630018
0.0589336
0.0785038
0.0686981
0.0702751
0.0792988
0.0824371
0.0811014
0.0825133
0.0897896
0.0893062
0.0947152
0.100533
0.104101
0.10808
0.109975
0.118728
0.121368
0.125878
0.139013
0.148422
0.144779
0.149159
0.146237
0.141474
0.126829
0.115198
0.107625
0.0920789
0.0909314
0.0824921
0.0780493
0.0711794
0.0744002
0.07813
0.071936
0.0728022
0.0766559
0.07885
0.0733061
0.0693938
0.0812721
0.0639421
0.0603293
0.0532423
0.0634448
0.0636124
0.0591017
0.0623168
0.0635159
0.0651222
0.0623074
0.0558161
0.0548435
0.0681726
0.0527332
0.0569428
0.0598289
0.0647977
0.0677711
0.0594227
0.0690154
0.0586228
0.062034
0.0560657
0.0583786
0.0559172
0.0598776
0.0658665
0.0516783
0.0569775
0.0662347
0.0654564
0.0663566
0.0546573
0.0595932
0.0669719
0.0653761
0.0714518
0.0575796
0.0569212
0.055863
0.0701313
0.0641672
0.0649462
0.0611952
0.0643913
0.0672747
0.0608539
0.0766624
0.081658
0.0866652
0.0810606
0.0843877
0.0853827
0.0922504
0.0908656
0.0991828
0.0958672
0.0875541
0.106217
0.097294
0.094284
0.0834338
0.0898073
0.097759
0.0987711
0.101712
0.11537
0.110492
0.102184
0.109411
0.126481
0.1248
0.128428
0.138347
0.137033
0.146526
0.143149
0.164511
0.117912
0.118122
0.118071
0.119936
0.123251
0.124845
0.104407
0.112182
0.0692673
0.0922432
0.107591
0.101456
0.112063
0.0957067
0.105194
0.106268
0.120143
0.122882
0.105146
0.126911
0.137242
0.126913
0.139062
0.14191
0.134981
0.141811
0.140456
0.136038
0.129506
0.125696
0.115513
0.124666
0.109541
0.110375
0.104666
0.11848
0.125775
0.0951457
0.126557
0.129439
0.113486
0.105531
0.145914
0.122024
0.10952
0.0932186
0.14438
0.140423
0.136008
0.12033
0.168278
0.147824
0.126786
0.127332
0.158514
0.1675
0.151321
0.149408
0.150063
0.159723
0.171775
0.164048
0.167011
0.169669
0.163923
0.177721
0.175211
0.196096
0.188356
0.182655
0.19771
0.199217
0.193916
0.195734
0.197237
0.174241
0.174882
0.177277
0.167794
0.168021
0.172695
0.143513
0.128878
0.119718
0.0791569
0.111304
0.0885482
0.115385
0.10187
0.0752052
0.109608
0.0920489
0.111411
0.106158
0.119587
0.0977764
0.0999215
0.0953696
0.0922784
0.0978858
0.0937846
0.130689
0.108686
0.139494
0.124246
0.135008
0.19059
0.208266
0.177801
0.182059
0.166636
0.166496
0.160382
0.174532
0.208399
0.17991
0.173147
0.146913
0.185794
0.20253
0.200847
0.187407
0.219107
0.219223
0.22598
0.220174
0.223237
0.214142
0.230335
0.217574
0.229581
0.209152
0.20553
0.176744
0.196614
0.180236
0.166642
0.172762
0.126485
0.107258
0.0991918
0.0921635
0.103881
0.158081
0.115117
0.103817
0.0830354
0.0680215
0.102477
0.110662
0.0955549
0.111835
0.0770248
0.0690125
0.0993477
0.0911515
0.135995
0.0912958
0.126561
0.110037
0.0979284
0.0704496
0.0602356
0.095745
0.116677
0.100631
0.105552
0.0938173
0.0888421
0.105539
0.111524
0.0806353
0.145975
0.130835
0.0806296
0.106496
0.0892766
0.0701636
0.139537
0.177854
0.113174
0.130455
0.134035
0.119874
0.0919393
0.0843485
0.137131
0.134384
0.136783
0.139712
0.124229
0.109083
0.0993206
0.100554
0.119661
0.100363
0.105071
0.115262
0.124486
0.0993206
0.108203
0.104152
0.0954637
0.138588
0.107952
0.150962
0.109532
0.0995211
0.155925
0.148119
0.0769347
0.0802389
0.0728795
0.0594944
0.0911667
0.105082
0.0802521
0.113015
0.0802819
0.0765918
0.0978995
0.0648456
0.107591
0.128737
0.0855857
0.0952506
0.0978607
0.0718286
0.0790572
0.0815402
0.0872839
0.117665
0.0649781
0.143169
0.0563014
0.101136
0.0838687
0.15303
0.119083
0.0728683
0.0772014
0.117842
0.0675985
0.0781348
0.137017
0.112165
0.138066
0.136083
0.161526
0.119396
0.122498
0.137531
0.126506
0.126012
0.128741
0.126607
0.104053
0.134266
0.14362
0.112235
0.156434
0.120281
0.180927
0.140736
0.103063
0.15419
0.133936
0.123343
0.0891764
0.116626
0.0863161
0.0876607
0.116909
0.0993487
0.0870551
0.11379
0.0925488
0.0691721
