0.206081
0.205293
0.219101
0.220421
0.217594
0.222217
0.223322
0.228068
0.224552
0.240944
0.246294
0.256639
0.261078
0.26538
0.272623
0.273133
0.279297
0.284916
0.289595
0.28408
0.282395
0.285096
0.29297
0.293638
0.30482
0.311972
0.327269
0.328755
0.338183
0.345352
0.352551
0.355433
0.367186
0.368986
0.374699
0.380784
0.384087
0.386915
0.37596
0.372031
0.371794
0.358386
0.357404
0.368649
0.382758
0.400845
0.406678
0.416108
0.421822
0.428333
0.422112
0.38886
0.365363
0.360564
0.359942
0.360919
0.388243
0.457668
0.460323
0.443301
0.417628
0.367013
0.301168
0.271699
0.236506
0.234882
0.206338
0.193694
0.189104
0.181822
0.189553
0.169169
0.173586
0.165629
0.16359
0.160174
0.166886
0.164715
0.181396
0.184153
0.184523
0.197766
0.193262
0.193165
0.196904
0.198693
0.207691
0.202663
0.211785
0.222239
0.23473
0.250114
0.252516
0.27034
0.29691
0.327121
0.358042
0.382451
0.395608
0.41385
0.420149
0.413292
0.402224
0.368235
0.328307
0.290556
0.270869
0.266753
0.266062
0.276237
0.279667
0.28769
0.291073
0.289988
0.293817
0.295418
0.284051
0.274981
0.268131
0.269508
0.277915
0.280495
0.293914
0.293947
0.307023
0.30556
0.318661
0.326654
0.336758
0.342444
0.348106
0.353658
0.355881
0.359948
0.361112
0.362641
0.374353
0.381773
0.380457
0.368334
0.343015
0.318388
0.310576
0.304342
0.308971
0.313208
0.328929
0.336926
0.355921
0.361741
0.376684
0.386062
0.395189
0.408119
0.422334
0.423709
0.425333
0.433359
0.435959
0.43511
0.437009
0.440824
0.447074
0.432081
0.39729
0.337137
0.260923
0.20634
0.172812
0.162503
0.149334
0.149175
0.149013
0.149012
0.152769
0.15656
0.160396
0.171884
0.178137
0.191918
0.194233
0.213129
0.211798
0.20935
0.210191
0.19356
0.194706
0.18402
0.178592
0.184097
0.180509
0.182177
0.185683
0.187777
0.195893
0.200167
0.20186
0.198244
0.194976
0.191203
0.189
0.17703
0.17434
0.168217
0.173406
0.178999
0.181909
0.183881
0.192219
0.205989
0.219853
0.224219
0.22921
0.232891
0.23908
0.246641
0.251425
0.253732
0.261951
0.267537
0.273009
0.27308
0.271278
0.260262
0.245503
0.227422
0.227321
0.229405
0.233222
0.224529
0.230565
0.238656
0.247097
0.247848
0.268159
0.272427
0.285905
0.294652
0.294677
0.303994
0.319174
0.326468
0.346083
0.34871
0.350725
0.363535
0.373435
0.381257
0.387371
0.390133
0.398708
0.412923
0.42546
0.435643
0.427861
0.394139
0.338371
0.27479
0.260734
0.245764
0.246474
0.228499
0.24165
0.245303
0.254799
0.25498
0.271094
0.277492
0.282282
0.285288
0.307976
0.314464
0.318109
0.332225
0.343443
0.341938
0.339153
0.35044
0.345095
0.342954
0.331509
0.297745
0.263259
0.224949
0.195147
0.17887
0.184973
0.184079
0.198962
0.180124
0.219308
0.214053
0.225265
0.219895
0.24174
0.231302
0.224877
0.218927
0.221437
0.225184
0.210467
0.191015
0.191606
0.188107
0.180956
0.178598
0.181694
0.187924
0.185823
0.196035
0.19885
0.210458
0.202913
0.195054
0.194527
0.199792
0.178447
0.174659
0.170558
0.183749
0.168732
0.171681
0.183579
0.176841
0.176145
0.181221
0.177415
0.187474
0.18232
0.190275
0.192491
0.200593
0.209885
0.215469
0.218364
0.231164
0.223545
0.235667
0.244664
0.245239
0.253796
0.259796
0.271215
0.254108
0.250676
0.230321
0.212995
0.231233
0.223945
0.217819
0.204747
0.186496
0.185401
0.185622
0.190243
0.196964
0.194173
0.216852
0.203691
0.212902
0.206847
0.222334
0.222125
0.222494
0.229918
0.224498
0.247497
0.246114
0.261482
0.279042
0.285295
0.296704
0.310842
0.319053
0.324657
0.328998
0.331366
0.309715
0.30629
0.272371
0.220215
0.18183
0.183127
0.184019
0.180207
0.177965
0.180782
0.173961
0.190089
0.194412
0.199139
0.192541
0.193014
0.190188
0.178089
0.196542
0.173938
0.175623
0.18916
0.178159
0.188896
0.190086
0.176551
0.196051
0.198626
0.199383
0.203991
0.220511
0.2444
0.274593
0.301305
0.322412
0.334596
0.357497
0.359543
0.355635
0.345379
0.319432
0.280692
0.26461
0.290661
0.266524
0.276544
0.270471
0.302348
0.290952
0.281333
0.277577
0.282052
0.285567
0.285818
0.284862
0.281375
0.278967
0.274087
0.241729
0.231407
0.217963
0.214733
0.214675
0.223578
0.222477
0.220417
0.224955
0.225651
0.199961
0.231783
0.210952
0.21536
0.213943
0.223889
0.212763
0.211541
0.203917
0.220578
0.217876
0.222755
0.21971
0.211322
0.214551
0.223335
0.226677
0.222529
0.236736
0.24019
0.230106
0.260284
0.254946
0.252292
0.255505
0.259852
0.279992
0.273931
0.27663
0.277649
0.280677
0.289513
0.303158
0.334063
0.345501
0.375935
0.414746
0.426291
0.42549
0.424396
0.351795
0.372356
0.297342
0.249688
0.24445
0.244793
0.301696
0.353733
0.420238
0.528764
0.626911
0.650171
0.66167
0.616705
0.538633
0.39486
0.282675
0.243864
0.224855
0.211816
0.203975
0.210819
0.214168
0.213281
0.225255
0.251628
0.228738
0.214148
0.231924
0.239464
0.237623
0.248426
0.243523
0.264103
0.262746
0.258237
0.261915
0.247056
0.220367
0.19395
0.173487
0.182469
0.178209
0.176399
0.181554
0.183353
0.150752
0.160028
0.15864
0.167991
0.147681
0.142933
0.153734
0.146556
0.159319
0.14761
0.161271
0.146263
0.163149
0.169547
0.171993
0.18872
0.180698
0.199026
0.20619
0.205667
0.20636
0.197567
0.210908
0.203833
0.170488
0.184635
0.190564
0.180788
0.184885
0.183266
0.20227
0.193024
0.187453
0.218645
0.215788
0.219865
0.22859
0.238497
0.221704
0.218245
0.184623
0.191673
0.185787
0.176813
0.175139
0.178308
0.191754
0.178406
0.193101
0.187455
0.187868
0.190424
0.195069
0.193059
0.172048
0.208858
0.204603
0.206414
0.210903
0.196985
0.202331
0.175977
0.178723
0.165901
0.169221
0.166496
0.156646
0.156089
0.156089
0.158043
0.161537
0.145917
0.159351
0.145827
0.158328
0.136253
0.15151
0.143515
0.140917
0.152479
0.154083
0.145343
0.155479
0.154479
0.140284
0.163324
0.133501
0.13233
0.131657
0.134257
0.109263
0.115089
0.111
0.121215
0.116074
0.134158
0.141983
0.145983
0.177954
0.166901
0.165463
0.178537
0.179467
0.200438
0.199022
0.206546
0.196318
0.174347
0.158626
0.115242
0.113763
0.0815614
0.0945567
0.120597
0.118142
0.125128
0.132418
0.149854
0.165302
0.170187
0.176536
0.168285
0.160931
0.167401
0.159413
0.173005
0.151043
0.169611
0.188769
0.188877
0.194231
0.199342
0.201166
0.206955
0.181908
0.218434
0.183851
0.180343
0.184956
0.170585
0.165675
0.162238
0.162867
0.189037
0.184066
0.197806
0.181434
0.190925
0.201124
0.168123
0.181066
0.186159
0.196764
0.196995
0.181905
0.183174
0.185015
0.144533
0.150879
0.167839
0.15319
0.120622
0.157029
0.152759
0.149914
0.115318
0.114996
0.115842
0.0958199
0.0971029
0.0858001
0.0985493
0.0706405
0.0751923
0.071847
0.072386
0.0869369
0.0721354
0.0653703
0.0884022
0.0609716
0.0759844
0.0773263
0.0742877
0.0666415
0.0617747
0.0660856
0.069228
0.0590822
0.0708094
0.0618884
0.0384255
0.0571464
0.0588607
0.0548795
0.0584709
0.065145
0.078444
0.0729107
0.0680463
0.0722997
0.0564849
0.082849
0.0806625
0.0771323
0.0687882
0.059207
0.0725641
0.0816478
0.0703589
0.080338
0.0842092
0.0845915
0.0835538
0.088573
0.0755353
0.069368
0.0677094
0.0618919
0.0573362
0.04401
0.0544686
0.0516827
0.0588564
0.0514461
0.0538833
0.0489538
0.0450237
0.0538055
0.0728473
0.06802
0.0534393
0.0671923
0.075633
0.0504492
0.058447
0.0711452
0.049912
0.067106
0.0722613
0.0478967
0.0613727
0.0743148
0.0566733
0.0750376
0.0612118
0.0930117
0.10348
0.109506
0.121062
0.130002
0.128243
0.120432
0.110932
0.130909
0.136421
0.12322
0.130091
0.13205
0.14058
0.153573
0.133284
0.162012
0.152005
0.121755
0.164008
0.151974
0.153275
0.17201
0.183706
0.20292
0.194616
0.196515
0.211122
0.22258
0.239131
0.272768
0.260907
0.252503
0.253766
0.240047
0.202875
0.180057
0.162743
0.136995
0.149825
0.144097
0.162185
0.147033
0.167206
0.165342
0.167662
0.164368
0.183176
0.16381
0.170872
0.202014
0.185413
0.173978
0.17484
0.196876
0.156763
0.158691
0.179554
0.201326
0.214752
0.21866
0.200179
0.232827
0.228371
0.202162
0.180655
0.197113
0.158703
0.178566
0.169542
0.166805
0.156632
0.122626
0.116678
0.0956329
0.0770262
0.0806701
0.0723316
0.0575732
0.0446198
0.0402182
0.0279204
0.0165073
0.014942
0.0186832
0.0178675
0.013628
0.0206031
0.0204305
0.0149366
0.018319
0.00587048
0.0162216
0.0123946
0.0175299
0.0242023
0.0237492
0.026567
0.0321335
0.016787
0.011865
0.013946
0.00821967
0.00474663
0.0050845
2.75741e-05
0
0.00482539
0.0122375
0.00537606
0.00451204
0.00581754
0.0047959
0.00301441
0.00527158
0.00542704
0.00897191
0.0140173
0.0168326
0.0208917
0.0134039
0.0198849
0.018415
0.02258
0.0173023
0.0144805
0.0116914
0.0133995
0.0141538
0.018801
0.0141019
0.0109599
0.00900739
0.0142343
0.0149185
0.0216733
0.0169369
0.019708
0.0239607
0.030456
0.0367623
0.0359486
0.0340623
0.0352118
0.029667
0.0291569
0.026899
0.0303709
0.0197115
0.0346761
0.0285616
0.026024
0.0370311
0.0331687
0.0306898
0.027842
0.0223614
0.0306723
0.0277359
0.0327885
0.0337844
0.0384373
0.0368735
0.0496119
0.0361173
0.0399081
0.0383976
0.0334249
0.0282944
0.0293103
0.0306371
0.0283381
0.0298459
0.0387225
0.0399326
0.0351683
0.0320914
0.0330818
0.0337488
0.0275609
0.0343579
0.0298116
0.0303591
0.0381558
0.0497232
0.0618998
0.0538932
0.0575556
0.0564239
0.0626236
0.0704205
0.0747194
0.0674293
0.0719055
0.0620344
0.0679446
0.0644503
0.0736484
0.0697231
0.0670746
0.0784467
0.0720102
0.0752007
0.071704
0.0739015
0.0809053
0.0953569
0.100841
0.110894
0.109571
0.111054
0.105711
0.101458
0.125879
0.115813
0.119777
0.112392
0.106662
0.101213
0.11865
0.111269
0.118278
0.115043
0.109666
0.105458
0.112876
0.114522
0.114507
0.111032
0.118606
0.136434
0.13083
0.141338
0.139813
0.143313
0.136482
0.119911
0.118873
0.102679
0.0975593
0.092304
0.0938216
0.102228
0.0945622
0.102995
0.0947853
0.0984361
0.103355
0.0969858
0.0958509
0.0944212
0.101547
0.101574
0.100536
0.0965693
0.103203
0.104056
0.113702
0.0890431
0.0979988
0.0876407
0.0817116
0.0704978
0.0871486
0.0620782
0.06081
0.0524137
0.0587748
0.0470975
0.0578133
0.057067
0.0648605
0.0613912
0.0653561
0.0590792
0.0486982
0.0589506
0.0585336
0.0554132
0.0601978
0.0540075
0.056768
0.0641891
0.0712175
0.0630406
0.0495183
0.0593613
0.0543376
0.0374629
0.0372795
0.0346948
0.0265553
0.03056
0.0183529
0.0126949
0.0250373
0.0237266
0.0237065
0.0162149
0.0141381
0.0158621
0.0020501
0.0156662
0.0204662
0.0190049
0.0170612
0.0184201
0.0209514
0.018535
0.041063
0.0462722
0.0520608
0.057496
0.0615121
0.039701
0.0415424
0.0550494
0.0558098
0.0440389
0.0487726
0.0394568
0.0299948
0.0320064
0.0281797
0.0223361
0.0225589
0.0254373
0.0251089
0.0176056
0.0174307
0.0235729
0.0197515
0.0168129
0.0119704
0.0172156
0.0177166
0.0165973
0.0220051
0.0105426
0.0317596
0.02254
0.0273551
0.0261815
0.029656
0.0319584
0.0318331
0.0305475
0.0267963
0.0329846
0.016804
0.0175281
0.0192265
0.017964
0.00900856
0.016608
0.0160004
0.0191578
0.013307
0.0233147
0.0216716
0.0190408
0.0181552
0.0206033
0.0172221
0.014268
0.0179213
0.0151982
0.0224416
0.0281679
0.0263451
0.0298521
0.0336634
0.0337496
0.0322425
0.037412
0.0419992
0.0420555
0.0420071
0.0350178
0.0297567
0.0183541
0.0234504
0.025065
0.0195627
0.0272249
0.0213223
0.0205501
0.0207195
0.0151849
0.0204045
0.0178516
0.019238
0.0247155
0.0240606
0.0246971
0.0277451
0.023774
0.0229338
0.0275001
0.0267129
0.0318947
0.0426952
0.0388325
0.0483157
0.0490351
0.0464468
0.0446972
0.052788
0.0555944
0.0541382
0.0496866
0.0495071
0.0507875
0.0438
0.0473153
0.0478456
0.0442653
0.0499435
0.0441324
0.0504389
0.0556248
0.0470252
0.0547541
0.0566184
0.0530834
0.0498138
0.0557059
0.0597334
0.048883
0.0604015
0.0611379
0.0624232
0.0651628
0.0800725
0.088977
0.100167
0.14405
0.241104
0.494891
0.774799
0.910878
0.941311
0.915388
0.775268
0.495307
0.24785
0.147683
0.109876
0.0941056
0.0855403
0.0759225
0.0842091
0.0793667
0.0845167
0.078818
0.0758422
0.0799891
0.0801863
0.0724451
0.0788739
0.0737201
0.0749824
0.0698788
0.0744589
0.0751498
0.0766349
0.0729171
0.069301
0.072097
0.0702221
0.0672421
0.0669697
0.0641973
0.069632
0.0687033
0.0679737
0.0641766
0.0665861
0.0743024
0.064719
0.0668822
0.0644475
0.0583905
0.0656901
0.0647073
0.0725119
0.0656647
0.0678533
0.0712693
0.073533
0.0736421
0.0804572
0.0733426
0.0745423
0.0717762
0.0763767
0.0726619
0.0770711
0.0730949
0.0740633
0.0698393
0.0754423
0.0762155
0.0773072
0.0759826
0.0647875
0.0669793
0.0686401
0.069206
0.0670668
0.0741681
0.0600866
0.0676489
0.071679
0.0615695
0.0641301
0.065237
0.0699686
0.0641135
0.0604776
0.0653456
0.0696863
0.0662156
0.0675556
0.0657074
0.0625411
0.0709755
0.0713772
0.074905
0.0680097
0.0737395
0.0738029
0.0676848
0.0752865
0.0778483
0.0774687
0.073648
0.0773721
0.0779296
0.0814241
0.0795571
0.0794376
0.0848852
0.0861691
0.0683016
0.0811244
0.0933246
0.083996
0.075535
0.0997211
0.0827744
0.0862249
0.0831445
0.0871932
0.0924052
0.0970263
0.104518
0.101485
0.0956904
0.0752059
0.0906567
0.0916972
0.0900039
0.0855534
0.0964203
0.100895
0.0860059
0.0950464
0.0827334
0.090353
0.100877
0.101634
0.0894466
0.0957352
0.102293
0.100059
0.0857489
0.103024
0.100719
0.0790601
0.0925099
0.104442
0.0840018
0.113896
0.100884
0.112545
0.0972159
0.11671
0.0979841
0.115506
0.101148
0.107543
0.113222
0.0729701
0.110403
0.0930357
0.122195
0.128829
0.0994777
0.121017
0.103758
0.11231
0.126934
0.127989
0.117673
0.117819
0.120843
0.14538
0.122196
0.121741
0.114982
0.144455
0.126561
0.158393
0.169535
0.157098
0.139395
0.15666
0.152784
0.126106
0.163669
0.1433
0.142204
0.121429
0.125569
0.0980684
0.105679
0.119063
0.138043
0.0995365
0.103303
0.109505
0.107823
0.108133
0.133398
0.130474
0.118426
0.11549
0.0970987
0.0819866
0.0934325
0.107982
0.0904033
0.114592
0.0891889
0.122176
0.112235
0.111147
0.103849
0.0963115
0.107474
0.105335
0.0870607
0.096527
0.105466
0.129746
0.117242
0.131985
0.137572
0.156254
0.148189
0.139909
0.13449
0.131791
0.118795
0.103436
0.0888403
0.106779
0.0766215
0.0779635
0.0778518
0.109804
0.105272
0.0865851
0.0874081
0.092925
0.0774966
0.0911553
0.0923509
0.100557
0.0936862
0.108125
0.107459
0.101586
0.112836
0.12094
0.137166
0.142967
0.154113
0.171783
0.182185
0.185419
0.214145
0.221854
0.244441
0.271235
0.287479
0.282934
0.280001
0.236651
0.156092
0.0854642
0.0970682
0.081877
0.0753194
0.0702603
0.0661894
0.0852618
0.0833454
0.0815543
0.0691703
0.0880735
0.0819028
0.0812909
0.0702733
0.0731497
0.073727
0.0791886
0.0651484
0.0789483
0.0644689
0.0775185
0.0705272
0.0625283
0.0589066
0.0851103
0.0692835
0.0794317
0.0631596
0.0522514
0.0776258
0.0695451
0.078346
0.0737618
0.0758905
0.0711671
0.0653295
0.0744788
0.0708215
0.0738867
0.0753413
0.0632576
0.0732337
0.073668
0.0716827
0.0744788
0.0724312
0.0724563
0.0648621
0.0785242
0.0772125
0.0823245
0.0801118
0.0815604
0.0699501
0.0730725
0.0740989
0.077051
0.0682292
0.0731145
0.0607795
0.0709388
0.0530104
0.0565484
0.0738486
0.0648265
0.0640373
0.0664867
0.0658863
0.0742807
0.0625968
0.0731784
0.0672474
0.0650346
0.0713519
0.0672876
0.0652732
0.0705525
0.0726406
0.0739911
0.0723126
0.0654222
0.0593682
0.0623286
0.0691124
0.0609288
0.0637024
0.0582108
0.0629721
0.0645402
0.0646461
0.0735973
0.0715747
0.0724515
0.0718396
0.0799801
0.0744022
0.0848405
0.0873116
0.0836595
0.0884406
0.0848655
0.0907662
0.0885347
0.107391
0.104595
0.0987324
0.111218
0.126476
0.11699
0.119443
0.127162
0.137309
0.138509
0.123573
0.114312
0.094047
0.0819119
0.0823032
0.0592189
0.0689828
0.0672594
0.0687562
0.0611048
0.0596041
0.0659472
0.0648833
0.0593942
0.0639847
0.0604535
0.0679907
0.0653087
0.0787914
0.0720347
0.0779682
0.0778438
0.0816176
0.0763697
0.086738
0.0959765
0.0969028
0.10028
0.102673
0.113049
0.114264
0.122881
0.139659
0.148388
0.154618
0.173092
0.179909
0.190414
0.182268
0.188845
0.174187
0.175759
0.152585
0.140818
0.12839
0.115588
0.114022
0.0984129
0.0970852
0.0997678
0.0996963
0.0914042
0.0928912
0.0785981
0.0933856
0.0992131
0.0973649
0.097974
0.0868347
0.100402
0.103726
0.110943
0.111266
0.113681
0.118922
0.114979
0.124389
0.122114
0.130714
0.139311
0.14176
0.153267
0.150067
0.157134
0.175495
0.172591
0.186338
0.184574
0.202836
0.216116
0.225709
0.229442
0.220947
0.210637
0.191502
0.179473
0.170093
0.146334
0.136867
0.132961
0.114644
0.11533
0.123707
0.10941
0.109263
0.111036
0.114803
0.114622
0.118998
0.10876
0.106789
0.0920602
0.0954185
0.0962482
0.0936316
0.0930092
0.097971
0.100954
0.0886741
0.0987717
0.079394
0.0928206
0.0832562
0.0828271
0.0895748
0.07705
0.0889479
0.0823405
0.084926
0.0849247
0.0941338
0.0883871
0.0875132
0.0800507
0.0773852
0.0898412
0.0888846
0.0929004
0.0880933
0.0819746
0.0899476
0.0872915
0.0939957
0.0898528
0.0848355
0.0894926
0.0920193
0.0939432
0.0868155
0.0805823
0.0789767
0.0816789
0.0953034
0.101586
0.088959
0.0876255
0.0939218
0.100289
0.0867994
0.0855478
0.0727028
0.0702514
0.0734177
0.0675522
0.0674695
0.0631107
0.0678167
0.0638168
0.071884
0.0738549
0.0754763
0.0863705
0.1039
0.111549
0.115589
0.131281
0.15187
0.167024
0.168136
0.154594
0.188928
0.186962
0.186139
0.21027
0.18812
0.211751
0.224636
0.227896
0.230993
0.227513
0.188076
0.196277
0.185549
0.169957
0.166896
0.171614
0.138733
0.130164
0.124568
0.132115
0.146072
0.146893
0.149226
0.131856
0.142792
0.172097
0.167078
0.175511
0.173611
0.189755
0.189753
0.184918
0.184719
0.186935
0.182686
0.18405
0.174004
0.175572
0.178721
0.179922
0.173057
0.162996
0.146938
0.163622
0.134284
0.132977
0.13295
0.155397
0.117711
0.166037
0.161747
0.209574
0.159953
0.168513
0.142362
0.18173
0.188049
0.200762
0.181344
0.233577
0.185829
0.215158
0.221014
0.197642
0.207442
0.210025
0.204759
0.239252
0.249972
0.218626
0.268785
0.252757
0.235259
0.23133
0.267228
0.244178
0.248213
0.250111
0.26545
0.279237
0.290304
0.282254
0.298485
0.273254
0.252437
0.278239
0.262028
0.254207
0.222794
0.222482
0.219159
0.184405
0.156805
0.18983
0.166212
0.132893
0.181221
0.17088
0.171748
0.141745
0.127305
0.158733
0.171993
0.156067
0.129276
0.178028
0.173552
0.154655
0.162155
0.180616
0.175621
0.202734
0.211547
0.219747
0.208994
0.234894
0.218575
0.282036
0.226749
0.218211
0.261647
0.268311
0.278756
0.313022
0.32791
0.288552
0.294282
0.282498
0.337926
0.302577
0.337614
0.330374
0.32889
0.340054
0.323423
0.331382
0.329378
0.331211
0.33493
0.321129
0.324076
0.310214
0.278983
0.300462
0.277282
0.280027
0.244451
0.21349
0.171984
0.155741
0.171303
0.168542
0.165024
0.155323
0.149754
0.0915065
0.161997
0.113325
0.109218
0.128178
0.105468
0.0992556
0.151298
0.125995
0.111096
0.109828
0.124043
0.134951
0.154915
0.134196
0.138696
0.109851
0.141305
0.114455
0.166014
0.14078
0.148334
0.13576
0.188667
0.144959
0.176324
0.160835
0.155589
0.134297
0.185899
0.140967
0.155033
0.192405
0.154565
0.167578
0.144012
0.216075
0.170233
0.165945
0.153811
0.148886
0.192768
0.17252
0.205413
0.210851
0.218924
0.187003
0.147828
0.15083
0.161007
0.151106
0.15868
0.158441
0.176258
0.169721
0.136342
0.154193
0.19141
0.131627
0.207038
0.155271
0.183822
0.154891
0.186327
0.201926
0.117512
0.129181
0.145115
0.196321
0.153406
0.132817
0.0705633
0.129868
0.163848
0.121356
0.190444
0.144818
0.17183
0.125696
0.139572
0.103279
0.131687
0.164898
0.124728
0.171859
0.128071
0.134794
0.149664
0.15035
0.106925
0.163651
0.18404
0.18422
0.173799
0.181917
0.193415
0.189777
0.156643
0.1894
0.156755
0.200532
0.200048
0.120306
0.196568
0.200806
0.185784
0.180759
0.188704
0.210872
0.210577
0.190944
0.198124
0.234452
0.199534
0.18995
0.196242
0.177857
0.179014
0.210512
0.227158
0.156706
0.190056
0.200617
0.15609
0.10057
0.13838
0.133791
0.104447
0.076978
0.0824205
0.0525969
0.0652021
