0.195575
0.19604
0.207816
0.203007
0.205441
0.212677
0.215003
0.222972
0.230158
0.23399
0.240292
0.249291
0.249269
0.255839
0.265823
0.268553
0.273012
0.272675
0.277347
0.270793
0.265471
0.270717
0.282141
0.283024
0.300449
0.302471
0.31811
0.321907
0.327263
0.335641
0.338582
0.342394
0.351198
0.355143
0.360154
0.367418
0.371193
0.370165
0.363168
0.357619
0.351843
0.340524
0.345459
0.36257
0.369303
0.385225
0.391566
0.404078
0.406889
0.412788
0.406402
0.372415
0.348135
0.342992
0.342574
0.343542
0.3709
0.438408
0.440126
0.423976
0.398985
0.33702
0.283323
0.260958
0.239195
0.224301
0.199486
0.19044
0.187034
0.17988
0.181475
0.164838
0.168723
0.160436
0.157845
0.15609
0.16037
0.166181
0.171983
0.171614
0.180802
0.186024
0.188869
0.189445
0.190414
0.191496
0.19827
0.198381
0.205425
0.213191
0.225813
0.236133
0.244605
0.263171
0.282807
0.307732
0.343665
0.367745
0.379686
0.396168
0.405112
0.393912
0.390312
0.357819
0.316638
0.278556
0.257685
0.258389
0.261576
0.268343
0.270336
0.275996
0.279595
0.281076
0.281877
0.27844
0.278721
0.266583
0.260733
0.261628
0.268143
0.27333
0.281807
0.287727
0.295938
0.302246
0.314774
0.316528
0.328561
0.33309
0.339814
0.341775
0.345091
0.345238
0.344774
0.345737
0.359115
0.368567
0.363637
0.357021
0.324589
0.302727
0.290836
0.292432
0.292222
0.300676
0.311864
0.322716
0.344583
0.352084
0.366653
0.378925
0.383989
0.40309
0.404897
0.414015
0.409644
0.418766
0.419739
0.420339
0.422568
0.428939
0.428975
0.413775
0.380009
0.318726
0.248265
0.198365
0.169823
0.156963
0.146397
0.146685
0.141981
0.14848
0.143664
0.154672
0.160023
0.168379
0.171339
0.179948
0.190994
0.20431
0.200479
0.212647
0.206191
0.188446
0.185129
0.184624
0.177179
0.181613
0.178692
0.180626
0.181151
0.188199
0.187566
0.196172
0.194439
0.19005
0.191912
0.185804
0.179855
0.158612
0.155424
0.159125
0.171404
0.172882
0.177586
0.174216
0.189531
0.194899
0.208575
0.212442
0.227482
0.224134
0.238114
0.244381
0.241524
0.2443
0.256114
0.261423
0.264021
0.261709
0.259751
0.248959
0.230831
0.22245
0.211494
0.209044
0.220481
0.223956
0.227903
0.22834
0.23365
0.240678
0.259943
0.263535
0.282317
0.282652
0.286558
0.291454
0.309305
0.314864
0.338303
0.33673
0.341865
0.351333
0.360816
0.369708
0.372022
0.380551
0.384928
0.397641
0.400663
0.416377
0.409698
0.370693
0.321368
0.270377
0.245632
0.23856
0.227687
0.226254
0.23964
0.2391
0.257796
0.260276
0.260406
0.27352
0.281702
0.277027
0.290581
0.307957
0.317426
0.326834
0.335641
0.332799
0.336282
0.345399
0.333347
0.33117
0.32067
0.297753
0.253088
0.216892
0.189708
0.170533
0.170467
0.181321
0.192157
0.178735
0.203252
0.214132
0.214797
0.21681
0.229013
0.222206
0.218701
0.220388
0.214593
0.21739
0.209141
0.185628
0.187254
0.188864
0.181187
0.18221
0.186889
0.182187
0.182944
0.191334
0.188159
0.201598
0.196625
0.180894
0.182738
0.190492
0.176169
0.165478
0.165451
0.173649
0.171336
0.176183
0.179289
0.17859
0.169611
0.168894
0.169729
0.184558
0.176827
0.18432
0.17192
0.188842
0.19749
0.208533
0.218112
0.223034
0.226766
0.229165
0.236333
0.234798
0.243996
0.257243
0.26045
0.252494
0.240823
0.221116
0.200591
0.220866
0.217158
0.221327
0.196386
0.193928
0.184025
0.18317
0.175352
0.19551
0.200037
0.208078
0.201324
0.207933
0.204092
0.223745
0.216288
0.213462
0.226367
0.217685
0.23169
0.243993
0.254765
0.27297
0.280477
0.286276
0.304843
0.305294
0.316494
0.319576
0.318116
0.303603
0.295887
0.259168
0.209767
0.18827
0.17289
0.169997
0.182852
0.176147
0.176567
0.174087
0.185544
0.1872
0.181093
0.189061
0.192486
0.179635
0.179318
0.181285
0.174997
0.174856
0.185613
0.177615
0.183771
0.184999
0.178212
0.184266
0.195057
0.184683
0.198419
0.211792
0.233656
0.259398
0.29165
0.319119
0.305472
0.345863
0.353898
0.335533
0.333896
0.305793
0.281032
0.264237
0.262742
0.259339
0.272316
0.262592
0.286034
0.280014
0.277322
0.265383
0.260262
0.269999
0.279218
0.278691
0.277832
0.267663
0.25806
0.239452
0.224507
0.212198
0.21463
0.220444
0.221284
0.214232
0.219921
0.205298
0.222089
0.199816
0.223989
0.204142
0.20997
0.220982
0.213628
0.208656
0.206644
0.206414
0.214294
0.198921
0.220471
0.207921
0.211792
0.215463
0.229701
0.222905
0.235046
0.230983
0.23457
0.234217
0.250036
0.234494
0.251805
0.248436
0.254181
0.261181
0.266962
0.265751
0.270298
0.276811
0.283224
0.297495
0.331686
0.339845
0.365307
0.414846
0.440824
0.418667
0.40247
0.360469
0.354459
0.293133
0.26549
0.239098
0.243641
0.291297
0.329508
0.407436
0.506723
0.591238
0.600866
0.625172
0.590789
0.514063
0.366324
0.266396
0.242527
0.221807
0.207286
0.213187
0.204331
0.197946
0.201196
0.207539
0.237961
0.220401
0.215225
0.226314
0.220161
0.24284
0.239087
0.239011
0.248628
0.26028
0.256624
0.26221
0.23159
0.222504
0.194733
0.16475
0.170595
0.193316
0.175535
0.164524
0.175143
0.149603
0.149257
0.162451
0.162629
0.132861
0.136949
0.138869
0.144465
0.152488
0.14578
0.142447
0.135848
0.16667
0.166577
0.176709
0.191189
0.190472
0.17562
0.201129
0.18824
0.208667
0.207275
0.195365
0.181672
0.184592
0.178982
0.187027
0.16847
0.156831
0.170915
0.177433
0.188306
0.189515
0.206262
0.215654
0.227968
0.223888
0.216116
0.215576
0.202716
0.179704
0.176425
0.178143
0.17227
0.192313
0.181203
0.186045
0.189218
0.183673
0.1824
0.185343
0.177333
0.192968
0.177859
0.177567
0.202696
0.200839
0.200626
0.201364
0.194246
0.192202
0.168826
0.187475
0.177966
0.165319
0.142811
0.175722
0.147217
0.161811
0.155993
0.146621
0.153654
0.155012
0.14577
0.150503
0.149947
0.150025
0.141234
0.137492
0.152305
0.144275
0.137517
0.151433
0.14412
0.139439
0.160102
0.145101
0.147111
0.134727
0.136943
0.113654
0.118029
0.112134
0.1165
0.104334
0.123945
0.146288
0.139542
0.175691
0.161558
0.163036
0.190041
0.178232
0.182024
0.204829
0.188467
0.180276
0.166742
0.15749
0.114444
0.108306
0.0904139
0.110393
0.124842
0.118833
0.121837
0.131784
0.145347
0.163461
0.149936
0.156821
0.157735
0.152718
0.178589
0.138748
0.14197
0.15912
0.157953
0.165884
0.174244
0.192492
0.177112
0.205787
0.196007
0.15683
0.209374
0.175592
0.18763
0.178435
0.156235
0.161313
0.165279
0.176988
0.191268
0.190984
0.191513
0.182725
0.181083
0.1852
0.168914
0.174701
0.189838
0.198614
0.193003
0.192166
0.177293
0.168977
0.151434
0.158077
0.147125
0.148335
0.125828
0.130555
0.146224
0.137086
0.1103
0.111669
0.110822
0.0974015
0.0956829
0.0944387
0.0864285
0.0965898
0.0835654
0.0766907
0.0766327
0.0906373
0.0677994
0.0615804
0.0677604
0.0645336
0.0618473
0.0746862
0.0763252
0.0690747
0.0603542
0.0723943
0.0618224
0.0581093
0.0610718
0.0557824
0.0441342
0.0526239
0.0540075
0.0553527
0.0643058
0.0784465
0.0735753
0.0689313
0.0639262
0.0530711
0.0581041
0.0861966
0.0717325
0.0644691
0.0810671
0.0639462
0.075186
0.0652557
0.0754793
0.0793292
0.0872087
0.0782922
0.0718042
0.077043
0.0797653
0.0703834
0.0649856
0.0550547
0.0503766
0.0368282
0.0436135
0.0455912
0.0594931
0.0601418
0.053255
0.0473143
0.0526429
0.0554062
0.0729424
0.0613586
0.0611754
0.0602598
0.0766596
0.048955
0.0455714
0.0453092
0.0493178
0.0657292
0.0686719
0.0492823
0.0602352
0.0584983
0.0537994
0.0639156
0.0701306
0.0762267
0.0893497
0.111412
0.129677
0.112815
0.113094
0.116377
0.103079
0.132662
0.138263
0.129378
0.131366
0.123453
0.135507
0.134205
0.130075
0.140147
0.142743
0.11792
0.163263
0.150908
0.152108
0.163338
0.169379
0.187949
0.178705
0.189876
0.210418
0.219073
0.227859
0.244276
0.268349
0.258372
0.234065
0.199649
0.192022
0.172475
0.152099
0.140344
0.131371
0.1393
0.166604
0.140077
0.138128
0.158754
0.169297
0.168066
0.179113
0.17317
0.179045
0.188958
0.195688
0.170102
0.163492
0.176611
0.165944
0.16949
0.184572
0.185722
0.196411
0.243121
0.212072
0.202695
0.233492
0.202443
0.185455
0.185273
0.154649
0.170502
0.159976
0.166145
0.167967
0.113721
0.111538
0.0975033
0.0817059
0.0741431
0.0591591
0.053157
0.0437959
0.0413514
0.0259981
0.0148439
0.0144633
0.0178894
0.0104652
0.0168264
0.0181257
0.0163671
0.0124378
0.0164356
0.00701525
0.0185873
0.014042
0.0188992
0.0251779
0.0275561
0.0281566
0.029239
0.0140649
0.0167638
0.0179794
0.00281772
0.00204487
0.00462225
0.00219889
0.005037
0.00748875
0.00619921
0.0063393
0.00354133
0.00321068
0.00198966
0
0.00518492
0.00468246
0.0126038
0.0176335
0.0189459
0.0214349
0.01278
0.017564
0.0193275
0.0181101
0.0104468
0.0123925
0.00837256
0.0141812
0.0101878
0.0159833
0.0161926
0.0127248
0.0118268
0.0147264
0.0145171
0.0137425
0.0164857
0.0190698
0.0273099
0.0219227
0.0314423
0.0233068
0.0310999
0.0195369
0.0257549
0.0240136
0.0198141
0.029105
0.0188022
0.0281381
0.0298575
0.0278743
0.0297428
0.03414
0.0277883
0.024774
0.0246371
0.0254014
0.0292347
0.0236067
0.0258716
0.0406874
0.0312554
0.0423319
0.0372717
0.0327474
0.0235433
0.0279108
0.0249202
0.0269153
0.033366
0.0281327
0.0340306
0.0310438
0.0287665
0.0345912
0.0331148
0.0354549
0.0290975
0.0307968
0.0326638
0.0294874
0.0291967
0.0446177
0.051398
0.0550633
0.0513157
0.056601
0.0521329
0.0594905
0.0665446
0.0644421
0.0667438
0.0610494
0.0593231
0.0627097
0.0672812
0.0687777
0.0656905
0.0612195
0.0707772
0.0780878
0.0727302
0.0704131
0.0766272
0.0771806
0.0916385
0.0938247
0.110248
0.102748
0.112214
0.0994873
0.118209
0.117391
0.126935
0.113149
0.106721
0.10538
0.102105
0.118329
0.111239
0.120015
0.105763
0.0990093
0.104564
0.110758
0.107306
0.11171
0.11517
0.111937
0.121245
0.128294
0.141969
0.144018
0.124757
0.122208
0.128421
0.107007
0.102855
0.0849624
0.0935136
0.0993594
0.098067
0.099912
0.0925442
0.0948427
0.0927558
0.0978959
0.0907297
0.0859663
0.086188
0.101593
0.0884285
0.0985323
0.094534
0.100898
0.108114
0.0978817
0.0931599
0.0875166
0.0881056
0.0782606
0.0682
0.0801174
0.070016
0.0610294
0.0585387
0.0539171
0.0458789
0.0616246
0.0573642
0.0618801
0.0596526
0.0532322
0.0470037
0.0577621
0.0463103
0.0558324
0.060928
0.0656357
0.0581371
0.0633326
0.0598792
0.0716282
0.0548854
0.0468731
0.0592132
0.0570691
0.0393375
0.0258888
0.0307372
0.028737
0.0192465
0.0178122
0.00866141
0.0219638
0.0198605
0.0170025
0.0180049
0.0132225
0.01318
0.000872563
0.0108286
0.0212338
0.0145974
0.0181632
0.0125314
0.0281478
0.0254782
0.0361327
0.0419051
0.0493408
0.0436807
0.0639531
0.0477869
0.0524423
0.0449044
0.0553881
0.0426659
0.0466238
0.0376548
0.0275295
0.0365027
0.0235349
0.0152347
0.0252229
0.0252226
0.027128
0.00847929
0.0231341
0.0158258
0.0200547
0.0148812
0.0127405
0.0132488
0.0125133
0.0204735
0.022243
0.0208805
0.0322756
0.0156403
0.0244672
0.0272023
0.0177848
0.0295787
0.0225485
0.0156346
0.0192922
0.0249341
0.0186817
0.0150617
0.0201812
0.0222382
0.00747785
0.018917
0.0236455
0.0119328
0.0163595
0.0222537
0.0191029
0.0140077
0.0186429
0.0225103
0.0171307
0.0135345
0.02051
0.0150125
0.0284164
0.0202433
0.0173613
0.0276701
0.0288983
0.0362389
0.0314958
0.0389848
0.0331959
0.0450608
0.034658
0.0292892
0.0218215
0.0299411
0.0183756
0.0303252
0.0251361
0.0252385
0.0254429
0.0224618
0.0172113
0.0133416
0.0195826
0.0154584
0.016799
0.026988
0.0239691
0.0182144
0.0351634
0.028004
0.0274329
0.0283715
0.0326916
0.0298156
0.0352985
0.0364533
0.0429719
0.0354286
0.0470939
0.0469909
0.0456848
0.0559995
0.0528492
0.044901
0.0492317
0.051355
0.0406163
0.0446285
0.0489281
0.0483861
0.0489225
0.0464719
0.0422339
0.045196
0.0438497
0.045233
0.0573091
0.051342
0.0528617
0.0476635
0.0517757
0.0559853
0.0568156
0.0623593
0.0594875
0.0656368
0.0751869
0.0851758
0.0979758
0.134752
0.232506
0.466694
0.726126
0.847352
0.880579
0.847464
0.721416
0.462277
0.226715
0.132514
0.107084
0.0852628
0.0867564
0.0742971
0.0808611
0.0741343
0.0766279
0.0808235
0.0747543
0.0754555
0.0778401
0.0718246
0.0781701
0.0697314
0.0705485
0.0714284
0.0706158
0.0701777
0.07171
0.0733197
0.0631849
0.0722147
0.069773
0.0594401
0.0618393
0.0659558
0.0663906
0.0584029
0.0625745
0.0614
0.0647298
0.0658002
0.0524426
0.0595847
0.0655539
0.065307
0.0655644
0.0641797
0.0684179
0.0682821
0.065936
0.0666591
0.0698634
0.0696795
0.0740293
0.069626
0.0692218
0.0708
0.0700632
0.0755327
0.0734831
0.0707145
0.0730024
0.0689146
0.0677682
0.0675069
0.0778314
0.0777309
0.0660267
0.0570368
0.0638897
0.0705436
0.0629611
0.0632244
0.0580671
0.0577674
0.0663796
0.0640379
0.0594949
0.0579779
0.0632338
0.067725
0.065201
0.0646908
0.0666994
0.0559957
0.0633417
0.0613067
0.0633885
0.0663743
0.0582923
0.0657258
0.0677179
0.069837
0.0694095
0.0622594
0.0666572
0.0663506
0.0672247
0.0688902
0.0741276
0.0769784
0.0775149
0.0743365
0.0837151
0.0783511
0.0806793
0.0684348
0.0818797
0.0970734
0.0804888
0.0784066
0.0865182
0.0674261
0.0747996
0.0837719
0.0873581
0.0794413
0.0871164
0.101529
0.0947916
0.0881041
0.0787803
0.0927327
0.0957011
0.0940336
0.0766825
0.0867809
0.094473
0.0800988
0.0879158
0.0783483
0.0929997
0.0936144
0.0932336
0.0870267
0.088337
0.0877915
0.0965191
0.0771823
0.0887773
0.0968644
0.0896909
0.0933538
0.0906484
0.0848285
0.107505
0.0854458
0.0916255
0.11631
0.114657
0.0959247
0.107366
0.116267
0.116025
0.104026
0.087811
0.0986036
0.101838
0.0995007
0.105168
0.123404
0.116444
0.0841985
0.115153
0.115252
0.120655
0.107725
0.0848648
0.0968266
0.103312
0.115607
0.119232
0.114545
0.119755
0.139133
0.163068
0.155483
0.164426
0.141146
0.161189
0.123455
0.151401
0.144117
0.127821
0.12104
0.134967
0.115783
0.128318
0.114666
0.121212
0.127081
0.116082
0.0890219
0.110934
0.0976015
0.107688
0.0914316
0.124995
0.107293
0.108711
0.0931944
0.0780366
0.107432
0.103174
0.100542
0.11568
0.0999766
0.105743
0.109338
0.11167
0.0991716
0.0857769
0.0988102
0.114488
0.120457
0.098478
0.104896
0.113505
0.119535
0.145906
0.117127
0.154901
0.140878
0.147711
0.1349
0.135346
0.129612
0.134036
0.0894498
0.0967872
0.096672
0.0842426
0.0844992
0.0884356
0.094563
0.0741974
0.0640498
0.0893704
0.0877789
0.0957112
0.0907485
0.0923566
0.0988361
0.105764
0.116384
0.100105
0.111187
0.103794
0.133193
0.123016
0.160238
0.164074
0.172861
0.184764
0.20705
0.212501
0.233639
0.260218
0.275136
0.254369
0.265496
0.226609
0.144386
0.0816656
0.0755454
0.0783558
0.0731571
0.0740098
0.0644643
0.0714276
0.0734399
0.0716973
0.0658194
0.0860636
0.0675029
0.0856763
0.0690586
0.0681237
0.063254
0.0679221
0.0651479
0.0647412
0.0821087
0.0728622
0.0785205
0.0726021
0.0656594
0.0797256
0.0620607
0.0734892
0.0714058
0.0660512
0.0691802
0.0665929
0.066955
0.0751977
0.0688136
0.0678172
0.0663188
0.069325
0.0717809
0.0699209
0.075265
0.060266
0.0690302
0.0755228
0.0703714
0.0689163
0.0629487
0.0701245
0.0676427
0.0812941
0.0733137
0.0788071
0.070512
0.0672608
0.0719253
0.0624027
0.0704931
0.0557918
0.060196
0.0588743
0.0621172
0.0713318
0.0520906
0.0465012
0.0583797
0.0608312
0.0583165
0.0604647
0.0620972
0.0569342
0.071464
0.072237
0.0683613
0.0641251
0.0706002
0.0710297
0.0705046
0.0718867
0.0706232
0.0689867
0.0664189
0.0643473
0.0584831
0.0589843
0.0589694
0.0573097
0.0576537
0.0621273
0.0577441
0.0580842
0.057846
0.0630079
0.068559
0.0686689
0.0651343
0.072111
0.0718379
0.0831152
0.0729445
0.0847917
0.0787318
0.0764804
0.0819178
0.0901624
0.0959498
0.0931486
0.0986326
0.110494
0.114775
0.114872
0.111893
0.132842
0.134557
0.121877
0.117177
0.105838
0.0816349
0.0725268
0.0768554
0.0662821
0.0557465
0.0648259
0.0580177
0.0631487
0.0583532
0.0523783
0.061323
0.0580379
0.0618632
0.0667623
0.0615738
0.065946
0.0653987
0.0716759
0.0745262
0.0763898
0.0764299
0.0759645
0.0811455
0.0904031
0.095743
0.0933287
0.0996684
0.112319
0.114315
0.114189
0.131018
0.138356
0.154026
0.166957
0.166092
0.179599
0.171743
0.181707
0.173347
0.165357
0.147799
0.128398
0.118342
0.1017
0.10966
0.0903494
0.100335
0.094171
0.0959238
0.0906074
0.0877887
0.0852889
0.0878624
0.0945268
0.0979344
0.0961513
0.0874458
0.0983599
0.0960687
0.107778
0.103458
0.104972
0.108769
0.10918
0.123533
0.121094
0.131553
0.126806
0.140216
0.143483
0.144306
0.148
0.16358
0.171976
0.176534
0.177412
0.195701
0.208056
0.216568
0.217296
0.208786
0.203193
0.180637
0.177852
0.155793
0.140879
0.133326
0.118882
0.112532
0.111818
0.112302
0.105502
0.109047
0.10857
0.104706
0.109475
0.115642
0.099541
0.105441
0.0941368
0.0838955
0.0988219
0.0978308
0.101671
0.0913092
0.0946611
0.0767894
0.0859426
0.0798646
0.0896281
0.0855758
0.0849419
0.0881001
0.0780361
0.0843525
0.085802
0.0840582
0.0787638
0.0799044
0.083587
0.0879367
0.0858728
0.0790285
0.0831733
0.082524
0.0876085
0.0892954
0.0881302
0.083397
0.0870871
0.0897461
0.0849307
0.0827447
0.0812812
0.083325
0.0917873
0.0900856
0.0887226
0.0745349
0.0861923
0.0894003
0.0882508
0.0896264
0.0856323
0.092011
0.0888848
0.0904208
0.0894831
0.0779772
0.0715478
0.076802
0.0640598
0.0663421
0.0633703
0.0657631
0.0712627
0.0707656
0.0736482
0.080748
0.0913315
0.0943213
0.112428
0.109564
0.126309
0.144348
0.148986
0.157837
0.17188
0.173217
0.169334
0.163142
0.17428
0.201173
0.19878
0.208928
0.226351
0.212854
0.226506
0.189356
0.198286
0.168891
0.155162
0.161111
0.149227
0.126004
0.11811
0.118749
0.110562
0.124391
0.152227
0.131177
0.143687
0.146601
0.147257
0.164459
0.170853
0.160374
0.176671
0.181202
0.182131
0.176229
0.163343
0.177494
0.167393
0.164666
0.170496
0.178167
0.152202
0.151042
0.181522
0.136212
0.14674
0.144687
0.139103
0.113189
0.154454
0.115067
0.167857
0.148401
0.1596
0.1785
0.194492
0.162173
0.208662
0.180939
0.193951
0.17875
0.203434
0.179029
0.193651
0.216218
0.203232
0.20888
0.201547
0.2144
0.233805
0.265711
0.205613
0.219577
0.232349
0.23658
0.231358
0.247725
0.228474
0.248566
0.252609
0.256023
0.276937
0.264868
0.25634
0.272256
0.253938
0.238694
0.264192
0.247049
0.232504
0.217985
0.192648
0.199469
0.189733
0.176947
0.173923
0.139604
0.147456
0.143187
0.158033
0.145148
0.124332
0.127294
0.158165
0.139264
0.121826
0.133005
0.147508
0.175872
0.130747
0.165411
0.196056
0.15411
0.150941
0.209282
0.209945
0.192513
0.228977
0.220964
0.231671
0.224165
0.208952
0.235294
0.283759
0.278378
0.275992
0.297597
0.271346
0.294758
0.290613
0.334854
0.29429
0.321581
0.311657
0.324457
0.322202
0.322221
0.333287
0.319692
0.331352
0.329592
0.299694
0.329853
0.31052
0.28996
0.267601
0.267482
0.248438
0.22235
0.217973
0.150337
0.121916
0.147589
0.169706
0.133996
0.151239
0.0978783
0.124918
0.112857
0.105454
0.112546
0.103299
0.138592
0.10571
0.13667
0.114448
0.103926
0.117614
0.0929948
0.153036
0.140472
0.169324
0.117874
0.109286
0.110683
0.143286
0.15302
0.134705
0.155076
0.149493
0.152402
0.128059
0.194993
0.187384
0.137562
0.0996263
0.140451
0.13065
0.160039
0.155141
0.131167
0.116627
0.151325
0.201379
0.161039
0.185121
0.11973
0.0891356
0.162556
0.153717
0.18852
0.19195
0.170587
0.188547
0.127103
0.149192
0.153528
0.115072
0.127951
0.167569
0.156294
0.139536
0.133455
0.152367
0.141992
0.109886
0.152136
0.13347
0.158966
0.132801
0.128948
0.152759
0.124687
0.143758
0.151686
0.206766
0.165933
0.150002
0.11959
0.114443
0.167726
0.162487
0.20961
0.15669
0.178788
0.136736
0.146597
0.114476
0.151672
0.139553
0.16366
0.191649
0.173914
0.106841
0.110564
0.096751
0.128859
0.21294
0.167383
0.173872
0.197815
0.189225
0.187633
0.135015
0.13501
0.184126
0.146351
0.197361
0.166351
0.153564
0.183112
0.152649
0.150757
0.200418
0.196857
0.198768
0.210002
0.183119
0.194505
0.222895
0.189824
0.221359
0.161691
0.200849
0.166667
0.191852
0.181321
0.140513
0.157349
0.203568
0.149551
0.094063
0.144264
0.119213
0.0841662
0.0848956
0.0860861
0.0646425
0.0567995
