0.205908
0.212543
0.214856
0.216652
0.225383
0.223875
0.222633
0.231241
0.233162
0.242931
0.24772
0.260868
0.265064
0.266385
0.276868
0.279828
0.283579
0.293202
0.291439
0.288913
0.28953
0.284578
0.292627
0.3001
0.303873
0.315764
0.327073
0.335145
0.340226
0.34828
0.354566
0.357464
0.368531
0.375137
0.3802
0.38643
0.388973
0.390302
0.385603
0.379752
0.370369
0.363289
0.363094
0.380094
0.388817
0.398974
0.409054
0.418581
0.423059
0.432489
0.424181
0.392332
0.369122
0.364048
0.363221
0.364389
0.391741
0.462599
0.468291
0.447934
0.424789
0.365187
0.313345
0.265204
0.247779
0.234938
0.210636
0.20666
0.199659
0.191323
0.186806
0.168702
0.172904
0.170325
0.165775
0.163193
0.168448
0.169801
0.184202
0.182918
0.187403
0.196799
0.201669
0.200648
0.201366
0.198153
0.206018
0.206068
0.216463
0.223681
0.234783
0.249683
0.254792
0.27873
0.297469
0.330894
0.361421
0.386551
0.401104
0.417472
0.425822
0.41637
0.404734
0.370293
0.334788
0.29248
0.270504
0.267021
0.270562
0.277216
0.281945
0.290228
0.293957
0.294702
0.294385
0.299016
0.288566
0.279031
0.274764
0.272544
0.277411
0.281432
0.297672
0.298822
0.311457
0.31168
0.323035
0.32697
0.336819
0.343541
0.350735
0.356013
0.360313
0.363629
0.364493
0.366095
0.378151
0.388394
0.387522
0.375971
0.345797
0.321288
0.31165
0.309517
0.3081
0.312133
0.334733
0.341658
0.353886
0.363258
0.378542
0.390209
0.403169
0.411718
0.423038
0.428749
0.430996
0.436144
0.440217
0.437913
0.440669
0.444896
0.451821
0.436045
0.403594
0.338383
0.256246
0.209459
0.176965
0.165509
0.15037
0.152345
0.14926
0.149602
0.155517
0.154451
0.162924
0.178952
0.186343
0.199024
0.199494
0.220616
0.211667
0.207881
0.212165
0.193344
0.194651
0.186828
0.181395
0.185959
0.183753
0.186047
0.187519
0.192239
0.198888
0.206858
0.209291
0.201884
0.202503
0.193253
0.187013
0.173759
0.166405
0.171143
0.173913
0.18186
0.190315
0.192852
0.186202
0.207945
0.220659
0.223234
0.234698
0.232267
0.243778
0.25031
0.25178
0.251916
0.26845
0.269988
0.275646
0.275245
0.275665
0.272276
0.246277
0.234339
0.219927
0.220711
0.225453
0.234223
0.233133
0.237375
0.245742
0.24534
0.26864
0.277089
0.293984
0.297539
0.301297
0.308369
0.325977
0.331001
0.347235
0.347937
0.357719
0.366565
0.378645
0.385255
0.393063
0.394694
0.404835
0.415814
0.432841
0.438011
0.430255
0.398833
0.334052
0.276186
0.25532
0.244978
0.241023
0.239527
0.246195
0.247813
0.261647
0.267832
0.269978
0.287946
0.29436
0.294944
0.302201
0.322134
0.330536
0.344012
0.342755
0.347906
0.34618
0.352813
0.350476
0.344011
0.332322
0.303498
0.26746
0.23126
0.192804
0.184184
0.182588
0.191239
0.197976
0.190539
0.211663
0.213377
0.223813
0.226074
0.245221
0.235228
0.231609
0.216554
0.22628
0.223268
0.207048
0.190564
0.200333
0.18653
0.185636
0.183083
0.187917
0.190601
0.190996
0.194085
0.193041
0.20772
0.208886
0.19698
0.207645
0.196295
0.18692
0.183198
0.177383
0.175999
0.162805
0.174961
0.179974
0.188007
0.176236
0.178829
0.174679
0.188916
0.184303
0.189552
0.176535
0.19389
0.212646
0.218087
0.229631
0.230448
0.230257
0.233213
0.241669
0.247864
0.257273
0.264384
0.26821
0.262841
0.245929
0.240583
0.223185
0.236015
0.231664
0.223447
0.2014
0.197372
0.197646
0.18553
0.189624
0.200922
0.201866
0.214915
0.211778
0.224947
0.205623
0.221205
0.213894
0.2277
0.237776
0.233104
0.237646
0.252385
0.25905
0.28032
0.299029
0.299612
0.310827
0.320623
0.328905
0.329503
0.332058
0.314592
0.311864
0.279178
0.225198
0.20611
0.19719
0.186723
0.178617
0.190482
0.1864
0.182468
0.193135
0.200762
0.198742
0.187334
0.198695
0.175858
0.193753
0.190959
0.19284
0.183926
0.182763
0.186258
0.192251
0.190843
0.192245
0.191301
0.196679
0.194625
0.201706
0.224785
0.249319
0.270421
0.304386
0.337682
0.341558
0.362553
0.362354
0.35465
0.344599
0.333759
0.292185
0.281528
0.269322
0.274193
0.26946
0.282796
0.292572
0.297152
0.28607
0.281676
0.279588
0.28095
0.287303
0.280343
0.280015
0.280589
0.272105
0.24883
0.22775
0.221145
0.227922
0.222704
0.233081
0.221997
0.228784
0.222502
0.237546
0.206148
0.223715
0.21561
0.220141
0.226104
0.220954
0.1976
0.222818
0.221664
0.218424
0.222456
0.237941
0.215778
0.222566
0.209142
0.21555
0.235691
0.22902
0.248725
0.238058
0.225701
0.255186
0.260635
0.253563
0.2544
0.2619
0.274815
0.276782
0.275853
0.285155
0.285937
0.295075
0.306253
0.335168
0.346883
0.384116
0.42466
0.43962
0.434062
0.428267
0.362519
0.371633
0.310549
0.25892
0.241237
0.236361
0.319243
0.365028
0.435262
0.549219
0.637344
0.642257
0.673768
0.635796
0.534358
0.40678
0.284887
0.239204
0.228908
0.217767
0.204437
0.202166
0.212236
0.215546
0.227001
0.253463
0.225653
0.225671
0.228504
0.242031
0.248868
0.241398
0.255295
0.260586
0.270426
0.254913
0.275355
0.251718
0.23687
0.198974
0.18561
0.177889
0.19727
0.185961
0.169913
0.185527
0.152525
0.148952
0.150839
0.166178
0.149569
0.149206
0.149441
0.147614
0.154592
0.14704
0.154246
0.158286
0.162684
0.176063
0.181134
0.193659
0.202236
0.186627
0.213044
0.208084
0.212496
0.199858
0.211887
0.204343
0.182381
0.186724
0.203339
0.180982
0.177927
0.179603
0.191696
0.195332
0.191298
0.204383
0.233728
0.243164
0.225618
0.222991
0.208306
0.213724
0.199358
0.173467
0.191721
0.169785
0.179788
0.188681
0.191197
0.190739
0.190996
0.188258
0.184663
0.18275
0.212289
0.202906
0.199644
0.199659
0.210948
0.205736
0.209808
0.214871
0.196436
0.175618
0.192769
0.170491
0.158237
0.157087
0.167994
0.159139
0.152832
0.157908
0.145441
0.143028
0.138845
0.144311
0.161816
0.146614
0.146163
0.147242
0.1462
0.157533
0.153358
0.14762
0.144073
0.154008
0.144675
0.154977
0.147026
0.137285
0.131074
0.13028
0.113518
0.116486
0.108562
0.124406
0.124343
0.142166
0.139637
0.150329
0.175582
0.17085
0.16813
0.187709
0.170359
0.202577
0.20186
0.211447
0.193582
0.16468
0.171309
0.132607
0.109367
0.087302
0.101776
0.116429
0.113429
0.139109
0.146753
0.16703
0.166018
0.174812
0.147122
0.163144
0.153888
0.173886
0.141229
0.153098
0.16562
0.166923
0.170746
0.156281
0.198663
0.188072
0.203271
0.199574
0.177314
0.211626
0.17088
0.187731
0.195213
0.16412
0.169114
0.173267
0.176431
0.1877
0.190131
0.201533
0.18346
0.188404
0.196328
0.178933
0.190407
0.188625
0.197963
0.204258
0.179246
0.176208
0.184763
0.165024
0.157834
0.161513
0.140428
0.12147
0.145287
0.153255
0.143936
0.129887
0.111323
0.111232
0.0957693
0.0985492
0.0926503
0.0989494
0.0872129
0.0750533
0.0831483
0.0836756
0.0953434
0.0759064
0.0643313
0.0790052
0.0660837
0.0773679
0.0773905
0.0728239
0.0710989
0.0696892
0.0648941
0.0669191
0.0693733
0.0803169
0.0603395
0.0596084
0.0623258
0.0533129
0.0491608
0.0690527
0.079226
0.075107
0.0726141
0.061349
0.0733171
0.067914
0.0914011
0.0785938
0.0648835
0.0758784
0.0585481
0.073958
0.069695
0.0823293
0.0909843
0.0906568
0.0802202
0.0781666
0.0827781
0.074418
0.075127
0.0757403
0.0548936
0.0509014
0.0539742
0.0610495
0.0542774
0.0626305
0.0586648
0.0563076
0.0416397
0.0485332
0.0613759
0.0789924
0.0663831
0.0666556
0.0684878
0.080139
0.0530846
0.0585615
0.0583829
0.0387231
0.0706659
0.0592724
0.0599176
0.0598896
0.0753517
0.0721815
0.0729911
0.0659059
0.0863803
0.0931112
0.115956
0.103866
0.119808
0.1461
0.1155
0.125811
0.123845
0.138291
0.133329
0.144922
0.126895
0.151166
0.149546
0.150756
0.145586
0.148788
0.136483
0.154528
0.161773
0.153971
0.182797
0.197704
0.189611
0.190794
0.186883
0.211756
0.226718
0.245178
0.246439
0.266355
0.258145
0.251497
0.207221
0.19177
0.173212
0.148155
0.138061
0.164437
0.160516
0.146333
0.149682
0.160888
0.188558
0.163151
0.186284
0.177345
0.17415
0.170497
0.210979
0.197157
0.186329
0.197354
0.188476
0.175085
0.172576
0.176596
0.184614
0.195747
0.254296
0.219174
0.220713
0.241016
0.224697
0.180506
0.197598
0.165338
0.180644
0.183093
0.167852
0.150706
0.126722
0.124998
0.101744
0.0793946
0.0639801
0.0477514
0.0562903
0.0440746
0.0349467
0.027373
0.0171636
0.0195309
0.0142423
0.0142978
0.0227933
0.0175154
0.020208
0.0154446
0.0197317
0.0101102
0.0205009
0.0147916
0.0228226
0.0270226
0.0220906
0.0325892
0.0341186
0.0216339
0.0180722
0.0127169
0.00718236
0.0075061
0.0068187
0.00449146
0.00519627
0.00860742
0.00869507
0.0080514
0.0102309
0.00130268
0
0.00341904
0.00397571
0.00725713
0.0162071
0.0157468
0.0233002
0.0299478
0.0135608
0.0113088
0.0193696
0.0189351
0.0152099
0.014485
0.0183442
0.0169697
0.0131806
0.0220364
0.0146118
0.0193738
0.0113865
0.0147489
0.0185647
0.0156479
0.0191964
0.0254706
0.0275141
0.0272861
0.0327828
0.0344575
0.0348543
0.0306422
0.0363395
0.0259142
0.0235705
0.0266005
0.0250773
0.0367731
0.030425
0.0281009
0.0371203
0.0378961
0.0316834
0.0290198
0.0312779
0.0281244
0.032858
0.0340948
0.0360907
0.0400631
0.0372413
0.047038
0.0377105
0.0346203
0.0286858
0.0292963
0.0237687
0.0234771
0.0294041
0.0322707
0.0359091
0.0353801
0.0325025
0.0425617
0.0306953
0.0365852
0.0351686
0.0302282
0.0351152
0.0352256
0.0402321
0.0427982
0.0550192
0.0596545
0.0611759
0.0589549
0.0584692
0.0675443
0.0734247
0.0678209
0.0748856
0.0671335
0.0624582
0.0686755
0.0664072
0.0810696
0.0688909
0.0761208
0.0702295
0.0765688
0.0754578
0.0781088
0.0776471
0.0837752
0.0995569
0.103362
0.112666
0.120738
0.114748
0.103499
0.10617
0.1155
0.122687
0.119699
0.109073
0.115418
0.110589
0.116621
0.11433
0.115708
0.117228
0.112168
0.110977
0.109611
0.115068
0.118477
0.11795
0.124903
0.132787
0.135514
0.15748
0.157891
0.142501
0.114178
0.12397
0.111581
0.10034
0.0989329
0.105893
0.105511
0.0934985
0.108635
0.118017
0.104832
0.0868721
0.0882599
0.0950316
0.0948609
0.0974659
0.100363
0.105538
0.0997009
0.110771
0.102625
0.107128
0.102757
0.0850081
0.0937943
0.0881536
0.0731485
0.0584605
0.0743807
0.0802949
0.0644925
0.0507774
0.060279
0.0439715
0.0602087
0.0658494
0.0655225
0.0655783
0.0600161
0.0522636
0.0600191
0.0598473
0.0586902
0.0606494
0.0508181
0.0537368
0.0612274
0.0655319
0.0690673
0.0679464
0.0535483
0.0621479
0.0639153
0.034758
0.0379173
0.0352584
0.0198777
0.0294972
0.0284137
0.0169125
0.019798
0.0255583
0.0303062
0.0246221
0.0154483
0.0180476
0.0134484
0.0139991
0.024024
0.0209715
0.0134549
0.0126678
0.0284464
0.0341421
0.0432862
0.0453961
0.0463429
0.060551
0.0659887
0.0506595
0.0438428
0.0365668
0.0531254
0.0498459
0.0367587
0.0458908
0.0323606
0.0329998
0.0298951
0.0214015
0.028974
0.025513
0.0319053
0.0237226
0.0308862
0.0259228
0.014998
0.0156557
0.0153757
0.0191001
0.0200657
0.0135921
0.0259819
0.0218468
0.0310049
0.0243443
0.0225808
0.0207645
0.0177461
0.0343607
0.0429323
0.0225925
0.0250775
0.0305942
0.0210193
0.0180619
0.0248085
0.0152091
0.0150658
0.0207807
0.0161402
0.0237437
0.0207459
0.0228879
0.0204716
0.0191521
0.0179301
0.0222518
0.0152451
0.0125397
0.0206599
0.0232349
0.0245578
0.0232988
0.0265548
0.038699
0.0510753
0.0405029
0.0283036
0.0447636
0.0392456
0.047207
0.0392496
0.0301133
0.0274451
0.0218573
0.0216378
0.034805
0.0235391
0.0271069
0.0255658
0.0231361
0.0239603
0.0181866
0.0195685
0.0209853
0.0206007
0.0237056
0.0266664
0.0221894
0.0291623
0.0279256
0.0280676
0.0324848
0.035417
0.0293004
0.0413098
0.0412869
0.0442931
0.0342566
0.0417959
0.0469797
0.0466024
0.0645618
0.0591189
0.0545026
0.0470618
0.0521653
0.0408222
0.0470253
0.0461886
0.0484433
0.0532639
0.0464269
0.0501999
0.0515227
0.0480555
0.0459168
0.0613555
0.0570505
0.0572793
0.0516338
0.0548517
0.0546507
0.0598477
0.0665296
0.064335
0.0723677
0.0783999
0.0957389
0.103047
0.147488
0.2382
0.49741
0.772893
0.907492
0.94351
0.914388
0.780224
0.500571
0.246516
0.14808
0.110866
0.0943994
0.0860061
0.0781901
0.0813405
0.0768415
0.0821796
0.0841227
0.078922
0.0806078
0.0811409
0.080181
0.0800841
0.0779782
0.0705003
0.0746413
0.076127
0.0769732
0.0761941
0.073358
0.0733877
0.0740586
0.0743726
0.0590056
0.0644719
0.0639747
0.0793553
0.0710598
0.0679244
0.0723824
0.0688722
0.0668698
0.0629386
0.063327
0.0647753
0.0650742
0.0660555
0.0642847
0.0690029
0.0681039
0.0718808
0.0700454
0.0729948
0.0762838
0.0762022
0.0721271
0.0753308
0.0739628
0.0731499
0.0772701
0.0763958
0.0753255
0.075921
0.0720588
0.0741239
0.0757917
0.0847659
0.0798943
0.0671282
0.0736103
0.0712894
0.0708918
0.0654486
0.0714945
0.0568169
0.0701318
0.074562
0.0648608
0.0565125
0.0623878
0.0751461
0.0671205
0.0666235
0.0710367
0.0734323
0.0607151
0.0594249
0.0631399
0.0659142
0.0703497
0.070503
0.0708676
0.0697863
0.0815296
0.0738395
0.0667888
0.0712788
0.071672
0.0734342
0.0709367
0.0684371
0.0809743
0.0825097
0.0831941
0.0836965
0.0860307
0.0788604
0.0775477
0.0872188
0.0917016
0.0733002
0.0927001
0.0879037
0.0877372
0.0911869
0.0957564
0.0922139
0.0868989
0.100303
0.0943651
0.109713
0.0962681
0.0897551
0.103227
0.0980967
0.0933996
0.088003
0.0911542
0.0955337
0.0874999
0.096205
0.0834729
0.0932226
0.0937674
0.0957986
0.0927908
0.105781
0.0976712
0.0856046
0.0874785
0.0954633
0.107494
0.0979129
0.102016
0.103136
0.0855083
0.117429
0.103494
0.0848755
0.115724
0.10595
0.110276
0.100716
0.108958
0.123776
0.121052
0.0850053
0.112595
0.0871995
0.113462
0.100721
0.107099
0.10989
0.110261
0.102272
0.125031
0.12655
0.123077
0.118594
0.124957
0.123439
0.0955879
0.119223
0.132705
0.146778
0.133454
0.141492
0.136447
0.167125
0.140073
0.158019
0.127402
0.129326
0.143712
0.1249
0.137447
0.109804
0.105756
0.130808
0.131478
0.129099
0.0964528
0.106376
0.087792
0.115521
0.10123
0.113845
0.11834
0.125468
0.100749
0.112744
0.0816388
0.0660854
0.0906389
0.114056
0.107357
0.115702
0.106806
0.108767
0.101871
0.116474
0.0981245
0.0872563
0.0942425
0.119386
0.104263
0.110346
0.128454
0.128484
0.103606
0.136668
0.139636
0.163442
0.134234
0.160196
0.142676
0.133243
0.123948
0.10819
0.0845092
0.0923555
0.0892439
0.0906867
0.0624593
0.0936493
0.0919782
0.0977831
0.0788351
0.0931082
0.0750481
0.098766
0.0837924
0.095047
0.0964131
0.101145
0.118625
0.112552
0.11444
0.129063
0.146928
0.144467
0.159882
0.170159
0.175782
0.179261
0.201986
0.220983
0.23963
0.273559
0.287406
0.276634
0.271373
0.245573
0.151417
0.101747
0.0844916
0.0825364
0.0861864
0.0792748
0.0590903
0.0848685
0.07963
0.0737368
0.0831506
0.0763094
0.0820932
0.0847945
0.0762668
0.0586087
0.0697236
0.0870375
0.067306
0.082789
0.0785935
0.0726227
0.0775694
0.0785294
0.0717992
0.0813761
0.071945
0.0677052
0.0776544
0.0674546
0.0740466
0.0745674
0.0817026
0.0812093
0.0732965
0.0782418
0.0750429
0.0756116
0.0732038
0.0710887
0.0763136
0.0696422
0.0652424
0.0801605
0.0783733
0.0671949
0.0731638
0.0750589
0.0693042
0.0881455
0.0799011
0.0836364
0.0858707
0.0801856
0.0773547
0.0725104
0.0791757
0.0742887
0.0653694
0.0630651
0.0611738
0.0707126
0.0696089
0.0588209
0.0600492
0.0650271
0.0585666
0.0624547
0.065386
0.054495
0.0647838
0.0740645
0.0653795
0.0617845
0.0758807
0.0651469
0.070904
0.0738711
0.0713761
0.0708652
0.0727121
0.0686619
0.0605181
0.060723
0.0584416
0.0580439
0.0656796
0.0645092
0.0644351
0.0625115
0.0707152
0.0755037
0.0742797
0.0711156
0.0720538
0.0770875
0.0811068
0.0849229
0.0839208
0.0845091
0.08748
0.0870318
0.090394
0.101011
0.101161
0.106808
0.103854
0.112712
0.121699
0.117827
0.112714
0.133618
0.139071
0.134177
0.12848
0.117234
0.0973297
0.0850967
0.0747634
0.0698605
0.0649661
0.0613352
0.0667307
0.0661305
0.0655135
0.0645139
0.0651126
0.0645682
0.0671554
0.0674924
0.0683495
0.0642656
0.0780315
0.0681999
0.0825881
0.0761808
0.082557
0.0853246
0.0866072
0.0928794
0.102753
0.0951739
0.103897
0.117565
0.118756
0.124655
0.137543
0.143016
0.153339
0.176185
0.179429
0.18478
0.184966
0.189133
0.179882
0.174701
0.153398
0.140931
0.12421
0.116023
0.120104
0.0900233
0.105325
0.0965398
0.0864102
0.0827111
0.098093
0.0910003
0.0904784
0.0936708
0.0995255
0.0948695
0.0957791
0.0979705
0.0989192
0.111349
0.110423
0.107615
0.121348
0.118508
0.124641
0.124886
0.131444
0.133792
0.138352
0.150658
0.154972
0.157127
0.173726
0.17478
0.184273
0.18361
0.207436
0.223159
0.235527
0.23036
0.220756
0.210663
0.199387
0.190552
0.167779
0.14779
0.132542
0.125167
0.122944
0.118452
0.11602
0.103227
0.11746
0.111937
0.114247
0.113448
0.110549
0.119753
0.112131
0.0969251
0.0888771
0.0913824
0.0928403
0.0956259
0.0906718
0.0886724
0.0914659
0.101411
0.0932416
0.0900981
0.0862831
0.0911407
0.0869323
0.0781148
0.0937651
0.0945447
0.0918908
0.0817438
0.093315
0.0944467
0.0790167
0.0925386
0.0829439
0.0824022
0.0878953
0.0907972
0.0885728
0.082496
0.0927519
0.0918055
0.0952693
0.087465
0.0840258
0.0871957
0.0889026
0.0944307
0.092565
0.0875157
0.0843095
0.0947496
0.102398
0.095981
0.0928815
0.0927933
0.103568
0.0944736
0.0855898
0.0901221
0.0832397
0.0676876
0.0701927
0.06795
0.0689346
0.0607182
0.0667109
0.0635044
0.0719258
0.0722446
0.0742309
0.0852087
0.105731
0.111384
0.116903
0.126063
0.140196
0.153185
0.161604
0.159691
0.169787
0.171419
0.194682
0.203502
0.225549
0.208742
0.207415
0.238608
0.235933
0.22593
0.197481
0.21485
0.191243
0.170629
0.163808
0.157999
0.128862
0.119544
0.138982
0.124515
0.137526
0.142756
0.126897
0.143977
0.153728
0.157248
0.168321
0.170666
0.171621
0.192371
0.185237
0.187879
0.182252
0.174434
0.175809
0.192268
0.16553
0.172913
0.187313
0.171356
0.177926
0.17475
0.136824
0.161627
0.148459
0.161361
0.144509
0.159728
0.122854
0.14826
0.164646
0.196074
0.18953
0.182601
0.1728
0.179915
0.18032
0.191943
0.195394
0.192585
0.199008
0.200929
0.223353
0.220897
0.212096
0.230558
0.214128
0.234779
0.247862
0.22126
0.256803
0.251816
0.254871
0.219605
0.261305
0.245617
0.250447
0.266439
0.268202
0.299567
0.279948
0.27
0.283116
0.281696
0.255104
0.272103
0.262087
0.259703
0.233119
0.217557
0.209863
0.189197
0.191035
0.173824
0.188922
0.133757
0.136637
0.149767
0.14896
0.157856
0.12585
0.130116
0.1654
0.135046
0.150253
0.174823
0.175346
0.115061
0.209147
0.188087
0.197081
0.148204
0.181205
0.211669
0.184245
0.214637
0.228136
0.240468
0.23768
0.253419
0.26392
0.288327
0.267573
0.268475
0.309817
0.288026
0.307914
0.293511
0.343036
0.322597
0.312534
0.316498
0.354826
0.335735
0.336196
0.340882
0.335573
0.341943
0.346845
0.324017
0.334755
0.322422
0.293152
0.287872
0.2965
0.275263
0.246311
0.207577
0.160932
0.125939
0.172539
0.159185
0.1606
0.16493
0.12616
0.107407
0.175938
0.13722
0.114277
0.0917323
0.116671
0.121772
0.170146
0.135326
0.0990106
0.117758
0.131287
0.123151
0.143459
0.15686
0.118299
0.104482
0.136145
0.176399
0.160787
0.157734
0.142884
0.13094
0.16534
0.135827
0.162931
0.163746
0.151642
0.173785
0.153993
0.182474
0.160655
0.134589
0.1804
0.134417
0.156626
0.161258
0.139845
0.177351
0.182353
0.111736
0.140771
0.101872
0.163084
0.212334
0.196066
0.182615
0.109456
0.157718
0.19127
0.164331
0.155551
0.166202
0.169735
0.171443
0.157674
0.161159
0.152636
0.128999
0.15675
0.133282
0.154124
0.151229
0.171081
0.168859
0.140543
0.127085
0.176239
0.186496
0.122051
0.137741
0.124915
0.114198
0.202423
0.135691
0.158348
0.137134
0.127721
0.113388
0.170534
0.153889
0.162895
0.155014
0.184348
0.107818
0.159011
0.116226
0.128034
0.074509
0.0562617
0.18358
0.199837
0.163811
0.203332
0.169849
0.156293
0.165697
0.167088
0.184892
0.158166
0.204488
0.166598
0.144673
0.189201
0.188783
0.170359
0.179379
0.222492
0.199847
0.200028
0.195932
0.194103
0.209467
0.215419
0.209448
0.182898
0.212853
0.156884
0.208453
0.199157
0.13214
0.171452
0.185946
0.162225
0.120906
0.151609
0.136194
0.0816031
0.0709621
0.083068
0.0357621
0.0470404
