0.117151
0.121061
0.120856
0.130862
0.129254
0.12836
0.133618
0.132176
0.138438
0.149325
0.145287
0.15007
0.154007
0.157591
0.157212
0.161048
0.16132
0.158144
0.159085
0.161865
0.152808
0.170321
0.160873
0.160309
0.165736
0.173516
0.17753
0.188447
0.18393
0.189458
0.188537
0.194244
0.197061
0.198288
0.19678
0.20189
0.202943
0.199385
0.199916
0.189405
0.193917
0.180667
0.191615
0.190923
0.195542
0.205376
0.210882
0.219713
0.221981
0.222816
0.217498
0.205677
0.1949
0.193409
0.19271
0.193348
0.209212
0.231583
0.230553
0.22381
0.205119
0.180843
0.158466
0.134522
0.122454
0.127208
0.134411
0.120278
0.106994
0.114178
0.111384
0.105064
0.10572
0.102011
0.105488
0.0998187
0.104293
0.109613
0.111814
0.110705
0.108714
0.110605
0.107887
0.107826
0.115682
0.116049
0.120101
0.12751
0.128326
0.129994
0.132516
0.137123
0.143026
0.146274
0.157813
0.167332
0.172217
0.174993
0.186306
0.190582
0.197049
0.190543
0.194322
0.179845
0.169709
0.159354
0.157891
0.156088
0.160251
0.160642
0.163947
0.164393
0.16529
0.164569
0.164093
0.161749
0.154472
0.156632
0.156744
0.135523
0.152393
0.152413
0.159113
0.164801
0.168539
0.177238
0.177529
0.179305
0.186079
0.189638
0.193641
0.189801
0.194274
0.193363
0.193106
0.19422
0.199877
0.198676
0.202027
0.191926
0.181948
0.168632
0.155854
0.159203
0.159538
0.174023
0.171091
0.174256
0.184677
0.195459
0.197193
0.202296
0.205931
0.212469
0.217824
0.225258
0.224601
0.223347
0.226729
0.226018
0.225374
0.23042
0.229582
0.21686
0.204639
0.16819
0.149561
0.125433
0.111446
0.112602
0.106751
0.104963
0.103065
0.102853
0.107731
0.106333
0.112651
0.110232
0.11244
0.125596
0.115594
0.118971
0.118172
0.116181
0.117693
0.117184
0.123306
0.117554
0.118887
0.12073
0.119185
0.122991
0.122202
0.126285
0.12702
0.126263
0.124946
0.126751
0.119946
0.106239
0.103897
0.0990606
0.0936607
0.102132
0.089946
0.0939567
0.104572
0.109505
0.123652
0.126561
0.129331
0.130667
0.132699
0.138129
0.143924
0.14505
0.146556
0.149677
0.148743
0.153955
0.152649
0.152705
0.147633
0.144766
0.135269
0.119529
0.11624
0.113233
0.112089
0.112615
0.124445
0.123566
0.126101
0.131718
0.134255
0.147826
0.156711
0.157289
0.16388
0.166203
0.167957
0.177515
0.178919
0.18582
0.191022
0.192946
0.194935
0.19901
0.197494
0.193684
0.203646
0.202949
0.201088
0.200466
0.196353
0.180572
0.164506
0.137313
0.128622
0.122067
0.136212
0.128153
0.116126
0.136055
0.121793
0.132218
0.145511
0.150043
0.155502
0.164784
0.156848
0.168355
0.180357
0.178037
0.18067
0.183611
0.186779
0.189906
0.185626
0.186404
0.183336
0.170236
0.15807
0.132593
0.118398
0.119981
0.116068
0.119897
0.119467
0.122036
0.11703
0.127947
0.123416
0.12522
0.125676
0.137879
0.11466
0.126278
0.124412
0.123528
0.123632
0.13127
0.120265
0.118546
0.111567
0.11523
0.120598
0.117087
0.121141
0.12079
0.125034
0.123415
0.122422
0.122922
0.111208
0.0935689
0.103009
0.0925893
0.104526
0.0949851
0.0831913
0.0978004
0.0877702
0.0931848
0.0965826
0.104752
0.0923602
0.0994805
0.0951769
0.102777
0.116912
0.114112
0.123543
0.116799
0.130684
0.131004
0.133369
0.142048
0.137889
0.141286
0.147292
0.140121
0.141928
0.141812
0.131142
0.126146
0.130246
0.111527
0.101439
0.123804
0.124212
0.104484
0.102337
0.084894
0.105706
0.114134
0.102441
0.101679
0.113739
0.107438
0.115096
0.111785
0.126934
0.126791
0.115761
0.141538
0.133676
0.141976
0.14042
0.155873
0.171048
0.166651
0.165233
0.17746
0.178066
0.169956
0.174252
0.163681
0.157139
0.13476
0.112859
0.0988104
0.10471
0.0956945
0.100733
0.0980454
0.109052
0.101553
0.116625
0.120899
0.103405
0.100468
0.108056
0.117257
0.0980851
0.102223
0.103375
0.106047
0.0953679
0.110269
0.113909
0.11912
0.115132
0.104969
0.123615
0.122163
0.11962
0.131667
0.137442
0.141915
0.153546
0.174474
0.182122
0.175991
0.180054
0.168084
0.156136
0.163845
0.149436
0.138784
0.152334
0.134635
0.141209
0.151569
0.143727
0.131062
0.145908
0.144496
0.14563
0.142763
0.146373
0.157953
0.153186
0.152405
0.152775
0.144762
0.129709
0.125581
0.123928
0.136302
0.117845
0.119262
0.117136
0.132591
0.131046
0.113195
0.12645
0.120549
0.130008
0.116403
0.123021
0.119036
0.120729
0.121592
0.109759
0.128355
0.135592
0.132474
0.120686
0.109832
0.127265
0.134721
0.118551
0.1281
0.123913
0.128523
0.128658
0.139511
0.14503
0.139723
0.14723
0.140425
0.162335
0.164618
0.151918
0.15582
0.162085
0.181683
0.189681
0.192634
0.200011
0.210147
0.213866
0.210611
0.202666
0.18021
0.170556
0.153682
0.149024
0.121403
0.136431
0.153721
0.204844
0.235389
0.279449
0.339731
0.345394
0.34596
0.330095
0.297535
0.202161
0.143673
0.120608
0.119507
0.106554
0.110646
0.107713
0.103906
0.124158
0.12748
0.141124
0.122476
0.12767
0.138336
0.130073
0.140102
0.125285
0.145559
0.142739
0.143601
0.143269
0.120965
0.121739
0.124735
0.111379
0.130996
0.0917778
0.106261
0.101628
0.115529
0.0815972
0.0893504
0.0940742
0.0868207
0.0790601
0.0940167
0.0853746
0.0951534
0.0882524
0.101241
0.109205
0.106227
0.108546
0.106476
0.0970623
0.111019
0.129004
0.119258
0.0966252
0.104909
0.12137
0.122313
0.0922784
0.109436
0.0979574
0.121889
0.11484
0.0966182
0.0981605
0.108598
0.0891721
0.126889
0.0960813
0.114323
0.103813
0.11883
0.132016
0.108763
0.123898
0.114662
0.130689
0.0921443
0.100589
0.108593
0.100684
0.102218
0.11849
0.106423
0.109915
0.110788
0.109694
0.11161
0.110635
0.106858
0.113033
0.127969
0.100925
0.130505
0.114618
0.0945945
0.100946
0.0920583
0.0837651
0.112671
0.0996965
0.110497
0.0990394
0.0881171
0.0898816
0.0904087
0.0763318
0.0918947
0.0810463
0.0839719
0.0727372
0.0805953
0.0885167
0.0864288
0.0686659
0.079884
0.0791183
0.0716272
0.0866344
0.0985719
0.0888931
0.0901631
0.0806135
0.0892592
0.0890661
0.0771245
0.0714837
0.0614119
0.0762479
0.0764588
0.0878982
0.0604737
0.0801932
0.0861279
0.0814804
0.0836437
0.0978403
0.0792528
0.0946907
0.086151
0.0927917
0.108264
0.0975956
0.104252
0.0954381
0.0671952
0.0457748
0.0678123
0.0528653
0.0660598
0.0453787
0.0603137
0.057569
0.0713058
0.0881473
0.0718267
0.0879244
0.0933693
0.107583
0.0902463
0.0985695
0.0803238
0.0953848
0.078744
0.0940508
0.103649
0.117596
0.0875312
0.117225
0.122341
0.142523
0.119085
0.122151
0.114175
0.120158
0.0944536
0.0993464
0.1066
0.112388
0.107452
0.124763
0.100433
0.0930585
0.107508
0.109968
0.0877309
0.107132
0.110421
0.0961935
0.110434
0.0888102
0.0971348
0.117898
0.10403
0.10656
0.0790881
0.083253
0.0692773
0.0772653
0.0718623
0.0869854
0.0887161
0.0956949
0.0660077
0.0607428
0.049299
0.053586
0.0570182
0.0654355
0.0577222
0.044507
0.0605326
0.0422238
0.0429573
0.0282576
0.0452026
0.0289732
0.0348789
0.0497839
0.0405081
0.0446643
0.0275576
0.0406457
0.0423377
0.0475792
0.0444176
0.039336
0.0400493
0.0436121
0.0364637
0.0285167
0.036211
0.0384888
0.0437802
0.0333392
0.0453601
0.0487556
0.0480541
0.0331409
0.0370652
0.0385369
0.0541643
0.0395814
0.0311308
0.057227
0.0599822
0.0316978
0.0468483
0.0491529
0.0503807
0.0564517
0.0539827
0.049505
0.0422476
0.0415294
0.0471547
0.0462508
0.0237369
0.0281963
0.020821
0.0339135
0.040535
0.0285862
0.0136877
0.0371043
0.0425041
0.0228999
0.046214
0.0495732
0.03672
0.023837
0.038515
0.0208643
0.0380267
0.0412399
0.0462769
0.0233262
0.0413517
0.0324572
0.040844
0.0563749
0.0360798
0.0370071
0.04663
0.0692288
0.0676443
0.0525788
0.070154
0.0612844
0.0738874
0.0649655
0.0796343
0.0754056
0.0723141
0.0623252
0.0746911
0.0537695
0.0660881
0.0912566
0.0708731
0.0709871
0.0809983
0.0948462
0.0825149
0.100278
0.0894676
0.0986544
0.114735
0.101188
0.10656
0.117768
0.123535
0.119508
0.12556
0.103819
0.132474
0.137652
0.108797
0.121991
0.0755971
0.0914134
0.0868278
0.0911316
0.0916412
0.107687
0.0799955
0.0841386
0.111893
0.107296
0.0974014
0.0941732
0.0816288
0.104036
0.114277
0.119847
0.115207
0.0868045
0.0899401
0.104
0.112903
0.100455
0.125666
0.129949
0.130941
0.133614
0.169105
0.151384
0.109599
0.121716
0.121442
0.0966579
0.121666
0.0997258
0.0989647
0.0675866
0.0705329
0.0752108
0.0594606
0.0520789
0.054911
0.0304685
0.0299541
0.0322163
0.0115795
0.011941
0.011175
0.0176469
0.013327
0.0166593
0.0164804
0.01217
0.00866328
0.0137482
0.0130558
0.013185
0.010689
0.010569
0.0106833
0.00846514
0.0236474
0.0123168
0.0201982
0.0112161
0.00798329
0.00786645
0.0024494
0.00377404
0.0099609
0
0.0084091
0.00460022
0.0101732
0.00610507
0.00865932
0.00384641
0.00805656
0.00785927
0.00455734
0.0102365
0.0101016
0.0103293
0.0112108
0.0125639
0.0174637
0.0150828
0.012914
0.0108924
0.0188513
0.0108993
0.0110707
0.00945217
0.0100523
0.00871559
0.0088097
0.00886386
0.0112009
0.0123325
0.0103551
0.0112845
0.0142634
0.0171873
0.0168769
0.0187749
0.0183642
0.0162127
0.00822969
0.0100315
0.0176652
0.0114094
0.0165613
0.0100131
0.0172787
0.0234145
0.0161841
0.011639
0.0172035
0.0179564
0.0165408
0.0147344
0.0129743
0.0195639
0.0234151
0.0170236
0.016067
0.0185812
0.0238378
0.0305862
0.010406
0.0155947
0.013039
0.0203131
0.0103342
0.0189715
0.00517893
0.0131663
0.0226512
0.0172276
0.0172935
0.0177935
0.0159501
0.0120694
0.0144392
0.0122505
0.016319
0.0153007
0.0243073
0.0206399
0.0196182
0.0276873
0.0241664
0.0318389
0.0278938
0.028729
0.0272505
0.0397871
0.035325
0.0326374
0.0280647
0.0280249
0.0358206
0.0331738
0.0421652
0.034845
0.0277202
0.0337311
0.0345517
0.0411168
0.0498681
0.0553505
0.037868
0.0539273
0.05108
0.0610253
0.0597681
0.0639693
0.0494507
0.0545133
0.0510779
0.0544557
0.058578
0.0487104
0.0547164
0.0585771
0.0546228
0.0583124
0.042151
0.0593761
0.0538616
0.0524619
0.0542734
0.0560675
0.0530745
0.0511133
0.0537569
0.0596044
0.0650807
0.0742893
0.0705782
0.0768706
0.0658491
0.0592894
0.0455353
0.0438661
0.0469723
0.0497558
0.0574185
0.0662486
0.058126
0.0413794
0.0471955
0.0439576
0.0523281
0.0521671
0.0552825
0.0612812
0.0562857
0.0474665
0.0521584
0.0593474
0.0505724
0.052205
0.047457
0.0575659
0.0430516
0.0428417
0.0395579
0.0404819
0.0369053
0.0375048
0.0382076
0.0374578
0.0465582
0.0430954
0.0310134
0.0278434
0.036223
0.0289477
0.00988398
0.0360701
0.0309491
0.0275496
0.0253018
0.0313594
0.0403517
0.0340762
0.0323322
0.0391707
0.0323864
0.0387526
0.0338145
0.0255944
0.0253872
0.00734342
0.0169895
0.0128999
0.0181163
0.0204639
0.00108559
0.00450082
0.00796191
0.0103094
0.0231676
0.0218051
0.0185702
0.0139506
0.0114617
0.0141134
0.00731656
0.0215612
0.00726048
0.0111526
0.0270949
0.020444
0.0180987
0.0238295
0.022573
0.0411055
0.0272536
0.0230417
0.0241322
0.0220177
0.026358
0.0224149
0.0143846
0.0272554
0.0147699
0.0182503
0.00918168
0.00915642
0.0112375
0.0165749
0.0172059
0.00665388
0.00265184
0.0126454
0.0050894
0.0129509
0.005728
0.00849558
0.0110426
0.0173225
0.00206256
0.00430271
0.00783982
0.0156706
0.0159381
0.00986136
0.0223672
0.0138884
0.0137797
0.0152206
0.0103507
0.0166262
0.0141741
0.00652286
0.0111119
0.00987357
0.00745918
0.0122949
0.0119271
0.0137738
0.0102286
0.00715081
0.00780679
0.00639374
0.00991365
0.00626032
0.0122619
0.0114744
0.00970937
0.020047
0.0120111
0.0135541
0.0349618
0.032897
0.0368448
0.0170286
0.0254579
0.0154607
0.0247882
0.0173867
0.0179476
0.0223525
0.0108533
0.013855
0.0112866
0.0135173
0.0143924
0.0162005
0.00903118
0.00965492
0.00425124
0.0128768
0.0128207
0.0108837
0.00851078
0.0188718
0.0139627
0.0107783
0.0100244
0.00702254
0.0082358
0.0203939
0.0104083
0.0179374
0.021872
0.0118407
0.0367224
0.0218529
0.0270204
0.0227495
0.0232036
0.0270688
0.0203542
0.0267449
0.0256866
0.0252919
0.0301649
0.0166674
0.0279462
0.0213578
0.0269147
0.0259962
0.0196385
0.0282307
0.0285632
0.0224259
0.0169869
0.0261698
0.0304811
0.0177598
0.0321815
0.0280003
0.0227663
0.0279082
0.0314566
0.0389179
0.0386839
0.049485
0.0740811
0.121456
0.260097
0.421854
0.494605
0.511316
0.490346
0.409749
0.251435
0.113698
0.0665984
0.0518566
0.0365124
0.0391462
0.035744
0.0388742
0.0327278
0.039324
0.043952
0.0330906
0.0345987
0.0292968
0.0348709
0.0341032
0.0339761
0.0354534
0.0334295
0.0356995
0.0329803
0.0291016
0.0360039
0.0364078
0.0284341
0.035053
0.0292491
0.0245598
0.024803
0.0288513
0.0317603
0.0297612
0.0374089
0.0260425
0.0277357
0.036498
0.0312036
0.0329132
0.0349156
0.0322265
0.0334455
0.0347197
0.0319568
0.0381002
0.0371238
0.0369519
0.0346064
0.0410695
0.0398382
0.0352176
0.0354752
0.0387835
0.032104
0.0363035
0.0397153
0.0360677
0.0305806
0.0343724
0.0323495
0.0371312
0.0381119
0.0317925
0.0343797
0.0272248
0.0272493
0.0323934
0.037425
0.0399892
0.0322745
0.0429372
0.0369577
0.0287926
0.0309601
0.0269835
0.0324636
0.031035
0.0302429
0.0337405
0.0375034
0.03317
0.0257264
0.035573
0.0303651
0.0295948
0.0326118
0.0389379
0.0318135
0.0378942
0.0384261
0.0381313
0.0339278
0.0353125
0.0386426
0.0349985
0.03407
0.0372249
0.0370474
0.0351291
0.0383186
0.0591431
0.0366292
0.0486762
0.0297004
0.0331923
0.0480561
0.0659233
0.0498233
0.0391158
0.0343482
0.0585671
0.0584479
0.0479659
0.0482748
0.0458089
0.054776
0.0524062
0.0461699
0.0502618
0.0483504
0.0412093
0.0620654
0.0470892
0.0412578
0.0460631
0.0388233
0.0461644
0.0530162
0.0544267
0.0408844
0.0558913
0.0390624
0.0522566
0.0510379
0.0512625
0.0482372
0.0506434
0.0430273
0.0567096
0.0366218
0.0374616
0.0335561
0.0496034
0.04924
0.0433426
0.0365407
0.0578843
0.0648575
0.0538861
0.0786719
0.0474892
0.0849861
0.0599489
0.0937859
0.0607017
0.0648913
0.105744
0.0873255
0.0523187
0.0681301
0.0771015
0.106428
0.0651381
0.0541866
0.0779782
0.0759201
0.070476
0.0975209
0.0745123
0.0956309
0.100474
0.0768845
0.0605276
0.0911199
0.0719801
0.0871511
0.082639
0.077188
0.0631335
0.0951474
0.0654434
0.0729424
0.0749982
0.0747601
0.0907109
0.0752817
0.0819008
0.0629145
0.0628513
0.0708569
0.0501318
0.0718624
0.0670955
0.060589
0.0622326
0.0382823
0.04961
0.0445642
0.0673405
0.0348261
0.0479581
0.0466783
0.0703176
0.0597517
0.0381174
0.0546398
0.0537125
0.0461507
0.0634327
0.0610392
0.0638189
0.0520127
0.0549244
0.0720003
0.0839074
0.0907383
0.0592731
0.0907747
0.0875736
0.0849772
0.0823729
0.0628
0.0592216
0.0283507
0.0293168
0.031091
0.0525714
0.0438556
0.0297618
0.0383725
0.0472135
0.0705683
0.0443884
0.0373201
0.056158
0.046572
0.0560804
0.045608
0.0554344
0.0493847
0.0578882
0.0511326
0.063708
0.0698889
0.0719402
0.0953529
0.073828
0.0863186
0.0933245
0.106496
0.103903
0.137502
0.141941
0.139608
0.136869
0.126806
0.114055
0.0704609
0.0627038
0.0486254
0.0518474
0.0519375
0.0588824
0.0539878
0.0510486
0.0460391
0.0474844
0.013098
0.0513163
0.0570997
0.0446827
0.0378687
0.0323291
0.0422779
0.0453913
0.0329949
0.0523686
0.0557262
0.0437679
0.0339386
0.0332601
0.0290171
0.0426643
0.046161
0.038597
0.0422811
0.0442455
0.0295786
0.0340178
0.0334498
0.0365404
0.0268613
0.034719
0.0273752
0.0303048
0.0384548
0.0225696
0.0278182
0.0382602
0.0393889
0.0382604
0.0294218
0.0356521
0.0274343
0.0391637
0.0372673
0.0386294
0.0373157
0.0436486
0.0519763
0.0400946
0.0376819
0.045696
0.0305513
0.0512341
0.0386914
0.0217576
0.0345526
0.0342482
0.0376333
0.037451
0.0237059
0.0418828
0.0316105
0.0258329
0.0363727
0.0343524
0.0289727
0.0389395
0.0401704
0.0355826
0.0264344
0.0340042
0.0334268
0.0391689
0.0459321
0.0346648
0.0494978
0.0277572
0.0333906
0.0288936
0.0350283
0.0340394
0.0234203
0.0300532
0.0293145
0.0274863
0.0377154
0.0309085
0.0352684
0.0307672
0.0254598
0.0370855
0.0340326
0.0422055
0.0473456
0.0468864
0.0396248
0.0470335
0.0472101
0.0534272
0.0464547
0.0566769
0.0589973
0.0554496
0.0573484
0.0741443
0.0558203
0.0750987
0.0718692
0.0752225
0.0788316
0.0638907
0.0548861
0.0472683
0.0329981
0.0456356
0.0310094
0.0409975
0.0326814
0.0250762
0.0374865
0.0303264
0.0297758
0.0323919
0.0277365
0.0304574
0.0319612
0.0354384
0.0318041
0.0308488
0.0266563
0.0367307
0.0409152
0.0376707
0.04398
0.0463004
0.0435516
0.0412798
0.0531361
0.0506259
0.0638495
0.0608579
0.065237
0.0677361
0.0789447
0.0893713
0.0961814
0.0966629
0.101978
0.101245
0.0889372
0.0843893
0.0828934
0.0672279
0.0777527
0.0543423
0.0547112
0.0533413
0.0530207
0.0525065
0.0460957
0.0466886
0.0591055
0.0553778
0.0369418
0.0542302
0.0421432
0.0475079
0.0407279
0.0410296
0.0566443
0.0575317
0.0533332
0.0523393
0.0539407
0.0565506
0.0593736
0.0605133
0.0659776
0.0637744
0.0651958
0.0719956
0.0739683
0.0801684
0.0866391
0.0873173
0.0897348
0.0931456
0.10159
0.108743
0.110187
0.114939
0.103442
0.0926135
0.0947581
0.0909133
0.0759352
0.0730224
0.0524903
0.0582535
0.0530454
0.0531608
0.048271
0.0543605
0.0602168
0.0595738
0.0515566
0.0643265
0.0655191
0.045101
0.0447493
0.0496379
0.0662739
0.0483437
0.0477016
0.0530193
0.0469764
0.0449355
0.0453058
0.0459969
0.0426355
0.0481076
0.0554482
0.0576454
0.0478955
0.0397135
0.0431797
0.0441716
0.0541838
0.046323
0.0411911
0.0385656
0.0464716
0.048927
0.0387253
0.0422145
0.0389099
0.0434993
0.0414764
0.0518445
0.0410361
0.0362904
0.0461373
0.0452808
0.0481608
0.0399058
0.0417545
0.0498668
0.0387614
0.0413147
0.0381705
0.0345676
0.0450244
0.0419565
0.0394712
0.0470436
0.0443767
0.045006
0.0491557
0.057849
0.0580467
0.0663551
0.0694267
0.0765101
0.0775528
0.0800815
0.0846845
0.0771989
0.0777623
0.0797281
0.0857858
0.0789641
0.0739093
0.0749731
0.0927724
0.0729334
0.0953364
0.0840586
0.0897261
0.0940737
0.067653
0.0840466
0.0952344
0.102202
0.093542
0.104371
0.0995786
0.11125
0.0935151
0.0945484
0.0858155
0.0779408
0.0804539
0.0594933
0.0840939
0.0822869
0.0784804
0.055135
0.0690435
0.0955333
0.0791005
0.0762455
0.0854361
0.072615
0.0791462
0.0926184
0.0921067
0.0978187
0.0982831
0.114155
0.109069
0.121041
0.112134
0.113639
0.106369
0.111132
0.110834
0.110733
0.087264
0.0897146
0.103876
0.108351
0.0783437
0.0947103
0.107022
0.104025
0.0894555
0.0805752
0.109935
0.0911895
0.0986516
0.0986291
0.0831553
0.092713
0.0725102
0.116425
0.0958098
0.093464
0.130923
0.0987034
0.102081
0.135553
0.0994122
0.107138
0.110653
0.112336
0.122412
0.108937
0.144733
0.139037
0.15344
0.115594
0.129472
0.132354
0.146472
0.146629
0.137228
0.152834
0.144857
0.136146
0.160375
0.155329
0.149897
0.156124
0.152896
0.155294
0.140367
0.128874
0.119396
0.098891
0.121401
0.0958106
0.11841
0.101784
0.097177
0.110195
0.0487983
0.0464132
0.0794927
0.0658747
0.0681709
0.0324359
0.0865912
0.0762208
0.0856172
0.0356086
0.0610976
0.120438
0.0765127
0.0858953
0.116419
0.10094
0.0771905
0.0773612
0.0942824
0.137902
0.0899927
0.123432
0.125065
0.112617
0.138954
0.152772
0.150209
0.134949
0.142733
0.154957
0.177661
0.156286
0.183304
0.165599
0.180465
0.175275
0.169022
0.166189
0.175938
0.178734
0.195545
0.175156
0.161645
0.160929
0.168519
0.14552
0.168653
0.157477
0.141835
0.129183
0.121305
0.12037
0.0755728
0.0785842
0.123301
0.056555
0.0718155
0.105436
0.086058
0.0554212
0.0620365
0.106276
0.0698373
0.06144
0.0988834
0.104297
0.087951
0.0546008
0.0800523
0.0814029
0.129708
0.0658132
0.0971636
0.103601
0.0843336
0.0732951
0.102207
0.0845906
0.122179
0.0695237
0.0980601
0.127831
0.130735
0.103727
0.020342
0.0890297
0.122631
0.117402
0.0625704
0.0636617
0.12005
0.177676
0.0726871
0.0532063
0.122253
0.123073
0.0886216
0.12911
0.146458
0.0877815
0.0536727
0.115831
0.102655
0.129185
0.0961992
0.102661
0.129225
0.12396
0.0787256
0.0790599
0.1084
0.129499
0.0925153
0.150611
0.0849841
0.0889863
0.128434
0.0918194
0.069285
0.0579523
0.0866293
0.157574
0.114483
0.115849
0.0850239
0.0724541
0.0518013
0.121721
0.0993637
0.0502995
0.0490659
0.0906905
0.108316
0.0980352
0.0858855
0.0976171
0.0890592
0.0667391
0.0696417
0.0768966
0.0838712
0.0922265
0.104092
0.0696853
0.107533
0.0796022
0.108405
0.0539906
0.0869145
0.0984274
0.0986912
0.0274722
0.0870721
0.136587
0.113497
0.100054
0.100754
0.119326
0.0802668
0.114388
0.118906
0.0995595
0.130651
0.096946
0.108329
0.12296
0.113606
0.100948
0.089461
0.113091
0.120618
0.11709
0.0879977
0.129863
0.108893
0.101023
0.0768918
0.118545
0.0867559
0.0934894
0.0915911
0.0702766
0.118172
0.112284
0.0730979
0.106332
0.11113
0.116131
0.110787
0.0781014
0.0803898
