0.141157
0.136691
0.147132
0.149729
0.151277
0.146025
0.1594
0.157207
0.16475
0.171559
0.170504
0.172928
0.179239
0.18315
0.183599
0.18949
0.192591
0.190431
0.189691
0.188079
0.190162
0.200908
0.195538
0.194499
0.1992
0.209776
0.214292
0.220545
0.223163
0.223329
0.227117
0.233396
0.234527
0.237108
0.238608
0.240142
0.245893
0.243886
0.24193
0.233438
0.230322
0.231292
0.227552
0.233384
0.233579
0.246035
0.255475
0.26299
0.267921
0.267879
0.265589
0.245712
0.232339
0.230362
0.23011
0.231069
0.248616
0.278128
0.283565
0.272792
0.249626
0.22362
0.18369
0.171559
0.161113
0.143221
0.155023
0.144714
0.131213
0.13208
0.126715
0.120357
0.124078
0.116271
0.122339
0.118717
0.12462
0.127202
0.129668
0.126909
0.122109
0.119571
0.133718
0.129833
0.138049
0.139248
0.141815
0.150846
0.151396
0.151827
0.157271
0.164432
0.167693
0.173374
0.185788
0.197419
0.204858
0.217733
0.232022
0.237139
0.239418
0.232454
0.238433
0.212979
0.206559
0.191325
0.184983
0.183094
0.187678
0.189778
0.19474
0.196476
0.195807
0.2007
0.200926
0.195164
0.18558
0.189622
0.184376
0.172408
0.181985
0.182907
0.186329
0.189186
0.201573
0.210842
0.21011
0.216055
0.22374
0.224994
0.228796
0.228042
0.231812
0.230041
0.229976
0.231125
0.239547
0.243784
0.243208
0.232189
0.226954
0.205143
0.178667
0.191501
0.194473
0.214648
0.205417
0.219501
0.226642
0.235436
0.243199
0.246976
0.247049
0.25818
0.263124
0.266151
0.269699
0.273594
0.271982
0.272281
0.276295
0.276439
0.277567
0.263934
0.247293
0.206393
0.177865
0.142625
0.136837
0.122962
0.121807
0.116859
0.118182
0.117101
0.120727
0.120192
0.12786
0.126432
0.135068
0.140872
0.13916
0.146273
0.13646
0.148108
0.148469
0.139702
0.142123
0.139608
0.137151
0.143477
0.133937
0.142575
0.144393
0.139543
0.140814
0.147999
0.147956
0.147512
0.143175
0.133475
0.131308
0.11276
0.112532
0.112964
0.115185
0.125371
0.123488
0.131898
0.141397
0.146988
0.146704
0.158736
0.158932
0.163867
0.168578
0.170526
0.172549
0.174655
0.176304
0.18269
0.181548
0.184655
0.182444
0.174693
0.164491
0.150326
0.141913
0.144348
0.148642
0.13817
0.154879
0.150522
0.151846
0.159748
0.164405
0.171176
0.184998
0.185643
0.197347
0.203662
0.21029
0.217993
0.216344
0.222035
0.227554
0.230199
0.238031
0.241543
0.23848
0.238469
0.253353
0.240814
0.242442
0.248849
0.242869
0.228672
0.200425
0.171474
0.166082
0.156398
0.155991
0.145756
0.145399
0.167886
0.155267
0.171729
0.179432
0.183301
0.191431
0.20218
0.197569
0.201021
0.208322
0.219208
0.212049
0.221993
0.218935
0.226265
0.221841
0.231058
0.214595
0.198209
0.178075
0.158029
0.143349
0.142403
0.14238
0.134446
0.136462
0.145983
0.134876
0.146986
0.152412
0.156497
0.168276
0.159111
0.144355
0.152876
0.164561
0.138305
0.146534
0.150841
0.148968
0.132858
0.130226
0.136265
0.145249
0.139329
0.142997
0.139402
0.151237
0.149578
0.148192
0.14329
0.127983
0.134231
0.121356
0.118321
0.124046
0.121873
0.10421
0.121213
0.113954
0.112625
0.119424
0.129094
0.115802
0.111442
0.121451
0.121431
0.133866
0.137501
0.136815
0.145608
0.157298
0.163516
0.160406
0.164646
0.165266
0.171696
0.183765
0.172468
0.16969
0.169995
0.163722
0.162636
0.15125
0.137753
0.14222
0.142728
0.151327
0.124587
0.122761
0.105544
0.138473
0.126782
0.13159
0.129571
0.135653
0.143585
0.145864
0.132517
0.148523
0.144972
0.134615
0.170632
0.163138
0.16051
0.162115
0.185408
0.193856
0.198392
0.195238
0.217838
0.218085
0.202134
0.212872
0.196814
0.19021
0.16467
0.137779
0.117852
0.134074
0.115599
0.122894
0.111887
0.123828
0.113109
0.144364
0.132437
0.137244
0.135177
0.13433
0.130143
0.125979
0.121641
0.127827
0.1349
0.124224
0.130758
0.12875
0.133737
0.138413
0.131258
0.141
0.13591
0.146829
0.150766
0.165681
0.169024
0.187559
0.205083
0.215644
0.217228
0.232382
0.228288
0.206362
0.206877
0.170285
0.169212
0.17437
0.171494
0.176202
0.181001
0.166271
0.161212
0.173588
0.175742
0.179308
0.169811
0.180701
0.183451
0.183227
0.177781
0.171978
0.178869
0.157816
0.156993
0.155134
0.159469
0.15185
0.154945
0.141335
0.156084
0.148381
0.155819
0.171241
0.130843
0.1551
0.164406
0.15618
0.141618
0.150864
0.144948
0.151108
0.158835
0.159478
0.167777
0.145781
0.164003
0.157441
0.166176
0.147065
0.168006
0.148851
0.169889
0.173136
0.167615
0.171883
0.172719
0.185564
0.169412
0.189296
0.190174
0.178558
0.190812
0.195945
0.218799
0.222096
0.237866
0.25917
0.272942
0.262725
0.283096
0.238314
0.244408
0.238752
0.205134
0.176667
0.147073
0.170841
0.204773
0.23378
0.285334
0.334886
0.367337
0.397924
0.405788
0.382235
0.322199
0.241767
0.171743
0.139205
0.135764
0.134022
0.139272
0.133826
0.132484
0.148899
0.151528
0.162576
0.146132
0.161788
0.165178
0.154301
0.168073
0.168358
0.167925
0.168216
0.169939
0.182586
0.169042
0.152967
0.152976
0.128274
0.148474
0.124674
0.125032
0.13715
0.135014
0.123475
0.121558
0.105187
0.107314
0.100385
0.122063
0.114179
0.111342
0.113537
0.112508
0.129036
0.127643
0.130756
0.123624
0.118455
0.131791
0.143503
0.128907
0.129483
0.133625
0.156184
0.155006
0.117255
0.124909
0.129865
0.14516
0.133089
0.124843
0.13263
0.132919
0.125267
0.136703
0.128584
0.138746
0.118692
0.128656
0.164236
0.132689
0.143202
0.142895
0.156217
0.133139
0.129482
0.14278
0.134714
0.13268
0.149628
0.139877
0.123398
0.136271
0.124283
0.128771
0.142383
0.13013
0.138976
0.150987
0.133136
0.139108
0.143715
0.109446
0.130114
0.133011
0.123933
0.139148
0.129458
0.144906
0.1163
0.0982144
0.133099
0.102288
0.0902789
0.122239
0.0878222
0.0892527
0.096598
0.105792
0.0986296
0.0978618
0.115045
0.105543
0.0894767
0.0766337
0.10209
0.112478
0.099016
0.12069
0.119169
0.110376
0.092765
0.0872506
0.102645
0.0875272
0.082202
0.0870927
0.105812
0.0859444
0.0914748
0.104984
0.106429
0.107622
0.126687
0.0977889
0.124845
0.125755
0.124419
0.133634
0.118607
0.128659
0.103919
0.0864334
0.0846608
0.0765286
0.0763707
0.0731899
0.0738236
0.0749487
0.0743443
0.0905593
0.102822
0.0917383
0.129662
0.109807
0.123626
0.118545
0.119351
0.0997018
0.110608
0.11492
0.114444
0.127045
0.139188
0.10681
0.138898
0.150106
0.123063
0.14349
0.152
0.148044
0.138436
0.110231
0.117575
0.115365
0.116737
0.136504
0.134602
0.13295
0.132043
0.129537
0.123757
0.117831
0.143241
0.128205
0.129537
0.13084
0.113591
0.121205
0.129675
0.120613
0.116961
0.118448
0.117722
0.101763
0.0947037
0.0915723
0.102034
0.103942
0.106772
0.0978645
0.0833691
0.0753014
0.0741576
0.0647605
0.0696249
0.0584504
0.0684496
0.0629587
0.0602013
0.0485003
0.0420873
0.0518993
0.0533378
0.046493
0.060528
0.0537907
0.0457561
0.0343674
0.0398313
0.0408533
0.0579344
0.057324
0.0501953
0.0480809
0.0412262
0.0414959
0.0333262
0.0486293
0.0677975
0.0497884
0.0457556
0.0614232
0.0492289
0.0469466
0.0520072
0.0415501
0.0602686
0.0620684
0.0472085
0.0548945
0.0589906
0.0531739
0.0465988
0.0602463
0.0528695
0.0570431
0.0648937
0.0727466
0.0669411
0.0548666
0.0463919
0.0450501
0.051264
0.0392371
0.0446916
0.0319713
0.0379115
0.0381866
0.031644
0.0335093
0.0407875
0.0408403
0.0407106
0.0609955
0.0423659
0.0475533
0.0394006
0.0460432
0.0389379
0.0471161
0.0490493
0.0547297
0.040736
0.0457902
0.0587945
0.0652401
0.057903
0.0494211
0.0598786
0.0619193
0.0858121
0.0751076
0.0906773
0.0942146
0.0697046
0.0925307
0.0797204
0.102339
0.104928
0.0955369
0.0972255
0.0799941
0.080212
0.100846
0.108124
0.0907949
0.108364
0.0866423
0.1028
0.110963
0.11491
0.130298
0.123262
0.110767
0.129464
0.136775
0.172071
0.155852
0.16755
0.157964
0.157228
0.15951
0.161403
0.145872
0.139532
0.112314
0.111747
0.1049
0.117883
0.125369
0.109899
0.124624
0.120329
0.123117
0.105122
0.101764
0.145273
0.129341
0.132108
0.153824
0.147758
0.146898
0.127449
0.120256
0.129783
0.126494
0.124746
0.151236
0.179672
0.179596
0.170961
0.19117
0.160422
0.159837
0.145347
0.137527
0.122364
0.133105
0.0995275
0.12339
0.0886547
0.113165
0.0687509
0.0736439
0.0628938
0.0611959
0.040977
0.0372151
0.0347145
0.0299058
0.0164896
0.0197706
0.0238284
0.0151362
0.016568
0.0173134
0.0190936
0.0194252
0.0196334
0.0162522
0.0144358
0.0144448
0.0197792
0.0198937
0.0194609
0.0302289
0.0213015
0.0251141
0.0122491
0.0142303
0.0138197
0.00670066
0
0.00806662
0.00682458
0.0102534
0.0066752
0.00826273
0.00874803
0.0102171
0.00683231
0.0064048
0.0149495
0.0113983
0.0114569
0.00847106
0.00800919
0.0199626
0.0203379
0.016139
0.0245051
0.0160289
0.0161016
0.0181736
0.0115202
0.0148452
0.0123069
0.0148541
0.014093
0.0147781
0.0180035
0.0111779
0.0124662
0.016674
0.0120029
0.0203077
0.0267491
0.0231793
0.0261727
0.0234114
0.0251751
0.0220299
0.0225649
0.0257847
0.0123016
0.0259044
0.0186185
0.0232576
0.026879
0.0224979
0.0151216
0.0305235
0.0216712
0.0231693
0.0230797
0.0220678
0.0210377
0.0239113
0.0212946
0.0242479
0.0336163
0.029701
0.0327471
0.027313
0.0241568
0.0213598
0.0284354
0.019548
0.0175853
0.0228019
0.0190985
0.0256753
0.0172874
0.0299276
0.0229281
0.0176229
0.0212498
0.016326
0.0248715
0.0260055
0.0215697
0.028793
0.0275466
0.0272282
0.0338132
0.0398531
0.0451094
0.0470669
0.0446717
0.0386598
0.0435635
0.0469492
0.0510693
0.0425253
0.0394148
0.0465276
0.0496731
0.0549508
0.0440757
0.0451699
0.0535931
0.0521694
0.0517453
0.0530373
0.0596201
0.0586467
0.0687643
0.0641587
0.0734133
0.0729196
0.0691825
0.070692
0.0683114
0.0719105
0.0743783
0.0663152
0.0678509
0.0747102
0.0734121
0.0757239
0.0738167
0.061167
0.0761285
0.0661994
0.0749827
0.0715734
0.0644018
0.0691156
0.0722456
0.0699337
0.0878006
0.100146
0.0917558
0.0939952
0.0856957
0.0768498
0.0622729
0.0673631
0.0761227
0.065915
0.0578979
0.0644671
0.0730631
0.0729434
0.0577871
0.0607598
0.0545702
0.0732877
0.0679446
0.0727459
0.0693033
0.0663176
0.050791
0.0720748
0.0682051
0.0746094
0.0774246
0.0510596
0.0548157
0.0606532
0.0562408
0.0429517
0.0425171
0.0538259
0.0536698
0.0558796
0.0410442
0.0488872
0.0435272
0.0493491
0.0381971
0.0441445
0.04386
0.0330316
0.0289838
0.0319867
0.0466397
0.0439852
0.0329344
0.0473285
0.055635
0.0460069
0.0573703
0.0401643
0.0430979
0.0399618
0.0373573
0.0383754
0.0157827
0.0171168
0.0127606
0.027661
0.0192627
0.00735573
0.00989813
0.0126675
0.0120423
0.0200421
0.0142191
0.0205596
0.0178155
0.00787618
0.0161628
0.0167377
0.0239648
0.0209961
0.0228394
0.0225849
0.0211744
0.0381185
0.0453658
0.0331665
0.0379999
0.0355598
0.027059
0.0296947
0.0399652
0.0426119
0.0222558
0.0270023
0.0161705
0.0187103
0.0188863
0.018168
0.0192181
0.023136
0.0219906
0.0242026
0.0206134
0.0064289
0.01218
0.0119108
0.0193351
0.0168535
0.0130682
0.0183242
0.0113114
0.00428598
0.0117738
0.014452
0.034911
0.0090067
0.0267839
0.00483871
0.0190584
0.0150718
0.0249431
0.0113534
0.0240704
0.0152391
0.00473844
0.00883403
0.0149017
0.00903399
0.0160099
0.0149713
0.0188593
0.0198454
0.011902
0.0117605
0.0120551
0.0124846
0.0149112
0.0175189
0.0150637
0.0139578
0.0200248
0.0210757
0.0270026
0.0233758
0.0401099
0.0372778
0.0313607
0.0385518
0.0172271
0.0359152
0.0248879
0.0231616
0.0264637
0.0168903
0.0315684
0.0141687
0.0246037
0.0190248
0.0186554
0.0155338
0.0103612
0.0129829
0.0185806
0.0173485
0.0106515
0.0187935
0.0238053
0.0143127
0.0158034
0.0203276
0.0230437
0.0221287
0.0201156
0.0181636
0.0279651
0.0246402
0.0204153
0.0278517
0.0316965
0.0302887
0.0364527
0.0448856
0.0299293
0.0297946
0.0271783
0.0329223
0.0313881
0.0362216
0.0231719
0.0392916
0.0309176
0.0342352
0.0316785
0.0293528
0.0304218
0.0352924
0.0278576
0.0320106
0.0323754
0.031859
0.0313039
0.0358178
0.0339801
0.0351967
0.0402927
0.0395182
0.0465129
0.0555332
0.0651157
0.0889838
0.142172
0.298573
0.465767
0.560625
0.576027
0.555526
0.460064
0.286596
0.131481
0.0798603
0.0645806
0.0555195
0.0586082
0.0494638
0.0484763
0.0486189
0.0521685
0.0551585
0.0450709
0.05049
0.0442648
0.049406
0.0435144
0.047268
0.0466674
0.0458949
0.040384
0.0433547
0.0452759
0.0419384
0.0457157
0.0359008
0.0459688
0.0396995
0.037971
0.0341398
0.0439965
0.0388643
0.0386574
0.0407089
0.0389538
0.035689
0.0393745
0.0382963
0.0386539
0.0332974
0.0423202
0.0444932
0.0453844
0.0426112
0.042512
0.0531246
0.0413811
0.0415998
0.0437159
0.0489643
0.0437255
0.0480272
0.0462698
0.0439037
0.0488858
0.0450334
0.0467628
0.0465962
0.0416209
0.0420675
0.0470937
0.046654
0.0470123
0.04436
0.0406235
0.0425573
0.0431409
0.0507826
0.0461053
0.0347404
0.0543554
0.038688
0.0379696
0.0403465
0.0398389
0.0542403
0.0367893
0.0409903
0.0473224
0.0401342
0.0424103
0.0383625
0.0469793
0.0427018
0.0396129
0.0468742
0.0451633
0.0500709
0.046468
0.0433583
0.0527097
0.0381931
0.0480874
0.0461253
0.0462518
0.0478901
0.0470614
0.0502265
0.0537061
0.0487465
0.0615289
0.0494627
0.0530855
0.058032
0.0599052
0.0631188
0.0585113
0.0551635
0.0471995
0.0630371
0.0697577
0.0717902
0.0671273
0.0674869
0.062071
0.068884
0.0621409
0.0573968
0.0560917
0.0595307
0.0592845
0.0545502
0.0561584
0.0549612
0.0653075
0.0548178
0.0666473
0.0643419
0.0595906
0.0592104
0.0645199
0.0660109
0.0649196
0.0592703
0.0711666
0.0543566
0.0663265
0.0630174
0.0686526
0.0267483
0.0528923
0.0609093
0.0731208
0.0505655
0.0637115
0.0555056
0.0725982
0.0722203
0.0758596
0.0789678
0.0582274
0.0910252
0.0916506
0.0682451
0.078671
0.0688033
0.113861
0.0800077
0.0648411
0.0789319
0.0925684
0.0961471
0.0723655
0.07954
0.0887958
0.0633684
0.087972
0.104298
0.0940871
0.088927
0.144246
0.121752
0.10015
0.115435
0.115049
0.115257
0.0900138
0.117197
0.0816871
0.10548
0.105778
0.0919492
0.103473
0.0991049
0.107733
0.0783596
0.0812842
0.0721066
0.088549
0.0848391
0.0819562
0.0786016
0.0730804
0.0821834
0.0710014
0.0807912
0.0831455
0.0830535
0.0892099
0.0749315
0.0825986
0.0826264
0.0746216
0.0769303
0.0654623
0.0774786
0.0800195
0.0890373
0.0888521
0.056098
0.0761253
0.08689
0.0850355
0.0796567
0.0936277
0.07922
0.0855235
0.0928489
0.0924826
0.10786
0.0735959
0.0685891
0.065461
0.0824546
0.0550932
0.0509854
0.0523407
0.0576825
0.0559295
0.0634585
0.0610377
0.054924
0.0654804
0.0494562
0.0476798
0.0749019
0.0726012
0.0651636
0.0577845
0.0634969
0.0675782
0.079886
0.084072
0.0810846
0.0909288
0.109606
0.0997951
0.11604
0.118136
0.134348
0.134839
0.150731
0.173928
0.189634
0.168674
0.156879
0.151943
0.102479
0.0692772
0.0719759
0.0536517
0.0563625
0.0585142
0.0499126
0.0569564
0.0621252
0.0784662
0.0330814
0.0613138
0.0564717
0.0521002
0.0548052
0.0482833
0.0633019
0.056892
0.0557386
0.072128
0.0516236
0.0687091
0.0582046
0.0515198
0.0367239
0.038175
0.0595191
0.0488013
0.0477856
0.0454404
0.053917
0.0459329
0.0486775
0.0448249
0.0449275
0.0510228
0.0373998
0.0462768
0.0486654
0.05098
0.0493585
0.0364313
0.047063
0.0518768
0.0397279
0.0398277
0.0345316
0.0544716
0.0522135
0.0503083
0.0499151
0.0465482
0.0646087
0.042979
0.0521627
0.062467
0.0436832
0.0513745
0.0494338
0.0383816
0.0371627
0.0316846
0.0548168
0.0382303
0.0265399
0.0442216
0.0363661
0.0446263
0.0528529
0.051785
0.0386314
0.0447969
0.0398952
0.0554531
0.0444796
0.0392044
0.0393815
0.0524915
0.047045
0.0468097
0.0538553
0.0427173
0.0408938
0.0387717
0.0437478
0.043086
0.0423334
0.0386164
0.0363802
0.0418861
0.0451432
0.0416204
0.0476305
0.0420925
0.0375605
0.0484637
0.0471907
0.0499622
0.0490199
0.0531834
0.0478919
0.0511639
0.060788
0.0582178
0.0628419
0.0598631
0.0761568
0.0787691
0.0774204
0.0893674
0.0764279
0.0892125
0.088865
0.0920326
0.0831627
0.0787147
0.0612356
0.0515375
0.0424803
0.0557468
0.0407474
0.0394355
0.0355985
0.039754
0.0410456
0.0367958
0.04206
0.0402888
0.0445446
0.0433173
0.0435601
0.0444806
0.0477412
0.0415016
0.0356478
0.0453889
0.050442
0.049691
0.0487123
0.0617762
0.0602146
0.0643673
0.0641151
0.0637187
0.073214
0.0850962
0.0830858
0.0867486
0.0965706
0.105006
0.114074
0.118044
0.122208
0.122389
0.114735
0.0960368
0.108756
0.0852988
0.0933706
0.0649492
0.0619498
0.0714998
0.0626704
0.0556681
0.0691514
0.0525311
0.070239
0.0750968
0.0479937
0.0590642
0.0599557
0.0550221
0.0547811
0.0680343
0.0685655
0.0739936
0.0649816
0.0716461
0.068667
0.0776483
0.0707854
0.0754046
0.0867873
0.0762485
0.090708
0.0829729
0.0941436
0.0956647
0.105921
0.107941
0.111114
0.120224
0.125508
0.134303
0.132882
0.139405
0.133236
0.12305
0.115064
0.110733
0.0960104
0.0933335
0.0781666
0.0841448
0.0638553
0.0696457
0.0669847
0.0677802
0.0703646
0.0788414
0.0660013
0.0713041
0.0730323
0.077704
0.065294
0.0613189
0.0610451
0.0545817
0.0598423
0.0521259
0.0647406
0.066016
0.0523821
0.0565326
0.0517052
0.0583136
0.0729672
0.0713525
0.0604327
0.0586776
0.0531001
0.0640862
0.0627771
0.0537528
0.0537208
0.0512374
0.048529
0.0689596
0.0499022
0.0561495
0.051999
0.0522649
0.061652
0.0599994
0.0630292
0.0479021
0.0654839
0.0600975
0.0619266
0.0599327
0.0556916
0.0649534
0.0552109
0.0520571
0.0513809
0.0509079
0.0639084
0.058626
0.0456292
0.0665705
0.0571356
0.0635779
0.0618456
0.074844
0.071664
0.0838316
0.0827169
0.0869236
0.0873512
0.0927869
0.0907313
0.0932094
0.0898516
0.0905483
0.0938123
0.0910484
0.0988436
0.0945138
0.103155
0.0947606
0.11199
0.0997263
0.0944915
0.109872
0.118391
0.100801
0.11153
0.115664
0.116613
0.143889
0.121141
0.132322
0.117951
0.111398
0.111526
0.101006
0.103335
0.0956343
0.0980921
0.0971744
0.0989767
0.0892864
0.0871944
0.109355
0.0937329
0.0907192
0.108193
0.100496
0.100128
0.113791
0.103616
0.112001
0.118716
0.126689
0.140588
0.11993
0.127801
0.132458
0.131038
0.128516
0.11892
0.113674
0.143045
0.106968
0.132477
0.132182
0.0995568
0.105985
0.0899232
0.111376
0.0968647
0.115389
0.103425
0.120254
0.0936007
0.0980969
0.108028
0.109825
0.097795
0.148164
0.131735
0.0988044
0.130873
0.153775
0.0919228
0.130748
0.158512
0.137012
0.115889
0.144855
0.147562
0.139494
0.174152
0.162905
0.172061
0.134062
0.167956
0.173308
0.163451
0.168316
0.175857
0.175699
0.175669
0.173292
0.199953
0.173778
0.185947
0.178041
0.176609
0.16632
0.163174
0.156782
0.144859
0.144669
0.141161
0.108579
0.150111
0.124746
0.0874799
0.0953391
0.103987
0.0773938
0.0901914
0.0983252
0.0860523
0.0562004
0.0782236
0.106208
0.107252
0.0854039
0.0993275
0.115871
0.0947338
0.101522
0.151448
0.088453
0.111464
0.137923
0.157274
0.168568
0.126543
0.168705
0.151877
0.148555
0.151869
0.166493
0.185555
0.170953
0.188844
0.196565
0.204721
0.187155
0.199707
0.197639
0.222966
0.210677
0.218139
0.234616
0.203561
0.218868
0.207486
0.214122
0.200781
0.218865
0.205689
0.181275
0.185281
0.183604
0.160945
0.158764
0.135396
0.148752
0.0810339
0.0740213
0.144537
0.0895118
0.0912553
0.0946193
0.104712
0.086013
0.0891078
0.104141
0.0725728
0.0894902
0.115996
0.0777668
0.08707
0.0851125
0.0923278
0.0919136
0.0917212
0.0856322
0.106342
0.124834
0.0687439
0.117939
0.149207
0.122977
0.122409
0.117243
0.106881
0.10079
0.112236
0.123537
0.058891
0.0885208
0.0862168
0.180838
0.0998405
0.136786
0.135097
0.174833
0.101662
0.109094
0.137362
0.157602
0.112511
0.192756
0.158318
0.129597
0.104566
0.101647
0.17005
0.124244
0.100728
0.109062
0.15978
0.13841
0.0853187
0.0973583
0.12002
0.11557
0.115224
0.148886
0.135233
0.112511
0.106834
0.127976
0.117758
0.100513
0.121685
0.154484
0.10778
0.159582
0.102515
0.0932109
0.0617625
0.11896
0.150858
0.0759433
0.0629633
0.134454
0.0988696
0.102578
0.0676639
0.119977
0.0512641
0.0829101
0.0640652
0.0871713
0.0830348
0.115197
0.112923
0.154215
0.061793
0.131359
0.119605
0.112854
0.0908579
0.140389
0.113262
0.057225
0.107334
0.172493
0.133086
0.101643
0.114096
0.133531
0.0631962
0.143289
0.128364
0.125474
0.111895
0.143436
0.155672
0.15159
0.150858
0.123872
0.13913
0.13078
0.132557
0.133478
0.135997
0.161016
0.11556
0.123981
0.120891
0.110903
0.102708
0.114206
0.129448
0.11657
0.123459
0.112882
0.0852906
0.119484
0.100394
0.111711
0.0911606
0.0791545
0.0892618
