0.178515
0.186579
0.18656
0.201079
0.196415
0.194204
0.195555
0.205058
0.207396
0.22293
0.225778
0.225902
0.232391
0.243263
0.245523
0.251747
0.25384
0.25795
0.253842
0.255141
0.252753
0.260516
0.255525
0.266475
0.269086
0.28177
0.289461
0.302287
0.305122
0.308517
0.311967
0.321647
0.324304
0.328631
0.330536
0.33638
0.343542
0.341085
0.340846
0.327413
0.321905
0.318464
0.325195
0.328494
0.338473
0.358998
0.369198
0.374077
0.379263
0.376402
0.371813
0.331483
0.312172
0.309794
0.309087
0.310265
0.334107
0.401114
0.406012
0.399656
0.358418
0.324519
0.266987
0.240043
0.210534
0.201961
0.201089
0.185312
0.169713
0.16961
0.156662
0.150228
0.152327
0.150117
0.145433
0.141192
0.1477
0.154879
0.151094
0.166237
0.159828
0.169806
0.171552
0.171144
0.178969
0.170575
0.178242
0.184957
0.185757
0.191541
0.204065
0.211138
0.218455
0.235974
0.256638
0.273947
0.300467
0.318972
0.338275
0.351597
0.354516
0.348176
0.345596
0.31073
0.285147
0.258358
0.242502
0.239346
0.244906
0.247128
0.255507
0.256142
0.260518
0.265021
0.263381
0.261672
0.256465
0.255728
0.245061
0.238709
0.246413
0.249143
0.259008
0.261439
0.273868
0.285954
0.287444
0.300805
0.303157
0.306979
0.314144
0.313426
0.317492
0.311567
0.310628
0.312603
0.328837
0.340322
0.343595
0.327573
0.309556
0.279751
0.260336
0.260271
0.276848
0.289003
0.291538
0.302143
0.314461
0.327974
0.336558
0.350064
0.35778
0.368242
0.37944
0.379419
0.38621
0.38643
0.387573
0.387666
0.388294
0.39384
0.4012
0.38147
0.355759
0.289246
0.238828
0.18179
0.164587
0.151483
0.136809
0.136215
0.135508
0.135153
0.138533
0.142113
0.150683
0.148128
0.163935
0.178984
0.17535
0.191384
0.188676
0.189022
0.1919
0.182207
0.175201
0.174445
0.168745
0.174173
0.168637
0.171365
0.166587
0.173544
0.175357
0.176111
0.181201
0.18625
0.181042
0.170773
0.168209
0.143456
0.144698
0.160502
0.141564
0.156879
0.162185
0.173841
0.179742
0.186757
0.188227
0.20341
0.208268
0.212107
0.217611
0.223495
0.226899
0.231039
0.231287
0.239159
0.244727
0.244938
0.233953
0.231345
0.21818
0.199293
0.200742
0.19276
0.190591
0.196641
0.216064
0.206072
0.209126
0.219396
0.226357
0.236111
0.255535
0.254635
0.264025
0.276054
0.285648
0.296475
0.306553
0.312115
0.320193
0.324298
0.330825
0.337474
0.340455
0.344496
0.359117
0.361426
0.363865
0.362782
0.355662
0.329378
0.286036
0.251338
0.22085
0.226116
0.221283
0.213213
0.221946
0.22791
0.223528
0.234272
0.237784
0.256915
0.263104
0.275096
0.273914
0.282052
0.294758
0.305126
0.30377
0.314865
0.312933
0.316425
0.309384
0.312424
0.291754
0.272356
0.236595
0.199164
0.171677
0.170345
0.162773
0.17547
0.178992
0.194425
0.181814
0.204356
0.215129
0.214322
0.222933
0.217508
0.203374
0.204886
0.21563
0.194209
0.193572
0.186455
0.182783
0.173177
0.172779
0.170661
0.173208
0.169511
0.177996
0.178108
0.186499
0.18397
0.187365
0.180195
0.180293
0.164662
0.161006
0.165062
0.176542
0.159487
0.159012
0.16049
0.158403
0.153375
0.155422
0.171819
0.147862
0.158419
0.157786
0.167815
0.168278
0.185844
0.187831
0.191715
0.198566
0.205851
0.209264
0.214783
0.218419
0.214235
0.235208
0.240307
0.240886
0.242821
0.223523
0.224239
0.218182
0.211591
0.208742
0.201357
0.210451
0.174661
0.169791
0.159334
0.191174
0.18717
0.183912
0.185259
0.197433
0.19709
0.200206
0.190619
0.197727
0.198797
0.195931
0.225012
0.223422
0.22538
0.226417
0.253722
0.269991
0.27074
0.281801
0.296652
0.294945
0.285745
0.292831
0.284741
0.261729
0.229034
0.191819
0.179092
0.182976
0.158655
0.161323
0.152255
0.165744
0.16492
0.182049
0.17705
0.177747
0.181318
0.186355
0.180567
0.162347
0.174258
0.155077
0.167024
0.161947
0.170901
0.162181
0.173339
0.167077
0.165241
0.17516
0.175614
0.184775
0.200397
0.215691
0.233389
0.264931
0.298166
0.3099
0.31655
0.324241
0.313358
0.300768
0.282736
0.264255
0.256872
0.256513
0.25017
0.252229
0.254608
0.252091
0.246185
0.242753
0.237258
0.247243
0.24087
0.245949
0.261191
0.253446
0.245957
0.233375
0.227985
0.20511
0.194149
0.195666
0.206577
0.202177
0.21608
0.193718
0.220872
0.225693
0.195612
0.214485
0.212069
0.205024
0.207233
0.221489
0.200114
0.205524
0.210411
0.214468
0.216997
0.23077
0.229385
0.223832
0.223547
0.217533
0.221068
0.210266
0.226973
0.206481
0.23383
0.22828
0.243225
0.235834
0.240411
0.249056
0.241513
0.255341
0.256452
0.258108
0.263334
0.279379
0.293527
0.314456
0.338026
0.378846
0.421459
0.414588
0.43792
0.412368
0.356927
0.332346
0.270045
0.250074
0.211561
0.212058
0.2818
0.322907
0.356623
0.430735
0.50156
0.522415
0.542654
0.507148
0.442063
0.333765
0.243319
0.201263
0.208711
0.185426
0.184866
0.173695
0.18974
0.196835
0.213753
0.229231
0.212344
0.215233
0.219241
0.207592
0.221846
0.215065
0.24008
0.225684
0.238378
0.247513
0.226729
0.230398
0.210957
0.172319
0.199312
0.171033
0.167852
0.188947
0.175777
0.147838
0.144012
0.143814
0.149137
0.128555
0.142223
0.130654
0.140136
0.137284
0.145307
0.150398
0.135732
0.154087
0.161825
0.163748
0.17043
0.191752
0.192606
0.174177
0.172468
0.191635
0.198846
0.177589
0.194942
0.195211
0.199749
0.177187
0.179333
0.18226
0.169006
0.157534
0.192202
0.174595
0.20131
0.201989
0.194187
0.211504
0.195304
0.199858
0.213105
0.194185
0.164343
0.173122
0.184106
0.168485
0.16872
0.181793
0.175937
0.171211
0.177371
0.164204
0.187269
0.180422
0.177952
0.183753
0.195916
0.193971
0.199967
0.204645
0.18165
0.194009
0.194221
0.167341
0.185696
0.17232
0.17867
0.171295
0.146484
0.16183
0.153155
0.115155
0.169443
0.151755
0.129831
0.143606
0.136
0.128818
0.145937
0.141555
0.133645
0.150601
0.117558
0.148202
0.147339
0.128873
0.154199
0.137006
0.136922
0.132663
0.125869
0.128034
0.116697
0.10084
0.110617
0.127971
0.111376
0.126021
0.141959
0.132228
0.151469
0.16309
0.153338
0.171278
0.166293
0.179167
0.194476
0.178813
0.183004
0.163922
0.137392
0.118018
0.113012
0.0913827
0.086178
0.0829677
0.0997611
0.105606
0.121969
0.147245
0.143906
0.167674
0.154883
0.172184
0.165053
0.142422
0.138073
0.15593
0.151448
0.159369
0.161791
0.164483
0.182939
0.184423
0.206623
0.181333
0.184889
0.204384
0.186925
0.169487
0.17476
0.166762
0.174928
0.169514
0.180818
0.205706
0.176398
0.161872
0.16696
0.188738
0.155158
0.174039
0.171507
0.18762
0.188616
0.172871
0.175379
0.181206
0.16123
0.155096
0.156282
0.160727
0.139414
0.148976
0.121977
0.144097
0.127225
0.127895
0.110879
0.111912
0.105891
0.0914661
0.095303
0.0902533
0.088012
0.0924315
0.0885562
0.0658891
0.0624707
0.0586284
0.066046
0.0603684
0.0652351
0.0732723
0.0726293
0.0549234
0.0556602
0.0674932
0.0678896
0.0609879
0.0676531
0.0645943
0.0489429
0.047303
0.055592
0.0527859
0.0596745
0.053973
0.0703758
0.0567996
0.0659242
0.0596642
0.0680824
0.0636797
0.0643259
0.0646271
0.0721385
0.0649745
0.0607856
0.0796124
0.0770287
0.0619183
0.0732511
0.0883047
0.0738508
0.0881346
0.0884549
0.0785631
0.0709137
0.0531046
0.0578174
0.0546931
0.0368395
0.053313
0.0453701
0.0464342
0.0465925
0.0363956
0.0249622
0.0603693
0.0569226
0.0383646
0.0685896
0.0722837
0.0513877
0.0608214
0.0633633
0.0418128
0.0547327
0.0654391
0.0540889
0.0520511
0.0574231
0.056494
0.0691063
0.0698416
0.0553485
0.0704475
0.0761672
0.0991283
0.123397
0.103295
0.128768
0.11148
0.118526
0.123253
0.125067
0.130665
0.126277
0.132046
0.133851
0.112171
0.138204
0.141443
0.115161
0.131831
0.135612
0.130129
0.157197
0.149973
0.181661
0.182113
0.182638
0.194379
0.196174
0.215719
0.224082
0.23406
0.25868
0.225483
0.259739
0.244138
0.201911
0.208129
0.138541
0.133144
0.151541
0.138116
0.145251
0.166835
0.148815
0.14601
0.173666
0.161755
0.158882
0.169635
0.180786
0.181428
0.187469
0.198338
0.199479
0.167717
0.160902
0.180424
0.174542
0.190867
0.206528
0.236298
0.234655
0.223531
0.274505
0.226289
0.217888
0.187989
0.21511
0.179057
0.185585
0.159437
0.163941
0.131212
0.126815
0.127777
0.100898
0.0801648
0.0781458
0.0656925
0.0433091
0.0412948
0.0182232
0.017752
0.0137597
0.0149639
0.00453569
0.0148425
0.00888906
0.0132169
0.011611
0.00900471
0.007089
0.0055434
0.00837496
0.0147947
0.0130962
0.0138873
0.0226867
0.0227728
0.0304363
0.0202033
0.0199272
0.0094126
0.00565684
0.00216357
0.00326346
0.00246511
0.00165065
0.00403103
0.00740845
0.00146403
0.00330327
0
0.000296457
0.000841109
0.00153058
0.00306439
0.00252314
0.00452217
0.015551
0.0180502
0.0185796
0.0191688
0.0152704
0.0166146
0.0215318
0.0153238
0.0121759
0.00573711
0.0108178
0.0163662
0.00973069
0.010009
0.0122486
0.0168277
0.0138804
0.0121958
0.0157496
0.0218469
0.0224038
0.0281071
0.0236643
0.0321199
0.0268141
0.021639
0.0247864
0.0211923
0.0248138
0.0189015
0.0259928
0.0263852
0.0237435
0.0182068
0.0268543
0.0225283
0.0225357
0.0248238
0.0222898
0.0262322
0.0243455
0.0336134
0.0253142
0.0309182
0.0350451
0.0389863
0.0319106
0.0304804
0.0289725
0.0236915
0.0251789
0.025413
0.0216889
0.0239235
0.0267669
0.0270874
0.0342798
0.0236549
0.0255124
0.0208043
0.021434
0.0201386
0.0272642
0.0270889
0.0299409
0.0348064
0.0429602
0.0462218
0.0435219
0.0572796
0.0488329
0.0530053
0.0541937
0.0596698
0.0656157
0.0649081
0.0551859
0.0560212
0.0635994
0.0674117
0.0609338
0.0659461
0.0625981
0.0634944
0.0722546
0.071481
0.0740965
0.0751116
0.0814012
0.0883906
0.0938641
0.110828
0.112824
0.104503
0.109363
0.111879
0.106191
0.108172
0.112039
0.104313
0.108499
0.113164
0.109762
0.100887
0.0946351
0.102063
0.101214
0.11197
0.105249
0.0980957
0.102057
0.107872
0.113572
0.125894
0.135244
0.140361
0.126435
0.130764
0.0999732
0.0952646
0.0876422
0.101926
0.0910035
0.095172
0.102936
0.102844
0.0944996
0.08913
0.0981997
0.0885044
0.0928446
0.0929012
0.088915
0.091498
0.0845428
0.0831426
0.0975724
0.0960147
0.0937853
0.0852678
0.0955352
0.0728062
0.0729243
0.0672693
0.0667317
0.0653985
0.0614664
0.059983
0.056867
0.0533077
0.0646326
0.0614137
0.045316
0.0525392
0.0569204
0.041514
0.0522922
0.0494639
0.0460699
0.05501
0.0443163
0.0454774
0.0505091
0.0544174
0.0644293
0.0715251
0.0669927
0.0598322
0.0597993
0.0376417
0.0280641
0.0231268
0.02259
0.0194788
0.0252159
0.0169453
0.0142522
0.0118947
0.0194323
0.00812816
0.0144668
0.0151046
0.00578702
0.0136139
0.0134006
0.00872408
0.0120294
0.0189669
0.0132117
0.030886
0.0308414
0.0238002
0.0259825
0.0533081
0.0400186
0.0578775
0.0524655
0.0313527
0.0399499
0.0479143
0.048441
0.0345851
0.0250678
0.0251927
0.0232806
0.0225394
0.00846355
0.0176498
0.018667
0.0219038
0.0225778
0.0121657
0.00520682
0.0135054
0.00684839
0.0127404
0.00996205
0.0142672
0.0200824
0.023874
0.00325392
0.0143968
0.0193232
0.0225709
0.0132332
0.0171987
0.0206873
0.0294823
0.0181643
0.0111357
0.0193811
0.0222826
0.0185055
0.00623582
0.0134886
0.0125051
0.00719187
0.0151778
0.0221655
0.0169906
0.0154064
0.0076448
0.0109736
0.0158766
0.0152391
0.0150989
0.0191374
0.017054
0.0166278
0.0254886
0.0172005
0.0239149
0.0320222
0.040286
0.0455638
0.0323452
0.0358497
0.0282675
0.0355459
0.0295477
0.0236476
0.0275181
0.0230246
0.0254354
0.0188135
0.0178722
0.0192822
0.0187906
0.0214338
0.0122457
0.0155054
0.0184641
0.0195038
0.0149237
0.019165
0.0238459
0.0213526
0.014411
0.0218217
0.0221319
0.0223412
0.0239913
0.0265576
0.0325774
0.0333443
0.0280796
0.0455596
0.033911
0.0439693
0.0440445
0.0350004
0.0394634
0.0407514
0.0437439
0.035603
0.0443247
0.0428689
0.032107
0.0443323
0.0364506
0.0373323
0.0398701
0.0395202
0.0400047
0.0433089
0.0413449
0.0429472
0.0390525
0.0475396
0.0387745
0.0470752
0.0482828
0.0509895
0.0472939
0.0571377
0.0634529
0.0693587
0.0829101
0.114521
0.190447
0.391571
0.618853
0.738618
0.753649
0.729781
0.602287
0.38319
0.180644
0.112133
0.0884372
0.0746003
0.0721661
0.0700785
0.0740289
0.0647476
0.0656992
0.0723312
0.0680308
0.0685356
0.062852
0.059983
0.0616568
0.0692336
0.0687456
0.06012
0.062511
0.0673188
0.065918
0.0607452
0.0627961
0.0541416
0.0595652
0.0532576
0.0529219
0.0544207
0.0553297
0.0549259
0.056024
0.0529317
0.0462357
0.0509035
0.0528842
0.053883
0.0589665
0.0549909
0.0617453
0.0655065
0.0604671
0.0584076
0.0617803
0.0658945
0.0644844
0.0569354
0.0649157
0.0714045
0.0613791
0.0646154
0.060067
0.0631396
0.0649134
0.0669569
0.0645702
0.0616193
0.059005
0.0633017
0.0684042
0.0593406
0.0620478
0.0588537
0.0612076
0.0564458
0.0548618
0.0635491
0.0569902
0.0537901
0.0594414
0.051865
0.0512219
0.0559986
0.0534922
0.0646679
0.0549
0.06072
0.0579297
0.0598153
0.0603955
0.0513986
0.0653541
0.0577526
0.0571013
0.0659771
0.0615074
0.0584728
0.0614621
0.0563864
0.0648537
0.056913
0.0697559
0.0667663
0.0686904
0.0704878
0.0672247
0.0734976
0.0660665
0.0754724
0.0760639
0.0673249
0.0735234
0.0831827
0.0617435
0.0704764
0.0905794
0.0645147
0.0623769
0.085247
0.0985659
0.0971889
0.0965161
0.0863234
0.0798548
0.0919473
0.0939069
0.0863644
0.0835558
0.0797513
0.0909666
0.0911881
0.0826363
0.0834633
0.0886656
0.0751473
0.0772251
0.0866794
0.0791933
0.0738254
0.0941157
0.0866375
0.0865822
0.0918399
0.0888765
0.0804648
0.0769665
0.092849
0.0966628
0.0515411
0.0880856
0.0842608
0.0999823
0.0865907
0.0734379
0.0956227
0.0892241
0.0969411
0.0814123
0.0911015
0.11177
0.103894
0.104866
0.122515
0.105988
0.0898365
0.138067
0.110385
0.0958473
0.121849
0.134933
0.149989
0.0949291
0.098124
0.112318
0.107746
0.122441
0.122655
0.126217
0.13473
0.163188
0.139719
0.155735
0.124492
0.156433
0.132428
0.138328
0.139869
0.114796
0.149973
0.129419
0.12545
0.13304
0.11715
0.11975
0.101639
0.115993
0.109524
0.10621
0.118848
0.106967
0.120029
0.104265
0.112939
0.0954588
0.0967853
0.123548
0.0961851
0.1175
0.0962593
0.104479
0.0921351
0.0927638
0.114318
0.098271
0.105594
0.0976637
0.0947778
0.114848
0.0971619
0.0971681
0.102363
0.106032
0.112523
0.135971
0.107961
0.105186
0.131222
0.119227
0.140643
0.124614
0.095541
0.0963617
0.0872203
0.0664483
0.0858375
0.0758264
0.0709521
0.0692358
0.0569926
0.0610151
0.0810376
0.0674556
0.0741056
0.085582
0.0870925
0.084535
0.0826289
0.0791046
0.0911658
0.0951008
0.102498
0.105646
0.118761
0.133013
0.145311
0.150163
0.1605
0.159075
0.183555
0.187918
0.211075
0.240567
0.253201
0.236937
0.227637
0.206
0.143787
0.0878993
0.077018
0.0761654
0.0829311
0.0660946
0.0629954
0.0630536
0.0552368
0.0630975
0.0621806
0.0728774
0.0661817
0.0764649
0.0774778
0.0680512
0.0784915
0.0705892
0.0581213
0.0657071
0.065767
0.0759165
0.0706171
0.0596581
0.0532734
0.0669164
0.0745621
0.0531265
0.0653831
0.0718156
0.0650858
0.0621635
0.0685231
0.0694158
0.0686455
0.0673272
0.0586687
0.0656772
0.0717479
0.0700056
0.0665092
0.0579697
0.0687102
0.0679969
0.0612597
0.0625692
0.0657843
0.0742662
0.0636597
0.0666936
0.0688022
0.0655462
0.0695533
0.0697038
0.0734576
0.0734251
0.0643853
0.0637686
0.0562144
0.0525067
0.0618992
0.050032
0.0648985
0.0548652
0.054741
0.0520145
0.0455236
0.0537959
0.0606225
0.057257
0.0419369
0.0591702
0.0597915
0.0626497
0.0520378
0.0558911
0.0604193
0.0605437
0.0644648
0.0575085
0.0658393
0.056954
0.0503383
0.0515868
0.0530012
0.0555509
0.0550631
0.0538261
0.052028
0.055926
0.0596287
0.0611264
0.0636725
0.0494253
0.0505436
0.0684516
0.071313
0.0716848
0.0663223
0.0771837
0.0675688
0.0770173
0.0835252
0.0820289
0.0800547
0.0895191
0.0853818
0.0834283
0.0966705
0.107179
0.104792
0.120412
0.112892
0.12273
0.111296
0.0955663
0.0834927
0.0816116
0.0532107
0.0662334
0.0548062
0.0628653
0.0470323
0.0501192
0.0547686
0.05286
0.0574305
0.0517892
0.0614897
0.0577849
0.0625939
0.0600144
0.0597525
0.0562907
0.0591556
0.0648749
0.0655928
0.0703728
0.0741392
0.0767656
0.0834195
0.082671
0.0930399
0.0938182
0.101967
0.10804
0.11259
0.122563
0.136128
0.149968
0.159424
0.159581
0.165865
0.161825
0.149493
0.141649
0.138633
0.11733
0.115005
0.0925761
0.0885467
0.0818952
0.0869792
0.0799478
0.0753988
0.0696047
0.0812447
0.0845927
0.073219
0.0869512
0.0752581
0.0894903
0.0779525
0.0857189
0.0841154
0.102213
0.096928
0.0941453
0.092983
0.103008
0.108243
0.108414
0.114167
0.107841
0.12381
0.1243
0.139497
0.137459
0.147802
0.151485
0.162789
0.164518
0.180329
0.189371
0.194967
0.200386
0.186556
0.181424
0.168509
0.155133
0.134829
0.12379
0.112311
0.107288
0.0995245
0.0986566
0.092724
0.0937385
0.098146
0.0991444
0.101367
0.102401
0.0903943
0.0915626
0.0960553
0.100121
0.0864504
0.0797713
0.080878
0.0704175
0.0752787
0.0681127
0.0653795
0.0851127
0.0753353
0.0799723
0.0852059
0.0879748
0.0764509
0.0728879
0.0736871
0.0803677
0.0848044
0.0745637
0.0759768
0.0824822
0.077986
0.0811583
0.0759625
0.0832526
0.0798966
0.0814009
0.0829533
0.0855795
0.0753957
0.0749969
0.0848181
0.0867931
0.083096
0.082024
0.0808402
0.0878377
0.087513
0.0812429
0.0741618
0.0716328
0.0858608
0.0817966
0.0811452
0.0797181
0.0852339
0.0918372
0.0798995
0.0894825
0.0835295
0.0859425
0.0847204
0.0895937
0.0883015
0.0875363
0.0940284
0.0899448
0.090539
0.0935285
0.0932797
0.0913154
0.0945209
0.101256
0.111319
0.106508
0.138077
0.141291
0.138099
0.154509
0.130863
0.144409
0.150387
0.152584
0.157049
0.175202
0.182236
0.200146
0.178808
0.169341
0.146378
0.142816
0.149824
0.125247
0.134038
0.13556
0.111
0.112217
0.116735
0.122426
0.120202
0.118328
0.129783
0.138307
0.142018
0.138767
0.136372
0.124828
0.154171
0.171885
0.165294
0.161691
0.172194
0.162247
0.169162
0.161554
0.173842
0.156515
0.154902
0.143089
0.151571
0.151258
0.126079
0.143858
0.133808
0.146547
0.135365
0.118279
0.144949
0.141305
0.134381
0.159257
0.166285
0.164427
0.133755
0.163486
0.140111
0.13967
0.182334
0.184621
0.174485
0.183333
0.199237
0.183169
0.175655
0.198039
0.177078
0.193398
0.221616
0.221585
0.223165
0.209011
0.206232
0.222944
0.230427
0.226999
0.233678
0.231443
0.238632
0.24477
0.254244
0.246761
0.233976
0.239128
0.224386
0.232253
0.231084
0.221291
0.211628
0.194525
0.177044
0.165004
0.178344
0.163118
0.137254
0.137689
0.129386
0.118969
0.144715
0.108914
0.110718
0.0985198
0.111311
0.138409
0.100313
0.111258
0.132082
0.128047
0.116824
0.146205
0.184468
0.190503
0.143318
0.172867
0.194033
0.218346
0.172619
0.199875
0.213064
0.191711
0.207373
0.237407
0.258307
0.225437
0.254187
0.266351
0.250608
0.262534
0.27776
0.285362
0.284041
0.293111
0.284802
0.282527
0.295486
0.284857
0.302859
0.282325
0.279071
0.276543
0.268153
0.261482
0.264641
0.266396
0.228314
0.222357
0.185191
0.182726
0.159995
0.120383
0.168874
0.103275
0.0987967
0.105351
0.109506
0.136708
0.142862
0.131486
0.0952742
0.0819707
0.117816
0.121982
0.0949425
0.08407
0.0876303
0.108475
0.105785
0.137472
0.107952
0.107129
0.108791
0.102319
0.141869
0.12867
0.137002
0.0975715
0.14171
0.17083
0.163776
0.149696
0.101662
0.149566
0.139649
0.121105
0.158524
0.125581
0.186423
0.174862
0.107666
0.130159
0.131718
0.169464
0.132759
0.177652
0.115508
0.160823
0.1174
0.145481
0.154311
0.204708
0.15028
0.138814
0.154568
0.157121
0.145783
0.119949
0.169089
0.185416
0.1273
0.141165
0.140128
0.130149
0.135745
0.153302
0.148456
0.0982585
0.125444
0.18094
0.106839
0.0930737
0.131105
0.106948
0.150944
0.163276
0.155519
0.0946147
0.104913
0.166517
0.102179
0.130017
0.14126
0.126169
0.0819205
0.120966
0.13413
0.0760419
0.120362
0.148133
0.174381
0.168164
0.0994287
0.118204
0.136178
0.0903558
0.122877
0.161298
0.188456
0.128378
0.124168
0.169457
0.173763
0.156784
0.113868
0.12121
0.108279
0.187824
0.14662
0.15082
0.191258
0.163523
0.168902
0.17093
0.138919
0.165885
0.135774
0.153903
0.173428
0.170318
0.155161
0.187679
0.130546
0.149889
0.156561
0.161901
0.127649
0.171237
0.14319
0.137144
0.184613
0.151426
0.108625
0.139347
0.096459
0.132439
0.107523
0.0939265
0.0745846
