0.129292
0.127075
0.132347
0.147282
0.138078
0.134235
0.135828
0.136391
0.141395
0.154312
0.154896
0.158708
0.168008
0.167878
0.170171
0.176493
0.174159
0.173277
0.174501
0.174841
0.167108
0.176771
0.172202
0.177089
0.182179
0.189461
0.196138
0.198238
0.202654
0.20257
0.205215
0.212328
0.214223
0.217078
0.216192
0.218859
0.219653
0.2201
0.219646
0.210309
0.211007
0.210945
0.204618
0.20818
0.216091
0.227307
0.231851
0.238605
0.241802
0.23904
0.237405
0.225362
0.212494
0.210336
0.209743
0.211042
0.227325
0.254221
0.255067
0.242481
0.227351
0.203811
0.165544
0.152813
0.13434
0.129873
0.142224
0.131509
0.117322
0.118168
0.120288
0.112773
0.112984
0.112683
0.114003
0.104456
0.112479
0.108534
0.1137
0.120303
0.113086
0.115616
0.118901
0.119187
0.124312
0.125521
0.133442
0.133892
0.136492
0.138728
0.143445
0.150383
0.15121
0.160547
0.173058
0.178235
0.188906
0.19082
0.204889
0.215528
0.212299
0.211616
0.214211
0.200495
0.184687
0.174653
0.169852
0.167458
0.170455
0.172742
0.178202
0.178397
0.180473
0.181289
0.182677
0.178097
0.169402
0.170559
0.164896
0.163691
0.162665
0.164029
0.174298
0.176266
0.183558
0.191866
0.185483
0.193503
0.205097
0.207643
0.20565
0.208572
0.211836
0.211256
0.210715
0.211667
0.216479
0.220429
0.219914
0.207997
0.19956
0.183602
0.166861
0.167626
0.172106
0.182066
0.188258
0.196328
0.197856
0.211618
0.212815
0.225195
0.225442
0.23281
0.241774
0.24319
0.242474
0.249286
0.246959
0.247581
0.251233
0.249897
0.250349
0.235572
0.231448
0.184917
0.161556
0.13192
0.121172
0.115592
0.108212
0.112156
0.11094
0.113506
0.112807
0.118078
0.122882
0.115566
0.126205
0.132944
0.129759
0.128254
0.129452
0.126978
0.130591
0.131791
0.128282
0.123659
0.122783
0.127587
0.125998
0.133138
0.134671
0.132448
0.133997
0.136386
0.135302
0.133921
0.130946
0.112524
0.110533
0.108857
0.098896
0.10822
0.0951827
0.110592
0.113117
0.112543
0.118518
0.135301
0.131609
0.144073
0.147512
0.151126
0.155368
0.155845
0.157901
0.160655
0.164013
0.169046
0.168449
0.165308
0.161795
0.158007
0.141724
0.125931
0.12344
0.12703
0.121131
0.127298
0.136826
0.133845
0.134248
0.144688
0.146711
0.151622
0.166388
0.165348
0.170416
0.178932
0.18408
0.193641
0.196596
0.202022
0.207209
0.212274
0.213062
0.213993
0.214734
0.216543
0.226485
0.221224
0.225909
0.223024
0.216835
0.199109
0.177057
0.156186
0.139499
0.138918
0.13993
0.134807
0.135202
0.153537
0.140523
0.145726
0.150322
0.158162
0.162154
0.180754
0.181656
0.187468
0.185097
0.198871
0.198316
0.19968
0.204169
0.205344
0.204189
0.209755
0.195658
0.179732
0.169622
0.139998
0.12792
0.126505
0.12778
0.125748
0.129646
0.133721
0.121538
0.136163
0.141198
0.124764
0.13878
0.146775
0.123892
0.142912
0.145084
0.129271
0.130164
0.131885
0.144081
0.125428
0.125803
0.126489
0.131192
0.128261
0.128119
0.127599
0.134208
0.131835
0.133757
0.123651
0.116032
0.111733
0.10448
0.1016
0.105748
0.105769
0.0978369
0.113493
0.102061
0.109127
0.101096
0.120731
0.10432
0.102233
0.106042
0.117173
0.127796
0.125157
0.132295
0.134167
0.136623
0.142244
0.148353
0.151029
0.157543
0.14925
0.165924
0.157232
0.153967
0.154963
0.138715
0.144398
0.139548
0.139154
0.124193
0.122452
0.140826
0.105428
0.0899143
0.0966173
0.114004
0.120373
0.112403
0.11099
0.121836
0.117621
0.127853
0.112961
0.132686
0.130395
0.127163
0.150824
0.14624
0.146944
0.15214
0.164669
0.173151
0.180252
0.176463
0.195308
0.188431
0.178932
0.184231
0.179281
0.169335
0.147148
0.124501
0.115301
0.120824
0.105942
0.103334
0.0937991
0.109218
0.0959088
0.132851
0.120362
0.121093
0.106379
0.108984
0.112757
0.0995887
0.104749
0.112653
0.114792
0.12187
0.120495
0.11358
0.125075
0.124516
0.113512
0.131206
0.125702
0.132105
0.13895
0.138672
0.157871
0.171879
0.186215
0.19336
0.196914
0.200396
0.191313
0.180699
0.170449
0.154275
0.138737
0.156874
0.148166
0.153111
0.163065
0.152703
0.152043
0.153194
0.15854
0.15385
0.155332
0.162993
0.171199
0.165876
0.166723
0.157924
0.157639
0.15132
0.136623
0.1385
0.145549
0.133567
0.136211
0.121975
0.142717
0.129794
0.132556
0.135683
0.121235
0.139066
0.130078
0.136044
0.110913
0.142644
0.137342
0.132415
0.133901
0.129986
0.111165
0.150906
0.138774
0.147842
0.139264
0.142224
0.139302
0.127146
0.139146
0.145603
0.158224
0.149465
0.149698
0.167117
0.161177
0.165766
0.17063
0.166116
0.168273
0.178473
0.19069
0.189235
0.207159
0.218025
0.232721
0.228482
0.225133
0.227596
0.208803
0.193684
0.157676
0.151089
0.127523
0.139962
0.168391
0.230229
0.249706
0.298627
0.348788
0.378849
0.376751
0.346689
0.310471
0.223999
0.160389
0.124243
0.120275
0.104954
0.100255
0.112893
0.115879
0.125928
0.139266
0.159113
0.13008
0.147055
0.153888
0.141064
0.139084
0.143499
0.15675
0.157176
0.153567
0.159644
0.144912
0.148138
0.130998
0.118996
0.14471
0.103722
0.112937
0.113338
0.12226
0.105744
0.108941
0.100293
0.09174
0.0914617
0.103104
0.103208
0.106062
0.0860802
0.10578
0.109167
0.098018
0.1134
0.110401
0.110496
0.11493
0.135338
0.13355
0.110353
0.127973
0.123908
0.125724
0.0942708
0.117699
0.111081
0.130963
0.12961
0.110402
0.112612
0.116211
0.0963558
0.117234
0.128802
0.122583
0.109941
0.123897
0.145517
0.11568
0.122452
0.128495
0.136631
0.102559
0.13595
0.114938
0.115245
0.113438
0.122615
0.111714
0.110772
0.113367
0.108104
0.117367
0.128508
0.12896
0.124618
0.138135
0.11696
0.133463
0.125829
0.118106
0.113928
0.113434
0.0810238
0.106936
0.105522
0.111906
0.109217
0.0898611
0.0829379
0.10419
0.0818043
0.0993154
0.0917263
0.0764272
0.0881074
0.0965099
0.0860004
0.101097
0.0994566
0.0960776
0.0926978
0.0680125
0.0855578
0.101327
0.0933353
0.105709
0.0870022
0.101497
0.0940726
0.0794734
0.074239
0.0748535
0.0641619
0.0727208
0.0890599
0.074397
0.0714371
0.0842567
0.0906957
0.0994488
0.102232
0.0936036
0.101912
0.0947456
0.105506
0.121944
0.104591
0.112341
0.0934187
0.0682585
0.0724804
0.0687647
0.0578608
0.0552373
0.0597219
0.064551
0.0542553
0.0723653
0.0976028
0.0861266
0.10434
0.104682
0.101526
0.0940669
0.0731503
0.0662631
0.0819476
0.0829849
0.100135
0.101588
0.101858
0.10172
0.113732
0.1314
0.0982056
0.103322
0.141175
0.119303
0.107903
0.0812939
0.0833731
0.0869225
0.102657
0.124856
0.137851
0.10323
0.10309
0.110032
0.104719
0.0963024
0.122962
0.11561
0.10593
0.131516
0.100541
0.103155
0.106331
0.0936522
0.0854047
0.0857355
0.0934689
0.0751923
0.103822
0.0856107
0.0892212
0.0866024
0.0871164
0.0790324
0.0677415
0.0603243
0.0703846
0.0579238
0.0489859
0.0650343
0.0452066
0.0525574
0.0434224
0.0477498
0.0385217
0.0437674
0.0287283
0.0418586
0.0411606
0.043457
0.0304594
0.03311
0.0441269
0.0422449
0.0492479
0.0423243
0.0320039
0.0269902
0.037506
0.0420319
0.0346289
0.0380962
0.0483868
0.0518471
0.0464758
0.0483781
0.0339565
0.0539459
0.0398707
0.0461459
0.050041
0.0358862
0.0346478
0.040076
0.0522008
0.0553528
0.0467032
0.0502158
0.0517974
0.0446907
0.0568205
0.055082
0.0543483
0.0542274
0.0473578
0.0563788
0.0422258
0.0280825
0.0327906
0.0283532
0.0352471
0.0304124
0.0218159
0.0212389
0.0328461
0.0408133
0.0264921
0.0369514
0.0301482
0.0274999
0.0372451
0.0439987
0.0401995
0.0281873
0.0289938
0.0327641
0.0226159
0.0287568
0.0401782
0.0429527
0.0456206
0.0394639
0.0447689
0.0523889
0.0630899
0.0818088
0.0614506
0.0794198
0.0698195
0.0783057
0.0579257
0.081674
0.0791228
0.0650595
0.0608102
0.0575222
0.0777542
0.0773
0.0887132
0.0720329
0.0885869
0.0743851
0.0839292
0.0883726
0.108884
0.120289
0.101719
0.114924
0.0839857
0.0952577
0.120283
0.124953
0.129346
0.125612
0.134128
0.158556
0.123694
0.106755
0.121957
0.0628303
0.0866622
0.0735797
0.0930007
0.103485
0.12219
0.0842217
0.0746057
0.0973867
0.0698485
0.0848014
0.101598
0.108098
0.123828
0.126793
0.124763
0.112614
0.101656
0.102087
0.131264
0.121438
0.120567
0.134534
0.141017
0.156561
0.114677
0.1502
0.130264
0.127864
0.121385
0.133867
0.1033
0.117603
0.0825834
0.0818533
0.0899558
0.0901759
0.0697293
0.0613619
0.0367862
0.0399377
0.0437427
0.0233692
0.0249669
0.0221833
0.0163857
0.0202337
0.0189469
0.00670953
0.0117836
0.0143636
0.0152195
0.0188254
0.0052912
0.0161361
0.0117337
0.0192347
0.0161254
0.0178074
0.0127626
0.0174676
0.0194781
0.0229487
0.00729021
0.0233746
0.00708466
0.000808204
0.0022481
0.00596127
0.000365384
0.0062453
0.00424512
0.00698634
0.00163475
0.00325421
0
0.00378613
0.00640962
0.00526161
0.00447007
0.00945123
0.00711787
0.0162466
0.0147549
0.0113086
0.0115856
0.0130122
0.0154171
0.0159758
0.00664332
0.0139799
0.00684431
0.00388485
0.00856748
0.0103995
0.0103822
0.012605
0.012737
0.0124494
0.00559741
0.0148415
0.0151619
0.0180706
0.0224759
0.0170445
0.0261526
0.0153555
0.0131987
0.018073
0.00789119
0.0163207
0.0146469
0.0204819
0.0236351
0.0158241
0.0137327
0.0162401
0.0163219
0.0175341
0.0206158
0.0152031
0.0161903
0.0179136
0.0175928
0.0186844
0.0239497
0.0160586
0.0285488
0.0210372
0.0167592
0.0148978
0.0178181
0.0200458
0.0185466
0.0128685
0.0151877
0.0153054
0.0117497
0.019858
0.014223
0.0166466
0.0128142
0.0136896
0.010267
0.0217512
0.0185629
0.0220188
0.0293331
0.0279686
0.0250074
0.0244695
0.0286773
0.0283664
0.0296585
0.0261058
0.0433945
0.0334614
0.0373395
0.029176
0.0302471
0.0375935
0.0381788
0.0403183
0.0375436
0.0467003
0.0408014
0.0468062
0.043952
0.0469977
0.0526892
0.0448754
0.0594539
0.0579421
0.0648967
0.0570737
0.0526133
0.0626102
0.0582595
0.0600835
0.06297
0.0550827
0.0574934
0.064268
0.0660455
0.0605068
0.0635823
0.0603015
0.0660396
0.0524329
0.0610795
0.0558272
0.0583629
0.0589889
0.0541902
0.0613733
0.0737477
0.0843457
0.0803032
0.0812118
0.0715494
0.0552807
0.062637
0.0486855
0.0426548
0.0536574
0.0566039
0.0612319
0.0626796
0.0561946
0.0473803
0.0530091
0.0571838
0.0541226
0.0488868
0.0603725
0.0592462
0.0463319
0.0411576
0.0645485
0.0587732
0.0586258
0.0532639
0.0482339
0.0289359
0.0364234
0.0399217
0.0536492
0.0343598
0.0397806
0.0536503
0.0414829
0.0304034
0.0461531
0.0491338
0.030489
0.0243412
0.0261156
0.0282946
0.0353667
0.0269889
0.0328756
0.0354339
0.0307078
0.0293037
0.0367355
0.0272397
0.0423178
0.0437463
0.0353138
0.0304961
0.0283792
0.0226707
0.0250029
0.0137922
0.00969237
0.0123365
0.0249068
0.0192833
0.0141199
0.00286665
0.00731059
0.000475182
0.00603719
0.0127318
0.00950799
0.0159839
0.00840667
0.0112269
0.00832684
0.0154007
0.0181375
0.0165293
0.0135296
0.0111088
0.0291665
0.0228893
0.0161756
0.0285814
0.0324628
0.0193198
0.037908
0.0311208
0.0228284
0.0186546
0.0222563
0.0174917
0.0182378
0.0145694
0.013695
0.0104841
0.0153813
0.0177707
0.01343
0.00982452
0.00394881
0.0177865
0.008294
0.0196024
0.00633669
0.00513943
0.0130415
0.00839887
0.00594836
0.000710168
0.00699886
0.0215995
0.0106295
0.0119103
0.023094
0.00999036
0.011436
0.0172037
0.0161627
0.0217857
0.0122524
0.00897308
0.00680914
0.00964522
0.0049878
0.00872399
0.00913428
0.0128686
0.0161412
0.00768722
0.00544298
0.0107237
0.00423301
0.00871693
0.00410802
0.0128059
0.0173555
0.0183652
0.0137879
0.00916058
0.0203604
0.0207906
0.027097
0.0172719
0.0224287
0.0157147
0.0223439
0.00810897
0.0116266
0.0208239
0.00910656
0.017545
0.0168842
0.0219166
0.0190274
0.0103376
0.00965413
0.0106566
0.00479814
0.0163597
0.0137266
0.00824075
0.018551
0.0158347
0.0118041
0.00889671
0.014556
0.00919143
0.0193378
0.0164672
0.0134458
0.02521
0.0173265
0.0160485
0.0303761
0.0243015
0.0303469
0.0310643
0.0220031
0.0346978
0.0295316
0.0265851
0.026176
0.0308469
0.0249959
0.0121752
0.0295403
0.0234723
0.0242866
0.0232052
0.0284719
0.0291896
0.0265811
0.0217479
0.0250194
0.0296012
0.031512
0.0247852
0.0257552
0.0319386
0.0259745
0.0287891
0.0361366
0.0377904
0.0493564
0.0463784
0.0778596
0.12016
0.28147
0.447064
0.535969
0.543392
0.53335
0.446186
0.269168
0.122746
0.074953
0.0576411
0.0415457
0.0461234
0.046682
0.0356599
0.0377186
0.0389376
0.0488718
0.0385621
0.0390704
0.0367081
0.0381869
0.035834
0.0373475
0.0358126
0.0384026
0.0366273
0.0400757
0.0367369
0.0336081
0.0390768
0.0312842
0.03023
0.0346039
0.0272619
0.0246233
0.0297099
0.0362563
0.0365195
0.0351401
0.0339164
0.0268185
0.0318295
0.0373299
0.0319716
0.028939
0.0368032
0.036511
0.0350856
0.0332975
0.0436687
0.0453164
0.0408313
0.0418638
0.0396128
0.0468663
0.0341409
0.0295174
0.0424424
0.0392733
0.0372314
0.0428442
0.0391916
0.0325798
0.036224
0.0323142
0.0393966
0.0386045
0.0354145
0.0334906
0.0321198
0.031967
0.0294947
0.0373405
0.0422495
0.0360204
0.0396566
0.0431374
0.0287473
0.0385796
0.0351678
0.0354579
0.0297214
0.033384
0.035448
0.0415012
0.0428439
0.0275715
0.0367646
0.0295316
0.0301421
0.0330448
0.0333151
0.0304057
0.0445022
0.0317399
0.0402742
0.0328982
0.0331484
0.0371941
0.0368846
0.0396315
0.0286317
0.0343479
0.0345359
0.0500556
0.0534902
0.0414079
0.04342
0.0475943
0.0370019
0.0420174
0.0509058
0.0406621
0.0458767
0.0355984
0.0438682
0.0537187
0.0613027
0.0548923
0.0364752
0.0594655
0.0609945
0.0481654
0.0537307
0.0475716
0.0397536
0.0495693
0.0449518
0.0453151
0.0531703
0.0378497
0.0468811
0.0552714
0.05213
0.0440882
0.0542713
0.0483398
0.0478065
0.0480198
0.0556314
0.0541265
0.0394354
0.0555433
0.05803
0.0167093
0.0416828
0.0478698
0.0660912
0.0575079
0.0584615
0.0530241
0.0549911
0.0427802
0.0654657
0.0568863
0.0519926
0.0669433
0.0409249
0.0644614
0.0463942
0.0457067
0.0930708
0.060469
0.0540714
0.0632953
0.0693053
0.100494
0.0946687
0.0779865
0.0755091
0.0725695
0.0727619
0.0865794
0.0672074
0.0727549
0.116604
0.0930744
0.0747136
0.0812974
0.103953
0.0899031
0.0919881
0.0557454
0.0751422
0.0965703
0.0828744
0.0649307
0.072903
0.0814617
0.0920451
0.0533032
0.0898456
0.0542497
0.0660529
0.0686135
0.0527604
0.0850758
0.0597064
0.0690458
0.0501659
0.0590415
0.0804375
0.0626459
0.0871953
0.0472139
0.0595814
0.0553071
0.0621955
0.0619212
0.0608387
0.0606906
0.0625208
0.035746
0.0814922
0.0455703
0.0567146
0.060427
0.0638232
0.0704221
0.06226
0.0818908
0.0796322
0.0744327
0.0628568
0.0639671
0.0819678
0.0862361
0.087746
0.0386612
0.0413482
0.0445152
0.0381394
0.0313862
0.0318808
0.0223601
0.0348633
0.0608522
0.0330621
0.0441025
0.0551084
0.0396875
0.0542736
0.0700598
0.0661385
0.0564061
0.0501206
0.0576559
0.0579846
0.0657425
0.0756517
0.107077
0.0853096
0.0997105
0.100214
0.117425
0.110738
0.135029
0.159875
0.154101
0.143681
0.144419
0.127411
0.0834594
0.0574024
0.0511353
0.0356191
0.0549932
0.0440916
0.0375962
0.0507603
0.0348658
0.0372615
0.0337359
0.0482649
0.035894
0.0403204
0.035744
0.0373265
0.0460672
0.0567644
0.0381404
0.049482
0.0360678
0.0478141
0.0474719
0.037175
0.0288424
0.0417659
0.0435259
0.0338322
0.0405167
0.0462795
0.0436952
0.0345835
0.0390724
0.0367872
0.0304336
0.0365633
0.0295154
0.0351477
0.0383604
0.0409978
0.0312653
0.0360063
0.0410179
0.0472197
0.036603
0.0292281
0.0388221
0.0474838
0.0392146
0.0397113
0.0426284
0.0414885
0.0495311
0.0511913
0.0417252
0.0401475
0.0301257
0.0507513
0.0327086
0.0292034
0.0396478
0.0178466
0.0444736
0.0258087
0.0201423
0.0453275
0.0340292
0.0374446
0.038868
0.0415927
0.0177634
0.0497743
0.0380934
0.0461503
0.0207414
0.0329479
0.035864
0.0369112
0.044365
0.0407302
0.0431173
0.0352452
0.0319873
0.0347595
0.0353599
0.0322727
0.0317798
0.034719
0.032142
0.0339114
0.040368
0.0330973
0.0378847
0.0339184
0.0304944
0.0428079
0.0446842
0.0463359
0.0395527
0.0438559
0.0378128
0.0486392
0.0470739
0.0575781
0.0571647
0.0604468
0.0654027
0.0595335
0.0612027
0.0688892
0.0656251
0.0751835
0.0681559
0.0822924
0.0709208
0.0646789
0.050221
0.0533053
0.0378723
0.0393344
0.0286548
0.0377824
0.0275003
0.0344726
0.0366502
0.0323471
0.0375617
0.0321889
0.0365807
0.0319555
0.0401
0.0342662
0.0380511
0.0322536
0.0327152
0.0385545
0.0383253
0.0426018
0.0435927
0.0523793
0.0500976
0.0530582
0.0575223
0.0592586
0.0701087
0.0640818
0.0699036
0.0760845
0.0847964
0.0989008
0.103887
0.103554
0.106483
0.107579
0.107674
0.0948202
0.0937217
0.0686273
0.0737274
0.0598324
0.0449102
0.0564358
0.0465501
0.0472552
0.0519363
0.0440772
0.0582351
0.0544607
0.0412089
0.0497815
0.0476775
0.0455728
0.0452611
0.0519568
0.0601331
0.0583348
0.0586142
0.0609626
0.0565384
0.0624079
0.064545
0.0674558
0.0691459
0.0710427
0.0769521
0.082328
0.0880886
0.0795581
0.0914824
0.0941298
0.109453
0.0998008
0.109826
0.118393
0.115244
0.11922
0.119642
0.106997
0.100013
0.100129
0.0824387
0.078049
0.0588633
0.0680332
0.0615871
0.0595586
0.0601438
0.05313
0.0608959
0.0705996
0.0589862
0.0632124
0.0479517
0.0506001
0.0563477
0.0535421
0.0642094
0.0498149
0.0479069
0.0534745
0.0264771
0.039623
0.0436843
0.0363857
0.0462077
0.0408417
0.0513289
0.054452
0.0390692
0.0453737
0.043626
0.049258
0.0508341
0.0469201
0.0410399
0.0386668
0.0471031
0.0553226
0.04796
0.0465774
0.0444594
0.0442552
0.0473663
0.0496327
0.0473869
0.0411217
0.0508481
0.0481002
0.052678
0.0481419
0.0402346
0.0513775
0.0476733
0.0428996
0.0412144
0.0314525
0.0496128
0.0483449
0.0444788
0.0457192
0.0461406
0.0515961
0.0561427
0.0603219
0.0554062
0.0746625
0.0747413
0.0847318
0.0804567
0.0827104
0.0801224
0.0846458
0.0815402
0.0786483
0.084305
0.0779121
0.0886306
0.0712222
0.0828828
0.0786257
0.0972935
0.0801249
0.0985167
0.108359
0.0804634
0.0863224
0.0894493
0.09916
0.0976475
0.105008
0.106672
0.102766
0.115329
0.0892445
0.109033
0.0867147
0.0780945
0.0747117
0.0918658
0.0634334
0.0836773
0.0635371
0.0817266
0.0888576
0.0767838
0.0776153
0.0938109
0.0971507
0.0935587
0.0883609
0.0897383
0.0935519
0.111999
0.119873
0.114949
0.108641
0.114532
0.117056
0.110432
0.117376
0.103914
0.112294
0.111728
0.108214
0.0998255
0.110252
0.0723942
0.106339
0.0969599
0.096647
0.0653774
0.0636309
0.0973026
0.0978758
0.0975023
0.0930128
0.107535
0.111667
0.112522
0.0972796
0.110108
0.0829968
0.118309
0.105107
0.0964092
0.125651
0.117589
0.119312
0.114179
0.131631
0.114797
0.122709
0.160023
0.158363
0.140815
0.1199
0.149237
0.154409
0.158345
0.146028
0.167976
0.149139
0.161399
0.157358
0.184341
0.161583
0.152525
0.153764
0.159799
0.161378
0.14273
0.134197
0.12369
0.132913
0.120789
0.0913368
0.124595
0.10337
0.0804039
0.0856412
0.0869379
0.0726109
0.0794535
0.0827397
0.067887
0.0511467
0.0492101
0.100417
0.0392055
0.0208731
0.0639477
0.106001
0.0983557
0.100973
0.0969725
0.0792409
0.0798371
0.0895318
0.098977
0.124771
0.11849
0.133022
0.14405
0.105617
0.117169
0.146927
0.13934
0.143844
0.157051
0.161364
0.176325
0.168394
0.17908
0.157405
0.188477
0.182348
0.202041
0.18381
0.195274
0.200257
0.199842
0.188938
0.175127
0.184442
0.166329
0.153882
0.16439
0.184006
0.137443
0.164614
0.116291
0.101503
0.0921305
0.0739668
0.0860052
0.0571493
0.105358
0.0610877
0.0617765
0.0616625
0.0785554
0.0982786
0.0637341
0.0625192
0.0767996
0.064975
0.0553642
0.0649063
0.0653094
0.071578
0.0825702
0.0715021
0.0850854
0.109706
0.0483043
0.0777426
0.0960096
0.10672
0.115628
0.114235
0.106368
0.0885698
0.0864732
0.0773792
0.0318907
0.0283146
0.069217
0.10632
0.0831953
0.07273
0.0592393
0.134899
0.0376709
0.0994111
0.105916
0.0780165
0.0504305
0.118969
0.0752093
0.105853
0.0358998
0.0822365
0.139938
0.094529
0.0726759
0.112971
0.107857
0.118204
0.0969852
0.0468778
0.118325
0.116659
0.118721
0.0900343
0.0844209
0.0899667
0.111137
0.100529
0.113488
0.0811018
0.112243
0.110223
0.086795
0.0995231
0.0802557
0.0942083
0.0590742
0.0888096
0.0777677
0.0559648
0.0644967
0.0868565
0.101042
0.0929342
0.0616956
0.0399161
0.0785713
0.0544929
0.0333005
0.0228888
0.0653311
0.0837943
0.110604
0.0516396
0.0392546
0.0582769
0.0795387
0.0312629
0.0703638
0.102485
0.132871
0.0904324
0.0976345
0.130914
0.0841629
0.0981538
0.107834
0.0811816
0.0496125
0.127005
0.111811
0.0840338
0.13532
0.100018
0.130949
0.130863
0.106086
0.109589
0.0815721
0.0786002
0.120173
0.11132
0.140468
0.136412
0.105286
0.118529
0.0826325
0.0998098
0.101658
0.112913
0.0605839
0.0811241
0.1314
0.0939434
0.0772965
0.0832415
0.077154
0.0927285
0.0779581
0.0813033
0.0610307
