0.16228
0.16438
0.173591
0.18852
0.176676
0.1639
0.164003
0.164339
0.170772
0.179282
0.178301
0.185551
0.197088
0.201636
0.208562
0.218573
0.228428
0.230525
0.230201
0.233641
0.230611
0.22887
0.217324
0.216496
0.222015
0.224821
0.230887
0.241084
0.244144
0.246569
0.255445
0.265102
0.270877
0.277712
0.286664
0.296224
0.305224
0.310612
0.308805
0.299169
0.289856
0.273543
0.268287
0.267018
0.275437
0.288071
0.289803
0.299494
0.305997
0.304707
0.303443
0.275016
0.26059
0.258095
0.257439
0.258693
0.278199
0.354934
0.370113
0.360124
0.3298
0.294433
0.23181
0.201681
0.17975
0.179482
0.168199
0.159872
0.140066
0.13781
0.1304
0.126038
0.126866
0.126318
0.124139
0.12405
0.130373
0.134595
0.142518
0.142009
0.138574
0.139478
0.138018
0.132971
0.132661
0.132282
0.138238
0.147232
0.145474
0.153432
0.164412
0.17507
0.177507
0.189684
0.207422
0.220563
0.230076
0.23103
0.244678
0.257276
0.266096
0.261663
0.265626
0.247718
0.225502
0.208282
0.190792
0.192716
0.199779
0.20445
0.216229
0.219207
0.228843
0.23289
0.241479
0.242653
0.233687
0.225859
0.215396
0.196706
0.204372
0.207674
0.213462
0.211549
0.228142
0.232456
0.23526
0.238977
0.24521
0.248961
0.254022
0.255316
0.261585
0.259367
0.258464
0.260748
0.282083
0.302376
0.308757
0.298788
0.282538
0.243947
0.228566
0.222554
0.234097
0.251999
0.24296
0.250977
0.253672
0.269026
0.274271
0.282309
0.285316
0.291668
0.303507
0.308673
0.314035
0.314231
0.317223
0.320606
0.325688
0.338717
0.349242
0.339404
0.318784
0.255832
0.204315
0.155657
0.137005
0.125088
0.119377
0.114853
0.111202
0.115988
0.122517
0.128215
0.141798
0.140391
0.153377
0.162199
0.155707
0.154948
0.152527
0.157907
0.147144
0.151673
0.148475
0.137505
0.135442
0.141047
0.133225
0.145606
0.143979
0.147449
0.15537
0.161417
0.165343
0.168432
0.172062
0.150953
0.145247
0.133108
0.120183
0.12861
0.122232
0.126907
0.131499
0.14013
0.150426
0.151423
0.153625
0.162658
0.165868
0.171194
0.173899
0.177592
0.182344
0.185698
0.190306
0.200656
0.209232
0.217797
0.214875
0.208098
0.191448
0.162795
0.15428
0.147796
0.151598
0.149301
0.159308
0.147493
0.156112
0.163608
0.16178
0.18203
0.201487
0.208289
0.210639
0.219348
0.225652
0.2376
0.241221
0.250186
0.252886
0.258554
0.267769
0.275483
0.27896
0.284765
0.296274
0.297012
0.288247
0.287303
0.28808
0.275406
0.239959
0.203639
0.176337
0.185754
0.201686
0.182014
0.179438
0.187895
0.182167
0.195487
0.205347
0.216381
0.219656
0.233508
0.226949
0.230252
0.238457
0.240887
0.239891
0.247143
0.256228
0.255473
0.254025
0.258262
0.247233
0.232399
0.206534
0.177878
0.156601
0.155206
0.157311
0.155558
0.160866
0.173706
0.152939
0.170696
0.183596
0.169277
0.184373
0.177691
0.172869
0.165938
0.170213
0.162625
0.164262
0.151459
0.150456
0.14369
0.134249
0.142176
0.149467
0.150902
0.150966
0.153317
0.168536
0.171472
0.180821
0.176155
0.15807
0.156162
0.152031
0.141317
0.155263
0.139144
0.126395
0.135065
0.137934
0.134962
0.142676
0.145391
0.123758
0.127519
0.1332
0.136712
0.145451
0.152742
0.151355
0.167066
0.167978
0.169106
0.164951
0.184185
0.181272
0.187789
0.200675
0.20599
0.201553
0.211376
0.198358
0.190137
0.176733
0.15862
0.153813
0.163784
0.163263
0.125744
0.139602
0.12461
0.15036
0.164412
0.147318
0.150699
0.148313
0.155051
0.161662
0.147672
0.157283
0.157835
0.153536
0.179475
0.175545
0.181504
0.177964
0.198362
0.215253
0.218642
0.227738
0.239698
0.241262
0.237239
0.249267
0.240703
0.233913
0.19759
0.157377
0.140769
0.149335
0.124692
0.12117
0.105752
0.122877
0.127727
0.146904
0.151216
0.142061
0.129021
0.151654
0.155285
0.135325
0.141586
0.133696
0.139564
0.13254
0.131651
0.125854
0.128459
0.130633
0.127068
0.134346
0.128263
0.145799
0.160014
0.173126
0.187485
0.213186
0.235305
0.254722
0.250761
0.272609
0.263397
0.236092
0.240391
0.217495
0.187927
0.200752
0.189611
0.194999
0.190588
0.202892
0.184179
0.181629
0.180299
0.191364
0.179044
0.187503
0.196151
0.191399
0.191876
0.174157
0.182725
0.168551
0.166275
0.172639
0.17997
0.175687
0.181652
0.17409
0.177742
0.17768
0.170056
0.177896
0.167329
0.161715
0.15892
0.177447
0.17276
0.182802
0.160087
0.177004
0.172003
0.174633
0.179562
0.178409
0.170722
0.179432
0.183234
0.163743
0.178421
0.159843
0.176332
0.191845
0.185954
0.192609
0.187067
0.200604
0.189455
0.200994
0.203965
0.206372
0.205367
0.218381
0.244607
0.251129
0.271662
0.273668
0.301689
0.284047
0.301277
0.280597
0.255536
0.246881
0.220495
0.186833
0.166684
0.172654
0.185308
0.205584
0.237909
0.278157
0.309808
0.346992
0.347426
0.341762
0.308071
0.235859
0.167142
0.162218
0.140222
0.137725
0.145986
0.134943
0.14058
0.161796
0.15356
0.180785
0.173263
0.171822
0.186312
0.162432
0.175681
0.177251
0.179523
0.184498
0.19704
0.201509
0.182208
0.195471
0.179082
0.150643
0.167778
0.122059
0.147367
0.15757
0.141884
0.125074
0.115519
0.125162
0.121567
0.100192
0.107076
0.100499
0.106263
0.108066
0.123116
0.11985
0.117573
0.123194
0.121069
0.123639
0.138396
0.16425
0.152413
0.147402
0.156002
0.163853
0.163409
0.130205
0.144189
0.129305
0.171525
0.139092
0.130414
0.130027
0.140466
0.109185
0.147082
0.152467
0.155423
0.13682
0.162209
0.171751
0.150991
0.162292
0.167056
0.158842
0.141412
0.153273
0.155607
0.130698
0.130389
0.148704
0.129896
0.123528
0.135787
0.133299
0.138952
0.140027
0.143117
0.148275
0.13582
0.127785
0.164632
0.15483
0.128634
0.135718
0.157816
0.137263
0.145873
0.139238
0.150061
0.122461
0.119206
0.127728
0.121389
0.0934207
0.119881
0.12412
0.112403
0.110894
0.105112
0.128775
0.117263
0.12138
0.119583
0.0983728
0.0897539
0.112543
0.124182
0.112872
0.134254
0.113247
0.10399
0.1076
0.105599
0.0962958
0.0914884
0.0919477
0.0899045
0.108912
0.0807196
0.108055
0.0971629
0.110829
0.105831
0.137669
0.11222
0.136963
0.114813
0.138215
0.135595
0.119454
0.148541
0.116752
0.104774
0.0904325
0.090775
0.0806527
0.0762902
0.0876431
0.0933979
0.086206
0.105568
0.12198
0.118121
0.13526
0.114691
0.131675
0.142572
0.115458
0.112875
0.109529
0.158061
0.134209
0.134479
0.158076
0.148983
0.166259
0.156245
0.165351
0.134627
0.172393
0.166077
0.142581
0.144768
0.130436
0.154046
0.152386
0.157659
0.168048
0.152776
0.119161
0.145305
0.153829
0.124118
0.149262
0.161894
0.152309
0.151393
0.133436
0.139142
0.141572
0.126727
0.136326
0.123623
0.134808
0.09318
0.117035
0.0957655
0.0930357
0.111531
0.101296
0.0943137
0.0790315
0.0703558
0.0731878
0.0728898
0.0796934
0.0729394
0.0691803
0.0641742
0.0494133
0.0538534
0.0524593
0.0700756
0.0481517
0.0514132
0.0664328
0.0522327
0.0550558
0.0481167
0.0626997
0.0489597
0.0570267
0.0569931
0.0567612
0.0582816
0.0470833
0.049381
0.0474699
0.0496672
0.0638067
0.0637264
0.0603503
0.0546759
0.0478145
0.0580257
0.0495248
0.0589539
0.0719688
0.0537191
0.0443355
0.055194
0.0608262
0.0667912
0.0602131
0.0704823
0.0655338
0.067611
0.0610056
0.0709289
0.0621384
0.0501984
0.0567878
0.0450855
0.044948
0.0494032
0.0517061
0.0448176
0.0457151
0.0456083
0.0315145
0.0335667
0.0411356
0.0516249
0.0435102
0.0481059
0.058744
0.0515275
0.0455375
0.0651335
0.0509372
0.0424534
0.0558786
0.0530761
0.048633
0.05117
0.0566535
0.0456985
0.0592847
0.052591
0.0540528
0.0676452
0.0814842
0.0945409
0.081275
0.126665
0.0829804
0.106037
0.0774183
0.119254
0.113497
0.0851583
0.0825397
0.115328
0.0957853
0.109517
0.109242
0.100237
0.0992923
0.0901851
0.106435
0.113859
0.136099
0.137698
0.130939
0.165022
0.156016
0.139124
0.173648
0.157241
0.158
0.186356
0.161234
0.154402
0.174245
0.153091
0.153048
0.109884
0.122278
0.0995624
0.105775
0.121085
0.121511
0.0996601
0.1219
0.151865
0.105054
0.120606
0.136723
0.14376
0.140657
0.177259
0.159042
0.134561
0.112398
0.13291
0.132057
0.130133
0.168242
0.171823
0.18715
0.187446
0.17258
0.191108
0.175414
0.155078
0.155173
0.165082
0.12503
0.143107
0.111369
0.121023
0.0973996
0.0964501
0.0844195
0.0803849
0.0596942
0.0603815
0.0541865
0.0322088
0.0305349
0.0207848
0.0161089
0.0151367
0.0120465
0.00869821
0.0111397
0.00880295
0.0155714
0.00947708
0.0104062
0.0104001
0.00933051
0.01064
0.0106988
0.0172275
0.0175299
0.0259201
0.0225923
0.0303218
0.0160887
0.0125844
0.00904582
0.0102814
0
0.00298756
0.00220028
0.00975795
0.00611686
0.00851691
0.00599272
0.00582986
0.00410656
0.00827065
0.00856173
0.00512095
0.00801631
0.012566
0.00885184
0.0211718
0.0245114
0.0230398
0.0251292
0.0201874
0.0185006
0.0184322
0.0110839
0.013901
0.0130444
0.0178162
0.0111622
0.0127787
0.0143433
0.0147328
0.0153728
0.0162498
0.0108102
0.0141824
0.026575
0.0251871
0.0253031
0.0294752
0.0279713
0.0225955
0.0192884
0.0233108
0.0150931
0.0253366
0.0158544
0.0233923
0.0302922
0.0257118
0.0221419
0.026397
0.0223859
0.0268507
0.0191623
0.0181721
0.0232292
0.0245475
0.0353284
0.029875
0.040585
0.0360408
0.0472898
0.0315918
0.022228
0.0306713
0.0296894
0.0274664
0.0290519
0.0219715
0.0197958
0.0295065
0.0282548
0.0322711
0.0272725
0.0260656
0.0208625
0.0277766
0.0211259
0.0310068
0.0275152
0.0382829
0.0299793
0.0386005
0.0440425
0.0442157
0.0462833
0.0444916
0.0524716
0.0420525
0.0438308
0.0591053
0.0545263
0.0513155
0.0471014
0.0520637
0.0561804
0.0672316
0.0532337
0.0602691
0.0569849
0.0636687
0.0542053
0.0689779
0.0693312
0.0658159
0.0781133
0.0811491
0.0905532
0.0892144
0.0867613
0.0911527
0.0724492
0.0828541
0.0876787
0.0891604
0.0806852
0.0818979
0.0936479
0.0847205
0.0800663
0.0844585
0.0792644
0.0787448
0.0906228
0.0898983
0.080319
0.0767783
0.0845924
0.0993108
0.0967044
0.108137
0.0993453
0.110745
0.101105
0.0892956
0.0856872
0.08296
0.0834904
0.0708343
0.0800487
0.0887263
0.0936745
0.0870563
0.0802831
0.0840847
0.0844473
0.0754564
0.0746242
0.091985
0.0764732
0.0760283
0.0805005
0.087439
0.0809024
0.075488
0.0730398
0.0690606
0.0593914
0.0620928
0.0648915
0.0511754
0.0545545
0.0553863
0.050261
0.0473547
0.0450032
0.0447077
0.0516672
0.0405995
0.0440132
0.048606
0.0470269
0.0447066
0.0452314
0.0438919
0.0466023
0.0410557
0.0390501
0.0496943
0.0552063
0.071069
0.0537063
0.0511935
0.0534785
0.0553677
0.0374201
0.0393547
0.0160771
0.0163257
0.0191681
0.022271
0.0209378
0.0105758
0.0119233
0.0083786
0.0126267
0.0264486
0.0148975
0.025629
0.0251589
0.0130703
0.021668
0.0168702
0.0330766
0.0224675
0.0291505
0.0257547
0.0221182
0.0453973
0.0480049
0.0322832
0.0507908
0.042994
0.0390087
0.0437028
0.0372448
0.0354443
0.0287657
0.0306047
0.0248055
0.0231374
0.0223214
0.0212912
0.0109704
0.0168896
0.031975
0.0134566
0.0156188
0.0153174
0.0257357
0.0151181
0.0239518
0.0174361
0.0122543
0.0111316
0.0109263
0.0109322
0.0184929
0.025842
0.0221027
0.0178473
0.0259398
0.0194238
0.0258754
0.0185392
0.0270676
0.0200691
0.0187713
0.00982497
0.0145705
0.0122472
0.0123326
0.0104053
0.0108796
0.0163705
0.011867
0.0163962
0.009457
0.00915095
0.013744
0.0113613
0.0146828
0.0139887
0.0150495
0.020297
0.0277362
0.0192929
0.0191224
0.0332127
0.0371537
0.040261
0.0248966
0.0316471
0.0272987
0.0343527
0.027132
0.0194066
0.0236006
0.0164642
0.0245821
0.0152086
0.0154681
0.0239152
0.0156683
0.0186501
0.0141076
0.0102496
0.0187052
0.0161099
0.014105
0.0197393
0.0195479
0.0224475
0.0184548
0.019632
0.0178284
0.0222504
0.0278665
0.0205356
0.026255
0.0334114
0.0285541
0.0309575
0.0368441
0.0457439
0.0267924
0.0325224
0.0395127
0.0386764
0.0349975
0.0332206
0.039307
0.0396059
0.0275295
0.0359254
0.0323946
0.0358101
0.0353329
0.0286922
0.0361886
0.0353208
0.0320125
0.0363362
0.0334821
0.040102
0.0399743
0.0406286
0.0405968
0.038899
0.0379606
0.0486456
0.0512417
0.0551064
0.0633344
0.0793205
0.124798
0.237106
0.381218
0.441768
0.451957
0.440527
0.367368
0.235794
0.119715
0.0816816
0.0655395
0.0577071
0.0568044
0.0577968
0.0578044
0.0587354
0.0568694
0.0645272
0.0529379
0.0600415
0.0552539
0.0510469
0.0531977
0.0558344
0.0567605
0.0539601
0.058309
0.0570451
0.0515734
0.0549848
0.060206
0.050962
0.0545638
0.0523702
0.0423912
0.0454644
0.0488749
0.0468039
0.0421447
0.050035
0.0405891
0.0443867
0.0511318
0.0404475
0.0510025
0.0448747
0.0492032
0.0499532
0.0569714
0.0542173
0.054032
0.0549983
0.0536052
0.0526887
0.0589172
0.0561755
0.0502665
0.0559279
0.0550586
0.0513992
0.0576608
0.0604051
0.0559549
0.0581592
0.0530033
0.0502746
0.0535904
0.0501449
0.0526696
0.0498221
0.0583878
0.0508715
0.051359
0.0555521
0.0638021
0.050584
0.0642983
0.0616027
0.0469102
0.0525069
0.0466958
0.0529623
0.0471112
0.0518273
0.0570433
0.0584436
0.0582159
0.0522095
0.0585529
0.0548625
0.0476824
0.0543953
0.0549735
0.0480161
0.0543672
0.0496072
0.0573199
0.0503027
0.0574952
0.0609233
0.0594708
0.0591732
0.0608627
0.0684821
0.0644027
0.06729
0.0705118
0.0599812
0.0698907
0.0776965
0.0642218
0.0719832
0.077471
0.0703171
0.072846
0.0703955
0.0999411
0.0746604
0.0832959
0.0747592
0.0746792
0.080322
0.0787057
0.0754371
0.065516
0.072976
0.0650583
0.0758635
0.0765241
0.0681615
0.0762319
0.0630153
0.0810354
0.0728007
0.0681047
0.0727352
0.0809705
0.0754974
0.0766741
0.0804478
0.0704743
0.0774479
0.0869009
0.0725749
0.0684116
0.0632253
0.0779587
0.0827726
0.0828813
0.0732364
0.0754013
0.0739155
0.0867144
0.100906
0.0888222
0.0837277
0.0941421
0.0943744
0.0907337
0.0862063
0.0940024
0.114941
0.122132
0.111822
0.0840329
0.0965817
0.0936855
0.129291
0.0990716
0.109125
0.109624
0.098529
0.125236
0.111453
0.101836
0.11507
0.143016
0.113934
0.110181
0.114329
0.124611
0.11919
0.0883825
0.122626
0.113816
0.12756
0.110164
0.0923475
0.114704
0.105484
0.100129
0.102646
0.109198
0.0780373
0.0730361
0.0984629
0.0712352
0.106064
0.0783718
0.118943
0.0803795
0.07818
0.103904
0.0967808
0.111575
0.102503
0.0863451
0.0853743
0.06727
0.0724012
0.0819905
0.0920461
0.0939913
0.0800048
0.10265
0.0815183
0.0953464
0.0961593
0.0953824
0.110837
0.112683
0.102338
0.0869064
0.100918
0.0937013
0.0953291
0.100885
0.0793337
0.0993763
0.100761
0.0626278
0.0664031
0.061088
0.0584397
0.0634755
0.0678339
0.0615316
0.0659708
0.0599478
0.0454219
0.0768241
0.0820551
0.0832439
0.0682581
0.0833015
0.0721494
0.0665355
0.0814296
0.0751513
0.0963411
0.102592
0.120186
0.120234
0.127095
0.128827
0.138518
0.141722
0.17006
0.188511
0.192425
0.177771
0.177605
0.162068
0.105709
0.0728759
0.0738243
0.0661514
0.0756816
0.0601686
0.0761187
0.0674923
0.0773286
0.0624934
0.065314
0.0663227
0.0462973
0.0599815
0.0587126
0.0658714
0.0516636
0.0501763
0.0495246
0.0766082
0.0519433
0.0667815
0.0737346
0.0577055
0.0521159
0.0663057
0.0593789
0.0590782
0.0574723
0.0558991
0.0568271
0.0538177
0.0494301
0.0593209
0.0523932
0.0533973
0.0485103
0.0551533
0.0495133
0.0543505
0.0601687
0.0476761
0.0522848
0.0601993
0.0477168
0.0485598
0.0445674
0.0528627
0.0461599
0.0568191
0.0556716
0.0596253
0.062895
0.0602802
0.0457394
0.0588053
0.0428692
0.0613201
0.054533
0.0336578
0.0546129
0.0355424
0.0660387
0.039462
0.0447949
0.057271
0.0388775
0.0428852
0.0605917
0.0457291
0.0285697
0.0522754
0.058432
0.0580363
0.0432311
0.0408895
0.0447679
0.0475381
0.0519655
0.0500949
0.0573862
0.0494177
0.0508714
0.0449852
0.0470067
0.0417942
0.0482011
0.0504935
0.044988
0.0411968
0.0542975
0.0489813
0.0526269
0.0411168
0.0473436
0.0517
0.0550022
0.0565182
0.0536082
0.0618438
0.0554394
0.0539746
0.0574737
0.0679638
0.0637836
0.0687129
0.0656407
0.0660096
0.0758501
0.089883
0.0818173
0.0889718
0.0854593
0.0938299
0.0847769
0.0853852
0.0643276
0.0584319
0.051005
0.0525517
0.0430861
0.0479173
0.0382558
0.0513532
0.05196
0.049772
0.0505527
0.0404012
0.0448109
0.0466787
0.0510286
0.0493534
0.051495
0.0471456
0.0454667
0.0545302
0.0534696
0.0563894
0.0600422
0.0654246
0.0613536
0.0650651
0.0762164
0.0677091
0.0795425
0.0875886
0.0879137
0.0922094
0.100783
0.110531
0.121211
0.1196
0.121031
0.124905
0.110839
0.106548
0.10754
0.0884108
0.093747
0.0751
0.0751861
0.0670614
0.0709781
0.0641853
0.073479
0.062764
0.0654716
0.0773783
0.0460708
0.0661974
0.0641163
0.0625292
0.0661633
0.0736294
0.0823725
0.0818347
0.0715179
0.0794005
0.0795229
0.0815563
0.0831155
0.0806295
0.0913961
0.0909775
0.0927387
0.0966032
0.101366
0.10709
0.11007
0.120427
0.131407
0.124396
0.13883
0.145263
0.147412
0.1511
0.148117
0.140318
0.12497
0.120568
0.102395
0.0983734
0.0893631
0.0872096
0.0781922
0.0759202
0.0784718
0.0790993
0.0762002
0.0884212
0.0697662
0.0713341
0.0762227
0.0685514
0.0853188
0.0820801
0.0807882
0.0714211
0.0823382
0.0574585
0.0740502
0.0634346
0.0726865
0.0683965
0.0655676
0.0670623
0.0777078
0.0772121
0.0608037
0.0697219
0.0707541
0.0757943
0.075473
0.0667952
0.0651659
0.0664904
0.0700186
0.0767021
0.0677468
0.0645557
0.0636143
0.0697513
0.0715785
0.0671321
0.0703482
0.0615896
0.0739841
0.0716741
0.0695942
0.0660676
0.0733413
0.0738069
0.0723833
0.0655709
0.0669138
0.0661577
0.0712591
0.0731703
0.0651349
0.0715198
0.0675138
0.0707208
0.058812
0.0578299
0.050246
0.0479809
0.0398144
0.0470728
0.0433131
0.0386032
0.04309
0.0366784
0.0401048
0.0414018
0.0483471
0.0467816
0.0521528
0.056936
0.0626064
0.0593383
0.0861613
0.101688
0.101896
0.118304
0.097389
0.115895
0.096737
0.104494
0.107291
0.110138
0.115132
0.107156
0.115298
0.117855
0.113443
0.106967
0.109656
0.082777
0.0915879
0.103698
0.0914563
0.0719253
0.100053
0.099504
0.0962972
0.0884108
0.0990696
0.0991028
0.10661
0.0945607
0.105143
0.114793
0.120943
0.120246
0.136281
0.115611
0.122154
0.11937
0.127682
0.109144
0.110184
0.122427
0.1083
0.108182
0.111332
0.132806
0.115664
0.128643
0.117649
0.142669
0.118878
0.115041
0.132648
0.149278
0.11653
0.132245
0.133023
0.135146
0.132879
0.135662
0.144156
0.125666
0.140919
0.149496
0.135141
0.154471
0.159612
0.141625
0.137973
0.150331
0.142953
0.134744
0.194414
0.16687
0.175681
0.168226
0.162229
0.169139
0.169388
0.171284
0.177033
0.182829
0.172694
0.185986
0.193272
0.188408
0.189486
0.187944
0.182414
0.175497
0.160931
0.170447
0.148688
0.145964
0.143451
0.138964
0.163073
0.145821
0.118248
0.131967
0.128394
0.102418
0.105729
0.10828
0.0940564
0.0827264
0.0822484
0.124537
0.103194
0.104692
0.104097
0.128838
0.112599
0.140472
0.173097
0.13345
0.119904
0.132553
0.136041
0.179298
0.160853
0.186102
0.180347
0.156229
0.172396
0.205298
0.202052
0.176317
0.182574
0.210612
0.225209
0.202919
0.210626
0.234122
0.22368
0.229127
0.223859
0.22549
0.22005
0.222919
0.215947
0.21497
0.204207
0.212779
0.185999
0.214316
0.209783
0.199565
0.183076
0.19693
0.160718
0.133874
0.122159
0.130518
0.175347
0.0850125
0.110599
0.120093
0.105919
0.0972729
0.116176
0.100521
0.0813453
0.0939026
0.0817412
0.0846371
0.0751524
0.0632511
0.0760866
0.0997984
0.0927327
0.117168
0.0816507
0.0941514
0.104095
0.12761
0.140312
0.108889
0.127818
0.151507
0.141992
0.144311
0.154358
0.134598
0.101794
0.108079
0.130288
0.171284
0.115135
0.148303
0.140088
0.192778
0.173172
0.120819
0.170841
0.135283
0.125576
0.177753
0.150824
0.171844
0.101514
0.161258
0.146621
0.119915
0.161459
0.16896
0.146018
0.160903
0.106108
0.139332
0.13069
0.119949
0.13593
0.132414
0.130253
0.0913252
0.139215
0.133573
0.124914
0.108632
0.148524
0.1426
0.109371
0.1568
0.14137
0.127476
0.139949
0.131038
0.123133
0.101986
0.106056
0.136292
0.12873
0.105047
0.159708
0.128395
0.117461
0.117127
0.138079
0.0905951
0.123868
0.0999566
0.197957
0.144296
0.0912457
0.118715
0.166205
0.112775
0.124008
0.118444
0.161025
0.11177
0.155568
0.126152
0.176622
0.156146
0.0970003
0.14559
0.087521
0.180801
0.158244
0.131119
0.146854
0.132232
0.133941
0.143694
0.144208
0.165835
0.147075
0.156833
0.159094
0.173394
0.127732
0.169191
0.140992
0.12273
0.125222
0.144763
0.116618
0.135081
0.118852
0.102162
0.167716
0.122639
0.092457
0.0962638
0.0714129
0.0753249
0.0526747
0.0614828
0.0136456
