0.137613
0.147114
0.144125
0.145464
0.143243
0.14664
0.156047
0.159231
0.16433
0.165932
0.175069
0.179431
0.17409
0.180457
0.1774
0.178947
0.182123
0.183299
0.179763
0.181239
0.179375
0.179429
0.178681
0.192583
0.182705
0.196244
0.201606
0.201858
0.20788
0.214103
0.216931
0.214479
0.214222
0.219297
0.220484
0.22002
0.217951
0.221576
0.216877
0.210774
0.2048
0.208925
0.207651
0.210994
0.230811
0.222522
0.231496
0.236297
0.238544
0.246563
0.238707
0.227799
0.217441
0.215499
0.215998
0.216505
0.228845
0.246451
0.248226
0.23769
0.216239
0.203278
0.179594
0.162647
0.148124
0.144359
0.144932
0.140014
0.138417
0.135031
0.14044
0.135502
0.130415
0.129987
0.137814
0.134705
0.129029
0.131961
0.131865
0.133514
0.137905
0.136276
0.139677
0.142642
0.142569
0.140023
0.142263
0.149074
0.147972
0.154454
0.157398
0.162218
0.165491
0.169364
0.172837
0.185278
0.190118
0.202429
0.209584
0.210749
0.211421
0.215052
0.216089
0.207054
0.191849
0.179162
0.180087
0.179694
0.180289
0.185096
0.188204
0.187866
0.188883
0.18856
0.1878
0.18018
0.185343
0.179362
0.168703
0.167544
0.168869
0.176644
0.177901
0.191216
0.193707
0.191065
0.196202
0.202131
0.207516
0.207948
0.212534
0.211118
0.213242
0.215911
0.215938
0.215936
0.22017
0.220302
0.216732
0.213187
0.195694
0.190812
0.173867
0.186095
0.188032
0.188067
0.198064
0.201281
0.202524
0.216936
0.216707
0.224589
0.224502
0.232042
0.238656
0.241609
0.240087
0.240099
0.243989
0.24354
0.247633
0.246005
0.246837
0.23789
0.222411
0.197939
0.1747
0.142881
0.134054
0.131202
0.12868
0.131191
0.12945
0.127183
0.133531
0.129658
0.134001
0.139782
0.138492
0.137397
0.141195
0.142238
0.149055
0.145581
0.148821
0.143886
0.142588
0.146092
0.142955
0.146075
0.14265
0.146179
0.146204
0.151926
0.15063
0.152871
0.147232
0.145048
0.140112
0.1355
0.126523
0.12392
0.121435
0.12088
0.116714
0.118655
0.132614
0.134143
0.133907
0.138097
0.148049
0.152339
0.160621
0.162012
0.163454
0.165577
0.169563
0.175312
0.174554
0.178765
0.18187
0.177323
0.172842
0.160367
0.15596
0.144846
0.140875
0.13905
0.133779
0.136387
0.137915
0.145543
0.1526
0.165523
0.15959
0.166785
0.180199
0.174848
0.183884
0.185665
0.199078
0.194066
0.207287
0.204955
0.205797
0.214958
0.218436
0.215932
0.218591
0.220154
0.219026
0.223212
0.218452
0.217201
0.213041
0.199287
0.167266
0.156367
0.139086
0.138924
0.14392
0.147734
0.148971
0.150995
0.151008
0.158792
0.163028
0.168787
0.167119
0.172312
0.184009
0.191689
0.193146
0.198143
0.207054
0.202271
0.205287
0.210023
0.209148
0.20924
0.197567
0.19001
0.169739
0.162946
0.140673
0.138523
0.142336
0.13328
0.129518
0.13582
0.134574
0.143802
0.140003
0.151678
0.142577
0.144303
0.136484
0.145533
0.143413
0.151851
0.140754
0.138586
0.148583
0.150423
0.145879
0.13652
0.145154
0.151132
0.146736
0.143061
0.144968
0.144766
0.137454
0.133443
0.120731
0.125635
0.118433
0.114326
0.123588
0.123048
0.125894
0.121359
0.116202
0.117408
0.118169
0.116796
0.115532
0.122272
0.128492
0.136872
0.128692
0.140928
0.148545
0.151035
0.144381
0.153899
0.165919
0.159644
0.163556
0.171755
0.171131
0.168291
0.168554
0.156274
0.157664
0.137413
0.152927
0.134955
0.135531
0.136389
0.128307
0.119031
0.129941
0.126687
0.129757
0.129129
0.138428
0.147634
0.128875
0.147425
0.138094
0.133243
0.129415
0.153145
0.137749
0.154156
0.15505
0.149917
0.16218
0.176232
0.182234
0.176197
0.194089
0.187114
0.190628
0.191623
0.189525
0.174952
0.170362
0.149515
0.139838
0.11748
0.120941
0.112165
0.107917
0.121203
0.121268
0.120769
0.124849
0.131507
0.132286
0.121367
0.122251
0.127892
0.117703
0.123901
0.135231
0.131159
0.138516
0.133376
0.135074
0.135183
0.133617
0.139276
0.139765
0.143234
0.14679
0.143321
0.15651
0.16763
0.174681
0.191095
0.196194
0.215403
0.207744
0.191229
0.198184
0.190792
0.172949
0.157815
0.143984
0.163844
0.168597
0.169589
0.16626
0.166859
0.162029
0.165759
0.164391
0.162552
0.167849
0.166401
0.169209
0.169027
0.172215
0.166969
0.166463
0.158397
0.148901
0.15192
0.143194
0.154348
0.137967
0.126169
0.149578
0.143952
0.11102
0.139274
0.126969
0.132906
0.142393
0.145116
0.137332
0.132156
0.144013
0.151557
0.139713
0.13464
0.144563
0.112643
0.140255
0.118442
0.144992
0.152233
0.141478
0.175628
0.167227
0.152229
0.166647
0.169502
0.16205
0.176932
0.174486
0.171117
0.176354
0.18448
0.197289
0.187078
0.191185
0.211399
0.218117
0.215286
0.219581
0.2172
0.20803
0.201551
0.174065
0.164624
0.148862
0.146711
0.147889
0.184814
0.220483
0.269343
0.280006
0.317531
0.353137
0.35784
0.35402
0.279012
0.230821
0.182117
0.141575
0.139437
0.129972
0.137159
0.118656
0.130815
0.133902
0.14294
0.138684
0.145526
0.142012
0.158346
0.153136
0.150212
0.154898
0.155806
0.153394
0.164916
0.162417
0.156133
0.150378
0.149503
0.129048
0.117694
0.110319
0.127094
0.114645
0.105299
0.127119
0.113157
0.112771
0.103112
0.112261
0.11378
0.108437
0.112013
0.0997762
0.129215
0.120828
0.119646
0.127099
0.141814
0.13922
0.123279
0.128314
0.124614
0.120131
0.137178
0.130668
0.131983
0.123121
0.13492
0.128331
0.128472
0.125912
0.122304
0.110903
0.120424
0.105127
0.119925
0.119952
0.124834
0.131371
0.124091
0.131302
0.135473
0.132109
0.119432
0.123097
0.119046
0.118442
0.126895
0.127542
0.134531
0.126597
0.111766
0.112761
0.110353
0.133246
0.124405
0.134204
0.134959
0.138572
0.126624
0.126956
0.134342
0.125543
0.123788
0.128356
0.117521
0.113825
0.126116
0.112318
0.101155
0.123484
0.111118
0.107408
0.11134
0.0950169
0.0999702
0.0981364
0.091064
0.119737
0.0960904
0.103186
0.106502
0.115686
0.0883397
0.106344
0.095017
0.0967591
0.0861615
0.0929321
0.109844
0.102951
0.101232
0.100061
0.087534
0.0925893
0.0830877
0.0797094
0.0842435
0.0849291
0.107632
0.0884192
0.0979844
0.111245
0.10627
0.110607
0.11215
0.120924
0.117003
0.116689
0.122046
0.124367
0.119669
0.0965147
0.106589
0.103667
0.0796866
0.0888257
0.0788941
0.0856369
0.0906485
0.111185
0.0710052
0.080843
0.0923277
0.10755
0.101089
0.0902779
0.106319
0.0967541
0.115286
0.0970649
0.113824
0.115323
0.101077
0.114015
0.112325
0.126942
0.108365
0.113036
0.103874
0.121841
0.140397
0.0999261
0.0974666
0.1129
0.115107
0.0939566
0.141702
0.116428
0.118478
0.120789
0.119332
0.085435
0.115234
0.116754
0.105507
0.124756
0.116434
0.108347
0.122134
0.0901786
0.123522
0.124479
0.0934281
0.113977
0.117828
0.091211
0.119336
0.104523
0.0977795
0.121618
0.0910332
0.0795175
0.0925456
0.0802087
0.072175
0.0779934
0.0773309
0.0780697
0.0839229
0.0839836
0.0533837
0.0637924
0.0648133
0.066
0.0716224
0.0663084
0.0600638
0.0550472
0.0621924
0.0610079
0.0726294
0.0540078
0.0496272
0.0510638
0.0556048
0.0477623
0.0559578
0.0528032
0.0647843
0.0497686
0.054476
0.051371
0.055508
0.0732862
0.062118
0.0618425
0.0649718
0.0685236
0.0602143
0.0543342
0.0728446
0.0682064
0.0781871
0.0754037
0.0776688
0.0752405
0.0663693
0.0706026
0.0668765
0.067262
0.0626216
0.0612291
0.0587703
0.0536492
0.0514403
0.0481167
0.0584838
0.0565922
0.0498561
0.0517176
0.0485542
0.0389926
0.053659
0.0624722
0.0464092
0.0681852
0.0640304
0.055897
0.065907
0.0650009
0.054805
0.0584922
0.0543845
0.0519993
0.057215
0.0691028
0.0503306
0.0611563
0.0511287
0.0583613
0.070123
0.0727891
0.0782501
0.075843
0.0725514
0.0766778
0.086725
0.0854328
0.084345
0.0778912
0.10479
0.11125
0.10304
0.106152
0.109747
0.115197
0.0939093
0.0819145
0.093717
0.116639
0.0997869
0.111953
0.0944231
0.100919
0.107651
0.0967813
0.131447
0.125227
0.133554
0.128849
0.132003
0.127755
0.137743
0.14526
0.139604
0.112238
0.101336
0.112503
0.0898912
0.102898
0.104329
0.111907
0.0831166
0.101435
0.0918631
0.115219
0.105321
0.0869642
0.102421
0.133482
0.106502
0.13307
0.120882
0.0676052
0.113364
0.0948233
0.128217
0.129391
0.113752
0.164421
0.137209
0.142932
0.114507
0.121991
0.131373
0.118031
0.116275
0.115277
0.0997045
0.113194
0.115192
0.103698
0.0952628
0.0767393
0.077842
0.0742962
0.0516744
0.0541365
0.0717788
0.0342602
0.0361357
0.0357831
0.0459534
0.0372183
0.0447026
0.0401368
0.0391075
0.0429412
0.0314458
0.0421143
0.0396877
0.037746
0.0429226
0.0380402
0.037733
0.0457462
0.0468017
0.0378898
0.0432032
0.0405926
0.0421109
0.0310733
0.0372337
0.0312355
0.0299126
0.0266234
0.0344555
0.0353446
0.0360427
0.0303212
0.0415263
0.0361615
0.0345918
0.0329931
0.0282667
0.0361865
0.0361389
0.0348594
0.0433446
0.040733
0.0364241
0.0350636
0.0390237
0.0349721
0.0419737
0.0313273
0.0401963
0.036789
0.0361657
0.042393
0.0364522
0.0444829
0.0329848
0.0397835
0.0353649
0.037358
0.0405616
0.0409989
0.0446994
0.0547474
0.0361556
0.0358509
0.0416495
0.0440027
0.0470545
0.0442595
0.0351354
0.0358553
0.0427908
0.0403385
0.048198
0.0421967
0.042464
0.0431612
0.0379548
0.040633
0.0479772
0.042994
0.0466048
0.046416
0.0433335
0.0526475
0.0485355
0.0392531
0.0474459
0.0515958
0.0400665
0.0451985
0.0491652
0.0386733
0.036664
0.0426598
0.0416273
0.0397645
0.0414341
0.0382445
0.0369463
0.0398858
0.0385125
0.0438403
0.0421248
0.0402573
0.047813
0.0489618
0.0494697
0.0545237
0.053205
0.055001
0.0574714
0.0511807
0.0442897
0.0560219
0.0555689
0.0492478
0.0635034
0.0611212
0.0580535
0.0564415
0.0580765
0.0635428
0.0609172
0.0631531
0.0529266
0.0624371
0.0774848
0.0729249
0.071802
0.0740884
0.0681951
0.0735522
0.0794799
0.0772088
0.0644223
0.0735878
0.0631763
0.0792938
0.0838766
0.0790095
0.088242
0.0807812
0.0729224
0.0742307
0.0718541
0.0807403
0.0806232
0.0761724
0.0783732
0.0738434
0.0770463
0.081637
0.0786902
0.0982443
0.0966097
0.095474
0.0857547
0.0927372
0.077875
0.0794996
0.0731358
0.054327
0.0799314
0.0715725
0.0679865
0.0780157
0.0763927
0.0782962
0.0797294
0.0659431
0.0701909
0.0682872
0.0634078
0.075346
0.0719592
0.0797431
0.067399
0.0749874
0.0637789
0.0774712
0.0555854
0.0764685
0.0674969
0.0616158
0.0728513
0.0617447
0.0496135
0.0509084
0.0540497
0.0575048
0.0658555
0.0681746
0.0530374
0.0544256
0.0624613
0.0440425
0.0517904
0.0587563
0.0515092
0.0526687
0.0570535
0.056049
0.0467833
0.0574274
0.0560573
0.053877
0.0450743
0.066133
0.0533533
0.0395426
0.0303613
0.0454674
0.0515435
0.0434592
0.0361318
0.0323784
0.040216
0.0299689
0.0329863
0.0313789
0.0376929
0.043668
0.036799
0.0338044
0.0345101
0.0288204
0.0326812
0.0388576
0.0392443
0.041289
0.0347888
0.033943
0.0343462
0.0439061
0.0480269
0.0535285
0.052265
0.0468817
0.0540494
0.0524111
0.0452106
0.0407116
0.0484145
0.0480589
0.0394504
0.0352959
0.039744
0.0442208
0.0362502
0.0479133
0.0352947
0.0247506
0.0352336
0.0399229
0.0314399
0.0357568
0.0286143
0.0455068
0.0395993
0.0322321
0.0407402
0.0380341
0.0493277
0.0442973
0.0381913
0.0391469
0.0335315
0.0349726
0.0250285
0.0418917
0.0507098
0.0390687
0.0414493
0.0338254
0.0435368
0.039249
0.0474051
0.0340809
0.0335888
0.035352
0.0395762
0.0405255
0.0279334
0.0422678
0.0412409
0.0361582
0.0421415
0.0416172
0.0404648
0.0419031
0.0353353
0.0396637
0.0472841
0.0339477
0.0511879
0.0482029
0.0496005
0.0590627
0.0439228
0.0424282
0.047135
0.0377336
0.0369021
0.0350099
0.0332792
0.035877
0.0364643
0.0435117
0.0386041
0.0329552
0.035968
0.0389914
0.0371881
0.040996
0.0347374
0.0395874
0.0395944
0.0343403
0.0481931
0.0442113
0.0353614
0.0401478
0.0370616
0.0463968
0.0371701
0.0430785
0.0502004
0.0443566
0.0498935
0.0536619
0.0585361
0.0523327
0.0511138
0.0527922
0.0490854
0.0558869
0.0472703
0.0400985
0.0443554
0.0497461
0.0494767
0.048927
0.0503419
0.0430739
0.0460967
0.045701
0.050888
0.0555135
0.0501371
0.0535748
0.0499136
0.0454765
0.0505432
0.0495523
0.0621775
0.065457
0.0668836
0.0771474
0.0930455
0.144156
0.288756
0.427269
0.512487
0.522182
0.504631
0.421421
0.276308
0.148253
0.102377
0.076246
0.0672022
0.0603675
0.060479
0.0639849
0.0588815
0.0609344
0.0644419
0.0613403
0.0634672
0.0575347
0.0626047
0.0679144
0.0578186
0.0619506
0.0568448
0.0599158
0.0566338
0.0586378
0.057689
0.0644104
0.0532563
0.0526976
0.0601994
0.0517873
0.0517629
0.0531246
0.0617713
0.0575419
0.0631366
0.061635
0.0640948
0.0615658
0.0518766
0.0551239
0.0601387
0.0531304
0.0593133
0.0569251
0.0550868
0.0585248
0.0585657
0.0635449
0.0577254
0.0561208
0.0575649
0.0659455
0.0588597
0.0620243
0.0598082
0.0602669
0.0547105
0.0606871
0.0602075
0.0603834
0.0612304
0.0666178
0.0556662
0.0490528
0.0498597
0.0614984
0.0551302
0.0640078
0.0608562
0.0524134
0.0589796
0.0522951
0.0626249
0.0497735
0.0544161
0.0597296
0.0580085
0.0577677
0.0602517
0.0641851
0.0571942
0.0572931
0.059279
0.0597871
0.0559965
0.0571373
0.0634119
0.0675193
0.057767
0.0522485
0.0650478
0.0676318
0.0552864
0.0522433
0.0553317
0.0575086
0.0617694
0.0564026
0.0570731
0.0591414
0.0655772
0.0461924
0.061603
0.0577999
0.0542093
0.0571957
0.0533212
0.0648228
0.0585148
0.0710897
0.0638056
0.069952
0.060609
0.0665221
0.0593127
0.0721565
0.0806747
0.0602209
0.0629458
0.0681082
0.0684782
0.066269
0.0658373
0.048783
0.0611074
0.058248
0.0702381
0.0610826
0.0639078
0.0610522
0.0740648
0.067265
0.073209
0.0603081
0.0735631
0.0679457
0.0539132
0.0473777
0.0605881
0.0684964
0.0607568
0.0568809
0.0672002
0.0557603
0.066475
0.0683504
0.066274
0.07964
0.0563556
0.0716666
0.082497
0.0504754
0.0770655
0.106293
0.06141
0.0927927
0.0713944
0.0650781
0.0656523
0.0890255
0.0646281
0.0885687
0.0740447
0.0624478
0.0810587
0.0612932
0.090185
0.081609
0.0976836
0.10409
0.0547865
0.117516
0.109291
0.0879388
0.0948741
0.10615
0.110312
0.110807
0.0683702
0.0862573
0.0782591
0.0990648
0.0842468
0.0991416
0.0836995
0.102784
0.0531775
0.0729161
0.0848819
0.0945278
0.0732056
0.0862604
0.0845261
0.0728075
0.0510331
0.0662008
0.0709805
0.0785092
0.067222
0.0708113
0.0587529
0.0595447
0.0925055
0.0422499
0.0918844
0.0691475
0.0876034
0.0816763
0.0553958
0.0565389
0.0512023
0.0574806
0.0562357
0.0803851
0.0793273
0.0641302
0.104954
0.11509
0.0965075
0.100832
0.100583
0.0928831
0.0686274
0.0386448
0.0571002
0.0648834
0.0592156
0.0640752
0.0603177
0.0505867
0.0591625
0.0761277
0.0542873
0.0673393
0.0687027
0.0755558
0.0492363
0.0487163
0.0678147
0.0627663
0.0604698
0.0636374
0.0872789
0.0828035
0.0718228
0.0949098
0.102462
0.11395
0.102325
0.119425
0.130461
0.120653
0.138623
0.165562
0.16394
0.157998
0.15389
0.140958
0.0898239
0.0655876
0.0519983
0.0554099
0.0517654
0.0535179
0.0531095
0.0398627
0.0550345
0.0657404
0.040922
0.0603791
0.0602003
0.0678398
0.0559564
0.0532518
0.0563812
0.0484901
0.0478982
0.062636
0.0671885
0.0680244
0.0494658
0.048397
0.0648478
0.0566081
0.0494037
0.0518924
0.0504267
0.0628154
0.0542882
0.0520698
0.054377
0.056961
0.0551628
0.0673955
0.0522871
0.0546685
0.0539473
0.0606371
0.0581124
0.0576269
0.0599031
0.0613383
0.0599502
0.0605462
0.0545259
0.0619585
0.05349
0.066239
0.0729512
0.0646623
0.0645747
0.0560061
0.0636236
0.0559482
0.0504215
0.0670768
0.0385132
0.0669368
0.0537081
0.0521186
0.0506807
0.0546387
0.0586766
0.0583062
0.0489173
0.0687192
0.0620305
0.0531899
0.0559436
0.0591649
0.065096
0.054243
0.0543658
0.0615754
0.0595747
0.0641863
0.0525941
0.0657097
0.0601116
0.0588644
0.0623331
0.0433239
0.0517589
0.0576153
0.0542477
0.0543905
0.0518656
0.0566226
0.0587188
0.0541422
0.0580009
0.0659639
0.0584672
0.0663119
0.0616547
0.0595099
0.0669905
0.0690709
0.0720244
0.0702509
0.0663511
0.0761639
0.0776421
0.0719852
0.0855498
0.085417
0.0847255
0.0858121
0.0905942
0.0982532
0.0989564
0.101903
0.10021
0.0852674
0.0742732
0.0649365
0.0609838
0.057336
0.0586707
0.0556666
0.060474
0.0517833
0.0606818
0.0565772
0.0520942
0.0553883
0.0534854
0.0544428
0.0574225
0.0656604
0.0588653
0.0611777
0.0626379
0.0635722
0.0674384
0.0669113
0.0679003
0.0696895
0.0772814
0.0761043
0.0679616
0.0795756
0.0842593
0.0883788
0.100344
0.101389
0.110709
0.111008
0.124342
0.1198
0.119915
0.125235
0.121784
0.121829
0.100288
0.0941408
0.0891908
0.0713436
0.0690783
0.0659499
0.0695475
0.0651624
0.0726127
0.063138
0.0669176
0.0555812
0.0677709
0.060287
0.074915
0.0771573
0.0839879
0.0755465
0.0708539
0.0746078
0.0734767
0.0850757
0.0740929
0.0860278
0.0823686
0.0809004
0.0861594
0.0827492
0.0922814
0.0954299
0.0970024
0.103016
0.099117
0.10332
0.10732
0.125963
0.125481
0.134456
0.137942
0.134732
0.132583
0.126547
0.119246
0.108132
0.109758
0.0949636
0.0841836
0.0774419
0.0727465
0.0697271
0.0754323
0.0768686
0.0656477
0.0732763
0.0737809
0.0743094
0.0742157
0.0734865
0.0827544
0.067082
0.0758162
0.0702889
0.0646078
0.0508344
0.0660997
0.0601221
0.067993
0.0654314
0.0744929
0.0634231
0.0630823
0.0698672
0.0612765
0.0605832
0.0739034
0.0689033
0.0669369
0.0665501
0.0681481
0.0720211
0.0696362
0.0687798
0.0710362
0.0667371
0.063494
0.0623226
0.0676059
0.0654924
0.0657255
0.0673923
0.0635196
0.0605731
0.0674357
0.063858
0.0694947
0.0708957
0.0670527
0.0674048
0.0581151
0.0651023
0.0626944
0.0616887
0.0682529
0.0656964
0.0669449
0.0775964
0.0689783
0.0897339
0.0935274
0.102032
0.101037
0.108614
0.11241
0.102933
0.106957
0.110987
0.102032
0.109306
0.107399
0.114533
0.118441
0.10275
0.105202
0.110257
0.103461
0.101173
0.0896021
0.105821
0.101327
0.106323
0.131197
0.114015
0.11341
0.117688
0.117967
0.125108
0.124963
0.113754
0.109039
0.106957
0.114865
0.0950656
0.0945078
0.0982664
0.0955935
0.0975378
0.0890527
0.0806251
0.0955085
0.0944485
0.0822155
0.109224
0.11227
0.101335
0.115033
0.12993
0.107192
0.119425
0.137047
0.129229
0.117807
0.125565
0.129083
0.139578
0.115107
0.132209
0.111013
0.121363
0.115287
0.108686
0.112585
0.116512
0.0977806
0.112014
0.0848356
0.0938029
0.101112
0.105063
0.0726047
0.0696108
0.104408
0.128283
0.0990263
0.10636
0.101339
0.079791
0.0924506
0.106767
0.121628
0.126798
0.132151
0.124099
0.118366
0.132069
0.105909
0.131367
0.139757
0.123364
0.146065
0.149745
0.142001
0.152034
0.147542
0.154476
0.151971
0.1508
0.174677
0.195726
0.196389
0.171577
0.165794
0.17261
0.152034
0.154226
0.157825
0.142406
0.168451
0.139696
0.128167
0.115289
0.112827
0.0834032
0.0892863
0.0913701
0.104554
0.0734699
0.0981605
0.0799834
0.0827783
0.0636585
0.10507
0.0657701
0.0921484
0.0664568
0.0707877
0.0661253
0.13596
0.0670402
0.0677377
0.108178
0.0826631
0.113009
0.112462
0.119788
0.125057
0.133034
0.103499
0.152978
0.13969
0.144483
0.143731
0.134617
0.136495
0.116573
0.168364
0.14769
0.146667
0.164399
0.168329
0.174341
0.166393
0.186306
0.181332
0.181041
0.213157
0.185293
0.172004
0.173016
0.164307
0.170026
0.172085
0.160514
0.141408
0.131381
0.128669
0.136478
0.0839546
0.0650541
0.117027
0.0744217
0.0643701
0.0688757
0.0872918
0.0919573
0.0688223
0.0413954
0.0841053
0.0705973
0.0886418
0.0531074
0.103917
0.112194
0.0936168
0.0801179
0.0802149
0.0761399
0.097031
0.0898073
0.0840679
0.0842021
0.0957495
0.0968907
0.0617481
0.0922055
0.0721716
0.0649294
0.0890765
0.0828594
0.0612296
0.100684
0.0944044
0.0759838
0.0549644
0.0763845
0.0688133
0.086581
0.111686
0.0852421
0.0861664
0.117944
0.0420449
0.115861
0.10319
0.0600179
0.109558
0.0805909
0.124382
0.117251
0.093658
0.125998
0.079292
0.0981165
0.063938
0.102918
0.104377
0.110687
0.0864834
0.103811
0.112009
0.0953442
0.103194
0.10905
0.129781
0.073993
0.103215
0.0747421
0.0759362
0.0811209
0.0957019
0.0981537
0.0659831
0.0762013
0.0909954
0.0728075
0.0651498
0.139523
0.093757
0.0687259
0.064074
0.0968778
0
0.0405557
0.08062
0.0436245
0.0829312
0.0791293
0.123131
0.0904211
0.0588502
0.0562241
0.0836486
0.0682642
0.0429397
0.119266
0.0877779
0.0583954
0.0819483
0.0844083
0.120925
0.0672086
0.0890764
0.144487
0.119805
0.116808
0.108168
0.118579
0.117736
0.113498
0.083366
0.120785
0.0991316
0.127547
0.118082
0.135296
0.104138
0.0811597
0.115994
0.114774
0.0977817
0.101674
0.146101
0.104668
0.0645931
0.116756
0.0568499
0.0993649
0.11431
0.0436804
0.0927303
0.0747978
0.0876353
0.121245
0.0961721
0.105833
0.0908858
