0.167482
0.176239
0.178027
0.182052
0.187814
0.185835
0.192212
0.194419
0.206358
0.206674
0.211008
0.214595
0.215378
0.221785
0.223556
0.224593
0.225767
0.229172
0.223189
0.222529
0.222641
0.215983
0.223333
0.233714
0.230163
0.23981
0.243875
0.249711
0.254246
0.259303
0.265334
0.264698
0.267466
0.27157
0.27309
0.272917
0.272497
0.272881
0.266216
0.260641
0.251627
0.255594
0.256565
0.269514
0.287014
0.280228
0.288184
0.297175
0.299203
0.301054
0.299591
0.281415
0.268397
0.266277
0.266244
0.266581
0.283166
0.312196
0.316536
0.299327
0.276014
0.24989
0.221283
0.194725
0.185971
0.171038
0.171693
0.164279
0.161729
0.163208
0.170703
0.164861
0.16461
0.152328
0.155769
0.158317
0.167021
0.159961
0.160211
0.1611
0.164539
0.165346
0.170443
0.167946
0.168159
0.1747
0.176257
0.17917
0.183686
0.191376
0.194987
0.198944
0.203347
0.211235
0.217703
0.23243
0.242921
0.257881
0.26361
0.267406
0.268207
0.273761
0.271011
0.257788
0.236105
0.224424
0.219216
0.220483
0.217065
0.22563
0.229752
0.232586
0.233172
0.233405
0.231969
0.222606
0.228636
0.217283
0.207586
0.216466
0.212164
0.21718
0.219709
0.232653
0.234203
0.236645
0.243518
0.252515
0.25198
0.261569
0.264689
0.262802
0.264937
0.266242
0.26607
0.266982
0.272982
0.275819
0.271866
0.266744
0.245293
0.239253
0.223523
0.221502
0.238174
0.240855
0.24365
0.249191
0.254721
0.265029
0.26791
0.280818
0.282256
0.294873
0.296406
0.299748
0.299828
0.300666
0.304735
0.303672
0.305799
0.306188
0.308712
0.294011
0.273721
0.247764
0.21535
0.175586
0.163573
0.162749
0.158591
0.158788
0.150518
0.152673
0.162053
0.163546
0.160838
0.166445
0.17187
0.170245
0.183168
0.17269
0.178694
0.181082
0.178978
0.177804
0.181203
0.17617
0.176761
0.177063
0.173906
0.175128
0.182571
0.183047
0.180208
0.183136
0.178444
0.181618
0.172664
0.166249
0.155473
0.154348
0.150982
0.151433
0.142454
0.152824
0.150152
0.155473
0.16498
0.176766
0.178182
0.182423
0.196046
0.200761
0.205287
0.206004
0.206308
0.212924
0.216111
0.222258
0.222395
0.216508
0.216035
0.2053
0.193428
0.174606
0.181324
0.171858
0.168847
0.177245
0.177375
0.177021
0.191062
0.19221
0.195498
0.210641
0.22561
0.215476
0.227538
0.239201
0.247599
0.244101
0.251325
0.257778
0.257885
0.264023
0.272949
0.267899
0.271458
0.273287
0.276791
0.273913
0.275445
0.281101
0.268438
0.25446
0.222153
0.205389
0.17463
0.183898
0.188831
0.175473
0.19223
0.182119
0.193588
0.207323
0.204908
0.202532
0.209253
0.219977
0.236187
0.23783
0.238645
0.244222
0.255191
0.250019
0.256422
0.258583
0.2595
0.259894
0.244446
0.233406
0.206161
0.196996
0.172874
0.163078
0.168247
0.154186
0.166193
0.176562
0.172637
0.181292
0.171572
0.178739
0.182345
0.190387
0.172021
0.184481
0.189037
0.188521
0.180972
0.17718
0.177518
0.177406
0.174082
0.169181
0.176473
0.171565
0.178284
0.178637
0.174908
0.179887
0.172896
0.167031
0.148147
0.155761
0.150477
0.148853
0.154189
0.149642
0.138837
0.149062
0.142129
0.139931
0.152435
0.150525
0.152484
0.151283
0.154576
0.155757
0.160514
0.17603
0.178974
0.188766
0.188587
0.189854
0.196987
0.198468
0.196609
0.214243
0.202865
0.207757
0.208035
0.204492
0.194074
0.183352
0.186334
0.169158
0.170441
0.174018
0.156588
0.164672
0.143446
0.15633
0.15772
0.152523
0.17177
0.172203
0.17189
0.17821
0.172882
0.174207
0.171893
0.186579
0.178629
0.184645
0.196686
0.193763
0.201485
0.215875
0.223775
0.228807
0.232983
0.240017
0.238269
0.238363
0.240013
0.231249
0.20972
0.205428
0.172839
0.15051
0.14995
0.143789
0.144211
0.145844
0.134265
0.155193
0.164187
0.171162
0.164488
0.163097
0.161339
0.154835
0.144335
0.159418
0.163175
0.166763
0.161965
0.158508
0.164956
0.160109
0.161695
0.163303
0.177383
0.171098
0.17778
0.188698
0.198933
0.209646
0.214432
0.237143
0.251875
0.265885
0.255253
0.258436
0.24312
0.217772
0.208645
0.207322
0.186905
0.210473
0.204044
0.198765
0.200659
0.210315
0.209746
0.204658
0.211225
0.206389
0.209566
0.208566
0.212033
0.207894
0.206757
0.199991
0.190794
0.184556
0.183402
0.192782
0.182128
0.194852
0.184003
0.163069
0.173287
0.185676
0.158109
0.173042
0.1672
0.181995
0.17934
0.179989
0.153266
0.149412
0.175336
0.204915
0.184147
0.165344
0.18598
0.162489
0.18196
0.156533
0.188657
0.195185
0.177329
0.20022
0.200278
0.189352
0.220455
0.216074
0.206898
0.21691
0.222679
0.219601
0.21215
0.234245
0.238442
0.231499
0.23823
0.260174
0.281654
0.277033
0.295043
0.28448
0.266471
0.259794
0.237709
0.205308
0.208711
0.190557
0.202335
0.222548
0.27658
0.309659
0.346064
0.388909
0.420849
0.428578
0.41782
0.350735
0.264189
0.209921
0.179845
0.170955
0.153758
0.166401
0.166144
0.158805
0.1729
0.180299
0.172556
0.175321
0.171817
0.183527
0.182284
0.192223
0.186735
0.199671
0.195816
0.195043
0.209398
0.19947
0.180337
0.16724
0.15324
0.145515
0.136839
0.161435
0.145622
0.137361
0.149829
0.139823
0.138744
0.140757
0.133904
0.137825
0.128054
0.132071
0.121728
0.150883
0.14694
0.143189
0.166053
0.161329
0.156007
0.158888
0.170197
0.177187
0.16633
0.160585
0.173772
0.156932
0.168293
0.171231
0.16766
0.169665
0.15356
0.150939
0.135616
0.148261
0.150924
0.145777
0.16102
0.151532
0.151571
0.169216
0.162211
0.169079
0.172128
0.160455
0.169983
0.135984
0.153638
0.157408
0.166758
0.161222
0.156155
0.1548
0.158305
0.161689
0.155143
0.171874
0.161847
0.175624
0.172587
0.179082
0.177643
0.177096
0.176343
0.166135
0.171031
0.162009
0.145473
0.155536
0.150497
0.143921
0.149708
0.1294
0.136426
0.130168
0.117861
0.133185
0.137445
0.134896
0.142001
0.123145
0.131292
0.131633
0.131146
0.13524
0.113807
0.140141
0.122329
0.122642
0.127007
0.139988
0.130876
0.12174
0.132333
0.125784
0.106979
0.113867
0.111399
0.102292
0.107713
0.128679
0.115836
0.130369
0.13281
0.137699
0.14513
0.142604
0.156996
0.152405
0.162603
0.145852
0.174162
0.156316
0.139628
0.128801
0.127227
0.117895
0.10956
0.0939639
0.0974725
0.0967646
0.128767
0.128549
0.0965061
0.127491
0.129542
0.137822
0.130801
0.137149
0.118256
0.146089
0.12758
0.143265
0.167439
0.14565
0.137446
0.172957
0.165422
0.16312
0.1526
0.164757
0.165826
0.140674
0.120973
0.13659
0.128723
0.147305
0.154947
0.16802
0.148601
0.148947
0.155072
0.152383
0.139884
0.148365
0.140265
0.141605
0.137117
0.151267
0.152815
0.164065
0.134154
0.152368
0.144569
0.115583
0.132554
0.147545
0.13975
0.148491
0.126642
0.135966
0.13865
0.114556
0.102971
0.107592
0.106772
0.103397
0.0986058
0.091613
0.0965638
0.0966063
0.0973314
0.0822256
0.0789381
0.0839469
0.0737599
0.0850831
0.0853981
0.0737878
0.0643946
0.0709382
0.0712743
0.101202
0.0779236
0.0701336
0.0816123
0.0739822
0.063163
0.0757087
0.0689106
0.0863341
0.0708983
0.0727204
0.082233
0.0773137
0.0789545
0.0770402
0.0908338
0.0931657
0.0936818
0.0845906
0.0834898
0.101192
0.078087
0.0891005
0.088708
0.103368
0.0874111
0.0969679
0.0901904
0.0906896
0.0859848
0.081289
0.0825454
0.0868625
0.0585271
0.072175
0.0649196
0.0618485
0.0690021
0.0683714
0.0650742
0.0705219
0.0570197
0.081611
0.0779725
0.0628191
0.0599071
0.0871991
0.0737274
0.0745221
0.0843727
0.075738
0.0846408
0.0756845
0.07426
0.0813413
0.0848579
0.0832925
0.070226
0.0879975
0.0786205
0.0874175
0.0987667
0.100662
0.109329
0.087229
0.0846571
0.110955
0.109038
0.102007
0.0967696
0.114379
0.128087
0.13033
0.112417
0.131779
0.14366
0.118049
0.11354
0.113538
0.156966
0.135679
0.124472
0.140016
0.139003
0.162806
0.130231
0.140036
0.160677
0.176392
0.17322
0.186483
0.179414
0.180282
0.181653
0.170977
0.138051
0.13302
0.129973
0.126716
0.127159
0.131266
0.12827
0.143973
0.115097
0.140212
0.14921
0.108457
0.132591
0.144394
0.15719
0.154557
0.159352
0.148574
0.130232
0.149939
0.13199
0.152478
0.178661
0.166162
0.178942
0.169094
0.181523
0.17893
0.143113
0.165959
0.165026
0.159644
0.143932
0.150659
0.122207
0.142012
0.118306
0.12252
0.116579
0.0950733
0.0950707
0.0802183
0.07625
0.0777754
0.0561531
0.0615077
0.0561353
0.0587838
0.0480338
0.0509489
0.0554202
0.0614078
0.0555839
0.0493915
0.0541241
0.0584908
0.0623645
0.0513145
0.0468214
0.0545218
0.0548861
0.0628145
0.0556862
0.0501065
0.0468145
0.0592533
0.0488693
0.0410414
0.053641
0.0420763
0.0398903
0.0486993
0.0386821
0.0498181
0.0456943
0.0479443
0.0540768
0.0448178
0.044453
0.0434834
0.0450651
0.0460136
0.0466598
0.0549143
0.0513606
0.0489083
0.0515478
0.0534746
0.0513183
0.054414
0.0516239
0.0520454
0.0517473
0.0489797
0.048981
0.050795
0.051655
0.0508525
0.0524698
0.0414573
0.0476556
0.0522453
0.0527937
0.058801
0.0649404
0.0567798
0.0496681
0.0509651
0.0580527
0.0651961
0.0530647
0.0570471
0.0531501
0.0583283
0.0573265
0.0590162
0.0562536
0.0584296
0.0623038
0.0590663
0.0575635
0.0583549
0.0609018
0.0550432
0.0609028
0.0565638
0.0690474
0.0627121
0.0517881
0.0623525
0.0563828
0.0547887
0.0577376
0.0623715
0.0582396
0.056266
0.0592308
0.062058
0.0606003
0.0605888
0.0582172
0.0576387
0.0522888
0.0533859
0.0539595
0.0594935
0.0607895
0.0657344
0.0629095
0.0615746
0.0707764
0.0692452
0.081663
0.0705223
0.0794737
0.0703484
0.0807159
0.088027
0.0721752
0.0858964
0.0735066
0.075308
0.0762857
0.0771228
0.0766712
0.0835469
0.0847179
0.0784385
0.0829252
0.0899541
0.101395
0.101098
0.0972639
0.0883237
0.102721
0.0962567
0.103928
0.0984716
0.100901
0.095436
0.108063
0.105635
0.0962095
0.108474
0.113425
0.104533
0.100101
0.0955154
0.108841
0.10097
0.108227
0.0999455
0.105259
0.101046
0.107276
0.105154
0.112195
0.124666
0.119879
0.121256
0.104747
0.101059
0.106068
0.100932
0.091931
0.100649
0.102609
0.0949883
0.100918
0.0980641
0.111708
0.0982029
0.0971954
0.102737
0.0910225
0.100128
0.105762
0.0910764
0.0952658
0.0914589
0.0829233
0.103424
0.0985185
0.0851781
0.0887264
0.0834828
0.0893855
0.0995732
0.0824049
0.0644902
0.0679847
0.0882921
0.0807806
0.083153
0.0867255
0.0636043
0.0659175
0.0749369
0.060968
0.0696009
0.0747581
0.0727114
0.0729417
0.0702134
0.0848861
0.0704571
0.0800304
0.0883692
0.0815374
0.089373
0.0701641
0.0750302
0.0697527
0.0526268
0.060261
0.0507116
0.0549298
0.0547381
0.0536442
0.0479842
0.0459587
0.046984
0.0434582
0.0490235
0.0519852
0.0491725
0.0504465
0.0455063
0.050431
0.0427656
0.0477708
0.055932
0.0518165
0.0435158
0.0527365
0.06354
0.0491932
0.0545171
0.0659566
0.0762856
0.057486
0.0744802
0.0664848
0.063975
0.0518509
0.050065
0.0645204
0.0558371
0.0392734
0.0465049
0.0560544
0.0545411
0.0573655
0.0537651
0.0491117
0.0518009
0.0604164
0.0464283
0.0520173
0.0413311
0.0527655
0.0498894
0.0524824
0.0423905
0.0610148
0.0561947
0.0580566
0.0554595
0.0532974
0.0528817
0.0488167
0.0490093
0.0652213
0.0559938
0.0536413
0.066069
0.0497763
0.0525138
0.0498179
0.0554064
0.0505152
0.054261
0.0554695
0.0623384
0.0545293
0.0554005
0.0550322
0.0548373
0.0525084
0.052567
0.0595521
0.0489876
0.0490928
0.0625842
0.0617246
0.0591438
0.055005
0.0734734
0.0660609
0.0676544
0.0611397
0.0650138
0.062995
0.0607999
0.0523568
0.0557357
0.0562626
0.0537726
0.0553185
0.0526324
0.0544973
0.0586789
0.0518884
0.0571605
0.0569009
0.052116
0.0502751
0.0530393
0.0507332
0.0569934
0.0542148
0.0563327
0.0599374
0.0492417
0.0579368
0.0610755
0.0647076
0.0593615
0.0606732
0.0604717
0.0662937
0.0681396
0.0822919
0.070198
0.0671336
0.0710804
0.0770917
0.0678944
0.067641
0.0662146
0.0609062
0.0657137
0.0706786
0.0647156
0.0633381
0.0628848
0.0646116
0.0681801
0.0646816
0.0653863
0.0713392
0.0675445
0.0732525
0.0727993
0.0629583
0.0799703
0.0754492
0.0766623
0.078974
0.0774288
0.0933927
0.128525
0.171884
0.339448
0.509158
0.602587
0.621323
0.596958
0.499281
0.327192
0.182349
0.12799
0.102921
0.0847667
0.0787821
0.0820464
0.0854637
0.0811854
0.0802523
0.0852365
0.080116
0.0792565
0.0732211
0.0803599
0.0909081
0.0743437
0.0826408
0.0802272
0.0823506
0.0775907
0.0773914
0.0781308
0.0835506
0.0767641
0.0738134
0.0823418
0.0738712
0.0785491
0.072979
0.0785808
0.075597
0.0756204
0.0704551
0.0803897
0.0781402
0.0697398
0.070516
0.0743586
0.0731903
0.0788233
0.0762536
0.0768313
0.0791261
0.0808422
0.0821438
0.0779913
0.0742472
0.0790932
0.0813411
0.0847428
0.0781699
0.0771653
0.0801053
0.0784362
0.0795717
0.0786704
0.0837307
0.083762
0.0824689
0.0811434
0.0699379
0.0799453
0.0787218
0.0748739
0.075867
0.0845061
0.0728511
0.0751813
0.0762392
0.0783155
0.0713183
0.0710153
0.0815154
0.0728617
0.0750255
0.0774416
0.0814477
0.080438
0.0749598
0.0820484
0.0810364
0.0815296
0.0767855
0.0808256
0.0841383
0.0825516
0.0689967
0.0789674
0.0802212
0.0734017
0.0785217
0.0786459
0.0842025
0.0811775
0.0822037
0.0770595
0.0819614
0.0849591
0.0771993
0.0824664
0.0736976
0.0766662
0.0932024
0.0800101
0.0963027
0.0693695
0.0935114
0.0941694
0.0944355
0.0714912
0.0958285
0.0861654
0.0886261
0.103526
0.085049
0.0890866
0.0917319
0.0888277
0.0956129
0.0913897
0.0780815
0.0864967
0.0763121
0.0903228
0.0746793
0.0859784
0.0808123
0.100019
0.0758451
0.090739
0.0983578
0.0905211
0.076172
0.0825403
0.0859762
0.0904135
0.0955542
0.0906007
0.0888926
0.0913604
0.0814929
0.0812971
0.118921
0.0602006
0.0962377
0.113169
0.0808591
0.0867881
0.0556509
0.0923749
0.122717
0.131132
0.124127
0.102309
0.0936283
0.0921112
0.1185
0.091392
0.0816734
0.102788
0.103111
0.11218
0.0979703
0.110454
0.118332
0.105616
0.120914
0.0915358
0.123867
0.143044
0.143014
0.122806
0.108184
0.109186
0.125979
0.0924486
0.115333
0.108226
0.126953
0.110093
0.111256
0.134902
0.118188
0.108328
0.100467
0.12887
0.107378
0.108655
0.118566
0.133998
0.115122
0.0839226
0.0977029
0.105867
0.096771
0.103411
0.107401
0.102476
0.0776668
0.102381
0.108558
0.114551
0.0917198
0.104614
0.095761
0.0836544
0.0797248
0.0982255
0.0897158
0.0853749
0.109564
0.126413
0.0976077
0.124061
0.143962
0.129821
0.137358
0.136978
0.111598
0.102573
0.0776678
0.0807144
0.0794018
0.0846914
0.0904767
0.0789311
0.0746728
0.0975597
0.109152
0.0839677
0.093473
0.0675273
0.088625
0.0743602
0.0886557
0.0951537
0.0968506
0.0831118
0.104781
0.120471
0.107941
0.1094
0.118562
0.132239
0.144797
0.139289
0.154929
0.166395
0.154252
0.178353
0.203357
0.200087
0.212129
0.202092
0.174858
0.119859
0.0989799
0.0747493
0.0807113
0.0789751
0.0829758
0.0778835
0.0644696
0.0685351
0.0893781
0.0782308
0.0921977
0.0811172
0.085883
0.0789027
0.0537142
0.0731437
0.0682902
0.0715512
0.0779597
0.0734662
0.0746031
0.0708875
0.0736975
0.0795061
0.0745323
0.0658516
0.082798
0.0733749
0.0824195
0.0776739
0.0752691
0.0792883
0.0815451
0.0664301
0.0755916
0.073003
0.0781188
0.082601
0.0785302
0.0827732
0.0779642
0.0792806
0.0775111
0.0787276
0.0832265
0.0746556
0.0746389
0.0734117
0.0852883
0.0848482
0.0863182
0.0742841
0.0868791
0.0829347
0.0879577
0.0767562
0.0898298
0.0707229
0.0834674
0.0649772
0.0848531
0.0802381
0.0639951
0.0877007
0.0769092
0.0669842
0.080266
0.0733888
0.0731295
0.0762484
0.0854936
0.0807129
0.0767952
0.076522
0.0784982
0.0853928
0.0841464
0.0734516
0.076205
0.078378
0.0766075
0.0774683
0.0663959
0.0766604
0.0725867
0.0759428
0.076343
0.072839
0.0806193
0.0767962
0.0763687
0.0778601
0.0820839
0.0837591
0.0844792
0.0865585
0.0850098
0.0843407
0.0882202
0.0923899
0.0890384
0.0912622
0.0980844
0.0999141
0.0977317
0.102154
0.102996
0.10583
0.107365
0.112749
0.121186
0.127432
0.123557
0.112473
0.108567
0.0923252
0.0853894
0.0699058
0.0805695
0.0750511
0.0772103
0.0779967
0.0745802
0.0743701
0.0812891
0.0822033
0.0726076
0.0722216
0.0741248
0.0826858
0.0810895
0.0774004
0.0771944
0.0843534
0.0887857
0.0841905
0.0839484
0.086896
0.0881145
0.0942864
0.100302
0.0911844
0.10225
0.112317
0.115895
0.127904
0.127333
0.140533
0.138704
0.148905
0.158801
0.148916
0.15438
0.155175
0.14632
0.134121
0.121905
0.123209
0.105824
0.0981504
0.0888198
0.0896545
0.0939228
0.0880174
0.0900227
0.0960115
0.0832729
0.0957672
0.0898239
0.0869252
0.0967437
0.0883691
0.104841
0.0978015
0.0991066
0.102816
0.0968769
0.10503
0.110018
0.116133
0.110971
0.119573
0.11758
0.114667
0.123001
0.117786
0.132354
0.130775
0.129582
0.138803
0.159123
0.161327
0.166264
0.173668
0.16992
0.175125
0.158716
0.145815
0.139497
0.137373
0.125753
0.114008
0.105682
0.0924962
0.0910927
0.099512
0.0994273
0.101469
0.0990588
0.114083
0.0962296
0.0940933
0.0979866
0.0993959
0.0867258
0.0891391
0.105405
0.0843114
0.0722409
0.0929032
0.0852627
0.0911325
0.0842735
0.0871071
0.10572
0.0977882
0.0921309
0.0789662
0.0853312
0.0876644
0.0911944
0.0878692
0.0881181
0.0962213
0.0812826
0.0833364
0.0859233
0.0923132
0.0855013
0.0906866
0.0834207
0.0951228
0.0860478
0.0887669
0.0905297
0.08811
0.0873773
0.088892
0.0935609
0.089483
0.0973834
0.0935469
0.0927478
0.0830401
0.0871731
0.0906289
0.0879979
0.0912998
0.0895666
0.0917707
0.106962
0.103976
0.111935
0.119846
0.124265
0.130744
0.134773
0.134797
0.12288
0.135648
0.132386
0.124918
0.138911
0.135749
0.132459
0.138817
0.135659
0.136578
0.142202
0.119906
0.142344
0.113872
0.132718
0.13704
0.123219
0.163422
0.155651
0.140071
0.152332
0.160705
0.177729
0.169603
0.157483
0.147678
0.141874
0.14904
0.139834
0.112392
0.104242
0.120775
0.122767
0.133207
0.122526
0.135928
0.107331
0.120195
0.143655
0.134127
0.13722
0.146201
0.153675
0.154798
0.143727
0.159896
0.167758
0.15237
0.158571
0.160637
0.180209
0.160153
0.163641
0.155888
0.159155
0.139725
0.135722
0.151156
0.13542
0.13069
0.130054
0.137163
0.106459
0.108783
0.136091
0.131736
0.112961
0.142775
0.173522
0.118585
0.138717
0.116251
0.151501
0.132863
0.15565
0.117239
0.155539
0.168888
0.160577
0.158195
0.161246
0.181267
0.194193
0.17402
0.160709
0.168162
0.198252
0.191175
0.195395
0.183151
0.212478
0.208814
0.208095
0.215611
0.228082
0.219647
0.207383
0.205711
0.208366
0.204163
0.212054
0.190704
0.18838
0.202096
0.1836
0.165142
0.165181
0.134067
0.14313
0.124874
0.101794
0.149052
0.105098
0.110511
0.0855489
0.142987
0.0861822
0.0963818
0.083686
0.128498
0.0967057
0.110099
0.118707
0.143403
0.10545
0.123288
0.137778
0.125396
0.150722
0.144107
0.167839
0.166884
0.144488
0.164897
0.187683
0.151619
0.190433
0.188585
0.188675
0.17057
0.197664
0.210303
0.197386
0.211134
0.220047
0.208464
0.221231
0.246728
0.243964
0.237486
0.234801
0.255204
0.235234
0.198653
0.227631
0.216365
0.223178
0.220853
0.207212
0.200962
0.177386
0.174672
0.194668
0.140498
0.103492
0.133926
0.114624
0.117658
0.0983071
0.129367
0.127584
0.122378
0.0793769
0.125257
0.100303
0.100295
0.0716858
0.128764
0.1543
0.125528
0.135752
0.0922732
0.1208
0.151487
0.129735
0.098157
0.0938416
0.124805
0.122898
0.0836535
0.096629
0.0857475
0.11033
0.108116
0.0801932
0.14178
0.109142
0.157039
0.0728168
0.0696219
0.0929332
0.100126
0.116054
0.143309
0.135416
0.130033
0.164208
0.0997453
0.159926
0.132353
0.0996147
0.129832
0.126506
0.155669
0.149023
0.137714
0.134623
0.0926451
0.130632
0.123211
0.136415
0.133105
0.138115
0.133276
0.122763
0.147878
0.132558
0.124987
0.181494
0.136079
0.123263
0.132185
0.110809
0.107557
0.120171
0.117972
0.153752
0.0784878
0.126098
0.110872
0.0825657
0.0501908
0.131285
0.136761
0.0914266
0.0973792
0.115039
0.0606599
0.0866543
0.102337
0
0.125794
0.0780471
0.109591
0.150896
0.0792021
0.0859806
0.104608
0.0540077
0.137737
0.126555
0.1432
0.0860952
0.15382
0.145334
0.151973
0.111964
0.0908264
0.127043
0.147534
0.154563
0.145267
0.166729
0.163567
0.115455
0.110171
0.149937
0.141568
0.169977
0.14632
0.164864
0.153168
0.146928
0.138235
0.106232
0.146834
0.175707
0.150752
0.156765
0.131599
0.170395
0.0862015
0.148264
0.11375
0.122108
0.130087
0.115278
0.122944
0.159331
0.132697
0.128613
0.125165
