0.128303
0.133758
0.135866
0.144288
0.141976
0.141547
0.148355
0.144602
0.152211
0.155935
0.160051
0.166378
0.162889
0.172914
0.175861
0.180948
0.184051
0.189648
0.190941
0.183967
0.187832
0.181357
0.184442
0.191494
0.187505
0.199519
0.20367
0.209006
0.213416
0.213834
0.221849
0.223993
0.226466
0.232767
0.236522
0.241809
0.242876
0.253152
0.244645
0.241052
0.229387
0.22704
0.224001
0.233003
0.246106
0.239874
0.249566
0.257967
0.261798
0.265678
0.259387
0.23455
0.221265
0.218771
0.2189
0.219367
0.238278
0.287943
0.295148
0.286236
0.262744
0.23783
0.185654
0.163875
0.158348
0.137372
0.136191
0.124048
0.117941
0.116114
0.117763
0.105246
0.104634
0.102452
0.104564
0.105809
0.109205
0.113074
0.116559
0.113692
0.114608
0.119871
0.123548
0.118145
0.118621
0.126416
0.119796
0.122995
0.13047
0.136966
0.142507
0.150678
0.155653
0.162991
0.17033
0.190139
0.199975
0.215907
0.2228
0.232365
0.230013
0.237984
0.235759
0.220451
0.19659
0.175087
0.169367
0.166807
0.167575
0.180375
0.181341
0.187765
0.191657
0.192995
0.19478
0.191033
0.195322
0.182732
0.176395
0.178039
0.171542
0.179099
0.183045
0.192085
0.18663
0.193779
0.198581
0.208441
0.208628
0.210919
0.216319
0.2213
0.220653
0.21982
0.219356
0.220663
0.235473
0.245885
0.247127
0.241108
0.22096
0.202483
0.195493
0.187995
0.1997
0.20162
0.21024
0.22206
0.218998
0.231027
0.230514
0.248585
0.244649
0.256266
0.264197
0.267051
0.266519
0.267916
0.271145
0.273424
0.27552
0.280542
0.286127
0.274236
0.254902
0.220185
0.167264
0.128451
0.111295
0.102066
0.101769
0.100401
0.0974838
0.0949582
0.102184
0.108445
0.106932
0.122734
0.126514
0.127298
0.131297
0.134747
0.146281
0.132267
0.133404
0.125014
0.123134
0.123567
0.114345
0.119614
0.124257
0.121044
0.122097
0.127594
0.12839
0.137183
0.132807
0.135885
0.130812
0.120163
0.118684
0.114314
0.105085
0.101274
0.102957
0.115677
0.111028
0.114807
0.11759
0.124093
0.131447
0.133796
0.144789
0.148148
0.149036
0.15211
0.15896
0.162174
0.163748
0.174864
0.178117
0.176618
0.17701
0.173166
0.147602
0.142925
0.133854
0.124576
0.129937
0.128156
0.134277
0.136832
0.138384
0.152163
0.149022
0.160542
0.17985
0.17392
0.183844
0.185822
0.199965
0.204236
0.207586
0.212795
0.216535
0.227992
0.229106
0.232965
0.236446
0.243567
0.24296
0.25306
0.24709
0.246369
0.24352
0.233879
0.201583
0.182868
0.14948
0.160932
0.154274
0.156462
0.16721
0.163311
0.162889
0.169289
0.166372
0.177415
0.175447
0.188675
0.202959
0.198603
0.200095
0.211852
0.212291
0.211742
0.216963
0.216985
0.220983
0.214744
0.210608
0.193103
0.162425
0.148753
0.127673
0.116929
0.12383
0.116615
0.131844
0.130709
0.13474
0.134535
0.140987
0.149801
0.149044
0.151255
0.142218
0.141061
0.139181
0.140997
0.130763
0.127819
0.121065
0.126733
0.119427
0.114281
0.119785
0.126229
0.124295
0.130038
0.131913
0.136204
0.141093
0.134774
0.115385
0.106029
0.112521
0.123047
0.118016
0.120344
0.11179
0.119424
0.107448
0.0989762
0.0994322
0.113822
0.116367
0.123687
0.119663
0.123376
0.120301
0.121132
0.133384
0.136228
0.138687
0.144181
0.154667
0.150691
0.155118
0.164651
0.167165
0.171606
0.168394
0.170489
0.16438
0.145091
0.162913
0.131026
0.130849
0.139781
0.120541
0.114124
0.130532
0.128175
0.124056
0.13561
0.133681
0.133852
0.124023
0.140314
0.131032
0.13227
0.134998
0.156897
0.130303
0.14553
0.144805
0.156591
0.160013
0.171463
0.186749
0.189028
0.194209
0.193716
0.201348
0.202257
0.20247
0.200693
0.178051
0.169598
0.138208
0.114426
0.107166
0.10516
0.104528
0.1161
0.0995411
0.110241
0.124595
0.129943
0.115864
0.124026
0.121042
0.119081
0.120171
0.117436
0.116344
0.108264
0.109075
0.112909
0.110754
0.115975
0.114729
0.11724
0.119683
0.12443
0.12612
0.1385
0.151087
0.165851
0.182145
0.199738
0.214301
0.240371
0.22585
0.223721
0.220356
0.199389
0.177083
0.168403
0.158717
0.171569
0.180102
0.173209
0.179271
0.171198
0.168214
0.163046
0.165973
0.165518
0.162937
0.163799
0.164839
0.161597
0.160985
0.152447
0.15041
0.141943
0.1463
0.145798
0.146549
0.154869
0.150985
0.132152
0.150435
0.156374
0.133701
0.138377
0.150466
0.138234
0.132448
0.152599
0.127827
0.143568
0.15396
0.171226
0.147877
0.139329
0.142647
0.11953
0.149634
0.134208
0.155408
0.166347
0.147357
0.171175
0.161011
0.149827
0.176681
0.172329
0.169896
0.18391
0.179656
0.168381
0.169141
0.190023
0.195828
0.198229
0.208415
0.240904
0.252888
0.25429
0.261101
0.266811
0.250793
0.230185
0.210856
0.186514
0.162986
0.159362
0.161422
0.159875
0.192976
0.223067
0.234316
0.274313
0.297853
0.317679
0.305453
0.246646
0.206678
0.171251
0.151447
0.132118
0.124933
0.130807
0.119585
0.120124
0.131655
0.146033
0.113763
0.141246
0.14298
0.154699
0.148164
0.163578
0.155739
0.154858
0.160312
0.167101
0.17484
0.168531
0.148601
0.149077
0.120223
0.10419
0.0950105
0.113346
0.121196
0.0948067
0.122748
0.105827
0.104424
0.101047
0.0930666
0.0936823
0.0835321
0.0880165
0.0850259
0.104902
0.100147
0.09214
0.115869
0.119566
0.118709
0.122418
0.129476
0.117075
0.1229
0.120716
0.132817
0.137568
0.12705
0.116432
0.135998
0.127224
0.115597
0.114318
0.116097
0.097007
0.103966
0.120524
0.128668
0.131852
0.121011
0.129974
0.127947
0.135741
0.138878
0.132474
0.126721
0.110296
0.128286
0.114648
0.123406
0.12142
0.128571
0.114306
0.102471
0.109879
0.114251
0.121436
0.131517
0.133651
0.13493
0.150852
0.120335
0.134631
0.125086
0.123712
0.111718
0.142453
0.119337
0.108046
0.117048
0.103376
0.133444
0.10825
0.0972011
0.0971221
0.0928833
0.104952
0.103285
0.0956711
0.0978048
0.0807952
0.0843247
0.0875444
0.0867016
0.0962433
0.0916739
0.0861522
0.0648915
0.0926263
0.0731693
0.100042
0.0947342
0.0819578
0.0819486
0.0782715
0.0799795
0.0646194
0.0609472
0.0610756
0.0742358
0.0767685
0.0693554
0.0830051
0.0932471
0.0951871
0.0969949
0.107827
0.120713
0.132293
0.119682
0.105681
0.118455
0.11723
0.0895943
0.0910838
0.0864074
0.0726384
0.0719006
0.0558059
0.0615836
0.0609102
0.101208
0.0830551
0.0741061
0.0994289
0.0951089
0.113313
0.10098
0.09263
0.0896643
0.107054
0.105773
0.112202
0.127779
0.102445
0.109572
0.118437
0.131288
0.126658
0.121481
0.137803
0.144203
0.104461
0.114643
0.108476
0.110381
0.12175
0.108668
0.142424
0.110712
0.125126
0.114529
0.108419
0.101007
0.11582
0.105612
0.112104
0.115753
0.125841
0.112873
0.107735
0.102219
0.12562
0.107139
0.0878745
0.103814
0.0995688
0.0970968
0.0971574
0.092748
0.089634
0.0887041
0.0626688
0.0754773
0.0720753
0.0643447
0.0567771
0.0648972
0.0621027
0.0572642
0.073257
0.0639366
0.0501941
0.0440409
0.0553329
0.0488044
0.0385976
0.0609754
0.0426865
0.0390593
0.0352931
0.0433644
0.0617485
0.0517144
0.0502578
0.0329113
0.0257439
0.0238949
0.0316584
0.0405632
0.038432
0.0500772
0.0456641
0.0363432
0.0320863
0.0407855
0.0611388
0.0448099
0.0466971
0.0388341
0.0473204
0.0524912
0.0497607
0.0535112
0.0655987
0.0524419
0.0535993
0.0506086
0.0609991
0.051609
0.0515507
0.0527479
0.0522163
0.0492129
0.0300825
0.0303481
0.0306476
0.031807
0.0315653
0.0332112
0.023379
0.0321131
0.0386901
0.0191594
0.0289601
0.0412162
0.044242
0.0332501
0.0586287
0.0407823
0.0478959
0.0466446
0.0334906
0.0363825
0.0481538
0.0401271
0.0382873
0.047441
0.0524669
0.0400354
0.0420808
0.0454922
0.0654339
0.0610863
0.0613261
0.0747579
0.071298
0.0756738
0.0862969
0.0690973
0.0877531
0.0765794
0.0785569
0.0902642
0.0952339
0.0991907
0.0829179
0.0934027
0.0702836
0.0732482
0.0918078
0.10839
0.101727
0.0998103
0.0973095
0.100812
0.10211
0.0970222
0.117861
0.129872
0.136523
0.126867
0.150057
0.139397
0.134031
0.146675
0.141658
0.104599
0.0900818
0.104861
0.0874294
0.0847177
0.0885023
0.0931063
0.116623
0.0909718
0.102814
0.0930013
0.0982149
0.0878083
0.116391
0.128549
0.0986965
0.128564
0.114362
0.0968158
0.110898
0.0838184
0.122793
0.131748
0.136751
0.168107
0.152986
0.140616
0.147285
0.143813
0.128815
0.135762
0.135649
0.135301
0.0915312
0.104054
0.0893165
0.0888223
0.0827733
0.0723174
0.0639817
0.0502278
0.0173525
0.0406866
0.0315403
0.0161085
0.0203876
0.0123165
0.0150696
0.00793208
0.0124939
0.01013
0.0121389
0.0163745
0.007353
0.00990602
0.016649
0.0189206
0.0108214
0.00737481
0.0121365
0.0149728
0.0233529
0.0155176
0.0215069
0.0146214
0.0196632
0.00763022
0.0129595
0.00372175
0.00511508
0.00151864
0.00885585
0.00311402
0.0130154
0.0124491
0.0125498
0.0180772
0.00795858
0.0100274
0
0.0099293
0.0126483
0.0138343
0.0162975
0.0140499
0.0127985
0.00872752
0.0151296
0.0166133
0.0181526
0.0146675
0.0133567
0.00789115
0.00938083
0.0181625
0.0128739
0.0186664
0.0176831
0.0169773
0.00637386
0.00919366
0.0181242
0.0194002
0.0214094
0.0283595
0.0247426
0.0128939
0.015048
0.0181081
0.023803
0.015116
0.0179659
0.014768
0.0218348
0.018915
0.0244701
0.0256537
0.0182903
0.0273332
0.0251416
0.0198232
0.0259365
0.020873
0.0225664
0.0270324
0.0266044
0.0326987
0.0255135
0.0171067
0.0273695
0.0264672
0.0214897
0.023111
0.0176134
0.0234357
0.015085
0.0191011
0.0222104
0.020176
0.0212767
0.0210282
0.0212663
0.0204344
0.0194575
0.0282532
0.0194407
0.0215209
0.0309764
0.0287564
0.0304467
0.0376183
0.043577
0.0376938
0.0329433
0.0385137
0.0403235
0.045449
0.0454897
0.0483443
0.0453447
0.0390885
0.0436066
0.0427349
0.0527372
0.048096
0.0454907
0.0618923
0.0505783
0.0490913
0.0523932
0.0634271
0.0643698
0.0673599
0.0584119
0.0706078
0.0718749
0.0709716
0.0680928
0.0694492
0.0659525
0.083767
0.0765499
0.0661081
0.0855531
0.0885661
0.0758561
0.0650454
0.0713679
0.0768817
0.0799437
0.0751031
0.0719591
0.0683074
0.0685099
0.0854988
0.0697715
0.0846111
0.0952474
0.0863655
0.0920015
0.0705316
0.0788966
0.0867772
0.0716341
0.0595101
0.0713283
0.056922
0.0601527
0.0691524
0.0762341
0.075029
0.07227
0.0684098
0.0696656
0.0674534
0.0639272
0.0637561
0.0681883
0.0635387
0.0632564
0.0669709
0.0754368
0.0750158
0.0530741
0.0608497
0.0486968
0.0524686
0.052524
0.0443058
0.0251445
0.0393875
0.0475938
0.0398168
0.0512911
0.0431145
0.0367305
0.0408825
0.0447733
0.036389
0.0282391
0.0502178
0.0420457
0.0317315
0.0450641
0.0517442
0.0400976
0.0389658
0.0444717
0.0377894
0.0468552
0.0373424
0.0418153
0.0297524
0.0287551
0.0210162
0.0194362
0.0182
0.0176061
0.00723728
0.0140963
0.00822778
0.0116864
0.00705737
0.00808734
0.00915599
0.0117922
0.0156326
0.0206749
0.0118917
0.00908463
0.017489
0.0206799
0.0334779
0.0232265
0.0162783
0.033942
0.0223482
0.0300229
0.040431
0.0327189
0.0280998
0.0266001
0.0318712
0.0389646
0.0237076
0.0185637
0.0305614
0.0232995
0.0174929
0.012464
0.0169546
0.0136157
0.0192626
0.0106209
0.00998018
0.00941321
0.0147687
0.00907093
0.0181974
0.012781
0.0179953
0.0126422
0.0165833
0.0143686
0.0244406
0.0255306
0.0214401
0.0196266
0.0199554
0.0208878
0.0131662
0.027179
0.021186
0.0191323
0.0161685
0.0102213
0.0112719
0.0145653
0.015344
0.0174744
0.00555047
0.00777903
0.0109243
0.0185006
0.0133957
0.0150698
0.0188606
0.0159669
0.0233773
0.015994
0.0247718
0.0132707
0.0205004
0.0174313
0.0189033
0.0197763
0.0214394
0.0379779
0.0258423
0.0295724
0.0294505
0.0248713
0.0213522
0.0210254
0.0173633
0.0182776
0.0255045
0.0152833
0.0185492
0.0184789
0.0190117
0.0203795
0.0161457
0.0219423
0.0207216
0.019389
0.0237389
0.0152192
0.018637
0.0201898
0.0163103
0.0221079
0.0231238
0.013813
0.0287175
0.0225006
0.0342028
0.0228566
0.0236294
0.0262635
0.0318469
0.0291312
0.0444244
0.0386701
0.035598
0.0382736
0.0261437
0.0380661
0.0400336
0.0264829
0.0264329
0.0328552
0.0389235
0.0320104
0.0301138
0.0293798
0.031729
0.0313641
0.0288997
0.0384755
0.0338626
0.030998
0.0358481
0.0354025
0.0349766
0.0445058
0.0379533
0.0492781
0.0448248
0.0547056
0.051992
0.0817272
0.116879
0.227765
0.351624
0.415295
0.435388
0.41352
0.346744
0.228925
0.12025
0.0854532
0.060558
0.0560027
0.0526
0.0548817
0.050282
0.0539021
0.051572
0.0493035
0.0490569
0.0478084
0.0493566
0.0503952
0.0567648
0.0482508
0.051906
0.0456377
0.0515148
0.0508081
0.0495402
0.0479784
0.0534751
0.0451189
0.0467852
0.0539124
0.040144
0.0457796
0.0424014
0.042929
0.0387944
0.0420357
0.0364163
0.0483875
0.0362075
0.0385163
0.0367993
0.0404355
0.039669
0.0443662
0.0520765
0.0504347
0.0477682
0.0491716
0.0466317
0.0503807
0.0487988
0.0440762
0.0490029
0.0529367
0.0549477
0.044504
0.0525199
0.0523228
0.0542132
0.0506341
0.0554596
0.0604711
0.0528316
0.046532
0.0425814
0.0502456
0.0580356
0.0515677
0.0462043
0.0546666
0.0394189
0.0441591
0.0390191
0.0444347
0.0480839
0.0388316
0.040984
0.0389413
0.0463832
0.0443987
0.0501703
0.045036
0.0462941
0.0481185
0.053198
0.0476074
0.0486376
0.051337
0.052803
0.0466083
0.0433805
0.0566423
0.053588
0.0462118
0.0485408
0.0559216
0.0493882
0.0520245
0.0590341
0.0511889
0.0514237
0.0538657
0.0555693
0.0547121
0.0539083
0.0518268
0.0525184
0.0517697
0.0646282
0.0370915
0.0497395
0.0498994
0.0539032
0.0475808
0.0654613
0.0631259
0.0662358
0.0719651
0.0608185
0.0561685
0.0666506
0.065394
0.0789469
0.0602326
0.0576751
0.0521273
0.0641652
0.0630709
0.0518318
0.0454009
0.0689602
0.0731467
0.0550055
0.0654162
0.0601385
0.0737908
0.0491163
0.0572837
0.0688384
0.0544418
0.0655921
0.0717051
0.0586511
0.0615155
0.0680802
0.0593271
0.0584846
0.0733853
0.0669434
0.0874752
0.054265
0.0680267
0.0385503
0.0499353
0.0576775
0.0710042
0.0799271
0.0707036
0.0662114
0.0544257
0.0823325
0.0733529
0.0815322
0.0679447
0.0767769
0.0810285
0.0431249
0.0813379
0.0861694
0.0873567
0.10272
0.0881522
0.100226
0.0946473
0.0867979
0.097481
0.0930203
0.109954
0.118328
0.0778282
0.0891808
0.084253
0.12932
0.0675577
0.0945718
0.106275
0.090505
0.0734023
0.0769416
0.065567
0.0821236
0.0884742
0.106072
0.0997151
0.0521913
0.0661854
0.0664333
0.0700255
0.0500252
0.0538254
0.0870865
0.0792844
0.0710235
0.0697005
0.0809669
0.0708558
0.0744597
0.0822368
0.0641355
0.0479567
0.0655113
0.0515249
0.045973
0.0587886
0.0752199
0.0891157
0.0539229
0.0863828
0.0939896
0.0905252
0.0908631
0.0854692
0.0901296
0.0536059
0.0395974
0.0491138
0.0400023
0.0463406
0.0509932
0.0527828
0.0306509
0.0600423
0.0457013
0.0393414
0.0699094
0.0564115
0.0581325
0.0539873
0.057962
0.0586034
0.062286
0.060921
0.0728069
0.0847714
0.0748442
0.0664368
0.08679
0.0919458
0.118078
0.104129
0.114171
0.130227
0.121454
0.135891
0.160218
0.16931
0.177584
0.162218
0.148045
0.0843434
0.0679252
0.0449779
0.0356844
0.0532227
0.0467437
0.0393021
0.0514552
0.0303298
0.0517435
0.0447969
0.0532145
0.0523275
0.0524997
0.0441387
0.0432758
0.0433915
0.0506854
0.0522315
0.0455855
0.0531493
0.044815
0.0431277
0.0472313
0.0466845
0.0309591
0.0409346
0.0482877
0.040649
0.0536397
0.0387387
0.0445387
0.0519596
0.0480856
0.0417538
0.0594222
0.0412353
0.0510271
0.0490752
0.0537322
0.0468333
0.0489467
0.0605225
0.0538586
0.0518323
0.0531211
0.0421928
0.0560743
0.0538809
0.0505292
0.0502939
0.0486253
0.046324
0.054524
0.0477894
0.055722
0.0447143
0.051372
0.0347989
0.0502581
0.0396528
0.045737
0.0409874
0.0362626
0.0429312
0.0456423
0.0355853
0.0374768
0.0461831
0.0333164
0.0428872
0.0440586
0.0477217
0.0477494
0.0452733
0.047888
0.0533698
0.0436708
0.0401581
0.0451623
0.0428384
0.0407602
0.0482269
0.0355635
0.0388673
0.0403535
0.0417543
0.043698
0.0440962
0.0417987
0.0418184
0.0428748
0.0432379
0.0505776
0.0482668
0.0484347
0.0535609
0.0469941
0.0523211
0.0545614
0.0542483
0.050314
0.0524454
0.0718621
0.0604124
0.0600397
0.0636747
0.062498
0.067357
0.0624438
0.0734779
0.0812017
0.0756672
0.0765168
0.0745261
0.073444
0.0576412
0.0528739
0.0501054
0.0469741
0.0446558
0.0408299
0.0443422
0.0432803
0.0429728
0.0415879
0.0380161
0.0430366
0.0419754
0.0424834
0.0425121
0.0522325
0.0453634
0.048487
0.0547462
0.054468
0.0551966
0.0541568
0.052475
0.0564734
0.0640143
0.0609604
0.0584139
0.073093
0.0725142
0.0763087
0.0936322
0.0954475
0.104756
0.0992522
0.113608
0.109342
0.116639
0.116083
0.115137
0.106007
0.101859
0.0877347
0.0839336
0.0709552
0.0657857
0.0603286
0.0561797
0.0579659
0.0516789
0.0399919
0.0517515
0.0460302
0.0617979
0.0547155
0.0533074
0.0613862
0.0592333
0.0604447
0.0600125
0.0648535
0.0651314
0.057641
0.0713353
0.0772085
0.0709453
0.0768398
0.0841035
0.0848202
0.0870399
0.0921031
0.0924104
0.101304
0.105184
0.106105
0.104918
0.124176
0.128917
0.136236
0.135112
0.136546
0.132994
0.127049
0.120774
0.103084
0.107172
0.0957227
0.0826673
0.0733272
0.0668693
0.0623764
0.0658163
0.0626273
0.0539488
0.0712504
0.0765956
0.0728166
0.0644299
0.0753778
0.0747198
0.0662962
0.0690778
0.0704987
0.0520299
0.0600435
0.066898
0.0546511
0.0664809
0.0576099
0.0558604
0.0624764
0.0572965
0.0691293
0.0561863
0.0551515
0.0627279
0.0613006
0.0566388
0.0593338
0.0629557
0.0619369
0.0609336
0.0630598
0.0619872
0.0550758
0.059858
0.0592534
0.0657869
0.0594483
0.0618963
0.0625046
0.0613716
0.0595049
0.0623054
0.0625353
0.0610717
0.0704158
0.0670956
0.0739187
0.0610101
0.0614483
0.062147
0.0641746
0.0770057
0.0644239
0.0629188
0.0722709
0.062483
0.0689423
0.0693491
0.0602325
0.0583778
0.0555524
0.0638239
0.052113
0.0572838
0.0542199
0.0547293
0.0630279
0.0561156
0.0648102
0.0715547
0.0653554
0.0711903
0.0836389
0.0914251
0.0870946
0.0898402
0.0934831
0.0910616
0.101175
0.128991
0.0960036
0.116754
0.122462
0.137507
0.147121
0.121543
0.11687
0.110721
0.0934394
0.0911561
0.0860183
0.0959498
0.0997107
0.0907856
0.0730183
0.0801581
0.0722907
0.0671938
0.0757233
0.0796046
0.099761
0.095757
0.0878619
0.0951598
0.114938
0.102092
0.100461
0.119036
0.115597
0.115807
0.103035
0.111113
0.10939
0.0983005
0.113779
0.104228
0.116648
0.0960947
0.1152
0.0991022
0.0883344
0.0796438
0.0781521
0.0799683
0.0717457
0.0831512
0.0949561
0.0947385
0.0465028
0.0958575
0.112094
0.0965133
0.116055
0.0886932
0.106674
0.097904
0.106277
0.0804387
0.109889
0.1139
0.110919
0.0990541
0.129689
0.105063
0.126235
0.141121
0.124565
0.139744
0.150277
0.124768
0.156675
0.151464
0.154798
0.141835
0.15076
0.175078
0.185272
0.172286
0.165726
0.159198
0.167713
0.145985
0.127616
0.157164
0.14078
0.15011
0.134164
0.13465
0.114108
0.101742
0.0863344
0.0687937
0.0815561
0.094302
0.0641537
0.0810178
0.0768252
0.096342
0.0577564
0.0908081
0.0758991
0.115152
0.0714452
0.0763313
0.105318
0.121276
0.0630889
0.10241
0.119248
0.0927479
0.14226
0.131101
0.13916
0.147854
0.138726
0.105421
0.155711
0.131489
0.13777
0.153413
0.144177
0.151965
0.180351
0.177702
0.163144
0.191397
0.195352
0.171278
0.162944
0.185921
0.205639
0.200363
0.204346
0.224097
0.199813
0.180301
0.170683
0.183377
0.172208
0.188324
0.179478
0.175315
0.139715
0.107074
0.146756
0.101945
0.0485252
0.113975
0.0644969
0.0498216
0.110533
0.0895227
0.0870059
0.0718709
0.0578493
0.0791524
0.0572644
0.0434914
0.0640813
0.0804611
0.107056
0.0641721
0.0700687
0.0566573
0.05818
0.0840771
0.063505
0.0592071
0.0894615
0.111709
0.0953781
0.0413706
0.0594297
0.0595356
0.0748713
0.0630191
0.084976
0.109157
0.102196
0.100895
0.0764166
0.068465
0.0630012
0.0199727
0.0901608
0.117387
0.0713893
0.0775576
0.0848384
0.0905593
0.0881822
0.10198
0.0992634
0.0958648
0.076602
0.10849
0.114216
0.0818429
0.0868018
0.0614209
0.0948111
0.0690071
0.112302
0.0678565
0.110687
0.0911248
0.0963584
0.113857
0.0938154
0.0653441
0.104338
0.103623
0.0954174
0.0879903
0.0557847
0.0930014
0.0706685
0.0472713
0.113288
0.0464733
0.0739396
0.0875753
0.0764098
0.0297368
0.115921
0.0628265
0.0704139
0.0317146
0.0639814
0.0104948
0.0544975
0.0713918
0.0405948
0.0949787
0.0247035
0.115513
0.122415
0.0950132
0.034937
0.0927109
0.0616336
0.0529488
0.0587556
0.0861083
0.113277
0.110591
0.0598777
0.116824
0.0935351
0.0525956
0.129273
0.121053
0.118163
0.11811
0.0998204
0.0886107
0.0658609
0.0572202
0.0908937
0.0806822
0.0984899
0.109222
0.120643
0.123933
0.0906464
0.0922933
0.0878003
0.110453
0.109204
0.13695
0.0826853
0.0812212
0.128445
0.0641619
0.10775
0.0947854
0.0598408
0.0534573
0.0529065
0.0514619
0.0500766
0.0544817
0.0508208
0.0353785
