0.201729
0.212025
0.213623
0.220555
0.21353
0.223527
0.212758
0.21752
0.233487
0.230187
0.244328
0.244764
0.253072
0.265321
0.271748
0.284135
0.288294
0.297642
0.293677
0.293834
0.294245
0.284752
0.27712
0.288167
0.286173
0.293978
0.302737
0.307168
0.321252
0.327257
0.336146
0.340836
0.347175
0.359537
0.366246
0.375677
0.381772
0.395278
0.382774
0.371946
0.357033
0.341329
0.338403
0.343289
0.36616
0.369753
0.37564
0.393024
0.393218
0.399427
0.392033
0.35984
0.342783
0.33942
0.339662
0.340429
0.364837
0.446251
0.464259
0.44192
0.407264
0.345779
0.28596
0.260522
0.231347
0.21985
0.207372
0.197543
0.192495
0.181283
0.177927
0.175765
0.161608
0.16103
0.163759
0.167632
0.174771
0.176607
0.180146
0.1784
0.191419
0.185523
0.184077
0.182682
0.186488
0.183277
0.180606
0.187686
0.199485
0.210636
0.218533
0.230669
0.23902
0.256932
0.266214
0.288707
0.303889
0.317375
0.32971
0.339802
0.344914
0.353782
0.346607
0.327658
0.295639
0.26654
0.258464
0.258773
0.260559
0.268998
0.279901
0.287004
0.294236
0.303999
0.305961
0.298683
0.29598
0.286428
0.270409
0.262567
0.256042
0.265795
0.276121
0.287001
0.291923
0.293913
0.304303
0.316645
0.321826
0.323686
0.330047
0.336793
0.340962
0.340997
0.340769
0.343284
0.365453
0.383331
0.383115
0.373349
0.347143
0.315099
0.292055
0.286377
0.296487
0.29947
0.316989
0.319812
0.337413
0.347383
0.355526
0.367795
0.370758
0.388186
0.396354
0.39687
0.402424
0.407622
0.413823
0.414343
0.42231
0.429397
0.441809
0.429801
0.392464
0.329771
0.253438
0.201514
0.175863
0.170068
0.151398
0.156761
0.156169
0.156051
0.163952
0.173406
0.173303
0.183759
0.203547
0.205237
0.208394
0.201185
0.214749
0.211043
0.198813
0.193968
0.195399
0.188924
0.185252
0.185121
0.185882
0.189258
0.190154
0.196404
0.204409
0.212168
0.211672
0.217093
0.208619
0.197852
0.185158
0.178431
0.165147
0.163029
0.159711
0.164539
0.168962
0.177491
0.187765
0.19908
0.199975
0.20678
0.218949
0.227431
0.230526
0.234721
0.243262
0.249427
0.254043
0.267218
0.276194
0.278618
0.273578
0.263426
0.238117
0.209515
0.201492
0.197831
0.188043
0.198743
0.194642
0.204082
0.209557
0.22658
0.225251
0.24695
0.262359
0.270106
0.276457
0.285763
0.303816
0.304173
0.320705
0.324564
0.329312
0.339559
0.348352
0.355665
0.365107
0.37216
0.37555
0.380174
0.374194
0.369996
0.363082
0.338086
0.307742
0.261036
0.235211
0.237623
0.231659
0.233419
0.244
0.24445
0.243687
0.262069
0.263276
0.262556
0.278202
0.280586
0.289756
0.295433
0.308494
0.315624
0.32558
0.320526
0.329563
0.333186
0.337007
0.332722
0.327142
0.298928
0.259885
0.225503
0.196167
0.189546
0.191054
0.194362
0.203615
0.205344
0.207922
0.214112
0.221489
0.233033
0.221282
0.233374
0.219199
0.217689
0.225411
0.212715
0.204229
0.197859
0.19053
0.193022
0.185157
0.177978
0.187588
0.19504
0.199053
0.200046
0.213516
0.21208
0.212323
0.207753
0.190147
0.171464
0.175995
0.187669
0.181916
0.171631
0.177263
0.170237
0.163023
0.161383
0.163613
0.174009
0.180465
0.177376
0.179555
0.177112
0.175525
0.188533
0.199104
0.211184
0.207033
0.224393
0.232494
0.233533
0.237155
0.252952
0.255029
0.261999
0.271243
0.26283
0.243318
0.225999
0.240822
0.205329
0.207122
0.205419
0.195488
0.184227
0.17413
0.193261
0.187325
0.187981
0.197276
0.207478
0.198089
0.206115
0.210235
0.196812
0.204718
0.22411
0.204175
0.218997
0.21742
0.238635
0.241539
0.259791
0.269096
0.286665
0.293372
0.306667
0.308425
0.314636
0.309614
0.306888
0.278621
0.249218
0.200749
0.178501
0.168604
0.156602
0.155918
0.15864
0.152328
0.166812
0.185738
0.190479
0.191392
0.180815
0.185008
0.183521
0.171208
0.179104
0.171137
0.170852
0.163266
0.170091
0.172158
0.174305
0.179569
0.175552
0.183628
0.181425
0.196826
0.207971
0.22885
0.25908
0.282113
0.300069
0.323276
0.346599
0.341898
0.331316
0.329267
0.305097
0.278006
0.255446
0.222483
0.240837
0.247427
0.254357
0.251866
0.253171
0.242341
0.246349
0.239755
0.233952
0.249413
0.246273
0.247549
0.244689
0.247204
0.226624
0.227129
0.20926
0.226883
0.232464
0.226937
0.231052
0.237052
0.220505
0.216555
0.223892
0.18881
0.225677
0.207689
0.224595
0.215942
0.211593
0.210524
0.206913
0.217041
0.237487
0.23158
0.214385
0.213612
0.210665
0.235993
0.205259
0.228906
0.231061
0.219648
0.249801
0.25029
0.234911
0.250264
0.260621
0.254924
0.275806
0.262959
0.256078
0.264452
0.28831
0.306254
0.306059
0.316491
0.358952
0.388083
0.398687
0.417493
0.407861
0.396463
0.366912
0.311529
0.276386
0.252318
0.221999
0.236028
0.243532
0.298327
0.344975
0.413231
0.456247
0.504981
0.523221
0.515977
0.423317
0.318518
0.256514
0.208453
0.20706
0.190965
0.185461
0.201333
0.2044
0.207585
0.221916
0.194634
0.219363
0.208939
0.226197
0.225831
0.225534
0.233122
0.241037
0.243444
0.248171
0.262358
0.256436
0.227629
0.226692
0.188939
0.178789
0.159004
0.196219
0.159416
0.150723
0.155189
0.156895
0.150259
0.14811
0.141143
0.147768
0.132348
0.132443
0.133592
0.150841
0.148781
0.144791
0.166671
0.171204
0.177607
0.190771
0.18768
0.197836
0.196951
0.184911
0.183255
0.181404
0.179677
0.192174
0.191023
0.181377
0.172028
0.173503
0.166108
0.171312
0.170709
0.171846
0.192802
0.192027
0.189613
0.200315
0.198876
0.207275
0.203887
0.216393
0.20107
0.17023
0.193596
0.176744
0.186796
0.176692
0.179003
0.167405
0.183309
0.170612
0.179679
0.178083
0.171637
0.200383
0.177926
0.19837
0.194527
0.187786
0.198321
0.201146
0.180465
0.184761
0.201625
0.169152
0.169909
0.164405
0.168147
0.155549
0.16662
0.139261
0.143243
0.168233
0.150989
0.151644
0.15291
0.137511
0.133026
0.131582
0.139561
0.141146
0.144213
0.139163
0.12926
0.138711
0.129424
0.135753
0.138201
0.133916
0.129582
0.12241
0.122649
0.115048
0.100449
0.103619
0.109955
0.12304
0.125942
0.136304
0.143668
0.154144
0.153815
0.163368
0.178757
0.179702
0.18981
0.188235
0.192469
0.180992
0.160615
0.145593
0.114557
0.105142
0.0976817
0.0981415
0.112047
0.102395
0.129181
0.127101
0.106843
0.160439
0.149395
0.158601
0.153067
0.160419
0.174556
0.148984
0.143072
0.163946
0.158665
0.163576
0.160209
0.183324
0.190716
0.16264
0.173635
0.185418
0.18344
0.180684
0.159365
0.162877
0.164752
0.187215
0.183857
0.181318
0.151224
0.165037
0.165941
0.192088
0.165093
0.17146
0.169994
0.161781
0.182773
0.166493
0.197906
0.182492
0.160565
0.177707
0.158363
0.129798
0.154384
0.131972
0.152417
0.15435
0.134817
0.121709
0.119875
0.10823
0.10467
0.0994893
0.0864128
0.0829887
0.0846753
0.0794665
0.078529
0.0886414
0.0809492
0.06517
0.0728777
0.068886
0.0658902
0.0628722
0.0666422
0.0659596
0.0561833
0.059267
0.0593447
0.0732247
0.0571174
0.0633553
0.052302
0.0472392
0.0422748
0.0505234
0.0548762
0.0446031
0.0604709
0.0620449
0.07614
0.0588888
0.0671702
0.0757461
0.0701627
0.0656698
0.0644917
0.0777852
0.0735547
0.0735645
0.0660882
0.0775875
0.0800932
0.0848278
0.0862609
0.0934994
0.0816659
0.0676227
0.0641409
0.0729455
0.0618534
0.0550687
0.0441967
0.0445121
0.0472621
0.0432275
0.041725
0.0407991
0.0460363
0.0439352
0.0402919
0.0530866
0.0589681
0.0540255
0.06701
0.0732198
0.0498188
0.0675816
0.0655143
0.0490246
0.0592145
0.0546028
0.0380164
0.0613272
0.0602117
0.0607423
0.0548371
0.0799304
0.075942
0.0819653
0.0855894
0.101147
0.113469
0.094233
0.0962917
0.136208
0.120336
0.112119
0.128744
0.111942
0.112536
0.127018
0.143107
0.132191
0.143625
0.122539
0.113847
0.109017
0.152452
0.146389
0.144659
0.149957
0.16466
0.179483
0.164563
0.189969
0.188497
0.194783
0.216192
0.229451
0.208471
0.250478
0.236089
0.21652
0.165786
0.147868
0.14544
0.126158
0.143394
0.162876
0.146042
0.161232
0.139955
0.141226
0.155818
0.148983
0.144894
0.175061
0.169221
0.166069
0.176042
0.146429
0.133098
0.158591
0.144777
0.161605
0.185946
0.192254
0.21513
0.229138
0.222733
0.208433
0.213186
0.203056
0.183903
0.189268
0.161147
0.15631
0.137991
0.152755
0.124661
0.140776
0.115928
0.088436
0.0788247
0.0648677
0.0710271
0.0457606
0.0308389
0.0264263
0.0207958
0.0193799
0.00549377
0.0142373
0.0147959
0.0131061
0.0182397
0.014399
0.0153384
0.0160988
0.01477
0.0121241
0.0119418
0.0142676
0.0168321
0.02696
0.0275151
0.0252168
0.0256114
0.0178224
0.00566481
0.0086621
0.00334968
0.00264772
0.00324896
0.00483022
0.00247764
0.00934044
0.00392808
0.00540246
0.0117546
0.00298786
0.0033147
0
0.00946475
0.00580967
0.0128496
0.0174587
0.0171372
0.00797169
0.00919119
0.0130292
0.0141088
0.0188573
0.0156316
0.012088
0.0125439
0.014299
0.0156384
0.0151157
0.0151375
0.0120325
0.0144793
0.00951643
0.0115535
0.0197203
0.0215677
0.0261762
0.0280905
0.0273896
0.0267303
0.0165675
0.0271549
0.0257944
0.0240618
0.0197835
0.0256426
0.0248539
0.0265977
0.0269182
0.0276623
0.0231736
0.0253229
0.0257147
0.0248497
0.028348
0.0284358
0.0230491
0.0361696
0.0258859
0.0335842
0.0368599
0.0243831
0.0390855
0.0300574
0.0312569
0.0285499
0.0237599
0.0298543
0.0160827
0.0294992
0.0281578
0.0280943
0.0271821
0.0270628
0.0304886
0.0272128
0.0200851
0.0293786
0.0252709
0.0292996
0.0321818
0.0362308
0.0410699
0.0555075
0.0446227
0.0486434
0.0433115
0.0566144
0.047965
0.0550836
0.0580332
0.0615084
0.0635417
0.057513
0.0614766
0.0687293
0.0612372
0.0693748
0.0642291
0.0792186
0.0635966
0.0707065
0.0769624
0.0762258
0.088399
0.0901328
0.0860003
0.0998346
0.101891
0.100888
0.0832034
0.0985171
0.095314
0.110915
0.102629
0.0978098
0.113158
0.109841
0.0978383
0.0998358
0.0963657
0.103735
0.0994029
0.0960192
0.0985626
0.10184
0.100678
0.106721
0.100001
0.118347
0.135852
0.129152
0.123122
0.0962389
0.119221
0.106319
0.0863129
0.0716306
0.102573
0.0839058
0.0914242
0.100478
0.0971358
0.0890734
0.0852864
0.0903293
0.0883308
0.0788129
0.076795
0.0919552
0.0915301
0.089747
0.0815661
0.0746725
0.0879901
0.0901663
0.075399
0.0714853
0.0677894
0.0596366
0.0719996
0.0564365
0.0515076
0.0429239
0.0486757
0.0490904
0.0611711
0.0493447
0.039889
0.0544601
0.0575627
0.0477999
0.0407883
0.0576543
0.0461449
0.0404996
0.0485093
0.0596521
0.0462555
0.0545924
0.0671214
0.0616543
0.0641354
0.0461475
0.0475048
0.0383007
0.0344455
0.0269155
0.0244261
0.0236639
0.0195825
0.0109968
0.0161335
0.0142437
0.00716496
0.00662914
0.0225014
0.0164778
0.0102818
0.0094467
0.0150614
0.0104624
0.0120393
0.0105225
0.0157684
0.0208599
0.0151355
0.0229767
0.0347166
0.0389292
0.0320035
0.0468158
0.0436436
0.0405346
0.0561011
0.0432636
0.0411525
0.0213438
0.0283336
0.0242618
0.0229542
0.0227393
0.0153526
0.0186385
0.0105801
0.0140876
0.0152268
0.00990495
0.0154421
0.0247429
0.00742701
0.00625706
0.00855895
0.0121352
0.0109284
0.0192494
0.00680309
0.0239788
0.022493
0.0191058
0.00972859
0.0247121
0.012372
0.014786
0.0206074
0.0261804
0.0190557
0.0204552
0.0163234
0.00859553
0.0187116
0.0161626
0.0168025
0.0092871
0.0147125
0.0128044
0.0197682
0.0159893
0.0176966
0.0109334
0.0133982
0.0185641
0.0198984
0.0236035
0.0110336
0.0179021
0.0217157
0.0228501
0.0273843
0.030308
0.0372757
0.0362656
0.0335756
0.042169
0.0307297
0.0274665
0.0291904
0.0203111
0.0275448
0.0180649
0.0172572
0.0150372
0.019012
0.0184559
0.0237054
0.00813995
0.0176537
0.0182149
0.0142227
0.0200829
0.0204706
0.0224495
0.0168499
0.0215997
0.017711
0.0210528
0.0207815
0.0221389
0.0296464
0.0362658
0.0273857
0.0327799
0.0380087
0.0401696
0.0408648
0.0396228
0.0388439
0.0418123
0.0412821
0.0397058
0.0434108
0.0438777
0.0318525
0.0356301
0.0361525
0.0419397
0.0424823
0.0364357
0.035469
0.0344476
0.0380261
0.0393589
0.0390179
0.0420932
0.0451628
0.0424591
0.0448996
0.0397359
0.0517035
0.0510107
0.0542879
0.0628454
0.0665562
0.0742857
0.112696
0.18463
0.384597
0.592941
0.701355
0.725571
0.686702
0.57276
0.358276
0.186017
0.123454
0.0870566
0.0726037
0.0659538
0.0637063
0.0677258
0.0661138
0.066363
0.061761
0.0661722
0.0638858
0.0575949
0.0657539
0.0685474
0.0631778
0.0642632
0.0567529
0.0628928
0.05751
0.0587933
0.0589557
0.0630773
0.0500536
0.0488384
0.0547547
0.0516507
0.0518083
0.0543618
0.0553087
0.0510937
0.0558705
0.0583539
0.0587685
0.0531991
0.0486233
0.0509287
0.0547459
0.0514354
0.0566895
0.0644232
0.0596106
0.0595707
0.0595877
0.0619849
0.0589002
0.0600187
0.0605533
0.0672401
0.064063
0.0578627
0.0579838
0.0607367
0.0562736
0.0640392
0.0623492
0.06553
0.0609188
0.0595691
0.0567824
0.0525788
0.0546206
0.066283
0.0628304
0.0536883
0.0556478
0.0525287
0.0486269
0.0515347
0.0590765
0.0512875
0.0580144
0.0622016
0.055946
0.0557818
0.0592049
0.0540338
0.059999
0.0637102
0.0591648
0.056072
0.0543189
0.0621774
0.0611137
0.0621833
0.0588967
0.058997
0.0693416
0.0648318
0.0579994
0.0660154
0.0643469
0.0601315
0.0582619
0.0580135
0.0639926
0.0665203
0.0708841
0.0577823
0.0758068
0.0670464
0.0638003
0.0687591
0.0577656
0.0644014
0.057918
0.0763057
0.0874662
0.084824
0.0668611
0.0775057
0.0782524
0.0851311
0.0888298
0.0732219
0.0859173
0.0849204
0.0783583
0.0869402
0.0812616
0.0715652
0.0861483
0.0708228
0.0763941
0.0676824
0.0790371
0.0712755
0.0849117
0.0717753
0.0850796
0.0700351
0.0841792
0.0712164
0.0599309
0.0673874
0.0735629
0.0784191
0.0754672
0.0755487
0.0728201
0.084908
0.0662548
0.0758616
0.0976151
0.0810838
0.0693652
0.0814113
0.0783919
0.0614881
0.117711
0.114735
0.114868
0.085386
0.105984
0.0908953
0.0963487
0.107472
0.0882848
0.0994215
0.0951909
0.0934545
0.106391
0.0917441
0.132177
0.11878
0.101285
0.116492
0.118006
0.150648
0.0978704
0.134878
0.143096
0.126712
0.12492
0.149433
0.117529
0.114462
0.108503
0.136159
0.0985444
0.114715
0.120738
0.149048
0.0920666
0.0777949
0.0976858
0.0897889
0.123633
0.0988611
0.112788
0.0929925
0.0680963
0.08608
0.090186
0.0804228
0.0967612
0.0964254
0.0776011
0.0782873
0.0916732
0.0857698
0.083579
0.0975185
0.0919192
0.09788
0.0532954
0.0519077
0.0724819
0.0801539
0.0701354
0.101815
0.0990027
0.0970092
0.119358
0.11139
0.127545
0.135556
0.119817
0.117078
0.0821348
0.0568396
0.0690147
0.0497727
0.0651358
0.0727515
0.0669253
0.0557771
0.0710187
0.0756214
0.0551248
0.0864884
0.081587
0.0920414
0.0732607
0.0818662
0.0874907
0.0795974
0.0890859
0.0899765
0.104376
0.0853788
0.0931012
0.120528
0.122127
0.140797
0.148793
0.16457
0.176953
0.178713
0.210131
0.231035
0.247191
0.23702
0.225663
0.186362
0.114497
0.0734327
0.0620427
0.0527843
0.0611183
0.0594988
0.0419712
0.0564111
0.0600723
0.0683066
0.0669622
0.0671913
0.0626002
0.0702715
0.0635896
0.0613975
0.0640224
0.0601428
0.0565407
0.0544417
0.0521002
0.0590756
0.0506033
0.0471696
0.0685986
0.05355
0.0504878
0.0547939
0.0511999
0.0566143
0.0576758
0.0508334
0.0512225
0.0575825
0.0480626
0.0664919
0.0500075
0.0578848
0.0569766
0.061411
0.0570584
0.0564353
0.0542156
0.0598584
0.0630085
0.0620357
0.0546436
0.059185
0.0599451
0.0619311
0.0617518
0.0626754
0.0554683
0.0594049
0.0576885
0.0606678
0.0370594
0.0606467
0.0464904
0.0475924
0.0553456
0.0435413
0.0612241
0.0432446
0.0555061
0.0542045
0.0462683
0.0482097
0.0561516
0.0489523
0.0556071
0.0496064
0.0575763
0.0528441
0.0537635
0.0582688
0.0618965
0.0551061
0.04895
0.0642215
0.0478487
0.0451524
0.0551839
0.0442864
0.0506287
0.0498758
0.0516228
0.0489673
0.04973
0.0468183
0.0536207
0.0493166
0.048614
0.0572669
0.0542169
0.0678476
0.061126
0.0601936
0.0624999
0.0706572
0.0654258
0.0693854
0.0752285
0.0733019
0.0802053
0.0743983
0.0826916
0.0818632
0.0886253
0.0898719
0.104763
0.113062
0.110288
0.112557
0.101156
0.0935961
0.0723287
0.0613738
0.0581211
0.0558388
0.0523228
0.0482893
0.0549642
0.0515281
0.0459536
0.0511787
0.0529653
0.0506176
0.0470851
0.0487737
0.0571403
0.0549425
0.0511902
0.0597787
0.0656289
0.060617
0.064873
0.0643002
0.0676318
0.0733164
0.0819172
0.0831705
0.0792434
0.0852227
0.0957069
0.101974
0.111237
0.119782
0.131769
0.139959
0.152383
0.153005
0.151967
0.155499
0.148082
0.137473
0.122519
0.113263
0.104112
0.0840689
0.0826668
0.0782967
0.0664951
0.0710173
0.0636816
0.0593282
0.0840799
0.0672763
0.0736272
0.0797626
0.0726343
0.0784408
0.0938582
0.0828864
0.0769519
0.0902656
0.0934207
0.0980756
0.090121
0.0990828
0.0965291
0.106529
0.111315
0.114528
0.113321
0.120098
0.126062
0.131977
0.137201
0.135776
0.146547
0.169029
0.177
0.185962
0.19173
0.189602
0.184944
0.172824
0.15834
0.147542
0.138425
0.124224
0.104341
0.0990666
0.0831501
0.0780309
0.0900921
0.0870393
0.0828796
0.0836999
0.0879489
0.0833414
0.0827923
0.0884338
0.0863459
0.0702897
0.0736389
0.078699
0.0648017
0.0654028
0.082443
0.0614408
0.0839259
0.0727494
0.0755618
0.0812128
0.0746083
0.0741667
0.0665032
0.083409
0.0763895
0.0780395
0.0687288
0.066573
0.0675407
0.0758145
0.0703678
0.0708592
0.0755623
0.0726621
0.0735952
0.0770985
0.0782792
0.0737645
0.0708416
0.0708385
0.0783052
0.0707409
0.0693746
0.08119
0.0846978
0.0781663
0.077277
0.0787431
0.0721034
0.073032
0.0704148
0.076156
0.0788025
0.080962
0.071083
0.0762275
0.0699043
0.0812618
0.0808852
0.0760708
0.0705293
0.0760507
0.0745
0.0691385
0.0728454
0.0715882
0.06903
0.0802749
0.0798197
0.0771418
0.0820583
0.0868707
0.083268
0.115395
0.10579
0.12189
0.118926
0.110556
0.119043
0.133518
0.156492
0.13257
0.125728
0.151091
0.164309
0.169494
0.154914
0.151708
0.14553
0.137506
0.123125
0.110633
0.105896
0.117191
0.113088
0.0996396
0.098238
0.106204
0.105479
0.10326
0.119569
0.126144
0.114119
0.113555
0.137584
0.142416
0.158264
0.145503
0.151668
0.153796
0.160969
0.148666
0.143368
0.167017
0.148108
0.144011
0.138589
0.151142
0.136413
0.1161
0.133576
0.134132
0.125846
0.117508
0.105207
0.116247
0.133109
0.10256
0.127058
0.141303
0.170265
0.12139
0.13992
0.15824
0.147028
0.161896
0.137793
0.13889
0.161922
0.148104
0.159495
0.181855
0.153223
0.167985
0.179138
0.166933
0.190136
0.173131
0.203665
0.208735
0.199581
0.208854
0.207372
0.217206
0.215119
0.22777
0.235904
0.261698
0.241567
0.241486
0.208585
0.210751
0.221616
0.211168
0.217149
0.191465
0.208465
0.190934
0.151471
0.155496
0.144814
0.123934
0.100267
0.114161
0.129211
0.0704447
0.0954016
0.0899518
0.106968
0.0788706
0.073771
0.101646
0.124656
0.0988139
0.136758
0.116804
0.133234
0.135547
0.113939
0.136132
0.127746
0.137437
0.147178
0.175429
0.173405
0.190287
0.178109
0.209735
0.185874
0.200609
0.224985
0.199175
0.209707
0.230125
0.242821
0.256861
0.242969
0.256888
0.239489
0.271316
0.27435
0.287221
0.284691
0.270271
0.30028
0.28679
0.24406
0.246719
0.261904
0.258544
0.250883
0.226345
0.229979
0.196542
0.167013
0.179465
0.112439
0.123973
0.151803
0.105579
0.0860802
0.0990753
0.100966
0.124494
0.113831
0.0805353
0.0909144
0.101077
0.0658107
0.0830904
0.134469
0.0936117
0.0494569
0.0985806
0.0686193
0.0653953
0.094558
0.0917918
0.0781859
0.085097
0.115076
0.126966
0.0626154
0.0970303
0.0934399
0.103535
0.1203
0.141476
0.0887268
0.100082
0.12824
0.126074
0.0978151
0.144161
0.0725162
0.0619623
0.116177
0.122054
0.0876181
0.144339
0.101947
0.132537
0.126092
0.133438
0.120467
0.102969
0.135502
0.180058
0.122756
0.147139
0.124599
0.121242
0.0860287
0.130424
0.0985719
0.111107
0.120659
0.110402
0.152973
0.11261
0.123461
0.1298
0.116118
0.11071
0.143334
0.117132
0.121166
0.0904499
0.144317
0.0965257
0.0932343
0.110061
0.111645
0.0958864
0.0848246
0.108872
0.123125
0.0970698
0.0767248
0.0828493
0.0769705
0.105314
0.0942621
0.0667915
0.0906436
0.107193
0.0812311
0.104061
0.0907503
0.0735048
0.0534363
0.0519081
0.100797
0.140631
0.158739
0.117016
0.114917
0.110714
0.151061
0.0635093
0.107283
0.18452
0.113821
0.145192
0.141975
0.14409
0.145069
0.118092
0.0834212
0.163543
0.14433
0.168344
0.16515
0.153822
0.145149
0.154379
0.140178
0.113301
0.130016
0.171553
0.141317
0.106856
0.152589
0.104412
0.107798
0.075565
0.102273
0.0665729
0.0644281
0.0868528
0.075807
0.0948788
0.0753892
0.0479569
0.0486771
