0.207843
0.212228
0.215847
0.222671
0.220905
0.218149
0.217464
0.218842
0.230672
0.229221
0.242349
0.249689
0.254729
0.265578
0.274656
0.281594
0.290732
0.301982
0.297523
0.302883
0.298532
0.281331
0.266435
0.280992
0.283121
0.293414
0.300655
0.308244
0.316735
0.326345
0.33705
0.343805
0.350645
0.362187
0.372669
0.382943
0.390347
0.400889
0.393468
0.382991
0.356545
0.341069
0.337573
0.347916
0.371468
0.368529
0.372283
0.391515
0.393893
0.400706
0.395252
0.360209
0.342548
0.340146
0.340094
0.34123
0.36477
0.453448
0.475585
0.457928
0.423225
0.365862
0.299248
0.256808
0.231893
0.216465
0.204878
0.194607
0.187188
0.183803
0.179035
0.167655
0.164717
0.159787
0.158933
0.165639
0.170252
0.170623
0.179601
0.177718
0.181355
0.178302
0.178911
0.174604
0.17769
0.182166
0.180862
0.187629
0.195571
0.205067
0.214443
0.229971
0.236752
0.25226
0.263591
0.28405
0.299291
0.314348
0.322634
0.337895
0.343634
0.355138
0.348952
0.326855
0.291659
0.267971
0.253183
0.252031
0.25882
0.271579
0.278506
0.287476
0.299803
0.306061
0.306797
0.308489
0.305411
0.285606
0.272162
0.260305
0.2646
0.266701
0.270303
0.291211
0.296251
0.295905
0.298379
0.316329
0.31969
0.324661
0.329304
0.336515
0.342038
0.341485
0.340633
0.343187
0.368757
0.38983
0.393054
0.386574
0.349237
0.317583
0.29305
0.292883
0.300272
0.300806
0.315126
0.323678
0.339027
0.347888
0.35329
0.375295
0.37907
0.388872
0.395333
0.398967
0.4072
0.407115
0.416197
0.41973
0.426317
0.434778
0.452636
0.440047
0.401822
0.337347
0.262108
0.193951
0.175736
0.166604
0.153333
0.152369
0.147727
0.155912
0.15699
0.168385
0.178988
0.187342
0.197133
0.20376
0.203618
0.205247
0.21059
0.205235
0.207987
0.191882
0.185819
0.183671
0.18347
0.179841
0.180832
0.185537
0.186177
0.191752
0.201672
0.213783
0.214237
0.221068
0.217398
0.193565
0.183135
0.171219
0.162757
0.157192
0.163427
0.169604
0.167453
0.181228
0.184427
0.182866
0.205394
0.204165
0.222486
0.222513
0.229529
0.230234
0.241227
0.248876
0.250973
0.269208
0.279668
0.282599
0.2801
0.269537
0.233215
0.217764
0.203053
0.201121
0.194244
0.188198
0.188067
0.197558
0.207092
0.216254
0.224418
0.245934
0.258546
0.265397
0.275101
0.291395
0.299694
0.301994
0.320523
0.322187
0.330297
0.338859
0.347577
0.353475
0.36331
0.373325
0.376401
0.377879
0.375801
0.373397
0.369747
0.34505
0.293378
0.25829
0.231198
0.237417
0.226396
0.234219
0.230759
0.24239
0.238711
0.256309
0.260694
0.261337
0.280055
0.28018
0.294541
0.2917
0.303582
0.312811
0.328267
0.324018
0.329073
0.333721
0.34189
0.336788
0.322403
0.297752
0.261054
0.225138
0.193893
0.185818
0.197876
0.203509
0.2021
0.210854
0.197401
0.210224
0.209812
0.216428
0.217826
0.23252
0.214596
0.222071
0.229756
0.208024
0.202136
0.189686
0.198182
0.194549
0.183277
0.177235
0.183082
0.186629
0.195155
0.201347
0.213857
0.219954
0.210166
0.214162
0.182776
0.173423
0.175052
0.18162
0.193316
0.180025
0.177969
0.173536
0.163292
0.177501
0.165992
0.167575
0.169311
0.176242
0.172629
0.18078
0.175757
0.200561
0.200566
0.209957
0.211534
0.227826
0.229828
0.232558
0.230854
0.247986
0.257732
0.265106
0.263598
0.267006
0.250542
0.237535
0.234067
0.216488
0.204596
0.213278
0.182175
0.187008
0.17622
0.192181
0.188206
0.186904
0.202016
0.207917
0.201786
0.213229
0.200133
0.199163
0.193985
0.208378
0.203117
0.211405
0.222136
0.230192
0.241061
0.262402
0.272691
0.283652
0.296395
0.298911
0.315851
0.316514
0.323259
0.312089
0.285689
0.247985
0.208341
0.178857
0.153963
0.162212
0.15326
0.142159
0.153455
0.174329
0.176262
0.178181
0.188682
0.181425
0.174375
0.175692
0.165957
0.172517
0.171565
0.174035
0.164263
0.169044
0.172079
0.170235
0.17031
0.17263
0.175405
0.178821
0.190187
0.203922
0.225549
0.249437
0.278428
0.302276
0.325717
0.342604
0.338751
0.336575
0.337581
0.307756
0.278314
0.251716
0.234801
0.262678
0.257719
0.250223
0.243862
0.264828
0.245295
0.240493
0.239551
0.227481
0.24024
0.238124
0.250081
0.234727
0.242655
0.220954
0.209936
0.213271
0.219159
0.223364
0.223379
0.243003
0.225217
0.212801
0.214694
0.20753
0.203691
0.218633
0.211535
0.199856
0.200512
0.215443
0.191127
0.20054
0.228238
0.235772
0.227896
0.202853
0.210251
0.196743
0.214541
0.218019
0.234768
0.229867
0.216051
0.247224
0.228558
0.232161
0.264071
0.247145
0.244474
0.262729
0.257952
0.257814
0.263728
0.286532
0.296115
0.315435
0.318472
0.355856
0.367384
0.384195
0.391164
0.386475
0.3666
0.344155
0.293684
0.280437
0.230352
0.226568
0.234597
0.243609
0.293081
0.349889
0.377881
0.428864
0.469171
0.480285
0.485822
0.402127
0.337487
0.243964
0.202782
0.204545
0.178664
0.19378
0.17638
0.190498
0.202137
0.210064
0.190821
0.21777
0.20953
0.222154
0.215275
0.227473
0.225466
0.232246
0.24639
0.247465
0.251593
0.256937
0.244685
0.218014
0.184081
0.172399
0.163118
0.174734
0.162821
0.162622
0.170603
0.146794
0.150654
0.132571
0.131658
0.128281
0.132932
0.132928
0.126806
0.148046
0.140503
0.137745
0.170953
0.161432
0.174034
0.178692
0.185972
0.175063
0.174875
0.190553
0.183274
0.184782
0.181099
0.188659
0.182881
0.185195
0.179168
0.161003
0.161378
0.152934
0.158248
0.16085
0.183579
0.180859
0.187945
0.187781
0.219547
0.203444
0.216995
0.208422
0.201464
0.172503
0.168299
0.169139
0.174155
0.176639
0.172522
0.163377
0.16608
0.174437
0.171194
0.182028
0.178026
0.187304
0.18506
0.192021
0.184615
0.190876
0.194729
0.179521
0.187318
0.186648
0.177873
0.169464
0.177031
0.156201
0.170457
0.160239
0.14623
0.126907
0.125662
0.158315
0.145891
0.14596
0.143202
0.14085
0.144193
0.143593
0.126973
0.136823
0.133374
0.132713
0.118545
0.137491
0.121082
0.138634
0.12902
0.130553
0.127054
0.122963
0.103836
0.105681
0.0975997
0.110301
0.116844
0.12077
0.124263
0.137959
0.139048
0.154709
0.149113
0.161695
0.166063
0.166449
0.18101
0.169791
0.192503
0.184824
0.146086
0.141615
0.123655
0.106313
0.0962824
0.0987153
0.0992606
0.10976
0.114896
0.113675
0.133404
0.157852
0.152541
0.152743
0.154276
0.155462
0.163008
0.153697
0.130056
0.147008
0.151866
0.168733
0.159656
0.190437
0.188217
0.186391
0.180225
0.172879
0.180208
0.16371
0.156155
0.177227
0.165808
0.178718
0.178608
0.205947
0.154163
0.181914
0.16878
0.171168
0.15614
0.165347
0.144458
0.163579
0.192793
0.162178
0.166883
0.177868
0.154155
0.182251
0.159105
0.127784
0.140203
0.134969
0.134024
0.132062
0.131833
0.120903
0.133144
0.11112
0.110043
0.098516
0.0916865
0.0908604
0.0912344
0.0834692
0.0714722
0.0941617
0.0753647
0.0666191
0.0742118
0.0619652
0.0507478
0.0719815
0.0859171
0.0633187
0.0597435
0.0572746
0.0572223
0.076027
0.0698495
0.0676953
0.0641738
0.0454317
0.0444828
0.0528014
0.0487825
0.0664815
0.0624497
0.0597699
0.0722947
0.0652894
0.0627194
0.0747535
0.0693526
0.0676739
0.0780989
0.064381
0.064033
0.0688539
0.0699728
0.0827376
0.072185
0.0789241
0.0820273
0.0809915
0.067215
0.0765484
0.0734243
0.0622206
0.0625494
0.0596049
0.0542056
0.0460093
0.0515106
0.0447939
0.0468023
0.0408749
0.0410558
0.0499572
0.0513232
0.0604182
0.0692206
0.0467399
0.049468
0.0787199
0.0601208
0.0583936
0.0619268
0.0552707
0.0562584
0.0518342
0.0526116
0.0470361
0.0705969
0.0483117
0.0619089
0.0656488
0.0732936
0.0700167
0.0988674
0.0945647
0.111688
0.100435
0.0933844
0.112342
0.111469
0.102517
0.105228
0.128968
0.125202
0.127413
0.122816
0.122845
0.135398
0.12487
0.130484
0.110818
0.151678
0.148367
0.149078
0.140789
0.159077
0.172585
0.160866
0.181765
0.185699
0.198786
0.200684
0.224061
0.200702
0.221251
0.226322
0.210945
0.172629
0.136374
0.139987
0.13274
0.142621
0.146616
0.136304
0.155683
0.149289
0.135615
0.149999
0.154926
0.136155
0.150538
0.162066
0.159575
0.180566
0.167069
0.126976
0.148242
0.143929
0.150022
0.179621
0.185142
0.203192
0.20898
0.21993
0.211721
0.208106
0.183304
0.191312
0.165712
0.167574
0.135674
0.143261
0.145698
0.120403
0.11884
0.089848
0.0835504
0.0816202
0.0641618
0.061191
0.0514721
0.0314926
0.0225209
0.015523
0.0210388
0.00515363
0.00913046
0.00607257
0.00922787
0.0149082
0.015056
0.0171701
0.0162179
0.0165862
0.0178412
0.0134784
0.0109678
0.0184649
0.0238431
0.0197592
0.0245136
0.0222134
0.0228819
0.0104287
0.00828822
0.00649085
0.000795342
0.00395479
0.00638657
0.00568305
0.00972178
0.00578741
0.00692467
0.00998968
0
0.00861253
0.00258454
0.00967731
0.00957226
0.015904
0.0215441
0.0256389
0.0106659
0.0124676
0.0247049
0.0135975
0.0203633
0.0115124
0.0170557
0.019415
0.0168478
0.0131986
0.0144033
0.0189856
0.0155553
0.0198977
0.0169552
0.0124076
0.0208481
0.0228383
0.0198837
0.031797
0.0333465
0.0230037
0.0205568
0.0204702
0.0285484
0.0261365
0.0244778
0.0248835
0.0269961
0.0257561
0.0238519
0.032741
0.0290745
0.0293069
0.0230524
0.0279562
0.0324233
0.0300994
0.0250052
0.0289377
0.0347072
0.0418465
0.0354738
0.0242174
0.0381396
0.0304754
0.0273176
0.0279877
0.0315203
0.0297426
0.0225476
0.028949
0.0369997
0.0340987
0.0305451
0.0332965
0.0286729
0.0257352
0.0284248
0.0279568
0.0284893
0.0316064
0.037593
0.0416551
0.0509208
0.0562604
0.0504384
0.0521215
0.0556257
0.0585958
0.0589652
0.067888
0.0597619
0.0559458
0.064332
0.0652901
0.0621188
0.066689
0.0608312
0.0678685
0.0692616
0.0742361
0.0642324
0.071724
0.0768786
0.0848779
0.0914856
0.093246
0.088382
0.0901788
0.101473
0.0960553
0.092453
0.10239
0.0955453
0.117536
0.113276
0.0989859
0.107973
0.108309
0.107863
0.101011
0.0968346
0.10668
0.102623
0.107168
0.105116
0.104691
0.10722
0.108953
0.1102
0.134096
0.141003
0.121531
0.112751
0.106256
0.113811
0.100904
0.103943
0.0899913
0.100315
0.0973701
0.095394
0.102156
0.0916774
0.10461
0.0961056
0.0899758
0.0936803
0.0881373
0.0876567
0.0858918
0.0947982
0.0915708
0.0887291
0.0868461
0.0975322
0.0862981
0.0770048
0.0689666
0.0672296
0.0689198
0.0669723
0.0541444
0.0578022
0.0477272
0.0452767
0.0575688
0.0565563
0.0560397
0.0480259
0.0588262
0.0555256
0.0452171
0.047358
0.054055
0.0472005
0.048518
0.0531809
0.0442127
0.0412938
0.0651906
0.05544
0.0584498
0.0495598
0.0630251
0.0431124
0.0406158
0.033742
0.0333349
0.0393261
0.0357708
0.0160718
0.0221815
0.0161564
0.0136352
0.0172797
0.00442649
0.0102195
0.0250263
0.0132423
0.00832098
0.0174822
0.0136507
0.0166057
0.00516419
0.0267818
0.0265565
0.0126616
0.0310113
0.0296141
0.036644
0.03749
0.0482709
0.0406966
0.0347269
0.0422162
0.0407264
0.0356921
0.0265827
0.0333166
0.0319099
0.0280206
0.0204282
0.0103165
0.0158268
0.0134208
0.017724
0.014749
0.00843579
0.0162614
0.0220094
0.00740009
0.0132425
0.00740681
0.0196844
0.0149678
0.0130183
0.0107898
0.0225838
0.0166002
0.0197733
0.0188238
0.0253473
0.0166301
0.0177452
0.0270938
0.0234279
0.0260459
0.0195337
0.0230413
0.0100967
0.0179386
0.015927
0.0165204
0.00908089
0.0108855
0.0157455
0.0168742
0.0163034
0.0167772
0.0124238
0.0100688
0.0161167
0.0144579
0.025002
0.0166285
0.0234207
0.0235249
0.0222231
0.0270579
0.0263096
0.0314657
0.0372235
0.0399169
0.0309964
0.0309886
0.0381575
0.0356532
0.0300969
0.0254926
0.0232131
0.0194222
0.015092
0.0258689
0.0190222
0.0241487
0.0181197
0.0207233
0.020657
0.0246558
0.0229888
0.0137364
0.023003
0.0146621
0.0253537
0.0210946
0.0286115
0.0247747
0.026566
0.0288241
0.0371463
0.0391587
0.0314821
0.0437726
0.0391677
0.0389407
0.0479385
0.04435
0.0529007
0.0409522
0.042569
0.0417763
0.0414319
0.0333572
0.0386693
0.0405066
0.0425806
0.0416791
0.035656
0.040352
0.0433577
0.0427561
0.039442
0.0505343
0.0438148
0.0439523
0.0482022
0.0447741
0.0415089
0.0541614
0.0555562
0.0586732
0.064451
0.0706222
0.0752003
0.107083
0.174686
0.367343
0.551574
0.655655
0.675233
0.647833
0.540898
0.343295
0.171556
0.11676
0.0911025
0.0747594
0.0718747
0.0697836
0.0666769
0.0687806
0.0706908
0.0692079
0.0696269
0.0682427
0.0630138
0.0671852
0.0758728
0.0690351
0.0718371
0.0663445
0.0655177
0.0652393
0.0685841
0.0678334
0.0657124
0.0607728
0.054246
0.0673988
0.0529156
0.0550683
0.0555791
0.0644817
0.0599947
0.0576589
0.0530996
0.0564652
0.055885
0.0533312
0.0546555
0.0604638
0.0593628
0.0613048
0.0658564
0.0624715
0.0654594
0.0608554
0.0647446
0.0668032
0.0649406
0.0684226
0.0697299
0.0698854
0.0647596
0.0629431
0.0639838
0.0629822
0.0668769
0.0669298
0.0665275
0.0623141
0.0689934
0.0651078
0.0610832
0.0632358
0.069947
0.063811
0.0599205
0.0611917
0.0595663
0.061271
0.0609952
0.0583566
0.0519659
0.0651752
0.0585999
0.0657793
0.0660451
0.0571429
0.0645845
0.063275
0.0634492
0.0662472
0.0629264
0.0574848
0.0656493
0.0711896
0.0687911
0.0649235
0.061064
0.0690824
0.0659558
0.0659983
0.0637135
0.0656128
0.068786
0.0701729
0.0646394
0.0675673
0.0763442
0.0782316
0.0596958
0.0717288
0.0681067
0.0695207
0.0651435
0.067041
0.0739737
0.0622868
0.0718766
0.0857249
0.0826724
0.0754414
0.0775169
0.0784433
0.082229
0.090235
0.0887095
0.0788177
0.0818331
0.0757265
0.0819361
0.0842158
0.0792945
0.0820222
0.07564
0.086689
0.0788928
0.0792345
0.0746669
0.0854304
0.0759655
0.0923896
0.0853078
0.0906187
0.0746074
0.0659921
0.0759571
0.0769711
0.0833612
0.0880294
0.0824263
0.0767657
0.062972
0.0584924
0.0959135
0.0796697
0.0798212
0.0912331
0.0911236
0.066476
0.0857209
0.109909
0.113033
0.121808
0.111934
0.105655
0.0903325
0.10302
0.103246
0.0948493
0.12351
0.110589
0.103022
0.0964406
0.0965285
0.125025
0.118041
0.122626
0.126215
0.116426
0.123049
0.142221
0.155898
0.138522
0.136271
0.133831
0.139889
0.119526
0.0892258
0.109282
0.12364
0.132168
0.111114
0.122376
0.130907
0.0994463
0.0874168
0.0861314
0.106933
0.103661
0.109826
0.119964
0.10066
0.0717044
0.0707702
0.0916929
0.0882046
0.0836512
0.108873
0.0851627
0.0704652
0.112031
0.0876641
0.101899
0.0986335
0.103211
0.104337
0.0564393
0.0805937
0.0907464
0.105793
0.0698362
0.103991
0.0973755
0.100582
0.118042
0.12691
0.130866
0.135702
0.11996
0.10476
0.091427
0.0607595
0.0489303
0.0745815
0.0778713
0.0476769
0.079376
0.0651696
0.0686374
0.0824337
0.0619812
0.0821783
0.0641727
0.0708754
0.0722254
0.0841389
0.0828229
0.0872813
0.0812555
0.0820009
0.114693
0.101663
0.0963075
0.124023
0.127957
0.150219
0.149562
0.161338
0.171052
0.170371
0.209948
0.233506
0.238569
0.233033
0.229825
0.190574
0.120838
0.0788044
0.0702485
0.0540154
0.0565317
0.0568329
0.0550983
0.0607158
0.0676815
0.0638529
0.0645773
0.071239
0.0695184
0.0664447
0.0689861
0.0571875
0.0626064
0.0539554
0.0610814
0.077028
0.0625496
0.0655224
0.05086
0.064769
0.0662429
0.0535962
0.0552425
0.061296
0.0558488
0.0644233
0.0574032
0.0546248
0.0601596
0.0592626
0.0551109
0.0609603
0.0641727
0.0649149
0.0610498
0.0660333
0.0612056
0.0587892
0.0616076
0.0665225
0.0668844
0.0662662
0.0632893
0.0558834
0.0563534
0.0676723
0.0572131
0.0631388
0.0602796
0.0644801
0.0631369
0.0691873
0.0530342
0.061716
0.0536027
0.0632629
0.0496088
0.0539129
0.0563281
0.0458586
0.0569312
0.0509434
0.0535504
0.0584953
0.0609348
0.0541544
0.0551053
0.057578
0.061495
0.0506846
0.0574473
0.0588062
0.0626149
0.0591453
0.0541847
0.0673383
0.0594832
0.053953
0.0533205
0.0474178
0.0544545
0.0538208
0.0581407
0.052981
0.0493596
0.0551186
0.0516781
0.0580044
0.0535071
0.0656672
0.0595824
0.0577158
0.0632096
0.0657575
0.0706286
0.0671998
0.0720817
0.0781494
0.0778906
0.0782906
0.0899676
0.0792576
0.0853839
0.093529
0.0909827
0.097443
0.0930752
0.110779
0.105028
0.110603
0.10401
0.0941738
0.0803845
0.0611103
0.058351
0.0574381
0.0520998
0.0535068
0.0583947
0.0542979
0.0540965
0.0556833
0.0529885
0.0540657
0.0580479
0.0580671
0.0603048
0.059013
0.0620678
0.0598155
0.0670505
0.0640805
0.0692289
0.0652589
0.0724352
0.0760984
0.0840424
0.0850664
0.0821322
0.0890568
0.100269
0.104539
0.115546
0.124743
0.138343
0.141672
0.150348
0.154259
0.156397
0.157212
0.152104
0.143323
0.125741
0.117364
0.109182
0.095061
0.0897902
0.0819567
0.0892052
0.075711
0.0761076
0.0742532
0.0755443
0.0738549
0.0779099
0.0772359
0.0887443
0.0822042
0.0893197
0.0845025
0.0930636
0.0901332
0.0898134
0.0956732
0.0931306
0.10697
0.107191
0.106598
0.117581
0.115729
0.118419
0.129051
0.132714
0.135596
0.143471
0.1419
0.150639
0.170317
0.181326
0.186821
0.198081
0.192686
0.191445
0.172989
0.157136
0.147714
0.143419
0.123021
0.112464
0.102798
0.0836516
0.0865088
0.0893152
0.0855247
0.0848282
0.0917215
0.100969
0.0975749
0.0869755
0.0983347
0.0946944
0.0835571
0.0871309
0.0752589
0.0720081
0.0678009
0.0922887
0.0660709
0.0878252
0.067528
0.0869084
0.0860654
0.0905131
0.0752738
0.0705974
0.0814333
0.0881635
0.0758087
0.0829419
0.0787214
0.0805583
0.0798948
0.0754896
0.0878682
0.0849398
0.0778703
0.078054
0.0789517
0.0890607
0.0849365
0.0796017
0.0838102
0.0826266
0.0816453
0.0803917
0.0849959
0.0844553
0.0902319
0.0826186
0.0875445
0.0814252
0.0757659
0.0824967
0.0833494
0.0816589
0.0887051
0.0726107
0.0855133
0.072685
0.0851407
0.0715652
0.0698413
0.0588772
0.0608936
0.0605754
0.0535131
0.0546726
0.057029
0.0580799
0.0671862
0.0632134
0.0618326
0.0712772
0.0798828
0.0820551
0.107536
0.110365
0.102711
0.104583
0.109626
0.113345
0.118989
0.149085
0.14186
0.153086
0.144926
0.154743
0.165296
0.157139
0.150622
0.150979
0.13174
0.134137
0.116355
0.106948
0.113575
0.101921
0.105246
0.105593
0.109568
0.102389
0.106709
0.120028
0.124813
0.133896
0.119916
0.13893
0.150727
0.147262
0.141989
0.151133
0.149393
0.160837
0.155766
0.14455
0.162708
0.134504
0.14643
0.152007
0.14415
0.127408
0.119305
0.118952
0.138497
0.124551
0.118176
0.110207
0.0976004
0.12875
0.138292
0.129661
0.140034
0.141253
0.121622
0.15082
0.14803
0.154346
0.142859
0.15191
0.149637
0.153521
0.172473
0.175172
0.167324
0.167675
0.182819
0.179225
0.186781
0.20298
0.191827
0.205816
0.209048
0.205479
0.221411
0.209178
0.221849
0.207369
0.23175
0.229679
0.263158
0.23288
0.228736
0.23128
0.229917
0.219292
0.21335
0.215598
0.202106
0.203065
0.199285
0.178828
0.17121
0.149005
0.14334
0.119619
0.133062
0.121016
0.0919157
0.144832
0.123834
0.123059
0.083432
0.10478
0.12524
0.13262
0.0972688
0.12318
0.106923
0.157856
0.127151
0.132078
0.173247
0.143586
0.143934
0.198412
0.158986
0.199688
0.203407
0.184619
0.217217
0.184728
0.205809
0.244689
0.216472
0.224161
0.237162
0.253042
0.246749
0.253725
0.259879
0.25596
0.260923
0.275494
0.283388
0.289229
0.275478
0.29979
0.271448
0.254495
0.248337
0.247524
0.260383
0.256026
0.229392
0.220538
0.217799
0.188043
0.194318
0.127407
0.0960678
0.139385
0.1292
0.120658
0.130816
0.107698
0.114353
0.0964032
0.0779511
0.111778
0.12295
0.0830838
0.0889448
0.120537
0.13379
0.0764803
0.0953201
0.0670488
0.093753
0.123419
0.114519
0.0929582
0.0880427
0.128028
0.116049
0.073076
0.118034
0.0832369
0.112432
0.103138
0.113213
0.13664
0.0707714
0.0976577
0.0979569
0.107094
0.140905
0.0912989
0.104323
0.143627
0.0742797
0.10043
0.121417
0.11833
0.142765
0.151787
0.114769
0.110958
0.113807
0.131333
0.170459
0.122944
0.139458
0.117297
0.104443
0.0856887
0.167159
0.157614
0.133683
0.136983
0.133708
0.120075
0.123141
0.111955
0.19505
0.151457
0.138175
0.113207
0.135936
0.10404
0.0961984
0.147274
0.147319
0.0737245
0.124151
0.139384
0.140301
0.106116
0.132743
0.153922
0.083587
0.092334
0.122559
0.0633002
0.0920921
0.0899135
0.103391
0.122816
0.0579383
0.167241
0.1501
0.0859452
0.0915219
0.11225
0.124206
0.101708
0.129373
0.125113
0.154831
0.132026
0.129239
0.138432
0.123286
0.12109
0.166184
0.15742
0.154266
0.177914
0.158324
0.175827
0.115505
0.116336
0.149795
0.109407
0.169786
0.171232
0.175991
0.132181
0.145725
0.158345
0.137784
0.178125
0.158308
0.159049
0.112585
0.118611
0.134138
0.0843177
0.123102
0.136302
0.112859
0.0696596
0.0731436
0.0608956
0.0705347
0.0433907
0.0471904
0.0390457
