0.119407
0.118771
0.119487
0.126489
0.128111
0.129704
0.139525
0.141534
0.143361
0.146953
0.155257
0.149667
0.153909
0.158773
0.158892
0.16026
0.160713
0.161933
0.161989
0.160047
0.16258
0.156013
0.162649
0.169028
0.161918
0.17306
0.18078
0.180903
0.186629
0.188442
0.193893
0.192986
0.193208
0.195492
0.199532
0.20175
0.197905
0.203631
0.194218
0.189957
0.186241
0.187428
0.189263
0.194478
0.211363
0.203149
0.214229
0.21847
0.220004
0.223777
0.220871
0.207657
0.197524
0.195117
0.195514
0.195714
0.209538
0.226149
0.231097
0.216751
0.203141
0.180968
0.155098
0.136926
0.13022
0.125326
0.126035
0.109736
0.109141
0.113819
0.110863
0.111236
0.105844
0.104796
0.111128
0.104756
0.110393
0.109108
0.1178
0.112666
0.113639
0.111444
0.116742
0.120266
0.122817
0.125157
0.121693
0.125466
0.128802
0.134031
0.137829
0.145433
0.141222
0.149905
0.151348
0.167014
0.173384
0.183492
0.186727
0.191909
0.192755
0.197273
0.198654
0.186179
0.17372
0.160651
0.157092
0.15525
0.156628
0.163489
0.166594
0.168315
0.169071
0.166709
0.167482
0.159636
0.160933
0.154376
0.150492
0.15103
0.144933
0.152571
0.155531
0.170943
0.168632
0.174299
0.178721
0.180463
0.185169
0.185334
0.187444
0.192652
0.194311
0.19543
0.194827
0.195816
0.198267
0.201748
0.194533
0.188678
0.177955
0.168184
0.157764
0.154724
0.164454
0.171373
0.174515
0.182367
0.182914
0.192019
0.192115
0.201608
0.209643
0.218331
0.217627
0.219327
0.22235
0.22126
0.223882
0.225315
0.229807
0.223486
0.226972
0.219741
0.202446
0.172889
0.152197
0.126617
0.115996
0.109143
0.10539
0.108858
0.112005
0.104756
0.108653
0.108382
0.107753
0.115814
0.116357
0.117351
0.114735
0.117409
0.125006
0.12206
0.122803
0.117163
0.120381
0.119536
0.121152
0.120957
0.122535
0.12443
0.124498
0.125588
0.127662
0.12936
0.127627
0.125661
0.120075
0.109
0.104389
0.101648
0.100151
0.0951452
0.0953368
0.104409
0.103399
0.107604
0.112301
0.116851
0.128105
0.126443
0.140519
0.139327
0.142876
0.139647
0.148273
0.150913
0.151857
0.159736
0.159864
0.155221
0.155992
0.144297
0.129445
0.120253
0.114797
0.117415
0.114584
0.109728
0.115572
0.126808
0.125473
0.138714
0.135992
0.14611
0.159525
0.148035
0.159552
0.166144
0.178867
0.178171
0.180266
0.184715
0.186063
0.192254
0.198286
0.19596
0.196849
0.200405
0.199724
0.199887
0.206114
0.199833
0.20038
0.175764
0.150003
0.141997
0.117944
0.132222
0.135166
0.122754
0.137569
0.120831
0.127001
0.149957
0.148118
0.144696
0.149077
0.154805
0.162037
0.167475
0.164159
0.179644
0.184697
0.184122
0.186248
0.185078
0.191127
0.189454
0.178527
0.16917
0.147193
0.138717
0.117559
0.119314
0.120911
0.120186
0.113192
0.118415
0.116254
0.118846
0.125869
0.127225
0.123275
0.12878
0.120143
0.122673
0.129723
0.132252
0.115115
0.118999
0.123902
0.124895
0.116988
0.106965
0.11735
0.120976
0.122503
0.123226
0.120721
0.120415
0.121907
0.108323
0.101064
0.0967857
0.0923797
0.0881269
0.105354
0.0960961
0.0977945
0.094161
0.0850948
0.0957841
0.095783
0.0968911
0.101618
0.102486
0.107002
0.104102
0.100612
0.110501
0.126362
0.126019
0.127896
0.135664
0.139646
0.136451
0.141478
0.144944
0.14245
0.145112
0.143175
0.140089
0.1294
0.114786
0.128088
0.11524
0.10251
0.116337
0.100365
0.105207
0.105434
0.105426
0.115905
0.097413
0.113422
0.12278
0.0994898
0.119982
0.118733
0.113849
0.10938
0.121529
0.114215
0.131984
0.133496
0.140146
0.141415
0.150273
0.156705
0.16594
0.163227
0.165963
0.172811
0.173742
0.167778
0.156482
0.14914
0.126893
0.114355
0.0978822
0.101626
0.0960729
0.0955664
0.0967534
0.0893925
0.0979728
0.114936
0.118555
0.1134
0.0950542
0.096789
0.105345
0.0958684
0.100237
0.102767
0.115253
0.109138
0.112737
0.108319
0.11517
0.117167
0.117573
0.121491
0.118141
0.124661
0.125217
0.144421
0.14675
0.153352
0.167392
0.174382
0.193433
0.18018
0.178232
0.181055
0.165593
0.135451
0.153693
0.129322
0.152244
0.134409
0.136797
0.144544
0.153379
0.146198
0.145018
0.136128
0.134766
0.148474
0.143876
0.141032
0.147375
0.151242
0.140755
0.131071
0.139501
0.128399
0.131365
0.130006
0.131741
0.121546
0.113552
0.102538
0.133872
0.104899
0.110514
0.108852
0.12076
0.102035
0.126135
0.0976369
0.110845
0.114291
0.138859
0.129333
0.117945
0.132103
0.104895
0.132622
0.107631
0.129576
0.139093
0.127062
0.158264
0.148051
0.131371
0.146246
0.147098
0.144576
0.160381
0.149338
0.150374
0.150158
0.160049
0.181294
0.179346
0.169049
0.18885
0.195892
0.204835
0.206313
0.218709
0.209192
0.184894
0.152672
0.141331
0.117797
0.120455
0.129302
0.168341
0.204116
0.247981
0.274355
0.313284
0.343473
0.336758
0.346506
0.28066
0.206823
0.161906
0.124235
0.117687
0.114866
0.116727
0.105997
0.101979
0.111048
0.119732
0.115893
0.128688
0.127028
0.143205
0.124739
0.130454
0.136406
0.140902
0.137721
0.135149
0.146974
0.143443
0.124866
0.123135
0.116228
0.0989096
0.0785601
0.112749
0.107805
0.0832006
0.104768
0.100781
0.0901463
0.0870452
0.0843831
0.090332
0.0921661
0.0963345
0.0772936
0.104034
0.095192
0.100432
0.116098
0.112127
0.108881
0.111641
0.114735
0.110299
0.109978
0.109529
0.120765
0.120825
0.110419
0.105696
0.116597
0.103628
0.108258
0.101947
0.0886943
0.102641
0.106092
0.103374
0.107028
0.0927333
0.112667
0.107579
0.118347
0.118385
0.110407
0.0978844
0.107567
0.0865316
0.104638
0.107179
0.110827
0.10611
0.115356
0.101197
0.103211
0.117081
0.111694
0.114098
0.12114
0.117801
0.126647
0.119525
0.113771
0.118996
0.112761
0.121608
0.121104
0.102263
0.0973684
0.088424
0.0981438
0.0967961
0.110664
0.0967966
0.0865184
0.0858567
0.0878964
0.0826315
0.0709512
0.0796224
0.0869614
0.0651921
0.0781618
0.0861651
0.0792592
0.0948693
0.0695486
0.0812498
0.0844042
0.0818919
0.0881645
0.0993705
0.080668
0.0803093
0.0834233
0.0635131
0.0580159
0.0677178
0.0655671
0.0564105
0.0733428
0.0858189
0.0703217
0.0787633
0.0853634
0.0874496
0.085843
0.0989954
0.0948818
0.111421
0.106123
0.0871487
0.103586
0.0978008
0.0765711
0.0856943
0.0679551
0.0775473
0.0682253
0.0536992
0.0565328
0.0617773
0.0786435
0.0732049
0.0671757
0.0990682
0.082273
0.104238
0.0846969
0.0984973
0.0873567
0.0882833
0.0711852
0.0914568
0.0912458
0.0938577
0.103395
0.10864
0.100573
0.0898384
0.118438
0.11698
0.124792
0.109687
0.0913986
0.0904728
0.0863794
0.078071
0.100846
0.107747
0.118848
0.112585
0.0982398
0.107879
0.0984418
0.102844
0.105142
0.0954231
0.112444
0.100742
0.0943206
0.10707
0.0783659
0.0985463
0.0952359
0.0750978
0.102446
0.0930368
0.0911274
0.0881682
0.0919709
0.0634484
0.0844555
0.0720833
0.0682899
0.0780629
0.0608847
0.0481525
0.0537944
0.0447447
0.0506998
0.0491273
0.0528679
0.0404151
0.0375902
0.0449631
0.0372299
0.0321203
0.0532154
0.0440064
0.0397266
0.0226144
0.0376259
0.0471185
0.0413703
0.0251588
0.0323359
0.0327971
0.0213181
0.0353541
0.0237251
0.028634
0.0341255
0.0339076
0.0387455
0.0329808
0.0426614
0.0524673
0.0539459
0.04914
0.0315384
0.0412964
0.0377221
0.0511091
0.0388957
0.0535079
0.0464081
0.0560507
0.05103
0.0482219
0.0392591
0.043202
0.0610375
0.0418861
0.0466021
0.0244266
0.0254237
0.0385391
0.0379424
0.0275483
0.0259357
0.0258213
0.0231738
0.0317411
0.0272805
0.0356361
0.0347963
0.0265588
0.0270713
0.0409675
0.0334233
0.0325007
0.0324626
0.0408139
0.0341286
0.0378052
0.026219
0.0365244
0.0586125
0.0451436
0.0349366
0.0461269
0.0440251
0.0525899
0.0521794
0.0568801
0.0497781
0.0618935
0.065803
0.083023
0.0654545
0.0645114
0.0545973
0.0666835
0.0727615
0.0759298
0.0749199
0.0834508
0.0904052
0.0800971
0.0588463
0.0693884
0.082601
0.0861131
0.099191
0.0779944
0.0809361
0.084901
0.0840816
0.0999572
0.105465
0.117323
0.104961
0.136587
0.0949002
0.124645
0.129043
0.114873
0.101737
0.0876483
0.0763059
0.0786912
0.0794958
0.097677
0.0763322
0.098081
0.0778364
0.0709609
0.077756
0.100963
0.0542012
0.0958306
0.114834
0.0895691
0.105236
0.0879115
0.0759696
0.110282
0.0789314
0.0979007
0.0994234
0.101601
0.144897
0.113076
0.117086
0.118667
0.110213
0.117354
0.109614
0.102342
0.0960024
0.0700799
0.0806056
0.0856573
0.0805473
0.0738425
0.0557343
0.0584885
0.0533244
0.039098
0.0285863
0.0417531
0.0252859
0.019336
0.0183782
0.0215811
0.0061249
0.0169258
0.0128963
0.0184139
0.0199052
0.00904133
0.0166218
0.0179835
0.014857
0.00991586
0.00504744
0.00599247
0.0158401
0.0190846
0.0253126
0.00877416
0.0164057
0.022759
0.0136173
0.0123059
0.0151758
0.000139639
0.00133484
0.00684302
0.00209647
0.014181
0.00572881
0.0116501
0.00961244
0.00717788
0.00893023
0.00458347
0.00542522
0.0121511
0.0147455
0.0095606
0.0163102
0.0149235
0.0132694
0.0152526
0.0115245
0.013631
0.0115656
0.0147151
0.0107162
0.004807
0.0100746
0.0140441
0.0174256
0.0144859
0.0136872
0.00487811
0.00523933
0.0174759
0.021216
0.0149476
0.0207672
0.0149888
0.0112076
0.0100525
0.0186812
0.0211783
0.0181912
0.0188688
0.0156906
0.0185782
0.0162053
0.0199549
0.0216869
0.0251547
0.024187
0.0210789
0.019815
0.0220599
0.0167621
0.0153338
0.0201741
0.0165079
0.0285355
0.0238304
0.00751745
0.0231349
0.0194306
0.0146421
0.0203582
0.0129697
0.0157356
0.0138938
0.0134922
0.0179089
0.0129625
0.0156409
0.0117014
0.0127986
0.0124743
0.0133553
0.0158501
0.0190914
0.022898
0.0270616
0.0201182
0.0271898
0.0270846
0.0238839
0.0388042
0.0295409
0.0312791
0.0303719
0.0395804
0.0335001
0.030305
0.0410262
0.0283801
0.0377821
0.0376614
0.0356739
0.0292201
0.0316531
0.0423912
0.0316297
0.0410404
0.0370169
0.0478344
0.0475039
0.0471929
0.0472728
0.0459236
0.050595
0.0520851
0.0487687
0.0541707
0.049342
0.0628495
0.0597166
0.052852
0.0655475
0.0635637
0.0530851
0.0526613
0.0536473
0.0501835
0.0518077
0.0538091
0.049232
0.0523334
0.0472739
0.0638058
0.0533071
0.0706373
0.061784
0.0622127
0.0644631
0.0604199
0.0587301
0.0604129
0.0620772
0.0515897
0.0565377
0.0519931
0.0513165
0.0673212
0.048856
0.051783
0.0592068
0.0529442
0.0494664
0.0422545
0.0408648
0.0478982
0.0544666
0.0581111
0.052798
0.0456278
0.0503421
0.0588251
0.0465545
0.0430392
0.0424024
0.0418584
0.0477158
0.0293168
0.023458
0.0328208
0.0388402
0.0326501
0.0566263
0.0393743
0.0287275
0.0280318
0.0337124
0.0242521
0.0288482
0.0229138
0.0341564
0.0297358
0.0274211
0.0423822
0.0290322
0.041028
0.0284973
0.0359157
0.0292415
0.0265606
0.0229603
0.0263042
0.0233219
0.0242092
0.02076
0.0208263
0.0155372
0
0.0195662
0.0139864
0.012344
0.00878772
0.0112056
0.0189766
0.00608862
0.00955548
0.0102345
0.0116854
0.0111238
0.00891095
0.013198
0.0204791
0.0110951
0.016608
0.0179088
0.011926
0.0112915
0.0335779
0.0327318
0.0249846
0.0282256
0.0241119
0.0189156
0.0165507
0.0251468
0.014908
0.0172035
0.0119234
0.00641755
0.0146553
0.00813786
0.0116199
0.0123208
0.0111538
0.0171252
0.0179269
0.0136297
0.0149417
0.00761783
0.0206497
0.00736086
0.00780789
0.00982548
0.0158263
0.0221708
0.0201936
0.0206238
0.0153401
0.00165985
0.0116907
0.00966311
0.032651
0.0209885
0.0133542
0.013644
0.0115692
0.012079
0.0160729
0.0133265
0.0117196
0.0186021
0.0099365
0.0120166
0.0196412
0.0146909
0.0113481
0.0127007
0.0103507
0.0210188
0.0245892
0.0102289
0.0200901
0.0177277
0.0166642
0.0247733
0.0181008
0.0364142
0.0119532
0.0252342
0.0217752
0.0235099
0.0210477
0.0200433
0.0171061
0.0205085
0.0170399
0.0109395
0.0135765
0.013091
0.01478
0.0133186
0.0168838
0.0063574
0.0130185
0.0129675
0.0168731
0.0129947
0.0191701
0.0121558
0.0139805
0.0207749
0.015621
0.0123217
0.0217427
0.00999795
0.0255314
0.0183439
0.0214519
0.0269512
0.0157475
0.0223712
0.0343663
0.0284071
0.0263925
0.0208904
0.0291447
0.0265069
0.0289105
0.0236101
0.0168376
0.0187662
0.0232853
0.0260963
0.0225613
0.0237395
0.0224226
0.0240552
0.0239058
0.0259994
0.0279431
0.028077
0.0303189
0.0241167
0.0249697
0.0305781
0.0284728
0.0354923
0.0417114
0.0381127
0.0480033
0.0752204
0.127517
0.27669
0.416277
0.506124
0.516356
0.4949
0.40315
0.256668
0.127935
0.0856672
0.0527865
0.0471144
0.0420788
0.0358033
0.0403188
0.0364856
0.0408753
0.0415432
0.0370967
0.0376115
0.0320074
0.0392818
0.0422193
0.037842
0.0337558
0.0313466
0.0362872
0.0332127
0.0301796
0.0330245
0.0424192
0.034668
0.0295465
0.0350029
0.0285745
0.0334414
0.0326227
0.0317023
0.0356622
0.0378579
0.0377558
0.0372387
0.0307847
0.03494
0.0289286
0.0296529
0.0290085
0.0357667
0.0357392
0.0272921
0.0358464
0.0332079
0.0377839
0.0313901
0.0253925
0.0330758
0.0421202
0.0390357
0.0386523
0.0346801
0.0386548
0.0289519
0.035657
0.0362879
0.0414641
0.0405704
0.0348798
0.0305575
0.0270676
0.0288101
0.0412067
0.0356536
0.0337399
0.031955
0.0296139
0.0315216
0.0381696
0.0352453
0.0290657
0.0330367
0.03138
0.0309115
0.0316447
0.039335
0.0314575
0.0334942
0.0322735
0.0343228
0.0309985
0.0304676
0.0350636
0.0414502
0.0396535
0.0401931
0.0328062
0.035181
0.0347008
0.0312485
0.031465
0.0366125
0.0365192
0.032789
0.038375
0.0349734
0.0367062
0.0343371
0.0395495
0.0396765
0.0422152
0.0373668
0.0463869
0.0354598
0.0304723
0.0152354
0.0457851
0.0402542
0.0491529
0.0327081
0.0525067
0.0302164
0.0550209
0.0505944
0.041847
0.0467118
0.0389837
0.0423823
0.0488099
0.0410908
0.0290276
0.0442998
0.0414327
0.0442747
0.0269358
0.043506
0.04373
0.0503198
0.0294098
0.0458129
0.0536326
0.0412447
0.0404549
0.0539089
0.0444989
0.0360121
0.039913
0.0454517
0.043522
0.0432644
0.0224194
0.0489994
0.0534695
0.0632047
0.0457817
0.0187203
0.0580831
0.0482851
0.0260415
0.0681346
0.0860593
0.0548849
0.066267
0.0604432
0.0380136
0.0734757
0.0880276
0.0390881
0.0739202
0.0684456
0.0653958
0.0480163
0.054957
0.0832626
0.0559625
0.0866665
0.107053
0.0705468
0.0934928
0.0884805
0.0773409
0.0816805
0.069604
0.101023
0.0918169
0.0563942
0.0615254
0.0745538
0.101528
0.0647653
0.0756634
0.0841142
0.0794519
0.0466667
0.0565603
0.0820507
0.0726422
0.06398
0.074855
0.0685296
0.0553662
0.0322661
0.0643488
0.0632888
0.0506414
0.0543648
0.0725172
0.0748667
0.0441861
0.0551162
0.052189
0.0391592
0.051239
0.0445743
0.0593143
0.0357296
0.0466801
0.0572737
0.0464664
0.0429927
0.0620814
0.0686674
0.0657122
0.0782574
0.105489
0.0901583
0.100167
0.0854583
0.06259
0.0765817
0.027882
0.044473
0.0710627
0.0654068
0.0345386
0.0529972
0.0365201
0.0535164
0.0415111
0.0371599
0.0649605
0.0408139
0.0564542
0.0401276
0.0376251
0.0526404
0.049054
0.0473483
0.0503761
0.0699234
0.0531335
0.0575546
0.0829989
0.0811859
0.0871201
0.0790216
0.102047
0.113766
0.105247
0.114192
0.143602
0.139382
0.135708
0.136188
0.118348
0.0832821
0.0464695
0.0389624
0.0384031
0.0471971
0.0376637
0.0346543
0.0290843
0.0297686
0.0485172
0.0383211
0.0479496
0.0495414
0.0500064
0.0481883
0.0294819
0.0343483
0.0416612
0.0245561
0.0364834
0.0399351
0.0436879
0.0229112
0.0249184
0.0398663
0.027762
0.0179866
0.039839
0.029626
0.032837
0.0318344
0.0295009
0.0308748
0.0347572
0.0244435
0.039299
0.035407
0.0335324
0.0250625
0.0423771
0.0312025
0.043337
0.0391583
0.0339268
0.0337657
0.0443908
0.035056
0.0395175
0.0369379
0.0396785
0.0363068
0.0431174
0.040639
0.0391573
0.042516
0.045789
0.0273655
0.0453817
0.0270193
0.0350695
0.0311066
0.0412956
0.0403847
0.0324507
0.022905
0.0398867
0.0266495
0.0331475
0.0438346
0.0284243
0.0420043
0.0382681
0.0410912
0.0308465
0.0427589
0.0327164
0.0421212
0.03781
0.0316225
0.0421298
0.0329803
0.0343676
0.0379596
0.0285229
0.0303489
0.0339627
0.0383952
0.0266002
0.0269366
0.0336321
0.0262432
0.0276018
0.0328942
0.0362473
0.0287212
0.0401587
0.0401826
0.0453722
0.0410054
0.0463767
0.046131
0.045091
0.0475582
0.0464426
0.046061
0.0484438
0.0592234
0.0651411
0.0602316
0.0577594
0.0668913
0.0725943
0.0727478
0.075916
0.069591
0.060683
0.0562829
0.0371058
0.0425632
0.0362663
0.0338146
0.0314051
0.0314149
0.0285387
0.0329461
0.0293988
0.0303041
0.0331389
0.0314746
0.0308239
0.0395346
0.033666
0.0362324
0.0370615
0.0402128
0.0425347
0.0431586
0.0428456
0.0443161
0.0420207
0.0536259
0.0514507
0.0416613
0.0584729
0.0600643
0.0604135
0.0751051
0.0770841
0.0857443
0.0885046
0.0998628
0.0989974
0.0935646
0.101977
0.0991843
0.0954879
0.0888688
0.0698277
0.0736179
0.059487
0.0593774
0.0576669
0.0437498
0.0459271
0.0300745
0.0439891
0.0434863
0.0445307
0.0540091
0.0441343
0.0483131
0.0374357
0.056503
0.0514015
0.0532478
0.0553068
0.0476521
0.051732
0.0527679
0.0651985
0.0508264
0.0603853
0.0675378
0.0667993
0.0667997
0.0723902
0.0750951
0.0779959
0.0815199
0.0823395
0.0917898
0.101998
0.10669
0.114633
0.114301
0.111726
0.112
0.0952876
0.0932032
0.0883057
0.0887594
0.0714686
0.0676745
0.0596498
0.0385568
0.0438034
0.0492674
0.0571568
0.0490939
0.0420997
0.0556047
0.0556523
0.0624329
0.0565188
0.0544502
0.0442732
0.0543279
0.0589221
0.0504878
0.0383171
0.0524696
0.0420754
0.0396869
0.0407384
0.0423479
0.0517319
0.0424816
0.0505111
0.0406195
0.044476
0.0418516
0.0511077
0.0419054
0.0417857
0.0473437
0.0410434
0.0383098
0.0412925
0.047541
0.0415391
0.0412281
0.0445313
0.0409161
0.0398239
0.0413035
0.0468725
0.0428044
0.0390235
0.0436834
0.0364731
0.0525499
0.0526279
0.0418129
0.0424961
0.0433589
0.0340502
0.0375803
0.0455214
0.0462809
0.0509526
0.0431911
0.0568571
0.0468223
0.0641462
0.0784366
0.0807163
0.0786261
0.0821767
0.0915344
0.0851967
0.0887743
0.0877423
0.0929333
0.0933926
0.0890936
0.0861235
0.096028
0.0876907
0.0823522
0.0944284
0.0904946
0.101144
0.0788553
0.0832056
0.0825766
0.0863066
0.104108
0.10912
0.0708284
0.0924427
0.118464
0.114864
0.0972945
0.112041
0.108503
0.0881192
0.0875884
0.0817127
0.081257
0.0742855
0.080375
0.077359
0.07861
0.0666488
0.0667339
0.0778179
0.0825078
0.0953995
0.0951184
0.0896882
0.0946639
0.123451
0.103257
0.098851
0.0989134
0.104391
0.106721
0.102697
0.0964439
0.109534
0.0994783
0.0976139
0.106612
0.11317
0.0933794
0.0798677
0.102153
0.0993581
0.0662522
0.0780495
0.0908372
0.0655646
0.0879917
0.101716
0.0822501
0.0473157
0.131795
0.0856305
0.0732929
0.0908286
0.0753192
0.0995409
0.100404
0.106336
0.0955848
0.112342
0.101682
0.0980504
0.0976633
0.116799
0.112073
0.123256
0.126483
0.118369
0.125667
0.140467
0.139616
0.143135
0.135594
0.141795
0.135006
0.142784
0.157964
0.167937
0.161823
0.147673
0.140985
0.149397
0.139291
0.14324
0.143913
0.133772
0.153765
0.102835
0.10365
0.101951
0.103421
0.0740713
0.0658318
0.0539579
0.0844883
0.059593
0.0795014
0.0804321
0.0746413
0.0708011
0.0720872
0.0201311
0.0766564
0.0506639
0.074758
0.0899393
0.0942358
0.0848143
0.0635956
0.0958968
0.0621823
0.102757
0.0982511
0.118552
0.123826
0.105281
0.0942826
0.14494
0.111658
0.130009
0.128851
0.106517
0.114785
0.125101
0.162296
0.121766
0.125008
0.162629
0.147253
0.174888
0.172296
0.192835
0.17084
0.158405
0.19098
0.168047
0.153882
0.155879
0.153973
0.159078
0.197294
0.154401
0.129165
0.136213
0.110415
0.137181
0.0854255
0.050776
0.119731
0.0972554
0.0457097
0.0468658
0.0794847
0.097818
0.0671327
0.0467943
0.0755337
0.100171
0.0391024
0.0534085
0.0884503
0.100881
0.075672
0.0986258
0.0470357
0.0775368
0.101631
0.0777807
0.0745817
0.0717144
0.103214
0.0665577
0.0304693
0.0902146
0.0620766
0.0619118
0.0618967
0.0915026
0.0843074
0.121688
0.104106
0.0847993
0.0995476
0.0822469
0.0387606
0.0469767
0.0811255
0.115184
0.0735417
0.12078
0.0880142
0.0953805
0.0939814
0.0682533
0.0636111
0.0455811
0.116453
0.118712
0.0956793
0.0877082
0.0396677
0.0770751
0.0682551
0.11915
0.0907853
0.113403
0.081294
0.0943087
0.114353
0.0645642
0.0701419
0.126078
0.103911
0.105478
0.104421
0.0756324
0.0760423
0.0585451
0.0766187
0.115472
0.0643452
0.0984818
0.102858
0.0656157
0.0510288
0.113966
0.0804297
0.0651158
0.0759584
0.108972
0.046811
0.0688222
0.0969695
0.0601415
0.0528891
0.0591881
0.100632
0.0894226
0.0424745
0.0567223
0.0961002
0.0331263
0.0219433
0.0725673
0.0581091
0.0589006
0.105343
0.05167
0.147942
0.0735686
0.0382426
0.0851393
0.110575
0.121729
0.139389
0.0985179
0.121586
0.0802961
0.0667655
0.0773893
0.0829163
0.106369
0.12373
0.131456
0.103789
0.0836474
0.0903835
0.0979592
0.0979505
0.10633
0.145954
0.0880849
0.0833654
0.156303
0.0468146
0.0799959
0.0680958
0.0870107
0.0837368
0.0749568
0.0995206
0.1031
0.101175
0.0717079
0.0677931
