0.179544
0.1904
0.188595
0.199596
0.199982
0.205383
0.205497
0.212047
0.22155
0.219991
0.231045
0.240234
0.241965
0.247305
0.252483
0.258587
0.260223
0.263965
0.266917
0.265969
0.26474
0.257536
0.260153
0.273064
0.27291
0.28696
0.29815
0.303622
0.309062
0.31393
0.324645
0.32379
0.329713
0.335114
0.339544
0.346396
0.345803
0.352772
0.341597
0.334312
0.325162
0.324546
0.325854
0.334924
0.355283
0.35309
0.369099
0.377448
0.379106
0.38674
0.376985
0.341757
0.323843
0.321195
0.321612
0.321803
0.344645
0.40752
0.418842
0.400477
0.365794
0.319721
0.275679
0.226898
0.214577
0.205404
0.196091
0.179454
0.172287
0.176337
0.165452
0.16071
0.159923
0.142374
0.152846
0.152615
0.154175
0.158718
0.166351
0.16315
0.169121
0.177712
0.184786
0.17404
0.176756
0.183626
0.180733
0.188635
0.192319
0.202662
0.210966
0.218761
0.228453
0.245361
0.261723
0.282871
0.307245
0.323657
0.343898
0.355938
0.351253
0.358124
0.347824
0.32673
0.286124
0.255928
0.250147
0.245698
0.247572
0.258964
0.259852
0.266111
0.271915
0.273581
0.270087
0.265476
0.268344
0.256924
0.248813
0.243484
0.254448
0.2534
0.265961
0.273424
0.282785
0.283414
0.290669
0.302377
0.307543
0.311164
0.319004
0.320669
0.321999
0.322579
0.32171
0.323132
0.338005
0.347941
0.346773
0.338077
0.311585
0.28852
0.275543
0.268721
0.281905
0.29475
0.297526
0.311874
0.316902
0.332466
0.342227
0.357063
0.358868
0.374439
0.382108
0.383239
0.389278
0.387377
0.391401
0.392407
0.396396
0.399882
0.407367
0.391505
0.360653
0.303911
0.240549
0.189774
0.165697
0.15266
0.141949
0.139049
0.138343
0.137257
0.151919
0.150609
0.154292
0.162608
0.173715
0.182871
0.189643
0.189016
0.199035
0.200085
0.195477
0.186773
0.17713
0.182574
0.177565
0.171009
0.175502
0.177604
0.177319
0.180197
0.184072
0.187664
0.18896
0.191216
0.18807
0.177254
0.16653
0.159857
0.156982
0.158351
0.153128
0.161447
0.157339
0.166355
0.172638
0.183069
0.198478
0.196947
0.208483
0.21764
0.221712
0.227338
0.230816
0.237359
0.241001
0.252872
0.257498
0.250565
0.251166
0.243506
0.221684
0.20737
0.1955
0.193788
0.193702
0.195262
0.201898
0.209292
0.209523
0.227207
0.229544
0.246869
0.264915
0.262155
0.274107
0.273198
0.295889
0.295646
0.306554
0.314273
0.316905
0.332421
0.338742
0.339943
0.3468
0.351968
0.356776
0.364875
0.371946
0.371451
0.358465
0.336788
0.284988
0.25187
0.219055
0.205905
0.212631
0.221588
0.222127
0.227939
0.232478
0.244105
0.241609
0.250676
0.259436
0.270224
0.279468
0.28314
0.292115
0.302982
0.318458
0.311504
0.311429
0.31685
0.318843
0.312089
0.306084
0.272282
0.242782
0.210101
0.173313
0.16411
0.17417
0.177378
0.175531
0.192935
0.187791
0.206628
0.209146
0.220221
0.200549
0.213786
0.205171
0.200957
0.210019
0.205018
0.183679
0.187241
0.173712
0.175445
0.171555
0.165954
0.179164
0.177628
0.182258
0.185973
0.187454
0.190641
0.191039
0.174772
0.167426
0.155226
0.167157
0.169978
0.18143
0.170647
0.156701
0.158178
0.1516
0.165154
0.147859
0.161803
0.15934
0.153646
0.169521
0.172496
0.174116
0.178623
0.192494
0.193622
0.198443
0.214472
0.221127
0.220693
0.219129
0.234846
0.232143
0.238233
0.244769
0.237829
0.227282
0.222665
0.225304
0.201104
0.196076
0.210108
0.185475
0.175878
0.16044
0.182289
0.176103
0.177583
0.190189
0.206856
0.182785
0.204586
0.200768
0.195186
0.192533
0.210955
0.195536
0.217196
0.212177
0.222362
0.236226
0.252693
0.260959
0.274297
0.290968
0.287213
0.301469
0.292107
0.286287
0.279772
0.261486
0.229382
0.195842
0.169982
0.168253
0.162146
0.149956
0.164763
0.16033
0.169346
0.172295
0.169226
0.18613
0.169338
0.169809
0.17636
0.162187
0.173181
0.159387
0.169959
0.164753
0.170616
0.164358
0.157698
0.172875
0.173306
0.176697
0.174897
0.194541
0.195747
0.218771
0.242769
0.265966
0.284087
0.314519
0.327438
0.321234
0.314094
0.308113
0.287426
0.254367
0.247473
0.232885
0.251624
0.264514
0.250747
0.251291
0.256772
0.246504
0.243805
0.245998
0.236683
0.247122
0.244533
0.249959
0.248914
0.24238
0.220708
0.212373
0.204302
0.195572
0.203607
0.209687
0.222915
0.223552
0.202519
0.214402
0.21862
0.186894
0.213067
0.191491
0.206165
0.186638
0.207117
0.204067
0.207057
0.205184
0.224337
0.227653
0.197083
0.21319
0.191488
0.208242
0.204736
0.219137
0.211714
0.210206
0.237394
0.224449
0.229218
0.245306
0.255765
0.241031
0.260422
0.250972
0.255454
0.250011
0.280533
0.28559
0.29465
0.29905
0.34875
0.378059
0.391982
0.418039
0.405436
0.392692
0.359903
0.299643
0.280896
0.25641
0.226061
0.22674
0.267015
0.315246
0.382058
0.427727
0.493422
0.550486
0.557481
0.528844
0.449519
0.338709
0.260368
0.205686
0.206937
0.190652
0.188427
0.179297
0.192765
0.201221
0.193169
0.189764
0.205724
0.203244
0.228419
0.217568
0.228366
0.210888
0.234247
0.236335
0.233112
0.246697
0.238561
0.218094
0.206457
0.183271
0.156823
0.146733
0.167116
0.156948
0.145634
0.165089
0.145085
0.155093
0.125867
0.132592
0.13348
0.13622
0.138397
0.133962
0.152462
0.136147
0.153093
0.163529
0.158598
0.164682
0.166542
0.180475
0.176655
0.180005
0.187801
0.180619
0.198364
0.182564
0.178601
0.191367
0.175708
0.171198
0.16498
0.1793
0.172829
0.166559
0.169729
0.170791
0.187142
0.185937
0.192171
0.199058
0.205324
0.192692
0.186473
0.183531
0.15829
0.166322
0.173879
0.161964
0.176677
0.175355
0.163964
0.16982
0.172687
0.177277
0.170216
0.172827
0.179447
0.172714
0.199543
0.190371
0.200546
0.191317
0.199939
0.18971
0.195746
0.158214
0.170251
0.180146
0.148609
0.176687
0.132645
0.149157
0.14768
0.141719
0.140358
0.15532
0.133265
0.157007
0.126596
0.130897
0.130064
0.140838
0.139141
0.128799
0.135217
0.111522
0.144121
0.133909
0.145783
0.126045
0.130918
0.141254
0.113336
0.115338
0.0984531
0.110906
0.105873
0.107689
0.126315
0.122479
0.132818
0.141695
0.137795
0.155254
0.150162
0.180348
0.167732
0.172172
0.185684
0.197355
0.180633
0.161982
0.139666
0.121614
0.102702
0.0886794
0.0836285
0.0832555
0.0999044
0.122207
0.119326
0.121351
0.153448
0.146587
0.15404
0.137145
0.148016
0.133184
0.138313
0.133699
0.158188
0.15593
0.167765
0.15451
0.183405
0.176218
0.178544
0.195516
0.189988
0.175927
0.166144
0.174827
0.145686
0.158802
0.179215
0.152563
0.18376
0.163162
0.178174
0.178845
0.180006
0.167729
0.170534
0.14725
0.172797
0.167238
0.163583
0.161718
0.171211
0.142361
0.152448
0.152514
0.116011
0.144729
0.146788
0.138481
0.148964
0.14205
0.123194
0.12379
0.123221
0.100915
0.089428
0.0955381
0.0737432
0.0974431
0.0820914
0.0934409
0.0870828
0.074811
0.0589563
0.0653314
0.060076
0.0640702
0.0648373
0.065925
0.066351
0.0588712
0.0620613
0.0564402
0.0681631
0.0542411
0.0605308
0.0560233
0.0517353
0.0372441
0.0517301
0.0535834
0.0558499
0.0539821
0.0545588
0.0686081
0.0502974
0.0598921
0.0683337
0.0611562
0.0810432
0.0643351
0.0558351
0.0694501
0.065388
0.0738034
0.0709786
0.0663171
0.0875696
0.0719745
0.0795219
0.0822118
0.0740879
0.0734909
0.0673697
0.0608536
0.0477566
0.0443787
0.044013
0.0417463
0.0459875
0.0503198
0.040517
0.051967
0.0360977
0.0308374
0.0514382
0.0524586
0.0454231
0.0549435
0.0711954
0.0480962
0.0599784
0.0617025
0.0499631
0.0479708
0.0475118
0.0417589
0.0509241
0.0752659
0.0622829
0.0539707
0.0604376
0.0616994
0.0802243
0.0830677
0.0916221
0.111604
0.107019
0.111598
0.121902
0.102148
0.10889
0.105835
0.120118
0.108006
0.123699
0.129088
0.133928
0.137137
0.114891
0.115208
0.130951
0.163135
0.14345
0.151507
0.149826
0.15502
0.178782
0.14106
0.182208
0.19527
0.194536
0.219896
0.243957
0.233263
0.234367
0.213951
0.215104
0.170149
0.148665
0.151603
0.117426
0.136195
0.14681
0.146668
0.155488
0.141845
0.141712
0.137956
0.155523
0.151083
0.170261
0.170483
0.187036
0.182331
0.160071
0.139324
0.167758
0.155915
0.164241
0.188009
0.195366
0.224188
0.22568
0.205281
0.20351
0.183154
0.19862
0.191024
0.180534
0.169342
0.142192
0.152699
0.148727
0.13053
0.13878
0.104249
0.093003
0.0735567
0.0644376
0.0615079
0.056417
0.0307591
0.0271517
0.0245481
0.0187342
0.00984431
0.0161927
0.0143791
0.0147702
0.0180747
0.0110808
0.0127697
0.0168966
0.0189238
0.0147072
0.0121385
0.0135226
0.0254439
0.0318231
0.0277671
0.02568
0.0206401
0.0229672
0.0130314
0.00722944
0.0102314
0.00201049
0
0.00519839
0.00651147
0.0142728
0.00666921
0.00463083
0.0163834
0.00295372
0.00859378
0.000131938
0.00571378
0.011112
0.0119053
0.0184129
0.0165018
0.0106369
0.0112213
0.0141183
0.0173057
0.0238191
0.0152726
0.0153225
0.00818066
0.0104448
0.0178834
0.0166008
0.018791
0.0120701
0.0165414
0.00715515
0.0138166
0.0205472
0.0195052
0.0222436
0.0264806
0.0274809
0.0249582
0.0208369
0.034927
0.0341585
0.0201987
0.01981
0.0163097
0.0255481
0.0246913
0.0223569
0.0266931
0.0307808
0.0285816
0.0244437
0.0229362
0.0305047
0.0261163
0.0286578
0.0321805
0.0320624
0.0411008
0.0363509
0.0188625
0.0349741
0.0318324
0.0355013
0.0288501
0.0223901
0.0306881
0.0208234
0.0263921
0.0347434
0.027954
0.0281227
0.0269888
0.0280082
0.0198383
0.0214597
0.0272805
0.0315476
0.0324925
0.0375633
0.0429446
0.0437712
0.0520898
0.0400547
0.0573217
0.0609546
0.0494087
0.0543379
0.0664864
0.0688171
0.0578675
0.0666427
0.0658479
0.0599963
0.0628713
0.0624658
0.0686058
0.0721158
0.0735875
0.066679
0.0702425
0.0819955
0.0871379
0.0938036
0.092356
0.0825428
0.0970007
0.100477
0.0948655
0.0895969
0.0961851
0.0968903
0.11436
0.107044
0.103435
0.116085
0.111161
0.100912
0.0978755
0.0983894
0.100196
0.097216
0.0993306
0.104414
0.0995472
0.0918944
0.101725
0.10389
0.123044
0.132044
0.136112
0.11709
0.108089
0.108731
0.109657
0.100853
0.0861152
0.0982296
0.0842668
0.0782734
0.092617
0.0859425
0.0888043
0.0913649
0.0805759
0.09214
0.083961
0.0818403
0.0882168
0.0903099
0.0942001
0.0921484
0.0926129
0.0926331
0.0946793
0.074104
0.0804725
0.0664403
0.0649245
0.0711099
0.0729637
0.0508773
0.0502656
0.0525087
0.0632038
0.0661769
0.0590864
0.0572588
0.0510378
0.0488208
0.0544842
0.0441208
0.0449771
0.0403193
0.0486039
0.0497778
0.0570412
0.0493515
0.0598392
0.052417
0.0577212
0.059631
0.0620239
0.041937
0.0332175
0.0339562
0.0324699
0.0212805
0.024425
0.0196608
0.014887
0.00741394
0.0162332
0.00759195
0.00300394
0.0117094
0.0191411
0.018229
0.0202403
0.0106501
0.0104177
0.0166636
0.0135403
0.0237445
0.0352972
0.0140013
0.03791
0.0270664
0.036416
0.0335826
0.0502965
0.046401
0.0399144
0.0421866
0.0411876
0.0442451
0.0293528
0.0302056
0.0300712
0.0221817
0.02506
0.0194523
0.02198
0.014173
0.0293238
0.0230374
0.0032184
0.0136838
0.0176857
0.00815731
0.0220727
0.00688455
0.0241034
0.0144056
0.0133282
0.0160222
0.0248196
0.02535
0.0286198
0.0303676
0.0321089
0.0228359
0.0241466
0.0193331
0.0197795
0.028568
0.0181867
0.0260731
0.0142467
0.0154593
0.0107102
0.019073
0.0128321
0.0143552
0.0125897
0.0159376
0.0159993
0.016516
0.0195756
0.013577
0.0218394
0.0221182
0.0252089
0.0195169
0.0226999
0.0240444
0.0257829
0.0323594
0.0248577
0.037565
0.0319199
0.0389082
0.0375299
0.0356672
0.0358998
0.0302372
0.0296181
0.0232137
0.0210212
0.0183059
0.0138839
0.0239187
0.0182058
0.0203676
0.0188929
0.0212755
0.021217
0.0172168
0.0234446
0.0240686
0.0258524
0.0266288
0.0218394
0.0270376
0.0250084
0.0293592
0.0313348
0.0318479
0.0325146
0.0328121
0.0369519
0.0510859
0.0479312
0.0503122
0.0533968
0.0574259
0.0420331
0.0481428
0.0519345
0.0470878
0.051107
0.0445235
0.0363494
0.0364674
0.0409867
0.040509
0.0437499
0.0400565
0.0419465
0.0417191
0.0393263
0.0416294
0.049818
0.0494888
0.0481518
0.0466999
0.0476876
0.0608268
0.0522897
0.0607959
0.0692921
0.0740727
0.087881
0.126549
0.196935
0.417251
0.64403
0.778718
0.799383
0.770791
0.636755
0.406712
0.192925
0.126674
0.098553
0.0726733
0.0699459
0.0672587
0.071963
0.0666388
0.0697531
0.0712793
0.0705015
0.0670706
0.0657599
0.0718846
0.0682921
0.0648251
0.0676967
0.0631913
0.0644129
0.0679766
0.0667199
0.0684421
0.0687046
0.0576759
0.0603893
0.0657774
0.0562531
0.0571823
0.0528811
0.0587722
0.0561851
0.0565777
0.0591762
0.0568324
0.0525142
0.0534118
0.0524551
0.0641466
0.0572448
0.0644497
0.0649121
0.0572648
0.0626928
0.0616392
0.0688763
0.0585824
0.0560663
0.0646019
0.0708381
0.0685331
0.0647254
0.0645642
0.0673565
0.0621197
0.0694171
0.0648332
0.070606
0.0674202
0.0662331
0.0664133
0.0584761
0.0608245
0.0721795
0.059315
0.0503323
0.0584024
0.0595013
0.0578452
0.0570821
0.0613841
0.0564866
0.0598602
0.0575113
0.0561561
0.0622808
0.0582078
0.0562902
0.0603573
0.0638998
0.0619841
0.0605087
0.0580981
0.0641042
0.0663027
0.0718424
0.0594646
0.0624325
0.0670902
0.0605305
0.0584014
0.0671137
0.0668358
0.0718357
0.0642117
0.0710923
0.0682847
0.0731688
0.0843167
0.0647851
0.0649327
0.0713159
0.0723182
0.0610386
0.073512
0.0720017
0.0670463
0.0841116
0.0776539
0.0875865
0.0687822
0.0822116
0.0840831
0.0769132
0.0890171
0.0877275
0.0853386
0.0813464
0.0816904
0.0858971
0.0784967
0.0781027
0.0703644
0.0757193
0.0874046
0.0691008
0.0766123
0.0852653
0.0933681
0.0830266
0.0885185
0.0982644
0.0908266
0.0844105
0.0715047
0.0816918
0.066463
0.084946
0.0750282
0.0904597
0.0659342
0.0808725
0.0790126
0.0831143
0.0844966
0.101934
0.0817451
0.0964821
0.0736695
0.0710682
0.0833721
0.118486
0.094819
0.103335
0.0825898
0.0990187
0.0926721
0.110388
0.0957546
0.106612
0.10907
0.0846814
0.0973065
0.0957341
0.114126
0.133856
0.119062
0.121246
0.111397
0.155381
0.133906
0.14444
0.152119
0.129291
0.148931
0.144533
0.0918135
0.101149
0.105308
0.147559
0.116331
0.134617
0.118714
0.130358
0.114027
0.0611673
0.10695
0.0972496
0.102263
0.118394
0.120566
0.0960132
0.0859314
0.0904593
0.112199
0.086209
0.094843
0.0886153
0.0842123
0.0792322
0.101128
0.0800403
0.0874811
0.0985835
0.0967484
0.0796079
0.0730942
0.0645729
0.101344
0.0959711
0.0796032
0.104995
0.108235
0.10474
0.133728
0.124809
0.139292
0.129883
0.139878
0.110504
0.0829824
0.0882638
0.0674237
0.0726841
0.0835675
0.0651924
0.0739116
0.0859957
0.0701997
0.0774846
0.0628538
0.069473
0.0740462
0.0671081
0.076021
0.0835203
0.0878308
0.0852623
0.0752117
0.0902244
0.111979
0.102106
0.0994428
0.123764
0.125442
0.161108
0.158293
0.166353
0.182479
0.186848
0.211223
0.241422
0.251286
0.247417
0.236857
0.196857
0.13041
0.0802195
0.0767937
0.0627869
0.0753602
0.0628743
0.0658912
0.0618322
0.046977
0.0749953
0.0565359
0.0734751
0.0691244
0.0676088
0.0729648
0.0580343
0.0464963
0.0563844
0.0623761
0.0696172
0.0576872
0.0600545
0.0487079
0.0537651
0.0666196
0.0544563
0.0530162
0.0551423
0.0532685
0.0700627
0.0617907
0.0649959
0.0650811
0.0649008
0.0611741
0.0677408
0.0611947
0.0687124
0.0613237
0.0745344
0.0644782
0.0685952
0.0691387
0.0700284
0.0653123
0.0644016
0.0644219
0.0658932
0.0643073
0.068079
0.0704878
0.0718927
0.0697601
0.072654
0.0751967
0.0662274
0.0636502
0.0709635
0.0419615
0.0663888
0.0480888
0.0559204
0.0534683
0.0378275
0.0538789
0.0524714
0.050995
0.0547195
0.0602744
0.0544732
0.0620207
0.0589359
0.0658497
0.0539852
0.058053
0.0624912
0.0691959
0.0606946
0.0538167
0.0622732
0.0587394
0.0591914
0.0589231
0.0524465
0.0509525
0.0589209
0.0568129
0.057831
0.057195
0.0559677
0.0528139
0.0600275
0.0547472
0.0647969
0.0666118
0.0671016
0.0659688
0.0697919
0.0722147
0.0688227
0.0794406
0.0754896
0.0768936
0.0814146
0.0892388
0.0910594
0.0947998
0.0956691
0.100283
0.0955362
0.113756
0.116334
0.116981
0.116967
0.106555
0.0968872
0.0848514
0.0722479
0.0609121
0.0606236
0.0551228
0.0556758
0.060606
0.0527887
0.0610921
0.0604397
0.0600714
0.053568
0.0519285
0.0537628
0.0604753
0.0632698
0.0617272
0.0647594
0.0680114
0.0687443
0.0741814
0.0672538
0.07903
0.0821188
0.0898602
0.0891101
0.0853804
0.0954434
0.105559
0.10323
0.122047
0.133347
0.140618
0.14586
0.162942
0.162881
0.161512
0.170178
0.16572
0.155897
0.140845
0.122306
0.127764
0.101499
0.0896231
0.0899699
0.0820736
0.0776788
0.0701368
0.0707075
0.0767592
0.0743263
0.0829455
0.0788175
0.0778438
0.0869921
0.0891763
0.0873173
0.0945585
0.09934
0.100084
0.0969178
0.0986293
0.106394
0.103643
0.1104
0.11911
0.1222
0.123475
0.133227
0.133443
0.140217
0.143063
0.149453
0.150591
0.176066
0.183857
0.195516
0.200797
0.200421
0.193978
0.181558
0.171451
0.154088
0.15517
0.133271
0.120192
0.106832
0.0923261
0.0931327
0.0928171
0.0944165
0.084107
0.0903516
0.103093
0.101662
0.0957629
0.0937569
0.0978192
0.0930475
0.0910743
0.0915841
0.0706032
0.072256
0.0885554
0.0792143
0.0783418
0.0762976
0.0719639
0.0858635
0.074906
0.0717096
0.0701152
0.079409
0.0775171
0.0828897
0.0754001
0.0740543
0.0752666
0.0731729
0.0732142
0.0712796
0.0837602
0.0726096
0.073041
0.0769511
0.0806309
0.0701969
0.0756247
0.0827037
0.0777443
0.0743764
0.0821881
0.0798212
0.0875117
0.0906472
0.0815675
0.0859359
0.0810497
0.0836716
0.0771275
0.0806748
0.0821958
0.084097
0.079181
0.0865623
0.0819272
0.101112
0.0943645
0.0911327
0.0980629
0.0950349
0.102498
0.0975036
0.0962362
0.103146
0.102533
0.101837
0.102123
0.103065
0.116899
0.121428
0.119069
0.140129
0.130772
0.134693
0.148769
0.145021
0.132548
0.128824
0.171477
0.156684
0.156765
0.175141
0.196348
0.210716
0.179092
0.18145
0.177454
0.163586
0.166231
0.143638
0.129271
0.113376
0.10937
0.122113
0.117356
0.120602
0.110207
0.12513
0.11297
0.131923
0.133778
0.127277
0.141257
0.164224
0.15587
0.161344
0.166292
0.174847
0.150357
0.162673
0.159183
0.162279
0.149719
0.158396
0.148868
0.155896
0.151462
0.13488
0.167938
0.154394
0.121452
0.14036
0.119907
0.114341
0.113038
0.142459
0.147012
0.139849
0.166442
0.171334
0.137297
0.173346
0.159111
0.174328
0.144
0.170521
0.161988
0.14661
0.180636
0.183776
0.175489
0.196955
0.170285
0.188546
0.196063
0.19518
0.207728
0.222274
0.206978
0.221509
0.208434
0.231868
0.226782
0.243609
0.249953
0.260092
0.249056
0.25593
0.235907
0.250113
0.230376
0.225822
0.225281
0.215808
0.218675
0.190964
0.182584
0.180885
0.169157
0.120031
0.113667
0.10794
0.141416
0.091097
0.116335
0.118317
0.121347
0.0893471
0.115828
0.0855168
0.146048
0.125711
0.159152
0.123097
0.15422
0.0828342
0.106668
0.121185
0.131709
0.142616
0.157636
0.152959
0.181267
0.207128
0.198524
0.208842
0.198314
0.214506
0.20143
0.197941
0.241932
0.25915
0.255577
0.235006
0.260073
0.263507
0.271211
0.266157
0.283625
0.29648
0.294636
0.296261
0.317657
0.275454
0.256327
0.267905
0.26057
0.258822
0.275139
0.256947
0.227271
0.219299
0.190781
0.18717
0.151303
0.102569
0.146942
0.139201
0.109259
0.110966
0.126021
0.12239
0.120131
0.0648242
0.0982756
0.0923976
0.106804
0.0703883
0.143178
0.126657
0.0906812
0.114767
0.0748725
0.103355
0.109719
0.110588
0.0923104
0.0949783
0.120263
0.114844
0.0657042
0.11455
0.0853475
0.0963341
0.136952
0.133503
0.155834
0.142852
0.131525
0.12831
0.129817
0.130427
0.121836
0.135702
0.135417
0.156603
0.102126
0.0905431
0.131471
0.160062
0.14147
0.127778
0.127478
0.102667
0.142828
0.163757
0.0848666
0.120166
0.121894
0.134135
0.110873
0.124966
0.139942
0.158113
0.157719
0.137217
0.137372
0.14607
0.120695
0.166727
0.137414
0.126993
0.166009
0.142665
0.110579
0.135307
0.108856
0.119492
0.099491
0.105345
0.108244
0.117063
0.0628032
0.153633
0.117848
0.133618
0.0765686
0.124255
0.0593835
0.103236
0.100405
0.0774354
0.0868579
0.0901217
0.122212
0.126284
0.0983327
0.111598
0.131825
0.134158
0.108145
0.128827
0.127136
0.104394
0.101711
0.10377
0.131605
0.106102
0.128829
0.154825
0.145311
0.14132
0.164
0.168805
0.139248
0.142137
0.152684
0.147001
0.143043
0.184203
0.196584
0.178503
0.159239
0.152915
0.169674
0.138423
0.153627
0.164554
0.162652
0.131867
0.154905
0.103912
0.0854843
0.118027
0.14137
0.106012
0.100958
0.117354
0.106702
0.10615
0.0871668
0.104359
0.0945248
