0.096606
0.101074
0.09457
0.0814851
0.092145
0.0990295
0.091524
0.0973456
0.0980365
0.101965
0.103544
0.104391
0.102797
0.106263
0.10601
0.110825
0.106496
0.107439
0.0999589
0.10561
0.103599
0.108477
0.097362
0.0944324
0.104386
0.103903
0.107466
0.111058
0.115528
0.113765
0.116146
0.115413
0.113833
0.114927
0.117095
0.116422
0.111671
0.117627
0.107521
0.106158
0.111856
0.105524
0.10402
0.10967
0.10191
0.108283
0.116232
0.117367
0.116634
0.11273
0.117873
0.119483
0.127041
0.128601
0.128699
0.127735
0.120423
0.119357
0.115348
0.108558
0.103082
0.0965101
0.090123
0.0806161
0.0762554
0.0815564
0.0818921
0.0924988
0.0882373
0.0845966
0.0939365
0.0931157
0.0837506
0.093893
0.0906409
0.0998194
0.0989189
0.0881633
0.0877256
0.0889824
0.08939
0.0862751
0.0903124
0.0903659
0.0884393
0.0911697
0.0940423
0.0929463
0.0953321
0.0988046
0.102525
0.103068
0.102027
0.104062
0.10184
0.10274
0.0974619
0.100079
0.0978538
0.106962
0.106607
0.104005
0.109062
0.106849
0.109827
0.108539
0.106624
0.106011
0.108673
0.111255
0.112475
0.10867
0.108865
0.111123
0.109504
0.11105
0.105485
0.0964104
0.0983861
0.0831012
0.0839464
0.0994686
0.100092
0.101714
0.101608
0.106842
0.103443
0.108513
0.107241
0.110474
0.108544
0.111742
0.114631
0.121109
0.122451
0.120184
0.116621
0.115473
0.114326
0.105243
0.109423
0.0925684
0.0904694
0.0758868
0.0824752
0.0930785
0.0998547
0.0953734
0.100579
0.104848
0.0981366
0.107555
0.102163
0.108459
0.113757
0.112777
0.111063
0.115113
0.11918
0.117081
0.112704
0.111642
0.113226
0.11319
0.10927
0.104835
0.0950796
0.0917978
0.0937677
0.101046
0.0960456
0.102436
0.104868
0.1045
0.0962342
0.103451
0.102861
0.105338
0.0969001
0.100102
0.0886715
0.0777742
0.0821291
0.0820751
0.0850449
0.074174
0.0837739
0.0919783
0.0888558
0.0960465
0.0945621
0.0937535
0.0994983
0.101784
0.101565
0.100588
0.0982348
0.102963
0.0950659
0.0839333
0.0822949
0.0826064
0.0636452
0.0744978
0.0682451
0.0768031
0.0731485
0.0889377
0.0824052
0.0882846
0.0872616
0.0910049
0.0972595
0.0948737
0.102686
0.100656
0.104791
0.104469
0.105045
0.10637
0.101797
0.10529
0.10537
0.0987571
0.0900315
0.0823724
0.0759492
0.0707225
0.0753709
0.0840987
0.0749589
0.0826138
0.0769272
0.0774037
0.092346
0.0841114
0.0831318
0.08982
0.09643
0.0943978
0.0983545
0.0995802
0.10042
0.105267
0.106772
0.106332
0.109949
0.111616
0.106111
0.10651
0.10424
0.104965
0.104786
0.104724
0.101082
0.0919465
0.0865999
0.0781604
0.0646537
0.0579097
0.0688331
0.0705541
0.0703075
0.073496
0.0751267
0.0840918
0.0599376
0.0803679
0.0842514
0.0882451
0.0923197
0.0846118
0.0980313
0.0961931
0.101132
0.110686
0.109295
0.110627
0.111336
0.105422
0.109821
0.109365
0.100073
0.0984844
0.0956217
0.10389
0.0870972
0.0933647
0.0793596
0.0870041
0.0700337
0.0733405
0.0731396
0.0741634
0.0738535
0.0880092
0.0667439
0.0776829
0.0813719
0.0796102
0.0761758
0.0864606
0.0820197
0.0829195
0.0908252
0.10043
0.100039
0.098926
0.0954429
0.0998477
0.102365
0.0919788
0.0905464
0.0721336
0.0673148
0.064781
0.0586229
0.0599828
0.0552607
0.0616805
0.0664003
0.0696867
0.0527071
0.0767959
0.0696272
0.0691996
0.0700863
0.0832964
0.0753101
0.0836063
0.0886128
0.0867846
0.0949624
0.0880105
0.0893278
0.101781
0.0944765
0.0877242
0.0949614
0.101119
0.0992245
0.0890611
0.0908838
0.089294
0.0716754
0.062312
0.0643544
0.0647422
0.0445331
0.0689337
0.0583655
0.0639711
0.0558417
0.0638622
0.0745795
0.0686978
0.0676923
0.0721622
0.0524754
0.070448
0.0703127
0.0719894
0.0740584
0.0807286
0.0775556
0.0725257
0.0785441
0.0881625
0.0856818
0.0862901
0.0945689
0.0932113
0.104162
0.101514
0.103949
0.0868935
0.0938298
0.100433
0.0850927
0.0747304
0.0758739
0.0644778
0.0648702
0.0671737
0.0659385
0.0712534
0.0762673
0.0619367
0.0724731
0.0772344
0.0661408
0.0613435
0.0680269
0.0661758
0.0717502
0.0804036
0.0831778
0.0912882
0.0820123
0.0833792
0.0938013
0.0907664
0.10032
0.0846499
0.0911921
0.0999995
0.0957979
0.09485
0.0968562
0.0957066
0.0925698
0.101247
0.0844519
0.0879059
0.0893782
0.0815711
0.0814835
0.0754544
0.0806475
0.0740334
0.0799325
0.0721986
0.0719371
0.0615753
0.0778836
0.0875326
0.0815741
0.0776186
0.086999
0.0873924
0.079788
0.0862152
0.0981032
0.0957973
0.0947266
0.0935002
0.101786
0.0948048
0.0973766
0.100054
0.0999802
0.0851886
0.0745042
0.0702247
0.0533695
0.0649868
0.0401941
0.0572344
0.0636387
0.0518665
0.0411347
0.0517256
0.0509716
0.0453734
0.0808043
0.055747
0.0790163
0.0510168
0.0751355
0.0763485
0.0739533
0.0594248
0.0588369
0.0624045
0.0823232
0.0842899
0.08974
0.0843622
0.097555
0.0805719
0.0848383
0.0892133
0.0921524
0.085811
0.0916221
0.0904016
0.11016
0.0913937
0.0828654
0.0805914
0.0800515
0.0622259
0.0705448
0.0491981
0.0555632
0.0598847
0.0536075
0.0714065
0.0802437
0.0750992
0.0929945
0.117491
0.192226
0.238857
0.312642
0.353328
0.373697
0.397298
0.357765
0.283996
0.188045
0.0938107
0.0840324
0.0775817
0.0794327
0.0830916
0.0764739
0.0717177
0.0706462
0.055252
0.0600317
0.0661987
0.0783912
0.0809911
0.0827999
0.0804578
0.0816485
0.0778967
0.0862235
0.0865918
0.0799689
0.0892035
0.0772454
0.070954
0.0649401
0.0723405
0.0689752
0.0756453
0.0631873
0.0728611
0.0773391
0.0809408
0.0605934
0.0658504
0.065518
0.0715773
0.0698569
0.0723167
0.0837611
0.0841564
0.0946454
0.0927204
0.0888059
0.101461
0.0805031
0.0849974
0.0806235
0.0852102
0.0789363
0.0712208
0.0480155
0.0539846
0.0658422
0.0542776
0.0614008
0.0773003
0.0627326
0.0719109
0.0708347
0.0559212
0.0635658
0.0782693
0.0641769
0.0813865
0.0755392
0.0779916
0.0590683
0.0729398
0.0676249
0.0705675
0.0675811
0.052976
0.0729481
0.0663741
0.069192
0.0834661
0.086687
0.0654888
0.0739293
0.0662173
0.0812471
0.0833114
0.0750365
0.0738482
0.0712561
0.0937257
0.0726857
0.0441316
0.0658691
0.085434
0.056296
0.0630775
0.0733775
0.054366
0.0554547
0.065189
0.0563705
0.0524302
0.0744517
0.0469213
0.0597156
0.0435535
0.0695185
0.0465115
0.0613062
0.0508656
0.0654382
0.0543582
0.0523191
0.0596032
0.0526474
0.0652707
0.0268452
0.0586101
0.0600723
0.0672249
0.0455991
0.0663084
0.0596277
0.0527374
0.0404326
0.0598148
0.0562002
0.0709951
0.0560983
0.0488346
0.051734
0.0654232
0.0642898
0.0649026
0.0579866
0.0600581
0.0880733
0.0722596
0.0477405
0.0640832
0.0411792
0.0476548
0.06119
0.0676252
0.0689817
0.056583
0.0704761
0.062373
0.0698326
0.0758797
0.0570111
0.0579573
0.050639
0.055445
0.0771751
0.0697259
0.0657096
0.0396765
0.0695067
0.0813534
0.0406958
0.0611851
0.0410717
0.0619251
0.0690243
0.069018
0.064959
0.0631452
0.0567334
0.0609904
0.0740713
0.0613235
0.0709613
0.0670801
0.0368888
0.0427895
0.0781219
0.0528443
0.0669108
0.0482445
0.0732194
0.0672475
0.0701383
0.0593505
0.07485
0.0533264
0.0740482
0.0527641
0.0595391
0.0528442
0.0591997
0.0538119
0.0750092
0.0671841
0.0581751
0.0844273
0.0620479
0.0727715
0.071776
0.0544628
0.0606251
0.0720886
0.0644064
0.0469508
0.0448649
0.0438055
0.0407894
0.0640269
0.0446863
0.0373211
0.0453808
0.0346283
0.0263485
0.041921
0.0429888
0.0321958
0.0428425
0.0303877
0.0368769
0.0213156
0.026851
0.0349917
0.0339495
0.0290757
0.0407558
0.0179076
0.0401836
0.0311474
0.0262809
0.0415924
0.0286339
0.0408152
0.0250854
0.031694
0.037017
0.0416419
0.0411236
0.0363858
0.0452291
0.0356785
0.031234
0.0395636
0.0505242
0.0471175
0.0481543
0.0489214
0.0396541
0.0533971
0.0394122
0.0470955
0.0419669
0.0539851
0.0413395
0.0380621
0.0494936
0.0338234
0.0377206
0.0209994
0.0559574
0.0359598
0.0346868
0.0407826
0.0581232
0.0479961
0.0329095
0.0296367
0.0310639
0.0409124
0.0583184
0.0509839
0.0339112
0.039793
0.0545405
0.0384033
0.0367624
0.0545354
0.0520272
0.0431701
0.0484014
0.0417905
0.0452975
0.0456838
0.0417298
0.0500494
0.060263
0.0645079
0.0380386
0.0428751
0.0592703
0.0381641
0.0344927
0.0535541
0.059229
0.0593119
0.0750705
0.0494413
0.0727191
0.0551317
0.0449402
0.045838
0.045843
0.0465199
0.0432197
0.0399417
0.0395481
0.0480958
0.072555
0.0508234
0.0372435
0.0692654
0.0698985
0.0482896
0.0601138
0.051019
0.0483563
0.0400469
0.0441459
0.0495613
0.0361979
0.070371
0.0539244
0.0459564
0.0421987
0.0397197
0.0431294
0.0878381
0.0598435
0.0577358
0.0527666
0.0536455
0.0766345
0.0646597
0.0378834
0.0626407
0.0436547
0.0783822
0.0586601
0.0542186
0.0457301
0.0482228
0.061018
0.0182429
0.0495715
0.0497259
0.0456074
0.0264392
0.0750632
0.0428318
0.030718
0.0574498
0.0441733
0.042935
0.0487713
0.0445338
0.0398942
0.0310502
0.0377221
0.0406049
0.0294229
0.0487188
0.0328501
0.0286282
0.04133
0.0398717
0.0425659
0.0301527
0.0391646
0.03075
0.0401952
0.0316643
0.0463183
0.0260517
0.0379568
0.0391241
0.0306728
0.038042
0.027562
0.0295894
0.0323961
0.0358205
0.028411
0.0271248
0.0373062
0.0217509
0.0299983
0.0318407
0.0229281
0.0250354
0.0239006
0.0266364
0.023502
0.0338904
0.0205187
0.0228769
0.0249595
0.0241443
0.0303775
0.0263708
0.027862
0.0335828
0.0356907
0.0198642
0.033046
0.025719
0.0234444
0.0300049
0.0310588
0.0245127
0.0231242
0.0248626
0.0253259
0.0251608
0.0210557
0.031541
0.0228941
0.0214988
0.0302944
0.0293014
0.0256134
0.0320466
0.0314533
0.0278643
0.030163
0.0235271
0.0174462
0.0294838
0.0189302
0.0322646
0.0290792
0.016116
0.0231578
0.0261544
0.023828
0.0309739
0.0228866
0.0267674
0.0297485
0.0289373
0.0261495
0.0173555
0.0340744
0.024927
0.0283261
0.0284228
0.032913
0.0178935
0.0282656
0.0254123
0.027767
0.024854
0.0155203
0.0241851
0.0300274
0.0248769
0.0272445
0.0232607
0.0194734
0.0220821
0.0223965
0.0330467
0.0296864
0.0293342
0.0309405
0.0248325
0.0322254
0.0279699
0.0246691
0.0384505
0.027287
0.0327403
0.0400493
0.0255475
0.0236952
0.0288562
0.0307803
0.0173679
0.027884
0.0301848
0.0341475
0.0308623
0.0179912
0.0256023
0.0257014
0.0222981
0.0290472
0.0270304
0.0296273
0.0199959
0.0299612
0.0221876
0.0277194
0.0230952
0.0388477
0.0291674
0.0235555
0.0291504
0.0291102
0.0274801
0.0248784
0.0343877
0.032188
0.0301918
0.0348021
0.0299202
0.0333555
0.0339167
0.0288003
0.0314512
0.0367821
0.0307633
0.0408191
0.0342486
0.037819
0.0276808
0.0395652
0.0299538
0.0418788
0.0322663
0.0337844
0.0320364
0.036077
0.0461302
0.0302135
0.0310238
0.0324677
0.0403749
0.0521323
0.0579281
0.0204199
0.0276475
0.0486175
0.0366171
0.033574
0.0380531
0.0406206
0.029775
0.0372315
0.0400764
0.0479952
0.0592925
0.0421736
0.0396751
0.0507912
0.0345175
0.0386552
0.024904
0.0421492
0.0290532
0.0253687
0.048494
0.0311799
0.0495016
0.0344836
0.0306515
0.0398961
0.0268629
0.0412369
0.0318011
0.0391863
0.0442002
0.0292162
0.029079
0.0238965
0.0376718
0.0339715
0.018056
0.0381811
0.0336115
0.0437882
0.040203
0.0151406
0.0270123
0.0348174
0.026199
0.0336678
0.0235374
0.0347823
0.0336753
0.0371044
0.0261022
0.0222168
0.0305214
0.0312497
0.0291927
0.0409679
0.02561
0.0261907
0.0448905
0.0334805
0.0329243
0.0322878
0.0195268
0.0290561
0.0372724
0.0242403
0.0232935
0.0242664
0.0212935
0.0268415
0.0275547
0.0319373
0.024249
0.0239177
0.0272373
0.0120478
0.0255288
0.0274927
0.0289991
0.0225427
0.0289851
0.0294661
0.0246855
0.023179
0.0258162
0.0263826
0.018347
0.0262791
0.0324743
0.0233559
0.0192302
0.0247313
0.0370521
0.0281472
0.0226336
0.0184889
0.0264905
0.0336219
0.0322843
0.0281906
0.0279204
0.0226504
0.024655
0.0320136
0.021943
0.0281762
0.0280496
0.0173804
0.0195705
0.0237283
0.024669
0.0250642
0.0290172
0.0219044
0.0277136
0.0293433
0.0299749
0.0292073
0.0222964
0.0280498
0.0368391
0.0302916
0.0336257
0.0201045
0.0291325
0.0231203
0.029233
0.0326831
0.0278677
0.0237704
0.0321109
0.030352
0.0259367
0.0255282
0.0275244
0.0268475
0.0189795
0.0253616
0.0258185
0.0168897
0.0170604
0.0161007
0.0244783
0.0296985
0.0283662
0.0262509
0.0273542
0.020011
0.0164185
0.0228962
0.0279821
0.0238333
0.0343574
0.02897
0.028011
0.0300764
0.0287665
0.0206138
0.0316118
0.0376734
0.0259
0.0337458
0.0185142
0.027649
0.0378239
0.0363618
0.0312514
0.0280695
0.0307653
0.0301448
0.0236379
0.0325442
0.028726
0.037544
0.0312126
0.0283073
0.0313721
0.038078
0.0229648
0.026372
0.0339604
0.0335833
0.0371736
0.0275388
0.0419088
0.0459073
0.0367117
0.0526433
0.0869064
0.139222
0.322211
0.492664
0.574105
0.603468
0.572326
0.465135
0.267354
0.112406
0.0712136
0.0495687
0.0323705
0.0366935
0.0290243
0.0291663
0.0269056
0.0255059
0.0318644
0.0303931
0.0308599
0.0275936
0.032637
0.028396
0.0255802
0.02157
0.0267758
0.027866
0.0269906
0.0297331
0.0260337
0.028227
0.0247477
0.032724
0.028046
0.0383216
0.0480941
0.0422267
0.0298354
0.0466376
0.0385253
0.0364866
0.0411155
0.0353257
0.0307279
0.0408817
0.0298153
0.0391864
0.0358757
0.033265
0.0383644
0.0256745
0.0332767
0.034372
0.0342271
0.0330927
0.0258791
0.0322212
0.0395919
0.0298957
0.0304344
0.0290795
0.0250849
0.030104
0.0289846
0.0256634
0.0289898
0.031164
0.0367725
0.0412966
0.030604
0.0337512
0.0365643
0.0270034
0.031457
0.0428226
0.0212179
0.0307872
0.0331327
0.0435079
0.0337362
0.0317491
0.0345079
0.0331337
0.0383689
0.0284618
0.0219638
0.0309564
0.0310256
0.0287996
0.0279068
0.0329304
0.0332229
0.0285468
0.0271626
0.0328715
0.0270139
0.0296583
0.0365643
0.0212719
0.0323891
0.0273906
0.0249378
0.0357708
0.0338386
0.0330367
0.0343506
0.0272816
0.0219406
0.0342388
0.0293982
0.0376467
0.0357478
0.0273867
0.0528372
0.0453179
0.0331929
0.0567401
0.0491709
0.0264105
0.0312201
0.0242862
0.0403103
0.0348568
0.0344942
0.0341296
0.0319368
0.0286711
0.0438213
0.0349661
0.0358246
0.0398754
0.0173231
0.0271191
0.0278207
0.0429873
0.0300357
0.0281837
0.0279318
0.0362489
0.0429623
0.0365869
0.02237
0.0426279
0.0359375
0
0.047799
0.0459275
0.015575
0.0369598
0.0352146
0.0414117
0.0213557
0.0102093
0.0709755
0.0488646
0.0388267
0.0261371
0.0539173
0.0648578
0.0698968
0.0503867
0.0285988
0.0452457
0.0346507
0.0547238
0.0594056
0.0657669
0.0505791
0.0460099
0.0505537
0.0745882
0.0183857
0.0287191
0.0203992
0.0475857
0.0516363
0.0730662
0.0296808
0.0547876
0.0611559
0.0626181
0.0400805
0.0432355
0.0491217
0.0443445
0.0458699
0.065982
0.0357095
0.0471595
0.0493143
0.0637771
0.0551807
0.0352837
0.0295916
0.0337765
0.0661072
0.0477154
0.0587093
0.0464842
0.0328968
0.034642
0.0549194
0.0396375
0.0205782
0.0313827
0.0183918
0.0502832
0.0141303
0.0483197
0.0553036
0.0266558
0.0349303
0.021483
0.0451172
0.0428789
0.0208658
0.0454389
0.0351694
0.033154
0.0492366
0.065086
0.0518457
0.0574784
0.0490069
0.0654984
0.0728482
0.0428733
0.0324183
0.0287664
0.036852
0.052808
0.0349142
0.0410936
0.046137
0.0441262
0.0404924
0.0387417
0.0379252
0.0256701
0.0425336
0.0339556
0.039665
0.043143
0.0450439
0.0408205
0.0550784
0.0397329
0.0437029
0.0582556
0.0591335
0.0559124
0.0526961
0.0620827
0.0697931
0.0675891
0.0784417
0.0698798
0.07018
0.0824616
0.0812604
0.0760182
0.0864875
0.0651638
0.0579027
0.0512915
0.0562434
0.0237127
0.041247
0.0372208
0.0339141
0.0564471
0.0417061
0.0571008
0.0202266
0.0537249
0.0412384
0.04169
0.0248956
0.0319875
0.0285527
0.0315138
0.0391989
0.0323833
0.0321471
0.0460869
0.0197197
0.0322463
0.0293399
0.0315902
0.0313795
0.0382981
0.0244054
0.045493
0.0215989
0.0212783
0.028652
0.0241621
0.0236948
0.0351586
0.032554
0.0253445
0.0309912
0.0181655
0.0194407
0.0276472
0.0244952
0.0186168
0.0322803
0.0261992
0.0261014
0.0213587
0.0280532
0.0359998
0.0275533
0.0311676
0.0221717
0.0338605
0.0442057
0.0418816
0.0260848
0.0413089
0.0425093
0.034681
0.0335458
0.0260518
0.0281791
0.0272756
0.0225152
0.0383829
0.0401415
0.0379481
0.0333529
0.0366028
0.0386158
0.0342778
0.036794
0.0488749
0.035623
0.0434118
0.047406
0.0349173
0.0388954
0.0450143
0.0395613
0.0331495
0.0285429
0.024259
0.0347951
0.0277939
0.0217651
0.0259427
0.0309877
0.0370459
0.0289707
0.0265383
0.0348147
0.0314999
0.0332335
0.0371876
0.0360078
0.0373126
0.0498654
0.0297047
0.0519759
0.042689
0.0366701
0.056483
0.0504068
0.0491141
0.0553246
0.0611284
0.0637446
0.0466284
0.0581513
0.0599957
0.0687934
0.0652626
0.0619291
0.0567501
0.0488733
0.0453438
0.0336802
0.0421629
0.0359734
0.0459985
0.0368004
0.0302543
0.0358737
0.0333353
0.0335086
0.0281049
0.0359805
0.0282282
0.0343993
0.0359327
0.0427537
0.0329868
0.0308651
0.0366674
0.0370327
0.0411272
0.0321299
0.0386217
0.0362493
0.0416477
0.0426908
0.0449792
0.0475026
0.0474529
0.05273
0.0544315
0.0600895
0.0628653
0.0703358
0.0734056
0.0678412
0.0683827
0.060908
0.0646625
0.0569176
0.0680925
0.0526742
0.051218
0.0533807
0.0417117
0.068261
0.0367999
0.0431211
0.0390199
0.0410549
0.0436757
0.0420462
0.0356841
0.0487084
0.0340592
0.0379232
0.0416486
0.0368831
0.0391987
0.0407979
0.0386865
0.04685
0.0370589
0.0405308
0.0416344
0.0403922
0.0470554
0.0478175
0.0455001
0.0450681
0.057202
0.0568308
0.0497748
0.0600532
0.0598457
0.0690695
0.0704275
0.0648433
0.0712272
0.0578453
0.0631162
0.056733
0.0519932
0.0536533
0.0459367
0.0453919
0.0435589
0.0365339
0.0353014
0.0468786
0.0405023
0.0413781
0.0451978
0.0481372
0.0426302
0.0484252
0.041192
0.040462
0.0551843
0.0307154
0.0367822
0.030677
0.0405669
0.0385936
0.0364131
0.0287238
0.0352636
0.0384504
0.0325258
0.0325361
0.0266923
0.0362211
0.0324837
0.0287497
0.0297281
0.0297276
0.0316629
0.0286752
0.024132
0.0269289
0.0192958
0.0295364
0.0232249
0.0374241
0.0335785
0.0303388
0.0288341
0.0339615
0.0301364
0.0273477
0.029672
0.0191011
0.0312694
0.0280393
0.0236132
0.0229365
0.0250956
0.0196835
0.0242332
0.0236123
0.0205559
0.0300282
0.0262916
0.0318275
0.0205843
0.0326645
0.0407579
0.0382684
0.0455278
0.0472857
0.0515198
0.0496831
0.0592364
0.0550144
0.0600872
0.0564202
0.0669424
0.079708
0.0588041
0.0712601
0.0729705
0.0829586
0.084965
0.0647805
0.0774733
0.0839709
0.0674025
0.0613417
0.0915069
0.0621022
0.0638337
0.0396292
0.0702917
0.0711253
0.0608026
0.0678408
0.0684253
0.0646404
0.0722745
0.0442721
0.0665043
0.0431263
0.0580045
0.0515629
0.0456635
0.0641474
0.0663449
0.0589845
0.040366
0.0627653
0.0690355
0.0654081
0.065342
0.0667613
0.0735838
0.0828837
0.0855983
0.0911643
0.0813858
0.0923725
0.0962515
0.0919412
0.0928079
0.0918971
0.0742173
0.0870972
0.0752252
0.0885876
0.0936964
0.0692181
0.0694496
0.0721216
0.0671147
0.0475552
0.0783113
0.081657
0.0622263
0.0483982
0.0627119
0.0998501
0.0784381
0.0760925
0.0609136
0.0724553
0.0553667
0.0424779
0.0946507
0.10877
0.0889373
0.10073
0.0620944
0.104376
0.0979298
0.118558
0.0642164
0.083821
0.0880639
0.115613
0.0845318
0.107848
0.0802667
0.103046
0.0911371
0.101136
0.0924095
0.102928
0.0929371
0.107665
0.090544
0.113246
0.110907
0.0766618
0.106421
0.0956606
0.0888305
0.0872172
0.0787854
0.0965375
0.0679729
0.0729859
0.0834952
0.0881685
0.0553546
0.0832612
0.0608396
0.0158845
0.0669876
0.0680287
0.0603115
0.0306499
0.0417428
0.047232
0.0649335
0.0617508
0.0725724
0.0392508
0.090852
0.0534902
0.0673923
0.109821
0.0660908
0.109178
0.0839728
0.0730394
0.109822
0.0950761
0.0859995
0.0858142
0.0730671
0.127701
0.117289
0.129972
0.0848106
0.0840213
0.0765295
0.122727
0.102663
0.109521
0.0901975
0.100068
0.129156
0.105109
0.121855
0.121425
0.123549
0.108001
0.0993523
0.120606
0.0828105
0.0961751
0.108361
0.0955214
0.0902006
0.0946929
0.0982426
0.121728
0.119656
0.0868239
0.151245
0.0677422
0.0488666
0.0457252
0.0672148
0.0979093
0.0835513
0.0812101
0.106277
0.0882195
0.137087
0.112015
0.0786354
0.101044
0.114349
0.0948545
0.0900632
0.10167
0.139655
0.0692783
0.0844337
0.0798878
0.128263
0.115085
0.0651288
0.0737455
0.0802662
0.0630387
0.0858679
0.1019
0.141069
0.0952504
0.0386174
0.0765292
0.0612627
0.137198
0.0603103
0.0994398
0.0523135
0.072018
0.0549583
0.103761
0.0569293
0.117475
0.0505447
0.0762063
0.0886415
0.127804
0.0864881
0.0952528
0.10086
0.0938731
0.100577
0.0966556
0.0715221
0.0900571
0.0974247
0.10139
0.102877
0.0905235
0.0978031
0.106554
0.0797881
0.0943794
0.0838672
0.068163
0.101292
0.0664731
0.109155
0.121002
0.0453412
0.0716014
0.0407592
0.0724395
0.0763824
0.0758137
0.100741
0.0411941
0.0790322
0.109261
0.103698
0.0526741
0.0665543
0.0710276
0.076738
0.0679
0.0812268
0.0322195
0.0843591
0.0300779
0.095644
0.131426
0.0360707
0.112277
0.136386
0.0586359
0.0694831
0.0680405
0.0960768
0.0960561
0.0883425
0.127939
0.128503
0.0862335
0.103384
0.125158
0.120699
0.0936433
0.0660678
0.0864134
0.101889
0.0944035
0.0754995
0.115226
0.114706
0.121807
0.0828113
0.100766
0.142818
0.123875
0.126117
0.0657375
0.0858922
0.088495
0.124526
0.0806905
0.0885039
0.110484
0.0913809
0.046111
0.083897
0.075766
0.06776
0.0667153
0.0657957
0.0804518
