0.096232
0.101042
0.0950811
0.0804234
0.0899284
0.101555
0.0901025
0.0899641
0.095053
0.0994063
0.101712
0.106042
0.101446
0.103009
0.10658
0.110606
0.106335
0.107582
0.102984
0.107147
0.102968
0.105837
0.0979657
0.0952758
0.100555
0.0981674
0.106191
0.108647
0.111801
0.10923
0.114769
0.115213
0.110051
0.116772
0.114411
0.115336
0.116307
0.111314
0.108561
0.110538
0.109945
0.101882
0.102908
0.107996
0.0991871
0.109149
0.111753
0.113785
0.114534
0.113282
0.114955
0.118836
0.125585
0.127583
0.126819
0.126292
0.118938
0.118887
0.116646
0.110958
0.104668
0.0939595
0.0864638
0.0843446
0.076687
0.0807713
0.077036
0.0845718
0.0864141
0.0865776
0.0857398
0.0901683
0.0897532
0.101944
0.0922523
0.0904165
0.0988369
0.0923404
0.0867627
0.0812555
0.0878698
0.08622
0.0831912
0.088278
0.0880555
0.0865933
0.094488
0.0936304
0.0966444
0.0977368
0.101407
0.102579
0.102313
0.0994146
0.101527
0.1035
0.0973025
0.0976545
0.0951153
0.102481
0.100149
0.100448
0.103831
0.107188
0.106471
0.106974
0.103086
0.104468
0.108295
0.110071
0.111166
0.108466
0.109376
0.107104
0.10716
0.104279
0.103763
0.0998703
0.0936136
0.0870764
0.0860957
0.0931598
0.0937064
0.0971799
0.101641
0.10842
0.101729
0.10841
0.107165
0.110745
0.104985
0.112546
0.113288
0.119397
0.122403
0.120281
0.11515
0.11018
0.111632
0.10594
0.101578
0.097957
0.0864365
0.0856033
0.0740787
0.0886851
0.0958611
0.0918941
0.0966264
0.100123
0.0965565
0.105431
0.100822
0.108504
0.109688
0.106087
0.109987
0.113716
0.1144
0.11444
0.113254
0.112905
0.112209
0.109763
0.104323
0.105599
0.0881295
0.0983697
0.0918621
0.0971715
0.0948148
0.100594
0.105008
0.103707
0.096727
0.0986743
0.0991017
0.0989073
0.0983621
0.0966862
0.0831748
0.0793581
0.0786487
0.0782986
0.0709482
0.0803791
0.0819706
0.0937707
0.0903309
0.0930353
0.0937886
0.0894294
0.0976577
0.0960765
0.102057
0.0958046
0.0966842
0.0956684
0.0907833
0.0826382
0.0781924
0.076768
0.0685897
0.0716937
0.0663294
0.0740705
0.0707026
0.0849352
0.0721904
0.0803722
0.0854925
0.0938143
0.102457
0.0948253
0.0973785
0.102962
0.101775
0.10395
0.107821
0.105916
0.0995209
0.100724
0.102214
0.0889731
0.0814673
0.0842621
0.0833391
0.0719902
0.0729905
0.071814
0.0693815
0.0816747
0.0804751
0.0750076
0.0912165
0.0890922
0.0862757
0.0833769
0.0905828
0.0940436
0.0943341
0.10305
0.101648
0.100323
0.106497
0.103666
0.109492
0.106695
0.106098
0.107896
0.106386
0.103882
0.104415
0.101057
0.0940962
0.0840081
0.0942747
0.0762447
0.0754215
0.0660695
0.0607738
0.0581648
0.0713149
0.0740209
0.0735222
0.0697556
0.0721393
0.0838025
0.0750514
0.0877964
0.093781
0.0814455
0.0939933
0.10463
0.105165
0.10918
0.115203
0.109597
0.113351
0.11052
0.109463
0.107998
0.0996642
0.0968748
0.095522
0.0922541
0.0832146
0.0834686
0.0735532
0.0750979
0.0655803
0.0708689
0.0789472
0.0668487
0.0732081
0.0700603
0.0603451
0.0804369
0.0712519
0.0794183
0.0710762
0.083303
0.0827126
0.0835355
0.0889471
0.0984183
0.0876274
0.0975612
0.0921317
0.0916387
0.100519
0.0852374
0.0833625
0.072685
0.0598471
0.0603107
0.048998
0.0494014
0.0353304
0.0578083
0.0613439
0.0542133
0.0516357
0.0651939
0.074815
0.0707086
0.0626613
0.0806258
0.0772111
0.0773563
0.0774891
0.0862949
0.0855151
0.0847387
0.0898712
0.100278
0.0921203
0.0821968
0.0904512
0.0948744
0.10037
0.0911419
0.0853794
0.0803226
0.0758983
0.0629846
0.056546
0.0564323
0.0457287
0.0592061
0.05321
0.05374
0.0625321
0.0600177
0.0527338
0.0568419
0.0621611
0.0600203
0.0539927
0.0658585
0.0601554
0.0672441
0.068205
0.0797895
0.0801971
0.0752134
0.0732484
0.0844195
0.0872666
0.0852428
0.0855878
0.0932085
0.100113
0.101993
0.107053
0.0936147
0.0908876
0.085856
0.0834567
0.0645886
0.0779059
0.0532538
0.0615487
0.0677132
0.0575572
0.0610052
0.0686138
0.0719793
0.0688162
0.0693055
0.0683789
0.0565339
0.0740599
0.0594725
0.0710163
0.0793878
0.0700184
0.0775346
0.0779452
0.085201
0.0798976
0.0901199
0.0975314
0.0876358
0.0888151
0.093812
0.0983169
0.0936429
0.0923268
0.102136
0.0952722
0.096079
0.0767407
0.0862857
0.096382
0.082825
0.0760263
0.0867643
0.0846141
0.0654135
0.0784326
0.0681844
0.0790034
0.0687152
0.0782845
0.0659653
0.0770622
0.0730878
0.0793361
0.0738483
0.0854929
0.0920156
0.0898809
0.0980358
0.097089
0.0911589
0.0890581
0.0869879
0.0882938
0.101799
0.0929224
0.0894646
0.0700111
0.0626939
0.0444168
0.0551186
0.0352016
0.0560231
0.0482708
0.0549817
0.0573962
0.0648548
0.0519184
0.0532691
0.0668862
0.0596847
0.0576096
0.05754
0.0682372
0.04722
0.0696815
0.0498746
0.0765827
0.0534568
0.0678966
0.0735734
0.0856544
0.0779464
0.0768772
0.0657286
0.0772448
0.0784219
0.0892008
0.0847617
0.0831233
0.0825758
0.0897933
0.0879338
0.0667568
0.0743339
0.0717201
0.0603487
0.0474157
0.0459637
0.045645
0.0538925
0.0379487
0.0444402
0.0479463
0.0610293
0.0885368
0.108917
0.179533
0.247218
0.300365
0.331644
0.363718
0.39785
0.343187
0.283437
0.176273
0.103009
0.0654319
0.0710256
0.0744642
0.070042
0.0632783
0.0813262
0.0694171
0.061005
0.0704448
0.0519206
0.076212
0.0740409
0.0801561
0.0848809
0.0800918
0.0723872
0.0797184
0.076225
0.0797289
0.0756086
0.0678993
0.0651369
0.0586334
0.052395
0.0730417
0.071896
0.0612192
0.0542492
0.0856989
0.064867
0.066637
0.0488826
0.0766691
0.0713675
0.070395
0.0766603
0.0763453
0.0864592
0.074623
0.0830592
0.0891457
0.0869495
0.0867514
0.0711044
0.0797988
0.0667133
0.0735678
0.0554692
0.0561795
0.0564838
0.0640568
0.0733475
0.0602453
0.0545522
0.0696574
0.0736105
0.0469587
0.0412655
0.0430017
0.0711016
0.058081
0.0745041
0.0819584
0.0718678
0.0588913
0.0746331
0.0589917
0.0733288
0.0566603
0.0529106
0.05756
0.0595745
0.0696368
0.0819379
0.0739886
0.0713473
0.0795926
0.0496813
0.0760654
0.0837862
0.0682903
0.0710284
0.0604448
0.0851373
0.0632762
0.0548489
0.0587531
0.0840982
0.0585568
0.0564501
0.0590464
0.0540414
0.0507008
0.0499879
0.0471906
0.0327744
0.0468225
0.0390735
0.0382593
0.0404261
0.0681523
0.0352724
0.0553232
0.0770238
0.0570301
0.0540182
0.038536
0.0389419
0.0335061
0.061718
0.048168
0.0559833
0.0490788
0.0639294
0.0462492
0.0621765
0.049896
0.0414368
0.0415143
0.0713444
0.0567441
0.0633557
0.0442527
0.0547695
0.0578196
0.0616187
0.0633056
0.0553382
0.0434314
0.0599267
0.0712629
0.0490229
0.0384903
0.0673159
0.0334425
0.0479008
0.0596812
0.0574569
0.0635604
0.0474743
0.0545317
0.0432727
0.052867
0.054236
0.070126
0.0478377
0.0478342
0.0370015
0.0868163
0.0624777
0.0849797
0.0328017
0.0576911
0.0561954
0.0467708
0.0546064
0.0589156
0.0670065
0.0479483
0.0481779
0.065791
0.0548393
0.0457651
0.0484149
0.0730289
0.0637194
0.0668473
0.0788321
0.0248526
0.0307084
0.0495668
0.062748
0.056812
0.0535058
0.0730624
0.0725365
0.0593813
0.0598693
0.0598239
0.0480841
0.0828078
0.0566249
0.0587627
0.050492
0.0593764
0.0398869
0.0706809
0.0632158
0.0558183
0.0585181
0.0417752
0.0666028
0.0650981
0.0531935
0.065821
0.0605577
0.0521278
0.0427181
0.042817
0.040479
0.0327991
0.0555324
0.0405296
0.0303917
0.0380767
0.0181662
0.0246874
0.0297638
0.0329109
0.0398766
0.0293288
0.034793
0.0308967
0.025009
0.0307639
0.0287147
0.0294813
0.0247861
0.028558
0.0275132
0.0416619
0.0303809
0.0213094
0.0208176
0.0279214
0.0411413
0.0240997
0.0288174
0.0304932
0.0566035
0.0430827
0.0329119
0.0312701
0.0345966
0.037078
0.0345136
0.0369501
0.0309778
0.0366274
0.0318087
0.0421986
0.0471995
0.0414563
0.0315711
0.0366443
0.0419572
0.0557165
0.0396316
0.0342247
0.0386904
0.0480494
0.0222827
0.0350853
0.0359371
0.0337478
0.0321961
0.038917
0.0449936
0.0240321
0.0287582
0.0272428
0.0428105
0.0389685
0.0311624
0.0332013
0.0356853
0.037373
0.0389651
0.0341837
0.0491142
0.0350353
0.0359541
0.0301405
0.0362994
0.036592
0.0383868
0.0272496
0.043325
0.0546793
0.0458169
0.0471885
0.0339134
0.0302848
0.0211974
0.0400033
0.0250941
0.0330811
0.047231
0.0597497
0.0332207
0.0567545
0.0532862
0.0364477
0.0380925
0.0476355
0.0454986
0.0353924
0.0468942
0.0351865
0.0372264
0.0516056
0.0729619
0.0560941
0.0511917
0.0620138
0.0432596
0.0390216
0.0553446
0.0406459
0.0324325
0.0426519
0.0477726
0.0441738
0.064322
0.0540929
0.0439537
0.0364181
0.0246521
0.0344418
0.0562664
0.0560765
0.0744194
0.0483156
0.0450474
0.039132
0.0414566
0.0380876
0.0483187
0.0524994
0.0700184
0.0337612
0.0365289
0.0609938
0.0424099
0.0219283
0.0107499
0.0247974
0.0388743
0.052812
0.0313079
0.0712148
0.0323751
0.0445931
0.0383881
0.0245844
0.024436
0.0192312
0.0419515
0.050123
0.0545014
0.0387181
0.0445281
0.0316851
0.0377753
0.025882
0.0213671
0.0281991
0.0384139
0.0348914
0.0281431
0.0280029
0.0359316
0.0418103
0.0327546
0.0407315
0.0344619
0.0364378
0.0299117
0.0308553
0.0320611
0.0315788
0.0329998
0.0275479
0.032978
0.0250773
0.0313655
0.0313951
0.0191136
0.0265142
0.0210016
0.0182337
0.0242237
0.0198021
0.0213287
0.0240817
0.0314757
0.0217198
0.0212335
0.0271317
0.0241002
0.0233683
0.0298837
0.026777
0.0284756
0.0327397
0.0211818
0.0289151
0.028603
0.0304528
0.0234242
0.0215302
0.0207397
0.0184539
0.0264464
0.0257677
0.0231529
0.0170377
0.0262599
0.0233902
0.0274592
0.0220828
0.0228142
0.0186621
0.0279942
0.0278392
0.0272425
0.0315347
0.0365157
0.0149893
0.0272682
0.0226541
0.0283318
0.0189792
0.0223771
0.0200535
0.0220645
0.0241185
0.0256799
0.020425
0.0242661
0.0244762
0.024652
0.0274041
0.0210653
0.0263662
0.0218235
0.0277003
0.0249934
0.0238989
0.013774
0.0205448
0.0203878
0.0210919
0.0256806
0.0171972
0.0199887
0.0327035
0.0226586
0.0277009
0.019356
0.0124866
0.0222964
0.019178
0.025766
0.0237375
0.0194371
0.0275722
0.0277173
0.0276863
0.024385
0.0281994
0.0344528
0.0292341
0.0289938
0.0243908
0.0286128
0.0338436
0.0322738
0.024172
0.0228369
0.0251534
0.0261856
0.0229202
0.033281
0.0258002
0.0274496
0.0233552
0.0224959
0.0205127
0.0267311
0.033166
0.0140935
0.0301702
0.0263262
0.031262
0.0280803
0.0273697
0.0381031
0.0133536
0.0226702
0.0270174
0.0215811
0.0251486
0.0143755
0.0216787
0.0254854
0.0371623
0.0166384
0.0289687
0.0267541
0.0250761
0.0334367
0.0267508
0.0241585
0.0408329
0.0349782
0.0331515
0.0304772
0.0298937
0.0383107
0.027456
0.0274195
0.0207628
0.0388771
0.0210257
0.0370212
0.034912
0.0364143
0.0352713
0.0401119
0.0334164
0.0449568
0.0300887
0.023012
0.0421185
0.0398635
0.0348941
0.0260883
0.0269865
0.0367128
0.0360087
0.0313909
0.0450409
0.0493455
0.0410637
0.0422044
0.0315428
0.031356
0.0292539
0.0293688
0.0447503
0.0394077
0.0270888
0.0387903
0.0347288
0.0372942
0.0339166
0.0335254
0.038774
0.0365849
0.0364758
0.0259903
0.0302574
0.0303314
0.0228734
0.0374279
0.0250608
0.0346631
0.0329695
0.0255539
0.0365606
0.0276086
0.030824
0.042
0.0264849
0.0212031
0.0351253
0.0289129
0.0227239
0.0326869
0.0273947
0.0158365
0.0389393
0.0259276
0.02441
0.0225034
0.0305878
0.0306485
0.0250256
0.0198898
0.0224313
0.0380559
0.0337671
0.0271308
0.025805
0.013822
0.0279108
0.0412036
0.0233515
0.0233962
0.024349
0.0291199
0.0301727
0.0323357
0.0404629
0.0163506
0.00899171
0.0209237
0.0153881
0.028274
0.0196948
0.0258148
0.0265956
0.0255312
0.0252295
0.0186204
0.020723
0.0172464
0.02778
0.0228721
0.0293694
0.029477
0.021345
0.023805
0.0125623
0.0239271
0.0244848
0.014585
0.0287043
0.0218984
0.0331013
0.032622
0.0167918
0.0208442
0.0205422
0.0244568
0.0328609
0.0198886
0.0177868
0.0248133
0.0233894
0.027701
0.0345867
0.0225323
0.0243158
0.0294626
0.0178603
0.0186814
0.023026
0.024577
0.0301105
0.0275484
0.0293507
0.0345182
0.0194555
0.0298687
0.0178401
0.0379783
0.028727
0.0222225
0.0268153
0.0235864
0.0300593
0.0296817
0.0224376
0.0120607
0.0146323
0.0251508
0.0242962
0.0222554
0.0221904
0.0189072
0.0150347
0.0193723
0.0150594
0.0240423
0.0223207
0.0301384
0.0258438
0.0227491
0.0187547
0.0142458
0.0234215
0.0246464
0.0232539
0.0326332
0.0214403
0.0336034
0.0262635
0.0309121
0.015534
0.0189304
0.0293283
0.0236708
0.0281207
0.0160478
0.0175053
0.0411293
0.0349868
0.0262001
0.0304826
0.0304767
0.0260525
0.0265947
0.0312387
0.0275304
0.0357263
0.0319543
0.0262783
0.0311387
0.0296949
0.0274278
0.0238714
0.0288685
0.0323412
0.0311439
0.033732
0.0289755
0.0460504
0.0410044
0.0509452
0.0866356
0.140066
0.314218
0.486256
0.571246
0.59698
0.566857
0.467004
0.263645
0.111934
0.0673221
0.047571
0.0388233
0.0325439
0.0270051
0.0269882
0.0297349
0.0260017
0.0224843
0.0329671
0.0270308
0.0289512
0.0327081
0.0275701
0.0235328
0.0238598
0.0271009
0.0236381
0.0224264
0.0311728
0.0241303
0.0230029
0.025738
0.0300102
0.0234357
0.0358351
0.0351005
0.0336189
0.0314562
0.0408636
0.0360557
0.0303037
0.0493177
0.0327198
0.0347732
0.0328237
0.0319364
0.0327359
0.0374847
0.0276931
0.0336078
0.0266773
0.0340272
0.0329043
0.0304101
0.0359212
0.0323921
0.0336065
0.0341381
0.0291199
0.0326082
0.0338159
0.028839
0.0278244
0.0302925
0.0303646
0.0312457
0.0247905
0.0352533
0.0309052
0.0278527
0.0316203
0.0256209
0.0283829
0.02583
0.0429483
0.0272948
0.0398472
0.0328508
0.022317
0.0279267
0.029135
0.0326029
0.0347795
0.027216
0.031777
0.0215257
0.0230181
0.0359131
0.0213056
0.0314812
0.0322776
0.0266863
0.0284821
0.02961
0.0305523
0.0244148
0.0318304
0.0315177
0.0158636
0.0312659
0.0246142
0.0290575
0.0304808
0.0358224
0.0203624
0.0222582
0.0225846
0.0276899
0.0347131
0.0308004
0.0296528
0.0327192
0.0372565
0.0515199
0.0238982
0.0358887
0.0402518
0.0595345
0.0336998
0.029648
0.0236996
0.032309
0.0412543
0.0284812
0.0282416
0.0336853
0.0273944
0.0197086
0.0418793
0.0298836
0.0470486
0.0308271
0.0284089
0.0365582
0.0474415
0.0360025
0.0296743
0.0303012
0.0363469
0.0382745
0.0260447
0.0237797
0.0206643
0.037984
0.00214208
0.0339561
0.0366284
0.0367844
0.0226719
0.0165247
0.0248326
0.0255825
0.0200243
0.0404597
0.0582427
0.04108
0.03674
0.0523267
0.0506301
0.045117
0.0261889
0.0562312
0.0374347
0.0188518
0.0260175
0.0479334
0.032516
0.0261966
0.0601797
0.0543753
0.0408601
0.0266842
0.0518421
0.0394028
0.0416632
0.0645319
0.0562504
0.0416134
0.0478881
0.0627948
0.0467411
0.0410198
0.0266715
0.0198685
0.031633
0.0461313
0.0456203
0.0444993
0.0131062
0.0213027
0.0316378
0.0427163
0.0291061
0.0205206
0.0195174
0.0527233
0.0304944
0.0291537
0.0335438
0.0181456
0.0401758
0.0490571
0
0.036567
0.0325564
0.0214482
0.0202323
0.0301519
0.0504752
0.0567169
0.0311158
0.0378608
0.0252757
0.0306884
0.0284943
0.0305861
0.0339983
0.0252317
0.0299106
0.0605588
0.05003
0.0700701
0.0682124
0.0560908
0.078599
0.0613636
0.0305329
0.0365544
0.0354929
0.0154178
0.0398281
0.0270562
0.0379952
0.0320413
0.0408386
0.0184152
0.0369093
0.0400497
0.0383603
0.0432275
0.0234884
0.0380083
0.0442617
0.0476888
0.0356022
0.0360824
0.0329897
0.0410307
0.048494
0.0494195
0.0564871
0.0636388
0.0578461
0.0600365
0.0554826
0.0693945
0.0623372
0.0593387
0.0772339
0.0829761
0.0765159
0.0797863
0.0680447
0.0468337
0.0535158
0.0465163
0.0161911
0.0291912
0.0397598
0.0418368
0.0309338
0.0355812
0.0115287
0.0289808
0.0365544
0.0346939
0.0239724
0.0252545
0.0219248
0.0177281
0.0267475
0.0311006
0.0301331
0.0342283
0.0435074
0.0331284
0.03484
0.0235352
0.0384693
0.0215373
0.0344163
0.0233329
0.0321034
0.0241232
0.0287611
0.0304909
0.0212438
0.0201948
0.0252943
0.0207984
0.0218089
0.0356068
0.0212734
0.0204197
0.0229122
0.0278488
0.0157982
0.0293556
0.0305748
0.0199854
0.020566
0.0194084
0.0381966
0.0367344
0.0342786
0.0170902
0.0468528
0.0411377
0.0372337
0.0310009
0.0403228
0.034218
0.0316874
0.0276345
0.0238389
0.0347343
0.0307832
0.0248332
0.0376875
0.0315246
0.0275614
0.0383265
0.0379622
0.0303002
0.033277
0.0286929
0.0390715
0.034707
0.0379892
0.0406402
0.036453
0.0409997
0.0396777
0.0353561
0.0255377
0.0246563
0.0249038
0.0372851
0.0256085
0.0256427
0.0257373
0.0278879
0.0306339
0.0272909
0.0216515
0.0261783
0.038441
0.0374042
0.0305529
0.031321
0.0432527
0.0437926
0.024331
0.0506468
0.0443827
0.0430767
0.044503
0.0490408
0.0556075
0.0441543
0.0556937
0.0574146
0.0618582
0.0531843
0.0656535
0.0706432
0.0670399
0.0514305
0.0550402
0.0548675
0.042516
0.031651
0.0414484
0.0329232
0.0370582
0.0288742
0.0382768
0.0384132
0.0264506
0.0278126
0.0333288
0.0372662
0.0200822
0.0289515
0.0326517
0.0355351
0.0362274
0.0337647
0.0369779
0.0319212
0.0371084
0.0319815
0.033239
0.0370186
0.0396975
0.0419644
0.0425961
0.0444296
0.0546346
0.0454776
0.0526773
0.0571997
0.0611858
0.0707929
0.0693531
0.0659085
0.068051
0.0622169
0.0632553
0.0577269
0.0442075
0.0480951
0.0443223
0.049614
0.0366674
0.0665727
0.0301203
0.0420972
0.0356689
0.0385412
0.0346207
0.0327846
0.0412949
0.0438367
0.0437663
0.0312849
0.0377988
0.0379717
0.0419155
0.0396153
0.0364538
0.0456527
0.0420604
0.0414648
0.0410693
0.041256
0.052989
0.0448661
0.0441104
0.0463773
0.0508614
0.0567803
0.0555842
0.0555489
0.0598908
0.0602377
0.0655194
0.0592536
0.0654874
0.0637879
0.0671146
0.0571869
0.0556179
0.0470749
0.0389153
0.0374371
0.046047
0.0334687
0.0393751
0.0372409
0.0349702
0.0507502
0.0404491
0.0495062
0.0422255
0.0457544
0.0374675
0.0460019
0.0424441
0.0257386
0.0337183
0.0216653
0.0225124
0.028402
0.0347496
0.03117
0.0437748
0.0273929
0.018788
0.0262363
0.0301612
0.0271873
0.0240272
0.0234719
0.0282326
0.0212784
0.0276019
0.022329
0.0207577
0.0292931
0.0227526
0.026207
0.0241039
0.0425032
0.027762
0.0300469
0.020472
0.0210825
0.0297532
0.0303885
0.0251358
0.0209473
0.0307839
0.023023
0.0170552
0.0186044
0.0158073
0.0230233
0.0166882
0.0268148
0.0145671
0.026158
0.0205217
0.0331706
0.0194565
0.0384475
0.0349334
0.0430067
0.043355
0.0366426
0.0580304
0.0532286
0.0560918
0.0545215
0.0655448
0.063268
0.0570718
0.0826822
0.0679269
0.061341
0.0783301
0.0712798
0.0834357
0.0658839
0.0617065
0.0713073
0.0659968
0.0524617
0.0763987
0.0728281
0.0613939
0.0351481
0.0799471
0.0563857
0.0746134
0.0590568
0.0550587
0.079159
0.0545058
0.057115
0.0662479
0.0387792
0.0495754
0.061001
0.0524987
0.0602984
0.0657789
0.0521016
0.0450499
0.0489049
0.0650418
0.0607108
0.0814057
0.0535311
0.0755969
0.0732695
0.0892604
0.0899517
0.0832403
0.0860298
0.0889765
0.0978207
0.0798885
0.0776436
0.082802
0.0753766
0.0598357
0.074342
0.0701131
0.0695487
0.0485815
0.0704843
0.0739962
0.0402069
0.0634558
0.0477272
0.0440514
0.0494552
0.0791413
0.0604164
0.0586407
0.0518823
0.0810319
0.0711917
0.0681305
0.0324373
0.0988355
0.0851811
0.0877357
0.0812938
0.066812
0.0821273
0.0870089
0.10529
0.0513822
0.0764895
0.0891467
0.109189
0.0812833
0.0931988
0.0715651
0.101338
0.0739977
0.106219
0.0932108
0.0956558
0.0947048
0.0933032
0.0915605
0.104633
0.0987837
0.0777739
0.105952
0.0942194
0.078748
0.0957157
0.077026
0.0775863
0.0757137
0.0609996
0.108713
0.069745
0.0374521
0.0668037
0.0721143
0.0299548
0.0672842
0.0511365
0.0196274
0.0459121
0.0840497
0.0461177
0.046789
0.061524
0.0673035
0.01978
0.0880938
0.0160601
0.050624
0.0977603
0.0743365
0.0757811
0.0943497
0.0408988
0.0844424
0.0400922
0.0793499
0.0570527
0.0434295
0.0892926
0.119188
0.101955
0.0823444
0.0857816
0.0762427
0.105453
0.0848241
0.099081
0.0898215
0.0932442
0.11166
0.0935392
0.105555
0.118233
0.120662
0.096931
0.102645
0.110942
0.0920116
0.10295
0.0979981
0.0858606
0.0676735
0.0553541
0.0939192
0.0869014
0.0878461
0.113592
0.116835
0.0972197
0.0505997
0.0778917
0.052784
0.0914055
0.0799726
0.0526607
0.0825711
0.0774438
0.112792
0.109391
0.0912234
0.0714088
0.0479998
0.0729942
0.0715424
0.0737981
0.0895272
0.0587806
0.095681
0.0886717
0.0838963
0.0947907
0.0345858
0.0744317
0.100171
0.0776185
0.0455945
0.147698
0.0958264
0.072998
0.00977505
0.089127
0.0148334
0.0725682
0.0479785
0.0901466
0.0678579
0.0204829
0.000738446
0.0328295
0.0549859
0.0863301
0.0557375
0.0841056
0.0871982
0.096309
0.0855491
0.07787
0.101461
0.116073
0.100662
0.0760895
0.0813564
0.108338
0.0688231
0.0864455
0.0816219
0.0917057
0.0880557
0.0780725
0.0607813
0.104869
0.0560811
0.0828622
0.08257
0.0554638
0.0591567
0.130871
0.0317235
0.0840313
0.035411
0.0491541
0.0814838
0.0604792
0.0534135
0.0268301
0.0407318
0.0625323
0.0741437
0.07111
0.0457902
0.0581482
0.0435137
0.0941199
0.0802878
0.0333076
0.0772199
0.0393552
0.0527143
0.12517
0.0287064
0.121454
0.0945543
0.0337243
0.0393372
0.0509679
0.067733
0.0732665
0.0617494
0.097672
0.0855311
0.0700889
0.0545288
0.109943
0.110099
0.0924924
0.0478448
0.0838883
0.0867982
0.0836676
0.0535557
0.118397
0.090225
0.0669525
0.0748156
0.11848
0.109089
0.144596
0.104171
0.0714591
0.0627309
0.0598608
0.0762485
0.112196
0.0952775
0.109788
0.0859744
0.0667846
0.027864
0.0796426
0.0575231
0.0585142
0.0812789
0.0758539
