0.115301
0.125317
0.10922
0.113664
0.117555
0.118151
0.121235
0.119864
0.123694
0.129495
0.126848
0.134014
0.134072
0.132357
0.136136
0.141462
0.1385
0.143032
0.128459
0.129782
0.129268
0.13094
0.127494
0.129711
0.131453
0.131592
0.135617
0.135797
0.143105
0.141976
0.146873
0.141973
0.141865
0.144234
0.145758
0.142257
0.14045
0.140957
0.136515
0.133287
0.136055
0.127139
0.136819
0.133144
0.134431
0.139521
0.1426
0.141278
0.14343
0.142476
0.147322
0.14905
0.155158
0.157504
0.157698
0.156245
0.147102
0.144779
0.139704
0.134144
0.125095
0.113953
0.113092
0.109366
0.109612
0.102021
0.113608
0.117401
0.114204
0.112998
0.117185
0.11288
0.118017
0.123587
0.122564
0.12636
0.126585
0.121761
0.118952
0.113933
0.118387
0.112812
0.117125
0.119668
0.116536
0.123609
0.124308
0.125417
0.123655
0.125931
0.129712
0.131169
0.134579
0.130096
0.129188
0.127705
0.126862
0.12965
0.125104
0.131544
0.132274
0.134275
0.134284
0.134699
0.141349
0.135795
0.133365
0.139529
0.139578
0.13847
0.139134
0.140184
0.138641
0.136942
0.135133
0.130574
0.127585
0.11656
0.121153
0.116106
0.117786
0.115444
0.12158
0.129125
0.126959
0.130194
0.134254
0.141818
0.138681
0.140273
0.136579
0.143177
0.142786
0.150307
0.151648
0.149559
0.142595
0.14279
0.138826
0.132662
0.130901
0.116372
0.120613
0.109194
0.11262
0.123223
0.125705
0.124598
0.125222
0.135131
0.126005
0.128295
0.130389
0.137827
0.140973
0.140258
0.138636
0.143443
0.146376
0.145139
0.142798
0.140025
0.139356
0.136026
0.133347
0.127377
0.122071
0.11833
0.120643
0.124711
0.125731
0.132517
0.133092
0.131327
0.12706
0.129263
0.132318
0.12457
0.12027
0.124353
0.117287
0.117563
0.113529
0.105384
0.105112
0.10805
0.109534
0.119291
0.114682
0.121898
0.121885
0.123387
0.131009
0.133123
0.128868
0.129976
0.128349
0.124322
0.119841
0.111836
0.0995284
0.107864
0.0901652
0.102787
0.0975904
0.106957
0.108477
0.104789
0.103673
0.116493
0.114786
0.116529
0.129331
0.126755
0.127602
0.130796
0.134972
0.135412
0.133883
0.137333
0.133032
0.130719
0.127999
0.119539
0.10747
0.108804
0.103632
0.0885337
0.0975353
0.102518
0.103352
0.109534
0.109543
0.10416
0.122118
0.118893
0.119862
0.114521
0.121848
0.122404
0.123685
0.127032
0.131856
0.135097
0.134473
0.13724
0.138097
0.13707
0.136222
0.13017
0.132569
0.134652
0.129065
0.127759
0.120605
0.117715
0.113335
0.104452
0.0891618
0.103717
0.0913794
0.0861664
0.0999546
0.100596
0.107251
0.102932
0.0976972
0.111551
0.106162
0.112136
0.118276
0.108932
0.132858
0.126666
0.127391
0.138062
0.144666
0.139025
0.138256
0.137168
0.13838
0.134061
0.125918
0.123285
0.121945
0.12514
0.118499
0.12127
0.106346
0.101807
0.110385
0.0895479
0.0958806
0.0985364
0.0945749
0.0878798
0.092518
0.0976189
0.10825
0.105392
0.0987149
0.108294
0.114507
0.117721
0.109418
0.127414
0.121489
0.123163
0.121587
0.126152
0.124288
0.113883
0.11293
0.102178
0.0842515
0.0800372
0.0800358
0.0795482
0.0765118
0.0760331
0.0960277
0.082306
0.0788645
0.0993099
0.0991654
0.0849887
0.100558
0.103788
0.100864
0.104925
0.109468
0.10765
0.117567
0.120873
0.114988
0.122735
0.125022
0.113033
0.120626
0.121252
0.12606
0.113907
0.113934
0.10906
0.102898
0.0804654
0.0789308
0.0850909
0.0904503
0.0812806
0.0907975
0.0890573
0.0788419
0.0935198
0.0915983
0.0891622
0.0977992
0.0825114
0.0836059
0.0990089
0.0925625
0.0946046
0.0885726
0.111394
0.109488
0.103744
0.101606
0.117477
0.108821
0.117178
0.11824
0.126294
0.12633
0.131711
0.130371
0.1266
0.117443
0.122768
0.104783
0.0947696
0.101784
0.0882245
0.0816601
0.0822593
0.098459
0.0949327
0.0991133
0.0937949
0.0947913
0.0925781
0.0969541
0.0827608
0.0883566
0.0851469
0.100822
0.102414
0.103393
0.108478
0.0985522
0.113017
0.108556
0.113576
0.123438
0.116055
0.112676
0.12718
0.12114
0.124231
0.123948
0.124652
0.117347
0.115487
0.10822
0.12007
0.117138
0.114948
0.106912
0.107609
0.0935484
0.102353
0.087172
0.0820672
0.0908611
0.0827928
0.0917806
0.0990687
0.0950654
0.111828
0.11788
0.108332
0.112026
0.119773
0.120809
0.127725
0.122739
0.119066
0.120526
0.118047
0.123675
0.124656
0.117758
0.111198
0.0833862
0.0761722
0.0866862
0.0897357
0.0675792
0.0761389
0.0710414
0.0906421
0.0759358
0.0890223
0.0775249
0.0656514
0.0945472
0.0860112
0.0870515
0.082728
0.0808133
0.0988091
0.0877749
0.0855852
0.110311
0.0848622
0.106638
0.0996344
0.108615
0.115904
0.115596
0.100795
0.102332
0.108603
0.119608
0.117845
0.111312
0.121016
0.123796
0.109013
0.0954067
0.101543
0.0974646
0.0867819
0.0780458
0.0824571
0.0770216
0.0753761
0.0760493
0.0741265
0.0916482
0.102085
0.113592
0.146604
0.217783
0.272141
0.351386
0.375875
0.393812
0.422517
0.380145
0.307124
0.203178
0.133061
0.117688
0.09915
0.096672
0.0967008
0.0964192
0.103443
0.0916375
0.0884079
0.083381
0.0956127
0.095268
0.0835611
0.111616
0.122267
0.107576
0.100529
0.104761
0.106654
0.104821
0.109228
0.101801
0.0942741
0.0802009
0.0793614
0.102833
0.0860011
0.0912067
0.085758
0.0947027
0.0875975
0.0993518
0.0858279
0.0967547
0.0977733
0.0970495
0.111852
0.102768
0.117256
0.111653
0.116241
0.109626
0.109059
0.0983528
0.108538
0.103216
0.0999995
0.0916076
0.0763404
0.0894488
0.0927089
0.0743364
0.0854809
0.0748536
0.0906155
0.0888625
0.0956803
0.0831187
0.0768878
0.0803763
0.09205
0.0949686
0.0926692
0.0860433
0.10403
0.0766329
0.101394
0.0953281
0.0835657
0.0821473
0.0853963
0.0972864
0.0863567
0.0943941
0.112402
0.104097
0.101774
0.0940019
0.0977595
0.10376
0.0993809
0.0947408
0.0995756
0.0898452
0.104301
0.0752293
0.0763571
0.099996
0.0944706
0.0815525
0.0805511
0.0961467
0.0790024
0.0778049
0.0968391
0.0851363
0.0664515
0.0917997
0.0707261
0.0611047
0.0684579
0.0917966
0.0568084
0.0699992
0.0955552
0.0943954
0.0751595
0.0721842
0.0645793
0.0843504
0.0771195
0.0555616
0.0701961
0.0746478
0.0901365
0.0714747
0.0947826
0.0723387
0.0636073
0.0781199
0.0885464
0.0684706
0.0913459
0.0749954
0.0796066
0.0677679
0.0859851
0.0866373
0.0785432
0.0815636
0.0876979
0.0942494
0.0845532
0.0732172
0.0822144
0.0659265
0.064917
0.0698571
0.0668053
0.100079
0.0818292
0.0848357
0.073513
0.0978195
0.076006
0.0835159
0.066246
0.0664579
0.0798203
0.0934404
0.0707886
0.0951739
0.0629408
0.0940876
0.103348
0.0630679
0.0640736
0.0927049
0.0986375
0.0669893
0.0632782
0.0800078
0.102466
0.0873088
0.0673545
0.0913039
0.0881118
0.093929
0.0786051
0.0465091
0.0612405
0.0891587
0.0776199
0.0913442
0.0566249
0.0899164
0.0816658
0.0768509
0.0696022
0.0809599
0.0985335
0.107023
0.0774024
0.0949954
0.0675763
0.0634219
0.0587318
0.0744435
0.0969394
0.0774526
0.0896816
0.0754221
0.0963515
0.081807
0.0823866
0.0876094
0.0882757
0.0870476
0.0732091
0.0661107
0.0663786
0.0779242
0.0686987
0.0600374
0.057089
0.0672123
0.0440846
0.0619143
0.0632606
0.0668731
0.0706838
0.0558073
0.0568054
0.0579423
0.0515292
0.0556493
0.0688145
0.04631
0.060869
0.049956
0.0367371
0.0569939
0.0501235
0.0604985
0.0587775
0.0635471
0.0605563
0.0451031
0.0507879
0.0666071
0.0681673
0.0561664
0.0624943
0.064912
0.0655531
0.064323
0.0596865
0.0649928
0.0639529
0.0799366
0.0716292
0.056151
0.0701112
0.0590075
0.0782456
0.067546
0.0741553
0.0771331
0.0557268
0.0763212
0.0705808
0.0497895
0.0559756
0.0602614
0.0480956
0.0735049
0.0640662
0.0643881
0.076991
0.0537285
0.0512325
0.0507334
0.0731708
0.0688387
0.0714546
0.0594722
0.0553419
0.0738144
0.0684611
0.0609017
0.053989
0.0776961
0.0575237
0.0726734
0.0646742
0.0537206
0.0514198
0.0511093
0.0526941
0.0770674
0.07114
0.0549969
0.0752126
0.0600366
0.0589635
0.0687207
0.0761565
0.0872028
0.0780512
0.0762014
0.0692948
0.0884843
0.0798632
0.0680857
0.0585214
0.0552723
0.0614903
0.0578672
0.0677678
0.0633954
0.076954
0.0828598
0.0575323
0.0765409
0.080565
0.0707143
0.0707873
0.059316
0.0761833
0.0817952
0.0788018
0.0553157
0.0645138
0.0685352
0.0951914
0.050214
0.0462455
0.0487543
0.0506056
0.0460499
0.0807689
0.090479
0.0871853
0.0755352
0.0472382
0.0649218
0.0726161
0.0582662
0.0610578
0.0447551
0.0812541
0.0889759
0.0646282
0.0690265
0.0671547
0.0614639
0.0424931
0.0569965
0.0498394
0.0769127
0.0554551
0.0775909
0.0552421
0.0671924
0.0655368
0.0543831
0.0555697
0.0641014
0.0692397
0.0672146
0.0624769
0.0543712
0.0594645
0.05629
0.0696701
0.0503716
0.0453688
0.0641233
0.0608933
0.0657424
0.0575979
0.0683359
0.0624038
0.0614777
0.0563495
0.0640247
0.0568938
0.0686688
0.0604194
0.055902
0.0608567
0.0540664
0.0558273
0.0617103
0.0545513
0.049496
0.0528508
0.0532296
0.050005
0.0572857
0.0590601
0.0453317
0.0523228
0.0495045
0.0534595
0.0487965
0.054334
0.0504185
0.0522064
0.058145
0.0469384
0.0512129
0.0518572
0.0467465
0.0489086
0.0549031
0.0528997
0.0608323
0.0522896
0.0530783
0.0568853
0.0514215
0.0458394
0.0468964
0.0529407
0.0496695
0.0513994
0.0510318
0.0528778
0.0517309
0.0510334
0.044781
0.0514031
0.0499858
0.0556587
0.0540032
0.0534473
0.0522997
0.0549904
0.0527145
0.0559624
0.0509478
0.0608904
0.0483187
0.0448896
0.0489189
0.0557152
0.0469447
0.0542493
0.0505234
0.0519822
0.0589949
0.0525221
0.0535189
0.046792
0.0541774
0.0493095
0.0527399
0.0491307
0.0534993
0.0449439
0.0597203
0.051366
0.0421395
0.0447392
0.0394402
0.0464194
0.0526919
0.0482504
0.0547699
0.0556249
0.0453547
0.0534295
0.0490399
0.0545976
0.0514548
0.050314
0.0492953
0.0511107
0.0556452
0.0581831
0.058115
0.0573582
0.0514763
0.0548897
0.0505385
0.0479779
0.0586324
0.0539661
0.0481468
0.0483562
0.0541027
0.0557341
0.0551811
0.0605914
0.0593304
0.0514709
0.0452579
0.0499213
0.0488831
0.0503659
0.055424
0.0488114
0.055502
0.0563481
0.0489645
0.0590536
0.052734
0.0561731
0.0506834
0.0508271
0.0534707
0.0534481
0.0513792
0.0576517
0.0503127
0.055999
0.0634581
0.0410277
0.0543715
0.0518022
0.05429
0.0564896
0.0586063
0.0518789
0.0637665
0.0571813
0.0512583
0.0579429
0.0590066
0.0601991
0.0707047
0.0582914
0.0526512
0.0704177
0.0511713
0.0573599
0.0585516
0.0668385
0.0465682
0.0648819
0.0635967
0.0585086
0.0571407
0.0599469
0.0772324
0.0723604
0.0706963
0.0594801
0.050193
0.0530136
0.0705993
0.0570822
0.0682411
0.0672101
0.0546595
0.0620191
0.0691047
0.0564338
0.0593057
0.0565291
0.0707752
0.0632918
0.0529505
0.0580103
0.0570749
0.0732506
0.0551769
0.0517249
0.0713888
0.060395
0.0653304
0.055077
0.0529303
0.0714244
0.0638346
0.0501531
0.0650448
0.0635861
0.0520655
0.0497936
0.0586219
0.0484747
0.0568866
0.0570579
0.0510941
0.0518637
0.0518483
0.0578133
0.0542317
0.0545971
0.060535
0.0505714
0.0603917
0.0548328
0.0429072
0.049299
0.0601892
0.056113
0.0550774
0.0569539
0.0473009
0.0648163
0.0565798
0.0535929
0.0584759
0.0447885
0.0471867
0.0548832
0.0546084
0.0570941
0.053277
0.0584823
0.0568826
0.0524414
0.0430317
0.0473866
0.0443688
0.0454828
0.0417092
0.060782
0.0519233
0.0544472
0.0501035
0.0548234
0.0430672
0.0498952
0.0485753
0.0470528
0.0532845
0.0486251
0.0499934
0.0520085
0.051284
0.0442151
0.0459831
0.0564236
0.0425864
0.0380993
0.0527595
0.0478354
0.0447415
0.0543543
0.0400507
0.0566075
0.0469892
0.0516341
0.0590152
0.0570691
0.0483812
0.0515681
0.0448369
0.053918
0.0537598
0.0441801
0.0513586
0.0530178
0.0422609
0.045803
0.0531965
0.0531971
0.0532955
0.0457959
0.0499688
0.0671698
0.0483016
0.046457
0.0532903
0.0593209
0.0429514
0.0489914
0.0493145
0.0500471
0.0471147
0.0535411
0.0479416
0.0477567
0.0562411
0.0459477
0.0524845
0.054348
0.0520815
0.0544421
0.048374
0.0482846
0.0464397
0.0518911
0.0538072
0.0493969
0.0492128
0.0513824
0.043668
0.0455148
0.0486259
0.0489871
0.0489004
0.0570716
0.0504897
0.057931
0.0499539
0.0509757
0.0472479
0.0568897
0.0579594
0.0635642
0.0526906
0.0434058
0.0561154
0.0659535
0.0615948
0.0613086
0.0580336
0.0571296
0.0668313
0.0589982
0.0598926
0.0540167
0.0594887
0.0500568
0.0495471
0.0632498
0.0623078
0.0541708
0.0553798
0.0594794
0.0610571
0.0565489
0.0542182
0.0626611
0.0638104
0.0722746
0.0825355
0.112033
0.170453
0.351815
0.529406
0.609358
0.635618
0.598832
0.49071
0.291672
0.140957
0.0967258
0.0753399
0.0692386
0.0668216
0.0580482
0.0543001
0.0543035
0.0587246
0.0565012
0.0563579
0.0592035
0.0578841
0.0593419
0.0575201
0.0527287
0.0501571
0.0512898
0.0556318
0.0510259
0.0521946
0.0521437
0.0540099
0.057041
0.0641617
0.0571182
0.0663167
0.067312
0.0617981
0.057074
0.0703914
0.0664184
0.0625093
0.0684458
0.0600288
0.0633533
0.0638331
0.0598095
0.0602405
0.0629988
0.0617521
0.0644333
0.0547144
0.0648136
0.061616
0.0628432
0.0609149
0.0611532
0.0562231
0.0585042
0.0548902
0.058825
0.0608526
0.056583
0.0519096
0.0535628
0.0529875
0.0613134
0.0534475
0.0587082
0.0730478
0.0576299
0.0593453
0.0538591
0.0551704
0.0527461
0.0595572
0.0500328
0.0573101
0.0511986
0.0582484
0.0649245
0.0575376
0.0561592
0.0623348
0.0614528
0.0552718
0.0607426
0.0628507
0.0559025
0.0516644
0.0571687
0.052613
0.0513155
0.0524133
0.0587435
0.0588324
0.0564403
0.0619947
0.0676921
0.0476914
0.0519481
0.0504572
0.0557757
0.0642021
0.0547735
0.0655708
0.0522274
0.0550075
0.0435643
0.0679955
0.0384987
0.0577862
0.0527953
0.0454005
0.0797563
0.0695508
0.0537079
0.0673798
0.0595301
0.0553531
0.0360134
0.0597947
0.0624569
0.0576745
0.0503973
0.0534735
0.0530707
0.0526775
0.0565661
0.0665813
0.0669039
0.0584254
0.0449502
0.0538378
0.0610806
0.0570851
0.0577586
0.0565316
0.0582561
0.0604728
0.0636672
0.0522915
0.0518282
0.0493041
0.044483
0.0289416
0.0676401
0.0476271
0.0526411
0.0632121
0.0520736
0.0442974
0.00974289
0.0371224
0.048074
0.0662591
0.0785383
0.0606966
0.0496707
0.0632648
0.072025
0.0561129
0.0620483
0.0415257
0.0482576
0.0505924
0.0586094
0.0585929
0.0639348
0.0218577
0.0872041
0.0726238
0.040863
0.0605486
0.0286569
0.0768262
0.0857798
0.0895497
0.0548068
0.0704051
0.0642551
0.0723356
0.0446504
0.0503717
0.0732763
0.0805207
0.0636448
0.087352
0.0674167
0.0689279
0.0602923
0.0745368
0.0874813
0.0567664
0.0652328
0.0393572
0.0710091
0.0609924
0.0626981
0.0567377
0.0528014
0.050809
0.0651598
0.0557346
0.0508347
0.0452614
0.0658836
0.0581001
0.0380418
0.0688364
0.0752307
0.0661347
0.0449165
0.0419927
0.0673206
0.0710078
0.0528002
0.0486194
0.0432504
0.0363175
0.0782488
0.0773928
0.0640062
0.0986262
0.0823422
0.0966784
0.0862733
0.0590585
0.0723646
0.0462275
0.0644043
0.0435534
0.054666
0.0539127
0.0599649
0.0728632
0.0413318
0.0628517
0.0606555
0.0609038
0.0550056
0.0492639
0.0610982
0.0787609
0.0717045
0.0670403
0.0747084
0.0679778
0.0713374
0.0866665
0.0735255
0.0778346
0.0790917
0.0879425
0.0896152
0.0840509
0.093405
0.100112
0.10491
0.109001
0.101916
0.0988091
0.10002
0.089669
0.0781054
0.0691427
0.0686326
0.0641582
0.0672355
0.060663
0.0575556
0.0514203
0.0576972
0.0441736
0.0572052
0.0817399
0.0726548
0.0608102
0.0592723
0.0407795
0.0561759
0.0764459
0.0487146
0.0469595
0.0551094
0.0737643
0.059074
0.0579639
0.0432959
0.0692134
0.0629974
0.0595874
0.0408397
0.0526645
0.0589144
0.0476914
0.0534821
0.0481402
0.0581306
0.0548229
0.0508502
0.0554275
0.0635222
0.0416512
0.0502249
0.0508885
0.0528879
0.0577633
0.0639744
0.0561691
0.0546936
0.0514375
0.0545056
0.0585821
0.0563563
0.0631371
0.055427
0.0638465
0.063801
0.0650166
0.047284
0.057275
0.054886
0.0568965
0.0524704
0.0568631
0.0493378
0.0594565
0.0518395
0.0637591
0.0527292
0.0614454
0.066194
0.0571052
0.0584562
0.0625879
0.0583853
0.0700351
0.0608092
0.0650661
0.0700205
0.0654256
0.0694854
0.0708461
0.0641218
0.0558633
0.054161
0.0511506
0.0571255
0.0526389
0.0546221
0.0622602
0.0615473
0.059459
0.0505051
0.0534281
0.0527366
0.0648141
0.0627333
0.0540489
0.067878
0.0573939
0.0652384
0.0604524
0.0737259
0.0701659
0.0672733
0.0671014
0.0749377
0.0782566
0.0674155
0.0742157
0.082476
0.0820617
0.0795138
0.0899985
0.094458
0.0923698
0.0801018
0.0807422
0.0805645
0.0767232
0.0627643
0.0694511
0.0650327
0.0605566
0.0576578
0.0532201
0.0631184
0.0578851
0.0557441
0.0563995
0.0624535
0.060581
0.0574183
0.0635687
0.0591467
0.0624611
0.0581302
0.0609806
0.0603747
0.0638546
0.0643635
0.0629891
0.0689823
0.0734349
0.0694649
0.0678389
0.0738228
0.0808418
0.0760735
0.0838363
0.0831854
0.0806173
0.1031
0.0986079
0.0961193
0.0977325
0.0855919
0.0923902
0.0892546
0.0936981
0.0828049
0.0798857
0.0745384
0.0761652
0.0796845
0.0706058
0.0643435
0.0674133
0.0692974
0.0603925
0.0718656
0.0797138
0.0773521
0.0617615
0.064844
0.0674942
0.062024
0.0789134
0.0629466
0.0652575
0.0809976
0.0691419
0.061215
0.0719757
0.0671124
0.0712684
0.0760944
0.0740871
0.0724763
0.0835492
0.0836448
0.0750958
0.0799656
0.0859804
0.0978665
0.0931945
0.093615
0.0946685
0.0949431
0.0896585
0.0824862
0.079076
0.0800592
0.0683205
0.0594791
0.0742486
0.0593598
0.0652784
0.065803
0.0629368
0.0702773
0.0641516
0.0708586
0.0633075
0.0702402
0.0530701
0.0755942
0.0766755
0.0450399
0.0670869
0.0414813
0.0589092
0.0606494
0.0639736
0.0498712
0.0674139
0.0714334
0.0588866
0.0506781
0.0516677
0.0573876
0.0644503
0.0420972
0.0529365
0.0551142
0.0578181
0.051346
0.0454325
0.0553025
0.0453183
0.0547283
0.0528225
0.0552203
0.0623528
0.0539101
0.0574412
0.0558083
0.0559135
0.0609352
0.0474883
0.0502763
0.0553271
0.0562676
0.0487905
0.0430085
0.0459265
0.0508194
0.0510566
0.0505194
0.0359481
0.0545313
0.0607001
0.059034
0.0489962
0.0595813
0.0647643
0.0733186
0.0692382
0.0747478
0.0861117
0.0814866
0.0874768
0.0892927
0.0924534
0.0915345
0.095376
0.105638
0.0944989
0.0971274
0.0939026
0.111288
0.11279
0.095335
0.0986379
0.112342
0.095582
0.0817989
0.094835
0.102798
0.0859165
0.0721333
0.0856104
0.0878582
0.0861947
0.112439
0.0973286
0.0887188
0.0831192
0.0694262
0.0693711
0.05997
0.0950659
0.06511
0.0773418
0.0910394
0.0856098
0.0746341
0.0792161
0.0837523
0.0945209
0.086265
0.103284
0.0767294
0.0974484
0.118978
0.118828
0.120414
0.113833
0.118326
0.124735
0.116043
0.106146
0.108701
0.1014
0.0949993
0.115946
0.121619
0.0796531
0.0866734
0.0902013
0.0878285
0.0639123
0.0525213
0.0860141
0.087726
0.08554
0.074517
0.0906777
0.0909838
0.103134
0.089361
0.0697264
0.0803156
0.0580186
0.0409095
0.119067
0.0934019
0.116081
0.114766
0.0951422
0.134672
0.106171
0.13237
0.0729663
0.0889857
0.0989798
0.141364
0.107211
0.109697
0.101399
0.130552
0.121402
0.131283
0.117986
0.120044
0.12988
0.128159
0.118539
0.121268
0.129664
0.10761
0.12295
0.118309
0.0999925
0.126142
0.0931319
0.102465
0.0935532
0.0743678
0.114842
0.073638
0.0679245
0.085833
0.0835402
0.0495313
0.0877593
0.0767931
0.0734927
0.0790663
0.0903914
0.078097
0.0876159
0.0716328
0.0625285
0.0582068
0.104866
0.047402
0.0797555
0.107642
0.116252
0.0668103
0.110895
0.0702611
0.0695991
0.110593
0.0808489
0.0999704
0.0805409
0.0952351
0.129078
0.11935
0.0992073
0.0876245
0.0966403
0.134522
0.115098
0.0961366
0.112647
0.137283
0.134157
0.121631
0.138217
0.14145
0.150324
0.130387
0.133475
0.128475
0.117192
0.124737
0.127573
0.104457
0.101718
0.110149
0.0919083
0.109648
0.094053
0.117855
0.101724
0.0666588
0.0804459
0.0835949
0.0512209
0.0783823
0.0667757
0.0751294
0.109343
0.076872
0.116151
0.119413
0.0973941
0.101796
0.0999078
0.11229
0.0944999
0.105751
0.118554
0.0664133
0.0923995
0.0979934
0.109469
0.110066
0.0744375
0.0801046
0.0875306
0.0790574
0.105147
0.150119
0.106065
0.113994
0.0151125
0.120331
0.0647546
0.099208
0.0241995
0.127439
0.0389161
0.0484156
0.037352
0.0990841
0.0825271
0.10863
0.0290698
0.107339
0.0953135
0.107263
0.0988149
0.104852
0.115674
0.116437
0.137674
0.124787
0.109677
0.104755
0.124463
0.0774464
0.119565
0.100191
0.118798
0.0924627
0.124116
0.139302
0.0603264
0.124326
0.094377
0.0735718
0.136997
0.0976185
0.040734
0.0650635
0.0760448
0.0882066
0.0414662
0
0.0632532
0.0487646
0.0856698
0.0876671
0.0798878
0.0974118
0.066221
0.0655135
0.0575633
0.0854168
0.10882
0.0300551
0.0429079
0.100958
0.0939636
0.154909
0.015826
0.126811
0.117171
0.078265
0.0889495
0.0612701
0.11642
0.118425
0.0851972
0.0973579
0.084058
0.0932507
0.124474
0.0989793
0.133186
0.118731
0.101559
0.0794437
0.114364
0.0930373
0.0925345
0.121361
0.11807
0.0701421
0.10951
0.121436
0.13138
0.073211
0.115712
0.10795
0.0965231
0.0960925
0.101355
0.101152
0.112314
0.129611
0.0882811
0.0662878
0.052858
0.10189
0.0818853
0.0966223
0.101653
0.0919672
