0.101303
0.105039
0.0963941
0.0883393
0.0958634
0.106617
0.104201
0.100325
0.0995437
0.104965
0.109233
0.116464
0.113517
0.109158
0.114389
0.117284
0.111853
0.11211
0.111358
0.10789
0.109489
0.112634
0.102442
0.106682
0.111072
0.11427
0.113713
0.117899
0.125363
0.121307
0.12284
0.121651
0.121689
0.123669
0.122746
0.11984
0.118789
0.118531
0.11264
0.113454
0.117248
0.112583
0.114008
0.112724
0.109153
0.111033
0.120968
0.124553
0.118746
0.122419
0.121462
0.126306
0.131674
0.134792
0.134333
0.132586
0.123106
0.121263
0.120627
0.111302
0.103308
0.0866996
0.0905051
0.0925853
0.0794656
0.0867665
0.086246
0.0965299
0.0951578
0.0907996
0.0968831
0.0942024
0.0996067
0.101148
0.0966188
0.101145
0.104826
0.0965457
0.100659
0.0918489
0.0954614
0.0956544
0.0950802
0.0991395
0.0998366
0.0979881
0.100753
0.104327
0.105108
0.106094
0.110906
0.109291
0.107922
0.105268
0.103621
0.107736
0.100665
0.102415
0.101984
0.1078
0.110889
0.10467
0.11085
0.11512
0.108913
0.109326
0.110177
0.118262
0.112262
0.115083
0.115948
0.117479
0.117112
0.113568
0.11312
0.111538
0.105929
0.103582
0.0991423
0.0946621
0.0912839
0.0950294
0.100095
0.106082
0.109308
0.11284
0.111891
0.111456
0.114613
0.114701
0.117155
0.118213
0.12064
0.127768
0.129519
0.12611
0.118842
0.121165
0.117285
0.111547
0.108603
0.101879
0.0934325
0.0926234
0.0922608
0.0968026
0.096187
0.0989088
0.105531
0.105305
0.110152
0.114593
0.113134
0.111315
0.119768
0.116716
0.117052
0.121525
0.124748
0.124361
0.119891
0.119538
0.117954
0.113878
0.107986
0.10347
0.0982229
0.100581
0.102512
0.108911
0.101207
0.103255
0.108085
0.106107
0.101673
0.104654
0.105381
0.104899
0.0954171
0.104757
0.0954196
0.0874286
0.0851595
0.0861974
0.0868139
0.0845311
0.0904418
0.103754
0.0964442
0.0965357
0.0995941
0.100768
0.105516
0.108175
0.105922
0.102577
0.106104
0.103146
0.0997673
0.0861809
0.0805208
0.0867981
0.0675332
0.0756379
0.0703026
0.0747559
0.0837469
0.0862194
0.0794219
0.0890622
0.0944778
0.100994
0.104546
0.103498
0.1084
0.110716
0.11364
0.108002
0.109817
0.114919
0.106232
0.104523
0.104356
0.102543
0.0927988
0.083933
0.0804856
0.0739485
0.0807825
0.0864484
0.0827008
0.0860466
0.0972791
0.0800505
0.0942584
0.103502
0.0921893
0.0959043
0.0993182
0.0987636
0.104871
0.103342
0.111307
0.109752
0.11114
0.112524
0.114242
0.114058
0.113926
0.114331
0.109278
0.109882
0.10693
0.106999
0.10508
0.0978362
0.0912058
0.0678672
0.0719984
0.0716809
0.0718046
0.0655477
0.0722425
0.0817123
0.0767708
0.0798432
0.0736497
0.0928687
0.0899641
0.0985189
0.0908421
0.0908875
0.107205
0.111167
0.112508
0.11343
0.118842
0.120438
0.119613
0.114413
0.118736
0.109152
0.107274
0.0991655
0.102983
0.0971718
0.0922591
0.0991582
0.0869831
0.0891964
0.0897231
0.0745176
0.0811123
0.0749353
0.0726099
0.0670892
0.0595639
0.0787038
0.0773883
0.0878153
0.0787379
0.090299
0.0890691
0.0900984
0.0882748
0.100325
0.101198
0.0952457
0.0977494
0.105596
0.0976008
0.0932708
0.0898054
0.0773522
0.0768564
0.0628369
0.0689524
0.0541174
0.0483885
0.0630539
0.066328
0.0638064
0.0594257
0.0750304
0.0842787
0.0492914
0.0780075
0.080659
0.0820514
0.0831267
0.0903542
0.0973352
0.0949455
0.0979916
0.0955018
0.103433
0.101139
0.0961914
0.0976524
0.0962999
0.106214
0.0938259
0.0905825
0.0818907
0.0793556
0.0633728
0.0588886
0.0535407
0.0499997
0.0709344
0.0615965
0.0526829
0.0616309
0.0626554
0.0718238
0.0620893
0.0714768
0.0619912
0.0718669
0.0663177
0.0750702
0.0768929
0.0760682
0.0889459
0.0903301
0.0779685
0.0832564
0.0965434
0.0905115
0.0874116
0.0934706
0.0958605
0.0996695
0.105085
0.106321
0.0930319
0.0991136
0.0933892
0.0844894
0.076848
0.0731335
0.0637865
0.0594258
0.0591635
0.0593828
0.0774624
0.0768781
0.0680308
0.0688236
0.0818597
0.0676334
0.0612987
0.0758495
0.0649082
0.0762069
0.0800109
0.087734
0.0785857
0.0833013
0.09043
0.0896806
0.100695
0.0985327
0.0944117
0.0994481
0.103674
0.100478
0.101443
0.10141
0.104983
0.0947117
0.100913
0.0858643
0.0912928
0.100471
0.0808361
0.0923018
0.0873925
0.0842283
0.0626969
0.0773727
0.0817274
0.0762959
0.0597828
0.0631918
0.0699505
0.0959168
0.0916115
0.0884471
0.0807868
0.0899416
0.0856293
0.0985404
0.0971625
0.0980011
0.0947318
0.100949
0.0896773
0.0956128
0.105842
0.0920609
0.0830566
0.0643766
0.0701921
0.0565363
0.0594963
0.0466497
0.0605691
0.0419735
0.0560314
0.0644599
0.0614349
0.0579715
0.0508279
0.0611764
0.0523214
0.0599292
0.0642694
0.0700106
0.076346
0.0693587
0.0534876
0.0712829
0.0653595
0.0680155
0.0831135
0.0859346
0.0732821
0.0847441
0.0778912
0.0795932
0.0910063
0.101021
0.0947612
0.0962091
0.0916948
0.0978716
0.0910885
0.0733934
0.0862815
0.0723133
0.0771953
0.0742165
0.0542184
0.0271754
0.0769266
0.0459599
0.0414201
0.054352
0.0773416
0.0832879
0.118589
0.186168
0.254665
0.321558
0.353093
0.362431
0.388897
0.346601
0.294138
0.175221
0.0994221
0.09503
0.0758739
0.0743683
0.0859643
0.070922
0.0801898
0.0750112
0.0609836
0.0516363
0.0636928
0.0707654
0.0783436
0.0835572
0.0866877
0.0812368
0.0877415
0.085261
0.0863636
0.0875904
0.100143
0.0881254
0.0613098
0.0587034
0.0569843
0.0818579
0.0827479
0.0625557
0.066376
0.0582641
0.0789997
0.061443
0.0707864
0.0924877
0.0815928
0.0716795
0.0836088
0.0893587
0.0793485
0.0819205
0.0852977
0.0791031
0.0854574
0.0796795
0.0734565
0.0980616
0.0791219
0.0843926
0.0639311
0.0769085
0.0716848
0.0634363
0.0560043
0.0600969
0.0657423
0.0739417
0.069524
0.0588163
0.0618583
0.0554458
0.0642029
0.0621988
0.0563318
0.0694336
0.0696397
0.0587943
0.0866546
0.0673386
0.0713126
0.0578133
0.0663968
0.0778114
0.0690381
0.0751888
0.0846337
0.0946186
0.0718669
0.0703367
0.0700391
0.098995
0.0774196
0.0787526
0.0838547
0.0637826
0.0673426
0.0672862
0.0478705
0.0751961
0.0865711
0.0529174
0.0678217
0.0774961
0.0416395
0.0474662
0.0673086
0.0678924
0.04837
0.0920977
0.0505349
0.0392359
0.0490213
0.0557548
0.0520818
0.0527195
0.0578961
0.055001
0.0453646
0.0517706
0.0536274
0.0507234
0.0720154
0.0384511
0.0464912
0.0643361
0.074212
0.0470063
0.0555884
0.0621338
0.0400554
0.061181
0.0673963
0.0611449
0.0770005
0.0555916
0.0552233
0.0553416
0.0585629
0.066468
0.0651352
0.0585971
0.0714839
0.0822011
0.0692222
0.0438125
0.0489131
0.0416234
0.0424225
0.0712348
0.068631
0.0568533
0.0605819
0.060645
0.0561758
0.0787372
0.0535611
0.0683564
0.0553562
0.0501656
0.0533921
0.0794534
0.0693032
0.0712394
0.0308068
0.0719381
0.0770572
0.0487568
0.0562447
0.0477037
0.0660081
0.0535556
0.0671351
0.0494512
0.0793053
0.0461794
0.0549916
0.0743431
0.0631358
0.0776327
0.0768344
0.0518235
0.0319413
0.0860868
0.068364
0.0627129
0.0434508
0.0675449
0.0662978
0.0705714
0.0605782
0.0819768
0.0662686
0.0878298
0.0597159
0.0604724
0.0746119
0.0650849
0.0516859
0.0554181
0.058095
0.0675104
0.0727828
0.0615538
0.0824665
0.0616206
0.0660683
0.060234
0.0688702
0.0704633
0.0491103
0.0658637
0.0492915
0.0413279
0.0601959
0.0480206
0.0326913
0.0438671
0.0275962
0.0285697
0.0406022
0.0504956
0.0446954
0.0491256
0.0261669
0.0348403
0.0268681
0.0331326
0.0336921
0.0326355
0.0344626
0.0370993
0.0355549
0.0467586
0.0364711
0.0350404
0.0312215
0.0392224
0.0412023
0.0247058
0.0268814
0.0394462
0.0509919
0.0409168
0.0379363
0.0488927
0.0279279
0.033268
0.0326101
0.0427406
0.0435054
0.0557496
0.0506469
0.0416627
0.0462835
0.0510092
0.0555139
0.0539731
0.036076
0.0372614
0.0412912
0.0450769
0.035429
0.0465708
0.0196797
0.0439455
0.0324672
0.0395178
0.0471604
0.0295452
0.0595949
0.0336347
0.0271461
0.0365076
0.0475861
0.0342761
0.0517727
0.0317761
0.0293399
0.0633116
0.0307296
0.0347306
0.0393993
0.051863
0.0446466
0.0335205
0.0454516
0.050236
0.0285566
0.0311835
0.0365807
0.0427869
0.0533555
0.0332916
0.0342238
0.0335312
0.0299909
0.0414393
0.0382305
0.0450126
0.0655225
0.0585388
0.0293013
0.0547504
0.0538613
0.045332
0.0499391
0.0437052
0.0423812
0.0483295
0.0370777
0.0528012
0.0466838
0.0515594
0.0452573
0.0433005
0.073541
0.0632647
0.0520835
0.0509419
0.0566059
0.0454788
0.0462892
0.0452084
0.0494821
0.0461433
0.0541489
0.0276616
0.0611603
0.0419836
0.0206473
0.0223392
0.0716975
0.060027
0.0706398
0.0657342
0.0459384
0.0272854
0.0607476
0.0397832
0.0542526
0.0451802
0.0733529
0.0586018
0.0533903
0.0435818
0.0510305
0.0557591
0.0141519
0.0279282
0.0571537
0.0463396
0.0263011
0.0682791
0.0334926
0.0297768
0.0454721
0.0393441
0.0403368
0.0397709
0.0408059
0.0481571
0.0646243
0.0379741
0.0513656
0.0198556
0.042358
0.0323723
0.0320679
0.0385635
0.0448135
0.0437825
0.0332451
0.0396615
0.0356199
0.0439963
0.039603
0.0406912
0.0388639
0.0401826
0.0398962
0.0423543
0.0438273
0.0361925
0.0390998
0.0362567
0.0359727
0.0303856
0.0331154
0.031526
0.0279223
0.0309126
0.0378174
0.0298311
0.0311772
0.024841
0.0279455
0.0309642
0.0391953
0.026838
0.026604
0.0340877
0.0287317
0.0333856
0.0272388
0.0304339
0.0316063
0.0357118
0.0267015
0.0324291
0.0296082
0.0333355
0.0269071
0.0333267
0.0281235
0.0306765
0.0260013
0.0268699
0.031521
0.0268105
0.03222
0.0278884
0.0269978
0.0293756
0.0344613
0.0284763
0.0322641
0.0376708
0.0284878
0.0343054
0.0433359
0.0275295
0.0369794
0.0268791
0.0374378
0.0247659
0.0280934
0.0310536
0.0266712
0.0305984
0.0305448
0.0331075
0.0391338
0.0323626
0.0308077
0.0321192
0.0238833
0.0306009
0.024962
0.0384164
0.0281872
0.0317726
0.0272552
0.029224
0.0373125
0.0280657
0.0267071
0.0249936
0.0269847
0.0347112
0.0305708
0.0296907
0.0307826
0.0256206
0.0311126
0.0281772
0.0326761
0.0218725
0.0309795
0.0283564
0.0312128
0.0330498
0.0274006
0.0232588
0.0394784
0.0349851
0.0335953
0.0289072
0.0372356
0.0296819
0.0319939
0.0247035
0.0280355
0.0371304
0.0264775
0.0398772
0.0339865
0.0239648
0.0316393
0.0324032
0.0316479
0.0315866
0.0345413
0.0353463
0.0328004
0.0351251
0.0342481
0.0354031
0.0281318
0.0421567
0.0343123
0.0275674
0.0292355
0.0280251
0.0246653
0.0368849
0.0255996
0.0256264
0.0288598
0.0442852
0.0300015
0.0317597
0.0319577
0.0237908
0.0326589
0.0265323
0.0290236
0.03774
0.0468255
0.0362118
0.0359544
0.0414907
0.0338401
0.0420545
0.0364417
0.0291604
0.0295931
0.0401648
0.0505531
0.0373463
0.0445273
0.0333265
0.0479108
0.0443533
0.0401418
0.0302157
0.0338319
0.0533467
0.050382
0.0476816
0.0344927
0.0324475
0.0394811
0.049482
0.0340264
0.0598674
0.0571657
0.0515901
0.0433826
0.0438562
0.0448607
0.0360997
0.0360804
0.0426747
0.0437782
0.0396045
0.0421481
0.045747
0.0599757
0.037517
0.0314714
0.0548779
0.0419863
0.0369328
0.0420864
0.0396973
0.0401361
0.0360378
0.0358964
0.05011
0.0435406
0.0480879
0.0164884
0.0287524
0.0254778
0.0374731
0.0350965
0.0217468
0.0377988
0.0263847
0.0341222
0.0213203
0.0328864
0.0373435
0.027312
0.0429186
0.0340008
0.0232968
0.0361536
0.0349851
0.0322139
0.0362445
0.0381126
0.0339398
0.0446902
0.0381968
0.028171
0.0332812
0.0295312
0.0192327
0.0280452
0.0173924
0.0271629
0.0193922
0.022229
0.0466377
0.0387768
0.0277773
0.0256664
0.0214734
0.0286579
0.0256759
0.0329183
0.0306644
0.0313656
0.0305136
0.0347015
0.0266856
0.0287389
0.0284017
0.0291987
0.0299523
0.0332347
0.0353581
0.0223294
0.0216565
0.0324281
0.0321755
0.0323899
0.0353423
0.0133273
0.0438355
0.0297342
0.0301383
0.0364467
0.0278791
0.0349352
0.0291296
0.0383874
0.0406148
0.0322917
0.0320175
0.030533
0.0274365
0.0356506
0.0398496
0.0273012
0.0279849
0.0316234
0.0231589
0.0242023
0.0268386
0.0338638
0.0333591
0.0305615
0.0329437
0.0359165
0.0353437
0.0308873
0.0250947
0.0326217
0.0316362
0.0323248
0.0424632
0.0243246
0.0287501
0.0349226
0.0387443
0.0235273
0.0277751
0.0292778
0.0324228
0.0270199
0.0239006
0.02867
0.0274117
0.0285133
0.0314224
0.0246546
0.0306639
0.0354766
0.032125
0.0253778
0.0265437
0.0209129
0.0292729
0.0316084
0.0254131
0.0381572
0.026666
0.0326491
0.0294371
0.0275379
0.0275456
0.0290478
0.0349338
0.0375679
0.030519
0.0262652
0.0294656
0.040044
0.0388659
0.0417353
0.0304728
0.0402537
0.0353116
0.0353898
0.0316112
0.0365793
0.0424016
0.0322977
0.0301051
0.0364354
0.037901
0.0280494
0.0303819
0.0392188
0.034558
0.0414689
0.0350362
0.0426186
0.0496221
0.0457608
0.0587412
0.0924795
0.147107
0.329759
0.49976
0.582937
0.607305
0.574396
0.464419
0.268513
0.12037
0.0823654
0.0503156
0.0448347
0.0385109
0.0362377
0.0320901
0.0337411
0.0321257
0.0332676
0.0346251
0.0345862
0.0329203
0.0354991
0.0355277
0.027116
0.0259428
0.0308276
0.031678
0.0301204
0.0303166
0.0304672
0.0344962
0.030458
0.0323917
0.033393
0.0472586
0.0442782
0.0442709
0.0343838
0.0443108
0.0424299
0.0397109
0.0480637
0.0446529
0.0409057
0.0415362
0.035074
0.040967
0.040945
0.0351684
0.0430389
0.0332606
0.0391255
0.0410191
0.0364256
0.036034
0.0371658
0.0328503
0.04466
0.0341823
0.0343248
0.0309051
0.0394451
0.0268167
0.0305614
0.03537
0.042022
0.0331995
0.0348143
0.0332903
0.0325421
0.0373678
0.0350741
0.0319925
0.0332378
0.0333403
0.0306173
0.0428764
0.0339009
0.0366179
0.0416473
0.0266735
0.0347454
0.032121
0.0333833
0.0329381
0.0319354
0.0352135
0.0381192
0.0299268
0.0378804
0.0407054
0.035276
0.0336127
0.0420015
0.0364106
0.0372948
0.0354716
0.0364986
0.02809
0.0377914
0.0278714
0.0323235
0.0352489
0.0325883
0.032803
0.0293781
0.0246596
0.0145738
0.0319166
0.0309399
0.0404857
0.0324356
0.0234328
0.0476233
0.0542584
0.0354053
0.052896
0.0496712
0.0379152
0.0223477
0.0334654
0.0322909
0.0506506
0.0369644
0.0353236
0.0398414
0.0392857
0.0358362
0.0414114
0.0452161
0.0360878
0.0337378
0.0342905
0.0320763
0.044255
0.0490791
0.0364903
0.0341285
0.0463552
0.0391118
0.031108
0.0360257
0.0388002
0.0263202
0.0113633
0.043724
0.0340978
0.0146854
0.0341175
0.0436765
0.0418142
0.0459134
0.004168
0.0487305
0.0193847
0.0617397
0.0425688
0.0487676
0.048853
0.0607585
0.0238558
0.021518
0.0380677
0.0249433
0.0201489
0.0298319
0.0523341
0.0392136
0.0386226
0.0514532
0.0340293
0.0375834
0.0497825
0.0181141
0.033709
0.0696414
0.0482115
0.0549882
0.0540969
0.0736577
0.0531347
0.0311112
0.0501817
0.0640513
0.0441228
0.058196
0.04343
0.0280163
0.0194579
0.0422883
0.047688
0.0515515
0.0174254
0.0500799
0.0361704
0.0701278
0.0411706
0.039417
0.0526555
0.0289399
0.0228702
0.0358913
0.00966887
0.0325828
0.0356605
0.046709
0.0302867
0.0296852
0.0296201
0.0326834
0.0559284
0.0236296
0.0158183
0.0429487
0.0564785
0.0161588
0.0225631
0
0.0178704
0.0567005
0.0562577
0.0606666
0.0713174
0.0549793
0.0614778
0.0568553
0.0539577
0.061411
0.0519942
0.0395798
0.0548853
0.0242841
0.0354702
0.0406819
0.0204039
0.0329924
0.0508733
0.0281537
0.0512325
0.0370042
0.0215565
0.0590716
0.0537801
0.0509122
0.041212
0.0589776
0.0421554
0.0634717
0.0528332
0.0512849
0.0530285
0.0640952
0.0660007
0.061828
0.0583577
0.0770264
0.0684378
0.0738669
0.0753953
0.0840606
0.0833107
0.0800867
0.0688579
0.0588151
0.0572219
0.0455768
0.0236621
0.0360419
0.0422193
0.0298762
0.037541
0.0428129
0.0164816
0.0268397
0.0611933
0.0421506
0.0421541
0.0323947
0.0267782
0.0321721
0.0431203
0.0305732
0.0370721
0.0476494
0.0521951
0.027709
0.0334858
0.0295839
0.0433072
0.0418687
0.0469748
0.0290944
0.0323112
0.0246482
0.0264256
0.0288637
0.0331163
0.023105
0.0460997
0.0330432
0.0255235
0.0301833
0.021201
0.0266759
0.0246375
0.029749
0.0306719
0.0294869
0.0339991
0.0339515
0.0246931
0.0226127
0.0344917
0.0364329
0.0362482
0.0318439
0.0414257
0.0455039
0.042528
0.0443096
0.0366223
0.0313949
0.0282642
0.047841
0.0312124
0.0356613
0.0433374
0.0427001
0.0549995
0.0361431
0.0437773
0.0437408
0.0400693
0.0350557
0.0408286
0.0403346
0.0482709
0.0499026
0.0496812
0.0416318
0.0403416
0.0473016
0.0462615
0.0393736
0.0400448
0.03197
0.032355
0.0392227
0.0256553
0.0300234
0.0338243
0.0400321
0.0382715
0.0328054
0.0290883
0.0349403
0.0356013
0.0345677
0.0379311
0.0390743
0.0453207
0.043695
0.0360304
0.0474031
0.0507652
0.0443505
0.0579511
0.0443689
0.0508602
0.0542891
0.0529643
0.0634249
0.0573008
0.0670138
0.0658694
0.07196
0.0748228
0.0706169
0.0660555
0.0529534
0.0505581
0.0361512
0.0445426
0.0403735
0.0425048
0.0420677
0.0367391
0.045989
0.032696
0.0438799
0.0377831
0.0435649
0.0382364
0.0383634
0.0375444
0.0391138
0.0405478
0.036077
0.0385353
0.0419298
0.0449803
0.0389497
0.0350782
0.0426723
0.0484232
0.0514187
0.0476049
0.0506616
0.0555106
0.05384
0.0569599
0.0663932
0.0675687
0.072085
0.0768223
0.0777138
0.0776986
0.0692464
0.0617064
0.0685829
0.0646068
0.0556464
0.0540912
0.0588344
0.046254
0.0602914
0.0379543
0.0596561
0.0381371
0.0536592
0.0357619
0.0393095
0.0413625
0.0441581
0.0407879
0.038688
0.0491015
0.0441344
0.0451251
0.0405239
0.0450157
0.0490554
0.0405443
0.0450519
0.0486884
0.0432647
0.0513659
0.0510572
0.0528941
0.0464082
0.0584336
0.0612659
0.0557085
0.0601012
0.0674365
0.0676465
0.0748453
0.0723216
0.0721168
0.0698466
0.0683588
0.0597718
0.0504192
0.0607092
0.0507178
0.0425023
0.0453477
0.0404419
0.0376542
0.04703
0.0462775
0.0444149
0.0331185
0.0456724
0.0459389
0.0480914
0.0400678
0.0416024
0.0444246
0.0430813
0.031075
0.0375253
0.0377195
0.039214
0.0533356
0.0294041
0.0435384
0.0277676
0.0364423
0.0388839
0.0270265
0.0292447
0.0348515
0.0249699
0.034023
0.0302964
0.034461
0.0320415
0.0251013
0.031854
0.0237206
0.0389901
0.0348168
0.0381826
0.033464
0.0412698
0.0322818
0.0311808
0.0386229
0.0358173
0.0293129
0.0266251
0.0302623
0.030774
0.0247071
0.0308103
0.0174167
0.0330424
0.0214187
0.0285664
0.0208734
0.0271664
0.0260194
0.0330247
0.0270994
0.0418816
0.0447036
0.0505444
0.0540897
0.050925
0.0638409
0.059584
0.0636474
0.0552537
0.0671
0.0689535
0.0752219
0.0777027
0.0797514
0.0677698
0.0761469
0.0756945
0.0759428
0.0708374
0.0680346
0.0722184
0.0690261
0.0747837
0.0755686
0.0608176
0.0803172
0.0668633
0.0544488
0.0555343
0.0640026
0.084949
0.0709913
0.062543
0.0706358
0.0718817
0.0557972
0.0568324
0.0529792
0.0508824
0.0482998
0.0666052
0.0536761
0.058095
0.0607547
0.0576993
0.0679014
0.0763323
0.0728904
0.0527673
0.076142
0.0902753
0.0830341
0.0819924
0.0873526
0.0929342
0.0834943
0.086324
0.0884566
0.0794914
0.0878032
0.0772285
0.0758336
0.087171
0.0678686
0.0613092
0.0425206
0.055556
0.0516282
0.0440728
0.059288
0.053397
0.0649005
0.0512948
0.0920361
0.0801294
0.0535742
0.0742273
0.0601534
0.062289
0.0582735
0.0433968
0.100565
0.0872651
0.0722848
0.0785343
0.0706108
0.117536
0.0958198
0.101498
0.0713822
0.0776654
0.0926504
0.112027
0.0796188
0.0951807
0.0710161
0.0988359
0.0753588
0.105977
0.0975121
0.0979666
0.0962873
0.100629
0.103725
0.119204
0.115825
0.0764573
0.079078
0.0806933
0.0911897
0.104809
0.0852525
0.0702649
0.0669649
0.0720537
0.0736479
0.0523442
0.0510372
0.0742348
0.0461332
0.0549308
0.0597606
0.0735973
0.0566418
0.0699712
0.0670016
0.0333135
0.0331037
0.0583704
0.0669577
0.0661559
0.0829013
0.0488578
0.0480489
0.0859061
0.103529
0.0763949
0.0916724
0.060996
0.065264
0.0605144
0.0664405
0.0672652
0.0926293
0.0810859
0.106769
0.10586
0.0928112
0.0792805
0.0975897
0.0924293
0.112278
0.0880977
0.0744827
0.0791741
0.122595
0.102571
0.109568
0.113437
0.101713
0.103116
0.107569
0.113006
0.0966217
0.105869
0.130522
0.106004
0.0631362
0.059458
0.103409
0.0938974
0.0754681
0.0920284
0.100447
0.104657
0.0524569
0.0466562
0.0434691
0.0808829
0.066461
0.0713231
0.0745179
0.0603121
0.129405
0.103845
0.0631492
0.0715244
0.0904725
0.0739896
0.0731405
0.085547
0.108991
0.0675146
0.0981967
0.025222
0.0897239
0.0999137
0.0417859
0.102092
0.0767802
0.0535767
0.072762
0.132648
0.0959429
0.0900746
0.0526467
0.0814341
0.0139863
0.0880942
0.0495629
0.0634472
0.0609731
0.05132
0.0345061
0.0417027
0.0587181
0.0540318
0.0295194
0.0794854
0.0828477
0.0863558
0.0791162
0.0820157
0.114836
0.109972
0.0644644
0.0927027
0.0606494
0.103137
0.0794498
0.0688905
0.0630974
0.0723626
0.0763989
0.090289
0.0729124
0.109389
0.0645339
0.0528759
0.0925683
0.0448954
0.0539514
0.106729
0.0656954
0.0648835
0.0759167
0.0474599
0.0800232
0.0252487
0.106135
0.0316407
0.0348849
0.0630747
0.0700627
0.039356
0.0449145
0.0582786
0.0151363
0.0947076
0.0878915
0.0530462
0.100159
0.0301252
0.0718409
0.0814931
0.0208075
0.0927466
0.0623739
0.0575801
0.0597308
0.0585202
0.0725366
0.0929412
0.0550293
0.0836454
0.127473
0.0808863
0.0731139
0.0963177
0.0964258
0.0888952
0.0587503
0.0809715
0.11158
0.0906636
0.0519748
0.124645
0.0963014
0.0996677
0.0875683
0.0891517
0.114921
0.0960484
0.0857927
0.0671319
0.0789679
0.0634235
0.0422648
0.0788167
0.0957659
0.0802521
0.0873274
0.0318022
0.0756837
0.0604014
0.0635477
0.0606311
0.0774245
0.0825886
