0.108812
0.11414
0.10712
0.100597
0.114286
0.111957
0.107675
0.115219
0.112199
0.118874
0.116653
0.122026
0.118585
0.120982
0.126666
0.124846
0.119898
0.126867
0.118352
0.118772
0.116864
0.120369
0.117484
0.115351
0.12338
0.116205
0.122038
0.127381
0.129025
0.128407
0.133052
0.131105
0.129444
0.132274
0.130629
0.130938
0.128706
0.129527
0.121271
0.121546
0.131532
0.116794
0.120601
0.128155
0.11837
0.127798
0.127817
0.130905
0.132642
0.126898
0.13283
0.136087
0.141578
0.144734
0.144237
0.143178
0.135592
0.131075
0.128139
0.121639
0.117638
0.101162
0.105375
0.096322
0.0898236
0.0908227
0.0966831
0.102146
0.105641
0.101316
0.106995
0.108963
0.107532
0.116555
0.103139
0.107206
0.113902
0.10336
0.106226
0.0970714
0.104583
0.104621
0.105017
0.106957
0.104242
0.111009
0.111263
0.108115
0.109732
0.115978
0.121293
0.116623
0.117128
0.115527
0.114772
0.118969
0.115042
0.111058
0.114619
0.12307
0.117785
0.117968
0.122491
0.123428
0.123459
0.121651
0.119223
0.126272
0.125864
0.125643
0.123576
0.12591
0.124062
0.125564
0.125757
0.122156
0.116285
0.11069
0.110121
0.106943
0.10589
0.1036
0.112343
0.112619
0.120201
0.118536
0.116296
0.125908
0.124372
0.127416
0.125286
0.128629
0.130367
0.136302
0.13993
0.137586
0.127859
0.126238
0.126603
0.118069
0.115625
0.104098
0.104362
0.0992698
0.102417
0.107751
0.111415
0.108545
0.110531
0.119482
0.121214
0.123568
0.123669
0.123266
0.127571
0.127096
0.131686
0.132108
0.131512
0.131319
0.129879
0.127516
0.127209
0.126113
0.117232
0.118502
0.108126
0.106688
0.103738
0.113479
0.11322
0.114319
0.119642
0.12118
0.107996
0.116125
0.115911
0.111526
0.110136
0.1162
0.0969729
0.0970696
0.100324
0.0956795
0.0998099
0.093342
0.0963274
0.113622
0.11331
0.106412
0.109462
0.108327
0.118411
0.114442
0.116342
0.114272
0.113337
0.114254
0.108694
0.0962702
0.0922941
0.0971995
0.0817504
0.0813492
0.0847576
0.0909596
0.0936351
0.0976842
0.099408
0.107649
0.104282
0.106523
0.116341
0.110325
0.115677
0.115078
0.12191
0.121945
0.119759
0.120705
0.117294
0.115663
0.11432
0.105367
0.0998199
0.0983817
0.0936944
0.074792
0.0797665
0.094379
0.0899495
0.0985112
0.104081
0.0934046
0.107768
0.102849
0.099007
0.110148
0.112615
0.110704
0.114595
0.115693
0.11468
0.117375
0.123793
0.123361
0.123684
0.1246
0.122666
0.120361
0.120572
0.125683
0.116769
0.112169
0.111249
0.105539
0.100053
0.0766227
0.080203
0.0861535
0.0839034
0.068776
0.088917
0.0864661
0.0797459
0.0936037
0.0819976
0.104277
0.0926198
0.0953542
0.10687
0.102263
0.114144
0.118568
0.118683
0.124564
0.130225
0.128884
0.122506
0.123624
0.125263
0.123792
0.118983
0.112866
0.109172
0.107877
0.103802
0.0967786
0.0864094
0.0957979
0.0860496
0.0706909
0.0955395
0.081594
0.0917709
0.0835659
0.0822126
0.0890306
0.0834792
0.0988963
0.0857687
0.0909551
0.102887
0.104765
0.1042
0.11906
0.10837
0.107756
0.10978
0.113532
0.107771
0.101827
0.100209
0.0880572
0.0855795
0.072552
0.0677235
0.0746093
0.0671913
0.0713919
0.0767876
0.0742488
0.0709063
0.0862771
0.100338
0.0696506
0.0852099
0.0881057
0.0852178
0.098305
0.0978571
0.102012
0.110824
0.105856
0.0977576
0.114612
0.112981
0.101262
0.113477
0.112099
0.109764
0.101257
0.102734
0.0959792
0.0881537
0.0755545
0.0601397
0.0622216
0.0733386
0.0688857
0.0718945
0.0724874
0.0704539
0.0730955
0.0816752
0.0771396
0.0693039
0.0797253
0.0655735
0.0801547
0.0906412
0.0892349
0.0826206
0.0892312
0.0971244
0.0865446
0.0919583
0.107257
0.112936
0.10778
0.108939
0.108623
0.115765
0.115991
0.120707
0.110839
0.106054
0.102388
0.0991213
0.0789351
0.0832467
0.0714772
0.0706269
0.0729244
0.0833276
0.0796675
0.0891819
0.08622
0.0820836
0.0858113
0.0696069
0.0670506
0.0828923
0.0654812
0.0888016
0.0978391
0.0979316
0.104937
0.0970842
0.0965351
0.09844
0.110229
0.11612
0.10229
0.101556
0.108922
0.109672
0.119036
0.111515
0.106916
0.109
0.1062
0.0943975
0.101424
0.109815
0.0966712
0.0976925
0.097197
0.0936591
0.0767135
0.0811609
0.0809675
0.0921651
0.0805582
0.0852294
0.0900488
0.0998301
0.0888279
0.095158
0.0964909
0.096201
0.0973663
0.112683
0.110209
0.107723
0.110496
0.110462
0.103617
0.108901
0.121822
0.112632
0.0920854
0.0766963
0.0793061
0.0634506
0.0756788
0.04755
0.0650654
0.0612637
0.059822
0.0586214
0.0731332
0.0718846
0.0532702
0.0812276
0.0785849
0.078951
0.0755398
0.0810204
0.0755466
0.069884
0.0744866
0.091997
0.0818754
0.083471
0.0847868
0.0965844
0.0891376
0.104045
0.0898992
0.0995027
0.106205
0.101739
0.104345
0.103126
0.0967097
0.117038
0.102093
0.0875834
0.0946189
0.0870654
0.081974
0.0643608
0.0626902
0.0580295
0.0837286
0.0649008
0.0588281
0.0875462
0.0951421
0.114204
0.132047
0.200553
0.255226
0.32148
0.361849
0.388928
0.408561
0.361412
0.292257
0.192815
0.124043
0.0934199
0.0960865
0.0873964
0.0830842
0.0771891
0.0895507
0.0859759
0.0700446
0.0629254
0.0710447
0.0905736
0.0876407
0.0856903
0.0998825
0.0913989
0.0928191
0.0955913
0.0989021
0.0941659
0.103225
0.0823104
0.0679639
0.0585229
0.0686402
0.0949128
0.0779129
0.0714599
0.0716832
0.0837133
0.081606
0.0917813
0.0701106
0.0879147
0.0948871
0.0786283
0.0946507
0.0908031
0.0984407
0.0958174
0.0966881
0.0950135
0.100556
0.0974602
0.10912
0.107981
0.0866162
0.0802332
0.0613147
0.074471
0.0574994
0.0783955
0.0720056
0.0678807
0.0679975
0.0889663
0.0886959
0.0555942
0.0678294
0.0585134
0.0793976
0.0851352
0.0715945
0.0935899
0.0893918
0.0671919
0.0883825
0.0952331
0.0771183
0.0792429
0.0757645
0.0763708
0.0848266
0.0872796
0.0840118
0.0951634
0.0807615
0.0876577
0.0832449
0.0949873
0.0931986
0.0878819
0.088064
0.0900742
0.0858016
0.0703875
0.0775439
0.0643626
0.0983594
0.0618194
0.0764886
0.0749659
0.0654
0.0496411
0.0853378
0.0698031
0.0542963
0.0760901
0.0599182
0.0609946
0.0585733
0.0739319
0.0522351
0.0735068
0.0858736
0.0646499
0.0631063
0.0728045
0.0635032
0.0642383
0.0640058
0.0419801
0.0633713
0.0697218
0.0763271
0.0638149
0.0743329
0.0730656
0.0536077
0.0642133
0.0933176
0.0713202
0.0839703
0.0689987
0.0710011
0.0673644
0.0740073
0.0713564
0.0619129
0.0616605
0.0817161
0.0779262
0.0824234
0.0680462
0.0783496
0.0639007
0.0544101
0.0523015
0.0592911
0.0888132
0.065335
0.0638926
0.0635924
0.0863563
0.0685927
0.0715686
0.0532933
0.0661118
0.0623134
0.074899
0.0747596
0.0913242
0.0390401
0.0692347
0.0684665
0.0417094
0.069903
0.0663247
0.0534083
0.0750653
0.0873542
0.0660273
0.0942666
0.0780274
0.0624898
0.0750567
0.0750627
0.0842623
0.0876383
0.0483114
0.0373274
0.0766104
0.0432745
0.0739113
0.0512209
0.0561353
0.0829143
0.06522
0.0732074
0.0638748
0.071942
0.0881072
0.0658595
0.0811748
0.0713657
0.0747178
0.0708296
0.0825351
0.0669816
0.0938841
0.0819032
0.0661654
0.0683965
0.071999
0.076005
0.0767996
0.0683223
0.07288
0.0652825
0.0674317
0.0456015
0.0496507
0.0651832
0.0614883
0.0458504
0.0536717
0.0420853
0.0514157
0.0530125
0.0483494
0.0580546
0.0563067
0.0283431
0.0494085
0.0302515
0.045453
0.0423752
0.0539209
0.0371638
0.0473012
0.0258388
0.0447786
0.0357075
0.0295303
0.0505944
0.0502958
0.0443061
0.0361428
0.0392379
0.0585587
0.0628193
0.0438032
0.0336114
0.0564474
0.0592055
0.0489199
0.0486488
0.0613406
0.0641033
0.0607127
0.0616034
0.0537268
0.0743725
0.0533323
0.0561505
0.0628382
0.0469536
0.0605641
0.0381425
0.0558336
0.0602325
0.0503153
0.0408329
0.0591994
0.0421753
0.0428863
0.053168
0.0536506
0.0685151
0.0377521
0.0533788
0.0526281
0.0681228
0.0630971
0.0616956
0.0435857
0.0398115
0.0586406
0.0558768
0.0457921
0.0587767
0.0576682
0.0531505
0.0446081
0.0450741
0.0532061
0.0438842
0.0471122
0.0480486
0.0603326
0.0584314
0.0603348
0.0521297
0.0568341
0.0414432
0.0545798
0.0568388
0.0460851
0.0679504
0.0599019
0.0486662
0.072411
0.0583025
0.0445617
0.0542672
0.0621062
0.0329454
0.0397941
0.050828
0.0615526
0.0465579
0.0635968
0.0600311
0.0559203
0.0707067
0.0764134
0.0590157
0.0518097
0.070641
0.0550012
0.0535905
0.0438217
0.0634403
0.0681823
0.0830643
0.0651544
0.0666041
0.0612512
0.0313146
0.0436029
0.0651868
0.0591724
0.0849342
0.0778045
0.0494159
0.0627741
0.0848411
0.0587335
0.0588527
0.0598251
0.0939386
0.0433437
0.0544599
0.0648114
0.0631095
0.0590974
0.0267048
0.0459999
0.0669582
0.0566662
0.0375576
0.0652425
0.0633587
0.0581218
0.0558924
0.0426508
0.0588797
0.0475837
0.0469504
0.0581685
0.0750543
0.0455021
0.0547223
0.0406974
0.0579546
0.0464555
0.0387114
0.049948
0.0587673
0.0557789
0.0530136
0.0476517
0.0508403
0.046679
0.0435779
0.058032
0.0556039
0.0509361
0.0541414
0.0515228
0.0477921
0.0468665
0.0441441
0.0451142
0.0446309
0.0340097
0.0348182
0.0504424
0.0359714
0.0448067
0.0428084
0.036474
0.0395809
0.0390491
0.0318502
0.0382705
0.0466871
0.0422068
0.0380476
0.0413551
0.0371737
0.0429004
0.0361883
0.0379853
0.0433524
0.0425881
0.0275006
0.0417777
0.0415213
0.0450571
0.0414361
0.0417987
0.043596
0.0316941
0.0400296
0.0418991
0.0368049
0.0395933
0.0435854
0.0425368
0.0406263
0.0390587
0.0440588
0.0347834
0.041746
0.0474575
0.0409099
0.0416232
0.0427277
0.0320428
0.0427314
0.0300332
0.0476571
0.0415944
0.0343672
0.0407988
0.0418665
0.0297012
0.035315
0.0373343
0.0397016
0.0471534
0.0409956
0.0420255
0.040661
0.03979
0.047142
0.0472028
0.0430168
0.0485738
0.0300278
0.0387602
0.044623
0.0378702
0.0382352
0.0295272
0.039901
0.0457846
0.0423287
0.0367042
0.0378359
0.0364722
0.0407369
0.044302
0.0482379
0.0389021
0.0362377
0.0441472
0.0442515
0.042645
0.0436908
0.0412936
0.0378428
0.0382533
0.0422439
0.0378412
0.0402077
0.041194
0.0418206
0.0444801
0.0362576
0.0375438
0.0349734
0.0461841
0.0444286
0.0399763
0.0432152
0.0351334
0.0440396
0.0394199
0.0448887
0.0431232
0.0334558
0.0429906
0.0404385
0.0439461
0.0428074
0.0410991
0.0377642
0.0401689
0.0424279
0.0432686
0.0390208
0.0367252
0.0378939
0.0435125
0.0437442
0.0552318
0.0384491
0.0428179
0.0406669
0.0340143
0.0431133
0.0372263
0.0352683
0.050347
0.0452896
0.0392498
0.048304
0.0447694
0.0474197
0.0440652
0.0447989
0.0506608
0.0386773
0.0478127
0.0537309
0.0482697
0.0502362
0.0395963
0.0566167
0.0536009
0.054945
0.0442372
0.041767
0.0655578
0.0566641
0.0467246
0.0469933
0.0440775
0.0443015
0.0567334
0.0421893
0.0650082
0.0516038
0.0284826
0.0575505
0.0533318
0.027149
0.047857
0.0446999
0.065091
0.0514158
0.040787
0.059229
0.0511059
0.0635151
0.044298
0.036682
0.0502196
0.0439089
0.0441126
0.0397575
0.0450369
0.0515871
0.0444659
0.0390202
0.0481128
0.0519027
0.0422143
0.0404171
0.0387427
0.0393452
0.0431728
0.0448463
0.0333988
0.0262032
0.0432836
0.0469047
0.0469907
0.0465494
0.039851
0.0388133
0.0445744
0.0347707
0.0386699
0.0488251
0.042191
0.0433677
0.0504436
0.0397715
0.0368346
0.0464652
0.0421028
0.039281
0.0488913
0.0376027
0.0348119
0.0437561
0.0280004
0.0470721
0.0391063
0.0356776
0.0443739
0.0411964
0.0512045
0.0385991
0.0382714
0.0401162
0.0271137
0.0428796
0.0403424
0.0397507
0.0386628
0.0402623
0.0357515
0.0325066
0.0408102
0.0343904
0.0401086
0.0346746
0.0349857
0.0347199
0.0335482
0.0437392
0.0355063
0.0477985
0.0318146
0.029792
0.0444564
0.0511276
0.0419513
0.0471573
0.0310836
0.0433917
0.0317244
0.0383828
0.04866
0.0328823
0.0351525
0.0374021
0.041725
0.0407479
0.0448517
0.0423163
0.0334878
0.0349526
0.0320526
0.0383325
0.0409141
0.0445069
0.0447547
0.0387151
0.0444928
0.0446202
0.0378386
0.0452461
0.0387783
0.0350703
0.0360034
0.0461535
0.0373752
0.0295425
0.0420296
0.0420449
0.0443698
0.0374113
0.041415
0.0376478
0.0406779
0.0372822
0.039348
0.0385589
0.0299707
0.0378151
0.0300547
0.0340602
0.0381064
0.0438132
0.0430433
0.038928
0.0343024
0.0348623
0.0367884
0.0360417
0.0353255
0.0400126
0.0463031
0.0470526
0.0380698
0.0413378
0.0357754
0.0394766
0.0513887
0.0427217
0.0470727
0.0347923
0.0370724
0.0550283
0.04551
0.04243
0.0410932
0.0476188
0.0439092
0.0459735
0.0443067
0.0448576
0.0498075
0.0479074
0.0390348
0.0471328
0.0524197
0.0435125
0.0437032
0.0399056
0.0478058
0.0446015
0.0415683
0.0514482
0.0601697
0.0605642
0.0653253
0.108367
0.162528
0.334418
0.5142
0.589099
0.620304
0.588152
0.474898
0.28486
0.12636
0.0846807
0.0591938
0.0557904
0.0513339
0.0432465
0.0421686
0.0405783
0.044193
0.0456711
0.0383959
0.0455677
0.045469
0.0518344
0.0422891
0.0379082
0.0378176
0.0403815
0.039956
0.0382813
0.0419687
0.0423102
0.0419526
0.0399158
0.0397471
0.0381674
0.0420611
0.0572562
0.0510659
0.0470911
0.0536628
0.0528801
0.0417434
0.0594223
0.0455327
0.0515148
0.0499314
0.0481881
0.0524234
0.0481728
0.0472094
0.046464
0.0457716
0.0508277
0.0480819
0.0474398
0.0453301
0.0499379
0.0407663
0.0500669
0.0442505
0.0493216
0.0466765
0.0459748
0.0441781
0.0402434
0.0443378
0.0445982
0.0409027
0.0460801
0.0557492
0.0480032
0.0449874
0.0446446
0.0439021
0.0413003
0.0470047
0.0379729
0.0522219
0.0349431
0.0398896
0.0394693
0.0434874
0.0423284
0.0497242
0.0473521
0.0431719
0.0400702
0.0452726
0.0404886
0.0384131
0.0495127
0.0488491
0.0470241
0.0473229
0.0464106
0.0461965
0.0459188
0.0437017
0.0420212
0.0359624
0.0466958
0.0397697
0.0447157
0.0434809
0.0484252
0.0449619
0.0418677
0.0368799
0.0366717
0.0555014
0.0381802
0.0378513
0.051407
0.0436109
0.0617395
0.0370759
0.0413653
0.0735318
0.0733041
0.0254748
0.0337349
0.0498671
0.0508391
0.0444685
0.0378458
0.0502063
0.0399874
0.045672
0.0483544
0.0467289
0.0468551
0.0464839
0.033721
0.0364176
0.0497981
0.0496154
0.0421185
0.0504791
0.040578
0.0418388
0.0532006
0.0436304
0.0392677
0.0448392
0.0364565
0.0102983
0.0526683
0.0559564
0.0348594
0.0410616
0.0421434
0.0773646
0.0384186
0.0238711
0.049866
0.0512246
0.0537942
0.0610622
0.0330313
0.0643343
0.072528
0.0543632
0.0385929
0.0360372
0.0289332
0.0388695
0.0499095
0.0575227
0.0294178
0.0115513
0.0554392
0.0688536
0.0214967
0.0545418
0.0283097
0.0580804
0.089256
0.0720887
0.0552245
0.063789
0.0795953
0.0642644
0.0369087
0.0721814
0.0541534
0.0573283
0.0529278
0.0824996
0.0406746
0.0559343
0.0496317
0.0431771
0.0547351
0.0410097
0.0712233
0.0416459
0.0834395
0.0495254
0.0468556
0.0450866
0.0444995
0.0339238
0.0759385
0.0393456
0.035639
0.0417955
0.0256916
0.0430364
0.0339492
0.0414877
0.0391274
0.0413295
0.0473645
0.0154067
0.0629528
0.0409223
0.0257543
0.054978
0.0315687
0.041902
0.0667061
0.0638534
0.0677993
0.0769594
0.0642772
0.0798095
0.070146
0.0645702
0.0527693
0.05352
0.0610364
0.0442817
0.0340887
0.0320238
0.0386842
0.0496542
0.0380699
0.0487071
0.0341288
0.0406338
0.0639161
0.0474163
0.0677995
0.0712182
0.0509708
0.0480031
0.0520312
0.0481629
0.0637952
0.0618858
0.0656926
0.0683678
0.0756037
0.0787908
0.0723637
0.0785055
0.0854796
0.084622
0.088931
0.0849139
0.0940293
0.0902705
0.0950417
0.0857116
0.0565804
0.068355
0.0627922
0.0302772
0.0491887
0.0304753
0.033516
0.0490564
0.0546604
0.0442808
0.0507869
0.061353
0.0654697
0.0568803
0.0457326
0.0383798
0.0417735
0.0517766
0.0535436
0.0550285
0.0454824
0.0630762
0.0474652
0.0492089
0.0259541
0.033159
0.0428472
0.0496737
0.0395996
0.0421157
0.0461492
0.0371398
0.0521528
0.0336555
0.038693
0.0477058
0.0395418
0.034472
0.0508976
0.0390719
0.04144
0.0341144
0.0342362
0.0306915
0.0393765
0.0432036
0.0451154
0.0346147
0.0485626
0.0444903
0.0367025
0.0523809
0.0464312
0.0584539
0.0527203
0.0462238
0.0410314
0.0540604
0.0426022
0.0341065
0.054282
0.0495566
0.0484544
0.0410027
0.0348658
0.0447
0.0477015
0.049598
0.0541102
0.0516616
0.0517886
0.0436255
0.0459636
0.0500469
0.0501217
0.0552147
0.0557224
0.0473737
0.0521584
0.0564783
0.0520043
0.048395
0.0443338
0.039465
0.04395
0.036895
0.0402043
0.0405062
0.0472438
0.0443771
0.0405586
0.0467883
0.0458198
0.0503237
0.0458432
0.0509849
0.0559084
0.0523896
0.0580156
0.0444463
0.0582072
0.05579
0.056923
0.0628887
0.0556248
0.0692567
0.0585706
0.0698335
0.0807459
0.0691044
0.0734294
0.0756216
0.0821702
0.0847289
0.07094
0.0707945
0.0618411
0.0632104
0.0487097
0.0515401
0.0501781
0.0533253
0.0470147
0.0510694
0.0480634
0.0502042
0.0429169
0.0385521
0.048123
0.040423
0.0474447
0.0484976
0.0448147
0.0488482
0.0440195
0.0470903
0.0511686
0.057695
0.046424
0.0502864
0.054131
0.0584938
0.0580341
0.0615693
0.0571862
0.0644913
0.0639229
0.0624451
0.0755514
0.0717622
0.0861376
0.0829654
0.0806289
0.0867477
0.0774572
0.0781635
0.0664214
0.0709585
0.0683506
0.0481483
0.0567252
0.063711
0.0716776
0.043401
0.0599583
0.0419328
0.0529797
0.0431841
0.0561018
0.0501827
0.0588694
0.0425658
0.048837
0.0582229
0.0475228
0.0537545
0.0534208
0.0463099
0.0644543
0.0588808
0.049331
0.0599352
0.0626563
0.0652132
0.0624406
0.0587927
0.0618847
0.0637729
0.0691101
0.0563828
0.0700927
0.070863
0.0789689
0.0882676
0.0738823
0.0802829
0.0783459
0.078316
0.0635947
0.0702403
0.0657928
0.0613438
0.0565507
0.0547949
0.0475259
0.0517308
0.0548927
0.0553212
0.0564159
0.0529516
0.0606965
0.0548656
0.0604522
0.0523096
0.0501203
0.0675546
0.0334037
0.038392
0.0436893
0.0533358
0.0463526
0.043996
0.0371675
0.0627451
0.0462451
0.0418787
0.0447822
0.0436751
0.0465499
0.0427767
0.050904
0.042251
0.0387144
0.0452788
0.0450023
0.034496
0.0444998
0.0305437
0.0422528
0.0445809
0.0480272
0.0435273
0.0448655
0.0432393
0.0459247
0.0385854
0.0388581
0.0406952
0.0401079
0.0397428
0.0337185
0.0300077
0.0329094
0.0302512
0.0385681
0.0283614
0.0376602
0.0357277
0.0436851
0.0378648
0.0455411
0.0411358
0.0501596
0.0634689
0.0560368
0.0660439
0.06188
0.0746227
0.0668419
0.0721188
0.0680271
0.0784301
0.0774476
0.0815073
0.0974318
0.0839181
0.0826788
0.0812658
0.0926897
0.102651
0.076437
0.077572
0.0922634
0.0820196
0.0842706
0.0792771
0.0729062
0.0803271
0.0801346
0.0615514
0.0817101
0.0825773
0.077017
0.0659945
0.0818491
0.0998593
0.0658516
0.081683
0.0441438
0.058733
0.0694379
0.0703099
0.0836079
0.0757158
0.0695466
0.056776
0.0643068
0.0788514
0.0808999
0.0815018
0.0826228
0.0939281
0.0998745
0.0994255
0.0962653
0.0945438
0.104845
0.0906871
0.102121
0.0983696
0.0955093
0.0854455
0.0913316
0.0726881
0.086312
0.0842735
0.0759614
0.0847384
0.0709464
0.0742702
0.0514924
0.0626695
0.0774588
0.0487707
0.0215119
0.0674313
0.102995
0.0504667
0.0965752
0.067534
0.0714446
0.068393
0.0568714
0.120475
0.0868363
0.0885215
0.0997414
0.0735289
0.117159
0.0827115
0.128365
0.0800779
0.0827948
0.10944
0.115551
0.0998984
0.103575
0.093589
0.108431
0.102836
0.113835
0.107766
0.111787
0.111312
0.120654
0.104264
0.123315
0.112995
0.0889067
0.116814
0.0928199
0.106911
0.101056
0.073482
0.0978969
0.109167
0.0620183
0.075566
0.070281
0.0792071
0.0767877
0.0559377
0.0541037
0.0477857
0.0638674
0.0590675
0.0620232
0.090331
0.0772866
0.053162
0.0432462
0.0737501
0.0333732
0.0896132
0.0402326
0.0589578
0.129452
0.0762117
0.081276
0.0746472
0.0968305
0.0981228
0.0791565
0.0827714
0.085915
0.0838642
0.0982614
0.111795
0.126849
0.0783203
0.0759929
0.0823453
0.140185
0.0981779
0.0901384
0.089261
0.118318
0.113029
0.110415
0.129365
0.114303
0.124607
0.106518
0.118237
0.130113
0.0969819
0.112588
0.121598
0.102531
0.0861006
0.0752073
0.0966477
0.0848302
0.125298
0.0852089
0.12905
0.122837
0.0704834
0.0618003
0.0337408
0.100786
0.0860117
0.070239
0.0688874
0.0762413
0.119387
0.0909985
0.0859798
0.0987815
0.0676511
0.106337
0.0938951
0.0782413
0.110768
0.0846184
0.0709045
0.0641955
0.119976
0.0847442
0.0605737
0.0889104
0.0918585
0.0723531
0.0535701
0.136868
0.0812565
0.0967109
0.00318999
0.111112
0
0.122636
0.0448417
0.10639
0.0485104
0.0266874
0.0217385
0.0667929
0.0496926
0.0595594
0.0845462
0.0920677
0.0999644
0.118123
0.0998877
0.081077
0.135199
0.0979468
0.0971963
0.0981893
0.0831511
0.121443
0.0930579
0.0948426
0.0930497
0.093127
0.110038
0.0790314
0.104969
0.129479
0.0791251
0.0867718
0.12362
0.0570418
0.0675688
0.0884846
0.105174
0.0622103
0.0298717
0.0532296
0.0635517
0.0344135
0.0708767
0.0639241
0.0318464
0.0771816
0.0527903
0.0647855
0.0558852
0.0880831
0.0504883
0.0935265
0.0879725
0.053873
0.0792581
0.0997254
0.0800903
0.0959895
0.0370373
0.135577
0.067889
0.0418314
0.0762342
0.0944722
0.0749418
0.115424
0.0612779
0.141724
0.0854695
0.0997191
0.080244
0.118585
0.139257
0.0414963
0.0687606
0.0975168
0.0842834
0.0843216
0.0512769
0.115956
0.093783
0.0782282
0.0632039
0.112112
0.107263
0.117648
0.0943493
0.0720519
0.0724908
0.0958877
0.0518338
0.0996763
0.0964116
0.0985807
0.0766757
0.0557381
0.0706761
0.0707042
0.077793
0.0577271
0.0778449
0.0970102
