0.100274
0.0977727
0.096091
0.0961524
0.104289
0.102234
0.0974514
0.101812
0.100229
0.105848
0.106295
0.113403
0.109217
0.11171
0.115173
0.11905
0.110081
0.113985
0.107459
0.107855
0.107804
0.107576
0.102544
0.105897
0.111275
0.107633
0.115443
0.114239
0.117576
0.119308
0.123116
0.120235
0.117828
0.122279
0.120524
0.122728
0.118281
0.119687
0.112029
0.109546
0.115505
0.10732
0.116883
0.112668
0.106683
0.115395
0.119901
0.120116
0.117462
0.123653
0.12081
0.126228
0.131744
0.134454
0.134376
0.13403
0.123886
0.123888
0.120591
0.115269
0.104913
0.0957451
0.0951773
0.0889694
0.0758745
0.0841343
0.0790382
0.0995533
0.0958427
0.0916632
0.095475
0.0977808
0.0940518
0.103632
0.0947276
0.101365
0.100229
0.095902
0.0972565
0.0969356
0.100543
0.0940821
0.0851914
0.0920726
0.0955205
0.0955513
0.101901
0.0976531
0.100349
0.105581
0.110843
0.105779
0.107778
0.105709
0.106391
0.112414
0.0990333
0.105134
0.103747
0.110492
0.110059
0.106877
0.113875
0.110151
0.111947
0.113863
0.111068
0.113507
0.115672
0.115998
0.118896
0.118675
0.116874
0.115118
0.116269
0.109977
0.109929
0.102823
0.105533
0.0920789
0.089643
0.102753
0.103554
0.107503
0.109483
0.109962
0.111684
0.116575
0.116967
0.118561
0.116688
0.117967
0.119356
0.126987
0.129354
0.127764
0.121543
0.118262
0.118305
0.108427
0.111398
0.0986621
0.0941177
0.0902998
0.083402
0.0975567
0.10534
0.0939727
0.105509
0.105378
0.101457
0.108699
0.110939
0.112147
0.120522
0.116086
0.115827
0.122536
0.123494
0.123595
0.11897
0.119236
0.118089
0.115859
0.112672
0.109514
0.104647
0.0937187
0.0992902
0.103035
0.101842
0.103581
0.11352
0.110397
0.0988467
0.105771
0.110127
0.103244
0.098366
0.0948558
0.0881418
0.0836721
0.0849062
0.0828654
0.0893695
0.0835918
0.0872284
0.0982359
0.0983337
0.0968257
0.103229
0.103978
0.110139
0.105304
0.105538
0.105863
0.108117
0.107432
0.0959334
0.0875672
0.0834279
0.0878433
0.0704516
0.0783187
0.0706543
0.0799689
0.0792386
0.094257
0.0830487
0.0992983
0.0937544
0.0941791
0.105359
0.0991409
0.106132
0.107594
0.112975
0.112039
0.112581
0.114202
0.111877
0.109562
0.107896
0.0998419
0.0932185
0.0892678
0.0796637
0.0730463
0.0701342
0.0921551
0.0797656
0.0947466
0.0910017
0.083634
0.0997205
0.0961147
0.0928669
0.0951856
0.0979708
0.103235
0.0997773
0.10616
0.10967
0.107431
0.112499
0.114758
0.113778
0.114916
0.11463
0.111363
0.108827
0.111624
0.106608
0.106157
0.100918
0.0976092
0.0964714
0.078288
0.0767098
0.0716748
0.0710073
0.05803
0.0817668
0.0758998
0.0732961
0.0878648
0.073451
0.0954911
0.0792359
0.0968234
0.0979207
0.0920166
0.103013
0.106813
0.110966
0.114511
0.120309
0.117821
0.11969
0.116804
0.115582
0.111461
0.0988256
0.103548
0.107309
0.0955993
0.0966186
0.0949498
0.0844786
0.093783
0.0792823
0.0760501
0.0739597
0.0731027
0.0864688
0.0813465
0.0783701
0.0789781
0.077272
0.0891739
0.0842123
0.0810273
0.0864309
0.0882798
0.0955858
0.102243
0.100773
0.104084
0.0989509
0.0990243
0.104541
0.0937042
0.0987233
0.0860344
0.0664805
0.0677887
0.0539812
0.0592097
0.0557855
0.0600821
0.0603908
0.0611601
0.0552655
0.0848027
0.0891044
0.0620919
0.0688298
0.0844993
0.0903858
0.0824898
0.0849968
0.0935763
0.0973947
0.0992823
0.0858165
0.109172
0.108363
0.093473
0.101161
0.102543
0.103683
0.0977102
0.0948437
0.0890163
0.0874415
0.0701818
0.0533364
0.0454878
0.0576251
0.0660147
0.0575061
0.0665196
0.0587205
0.0796297
0.0686417
0.0568045
0.0663253
0.0774816
0.0645261
0.0701974
0.0718237
0.0719951
0.0735053
0.0899061
0.0767942
0.0866248
0.0777435
0.0939221
0.0934306
0.0872405
0.101815
0.098721
0.106592
0.104413
0.108705
0.0986582
0.105451
0.0966413
0.0940023
0.0796252
0.0743157
0.0575694
0.0589799
0.0654349
0.0601961
0.0787356
0.0785698
0.0707133
0.0722671
0.0868426
0.069593
0.0637993
0.0876149
0.0683129
0.0647645
0.0887102
0.0834809
0.091507
0.0898421
0.0940554
0.079902
0.098324
0.100039
0.0955563
0.0961652
0.104317
0.100061
0.106749
0.0997349
0.107786
0.0901583
0.100974
0.0862164
0.0968279
0.105127
0.0882192
0.0801973
0.102645
0.0829713
0.0670323
0.085259
0.0681621
0.068453
0.0622603
0.0717306
0.0828104
0.0947581
0.0814373
0.084147
0.0850687
0.0895402
0.0969014
0.101724
0.0975437
0.0993812
0.0980385
0.0884835
0.104032
0.0978741
0.107694
0.099997
0.0924315
0.07745
0.0685512
0.0519441
0.0609192
0.0445994
0.0706589
0.0675026
0.0696962
0.060345
0.0557014
0.0587939
0.0523794
0.0654989
0.0640552
0.0883426
0.079271
0.063528
0.0775382
0.0502163
0.0504587
0.0745767
0.0584383
0.0795279
0.0656304
0.0864573
0.0835156
0.0813943
0.0739216
0.0803621
0.0856121
0.105108
0.102732
0.0850195
0.0984143
0.103718
0.0961377
0.0788941
0.0819243
0.0781607
0.0585788
0.0756287
0.0728504
0.0668175
0.0564649
0.0414316
0.0720962
0.0771239
0.0709304
0.102036
0.122312
0.18259
0.235856
0.308744
0.353956
0.367196
0.401292
0.358493
0.291013
0.185525
0.11024
0.0767052
0.0693285
0.072434
0.0856417
0.0794679
0.0684817
0.0834868
0.06489
0.0836239
0.0669416
0.0768501
0.0756399
0.0888307
0.0783737
0.0842623
0.0879824
0.0823719
0.090252
0.0770481
0.090206
0.0805019
0.0732331
0.0716557
0.0643754
0.0862158
0.0677204
0.0706581
0.06561
0.0578158
0.0815687
0.0659136
0.0683902
0.0783322
0.0947605
0.0697813
0.0764329
0.0917003
0.080384
0.0787548
0.0917775
0.0960667
0.0875299
0.0962296
0.0947402
0.0800095
0.0670501
0.0749859
0.0704747
0.0580659
0.0773793
0.0725767
0.0588174
0.0488051
0.0550045
0.0769409
0.0769855
0.0533204
0.0529104
0.0670154
0.063461
0.0610367
0.0686843
0.0733679
0.0567168
0.0546028
0.0914172
0.073418
0.0700947
0.0646118
0.0671352
0.0768606
0.0498383
0.0791981
0.0708804
0.0837864
0.0770038
0.0858089
0.0794342
0.0802875
0.072126
0.0745135
0.0789243
0.0840062
0.0901356
0.0718996
0.0560915
0.0809051
0.0928347
0.0670352
0.070562
0.0660722
0.0674733
0.0510451
0.0668985
0.0739022
0.0460239
0.0799226
0.0353837
0.0284851
0.057368
0.0638047
0.0415402
0.0762335
0.0728258
0.0760741
0.0584453
0.0676681
0.049104
0.0507508
0.0671533
0.0524633
0.0540881
0.0539591
0.0622312
0.0545707
0.0764547
0.0647984
0.0440869
0.064463
0.0591787
0.0662775
0.0689468
0.0594145
0.0531467
0.0523385
0.0625157
0.0670023
0.053164
0.0547477
0.0590931
0.0612969
0.0518613
0.046722
0.0655844
0.0414879
0.0475263
0.0644556
0.0665623
0.0696575
0.0623173
0.062403
0.0557275
0.080004
0.0548677
0.0744812
0.0593626
0.0518643
0.0482518
0.0625047
0.0662523
0.0875234
0.0612977
0.077235
0.0554738
0.0511669
0.0646635
0.0483394
0.0618363
0.0553161
0.0448492
0.0662137
0.0885596
0.0676913
0.0547738
0.0828015
0.0750416
0.0724965
0.0649199
0.0250606
0.0365173
0.0731111
0.0585786
0.0628881
0.0440002
0.051385
0.0763878
0.0425107
0.0780233
0.0796927
0.0768764
0.0844173
0.0650067
0.0631589
0.0651455
0.0630457
0.0539427
0.0660875
0.061077
0.0877442
0.0663887
0.0688209
0.0785058
0.0541244
0.0642925
0.0667976
0.0693255
0.0735769
0.0580098
0.0518136
0.0445572
0.0472901
0.0556139
0.0514107
0.0389341
0.0467271
0.0413271
0.0435449
0.0443429
0.0472732
0.0469499
0.0293983
0.033564
0.0413163
0.0386539
0.0353707
0.0434624
0.0327596
0.0331124
0.0427814
0.0200689
0.0400905
0.0395562
0.0364766
0.0390254
0.0424345
0.0441598
0.021025
0.0323717
0.0403647
0.0431423
0.0444273
0.0527759
0.054745
0.0407939
0.0406639
0.0325134
0.044561
0.0481297
0.0491829
0.053642
0.0380919
0.064969
0.0375231
0.0456992
0.0555739
0.0550246
0.0476192
0.0361796
0.0451351
0.0376707
0.0349804
0.0318406
0.0427147
0.0411636
0.0377139
0.0348051
0.0417359
0.0433543
0.0300538
0.0356135
0.0323219
0.0464
0.0473377
0.0460044
0.0321409
0.0413581
0.0546769
0.04436
0.0478528
0.0287845
0.054151
0.0325619
0.0322064
0.0414156
0.0504105
0.0336929
0.0261658
0.0346672
0.0666941
0.0425678
0.0324923
0.0481375
0.0406327
0.0432243
0.0356307
0.0354666
0.047879
0.0631252
0.0603265
0.0657899
0.0643432
0.0489307
0.0407795
0.0596306
0.0526217
0.0324384
0.0430129
0.0322946
0.0402802
0.0531512
0.0562179
0.0474614
0.0544045
0.0769507
0.0511088
0.0427958
0.0632948
0.0568474
0.0414883
0.043278
0.0437759
0.0383033
0.0622281
0.0519867
0.0258287
0.0391402
0.0550853
0.0180598
0.0501733
0.0539498
0.0790649
0.0734601
0.057708
0.0481688
0.0567968
0.066628
0.0448649
0.0542486
0.0459905
0.0756747
0.0434421
0.062522
0.0727565
0.0502747
0.0450905
0.0267257
0.0501523
0.0630527
0.0539519
0.0284952
0.0613353
0.0371823
0.0635358
0.0641519
0.0463633
0.0282798
0.0427944
0.0446661
0.0492822
0.0599865
0.0429443
0.0478719
0.0232121
0.0475203
0.0298715
0.0366398
0.0371082
0.0396674
0.0472957
0.0394897
0.0391828
0.0387101
0.0444381
0.0405902
0.0466087
0.0436213
0.0450619
0.0374124
0.0311844
0.039787
0.0416431
0.0370411
0.0405081
0.026847
0.0277368
0.0339438
0.0405233
0.0253672
0.037207
0.0348313
0.0324178
0.0365854
0.0237635
0.0276229
0.0268659
0.0399368
0.0334328
0.0215269
0.0334847
0.0233462
0.0335596
0.029437
0.0321213
0.0316221
0.040449
0.025472
0.0346973
0.0274923
0.0276339
0.0307898
0.0330523
0.0301576
0.023874
0.0267559
0.029423
0.0339714
0.0235672
0.0293575
0.0296496
0.0288934
0.0313198
0.0351048
0.0275323
0.0374906
0.0322298
0.0233464
0.0334767
0.0316999
0.0275864
0.0405269
0.0231166
0.0396761
0.0302745
0.0309314
0.0308793
0.0326354
0.0324617
0.0325541
0.0332044
0.0287554
0.0368037
0.0379737
0.0331186
0.0273415
0.0336234
0.0332621
0.0361946
0.0322226
0.0387476
0.0283241
0.0350246
0.0382251
0.0229631
0.0295374
0.0306253
0.0333768
0.0329982
0.02909
0.0288622
0.0269763
0.0267062
0.0311324
0.0320681
0.0358079
0.0259463
0.0329132
0.0344885
0.0352087
0.0349039
0.0336808
0.0261248
0.0315977
0.0344644
0.0313186
0.0296133
0.0382896
0.039441
0.0409154
0.0325788
0.0254857
0.0301927
0.0372076
0.0308209
0.0303486
0.0387846
0.0327696
0.0360477
0.0287381
0.0324043
0.0291588
0.0314753
0.0254329
0.0355169
0.0329398
0.0434793
0.0401183
0.0390539
0.0401536
0.0309139
0.031583
0.035806
0.0327542
0.0351595
0.0351659
0.0354411
0.0331067
0.0413232
0.0316621
0.0420151
0.0352945
0.0307637
0.0421848
0.0309535
0.0285255
0.0491597
0.0469665
0.0312286
0.0356318
0.0331399
0.0361128
0.0402975
0.035106
0.0367156
0.0457426
0.026949
0.0407897
0.0476963
0.0511549
0.0431091
0.0517714
0.0421887
0.0458795
0.0391097
0.0386504
0.0494973
0.0550737
0.0341741
0.0375905
0.0418328
0.0413391
0.0486866
0.0363714
0.0620782
0.0559011
0.0438651
0.0424446
0.0450685
0.0387702
0.042637
0.0389337
0.046379
0.049415
0.0284439
0.0584454
0.0442812
0.0539739
0.0497537
0.0358805
0.0448524
0.0333717
0.0408928
0.0299061
0.0375418
0.0438813
0.0276096
0.0413312
0.0455809
0.0370092
0.0415948
0.0274776
0.0463931
0.0379327
0.0407349
0.0338983
0.0214242
0.0260971
0.0364672
0.0400334
0.0336904
0.03667
0.0398039
0.0366948
0.0339965
0.0345122
0.0296217
0.0260975
0.0294306
0.0313179
0.0387372
0.032336
0.0355914
0.0284894
0.0264218
0.0294394
0.0209546
0.016211
0.0342233
0.0392764
0.0274138
0.0291841
0.0268849
0.0292931
0.0363355
0.0313681
0.0423446
0.0275933
0.0355548
0.0271246
0.0311414
0.0341112
0.0291523
0.0280234
0.0290271
0.0304757
0.0299771
0.0237066
0.0300005
0.0300293
0.029077
0.0252467
0.0309544
0.0296591
0.0381439
0.0255371
0.0194999
0.0348129
0.0220939
0.0248132
0.0274521
0.0259266
0.0328703
0.0361653
0.0372056
0.0258148
0.0151995
0.0295892
0.032497
0.0272652
0.0280549
0.035358
0.0203476
0.0304179
0.0388797
0.0287435
0.029188
0.0321102
0.0215942
0.0265708
0.0340297
0.032948
0.0279282
0.0343456
0.0245658
0.0393413
0.0338405
0.0337811
0.0348578
0.0341034
0.0232095
0.0371912
0.026858
0.0234331
0.0263077
0.0316528
0.0280047
0.0303857
0.0295861
0.023379
0.0326865
0.0267927
0.0281138
0.0274195
0.0222315
0.0215044
0.0285281
0.0273504
0.0303763
0.0341696
0.0338305
0.0285459
0.031661
0.0271531
0.0249613
0.0283623
0.0252703
0.0404254
0.0324648
0.0395185
0.0338856
0.0243364
0.0242778
0.0351166
0.0407476
0.0328946
0.0330847
0.030136
0.0281605
0.0404648
0.0383472
0.0410586
0.0372801
0.0375079
0.0357735
0.0330131
0.0367449
0.0334339
0.0402242
0.0341926
0.0333246
0.0447818
0.0384931
0.0342767
0.0268706
0.035116
0.0420722
0.0393708
0.0348954
0.0400507
0.049671
0.0471762
0.0598545
0.0878248
0.150507
0.332055
0.497852
0.576798
0.600336
0.571041
0.463105
0.264123
0.115671
0.0689907
0.0516803
0.0474809
0.0433608
0.0355466
0.0393204
0.0352575
0.0321894
0.0380652
0.0332874
0.0358251
0.0328568
0.0392993
0.0368341
0.032346
0.0316488
0.0317255
0.0279094
0.0322408
0.0366568
0.0303155
0.0347971
0.0344614
0.0365948
0.0353826
0.0465061
0.0447269
0.0443942
0.0394096
0.0530865
0.0478231
0.0340041
0.0465756
0.0398363
0.0385423
0.0378528
0.0369799
0.0414626
0.0393913
0.0395452
0.0384675
0.0341153
0.0392069
0.0461552
0.0409419
0.0400525
0.0371493
0.0356576
0.0402
0.0347637
0.0358201
0.0419968
0.0385681
0.0354309
0.0339019
0.0370957
0.0416045
0.0337645
0.0421201
0.0451354
0.0342515
0.0390031
0.0276724
0.0379851
0.0232228
0.0363119
0.0339682
0.0412424
0.0408698
0.0379285
0.035541
0.0294175
0.030197
0.0348693
0.0392967
0.0413581
0.0293123
0.0405812
0.0360808
0.0282679
0.0347415
0.0328042
0.0310079
0.0325129
0.0301418
0.0349504
0.0336705
0.0428896
0.0373773
0.0277284
0.0395555
0.028147
0.0374793
0.03414
0.0361214
0.0420452
0.0372346
0.0434396
0.0375662
0.0421942
0.0448878
0.0284049
0.0379097
0.0237631
0.0634127
0.046616
0.0311683
0.0380874
0.0385511
0.0280591
0.0210228
0.0295673
0.0493115
0.0424479
0.0376478
0.0412841
0.0327998
0.0371485
0.0437838
0.0378529
0.0444233
0.0364412
0.0353547
0.0289735
0.0380373
0.0342245
0.0346408
0.034233
0.0332002
0.0349215
0.0437161
0.029215
0.0111798
0.0469502
0.0345397
0
0.0487541
0.0362055
0.0220141
0.033583
0.0245724
0.0606206
0.0174793
0.0065339
0.047643
0.0509052
0.0412409
0.0295371
0.0328078
0.053562
0.0394771
0.0370795
0.0246393
0.0378724
0.023587
0.0193168
0.0249579
0.0463698
0.0506768
0.0188377
0.0845874
0.0531958
0.0196964
0.0216462
0.0170095
0.0221419
0.0722115
0.0753125
0.0528431
0.0825642
0.0700541
0.0534145
0.0395539
0.0366477
0.0478101
0.0201246
0.0528047
0.0668607
0.0448165
0.0492861
0.0461108
0.0428383
0.039581
0.0298576
0.0466649
0.0276338
0.047857
0.032484
0.0255748
0.0479895
0.0461127
0.0349255
0.0264256
0.042699
0.0398091
0.045568
0.0430759
0.041405
0.0323024
0.0431657
0.0380738
0.0344418
0.0203219
0.031734
0.0471227
0.0410706
0.0323478
0.0450652
0.0185118
0.0163455
0.0406995
0.0549747
0.0526971
0.081763
0.0573592
0.0776066
0.0613261
0.0557896
0.036103
0.0376692
0.0540304
0.0363995
0.031084
0.0282768
0.0502268
0.0398089
0.0179534
0.046352
0.0445956
0.0420957
0.0306163
0.0434412
0.0500646
0.0438989
0.0448678
0.041914
0.0468442
0.0420498
0.0582556
0.050706
0.0564765
0.0572473
0.0722464
0.0724514
0.0716994
0.0590241
0.0693111
0.0784122
0.0716288
0.0829924
0.0868853
0.0852583
0.0765128
0.0743243
0.0592881
0.0408294
0.046238
0.0229324
0.0405147
0.041821
0.0314801
0.051994
0.0479119
0.0210309
0.0395474
0.0487167
0.0328439
0.0291543
0.0374082
0.020857
0.0109273
0.0482196
0.0394121
0.0423361
0.0422746
0.038544
0.0346327
0.0304563
0.029778
0.0424552
0.0350711
0.0330868
0.0212648
0.0393238
0.0324068
0.0335272
0.0356017
0.0294662
0.0240196
0.032462
0.0326336
0.0374134
0.0362129
0.0238444
0.0224623
0.0260354
0.0267954
0.0209237
0.0407378
0.0378197
0.0360584
0.0251023
0.0299041
0.0406996
0.0387952
0.0233415
0.0394297
0.0415
0.0466006
0.0366203
0.0359361
0.0380903
0.0462121
0.0401218
0.0431799
0.0182453
0.0279824
0.0382125
0.0336638
0.0462697
0.0337549
0.0410264
0.0406689
0.0396373
0.0447982
0.0380981
0.04192
0.0471632
0.0440366
0.0405615
0.0461285
0.0444103
0.0465875
0.041988
0.039271
0.043127
0.0319474
0.0270985
0.0388812
0.0320742
0.026126
0.0313008
0.0397283
0.0401381
0.0313432
0.0345531
0.0377657
0.0383185
0.0481423
0.0360603
0.0436452
0.0481158
0.0518293
0.0425164
0.0476169
0.0490624
0.0433093
0.0486456
0.0511893
0.0585052
0.045516
0.0572291
0.0596829
0.0653272
0.0584132
0.0697877
0.0726262
0.0696006
0.0564369
0.0611905
0.0549801
0.0572386
0.0446355
0.0399814
0.0410664
0.0419282
0.0373662
0.0329714
0.0392461
0.0348425
0.0453089
0.033996
0.0422295
0.032145
0.0352864
0.038803
0.0445159
0.0404132
0.0399511
0.0490473
0.0437854
0.0460704
0.0401113
0.0381432
0.0439768
0.0512805
0.0482923
0.0487528
0.0517616
0.0518272
0.0526951
0.0614313
0.0634147
0.0622714
0.0758912
0.07508
0.0718002
0.0741615
0.0750471
0.07067
0.0651042
0.0614839
0.0515913
0.0611289
0.0599445
0.0458916
0.0498132
0.032352
0.0498311
0.0367566
0.04393
0.0399616
0.0481731
0.049142
0.0507987
0.0386853
0.0355471
0.0414724
0.0485337
0.0568406
0.0416866
0.0413344
0.0534665
0.0442883
0.043849
0.0453745
0.0432286
0.0519812
0.0521123
0.0503782
0.0494506
0.0551582
0.0630729
0.0628051
0.0676437
0.0665131
0.0728246
0.0748623
0.067769
0.070889
0.0733801
0.0675144
0.0592717
0.0604984
0.0557946
0.0513914
0.0452575
0.0508701
0.0470005
0.0323188
0.0521075
0.0438415
0.0529697
0.0421082
0.0460244
0.0434407
0.0563447
0.0555001
0.0426123
0.0534446
0.0276676
0.0352093
0.0342481
0.0327582
0.0274957
0.0485115
0.0325664
0.0510268
0.0412938
0.0307469
0.0320786
0.033432
0.0367569
0.028682
0.0343847
0.0309491
0.0255833
0.03852
0.0346165
0.0229221
0.0318086
0.0228321
0.0365078
0.0291007
0.0386598
0.0334201
0.034799
0.0306445
0.0316134
0.0320821
0.0260915
0.0301052
0.0201366
0.0328128
0.0305377
0.0300691
0.026241
0.0258473
0.0242551
0.0234809
0.0320423
0.0242703
0.0315537
0.0349967
0.0342594
0.0306852
0.0390952
0.0424906
0.0521071
0.0476543
0.045617
0.0638708
0.0580922
0.0607243
0.0533866
0.0602154
0.0655731
0.0697956
0.0770265
0.0729008
0.0636661
0.0733663
0.0845445
0.0944557
0.069794
0.0711184
0.0715248
0.0563367
0.0638203
0.07088
0.077299
0.0691731
0.0555376
0.0566148
0.0653592
0.0633478
0.0772589
0.0768127
0.0760473
0.0635526
0.0785967
0.0699629
0.0393938
0.0536502
0.0648865
0.0457227
0.0572467
0.0721538
0.0708059
0.0563862
0.0675671
0.0749607
0.0765641
0.0799059
0.0579389
0.0811222
0.0902093
0.090703
0.0887371
0.0741436
0.0926116
0.0970042
0.0775299
0.0951812
0.0818908
0.085357
0.0732416
0.0782748
0.0811065
0.0794266
0.0687197
0.0530788
0.0497873
0.0637004
0.0339126
0.044896
0.0568873
0.0600675
0.0533009
0.0520609
0.0801505
0.0680324
0.0529442
0.0572554
0.0717003
0.0746464
0.0463038
0.0972538
0.083395
0.0799696
0.0858134
0.0605735
0.114135
0.0782558
0.0994139
0.0832572
0.0799189
0.0802884
0.107901
0.0794612
0.0917243
0.0726523
0.110247
0.0744599
0.10243
0.097807
0.0974896
0.0967864
0.103368
0.093764
0.103435
0.108305
0.0700351
0.102688
0.0859562
0.0908671
0.0987189
0.0717223
0.0958983
0.0889475
0.0624875
0.0868636
0.0741143
0.050995
0.059699
0.0822991
0.0471035
0.0398211
0.0722979
0.0482696
0.0755086
0.0870497
0.0464831
0.0393852
0.0975777
0.0461155
0.0554983
0.0867628
0.0278939
0.0543525
0.0706919
0.0871332
0.0791722
0.104126
0.0810147
0.0892091
0.0725984
0.0801496
0.0701591
0.0706676
0.0842952
0.0950963
0.104507
0.100263
0.111216
0.0813505
0.111021
0.0908304
0.0885923
0.108225
0.0990647
0.136418
0.091391
0.109544
0.116945
0.116272
0.104253
0.10785
0.0962759
0.0875507
0.101358
0.0982299
0.0688423
0.0932734
0.0678115
0.074408
0.0820082
0.100481
0.104067
0.0934762
0.0902277
0.0659062
0.0546633
0.0576451
0.0782932
0.0898948
0.0886944
0.0790187
0.0867155
0.0890435
0.100527
0.120275
0.0626433
0.0747872
0.0978318
0.0965687
0.0868087
0.0943219
0.0694513
0.0478741
0.0467302
0.11316
0.0702467
0.0502424
0.0762293
0.0890141
0.0537391
0.120347
0.123801
0.0945196
0.0917681
0.0132595
0.114234
0.0439905
0.0994292
0.0945266
0.0361126
0.0412751
0.014706
0.00767431
0.0502297
0.0727063
0.0668073
0.0580675
0.070577
0.0850465
0.101311
0.0772269
0.0770889
0.110554
0.117289
0.12146
0.10396
0.0834126
0.108174
0.0817206
0.0530793
0.0980334
0.107218
0.09542
0.0766451
0.0866636
0.138399
0.0775307
0.0855204
0.0871649
0.0560482
0.0859114
0.0737254
0.0607869
0.0410909
0.0526664
0.0763117
0.0679217
0.0246062
0.0935527
0.0803346
0.0590806
0.0510742
0.0922017
0.0715334
0.038761
0.0621351
0.0212707
0.082789
0.0960769
0.0330306
0.0461017
0.0505358
0.0811606
0.0627157
0.0444335
0.160856
0.100084
0.0585747
0.0481542
0.0801726
0.0456314
0.0974743
0.0615648
0.095002
0.101735
0.0971947
0.0745742
0.0785467
0.107112
0.0889963
0.0765347
0.0919495
0.116229
0.0872568
0.0591788
0.0897626
0.0932199
0.0972494
0.0675614
0.081957
0.100629
0.0918656
0.105021
0.100113
0.0746849
0.0594387
0.0579572
0.0864249
0.0735103
0.0572797
0.0439763
0.0381297
0.0509752
0.0457979
0.0518457
0.0470326
0.0708458
0.0783458
