0.134018
0.138593
0.131873
0.121727
0.128075
0.142965
0.135426
0.134832
0.138342
0.148231
0.145406
0.149506
0.141486
0.148967
0.150468
0.150682
0.148678
0.151188
0.144344
0.148523
0.13535
0.146677
0.134015
0.139142
0.14924
0.147852
0.149346
0.151377
0.159519
0.155177
0.158191
0.156493
0.156401
0.158563
0.15716
0.160186
0.158807
0.15453
0.150489
0.155363
0.154266
0.145509
0.146182
0.153713
0.146114
0.154382
0.155069
0.158629
0.156827
0.156631
0.158646
0.16418
0.169858
0.171703
0.172229
0.170317
0.161855
0.162592
0.15643
0.148884
0.142265
0.132186
0.126943
0.121
0.115269
0.119331
0.116513
0.128607
0.129467
0.124776
0.132877
0.137556
0.131174
0.141061
0.132025
0.134864
0.139761
0.132402
0.131335
0.126425
0.127371
0.13151
0.131205
0.130155
0.13147
0.136337
0.133978
0.140035
0.14052
0.142679
0.144588
0.142708
0.146462
0.142167
0.143292
0.146293
0.138644
0.141385
0.135023
0.145232
0.147817
0.147223
0.149228
0.149565
0.148551
0.150623
0.147536
0.153353
0.149996
0.156053
0.152876
0.155941
0.155661
0.154046
0.149721
0.149264
0.146269
0.14006
0.139135
0.124709
0.130063
0.13133
0.139371
0.144934
0.142369
0.147084
0.145649
0.156976
0.152433
0.154566
0.151336
0.158952
0.158035
0.164241
0.16492
0.165079
0.15963
0.154377
0.153515
0.145068
0.139214
0.136043
0.127621
0.120329
0.12816
0.12869
0.129153
0.128357
0.145659
0.148583
0.140755
0.14919
0.145152
0.148576
0.155887
0.156469
0.155898
0.156468
0.161383
0.160819
0.157165
0.156196
0.15351
0.150144
0.144155
0.144452
0.136348
0.135067
0.13754
0.135286
0.136692
0.140744
0.148779
0.144459
0.137703
0.145139
0.141847
0.137481
0.1406
0.14129
0.122158
0.116886
0.117802
0.115868
0.119025
0.120078
0.130849
0.13374
0.133855
0.134098
0.137813
0.138017
0.143765
0.146217
0.14526
0.144143
0.142184
0.140729
0.134715
0.128041
0.115405
0.12153
0.108964
0.111532
0.111098
0.121573
0.119129
0.125436
0.122827
0.129523
0.128174
0.135681
0.144532
0.136614
0.142436
0.146703
0.148247
0.14737
0.149956
0.15099
0.143722
0.14668
0.14461
0.136725
0.131918
0.125207
0.122246
0.105558
0.119397
0.123334
0.115011
0.125523
0.130009
0.126992
0.135554
0.134862
0.130227
0.134855
0.139168
0.141252
0.135766
0.146788
0.138893
0.148909
0.151777
0.147055
0.153506
0.151903
0.149547
0.148852
0.142626
0.148135
0.143719
0.143159
0.139518
0.124197
0.133199
0.116236
0.116618
0.110424
0.104496
0.10086
0.112698
0.118863
0.125005
0.121117
0.102768
0.12954
0.110933
0.131819
0.131382
0.122836
0.1389
0.145712
0.13911
0.146426
0.157204
0.157844
0.150172
0.150051
0.152886
0.145852
0.143397
0.141272
0.139854
0.13091
0.130723
0.126884
0.113954
0.123615
0.117199
0.103767
0.116589
0.0994914
0.11663
0.116056
0.0928387
0.119354
0.113942
0.119386
0.114923
0.125273
0.117941
0.134918
0.126348
0.137394
0.137333
0.135812
0.142582
0.139672
0.141868
0.127166
0.122483
0.107852
0.102918
0.0891344
0.097267
0.0922519
0.0898363
0.103551
0.0938323
0.099273
0.0863564
0.111586
0.114775
0.101938
0.101154
0.10985
0.108311
0.11461
0.116363
0.122693
0.140296
0.127922
0.124241
0.140509
0.133624
0.136017
0.135388
0.134414
0.138272
0.134243
0.122943
0.115805
0.119372
0.102582
0.105801
0.0804959
0.0910592
0.0910095
0.10952
0.0923237
0.091563
0.0917735
0.104419
0.0973379
0.112781
0.10043
0.0981548
0.110923
0.102313
0.111065
0.104804
0.118598
0.11644
0.119756
0.118945
0.13065
0.130807
0.131163
0.129657
0.134445
0.13625
0.14814
0.142028
0.139106
0.130603
0.134212
0.115888
0.101352
0.106792
0.0841077
0.101174
0.0979993
0.105204
0.111864
0.104361
0.0961614
0.108321
0.118998
0.0999595
0.0896175
0.10155
0.110357
0.108184
0.116453
0.114603
0.119934
0.122914
0.129079
0.119882
0.13371
0.135928
0.127123
0.126985
0.139854
0.14308
0.134151
0.133784
0.135447
0.137091
0.137997
0.132748
0.122952
0.137298
0.129592
0.131244
0.124544
0.109832
0.103336
0.10046
0.104613
0.102363
0.100743
0.111732
0.119592
0.116558
0.124989
0.139254
0.120923
0.120605
0.124161
0.139429
0.133741
0.132237
0.132207
0.13305
0.122438
0.131284
0.143064
0.139676
0.120315
0.0918328
0.0869921
0.0846602
0.0964761
0.0688833
0.0960444
0.0720757
0.0853045
0.102857
0.0822457
0.0824218
0.0727502
0.108052
0.0962729
0.0988016
0.100587
0.100832
0.105169
0.110143
0.0909431
0.115792
0.0943039
0.123605
0.111651
0.131576
0.122813
0.130306
0.108076
0.116019
0.129815
0.123888
0.126381
0.129211
0.133043
0.137445
0.126175
0.117057
0.121185
0.106163
0.0927327
0.0910613
0.0965481
0.0766156
0.0980393
0.0666543
0.0958986
0.116292
0.104809
0.118412
0.148797
0.220972
0.266819
0.351249
0.401689
0.419373
0.432918
0.397239
0.324388
0.215163
0.14301
0.114147
0.113666
0.110005
0.118783
0.109535
0.112581
0.108709
0.097757
0.0948731
0.108998
0.109357
0.103097
0.122482
0.123236
0.110497
0.112862
0.119686
0.120895
0.119016
0.127332
0.113076
0.0941011
0.0998565
0.0857386
0.106243
0.106017
0.0895897
0.104843
0.107405
0.108272
0.117482
0.102251
0.10016
0.122443
0.10383
0.115795
0.111488
0.122648
0.122022
0.126612
0.118724
0.123689
0.107599
0.119088
0.112931
0.0972329
0.108621
0.0893357
0.103831
0.0845867
0.106262
0.0915054
0.0876549
0.100533
0.0907143
0.0998505
0.0935285
0.0854789
0.0895064
0.100342
0.10823
0.10525
0.102876
0.101188
0.102759
0.120163
0.109378
0.105428
0.106347
0.103851
0.108481
0.097795
0.104644
0.115435
0.114127
0.0954674
0.116132
0.106633
0.117184
0.108917
0.103485
0.105761
0.115532
0.125686
0.104072
0.0993619
0.105446
0.111392
0.100444
0.0935246
0.083295
0.09636
0.0766599
0.0930134
0.104282
0.0805754
0.114602
0.0730548
0.0749724
0.0838449
0.0890001
0.0729727
0.0872263
0.101903
0.106678
0.0880482
0.0887004
0.0907884
0.08579
0.0758299
0.0650684
0.0707008
0.0968578
0.10404
0.0817569
0.112669
0.0862926
0.0887606
0.0945472
0.0970182
0.0915648
0.109312
0.089654
0.0814575
0.0877287
0.0938966
0.103399
0.0930488
0.0945962
0.106483
0.110502
0.0992883
0.0749806
0.0800497
0.0750244
0.0797524
0.0835587
0.0855069
0.0967395
0.0843789
0.0993599
0.0846435
0.10334
0.0862583
0.0872555
0.0839166
0.0915697
0.0944421
0.100428
0.105712
0.104539
0.0646575
0.0889711
0.0836997
0.0706971
0.0969575
0.082729
0.0828973
0.0841288
0.0833075
0.0946773
0.10714
0.0745029
0.0705985
0.0925419
0.0879191
0.103577
0.11565
0.0585578
0.0611017
0.102214
0.0769997
0.097243
0.0673076
0.0963611
0.0888284
0.0891197
0.0931749
0.120564
0.104646
0.118309
0.0882026
0.0879861
0.0968337
0.0783121
0.0725703
0.079653
0.103873
0.086243
0.111326
0.0975528
0.111949
0.0981333
0.0989615
0.0880477
0.104472
0.101681
0.0891523
0.0847957
0.0792827
0.08048
0.0750467
0.0844485
0.0751443
0.0839398
0.0611635
0.0671697
0.0699927
0.0736453
0.0716819
0.069228
0.0583394
0.0698135
0.0465893
0.0553748
0.0766368
0.0655511
0.0631339
0.0629601
0.0637037
0.0625195
0.0811053
0.0662942
0.0670345
0.0701685
0.0732369
0.0597974
0.0743227
0.0644095
0.0792413
0.0779196
0.0665813
0.0751608
0.0697299
0.0675104
0.0658354
0.0877136
0.0841704
0.0783803
0.0763677
0.0651985
0.0909405
0.0786772
0.0816867
0.0890298
0.074353
0.080414
0.0708264
0.0858788
0.0721234
0.0793534
0.0527045
0.0677435
0.0695983
0.0730505
0.076816
0.076503
0.0852029
0.0694337
0.0702401
0.0651946
0.091456
0.0760929
0.0884018
0.0698659
0.0622985
0.0860703
0.0764182
0.0685857
0.0747029
0.0806036
0.0700057
0.0748284
0.0699116
0.0795517
0.065046
0.0721708
0.0732299
0.0892062
0.0749035
0.0690609
0.0653698
0.088146
0.0636133
0.0668723
0.0641325
0.0621043
0.085443
0.0932419
0.0726147
0.091581
0.08813
0.0691773
0.0840137
0.0784102
0.0762803
0.0747392
0.0926938
0.0654827
0.0797872
0.0888187
0.0767943
0.0813142
0.0881553
0.0843179
0.0836817
0.0773335
0.10531
0.071428
0.0647074
0.0661697
0.0973833
0.093334
0.0754165
0.0726292
0.0641102
0.0759795
0.0688415
0.0741528
0.0699248
0.0811202
0.0651665
0.0914691
0.0574813
0.0789343
0.0897356
0.0622305
0.077537
0.0754881
0.103649
0.0837879
0.0750815
0.0854611
0.0808577
0.0723686
0.0482861
0.0641568
0.0663041
0.0824993
0.0445557
0.107201
0.0564533
0.0791087
0.0712005
0.0584645
0.0699476
0.0663732
0.0634588
0.0782978
0.076
0.0626858
0.0719701
0.0621028
0.0718012
0.0644826
0.0585043
0.0743516
0.077092
0.0793587
0.0688887
0.0791489
0.072191
0.075827
0.0666598
0.0822263
0.0780382
0.080406
0.0757078
0.0732926
0.0811915
0.074405
0.0768968
0.0753856
0.0720837
0.0614941
0.0692378
0.0684813
0.0603064
0.0700092
0.0682905
0.0595256
0.0664726
0.0660905
0.0670076
0.0612704
0.0742719
0.0624495
0.0629425
0.0628047
0.0602106
0.0689574
0.0638565
0.0607052
0.0651688
0.0681491
0.0616244
0.0752935
0.062573
0.0716342
0.0643548
0.063956
0.0622695
0.0616709
0.0620584
0.0697397
0.0681281
0.0602846
0.0695809
0.0659298
0.0649911
0.0641265
0.061296
0.0702134
0.072233
0.0718171
0.0623361
0.0668049
0.0625756
0.0607039
0.0662697
0.0668231
0.0723217
0.0695387
0.0570997
0.0638546
0.0687278
0.0682064
0.0676757
0.0654351
0.0719641
0.0722391
0.0680299
0.0737039
0.0613708
0.0734353
0.059983
0.0755222
0.0630582
0.0665811
0.0649461
0.0615936
0.0622879
0.0641375
0.0648546
0.0601679
0.0606257
0.0719849
0.0601704
0.0614164
0.0647801
0.0576494
0.0705218
0.0613425
0.0718773
0.063428
0.0590164
0.0643638
0.0631938
0.0678249
0.0619673
0.0594404
0.0672315
0.067522
0.0699013
0.0686399
0.0770301
0.0763215
0.067034
0.0650347
0.0582456
0.0627756
0.0658668
0.0650401
0.0672744
0.0692509
0.0663699
0.0588592
0.0668716
0.0667651
0.0648077
0.0640767
0.0600474
0.0661615
0.0663588
0.0690691
0.0692362
0.0745659
0.0725526
0.0691745
0.0621587
0.0701294
0.0632561
0.0600118
0.056657
0.0618201
0.063606
0.0777923
0.0566109
0.0706087
0.0681801
0.0634027
0.0739753
0.0672859
0.0619779
0.0834962
0.0654623
0.0677563
0.0746618
0.0630921
0.0756512
0.0722558
0.0682659
0.0781799
0.0764267
0.0727589
0.072638
0.0865687
0.0757974
0.0745446
0.0781599
0.080885
0.0773048
0.0668197
0.0702867
0.091735
0.08678
0.0699188
0.0671809
0.06677
0.0686762
0.0777322
0.0581026
0.0865599
0.0872055
0.0733343
0.0752495
0.0817568
0.0747578
0.0684091
0.0706584
0.0746602
0.0694599
0.0635034
0.0797064
0.0603586
0.0821677
0.0665215
0.0645782
0.0885961
0.071348
0.0686476
0.0635633
0.0755223
0.0641422
0.0588219
0.0702088
0.0680547
0.0788625
0.0568931
0.0723167
0.0663313
0.0675287
0.0727353
0.0681262
0.0533717
0.0634216
0.0616229
0.0765627
0.0664529
0.0651998
0.0726543
0.0618426
0.0770374
0.052545
0.0621711
0.0641494
0.0591969
0.0693599
0.0774007
0.0548759
0.0602109
0.0730202
0.066751
0.0691554
0.0719331
0.0508252
0.068763
0.0780485
0.0562651
0.0625964
0.051086
0.0693978
0.0707403
0.0606701
0.0635122
0.0540097
0.0581242
0.0583492
0.0600108
0.0730482
0.0554507
0.0604692
0.0668925
0.0576535
0.0647829
0.0602191
0.0649579
0.0608515
0.064153
0.0622317
0.0678641
0.0574451
0.0594837
0.0564767
0.0539374
0.0644157
0.0696481
0.0546034
0.0635305
0.0621286
0.0648516
0.0785353
0.0686382
0.062803
0.0633989
0.0628354
0.0785107
0.0636014
0.0686301
0.067348
0.0666905
0.0654777
0.0663626
0.0608893
0.0640609
0.0681392
0.0643191
0.0649685
0.0669656
0.0669423
0.0642395
0.0645083
0.0646238
0.0766656
0.0632149
0.0656432
0.0636138
0.0662178
0.0562004
0.069277
0.0568258
0.0690593
0.0620275
0.0626707
0.0717134
0.0627487
0.0633362
0.0579562
0.0659824
0.0642889
0.0580783
0.0654615
0.059335
0.0551545
0.0614798
0.0584767
0.0724325
0.0683308
0.0657685
0.0602648
0.0614755
0.0554198
0.0596534
0.0620374
0.0615275
0.068883
0.0674463
0.0637814
0.0658938
0.0651136
0.0643043
0.0758397
0.0734483
0.0714842
0.0589879
0.0558397
0.0671635
0.072597
0.0706286
0.0709491
0.0705792
0.0729243
0.0698866
0.0670134
0.0674044
0.0626162
0.0750794
0.0641649
0.0652988
0.0736212
0.0745737
0.0694423
0.0681744
0.0707726
0.0771297
0.0700529
0.0682598
0.0779051
0.0828588
0.0823102
0.0880532
0.120295
0.185493
0.371712
0.53967
0.625288
0.64786
0.61544
0.506795
0.307258
0.156615
0.110665
0.0851858
0.0852751
0.071802
0.0747967
0.0656757
0.0673882
0.0706471
0.0685855
0.0713551
0.0682925
0.0741237
0.0705728
0.0701599
0.0648744
0.0704323
0.0646284
0.0657714
0.0668718
0.0684687
0.0667391
0.068816
0.0658797
0.0670868
0.0652511
0.068441
0.0841312
0.0839057
0.0683124
0.0900448
0.0770291
0.07175
0.0822899
0.071726
0.0753026
0.0781858
0.0732395
0.0726175
0.0723638
0.0663085
0.0743666
0.0687386
0.0742061
0.073901
0.0688489
0.0721821
0.073219
0.0676071
0.0738891
0.0680079
0.0685172
0.0723873
0.0728491
0.0676061
0.0704887
0.0722666
0.0731331
0.0674558
0.0684204
0.0780054
0.0759902
0.0674502
0.0644588
0.0727433
0.0589085
0.0741514
0.0625745
0.0697714
0.0695715
0.0643653
0.0726887
0.0592942
0.0721657
0.0777239
0.0771777
0.0740067
0.0650739
0.0762937
0.0702743
0.0697009
0.0721707
0.0622254
0.0696443
0.0703525
0.0704303
0.0683326
0.0677288
0.0743567
0.0779682
0.0593617
0.0685164
0.0651106
0.0776734
0.0754656
0.0645393
0.0628152
0.0683409
0.0534081
0.0573661
0.0560571
0.066673
0.0698957
0.0670542
0.0515192
0.0765926
0.0553243
0.0524414
0.0761927
0.0801161
0.0634018
0.0549058
0.0722917
0.075717
0.0617648
0.0656457
0.0692687
0.0737469
0.0616103
0.0678397
0.0763828
0.0718742
0.0761398
0.0686137
0.0468353
0.0676664
0.0803912
0.0713945
0.0631191
0.062652
0.0674277
0.063294
0.066511
0.0602794
0.0560771
0.0833263
0.0503353
0.0611683
0.0704483
0.0575381
0.0667611
0.0659621
0.0592397
0.0332141
0.048284
0.0631725
0.0524436
0.0726955
0.0588175
0.0671289
0.0747586
0.0732558
0.0742801
0.0433462
0.0669311
0.0656907
0.0409801
0.0395205
0.0794652
0.040092
0.0632074
0.100607
0.0757602
0.0380199
0.0557341
0.0522422
0.0726316
0.0799919
0.101966
0.0756468
0.0822796
0.0893795
0.0831827
0.0772683
0.0594974
0.0766466
0.0645044
0.073304
0.0599496
0.0520425
0.0536248
0.0545462
0.0635483
0.0788919
0.0613197
0.0633156
0.0470473
0.0748356
0.0733346
0.050796
0.0667412
0.0525296
0.057321
0.0758699
0.0481155
0.046538
0.056053
0.0544315
0.0770923
0.0479801
0.0789423
0.0696403
0.0567323
0.0528547
0.0467754
0.0665372
0.0617479
0.0389407
0.0582584
0.0534215
0.0419618
0.0908004
0.0790815
0.0734001
0.0982471
0.0749302
0.0844384
0.0918448
0.0827665
0.0865329
0.0600754
0.0342337
0.0530145
0.0584433
0.0588529
0.0615596
0.0763332
0.0452685
0.0653422
0.0569905
0.073243
0.060291
0.0795551
0.0767077
0.0722462
0.0902526
0.0763784
0.0781537
0.0737055
0.0846771
0.085588
0.0720193
0.0812262
0.0989871
0.10178
0.0976674
0.0946385
0.104289
0.108827
0.109014
0.121318
0.119935
0.123328
0.108944
0.103736
0.0848232
0.0731015
0.0866352
0.0527643
0.0744307
0.0628755
0.0583772
0.0703919
0.0683868
0.0493624
0.0678526
0.0853016
0.0753675
0.0678142
0.0574369
0.0696863
0.0658296
0.0589494
0.0524974
0.0621617
0.0790708
0.0754095
0.06368
0.0660019
0.0642159
0.0668572
0.0655107
0.0682348
0.0464926
0.0733027
0.0682109
0.0629449
0.0689271
0.0602205
0.0635856
0.0679467
0.0593665
0.0608148
0.0737391
0.055752
0.0605485
0.0591778
0.0596499
0.0661987
0.0667769
0.0647726
0.0726832
0.0525201
0.0735535
0.0703922
0.0601809
0.0785384
0.0698881
0.0781885
0.0908686
0.0743725
0.0689726
0.0632543
0.069057
0.0663192
0.0738049
0.051697
0.0640288
0.0552863
0.0564448
0.0728998
0.0717504
0.069722
0.0665701
0.0685017
0.07047
0.0742706
0.0713532
0.0736564
0.07139
0.0739175
0.0783192
0.073765
0.0754926
0.0841735
0.0747414
0.0719498
0.0648626
0.0676144
0.0749967
0.0637388
0.0591677
0.0656602
0.074618
0.0682207
0.0704173
0.0628875
0.0668138
0.073583
0.0751815
0.0772447
0.0734454
0.0763607
0.0791883
0.0676345
0.089918
0.075732
0.079552
0.0892384
0.0856708
0.0856717
0.0816654
0.0961085
0.102883
0.0975812
0.0986973
0.096266
0.10291
0.104115
0.0965426
0.101563
0.0929342
0.0842974
0.0735535
0.0788596
0.0716106
0.0746368
0.068745
0.0675461
0.0739507
0.0681389
0.0745381
0.0724797
0.0733119
0.0684357
0.0717256
0.0661114
0.0692121
0.0792941
0.0717176
0.0785231
0.0767453
0.0821017
0.0707521
0.0788354
0.0771927
0.0813631
0.087753
0.0806175
0.0852411
0.095656
0.0906358
0.0956206
0.0977758
0.10121
0.109447
0.116693
0.112316
0.107068
0.103425
0.0987357
0.099447
0.0881495
0.0929166
0.0923955
0.0752384
0.0828942
0.0812846
0.0757227
0.0732474
0.0656253
0.0630392
0.0819197
0.0831469
0.0830819
0.085319
0.0758868
0.0765494
0.0875985
0.0781795
0.0868985
0.0683496
0.0773357
0.0865939
0.0768452
0.0789914
0.0808282
0.0816915
0.0879126
0.0842401
0.0881276
0.0865407
0.0943661
0.0977251
0.0904878
0.095268
0.0975913
0.104228
0.110079
0.104562
0.112406
0.107304
0.103051
0.0973844
0.0975378
0.0925224
0.0802124
0.0769989
0.0829278
0.070346
0.0717881
0.0759813
0.081991
0.0793693
0.0743473
0.0848582
0.0868911
0.0850311
0.0707519
0.0799005
0.0835643
0.0634378
0.0745518
0.0552037
0.0736369
0.0697786
0.0714497
0.0679167
0.0713158
0.0720924
0.0660529
0.0663444
0.0604062
0.0629371
0.0714984
0.0623213
0.0680159
0.0685355
0.0685274
0.0597274
0.0604482
0.0725356
0.0648717
0.0590831
0.0675664
0.070961
0.0686318
0.0776542
0.0717203
0.0609011
0.0644241
0.0646115
0.0692069
0.058529
0.0674984
0.0648394
0.060628
0.0559373
0.0573801
0.0637225
0.062012
0.0631425
0.057676
0.0655602
0.0605139
0.0640173
0.0620018
0.0769883
0.0811649
0.0854611
0.0823347
0.0840735
0.0974007
0.0958837
0.0967369
0.094195
0.106823
0.1063
0.106174
0.114065
0.105156
0.108343
0.10725
0.0987842
0.109328
0.106432
0.108424
0.113446
0.095654
0.0829987
0.101717
0.0966215
0.0860806
0.0809422
0.0951654
0.0937278
0.0934802
0.102819
0.105297
0.0836096
0.0976522
0.0841073
0.0983206
0.0751128
0.0875919
0.0914971
0.0729115
0.0947034
0.0961169
0.0809313
0.0804426
0.107738
0.108473
0.0973992
0.0999671
0.0919269
0.106661
0.114651
0.123166
0.117184
0.121265
0.124086
0.117722
0.118107
0.110795
0.12766
0.109683
0.0950147
0.0932937
0.108191
0.1129
0.0832444
0.0909183
0.0751984
0.0889976
0.0483508
0.0776889
0.102684
0.0706842
0.0803288
0.0838378
0.0889473
0.0808974
0.0901235
0.0708562
0.0759578
0.0921678
0.0665274
0.109617
0.106226
0.11374
0.111237
0.100995
0.12297
0.117003
0.135052
0.119181
0.0997258
0.115003
0.145475
0.102289
0.121259
0.103019
0.134677
0.122032
0.124517
0.127394
0.118854
0.127424
0.136309
0.126389
0.147364
0.141847
0.118832
0.132354
0.102834
0.135026
0.133787
0.10546
0.102794
0.0977196
0.113178
0.105381
0.0943339
0.0641605
0.0839055
0.0624288
0.0486704
0.0546455
0.079208
0.0747055
0.0818074
0.0881553
0.0615436
0.0596718
0.0860939
0.0414099
0.0418411
0.0916753
0.0561499
0.0818846
0.113244
0.100288
0.075801
0.0850207
0.0564512
0.0819802
0.0908934
0.0961258
0.102209
0.0834919
0.0729947
0.121885
0.104672
0.108393
0.0896683
0.105622
0.13228
0.128448
0.107635
0.12617
0.126158
0.145564
0.123048
0.14716
0.136908
0.152787
0.136338
0.118051
0.133072
0.112665
0.134569
0.139648
0.113191
0.10361
0.0878169
0.0894474
0.133241
0.0948884
0.0581472
0.0960108
0.0950057
0.0611969
0.0694358
0.0823956
0.0955227
0.0873282
0.0668412
0.0541533
0.086322
0.142585
0.126012
0.0961572
0.106189
0.120071
0.108425
0.0927673
0.112132
0.126354
0.0683614
0.0884019
0.0983287
0.125293
0.112665
0.0623572
0.0862073
0.052268
0.0632081
0.0676667
0.089918
0.0869547
0.108006
0.0306367
0.0613473
0
0.0724408
0.0671426
0.0608639
0.0172292
0.0191681
0.0292409
0.0456986
0.0357279
0.0888757
0.0642259
0.0773559
0.111035
0.0723091
0.0978328
0.0730516
0.106818
0.110815
0.117949
0.0844886
0.0814292
0.057305
0.0773748
0.08647
0.0972564
0.090965
0.0745376
0.0837015
0.109859
0.150334
0.0591788
0.0487614
0.0723486
0.0824123
0.0561353
0.0858316
0.0543859
0.0587285
0.0555265
0.0315938
0.0293493
0.0390932
0.0412664
0.0626013
0.0227813
0.0194607
0.0734258
0.066873
0.0663965
0.0501239
0.0498458
0.0785169
0.0546093
0.00541978
0.0520546
0.070046
0.0695445
0.0930482
0.0259063
0.0767081
0.0432709
0.0179106
0.06161
0.0768438
0.0933366
0.116161
0.0915303
0.0632854
0.0838564
0.0808646
0.0939159
0.0921397
0.10878
0.0762003
0.0579956
0.0911293
0.0959315
0.0782894
0.0579846
0.105932
0.0975851
0.111275
0.0799599
0.108605
0.131289
0.0878866
0.104175
0.0824463
0.0753407
0.0661499
0.0559946
0.0961462
0.0648326
0.0671115
0.083932
0.0697348
0.0745446
0.0756667
0.0945423
0.0780641
0.109076
0.106428
