0.099972
0.108492
0.102955
0.0885663
0.103583
0.10905
0.102086
0.10491
0.104073
0.11361
0.109917
0.114464
0.108695
0.113177
0.114878
0.124813
0.122057
0.121815
0.111113
0.112598
0.106765
0.11233
0.103024
0.110174
0.115376
0.113831
0.11862
0.120845
0.125245
0.125287
0.126103
0.125473
0.122034
0.126458
0.124876
0.123251
0.122934
0.121328
0.11544
0.116172
0.118176
0.108307
0.110127
0.11284
0.109695
0.119351
0.122387
0.125903
0.124533
0.124105
0.125405
0.12932
0.136107
0.138896
0.13843
0.137484
0.128325
0.126696
0.118103
0.115698
0.105104
0.0992702
0.0999841
0.0957606
0.0813785
0.0825659
0.0844003
0.0975578
0.0929741
0.0945251
0.0985361
0.101145
0.100503
0.107818
0.0967852
0.106029
0.111227
0.0974929
0.102586
0.090923
0.0978258
0.0990824
0.0920346
0.0983483
0.0965339
0.103461
0.107969
0.105466
0.103932
0.108249
0.112618
0.108931
0.116119
0.107246
0.110251
0.108529
0.110013
0.112925
0.106404
0.112053
0.114282
0.112884
0.120318
0.118497
0.114524
0.117506
0.115057
0.121307
0.117913
0.121168
0.122204
0.120666
0.11943
0.118155
0.117157
0.112399
0.112725
0.110865
0.110915
0.0946245
0.0942282
0.101786
0.109023
0.107252
0.112532
0.113716
0.115767
0.121575
0.115011
0.121598
0.118236
0.122697
0.124936
0.131296
0.132964
0.130396
0.124195
0.119389
0.121554
0.11514
0.112738
0.0987157
0.0909556
0.0848578
0.0871536
0.104634
0.10509
0.107788
0.106282
0.107041
0.10344
0.114151
0.111533
0.116017
0.124199
0.121374
0.11976
0.126082
0.125448
0.125713
0.12468
0.123451
0.118434
0.120225
0.116222
0.11228
0.100293
0.101557
0.0994878
0.106198
0.102474
0.11016
0.114094
0.11434
0.106736
0.107751
0.107154
0.101258
0.105958
0.0967208
0.0982283
0.0838307
0.0916093
0.0914008
0.0858547
0.0931244
0.09479
0.102458
0.104747
0.105966
0.101176
0.106537
0.107531
0.107798
0.11034
0.107383
0.108599
0.108749
0.0993859
0.090996
0.0795035
0.0889127
0.0707387
0.0795128
0.0794151
0.0820366
0.0866532
0.0885481
0.087991
0.093894
0.0962886
0.102398
0.111033
0.107314
0.106278
0.114782
0.116423
0.115413
0.114913
0.117185
0.112724
0.112821
0.111762
0.100355
0.0907199
0.0919965
0.0746475
0.0731332
0.0822217
0.0886668
0.0802975
0.0887249
0.0919392
0.0872561
0.0998411
0.100243
0.0966949
0.100601
0.104648
0.100441
0.106817
0.109615
0.11375
0.11311
0.114289
0.116745
0.12076
0.119523
0.117363
0.114324
0.108699
0.121763
0.107358
0.111369
0.1074
0.0965133
0.0951281
0.0764839
0.0854581
0.0606166
0.0751798
0.072122
0.0812713
0.0803115
0.0803216
0.0868383
0.0679617
0.0846408
0.0822007
0.0964519
0.0975329
0.0966225
0.106952
0.107911
0.110682
0.124252
0.123088
0.117582
0.119458
0.117756
0.119363
0.10908
0.114352
0.105201
0.104279
0.0977766
0.0894414
0.0900608
0.0843674
0.0785483
0.0840133
0.0675043
0.0877128
0.0660307
0.0796869
0.0820285
0.067347
0.0868119
0.0750783
0.087093
0.0756563
0.0851288
0.0923915
0.0938338
0.0894681
0.104142
0.102064
0.10953
0.111853
0.106273
0.102686
0.0952525
0.0821247
0.0793454
0.0772924
0.047905
0.0557596
0.0489816
0.0455545
0.0555919
0.0686837
0.0585664
0.0679529
0.0761796
0.0839873
0.0617989
0.079502
0.0824237
0.0799463
0.0839885
0.0964518
0.0971787
0.100897
0.0964452
0.100396
0.110766
0.0996734
0.0999217
0.107029
0.103382
0.10799
0.102424
0.101856
0.0866139
0.0773991
0.0680146
0.0618503
0.0603894
0.0646384
0.0627362
0.0587072
0.0629039
0.0627077
0.0611734
0.0741284
0.0640444
0.07035
0.06627
0.0544051
0.063576
0.0754483
0.0799565
0.06253
0.0822391
0.0835244
0.0897356
0.0838778
0.107915
0.0968728
0.0964723
0.10299
0.102578
0.114184
0.103115
0.114167
0.0978127
0.098549
0.107558
0.0884455
0.0724082
0.0761531
0.0679815
0.0604536
0.0658032
0.0678621
0.0710068
0.0734223
0.0775666
0.0661646
0.0803136
0.0655674
0.061711
0.0693137
0.0644389
0.0654213
0.082309
0.0836169
0.0898587
0.0911827
0.0835465
0.0857717
0.0969678
0.104597
0.102076
0.0956423
0.107052
0.107129
0.107968
0.102856
0.10229
0.104533
0.0980662
0.0896355
0.0996269
0.102425
0.0964022
0.0871372
0.0889114
0.0776637
0.061897
0.0809545
0.077798
0.0868166
0.0641089
0.0765251
0.076627
0.0863412
0.0947079
0.0893236
0.0860502
0.089895
0.0912212
0.101883
0.107543
0.107254
0.101416
0.0965109
0.0946645
0.102937
0.109101
0.101845
0.078952
0.0558554
0.0526328
0.05608
0.0692001
0.0398219
0.0553027
0.0493139
0.0577949
0.0549082
0.0687418
0.048092
0.0498743
0.0699449
0.0765653
0.0769333
0.0616087
0.0631625
0.0631645
0.0724573
0.0509542
0.0705201
0.0615012
0.0791209
0.0743458
0.0757425
0.0851271
0.0914604
0.0788457
0.0898633
0.0910208
0.0962701
0.0945407
0.0930147
0.0952089
0.099632
0.0992012
0.0816614
0.0797877
0.0718508
0.064441
0.0749149
0.0556362
0.0453929
0.0467423
0.0392497
0.0479956
0.0780637
0.0933868
0.0904932
0.114642
0.182752
0.252334
0.317732
0.347299
0.381959
0.396316
0.360784
0.2995
0.191172
0.10174
0.0871379
0.068966
0.0729526
0.0811697
0.0671532
0.0778417
0.0691225
0.0660499
0.0556266
0.0586558
0.0780952
0.0794321
0.0916053
0.085754
0.0767043
0.0880543
0.0891204
0.0880739
0.0872652
0.103655
0.0703375
0.0669783
0.0564943
0.056464
0.0765134
0.0738863
0.0542303
0.0582456
0.0540066
0.0753571
0.0736781
0.0543713
0.0709483
0.0795273
0.066286
0.0678409
0.0858298
0.0915729
0.084799
0.0800085
0.0988455
0.094471
0.0870858
0.0803555
0.0716079
0.0649115
0.0630181
0.0501712
0.0673846
0.0569068
0.0553435
0.0526171
0.0443476
0.0734194
0.0663407
0.0815798
0.0517
0.0585533
0.0442887
0.0791655
0.0618834
0.0676044
0.0742176
0.0599529
0.0466891
0.0917347
0.0620729
0.0833746
0.0689273
0.0628231
0.0640061
0.0700616
0.0579505
0.0702084
0.0787691
0.0759866
0.0696055
0.0699276
0.0793661
0.0760924
0.0746209
0.0803219
0.0697873
0.07334
0.0718877
0.0517435
0.0710047
0.0676049
0.0651494
0.0729483
0.0629787
0.0612502
0.0569229
0.0469735
0.0567063
0.0295333
0.0703603
0.0485647
0.0472286
0.0466369
0.0700103
0.0282162
0.0565888
0.0546281
0.0541563
0.0503405
0.0474913
0.0590121
0.0476239
0.0417452
0.0315584
0.0647895
0.0338431
0.0615743
0.0444271
0.069246
0.048079
0.0394761
0.0418065
0.0588213
0.0617212
0.0711392
0.0578736
0.0574071
0.0549519
0.0678946
0.0622746
0.0579992
0.053645
0.057603
0.0709825
0.0599082
0.0465093
0.0595883
0.0366833
0.043656
0.0699495
0.0580167
0.0748377
0.0439798
0.0540871
0.0629768
0.0596301
0.0449931
0.0618741
0.0643614
0.0570217
0.0495626
0.0665891
0.0588992
0.0714476
0.0361066
0.0548773
0.0818436
0.0513543
0.0544547
0.0433929
0.0616281
0.0585539
0.0475048
0.0691585
0.0774871
0.0565269
0.0533031
0.0475396
0.0732957
0.0562203
0.0603507
0.0364501
0.020406
0.0550386
0.0468442
0.0548691
0.0575466
0.0372457
0.0685638
0.0685005
0.0572526
0.0763251
0.0585627
0.0788702
0.0599243
0.064098
0.0611751
0.042736
0.0645592
0.0667064
0.0430527
0.0559857
0.0791801
0.0444249
0.0722127
0.0601963
0.0612901
0.0601404
0.0612043
0.0641834
0.0566211
0.0505075
0.0484952
0.0452652
0.0593717
0.0466323
0.0299607
0.0454307
0.0430823
0.033803
0.0357081
0.0330409
0.0402327
0.0463542
0.0417313
0.0470266
0.0348636
0.038408
0.043497
0.0284364
0.0295483
0.025188
0.0298732
0.0423382
0.0384845
0.0310623
0.0356046
0.0395189
0.041118
0.0330387
0.0411237
0.0362673
0.0541821
0.0398623
0.0339006
0.0478458
0.0345291
0.0406762
0.0413226
0.0472082
0.0456784
0.0488132
0.0369091
0.0421216
0.0515121
0.0486028
0.0489102
0.0489127
0.0521239
0.0551793
0.0326658
0.0468695
0.0388209
0.0403306
0.0234301
0.037983
0.0348984
0.0458561
0.0406918
0.0461014
0.0452717
0.0275135
0.0215633
0.0205058
0.0464515
0.0320946
0.0502182
0.0246911
0.0468381
0.0426375
0.0345529
0.0481313
0.0418981
0.0438555
0.0342063
0.0454123
0.0429257
0.0453936
0.0245524
0.0450393
0.0430625
0.0460724
0.0487322
0.0436128
0.0348927
0.0415073
0.0292
0.0377377
0.0369136
0.0398191
0.0410784
0.0672829
0.0521202
0.0635469
0.0553656
0.0371682
0.0497683
0.0371393
0.050436
0.0367436
0.044853
0.0287059
0.028369
0.0498916
0.0442157
0.059163
0.0548157
0.0646078
0.0312694
0.04916
0.041559
0.0343745
0.046626
0.0400985
0.0521012
0.038131
0.0464867
0.0384049
0.0457661
0.0355816
0.0255723
0.034471
0.0558773
0.042984
0.0476288
0.0383883
0.0412159
0.0531969
0.0522787
0.0446965
0.0552429
0.0616252
0.0632066
0.0314238
0.0454546
0.0643861
0.0463176
0.0218866
0.0194933
0.0518555
0.0401376
0.047809
0.00147666
0.0647546
0.0377209
0.0376502
0.0364376
0.0344942
0.0381973
0.0329001
0.037938
0.04359
0.0515898
0.0332989
0.0481451
0.0341566
0.0515668
0.0288444
0.0325567
0.0383062
0.0462252
0.0438632
0.0387525
0.0427609
0.0394425
0.0434522
0.0372311
0.0443298
0.0354311
0.0519895
0.037592
0.0382009
0.0488362
0.0436459
0.0406772
0.0451501
0.0318144
0.0362871
0.0343522
0.0341928
0.0258454
0.0338642
0.034653
0.0239384
0.0285764
0.0329933
0.0274619
0.0268787
0.0394977
0.0378736
0.0281443
0.0311311
0.0314764
0.0332276
0.0348475
0.0276276
0.0326631
0.038899
0.0290042
0.0379219
0.0344265
0.0326883
0.0367177
0.0274281
0.0286828
0.029909
0.0330549
0.0348027
0.0349526
0.0289805
0.0378858
0.0271356
0.0296669
0.0354748
0.0355711
0.0315893
0.0345104
0.044555
0.0392763
0.0344396
0.0371293
0.0322575
0.0340026
0.0287096
0.0358354
0.0293177
0.0325561
0.030524
0.0330199
0.0248625
0.031718
0.0327993
0.0403227
0.0334173
0.0386081
0.0360234
0.0344724
0.0341768
0.0310123
0.042685
0.0412158
0.0298288
0.0256945
0.0368505
0.0290162
0.0293545
0.027483
0.0248903
0.0257632
0.0351414
0.0379036
0.0269659
0.0286311
0.0289043
0.03056
0.0313799
0.0374666
0.0351135
0.0308999
0.0401414
0.0376216
0.0361025
0.0343435
0.0268793
0.0438153
0.0303339
0.0393528
0.040077
0.0274713
0.0348916
0.0396252
0.0274697
0.0264047
0.0382668
0.038528
0.0368495
0.0462812
0.0396263
0.0369972
0.0277612
0.0328194
0.0311052
0.0300699
0.0352166
0.0215739
0.0327613
0.0323681
0.0357885
0.0395132
0.0399047
0.0356746
0.0271766
0.030564
0.0390544
0.0349171
0.0313045
0.032597
0.035143
0.0373016
0.0354106
0.0298277
0.0400961
0.0339702
0.0314239
0.0385852
0.0374836
0.0251265
0.0437148
0.0453397
0.0318718
0.0307451
0.039003
0.0350441
0.040727
0.0481833
0.0403831
0.0392371
0.0420001
0.0319157
0.038548
0.0375038
0.0440411
0.0384415
0.0543092
0.0346132
0.0352519
0.0296809
0.0575748
0.0428
0.0317458
0.0455326
0.043438
0.0333132
0.0474644
0.0326257
0.0411502
0.0558208
0.044177
0.0349498
0.0520209
0.0312063
0.0348928
0.038691
0.0459044
0.0410452
0.0397741
0.0430288
0.0505602
0.054616
0.0498401
0.0289064
0.0379682
0.0500959
0.0390477
0.0272008
0.0294471
0.0371347
0.0431373
0.0154585
0.0472332
0.0406162
0.0281333
0.0237148
0.034283
0.0209525
0.0441559
0.0345541
0.0313416
0.0247463
0.0363607
0.0378899
0.0295803
0.032426
0.0389922
0.0296398
0.0407931
0.0310271
0.0338497
0.0375342
0.0360871
0.0300357
0.0270787
0.0355955
0.0292696
0.0425643
0.0347165
0.0390955
0.0343033
0.0251307
0.0405911
0.0345637
0.0272663
0.0280663
0.0244534
0.019247
0.0419559
0.0377009
0.0234686
0.0250309
0.020493
0.0247251
0.0196064
0.0408122
0.0304571
0.0300313
0.0360463
0.0353998
0.0269607
0.0330282
0.0277445
0.0245746
0.031941
0.0269337
0.0337088
0.0347943
0.0304323
0.0245255
0.0257122
0.0406021
0.0242947
0.0250793
0.0346407
0.0253502
0.0345724
0.0332229
0.0363017
0.0334705
0.0295092
0.0401736
0.0328198
0.0248181
0.0356921
0.0305825
0.0315129
0.0358492
0.0376441
0.036609
0.0229447
0.0334345
0.0295199
0.0357408
0.0312423
0.0360518
0.0315753
0.0361742
0.0293391
0.0413846
0.0331379
0.0353465
0.0312478
0.0323655
0.0367572
0.0285956
0.0272789
0.021815
0.0196601
0.034292
0.0293951
0.0285759
0.029227
0.0326067
0.0308894
0.0320601
0.0244129
0.0294081
0.026436
0.0301152
0.034406
0.0255092
0.0380999
0.0348282
0.0374413
0.0315573
0.0240718
0.0255802
0.0258627
0.0299378
0.0326038
0.0393435
0.0357466
0.0379356
0.0358801
0.0247658
0.0317097
0.0270795
0.0378425
0.039649
0.034531
0.0316998
0.0272929
0.040401
0.0422686
0.0366761
0.0342762
0.0390493
0.0384648
0.0345938
0.036172
0.0319833
0.0422616
0.0405433
0.0318815
0.0374081
0.040251
0.0299093
0.0367024
0.0386159
0.0436082
0.0358474
0.0405747
0.0428182
0.0544175
0.0470476
0.0653735
0.0904676
0.147563
0.332179
0.512251
0.59191
0.615897
0.581486
0.472751
0.276281
0.119548
0.0743289
0.0512116
0.0525262
0.0459525
0.0382087
0.0396937
0.0384554
0.0404138
0.0362587
0.0367972
0.0358781
0.0375336
0.046878
0.0355476
0.0298849
0.0327755
0.0311572
0.034304
0.0304889
0.0317657
0.0365945
0.0374925
0.0317584
0.0429388
0.0326804
0.0407483
0.0500477
0.0491845
0.0418424
0.0474118
0.0473423
0.0384366
0.0500143
0.0404351
0.0486077
0.0386031
0.0373804
0.0466028
0.0423257
0.0425256
0.0403351
0.0360052
0.0384504
0.0384283
0.0401866
0.0420173
0.0366174
0.03695
0.0458006
0.0400896
0.0429108
0.037939
0.0402431
0.0367803
0.037083
0.0425536
0.0374023
0.036696
0.0413068
0.0430919
0.0448871
0.0344497
0.0361946
0.0390957
0.0377126
0.0305881
0.0332001
0.035643
0.0395038
0.0345084
0.0403821
0.0294453
0.0345658
0.0342481
0.0503119
0.0399984
0.0298394
0.0406877
0.0434892
0.0307361
0.0422394
0.0253775
0.0381866
0.0336092
0.0362712
0.0389979
0.0361968
0.0424721
0.0348419
0.0306033
0.0385673
0.034588
0.0360625
0.0329572
0.0367545
0.0310034
0.0278659
0.0343611
0.0324107
0.0430296
0.0306916
0.0250983
0.0373741
0.0463876
0.0433746
0.0430373
0.0313392
0.0538428
0.0567985
0.0312808
0.0303782
0.0311173
0.0406877
0.0276265
0.0368419
0.0453475
0.0432251
0.0357424
0.0355704
0.0375566
0.0418231
0.0317743
0.027899
0.0312146
0.0387724
0.0499783
0.0347439
0.0315984
0.0338372
0.0357469
0.0403931
0.0247171
0.0258442
0.030379
0.0230431
0.000987105
0.0437375
0.021882
0.0177768
0.0352229
0.018846
0.0395582
0.013994
0.0031481
0.0447905
0.0478048
0.0664689
0.0371846
0.0236584
0.0528095
0.0453181
0.0379142
0.0252266
0.0489049
0.0256684
0.0191461
0.0205192
0.0344969
0.0284423
0.0124942
0.0512941
0.0263843
0.0278732
0.021525
0.00876884
0.0466162
0.0624205
0.0644801
0.0357829
0.0497016
0.067596
0.0620731
0.0329579
0.0253117
0.0287259
0.0445386
0.0265163
0.0520997
0.0365094
0.0373309
0.0373043
0.0294093
0.053333
0.0228241
0.0427698
0.0405499
0.0584378
0.0340625
0.0379347
0.0167952
0.035383
0.0167971
0.0519803
0.0355371
0.036498
0.0339237
0.0252831
0.0258261
0.0261456
0.0318148
0.0379571
0.0323472
0.0400609
0.00375134
0.026493
0.0266462
0.0160576
0.0251286
0.0304464
0.0173622
0.0524578
0.0623957
0.05541
0.0518487
0.0431971
0.0560018
0.0686034
0.0396167
0.0549838
0.0277732
0.0209812
0.0238746
0.0402817
0.0158275
0.025742
0.014578
0.0282289
0.0309974
0.0223731
0.0405724
0.0462714
0.0374117
0.0361844
0.0575186
0.0462079
0.0505146
0.053926
0.0400306
0.0478877
0.0436496
0.0548315
0.0540348
0.0613282
0.0650766
0.0607518
0.0740855
0.0664053
0.0770313
0.0778191
0.0858866
0.088361
0.0820502
0.0827568
0.0814143
0.0584312
0.0526497
0.0266998
0.0400036
0.0474006
0.0475769
0.0355566
0.0235563
0.0434858
0.029884
0.0447099
0.0496417
0.0379984
0.0504841
0.0468751
0.0143075
0.0331173
0.0462546
0.0431834
0.04498
0.0425858
0.0286529
0.0476728
0.0306089
0.030224
0.037688
0.0332119
0.0337762
0.0232528
0.0403229
0.0381208
0.0328465
0.0391947
0.0230309
0.0384103
0.0431133
0.0355858
0.0282703
0.0350696
0.0285745
0.0231941
0.027382
0.0360953
0.0330898
0.0357337
0.0418295
0.0388133
0.0278601
0.0394149
0.0392872
0.0371791
0.0367996
0.0344118
0.0501947
0.0471834
0.0438133
0.0429644
0.0329777
0.0322719
0.0290991
0.0417669
0.0255756
0.0391594
0.0321979
0.0183266
0.0420557
0.0364575
0.0375274
0.0468358
0.0461667
0.0413117
0.0423122
0.0380506
0.0490481
0.0491455
0.0487367
0.0441001
0.0436778
0.0494292
0.0536629
0.0477828
0.0395648
0.0359361
0.0329875
0.0434643
0.0328061
0.0283407
0.0341368
0.0368925
0.0414576
0.0311391
0.0331724
0.0415765
0.0414614
0.0428854
0.0422459
0.039928
0.0518532
0.0507036
0.0393329
0.0504443
0.0515582
0.0397699
0.0523182
0.0473483
0.0579293
0.052432
0.0620615
0.0658084
0.0617553
0.0675319
0.0738479
0.0737219
0.0813791
0.0598763
0.0679866
0.0591306
0.0522247
0.0371382
0.0471231
0.0378133
0.0447948
0.0395385
0.0436372
0.0371701
0.0422358
0.0367551
0.0437077
0.0359469
0.0351567
0.0368559
0.0411764
0.0443871
0.0428787
0.0378282
0.0390473
0.0421467
0.0460077
0.0391959
0.0431359
0.0465009
0.0531977
0.0521002
0.0425751
0.0550524
0.0570259
0.0582897
0.0629972
0.062557
0.068364
0.0789299
0.0825198
0.0760221
0.0770117
0.0723717
0.0746577
0.0629213
0.0698064
0.0612042
0.0615684
0.0545384
0.0456742
0.0596486
0.0365638
0.0447014
0.0403689
0.0524178
0.0416151
0.0497604
0.0486899
0.0482545
0.0357507
0.0370892
0.0559602
0.0476805
0.0434333
0.0513589
0.0458727
0.0526457
0.0449464
0.0465255
0.0510109
0.051236
0.053946
0.0573305
0.0514114
0.0521999
0.0624301
0.0664598
0.0628014
0.0643689
0.0699546
0.0746159
0.0768711
0.0716016
0.0768558
0.075243
0.0710388
0.0642368
0.0623553
0.0579312
0.0529073
0.0433188
0.0461016
0.0363561
0.035539
0.0464709
0.0512453
0.0509078
0.0426692
0.0491731
0.0474487
0.0434985
0.0422757
0.0573696
0.0575328
0.0295634
0.0273328
0.0380642
0.0387487
0.0376472
0.0473819
0.0224061
0.0446684
0.0373584
0.0368941
0.0326809
0.0324787
0.0288334
0.0374692
0.0257957
0.0417158
0.0352445
0.0408425
0.0312359
0.0282079
0.0396894
0.0264941
0.0358336
0.0335602
0.0387454
0.0339246
0.0369119
0.0366609
0.0317819
0.035359
0.0290978
0.0444325
0.0288878
0.0343237
0.0309747
0.0279749
0.0270935
0.0277415
0.0281328
0.0300505
0.0328983
0.0260661
0.0303901
0.0302851
0.0336526
0.0315931
0.0491612
0.050729
0.0517872
0.0537
0.0451222
0.061954
0.0626479
0.0632125
0.0678523
0.0761129
0.0689589
0.0728881
0.0866183
0.0712699
0.0767195
0.0741808
0.09901
0.0830665
0.0715944
0.072369
0.0855762
0.0797721
0.060724
0.0804997
0.0764314
0.0699898
0.0514181
0.0594769
0.0519502
0.0711288
0.0866172
0.0771288
0.0572176
0.066391
0.0577896
0.0660878
0.0465142
0.055135
0.0529284
0.0613752
0.0676077
0.0739446
0.0455811
0.0589789
0.0674293
0.0806485
0.0741566
0.0754636
0.0615603
0.0817822
0.0909756
0.100131
0.0929317
0.0851505
0.0956124
0.0867416
0.088911
0.0907271
0.0790038
0.0859053
0.0757699
0.063063
0.0854838
0.0823199
0.0767602
0.0610953
0.0625315
0.0791012
0.042265
0.0530316
0.0490462
0.0522661
0.0535677
0.056985
0.0507044
0.0216483
0.0586935
0.0682392
0.0818158
0.0608274
0.0588615
0.10659
0.0723551
0.0750486
0.0730003
0.0758271
0.0991705
0.106206
0.104338
0.0416087
0.0810266
0.102215
0.0990245
0.0946129
0.0898323
0.0759078
0.105742
0.0879644
0.0990216
0.0911666
0.108077
0.0954269
0.0985894
0.103856
0.108458
0.115041
0.070695
0.0970866
0.0896879
0.0895387
0.103793
0.0882953
0.0813323
0.0681348
0.0638044
0.0710201
0.0641292
0.0397969
0.0415629
0.0498187
0.0323278
0.0526228
0.0274093
0.0349143
0.055269
0.0674288
0.0300299
0.0458735
0.049083
0.0538634
0.0450981
0.0658546
0.0407428
0.051362
0.071469
0.0941621
0.0673203
0.0866006
0.0785263
0.0845995
0.0715741
0.0574998
0.0736358
0.0703738
0.0684884
0.0930013
0.113699
0.0736726
0.111956
0.0843177
0.0735722
0.099646
0.0889194
0.0971961
0.0891487
0.111363
0.0970691
0.114617
0.10512
0.11582
0.0837271
0.106642
0.114857
0.0978431
0.114438
0.120689
0.0732457
0.0550214
0.0674336
0.0942947
0.0926142
0.0538827
0.0842684
0.103902
0.111021
0.0632249
0.0439958
0.0738459
0.0840418
0.0895397
0.0523974
0.0748748
0.103147
0.103781
0.0857954
0.0734287
0.0908935
0.0817702
0.0592917
0.0761998
0.0587797
0.104028
0.0517824
0.0601459
0.0736686
0.0904306
0.0839117
0.0521041
0.0693122
0.0894179
0.0695749
0.0695471
0.0746393
0.0402803
0.0995724
0.0288134
0.0362084
0.022248
0.095539
0.0510314
0.0449354
0.0169916
0.0506235
0
0.0615898
0.020136
0.0626429
0.0568598
0.0666627
0.0821542
0.0811698
0.0928941
0.073243
0.0767626
0.0789913
0.103866
0.0902385
0.06679
0.0940624
0.0814579
0.0690431
0.0834813
0.0672417
0.0689106
0.0867897
0.0790354
0.120276
0.061227
0.0900218
0.0930128
0.0628458
0.0560109
0.0717015
0.058967
0.0570073
0.00321071
0.0663382
0.0662013
0.0279308
0.0434735
0.0431107
0.0695506
0.044013
0.0371258
0.0714575
0.0340641
0.0542234
0.0329326
0.0611645
0.0478257
0.0310042
0.0654929
0.0416378
0.0472045
0.064199
0.0747665
0.0741408
0.0512476
0.072719
0.0613848
0.055055
0.0949512
0.0832454
0.0451528
0.114201
0.0729351
0.116136
0.0612233
0.0861901
0.121023
0.0744289
0.0617057
0.0992527
0.0844351
0.074583
0.0453737
0.112247
0.0931781
0.10465
0.0856703
0.0923788
0.130194
0.0804912
0.0610681
0.0521952
0.113052
0.0590985
0.0268474
0.065634
0.113383
0.0855842
0.0491355
0.0397288
0.0645699
0.0819408
0.0606555
0.0557012
0.0535803
0.0876257
