0.112485
0.121626
0.109266
0.100862
0.110285
0.113561
0.107129
0.111832
0.111729
0.119456
0.120111
0.128084
0.11866
0.121981
0.123336
0.12456
0.121115
0.1237
0.115283
0.117618
0.116782
0.126504
0.112129
0.114889
0.12161
0.122999
0.121822
0.128398
0.127652
0.129798
0.129197
0.130544
0.132162
0.133401
0.133295
0.13408
0.130876
0.13068
0.124068
0.12168
0.129186
0.113237
0.119829
0.123478
0.119468
0.126499
0.127775
0.131123
0.129078
0.132326
0.130869
0.135934
0.141565
0.144661
0.144237
0.144186
0.137408
0.138129
0.129853
0.128712
0.119269
0.108032
0.102896
0.101669
0.0935941
0.0970924
0.0967775
0.100636
0.104672
0.103844
0.107941
0.108924
0.107445
0.113093
0.111958
0.110108
0.113385
0.106394
0.110442
0.105214
0.105778
0.104535
0.109515
0.1066
0.102392
0.108208
0.109549
0.110011
0.111372
0.116617
0.117936
0.118583
0.122001
0.116917
0.122005
0.118235
0.11268
0.113298
0.113354
0.120196
0.119571
0.118715
0.123299
0.118516
0.123027
0.12193
0.119652
0.12806
0.125557
0.124379
0.129216
0.129034
0.126919
0.130134
0.127686
0.12483
0.116087
0.115444
0.112953
0.102707
0.105496
0.109547
0.113043
0.114272
0.112757
0.120196
0.120781
0.130509
0.126261
0.127296
0.127245
0.129736
0.129789
0.13845
0.139578
0.139159
0.132977
0.132753
0.130526
0.121293
0.120712
0.111569
0.109432
0.0925675
0.0974522
0.102117
0.110703
0.105224
0.108251
0.115126
0.115998
0.121699
0.118545
0.126771
0.12571
0.128384
0.129475
0.131079
0.132889
0.134403
0.131516
0.130279
0.129182
0.129939
0.125547
0.119894
0.113822
0.103821
0.111549
0.118452
0.114224
0.116512
0.119993
0.120408
0.110263
0.121058
0.115378
0.115798
0.113728
0.111093
0.102033
0.0978483
0.0925488
0.097019
0.0970202
0.0996029
0.0994083
0.111423
0.10863
0.109596
0.112691
0.112962
0.11795
0.116011
0.120816
0.118387
0.116527
0.11178
0.106919
0.105168
0.0831572
0.0992797
0.0848821
0.0786347
0.0870453
0.0889215
0.0873283
0.100004
0.0926616
0.100727
0.102701
0.107682
0.114219
0.117174
0.116665
0.122558
0.123248
0.121984
0.119462
0.126151
0.122451
0.121359
0.119548
0.104616
0.104201
0.0930311
0.0884669
0.0755248
0.0827202
0.0993897
0.0904225
0.0977514
0.0986246
0.0969554
0.107916
0.105501
0.100094
0.112106
0.111019
0.110855
0.108364
0.114438
0.118922
0.124307
0.122185
0.123012
0.12472
0.126424
0.123258
0.123096
0.120872
0.122312
0.113258
0.110095
0.114667
0.106257
0.097632
0.0769598
0.0771898
0.083649
0.0860273
0.0748819
0.0819682
0.0885242
0.082182
0.089713
0.0922728
0.0943072
0.0825583
0.10648
0.102978
0.100042
0.116164
0.116114
0.118491
0.124102
0.130768
0.128313
0.125065
0.127417
0.126519
0.121615
0.117739
0.107686
0.109682
0.108956
0.108388
0.103805
0.0930521
0.107656
0.0895969
0.0855547
0.0872251
0.0783773
0.0907349
0.0866725
0.0788637
0.0891088
0.0929248
0.101465
0.0875867
0.0967786
0.0964037
0.0973528
0.101317
0.114299
0.109194
0.113857
0.113093
0.111633
0.11899
0.104307
0.0975012
0.0909302
0.0793957
0.0679892
0.0654059
0.0688416
0.06021
0.0792259
0.0627351
0.0786141
0.0672453
0.0865418
0.0927737
0.0813929
0.0958832
0.0871178
0.0947896
0.0966213
0.0924828
0.108382
0.111402
0.100321
0.100051
0.116251
0.109918
0.102239
0.110964
0.118359
0.114569
0.105893
0.105346
0.0948565
0.0890352
0.0788008
0.0603158
0.0721493
0.0629756
0.0626604
0.0772727
0.0735486
0.0661676
0.0751308
0.084143
0.0684251
0.0740661
0.0740428
0.0680753
0.0765568
0.0830683
0.0939979
0.07826
0.0809893
0.0903863
0.0872188
0.0863605
0.0996659
0.0995156
0.104278
0.106382
0.11267
0.107212
0.114187
0.120026
0.113695
0.108831
0.107736
0.0997991
0.0863683
0.0877172
0.0697906
0.0749171
0.0760665
0.0768159
0.0821741
0.0866116
0.0757256
0.080174
0.0971081
0.0743017
0.0689546
0.0825685
0.0858993
0.0857427
0.0852046
0.0934797
0.0919246
0.10236
0.0981802
0.093056
0.10786
0.107505
0.102555
0.105711
0.110298
0.113301
0.11033
0.110711
0.111591
0.103223
0.117084
0.0993067
0.103596
0.108325
0.107961
0.0938909
0.0950687
0.0878968
0.0667205
0.0885127
0.0793475
0.0699661
0.0864231
0.0890819
0.087913
0.0932913
0.0873823
0.100568
0.0984536
0.0921327
0.0973894
0.104406
0.107061
0.115338
0.103193
0.110206
0.102918
0.103006
0.111025
0.110723
0.0931259
0.0824287
0.0719746
0.0643722
0.0635232
0.0376479
0.0665551
0.0595912
0.076777
0.0680959
0.067987
0.0716778
0.0545388
0.0808775
0.0961213
0.0870774
0.0698747
0.0672911
0.0852297
0.0790359
0.0626342
0.0900918
0.0621187
0.0810702
0.0738772
0.0885835
0.0838814
0.0983381
0.0905438
0.0851909
0.103886
0.101175
0.102764
0.100556
0.102593
0.107968
0.105419
0.0982367
0.0880064
0.0850019
0.0680995
0.0605055
0.0610299
0.055571
0.0730815
0.0607423
0.0680123
0.0751938
0.0938663
0.0906829
0.1267
0.202566
0.232834
0.317531
0.346384
0.354546
0.393871
0.34683
0.287772
0.173993
0.115117
0.092776
0.0836853
0.0847062
0.0968165
0.0716743
0.0856752
0.0773941
0.0594812
0.0806551
0.0771614
0.0758741
0.0820894
0.0942565
0.0971721
0.0906884
0.0919568
0.110142
0.103975
0.091934
0.100185
0.099345
0.065942
0.0721779
0.0723606
0.0791858
0.0875887
0.0664509
0.0702376
0.0721031
0.0824244
0.0832881
0.073682
0.0810451
0.0919745
0.086377
0.085397
0.0868878
0.0920463
0.0941006
0.0938228
0.0997751
0.0974596
0.0977249
0.0955998
0.102526
0.0799502
0.0699123
0.0552532
0.0726954
0.0717517
0.0710436
0.0724943
0.0628774
0.0671438
0.0744523
0.0768886
0.0781102
0.0497054
0.0598326
0.089724
0.0744867
0.0752554
0.084307
0.0823013
0.0611843
0.0993562
0.0777603
0.0847241
0.0765253
0.0594291
0.0960475
0.0705324
0.0836336
0.0899905
0.0932693
0.0749779
0.0845197
0.0779705
0.0871909
0.0855734
0.0836899
0.0943001
0.0874825
0.0790311
0.0604755
0.0649601
0.0678974
0.0827536
0.0560126
0.0594259
0.075583
0.0797084
0.0566684
0.059616
0.0692871
0.0355069
0.0758281
0.049904
0.0507464
0.0512629
0.0818856
0.0484447
0.0743409
0.085327
0.0688047
0.0534122
0.0625004
0.0517351
0.056172
0.0621383
0.0365637
0.0643501
0.0666564
0.0690264
0.0561926
0.0710565
0.0730485
0.0545338
0.0821186
0.0790445
0.0729619
0.0794932
0.0635387
0.059983
0.0755319
0.0675405
0.0717113
0.066268
0.0767467
0.0902005
0.0838227
0.0657594
0.0542857
0.0685529
0.0628557
0.0592903
0.0679479
0.0700946
0.0824825
0.0587397
0.0758841
0.0676276
0.0855614
0.060915
0.0778461
0.0714711
0.0695639
0.0739801
0.0637438
0.0614681
0.0835053
0.0547552
0.0740313
0.0732607
0.0567309
0.0571966
0.0828807
0.0666024
0.0621369
0.0597781
0.0697299
0.0933737
0.0677405
0.0632787
0.0583793
0.0604714
0.0797134
0.0877031
0.0327506
0.0426829
0.0903316
0.064239
0.0699944
0.0515825
0.0680336
0.0764643
0.0520447
0.0681873
0.0854483
0.0700551
0.107512
0.0703546
0.051999
0.0621541
0.0474312
0.0630893
0.0900362
0.0655941
0.0863516
0.0768661
0.0583611
0.088064
0.0785765
0.0654367
0.0737464
0.0658941
0.0790435
0.0572582
0.0653733
0.0440496
0.0479737
0.0724455
0.0574463
0.051147
0.0505127
0.0293528
0.0513645
0.0451507
0.0502397
0.0619183
0.0553953
0.0379719
0.0486094
0.0408817
0.0494914
0.0514768
0.0397563
0.0507863
0.046992
0.0375196
0.0456908
0.0503793
0.0371306
0.0441307
0.0555454
0.0487412
0.0419579
0.0495215
0.0508997
0.071787
0.039674
0.0477709
0.0591055
0.0622318
0.0549852
0.0457512
0.0463807
0.0543841
0.0602987
0.0591495
0.0496606
0.057993
0.0457368
0.0653516
0.0523228
0.064701
0.0611924
0.0478029
0.0671909
0.0493689
0.053184
0.0319241
0.0488522
0.0486134
0.0530095
0.0398491
0.0628534
0.0576962
0.0532419
0.0359423
0.0401996
0.06444
0.0629984
0.0513057
0.0434494
0.035907
0.0710059
0.0594213
0.046986
0.0542273
0.0503786
0.0397305
0.0518132
0.0412061
0.0611751
0.0481949
0.0603736
0.0397799
0.0619907
0.0589286
0.0346224
0.0514505
0.0433755
0.0482237
0.0619615
0.0564377
0.0517409
0.0601468
0.0715782
0.0477265
0.0790825
0.0649881
0.060311
0.0557054
0.049677
0.0540126
0.0621012
0.0543523
0.0630459
0.0517454
0.0677262
0.0510311
0.057427
0.0736858
0.0715332
0.0566692
0.0540806
0.0522914
0.0659872
0.0520937
0.0377046
0.0624778
0.0729045
0.0685104
0.0425637
0.0529356
0.0360978
0.00720485
0.0634027
0.0616779
0.066942
0.066117
0.0534855
0.0283686
0.0584404
0.0566388
0.0450717
0.0730314
0.0712124
0.075082
0.0584454
0.0472228
0.0450304
0.0422543
0.0391013
0.020627
0.053136
0.0317911
0.061316
0.0390807
0.0624976
0.03759
0.0713829
0.0624033
0.0455315
0.0655525
0.0514335
0.0491572
0.0735993
0.0665635
0.0512873
0.0465308
0.0375697
0.0559814
0.0436474
0.0472356
0.0531637
0.0565165
0.063738
0.0537312
0.0568515
0.0460045
0.0484352
0.0429756
0.0595559
0.0463031
0.0566488
0.0521435
0.0536288
0.0576143
0.0465574
0.0460702
0.0484215
0.0466691
0.0372164
0.0428747
0.0496046
0.0444411
0.0498455
0.0505823
0.0419636
0.0431709
0.0455347
0.0403746
0.0476481
0.0490659
0.0428443
0.0463177
0.0510072
0.0395758
0.0470141
0.0428655
0.040568
0.0452381
0.0502233
0.0398498
0.0470581
0.0380615
0.044112
0.047879
0.0422561
0.0392816
0.0415859
0.0418959
0.045424
0.036203
0.0423183
0.0425731
0.0435329
0.0445517
0.0374884
0.0419083
0.0436039
0.0470113
0.048596
0.0439112
0.0452989
0.0476496
0.0331718
0.0433405
0.0422229
0.0477595
0.0400202
0.037068
0.0396547
0.0423851
0.0388309
0.0421275
0.0463618
0.0465033
0.0482046
0.048454
0.0493215
0.0399254
0.0524727
0.0432525
0.0518532
0.0417696
0.045453
0.0353367
0.0455872
0.043225
0.0385796
0.0339597
0.0358438
0.038164
0.0471616
0.0388941
0.0429695
0.0439782
0.0336499
0.0415963
0.0382982
0.0522492
0.0442279
0.0398195
0.0420694
0.0456576
0.0452539
0.0445409
0.0435477
0.0483125
0.0447148
0.0428664
0.0374992
0.0439011
0.0453417
0.0431026
0.0395243
0.0382024
0.0391473
0.0472572
0.0479829
0.0467972
0.0425738
0.0449328
0.0445439
0.0437555
0.0485555
0.0461809
0.0445918
0.0384323
0.0466997
0.0464679
0.0507175
0.0435328
0.0427216
0.0458282
0.0416666
0.0453627
0.0488349
0.042916
0.0415367
0.0400613
0.0443207
0.0464638
0.0585166
0.0381397
0.0451982
0.0463585
0.0450251
0.0543014
0.0377628
0.0414745
0.0570574
0.0538974
0.0469025
0.0431091
0.0494942
0.042305
0.0473423
0.044147
0.0553236
0.0518604
0.0467177
0.0589884
0.0651889
0.0440885
0.0460156
0.0586138
0.0524949
0.0625086
0.0499797
0.0537584
0.0601381
0.0588765
0.0430051
0.054461
0.0524321
0.0435426
0.0543032
0.047071
0.0693033
0.0611708
0.0452033
0.0558013
0.0488821
0.0501146
0.0449171
0.0392763
0.0504871
0.0595151
0.0505199
0.0547393
0.0397274
0.0588217
0.04847
0.0357064
0.0484247
0.0413489
0.0523898
0.0483869
0.0424817
0.0477356
0.0459031
0.0512885
0.0633927
0.0515402
0.0471383
0.0393069
0.0376447
0.0390211
0.045461
0.0377782
0.0287202
0.0367231
0.0392057
0.0465738
0.0509513
0.0488672
0.0459872
0.0384671
0.0440416
0.0442438
0.0375425
0.0438868
0.0460245
0.040428
0.0423999
0.0356092
0.0345258
0.0523361
0.0559266
0.05366
0.0461441
0.040467
0.0354375
0.0524142
0.0469947
0.0395239
0.0386559
0.0434767
0.0425963
0.0493583
0.0444598
0.0383718
0.0373171
0.0339432
0.0417527
0.0436931
0.0403287
0.0497191
0.0435832
0.0425965
0.0372561
0.0423209
0.0426424
0.0330357
0.0453728
0.0495192
0.0461764
0.0479408
0.0456589
0.0437628
0.0441605
0.0479504
0.0344368
0.041906
0.0436728
0.0458918
0.0412118
0.047628
0.0461308
0.0462106
0.0418294
0.0383511
0.0467864
0.0448099
0.0517632
0.03956
0.0439691
0.044888
0.0487704
0.0435054
0.0424194
0.0433754
0.0356087
0.0396936
0.0406647
0.0409673
0.040623
0.0383813
0.041656
0.0486324
0.0429764
0.0517729
0.0383319
0.0448076
0.0436449
0.0322984
0.0510077
0.0415405
0.0402441
0.0474092
0.0386117
0.0361113
0.0477757
0.0393007
0.0439787
0.0405222
0.0420592
0.0413036
0.0297938
0.0381971
0.0404017
0.0399453
0.0389135
0.0460121
0.0429423
0.0451699
0.0351856
0.0403905
0.040554
0.0433264
0.0374782
0.0457141
0.0399132
0.047195
0.0464258
0.0403099
0.0379939
0.0428924
0.0495676
0.0458068
0.0439481
0.039778
0.0397417
0.0580986
0.0507007
0.046315
0.0465014
0.0470703
0.0507971
0.0455866
0.05186
0.0450143
0.0565011
0.0496269
0.0473159
0.0481463
0.0520512
0.0438583
0.0447814
0.0452283
0.0516102
0.0523982
0.0481401
0.0583452
0.0622273
0.0608648
0.0674361
0.107226
0.160809
0.324974
0.497934
0.564432
0.590204
0.558442
0.463421
0.269097
0.133637
0.0855755
0.0608811
0.0582515
0.052559
0.0456842
0.0446611
0.0428174
0.0482656
0.050534
0.0525758
0.0485243
0.0466171
0.0506426
0.0446919
0.045591
0.0390907
0.0414635
0.0479545
0.0426889
0.0502126
0.0434659
0.0452155
0.0457878
0.0507315
0.0432189
0.0478065
0.0590856
0.0444643
0.0484757
0.0580241
0.061874
0.0505995
0.0617895
0.0497851
0.0476194
0.0502683
0.0484362
0.0548186
0.0523598
0.0588565
0.0527911
0.0501628
0.051827
0.0545431
0.0531166
0.0507963
0.0506284
0.0491266
0.0538835
0.0451179
0.0490384
0.052224
0.0458398
0.0452313
0.0432588
0.049334
0.0478207
0.043631
0.0486225
0.0473557
0.0452474
0.0502463
0.0358995
0.0389804
0.0466012
0.0521275
0.0431024
0.0527161
0.0367099
0.0445491
0.0448259
0.0474114
0.0503443
0.0585167
0.0497093
0.0446465
0.041949
0.0520275
0.0480276
0.0423616
0.0504861
0.0545543
0.0519535
0.0457999
0.0466753
0.0484381
0.0456486
0.052513
0.0511792
0.0422772
0.0435645
0.0386029
0.0464491
0.0492497
0.0419423
0.0516277
0.0510138
0.0352209
0.0362299
0.0417334
0.0459704
0.0411484
0.0379888
0.0434404
0.0629119
0.0475439
0.0433776
0.0625001
0.0671914
0.0494599
0.0252952
0.0387001
0.053602
0.0414725
0.0437531
0.038163
0.041092
0.0442908
0.0461639
0.0570031
0.0557129
0.0439178
0.0437245
0.0449376
0.0498534
0.0572582
0.0568464
0.0491691
0.0439648
0.0472393
0.0478423
0.0457674
0.0455424
0.0327088
0.0403702
0.0183514
0.0535065
0.0348349
0.0488159
0.0521325
0.0587846
0.0384089
0.0235463
0.0119154
0.0325377
0.0391342
0.0739798
0.049785
0.0495848
0.0676953
0.0450222
0.0440209
0.0393678
0.0429194
0.0458667
0.032893
0.0620077
0.0547101
0.0532541
0.043058
0.0479018
0.0585837
0.0263151
0.0278983
0.0465619
0.0441616
0.107129
0.0705492
0.0315685
0.0747375
0.0899374
0.0645291
0.0270307
0.0498343
0.0369337
0.0230606
0.0683986
0.0605858
0.039253
0.0565855
0.0448446
0.0636302
0.0646859
0.0342137
0.0367841
0.0231516
0.0531577
0.0422067
0.0378819
0.0146049
0.0375128
0.0286242
0.0552209
0.0470478
0.0333874
0.0387242
0.0423947
0.0316337
0.0328571
0.0462223
0.0708696
0.0436459
0.0370156
0.0307268
0.0463279
0.0294904
0.0471289
0.0395976
0.0255553
0.0348528
0.0704884
0.0728572
0.0661293
0.0702564
0.0716359
0.0761982
0.0746812
0.0765953
0.0625987
0.0512295
0.0309225
0.0424036
0.0485984
0.0319941
0.0450435
0.0629766
0.0446671
0.0467385
0.0486901
0.0438366
0.0468402
0.0483562
0.0609588
0.0568131
0.0451993
0.0530894
0.0494
0.0465832
0.0608995
0.0556841
0.0791436
0.0641858
0.0744408
0.0657317
0.0706068
0.0633996
0.0779542
0.069777
0.0893905
0.0935844
0.0942667
0.0894145
0.0934394
0.0816838
0.0664447
0.062293
0.0535474
0.0391602
0.0539583
0.0615884
0.0394831
0.0574088
0.0460463
0.0456456
0.0392925
0.0620882
0.0605896
0.0495387
0.0441946
0.0249591
0.0464393
0.0424732
0.0448288
0.0487375
0.0489322
0.0512427
0.0485028
0.046262
0.0316442
0.0416491
0.0471202
0.0509073
0.0326909
0.0576299
0.0443177
0.0548351
0.0432735
0.0393417
0.0407129
0.0431445
0.0450554
0.0325396
0.0518744
0.029219
0.0407731
0.0401686
0.0446925
0.034052
0.0480093
0.0462685
0.0409261
0.046121
0.0427728
0.0482788
0.043473
0.0496804
0.0482776
0.052249
0.06843
0.0504155
0.0557054
0.0395292
0.032032
0.0418065
0.0515731
0.0304772
0.0326731
0.043802
0.0394028
0.0530875
0.040678
0.0482691
0.0314773
0.049044
0.0542594
0.0468847
0.0550494
0.060037
0.0521187
0.054077
0.0549205
0.0562349
0.0553775
0.058289
0.0569736
0.0488137
0.0509349
0.045665
0.0525695
0.0369709
0.0456807
0.0440629
0.0523185
0.0513415
0.0423808
0.0427986
0.0448944
0.0545575
0.0526888
0.0485738
0.0524835
0.059272
0.061859
0.0518108
0.0598372
0.0524762
0.0550585
0.0651836
0.063431
0.0728511
0.061793
0.0740434
0.0766054
0.0749547
0.0748608
0.0769858
0.080939
0.0791547
0.0707098
0.0680585
0.0674347
0.0614991
0.0468803
0.0710891
0.0502824
0.0536662
0.0526634
0.0458851
0.0554785
0.0472492
0.0549632
0.0500633
0.0527874
0.0414463
0.0504947
0.0560416
0.0551414
0.0501398
0.0493403
0.0507346
0.0568787
0.0525632
0.0439424
0.0499614
0.05746
0.059304
0.0589366
0.0631058
0.0610075
0.0695945
0.0654781
0.0679417
0.0744647
0.0713906
0.085567
0.0850609
0.0845371
0.0871161
0.0738802
0.0828762
0.0702055
0.0731535
0.0657773
0.0626199
0.0629468
0.0562436
0.0719423
0.0447133
0.0695981
0.0504914
0.0600818
0.0572581
0.0526764
0.059761
0.0616957
0.045618
0.0550515
0.0558145
0.0585089
0.0569178
0.0568023
0.0462342
0.0615345
0.0546802
0.0530421
0.0653278
0.0543449
0.0657366
0.0570865
0.061446
0.0646915
0.0686181
0.0739725
0.0683512
0.0747907
0.0775824
0.0826457
0.0841184
0.0792639
0.0759302
0.0855991
0.0797132
0.0666454
0.0701938
0.0630123
0.0592315
0.0630665
0.0582133
0.0475849
0.0536253
0.058855
0.0496121
0.0692798
0.0565701
0.0690925
0.0588709
0.0623661
0.0466989
0.0582884
0.0639348
0.0428038
0.0470522
0.0547175
0.0516277
0.0497015
0.0510905
0.043008
0.0555845
0.048375
0.0506613
0.0426782
0.0351624
0.049451
0.0528907
0.0500095
0.0454833
0.0470958
0.0498977
0.0480352
0.0384739
0.0475364
0.0364447
0.0476755
0.0434316
0.0487517
0.046818
0.0521076
0.0434231
0.0462098
0.0456242
0.0460102
0.0424955
0.0403088
0.0467259
0.0398509
0.0385806
0.0363264
0.0323788
0.0392514
0.0300093
0.0383906
0.0310411
0.0461294
0.0383878
0.0493499
0.0444733
0.0439434
0.0532261
0.0550663
0.0552235
0.0585266
0.0656274
0.0629423
0.070573
0.0634524
0.0753311
0.0639049
0.0765243
0.0879606
0.0781134
0.0768938
0.0822218
0.0954434
0.0804312
0.0792848
0.0845826
0.0789484
0.0708508
0.0697652
0.0800361
0.079452
0.0765634
0.0638947
0.0731216
0.0798777
0.0633748
0.0823298
0.0892293
0.0792066
0.0744479
0.0715412
0.0734519
0.0561474
0.0625899
0.0643591
0.0687865
0.0730754
0.0657596
0.0554888
0.061018
0.0646381
0.0757433
0.0678567
0.0838546
0.0696901
0.0941928
0.10363
0.0995934
0.0993113
0.0847157
0.0958596
0.105316
0.100371
0.1027
0.0971942
0.111
0.0999819
0.0810071
0.0942326
0.0906308
0.0617986
0.0656468
0.0706525
0.0796995
0.0362556
0.0629342
0.042246
0.0702983
0.052881
0.0668768
0.0948386
0.0680607
0.0691125
0.0808271
0.0773874
0.0540098
0.0428965
0.12074
0.0830077
0.0793349
0.0823956
0.0702275
0.0896033
0.0935252
0.14118
0.080141
0.0942226
0.106028
0.113073
0.0854815
0.107835
0.0869617
0.118683
0.0933041
0.123892
0.118753
0.11303
0.103408
0.0966627
0.105786
0.112341
0.111034
0.0866345
0.107964
0.0843611
0.103814
0.0979506
0.0825244
0.0833823
0.0674459
0.046614
0.132219
0.0864037
0.0710602
0.0850292
0.0653627
0.0381082
0.0736914
0.0498068
0.0720775
0.065735
0.0772378
0.0214798
0.0746293
0.0702203
0.0600841
0.0293613
0.0762341
0.0570841
0.0511238
0.0825918
0.0613597
0.0910228
0.0772846
0.0583088
0.0586926
0.0739827
0.096252
0.0501553
0.0692424
0.104362
0.105787
0.12005
0.0660902
0.097583
0.0906987
0.11564
0.0857675
0.100414
0.116834
0.118241
0.112329
0.113771
0.11315
0.112765
0.116379
0.10889
0.107187
0.108659
0.0950595
0.105689
0.0995558
0.0912102
0.0718746
0.0971622
0.0819498
0.109851
0.0957566
0.108491
0.0898836
0.0851908
0.0882199
0.0565118
0.0815287
0.0940437
0.088916
0.0915031
0.0560322
0.0685253
0.0919771
0.098751
0.0922565
0.103074
0.0859709
0.0921678
0.0890703
0.0728025
0.113253
0.0643756
0.0917785
0.0637263
0.109335
0.0870901
0.102284
0.0873177
0.0815757
0.0898341
0.0908998
0.121259
0.0479494
0.106768
0
0.0923674
0.0256242
0.144225
0.045676
0.0657192
0.0224593
0.0417866
0.0566488
0.0710801
0.0271102
0.0681107
0.0623275
0.0592516
0.0465226
0.0696884
0.0826949
0.0769567
0.101808
0.0964651
0.110358
0.0582185
0.0612919
0.0995302
0.0772438
0.0842324
0.0886132
0.0810177
0.0595251
0.0897372
0.0563555
0.10422
0.0733544
0.0479409
0.0936306
0.0521543
0.0886774
0.0547812
0.0679416
0.0978286
0.0633522
0.0423212
0.097945
0.0142047
0.0767743
0.0401489
0.0467054
0.0691489
0.0733627
0.0597377
0.0532345
0.0471538
0.0319433
0.0504589
0.0879334
0.007222
0.080999
0.0750502
0.0321435
0.0371363
0.0469398
0.119478
0.0610047
0.0476283
0.0427368
0.0432765
0.0771249
0.0941084
0.0960866
0.127455
0.0820685
0.0721862
0.0686968
0.128368
0.103125
0.0676085
0.0540047
0.0761716
0.0874167
0.0751523
0.0471656
0.127055
0.106555
0.0796359
0.0653256
0.106093
0.0890958
0.101185
0.0763112
0.0665439
0.0901372
0.0693728
0.037261
0.0771099
0.143194
0.0664538
0.0621274
0.0329355
0.0649798
0.0591788
0.0562703
0.0469853
0.0804556
0.0710531
