0.117465
0.130825
0.135334
0.133597
0.123733
0.142346
0.135779
0.145657
0.147812
0.148186
0.150827
0.157056
0.158927
0.169732
0.1692
0.168172
0.170909
0.169601
0.170837
0.165035
0.166762
0.16716
0.163969
0.171379
0.176435
0.177785
0.190282
0.19249
0.197553
0.196891
0.197792
0.205733
0.207725
0.206264
0.213176
0.212286
0.215082
0.215295
0.212433
0.203909
0.199154
0.19564
0.20159
0.2039
0.217924
0.220154
0.218053
0.228015
0.225755
0.235007
0.233797
0.217527
0.207421
0.206074
0.206386
0.206407
0.221216
0.246597
0.249369
0.239405
0.214909
0.18604
0.151148
0.146553
0.137755
0.135353
0.135303
0.136814
0.11143
0.111677
0.106724
0.111123
0.11282
0.108863
0.111211
0.11064
0.114095
0.116871
0.116371
0.118092
0.118545
0.11638
0.119288
0.118392
0.119548
0.123789
0.126388
0.128374
0.128273
0.139186
0.141516
0.144356
0.157632
0.155571
0.163751
0.177832
0.18361
0.193333
0.200085
0.204955
0.204567
0.209682
0.203446
0.194547
0.176378
0.167736
0.166073
0.166634
0.168896
0.167945
0.167352
0.174396
0.177181
0.179747
0.173186
0.178815
0.166637
0.159847
0.159517
0.151659
0.162217
0.165299
0.1649
0.166499
0.178575
0.188125
0.191631
0.186596
0.195488
0.198476
0.198924
0.202836
0.205269
0.205464
0.205567
0.20658
0.211371
0.209966
0.208444
0.208604
0.187517
0.175384
0.165513
0.177572
0.171107
0.184033
0.181101
0.192245
0.189927
0.199906
0.213408
0.220979
0.223374
0.230725
0.230214
0.229821
0.236238
0.236921
0.238756
0.2399
0.241821
0.238456
0.238927
0.234346
0.221336
0.182058
0.152766
0.128964
0.111234
0.111858
0.109532
0.110235
0.110253
0.109749
0.109571
0.112606
0.117225
0.120223
0.128627
0.124417
0.121442
0.132889
0.123879
0.121408
0.130057
0.125458
0.121091
0.127351
0.125717
0.128026
0.125586
0.125571
0.127465
0.130006
0.132581
0.135929
0.130233
0.137226
0.123437
0.11979
0.111906
0.105538
0.0990231
0.0954747
0.104621
0.105132
0.110542
0.1132
0.115806
0.123885
0.132286
0.138039
0.144352
0.145999
0.144909
0.152462
0.151624
0.157726
0.157236
0.165239
0.164899
0.162468
0.157912
0.154627
0.137256
0.131339
0.128169
0.113371
0.131958
0.127763
0.134499
0.122662
0.130094
0.138164
0.146574
0.152436
0.160046
0.172017
0.172771
0.16393
0.182485
0.18947
0.189155
0.192636
0.201057
0.203099
0.205412
0.208599
0.212693
0.208993
0.218022
0.215634
0.221766
0.208286
0.210623
0.195901
0.162617
0.137886
0.137165
0.135468
0.136308
0.138687
0.13555
0.137858
0.133568
0.142215
0.14209
0.150976
0.162123
0.170169
0.177187
0.182088
0.186288
0.185758
0.18878
0.191505
0.200263
0.197675
0.199477
0.197315
0.190113
0.173561
0.157041
0.146787
0.127221
0.130304
0.111101
0.131194
0.134471
0.112284
0.122861
0.143031
0.120477
0.140847
0.123018
0.128899
0.135169
0.145968
0.137477
0.127555
0.129818
0.114383
0.124129
0.121771
0.11972
0.131576
0.123104
0.124234
0.122442
0.131949
0.134268
0.136477
0.127073
0.114436
0.111581
0.102844
0.120234
0.106924
0.097553
0.104389
0.100622
0.111172
0.0946253
0.0974497
0.10021
0.105477
0.0942667
0.105861
0.107802
0.111329
0.109432
0.123245
0.13067
0.124889
0.136782
0.138811
0.13526
0.144289
0.149791
0.152787
0.155406
0.157473
0.147835
0.144382
0.147629
0.130379
0.124843
0.132697
0.12781
0.120509
0.106914
0.10357
0.107114
0.108144
0.108794
0.106101
0.118057
0.126615
0.110455
0.114037
0.116162
0.128261
0.128253
0.129386
0.132333
0.119913
0.139517
0.142246
0.151782
0.157559
0.169212
0.160401
0.180305
0.177728
0.182917
0.181217
0.180622
0.170765
0.17121
0.146443
0.113133
0.108743
0.120905
0.0979416
0.102701
0.0973704
0.104388
0.110893
0.102145
0.116129
0.11531
0.109205
0.109626
0.113215
0.110403
0.0994338
0.104125
0.105065
0.117122
0.119447
0.114976
0.118148
0.121913
0.113416
0.119283
0.124038
0.11879
0.137265
0.14746
0.15564
0.16979
0.180129
0.192342
0.195227
0.193202
0.193045
0.185352
0.17106
0.14984
0.145984
0.159442
0.15809
0.149429
0.137812
0.15369
0.143029
0.141938
0.140558
0.148996
0.149609
0.145616
0.162562
0.160525
0.161166
0.151666
0.147351
0.139502
0.152812
0.133684
0.149572
0.13619
0.144195
0.146942
0.145138
0.126472
0.115835
0.118197
0.114784
0.131097
0.107032
0.130605
0.118975
0.137226
0.14376
0.113861
0.125354
0.13234
0.132968
0.133026
0.137033
0.13456
0.133808
0.138041
0.138843
0.131964
0.146795
0.141888
0.152563
0.153423
0.163079
0.147212
0.167294
0.161491
0.155234
0.163361
0.166551
0.182391
0.181309
0.190208
0.198107
0.216741
0.212674
0.22137
0.223032
0.208816
0.194808
0.18882
0.171179
0.150212
0.137072
0.147925
0.159392
0.194548
0.239836
0.28742
0.336985
0.373204
0.374034
0.337274
0.292431
0.214869
0.162039
0.137113
0.125139
0.130787
0.111982
0.123671
0.128885
0.121747
0.122485
0.118906
0.149575
0.143984
0.137245
0.140862
0.143037
0.143668
0.143127
0.144449
0.147224
0.153109
0.148981
0.125517
0.131071
0.104478
0.118439
0.126703
0.104954
0.0970231
0.109138
0.0936939
0.099372
0.10688
0.0878786
0.0978306
0.0904905
0.0949417
0.0872028
0.0895096
0.0937948
0.0904662
0.0966448
0.108237
0.119104
0.129592
0.12351
0.119224
0.134324
0.110379
0.101066
0.0875809
0.118575
0.109958
0.105238
0.10521
0.125406
0.109112
0.105715
0.109624
0.103675
0.0961174
0.108667
0.124018
0.108505
0.113862
0.0888265
0.136238
0.131759
0.143508
0.129807
0.113137
0.117702
0.119883
0.0946365
0.0965725
0.106759
0.122844
0.111862
0.108652
0.116492
0.114826
0.117375
0.118903
0.123402
0.13062
0.129284
0.109185
0.114269
0.136785
0.102163
0.1141
0.0993307
0.112319
0.0907001
0.0974747
0.088297
0.0947972
0.0844353
0.109121
0.099784
0.087965
0.0776702
0.0809436
0.0772704
0.0845831
0.0852939
0.0897232
0.077155
0.0812352
0.0762765
0.0903191
0.0740479
0.0737794
0.104019
0.0871066
0.0776015
0.0925146
0.0945816
0.0984087
0.0770482
0.0775987
0.0785859
0.050708
0.0597875
0.0717746
0.0752965
0.0664573
0.0881623
0.0880592
0.100761
0.0912198
0.117336
0.106836
0.100229
0.119665
0.109785
0.106242
0.107334
0.0845001
0.0942249
0.0672517
0.0523855
0.0601134
0.0574471
0.0458051
0.0575917
0.0603626
0.0752449
0.087525
0.0923566
0.0848424
0.104234
0.0851684
0.0927752
0.088218
0.0753468
0.0874322
0.0841117
0.0950003
0.0883152
0.103841
0.108716
0.115315
0.093655
0.122133
0.112902
0.130801
0.1095
0.0902865
0.0863052
0.101956
0.0847317
0.0996702
0.100399
0.124252
0.112675
0.10801
0.117537
0.117016
0.0940444
0.0987739
0.109626
0.107315
0.101635
0.119614
0.112801
0.0975822
0.0755924
0.102243
0.0821788
0.0960866
0.0851337
0.0962266
0.0810355
0.0932564
0.0873033
0.071763
0.0739301
0.0823253
0.0711311
0.0611313
0.0458776
0.067202
0.0637465
0.0465068
0.063531
0.0558789
0.0472271
0.0423009
0.0456699
0.0469276
0.0333177
0.044444
0.0419752
0.0449731
0.0367758
0.0380765
0.0394652
0.0407916
0.0371279
0.0389008
0.0449477
0.0307866
0.0330576
0.0339268
0.0357777
0.0316902
0.0489944
0.0506395
0.0482398
0.0397092
0.0223133
0.0462477
0.0441755
0.0571428
0.0520189
0.0345737
0.0484063
0.0406672
0.0457691
0.0462495
0.0530573
0.0542777
0.0580502
0.0415816
0.0569004
0.0511475
0.0610945
0.0416526
0.0446177
0.036168
0.0302236
0.022588
0.028057
0.0404083
0.0228982
0.0470586
0.0434805
0.0205337
0.0446719
0.0426473
0.0141332
0.0407534
0.0495968
0.0421808
0.0272129
0.024184
0.0488579
0.0421178
0.0256216
0.0257961
0.0529725
0.0285565
0.0255851
0.0232453
0.028945
0.045682
0.0297765
0.0518538
0.0663841
0.046628
0.0736466
0.0683171
0.0705579
0.0544912
0.0599819
0.0598576
0.07536
0.0786804
0.0992448
0.0775299
0.0686912
0.0848825
0.0652633
0.0548084
0.0770147
0.0893137
0.0874373
0.0880532
0.100169
0.111834
0.0983466
0.110782
0.116416
0.114474
0.113607
0.11875
0.121765
0.151458
0.130103
0.114078
0.129423
0.102648
0.102363
0.0845902
0.0846383
0.0808176
0.0845496
0.089594
0.0788191
0.0738141
0.074735
0.0873889
0.0755023
0.105354
0.108813
0.097167
0.0892355
0.117576
0.120003
0.0914248
0.115279
0.100503
0.0881993
0.128809
0.0955267
0.1483
0.134839
0.121296
0.106264
0.121322
0.124003
0.115729
0.120783
0.120682
0.104433
0.104631
0.0994117
0.0764726
0.0669996
0.0595556
0.0691286
0.0520646
0.0409559
0.0464034
0.0477772
0.037036
0.0252354
0.0182827
0.0145237
0.0193683
0.00692147
0.0148372
0.0116958
0.0149694
0.0159707
0.0176615
0.00921114
0.00993097
0.0160167
0.015334
0.0151081
0.0245359
0.0181094
0.0235974
0.0174458
0.0180565
0.0203504
0.0140236
0.00918378
0.00749209
0.00139242
0.00553173
0.0131654
0.00874811
0.00889236
0.0136082
0.0136766
0.00499902
0.00823985
0.0055538
0.00627798
0.00648799
0.00866433
0.00793039
0.0123533
0.0135752
0.00813185
0.0165877
0.0153946
0.0157027
0.0176126
0.00580251
0.0143117
0.007453
0.00770026
0.00914943
0.0132941
0.0128494
0.0143011
0.0152471
0.0118309
0.0142563
0.0130455
0.0131415
0.0191298
0.0187739
0.0236548
0.030071
0.0270891
0.0217508
0.0263411
0.025377
0.01815
0.0126169
0.0170214
0.0259786
0.0153895
0.0183524
0.0213875
0.0225552
0.0110425
0.0105299
0.0208051
0.0152617
0.0171851
0.0197389
0.0176617
0.0159684
0.0246612
0.0209813
0.0156344
0.027768
0.0255795
0.00578491
0.0129391
0.0152106
0.0163543
0.0158053
0.0148731
0.0130472
0.0163004
0.0170199
0.0168851
0.013551
0.0191497
0.0197139
0.0208568
0.0139707
0.0209892
0.0173381
0.0160233
0.0347766
0.0374608
0.0382854
0.0314931
0.0332802
0.0384057
0.0425904
0.0364788
0.0311693
0.0358495
0.039554
0.0397653
0.0321589
0.0318887
0.0365043
0.0373529
0.037791
0.0455355
0.0381262
0.0424759
0.0504858
0.049611
0.0578436
0.0630709
0.0605627
0.0570272
0.0610795
0.0541716
0.0658922
0.0609757
0.0662982
0.0638399
0.0576951
0.0621047
0.062793
0.0522766
0.0598264
0.0546777
0.0539007
0.0566553
0.0652711
0.0670252
0.0620675
0.0530544
0.0554654
0.0709801
0.0683449
0.074142
0.0883807
0.0732814
0.0564926
0.0659499
0.0496385
0.0683868
0.0624754
0.0663826
0.0507844
0.0564532
0.0609619
0.0692966
0.0416666
0.0595475
0.0583601
0.0444434
0.0513417
0.0543209
0.0472962
0.0476621
0.0505114
0.0542794
0.0545655
0.0619422
0.0504039
0.0458921
0.0484951
0.0600779
0.0466397
0.0365806
0.0348311
0.0392487
0.050088
0.0402489
0.0292649
0.044063
0.0391184
0.0424702
0.0354364
0.0412728
0.0189297
0.0252911
0.0331774
0.0210361
0.0255132
0.0376491
0.0379058
0.0201942
0.0396175
0.0320721
0.0271883
0.0347432
0.0334255
0.0324734
0.0289243
0.00529638
0.0260631
0.0180636
0.0146808
0.0127605
0.0100477
0.0136205
0
8.36693e-06
0.00814977
0.0072451
0.0100002
0.0116145
0.0140496
0.0163077
0.00622219
0.0116579
0.00863098
0.0166686
0.0188483
0.0230896
0.0296273
0.0244063
0.0323178
0.028293
0.0341282
0.0099722
0.0320616
0.0259372
0.0234415
0.0350959
0.0248169
0.0231746
0.0141592
0.0189129
0.0231996
0.00677399
0.0155003
0.0120082
0.00866895
0.0171114
0.00217331
0.0186652
0.015091
0.0111875
0.0215057
0.0212183
0.0151386
0.0129811
0.0146363
0.0152057
0.0151867
0.0271117
0.0161141
0.0121613
0.00484407
0.0108388
0.00378251
0.0103081
0.0218011
0.00748924
0.0167068
0.0131366
0.00669859
0.0111515
0.00744255
0.00992976
0.0133133
0.0190523
0.0100171
0.012985
0.0160977
0.01247
0.00382651
0.0132599
0.0156526
0.0128863
0.0145432
0.020334
0.0197534
0.0140446
0.0165189
0.016333
0.018122
0.0332348
0.0220873
0.0142053
0.0241702
0.0165672
0.021148
0.0107153
0.0144521
0.015656
0.0144169
0.0121194
0.0130903
0.0160201
0.0141603
0.0067104
0.0184489
0.0125256
0.0142104
0.0163843
0.01719
0.0180274
0.0136293
0.0161457
0.00493758
0.00978065
0.0174051
0.0172332
0.0173076
0.0192318
0.0284907
0.0265227
0.0235256
0.0243472
0.0300241
0.0262992
0.0166718
0.0259304
0.0338039
0.0219756
0.027916
0.028509
0.0283813
0.0198351
0.031146
0.0224833
0.0231359
0.019906
0.0339302
0.0287092
0.0245253
0.0262106
0.0256771
0.0285955
0.0284236
0.0254413
0.0305007
0.029335
0.0311876
0.0303741
0.0331846
0.0337915
0.0339112
0.0404781
0.0578989
0.077802
0.124569
0.275077
0.431912
0.509949
0.531096
0.512485
0.434525
0.267826
0.121269
0.0687895
0.0613305
0.0418948
0.0428857
0.044806
0.0424674
0.0380917
0.04049
0.0355415
0.0416201
0.0379234
0.0401808
0.0394214
0.0386412
0.0359284
0.0382819
0.0388473
0.0377126
0.0349731
0.0413898
0.0407689
0.0342567
0.0304788
0.0337353
0.029608
0.0309843
0.0327157
0.0300027
0.0303895
0.0364353
0.0300385
0.0409727
0.03589
0.0389204
0.0286205
0.0342582
0.0333434
0.031308
0.0352388
0.0337987
0.0436092
0.0366385
0.035073
0.0393321
0.0380615
0.0366109
0.0350503
0.0378447
0.0368512
0.0447125
0.0393575
0.0470497
0.0475642
0.0423753
0.0371619
0.0408106
0.0434708
0.0388817
0.041421
0.0335214
0.0370534
0.0372324
0.0324634
0.0295219
0.0260951
0.0341251
0.0376375
0.0385259
0.0419638
0.0373899
0.0354059
0.0422517
0.0391011
0.0416107
0.0378411
0.0391736
0.0349553
0.0312397
0.0332039
0.0388186
0.0317645
0.0373518
0.0447047
0.0280817
0.0291419
0.0362374
0.0345315
0.0316765
0.0330357
0.0313869
0.0382948
0.0377758
0.0356285
0.0446004
0.0479389
0.0319832
0.034694
0.0430615
0.04893
0.0365767
0.0367136
0.048523
0.0480872
0.029761
0.0387893
0.0354776
0.0472205
0.0509498
0.0482876
0.0584508
0.0572697
0.048936
0.0575175
0.0515609
0.0531705
0.0402651
0.0503938
0.0585244
0.0486931
0.0532672
0.0387567
0.0545442
0.0562833
0.055307
0.0528235
0.0598569
0.0517528
0.0628689
0.0465926
0.0442349
0.0516325
0.0346624
0.0660801
0.0532477
0.060051
0.0368899
0.0376537
0.0324078
0.0660398
0.0523649
0.0425085
0.0419859
0.0635415
0.0505592
0.047429
0.0505461
0.0632559
0.068261
0.0566578
0.0432262
0.0656406
0.0713125
0.0434272
0.0462895
0.0722942
0.0617674
0.0449944
0.0528023
0.0861938
0.0746308
0.0421972
0.0460395
0.0861977
0.0778437
0.0750677
0.0509503
0.115951
0.10132
0.0790111
0.0953719
0.106306
0.0945567
0.0746531
0.0820843
0.0701381
0.069765
0.0897712
0.0797531
0.0692266
0.0543679
0.0377897
0.0703378
0.06886
0.0636747
0.0560245
0.0562023
0.0587368
0.0560173
0.0664248
0.0581616
0.0707717
0.0578346
0.0349525
0.0599427
0.0734025
0.0638451
0.0552071
0.0605884
0.0834874
0.0776534
0.0576187
0.0645023
0.0457286
0.0471119
0.0393011
0.0363361
0.0538187
0.0629031
0.0505667
0.06886
0.0645806
0.0458651
0.0789471
0.0583363
0.079744
0.0799262
0.0879438
0.0741915
0.0654617
0.0539264
0.0417206
0.0574264
0.0438184
0.0436545
0.0463692
0.0570323
0.0507741
0.0299467
0.0412213
0.0377229
0.0479786
0.049061
0.0377336
0.059184
0.0518702
0.0592144
0.0618501
0.0376527
0.059684
0.0565118
0.0752024
0.0730455
0.0889942
0.0931252
0.0973295
0.100077
0.0995708
0.119079
0.126106
0.139044
0.141199
0.144154
0.152477
0.12045
0.0808665
0.0643752
0.0503129
0.0406535
0.0310984
0.0454895
0.0415221
0.0348543
0.0488989
0.0397808
0.0426983
0.0418012
0.0206861
0.0357069
0.0300263
0.0685987
0.0299971
0.0400319
0.0302712
0.0464734
0.0396079
0.0456518
0.0429464
0.0354073
0.0320356
0.0385056
0.0376035
0.0347841
0.0479446
0.0367036
0.0415741
0.0373617
0.0422201
0.0317031
0.0365233
0.0341196
0.0360232
0.0292059
0.0333725
0.0392343
0.0365978
0.0332561
0.0423797
0.0373325
0.0412654
0.0392758
0.0399923
0.0300925
0.0393072
0.0319641
0.0381813
0.0395838
0.0462128
0.0449624
0.0429558
0.033661
0.0301337
0.0364484
0.0325377
0.0327366
0.0330906
0.0371822
0.0223602
0.0299113
0.0306554
0.0292738
0.0306976
0.0353004
0.0361323
0.0355621
0.0374802
0.0340035
0.0392968
0.0404327
0.0358674
0.0338297
0.0367168
0.0381961
0.0432051
0.0434098
0.0403655
0.0352345
0.040029
0.0251407
0.0317246
0.031285
0.0374026
0.0369413
0.0347883
0.0360409
0.0420711
0.0359355
0.028568
0.0400398
0.0352794
0.0453503
0.0437149
0.0488371
0.0512495
0.0507198
0.0514142
0.0479917
0.0538256
0.0531589
0.0585207
0.0631987
0.0594892
0.0679441
0.0707672
0.0727803
0.0674092
0.0731683
0.0780854
0.0821403
0.0661359
0.0572353
0.0476559
0.0548452
0.0425709
0.0411082
0.0348221
0.0312728
0.0324667
0.0327416
0.0377275
0.0310378
0.0340376
0.0290627
0.0342102
0.0358037
0.0375159
0.0420982
0.038098
0.0361584
0.0437874
0.0424219
0.0415163
0.036568
0.0459542
0.0411592
0.0557774
0.0535878
0.055271
0.0574278
0.0657105
0.0615355
0.0705294
0.0809505
0.0865029
0.0952622
0.0990532
0.102873
0.105628
0.106872
0.100148
0.0942426
0.0905183
0.0684807
0.0601495
0.061978
0.063041
0.0587068
0.0437045
0.0483296
0.0454617
0.0576419
0.0542743
0.0394948
0.0493272
0.0518483
0.0439091
0.0510224
0.0497636
0.057629
0.0438567
0.0515844
0.0541915
0.0586814
0.0632554
0.0579572
0.0678424
0.0642821
0.0679833
0.0706074
0.0741178
0.0822779
0.0816759
0.0849138
0.0934544
0.0927035
0.0943684
0.0992618
0.107921
0.119752
0.116804
0.115197
0.11041
0.1058
0.101608
0.091524
0.0790422
0.0753999
0.0711415
0.0577699
0.0538714
0.0615835
0.0574421
0.0601743
0.0623138
0.0662358
0.0450542
0.0603345
0.0564125
0.0570528
0.0592178
0.0637351
0.0409837
0.0455374
0.0505824
0.0409548
0.0505809
0.0472036
0.0408687
0.0357869
0.0416041
0.0400178
0.0608904
0.0534666
0.0430406
0.0624669
0.046569
0.039023
0.0483576
0.0486094
0.0483178
0.0440511
0.0464118
0.0561803
0.0417014
0.0517335
0.0412307
0.0503338
0.0484189
0.0441087
0.0451749
0.0414793
0.0465448
0.0426366
0.04185
0.0419158
0.0485718
0.0433852
0.0402385
0.0505262
0.0519113
0.0471907
0.0453671
0.0437202
0.0452574
0.0556121
0.0586818
0.055682
0.0581866
0.0650474
0.0696763
0.072176
0.0762433
0.0809093
0.0843629
0.0802097
0.0862902
0.0821328
0.083124
0.0849404
0.0771549
0.0788977
0.0852046
0.0934904
0.0935149
0.0937484
0.0906345
0.0833717
0.0993094
0.106501
0.0768301
0.119482
0.108659
0.093384
0.110189
0.09936
0.113183
0.115401
0.107845
0.122922
0.100344
0.0891887
0.0982272
0.0770443
0.0856899
0.0917141
0.0702035
0.0846248
0.0781186
0.079819
0.0829465
0.0852614
0.0864586
0.0962858
0.0846992
0.0935984
0.107905
0.113108
0.0906206
0.0926464
0.109832
0.123204
0.111195
0.118698
0.113488
0.104016
0.104378
0.112771
0.0932619
0.0914366
0.0979041
0.0769969
0.0959853
0.103869
0.0803853
0.0816174
0.0604292
0.0879612
0.073327
0.096666
0.101047
0.110038
0.11793
0.0856133
0.0868759
0.0933525
0.106778
0.0994154
0.0921965
0.118565
0.108176
0.123051
0.120737
0.133701
0.156908
0.125162
0.130682
0.122873
0.124982
0.0958528
0.139101
0.11967
0.121714
0.13576
0.136785
0.134976
0.14568
0.163923
0.155229
0.16658
0.147443
0.1347
0.154619
0.166424
0.155704
0.16938
0.130783
0.124313
0.128669
0.142983
0.103288
0.129129
0.106506
0.0735637
0.0727331
0.0576309
0.0858186
0.0566377
0.0937797
0.0902488
0.108583
0.0747138
0.0743098
0.0599826
0.062156
0.0807942
0.0549866
0.0745607
0.0968518
0.0578955
0.0777692
0.110894
0.105135
0.0726872
0.101225
0.0824375
0.123767
0.15141
0.0997453
0.15057
0.148099
0.114793
0.110607
0.146916
0.137933
0.136046
0.166302
0.158189
0.164689
0.176504
0.172841
0.174371
0.18137
0.182768
0.197975
0.175601
0.187625
0.185945
0.185792
0.165709
0.172304
0.17747
0.176234
0.160816
0.167445
0.114955
0.110135
0.122941
0.0878786
0.128532
0.129916
0.0641684
0.106021
0.0734929
0.0840432
0.0713002
0.075705
0.0983519
0.0903639
0.0381359
0.0869631
0.0684002
0.083105
0.0655037
0.0977124
0.078624
0.125085
0.0657059
0.0520085
0.0786937
0.0672813
0.0923764
0.0710773
0.0754211
0.0701879
0.102639
0.0540955
0.094764
0.0918718
0.0652903
0.0474128
0.109712
0.0732519
0.0855356
0.120175
0.119171
0.0652642
0.128494
0.0931079
0.0846543
0.0960165
0.0865619
0.0431773
0.111877
0.107595
0.0961103
0.131981
0.0951802
0.100866
0.0589794
0.10503
0.0771083
0.121422
0.115391
0.0857981
0.119573
0.0740074
0.0904777
0.108031
0.120141
0.113082
0.0471414
0.0982718
0.107093
0.100421
0.104436
0.130645
0.0693461
0.0897625
0.0567579
0.0702143
0.0751158
0.0341464
0.0797853
0.0880543
0.103538
0.0833177
0.0727773
0.0669655
0.0564747
0.00235645
0.0771732
0.0835821
0.0396135
0.0506356
0.074204
0.095623
0.035298
0.0713589
0.0715818
0.0781989
0.0362855
0.0179272
0.12764
0.0860499
0.0654245
0.1147
0.100696
0.073114
0.06886
0.0789104
0.0986702
0.110098
0.107542
0.0982801
0.0980501
0.118118
0.103992
0.110542
0.151574
0.0974324
0.0931484
0.130017
0.151451
0.130946
0.142713
0.0685634
0.0954957
0.0729562
0.099696
0.124424
0.145039
0.0511134
0.0725435
0.0924577
0.112426
0.101992
0.0663226
0.106772
0.0919485
0.0908846
0.0627853
0.100211
0.0852071
0.0734416
0.0828098
0.0720633
