0.117237
0.119151
0.129179
0.129908
0.116263
0.130661
0.128534
0.13994
0.146616
0.143387
0.144699
0.153607
0.15766
0.161833
0.163979
0.163049
0.166528
0.166718
0.164704
0.161051
0.161642
0.15347
0.160169
0.16974
0.172799
0.177148
0.183914
0.188358
0.187742
0.19272
0.19459
0.19935
0.198906
0.201899
0.202312
0.206744
0.206551
0.208924
0.202382
0.194117
0.192728
0.187103
0.19838
0.196585
0.211803
0.214288
0.212243
0.220572
0.22036
0.229924
0.22619
0.210417
0.200357
0.19885
0.198997
0.199362
0.214954
0.239609
0.235468
0.228666
0.210674
0.177639
0.156435
0.137571
0.134136
0.128576
0.126972
0.12323
0.106351
0.113279
0.100175
0.10783
0.109661
0.102147
0.111873
0.108787
0.106852
0.112975
0.108265
0.113553
0.110195
0.111143
0.110546
0.115405
0.119587
0.118691
0.119137
0.126573
0.12758
0.137298
0.136574
0.14075
0.150996
0.148797
0.15857
0.170024
0.175718
0.176332
0.191981
0.196199
0.201617
0.201711
0.194821
0.186855
0.17153
0.157262
0.158396
0.157577
0.16104
0.163412
0.164785
0.169344
0.172721
0.173524
0.165369
0.169554
0.15776
0.157133
0.15227
0.152579
0.154996
0.160528
0.156637
0.15869
0.175942
0.181689
0.182841
0.181376
0.189541
0.192319
0.192945
0.197013
0.198896
0.198549
0.198697
0.199366
0.205156
0.206858
0.202876
0.197967
0.180348
0.174505
0.165578
0.15929
0.161918
0.178208
0.170691
0.181055
0.185035
0.195521
0.205124
0.212969
0.217299
0.222629
0.222373
0.219476
0.227101
0.22858
0.229788
0.231115
0.23261
0.229924
0.232349
0.224812
0.216635
0.180942
0.147287
0.125439
0.111876
0.106037
0.10668
0.105475
0.103016
0.107895
0.112272
0.111736
0.110927
0.113438
0.124492
0.121455
0.115467
0.129368
0.124057
0.120536
0.126672
0.121925
0.117208
0.123111
0.12252
0.117137
0.121136
0.120746
0.127222
0.122678
0.130424
0.130075
0.12327
0.125697
0.118024
0.112815
0.11227
0.104083
0.0903127
0.0945361
0.0918309
0.103002
0.100961
0.105219
0.112033
0.124093
0.125517
0.132698
0.137329
0.142059
0.143511
0.145354
0.147474
0.152111
0.150208
0.158165
0.154007
0.157981
0.155968
0.138841
0.137206
0.12296
0.110824
0.105849
0.123116
0.118034
0.130141
0.122881
0.124965
0.136512
0.14125
0.138835
0.150454
0.161484
0.168943
0.166725
0.172165
0.183527
0.183495
0.186937
0.194644
0.197226
0.199482
0.199984
0.203567
0.207182
0.204925
0.205168
0.210716
0.205367
0.200466
0.182112
0.163526
0.130998
0.136355
0.131124
0.1199
0.126651
0.13181
0.119246
0.127625
0.128935
0.146353
0.153642
0.161785
0.173862
0.172201
0.16268
0.180141
0.18591
0.180204
0.188066
0.194821
0.191193
0.193739
0.194832
0.186109
0.167299
0.157075
0.142874
0.124713
0.11978
0.114764
0.127108
0.122792
0.109901
0.1217
0.128151
0.117452
0.130011
0.11752
0.116985
0.133621
0.136788
0.133224
0.113699
0.124269
0.11174
0.124078
0.120121
0.120551
0.124
0.116886
0.121098
0.120023
0.11976
0.124131
0.124536
0.123448
0.1151
0.108275
0.0911042
0.112036
0.105933
0.0956073
0.0936142
0.102511
0.0990254
0.0893224
0.0921404
0.101225
0.111272
0.0903845
0.095615
0.0926984
0.107816
0.110723
0.116621
0.117693
0.117416
0.135797
0.131051
0.13213
0.140891
0.146737
0.15024
0.148714
0.152017
0.149434
0.14324
0.136206
0.125692
0.105967
0.127267
0.120613
0.097416
0.0971709
0.100546
0.0918381
0.0949887
0.102561
0.116128
0.108702
0.116381
0.109485
0.122399
0.11609
0.119633
0.127488
0.134133
0.133928
0.119827
0.129273
0.139826
0.142571
0.144942
0.160098
0.157466
0.168957
0.174031
0.188237
0.179549
0.175245
0.156462
0.164211
0.145373
0.111359
0.104856
0.110415
0.108471
0.0890325
0.0923681
0.0957565
0.0983991
0.0999002
0.116949
0.105455
0.109338
0.10525
0.097349
0.117145
0.099879
0.0966314
0.102139
0.0974837
0.114319
0.108449
0.109231
0.107108
0.114821
0.118276
0.126483
0.121116
0.129578
0.143646
0.152482
0.161699
0.176203
0.19171
0.187792
0.194878
0.190864
0.17751
0.170786
0.157187
0.139242
0.157576
0.144361
0.143838
0.133345
0.146913
0.133484
0.132843
0.135571
0.144493
0.149726
0.139816
0.152638
0.155835
0.154954
0.145429
0.142866
0.137463
0.139059
0.121995
0.144256
0.124201
0.133275
0.135157
0.128041
0.1265
0.112423
0.10488
0.103172
0.115161
0.104657
0.112171
0.118898
0.134771
0.133304
0.10639
0.117498
0.131465
0.115069
0.133394
0.141218
0.137989
0.128452
0.125096
0.131385
0.130944
0.133736
0.133706
0.147789
0.148254
0.148597
0.137091
0.162799
0.157282
0.143262
0.161053
0.179901
0.178151
0.176691
0.180699
0.182987
0.199667
0.214567
0.208488
0.219094
0.203342
0.171022
0.161135
0.156599
0.126552
0.133599
0.128753
0.158256
0.195822
0.22517
0.274089
0.329287
0.361038
0.357637
0.31781
0.284589
0.197656
0.151207
0.116758
0.103502
0.129949
0.118105
0.115979
0.116375
0.111553
0.107227
0.110364
0.135919
0.127828
0.134008
0.119257
0.131883
0.137643
0.134141
0.146423
0.13937
0.145486
0.147964
0.113453
0.117941
0.102138
0.120064
0.114147
0.103143
0.0850539
0.100225
0.0922322
0.0948401
0.0978356
0.0996112
0.0882134
0.0787542
0.093161
0.0915731
0.091969
0.0876833
0.113685
0.0843653
0.100784
0.1104
0.125717
0.119464
0.115851
0.114893
0.100719
0.0981859
0.110208
0.107081
0.094984
0.108672
0.105006
0.10938
0.0972924
0.10528
0.0967014
0.085894
0.0926355
0.0994131
0.115212
0.113701
0.0937297
0.0985351
0.124711
0.112025
0.130971
0.120916
0.118839
0.108246
0.100335
0.102822
0.099168
0.114595
0.112758
0.119407
0.115584
0.108766
0.105839
0.119448
0.108999
0.133297
0.11794
0.108643
0.109877
0.110591
0.135231
0.11951
0.114147
0.105585
0.0967978
0.0870893
0.105749
0.0807839
0.0874497
0.104399
0.111549
0.0908794
0.068459
0.0796545
0.0826817
0.0776546
0.089724
0.0896526
0.0888679
0.0689256
0.0635864
0.0625591
0.0804621
0.0918596
0.0775659
0.0949996
0.084078
0.0809498
0.0797276
0.0848367
0.0935995
0.0695507
0.070943
0.0648052
0.0581567
0.06237
0.0590757
0.0570501
0.0721415
0.083347
0.0862062
0.0907206
0.0912307
0.111999
0.093658
0.10577
0.114533
0.106923
0.0951095
0.0829553
0.0814634
0.0907708
0.0537092
0.0499456
0.0588253
0.0550549
0.051663
0.0646348
0.068311
0.0725449
0.0570643
0.081925
0.0786785
0.0932041
0.0645801
0.0835636
0.0882913
0.0886981
0.0792697
0.0964843
0.0896114
0.0952428
0.0835573
0.100039
0.096697
0.10222
0.111501
0.0700911
0.110852
0.125994
0.0710659
0.0885447
0.118082
0.0958331
0.0905901
0.110033
0.128851
0.117396
0.0919464
0.0950288
0.13083
0.104105
0.0964121
0.0924049
0.0790532
0.0948463
0.124662
0.0911935
0.100059
0.0869674
0.0963559
0.0744604
0.0907554
0.0921678
0.0999105
0.075297
0.0831646
0.0814892
0.0741107
0.0730149
0.0701497
0.0677291
0.0531085
0.0490966
0.0542942
0.0554861
0.0482028
0.0523862
0.043388
0.0362463
0.0228075
0.0487033
0.0462445
0.0342565
0.039804
0.0410482
0.0504319
0.0417533
0.0517047
0.0330334
0.0486516
0.0406319
0.0406336
0.0299797
0.0201521
0.0321629
0.0361232
0.0259821
0.038019
0.0355357
0.0547797
0.041442
0.0334993
0.0414576
0.057904
0.0383514
0.0552979
0.0400827
0.0406028
0.0394948
0.0407108
0.0468938
0.0457228
0.0444586
0.0550737
0.0415597
0.0448838
0.0579627
0.0469428
0.0502616
0.0458423
0.0342331
0.0260638
0.0350834
0.0150775
0.0266338
0.0267022
0.0305282
0.0404714
0.0313902
0.0328324
0.0411797
0.0487998
0.0270045
0.0199658
0.0386086
0.0314675
0.0107485
0.0343433
0.0416736
0.0416316
0.0257866
0.0231643
0.0449417
0.0287399
0.0187727
0.0370291
0.0223157
0.0313302
0.0301495
0.046056
0.0534905
0.0582631
0.0674306
0.0557753
0.0554502
0.0676364
0.0684945
0.0660944
0.07494
0.0712983
0.0889698
0.0540701
0.0707369
0.0840233
0.0549787
0.0573786
0.0823821
0.0797724
0.0817561
0.0606103
0.097944
0.101779
0.0950451
0.0856621
0.104221
0.10913
0.120853
0.101353
0.130583
0.131125
0.133595
0.126593
0.0973413
0.0909745
0.089959
0.0667072
0.0915663
0.096775
0.0760217
0.10901
0.0729403
0.0828797
0.0837258
0.068325
0.0835462
0.109174
0.0900013
0.0862317
0.0869298
0.099224
0.132021
0.0812677
0.0951896
0.0934794
0.0959376
0.113691
0.101231
0.119464
0.131237
0.128226
0.0975721
0.133075
0.127848
0.130396
0.103569
0.10772
0.107871
0.0846838
0.0805058
0.090355
0.053745
0.0374366
0.0606728
0.0325895
0.036449
0.0417527
0.019544
0.0315212
0.0247477
0.0106387
0.011314
0.0129323
0.0120843
0.00576267
0.0131616
0.00940634
0.0148153
0.0159763
0.0158249
0.0159284
0.0100686
0.0145647
0.0169212
0.0269336
0.0155702
0.0206437
0.0130901
0.017506
0.0146782
0.008663
0.00804432
0.0101289
0.00597208
0.00409085
0.00942534
0.0120313
0.00733094
0.00688055
0.00340635
0
0.012046
0.00113909
0.00983604
0.00161935
0.0089211
0.00961399
0.00751027
0.014399
0.0146523
0.0211052
0.00893373
0.0116512
0.0133541
0.00241616
0.0134985
0.00961267
0.0138956
0.0121155
0.0109631
0.0050764
0.0159391
0.0075322
0.00903879
0.0130688
0.0188679
0.0168794
0.0131471
0.0158978
0.0186193
0.0262664
0.0249972
0.0232014
0.0153973
0.0188113
0.0184107
0.0117312
0.0099247
0.0190689
0.0234663
0.0166119
0.0195261
0.0186348
0.0134839
0.0162552
0.0238601
0.0156808
0.0173198
0.0185367
0.0243061
0.0154818
0.0177827
0.0259883
0.0183995
0.0160828
0.0172465
0.00855217
0.0137115
0.0145664
0.0158642
0.0155335
0.0137974
0.0191951
0.0203775
0.0171996
0.0144991
0.0133313
0.0159886
0.0187769
0.0147411
0.0143987
0.0190712
0.0213173
0.0135415
0.0279823
0.0363431
0.0241469
0.0256689
0.0387711
0.0330071
0.0331315
0.0397516
0.0259841
0.0346893
0.0364503
0.0432272
0.0371957
0.0355387
0.0402798
0.0349954
0.0330472
0.0406338
0.0386934
0.036568
0.0446734
0.0463789
0.0509402
0.0596969
0.0557219
0.0561866
0.0518269
0.0554456
0.0585514
0.0673901
0.0617746
0.0587522
0.0599984
0.058613
0.0553657
0.0468482
0.0493182
0.0541061
0.059017
0.0492547
0.0553131
0.0617622
0.0547884
0.0583494
0.0569117
0.0593768
0.0628025
0.0620335
0.0815368
0.0641761
0.0445371
0.0656004
0.0507316
0.0657659
0.053076
0.0589719
0.0491334
0.0578109
0.0718122
0.0613088
0.0447331
0.0604424
0.0470637
0.029313
0.0439695
0.0609271
0.0496017
0.0453779
0.0460471
0.0549119
0.0543015
0.0525821
0.0529935
0.0411301
0.0349008
0.0510187
0.0310248
0.0369248
0.0277605
0.0375163
0.0477568
0.0290456
0.0309049
0.0460282
0.040236
0.0347725
0.0279727
0.0175626
0.0290498
0.0303671
0.0186285
0.0193301
0.0291056
0.0295732
0.0377199
0.019477
0.055446
0.0238734
0.0275507
0.0217897
0.018266
0.027693
0.02289
0.00159837
0.0344132
0.0164354
0.0228977
0.0045772
0.0116594
0.0088996
0.00202511
0.00522247
0.00151758
0.00868841
0.00822917
0.00331311
0.00955764
0.0159592
0.0132431
0.000877477
0.0167664
0.0134942
0.0114252
0.0125534
0.0187859
0.0160692
0.0185015
0.0273304
0.0219435
0.0262494
0.030648
0.0249867
0.0134643
0.0266856
0.0291466
0.0153388
0.011653
0.0117761
0.0224632
0.0115641
0.0107426
0.012469
0.0153285
0.0118197
0.00220647
0.00997364
0.0109486
0.00612428
0.0154411
0.0135782
0.0244686
0.0189284
0.0205997
0.0098385
0.011735
0.0295433
0.00901334
0.00313686
0.0159689
0.0131079
0.00721144
0.015684
0.0127103
0.0148958
0.0129815
0.0178133
0.0177512
0.00391923
0.00868631
0.00490615
0.0141307
0.00998981
0.00301348
0.0158033
0.0202268
0.00776553
0.0125161
0.00996559
0.0195124
0.00914427
0.0118874
0.0175562
0.0190786
0.00994702
0.0104429
0.0200092
0.0181644
0.0229821
0.015031
0.0161303
0.0272884
0.0166758
0.0150506
0.0160183
0.0121104
0.0104499
0.0112181
0.00985498
0.00888227
0.0107701
0.00961669
0.0117611
0.0191563
0.0171511
0.0082682
0.00864017
0.019863
0.017654
0.0114913
0.00888034
0.014852
0.0164035
0.0212308
0.0156064
0.0143394
0.0189352
0.0228739
0.0240322
0.0198715
0.0290436
0.0327514
0.0219874
0.0210287
0.0263268
0.0279619
0.0239822
0.0309855
0.0286201
0.0275323
0.0161097
0.027942
0.0175631
0.0213818
0.0236131
0.0290714
0.0247207
0.0140629
0.0239498
0.0178823
0.0237634
0.0248595
0.024765
0.0310714
0.0301855
0.0302259
0.0258895
0.030116
0.036993
0.0364424
0.0325617
0.0562936
0.0731027
0.120061
0.250772
0.410001
0.491942
0.511162
0.491042
0.410422
0.247751
0.118519
0.07051
0.0577097
0.045457
0.0470687
0.0434252
0.0380576
0.0361471
0.0368588
0.0331205
0.0426571
0.0411065
0.0362197
0.0343913
0.0373144
0.0364209
0.0325118
0.0306284
0.0412154
0.0335252
0.0424338
0.0369739
0.0292871
0.0339715
0.0311767
0.0354743
0.0277138
0.030014
0.0314434
0.0307821
0.0330429
0.0309374
0.0385632
0.0237126
0.0293126
0.0333333
0.0313266
0.0326052
0.0330777
0.0332576
0.0295974
0.0368658
0.0346316
0.0285828
0.0418313
0.0367672
0.0343024
0.0318696
0.0366912
0.0316911
0.034384
0.0375976
0.0470803
0.0401735
0.0378204
0.0401548
0.0402899
0.0408848
0.0408032
0.0338447
0.031768
0.0343077
0.0329295
0.0339371
0.034216
0.0218755
0.0206254
0.0302675
0.0395191
0.0348806
0.0290857
0.0217561
0.0283751
0.0278248
0.0335508
0.0285819
0.031574
0.0341166
0.0355398
0.0396873
0.0400915
0.0294431
0.0256815
0.0431332
0.032526
0.0253251
0.0400938
0.0311033
0.032116
0.027677
0.0263577
0.0300823
0.0305101
0.0320231
0.0374056
0.0252903
0.0386629
0.0482432
0.0368882
0.0331186
0.0235421
0.0276036
0.0270198
0.035173
0.0253423
0.0369236
0.0222265
0.0454485
0.0431054
0.0416204
0.05346
0.0428157
0.0505954
0.0528086
0.0493925
0.0524132
0.0452055
0.0400729
0.0434447
0.0409386
0.0488471
0.0485919
0.0478807
0.0393149
0.041298
0.0530819
0.0504587
0.0473127
0.0555884
0.0456348
0.0385541
0.0462165
0.0347948
0.0495624
0.0498972
0.0349494
0.0280776
0.0260103
0.0228338
0.0646658
0.0296411
0.0379753
0.0419329
0.0408788
0.0417824
0.0204438
0.0223868
0.0876047
0.0656718
0.0539249
0.026591
0.0587393
0.0555002
0.0421525
0.0443817
0.0427658
0.0572112
0.0661297
0.0379099
0.0926034
0.0816445
0.0274511
0.0461049
0.0824302
0.0595197
0.0592417
0.0581715
0.0774332
0.0918859
0.0789634
0.101862
0.0691432
0.0823941
0.0785608
0.0732158
0.0261955
0.0781147
0.0721606
0.0659545
0.0427221
0.0442885
0.0264049
0.0543222
0.0354549
0.0503628
0.0620078
0.0617237
0.0338341
0.0689941
0.0889976
0.0432678
0.0445722
0.0523376
0.0650354
0.0519083
0.0406287
0.0444446
0.0496158
0.0390803
0.0881803
0.0555586
0.0428934
0.0755658
0.029868
0.0344198
0.0453606
0.050695
0.0380023
0.066627
0.0593538
0.0704948
0.0458131
0.036124
0.0833794
0.0545716
0.0703533
0.0726568
0.0705161
0.0594403
0.0755484
0.0589525
0.0323874
0.0366297
0.0233365
0.0556282
0.0450556
0.0324164
0.0413975
0.0287576
0.0510953
0.0346878
0.0472031
0.0436869
0.044448
0.0613002
0.0438198
0.0438079
0.0552103
0.0468544
0.0507586
0.0555478
0.0695182
0.0666119
0.0943765
0.0840087
0.0866403
0.108487
0.105792
0.107334
0.129257
0.138419
0.142873
0.126497
0.137229
0.124473
0.0726788
0.0465679
0.0317563
0.0467307
0.0304683
0.0219569
0.0473109
0.0422532
0.0409038
0.0108784
0.0403294
0.0424755
0.0316542
0.0420236
0.0138824
0.034521
0.0292733
0.0256642
0.0227871
0.0402739
0.0450398
0.0383842
0.0253511
0.0356356
0.0333911
0.0282822
0.0321938
0.0274563
0.0351046
0.0247683
0.0318282
0.039163
0.0386804
0.0310338
0.0281079
0.0410775
0.02375
0.0398278
0.0342937
0.029361
0.0370621
0.032834
0.0332235
0.0369186
0.039695
0.0341396
0.0338411
0.0287828
0.0435232
0.0336507
0.03557
0.0332715
0.0404349
0.0441706
0.0435572
0.0317378
0.0365592
0.0301354
0.0295069
0.0225722
0.0349493
0.0273643
0.027804
0.0314844
0.0235914
0.0316043
0.0256938
0.0350437
0.0401096
0.0334333
0.026996
0.0329797
0.0351977
0.0376299
0.0230338
0.0345292
0.03442
0.0363204
0.0321929
0.0351305
0.0364334
0.0342128
0.0322013
0.0255356
0.0349366
0.0271729
0.0382257
0.0364885
0.0394363
0.0305505
0.0433
0.0374718
0.0306569
0.0393692
0.0347385
0.0378748
0.0418619
0.0403007
0.0465115
0.0451216
0.0427322
0.039985
0.0453879
0.0482123
0.0458088
0.0446097
0.0561777
0.0657464
0.059642
0.0664118
0.070855
0.0755268
0.0723799
0.0730906
0.0660459
0.0526153
0.0527886
0.0484
0.0270896
0.0342968
0.0290991
0.0303278
0.0343678
0.0235887
0.0307657
0.0314991
0.0330129
0.0308584
0.0348142
0.0375021
0.0302732
0.0335106
0.0328045
0.0366671
0.0349573
0.0406888
0.0357672
0.036753
0.045315
0.0432688
0.0472939
0.0520427
0.0502936
0.0603616
0.0624078
0.0624176
0.0712859
0.0780343
0.0837777
0.0925213
0.099382
0.0925563
0.101857
0.100895
0.099296
0.0897063
0.0807959
0.0685532
0.0649093
0.0585597
0.0575683
0.0460656
0.0396888
0.0442163
0.0446309
0.0492729
0.0593413
0.0308529
0.0439957
0.049171
0.0393745
0.0490671
0.0473119
0.0520575
0.0527993
0.0483972
0.0535867
0.0586133
0.0555545
0.0564851
0.0609275
0.0672685
0.067583
0.0663466
0.0696248
0.070046
0.0707098
0.0806888
0.0849471
0.0917108
0.0883944
0.0896131
0.106822
0.112323
0.117712
0.107581
0.113113
0.106213
0.100107
0.0898448
0.0779128
0.0736904
0.0677485
0.0508636
0.0590754
0.0515538
0.0551933
0.0498913
0.0600855
0.0570519
0.0477193
0.0571808
0.0500423
0.0536634
0.0645307
0.0505402
0.0297869
0.0404381
0.0414919
0.0410497
0.0412893
0.0479041
0.0380256
0.043335
0.0380256
0.0420919
0.0578474
0.0457719
0.0463208
0.0510944
0.0428141
0.037945
0.0483309
0.0479365
0.0435195
0.0396633
0.0408462
0.0440589
0.0410136
0.0411815
0.0390581
0.049488
0.0459913
0.0391009
0.0503038
0.0377738
0.0488499
0.0412881
0.0497817
0.0427916
0.0387537
0.0400397
0.0385287
0.0384264
0.0414072
0.0399879
0.0389878
0.041833
0.0387265
0.0524251
0.0565027
0.0564832
0.061087
0.0651088
0.0667057
0.07541
0.0704142
0.081553
0.0829167
0.076652
0.0923379
0.0748073
0.0770045
0.085828
0.0780132
0.0697631
0.0833183
0.0880106
0.0855099
0.0870231
0.0826559
0.0790424
0.084016
0.0860392
0.0824812
0.089061
0.0746319
0.0932189
0.10384
0.0879805
0.102206
0.111412
0.0973439
0.0993444
0.099926
0.0957325
0.0940308
0.0685841
0.0950747
0.0798451
0.0574597
0.0737647
0.0693382
0.0678697
0.0769672
0.0923236
0.0803435
0.0993517
0.0877945
0.0903925
0.0846712
0.0984841
0.109745
0.100315
0.10303
0.121213
0.120176
0.111628
0.11348
0.0996426
0.0995807
0.101088
0.0804802
0.0743972
0.0828319
0.0727796
0.0853351
0.0911909
0.0630129
0.048486
0.0562312
0.0852972
0.0675264
0.0792104
0.116587
0.105053
0.0822935
0.0528794
0.0704158
0.0786337
0.0912763
0.0625258
0.106475
0.124709
0.0860009
0.0796457
0.100234
0.0992613
0.114248
0.0989989
0.097983
0.112679
0.124188
0.10635
0.144146
0.100357
0.116274
0.128952
0.128815
0.125715
0.129219
0.138501
0.142892
0.156138
0.148504
0.133809
0.146605
0.160047
0.145635
0.142361
0.132707
0.12664
0.118728
0.124231
0.0790606
0.106659
0.093806
0.0658301
0.0817655
0.0533701
0.067469
0.045534
0.0425683
0.0824857
0.0648978
0.0576514
0.069879
0.0580583
0.0585704
0.0666704
0.0299807
0.0470722
0.0543894
0.0646895
0.054617
0.103151
0.117706
0.0691795
0.0743765
0.0856323
0.0890945
0.109684
0.101716
0.107007
0.125155
0.120988
0.114903
0.145129
0.135726
0.115935
0.160462
0.161902
0.139199
0.148022
0.146429
0.170972
0.177959
0.164093
0.184306
0.17116
0.1825
0.171637
0.180586
0.165982
0.171487
0.185594
0.150477
0.139213
0.172431
0.107797
0.105052
0.116581
0.0947901
0.0724495
0.0774655
0.0611393
0.0807508
0.0768543
0.0730435
0.0481138
0.0704216
0.0798434
0.0645765
0.0453675
0.0691568
0.0562306
0.075378
0.0817141
0.0694126
0.089273
0.0695078
0.0680916
0.0470359
0.0637226
0.0469247
0.063131
0.0652564
0.0811448
0.06626
0.0910434
0.0526066
0.0903205
0.0591184
0.0925365
0.0975097
0.0932944
0.0290462
0.0580713
0.0857952
0.0655689
0.066101
0.101381
0.0667099
0.0586526
0.0598373
0.0641178
0.0616077
0.0899581
0.063488
0.0856389
0.0990793
0.0812935
0.0949602
0.0794426
0.106194
0.0869749
0.115231
0.0951402
0.0636577
0.0725788
0.0263282
0.0879381
0.0878646
0.112305
0.087871
0.0752655
0.107464
0.0961156
0.0448557
0.0974127
0.07729
0.066307
0.0734493
0.0215308
0.0573718
0.0838861
0.0324693
0.036884
0.0511587
0.0888031
0.00636875
0.0787568
0.0467201
0.0871199
0.028333
0.00818124
0.0786256
0.0119881
0.0367234
0.0429677
0.0523494
0.0668317
0.0148579
0.0433284
0.050147
0.0624821
0.0358769
0.0521941
0.0591644
0.087471
0.0867291
0.0602962
0.0642811
0.0592832
0.0613815
0.108395
0.055276
0.0505524
0.0917034
0.0953224
0.0688291
0.0917508
0.0825679
0.101091
0.0643124
0.0687717
0.104017
0.0682785
0.121086
0.0945451
0.096102
0.0827816
0.0653879
0.126413
0.100873
0.0913586
0.0428783
0.096547
0.0992643
0.0794377
0.0826259
0.0499231
0.076407
0.0520173
0.0465092
0.0516234
0.0805726
0.0657684
0.0598181
0.0724342
0.0775945
