0.173298
0.179877
0.181057
0.182003
0.183638
0.1944
0.195382
0.202826
0.207602
0.207466
0.218595
0.223185
0.228775
0.23449
0.239981
0.242415
0.249674
0.251825
0.250747
0.247231
0.248044
0.245075
0.251947
0.251873
0.265167
0.27587
0.285506
0.294276
0.297164
0.300317
0.3059
0.31458
0.316114
0.319958
0.325167
0.330326
0.334763
0.334454
0.332235
0.324694
0.313233
0.300109
0.316567
0.323885
0.340562
0.350339
0.355788
0.36399
0.366151
0.373932
0.362621
0.321061
0.303925
0.302273
0.302351
0.302395
0.32559
0.397184
0.401787
0.396524
0.362896
0.307276
0.254103
0.230436
0.207745
0.191369
0.200965
0.182583
0.162024
0.163489
0.147517
0.145961
0.139828
0.135495
0.139071
0.138296
0.1435
0.146389
0.150925
0.158034
0.161285
0.168238
0.167049
0.170833
0.167496
0.168692
0.168869
0.176829
0.179644
0.192471
0.196958
0.200629
0.218933
0.228547
0.245535
0.269201
0.293917
0.307152
0.326183
0.337057
0.339772
0.344656
0.32786
0.304938
0.272031
0.246874
0.233448
0.232159
0.23122
0.237593
0.242837
0.248665
0.252745
0.257738
0.252526
0.258942
0.249169
0.247572
0.248131
0.235125
0.240789
0.252575
0.25847
0.263284
0.271087
0.27603
0.283868
0.280831
0.296603
0.301376
0.30216
0.308763
0.308072
0.303164
0.302501
0.304768
0.323607
0.330549
0.327496
0.322973
0.295884
0.27733
0.264437
0.264506
0.268483
0.291385
0.286906
0.294858
0.306417
0.320763
0.339218
0.346618
0.356429
0.365624
0.372417
0.369891
0.375525
0.378959
0.380996
0.378002
0.378145
0.383945
0.390663
0.382574
0.350868
0.286622
0.222018
0.181418
0.152072
0.142283
0.128483
0.130905
0.125837
0.129178
0.132342
0.136859
0.13929
0.149696
0.161622
0.16691
0.17686
0.188702
0.187871
0.180983
0.181904
0.178152
0.174059
0.172471
0.173086
0.158357
0.159653
0.160511
0.165384
0.168267
0.169431
0.174407
0.177153
0.180907
0.173183
0.161823
0.154253
0.157039
0.142038
0.14034
0.14268
0.151981
0.158882
0.162769
0.166427
0.170952
0.185994
0.191834
0.199577
0.209483
0.211611
0.212062
0.219584
0.223144
0.224507
0.233023
0.235575
0.238012
0.234656
0.227648
0.21949
0.190642
0.185689
0.17927
0.192457
0.194893
0.20113
0.192684
0.202973
0.212497
0.228843
0.22681
0.247416
0.251584
0.257482
0.268046
0.278332
0.294308
0.293067
0.301577
0.313524
0.319425
0.320992
0.327271
0.336964
0.3414
0.343959
0.348495
0.365159
0.357146
0.35632
0.325809
0.284679
0.236478
0.225852
0.227063
0.209581
0.221311
0.219357
0.22309
0.213001
0.237353
0.238037
0.243221
0.254309
0.270281
0.272813
0.281042
0.290097
0.292557
0.293189
0.301631
0.305649
0.306801
0.302988
0.300677
0.291262
0.261846
0.228519
0.193464
0.16952
0.158715
0.158971
0.175464
0.181375
0.173257
0.190855
0.211333
0.200456
0.214703
0.201707
0.206542
0.216626
0.218137
0.203291
0.187936
0.189789
0.181779
0.177112
0.167888
0.165967
0.169036
0.160956
0.163829
0.166275
0.170798
0.18102
0.179639
0.18184
0.17095
0.175356
0.152461
0.16526
0.16549
0.163671
0.157778
0.144819
0.158875
0.153267
0.147072
0.15321
0.154436
0.157875
0.155348
0.161099
0.160477
0.162039
0.172346
0.176442
0.190917
0.195143
0.197082
0.19676
0.205548
0.215193
0.217664
0.225514
0.232205
0.232464
0.224133
0.226304
0.216891
0.196583
0.220937
0.208489
0.199195
0.177745
0.175805
0.164949
0.179346
0.172464
0.190547
0.19015
0.191857
0.179533
0.191738
0.192279
0.198112
0.203536
0.201606
0.203834
0.200657
0.203321
0.220805
0.224158
0.233024
0.252832
0.255926
0.28087
0.274379
0.291438
0.280058
0.284911
0.266509
0.2566
0.235863
0.190672
0.182687
0.16956
0.170686
0.144559
0.148945
0.147625
0.160265
0.167035
0.180341
0.169106
0.180646
0.167441
0.162596
0.17645
0.163062
0.156539
0.161071
0.160141
0.168034
0.15894
0.160586
0.153284
0.160422
0.169179
0.168963
0.175864
0.188187
0.214372
0.229575
0.258728
0.280117
0.313716
0.313191
0.322612
0.318944
0.302718
0.288455
0.273783
0.22509
0.245472
0.240205
0.256649
0.236962
0.257308
0.250488
0.244153
0.238194
0.230381
0.237172
0.233183
0.247047
0.238936
0.238218
0.226025
0.219388
0.196267
0.199521
0.1903
0.210371
0.196888
0.226272
0.22458
0.229193
0.219833
0.209412
0.205577
0.193242
0.203358
0.18264
0.220692
0.206857
0.220228
0.221483
0.199681
0.203662
0.217246
0.212988
0.21308
0.219102
0.22034
0.219302
0.206627
0.217101
0.229551
0.239321
0.230124
0.236454
0.230264
0.228403
0.234114
0.248604
0.247386
0.242241
0.245073
0.276757
0.276026
0.285346
0.314497
0.336324
0.370294
0.415009
0.416424
0.423917
0.391453
0.358748
0.310505
0.278903
0.253549
0.219981
0.231162
0.238411
0.270448
0.340498
0.386652
0.443643
0.470284
0.489654
0.448286
0.392474
0.302615
0.22984
0.196254
0.197942
0.203654
0.181451
0.202797
0.205658
0.18454
0.197647
0.199324
0.220404
0.212839
0.224816
0.209998
0.21421
0.227402
0.225542
0.230575
0.233588
0.239907
0.233852
0.209941
0.20452
0.174359
0.16246
0.184327
0.161133
0.156549
0.172377
0.160368
0.148184
0.131281
0.143414
0.136775
0.139267
0.132329
0.140573
0.137736
0.141335
0.136628
0.137703
0.135286
0.149761
0.166061
0.162955
0.17847
0.195618
0.181606
0.187329
0.182111
0.181203
0.182758
0.173891
0.189358
0.189149
0.174211
0.180813
0.158646
0.14984
0.161003
0.167458
0.193421
0.184686
0.188367
0.166949
0.216589
0.209587
0.208423
0.194695
0.200086
0.168227
0.179838
0.170275
0.159818
0.16342
0.17281
0.179352
0.181558
0.188913
0.165083
0.181924
0.174996
0.185969
0.177238
0.178778
0.177809
0.193463
0.224719
0.191634
0.201945
0.186091
0.176494
0.164752
0.170011
0.147166
0.154251
0.13834
0.170436
0.153433
0.149918
0.144897
0.154655
0.143031
0.122007
0.134707
0.130878
0.122566
0.136209
0.13082
0.146706
0.129615
0.128829
0.135236
0.140867
0.129629
0.139408
0.142505
0.136755
0.129794
0.123792
0.110738
0.0875842
0.0970942
0.111204
0.114269
0.122119
0.132026
0.126018
0.1412
0.151864
0.170252
0.163091
0.183106
0.189099
0.192058
0.19537
0.161349
0.14918
0.150704
0.10331
0.098296
0.0942589
0.07814
0.0951683
0.0962162
0.103887
0.119295
0.120153
0.156918
0.140391
0.165175
0.155358
0.146801
0.158805
0.140339
0.150775
0.134832
0.151998
0.15562
0.173084
0.183268
0.174521
0.185591
0.18321
0.165401
0.18181
0.188059
0.155369
0.16055
0.168758
0.157101
0.163086
0.18563
0.166896
0.166345
0.158477
0.174216
0.183533
0.160727
0.161917
0.165355
0.158443
0.170426
0.186882
0.172594
0.166178
0.147819
0.16051
0.131895
0.140929
0.129983
0.152568
0.130073
0.128834
0.125124
0.0986222
0.116129
0.120693
0.10212
0.0873668
0.0790013
0.0899151
0.0975503
0.0817966
0.0875349
0.0727487
0.0578202
0.0699573
0.0601449
0.0680712
0.0571044
0.0613588
0.0684665
0.0510485
0.0629506
0.0655695
0.0538376
0.0657326
0.0675301
0.0710245
0.0549178
0.0518624
0.0540745
0.059536
0.0460562
0.0495978
0.0738832
0.068936
0.0610759
0.0607397
0.061118
0.0673871
0.0687917
0.0716468
0.0735054
0.0558657
0.0669283
0.070736
0.0675355
0.0667388
0.0686962
0.0873573
0.063493
0.0736542
0.0811812
0.0613409
0.0620932
0.0598333
0.0567892
0.0459797
0.0389241
0.0419451
0.0536442
0.0548969
0.0458075
0.0611937
0.0498525
0.0564251
0.062902
0.0599028
0.0496767
0.0650947
0.0639968
0.0527702
0.0513283
0.0389533
0.0581022
0.0561302
0.0468361
0.0513396
0.057034
0.0626354
0.0458776
0.062627
0.0511516
0.0688938
0.0788928
0.0868923
0.109272
0.0996855
0.128703
0.113071
0.107055
0.0917543
0.117903
0.109305
0.123646
0.126376
0.146252
0.124224
0.120347
0.122541
0.106456
0.130191
0.12932
0.149231
0.131665
0.158548
0.173775
0.174681
0.163379
0.177717
0.193283
0.193542
0.237841
0.22644
0.227378
0.260363
0.254833
0.240945
0.22537
0.199132
0.16217
0.149769
0.13913
0.141089
0.13617
0.167613
0.155742
0.139155
0.14497
0.171515
0.157531
0.180934
0.179094
0.17135
0.163147
0.188093
0.185293
0.163093
0.168909
0.160404
0.165605
0.192976
0.181283
0.222968
0.223544
0.231521
0.206834
0.217575
0.229299
0.18603
0.202264
0.198898
0.165417
0.164516
0.17304
0.148339
0.102313
0.105352
0.101475
0.0581058
0.0564411
0.0676425
0.064515
0.043709
0.0304127
0.0160563
0.0166429
0.00903224
0.00474299
0.0138015
0.00884014
0.00951653
0.00931714
0.0104751
0.0123271
0.0110616
0.0112132
0.00906128
0.0108108
0.0234516
0.021421
0.0223189
0.0217789
0.0183606
0.0256502
0.00759121
0.00366979
0.00649927
0.00432101
0.00576905
0.0067451
0.00697544
0.00751689
0.00440989
0.00933113
0
0.00696898
0.00136862
0.00292197
0.00375193
0.009564
0.007616
0.00918789
0.0208342
0.0161449
0.0222589
0.0176405
0.0180381
0.0156327
0.0110569
0.0125649
0.0114141
0.0122409
0.0138267
0.0124118
0.0102161
0.0130727
0.0153074
0.0181773
0.0164091
0.0131976
0.0193454
0.0179671
0.0212319
0.0261236
0.0276065
0.0320015
0.0294112
0.0309614
0.0291244
0.025438
0.0218732
0.0160238
0.0281864
0.0239935
0.0267283
0.0236602
0.0310311
0.0240351
0.0208247
0.0273669
0.0230462
0.0251876
0.0285197
0.0327697
0.0292758
0.0354072
0.0415554
0.0338508
0.0353733
0.0333427
0.0226225
0.0273739
0.0250166
0.0302874
0.0268585
0.0175109
0.0257405
0.0292334
0.0335941
0.0232192
0.0215505
0.0298804
0.0282212
0.0298244
0.0301491
0.0293796
0.03111
0.0345271
0.0457795
0.0586172
0.0557388
0.0488396
0.045669
0.0590495
0.0583158
0.0616147
0.0566197
0.0599319
0.0614099
0.0619802
0.0600543
0.0658141
0.0651068
0.0674394
0.0664347
0.0765763
0.0709492
0.0716693
0.0850915
0.0882523
0.0942847
0.101906
0.098556
0.104636
0.0994017
0.113288
0.102923
0.111009
0.1174
0.113737
0.101673
0.106933
0.107941
0.101701
0.106586
0.107583
0.108013
0.103879
0.106965
0.113479
0.106361
0.105999
0.108479
0.119326
0.123899
0.132808
0.14547
0.135327
0.10657
0.11325
0.103677
0.0995864
0.09875
0.0845754
0.0872203
0.0976975
0.0990193
0.101732
0.0949634
0.0979887
0.0937298
0.078654
0.0899978
0.0915094
0.0860154
0.0777049
0.0862557
0.0976107
0.082209
0.089981
0.08757
0.079429
0.0766325
0.0919086
0.0715901
0.0643149
0.057738
0.0577974
0.0670342
0.0562069
0.0526214
0.0641106
0.0537281
0.0603023
0.0598372
0.0439795
0.0507798
0.051535
0.0513858
0.0402288
0.0487938
0.0501086
0.0478092
0.0484794
0.0671965
0.041883
0.0556748
0.0630916
0.0346917
0.0526933
0.0403957
0.0356893
0.0460789
0.0227016
0.0238344
0.0113201
0.020449
0.0166391
0.0107329
0.00978838
0.0193843
0.0126949
0.0144563
0.00827942
0.0156858
0.0135837
0.00293346
0.00251376
0.0179637
0.018502
0.0225906
0.0281119
0.0285518
0.0378972
0.0347828
0.034268
0.0483094
0.0413359
0.0494821
0.0538093
0.0423626
0.0364654
0.0316929
0.0236233
0.0162976
0.0204792
0.0226242
0.018155
0.0188823
0.0220929
0.0141119
0.0111832
0.00939298
0.0173342
0.016197
0.00904715
0.0180032
0.0119089
0.0224141
0.0101781
0.0173066
0.0131277
0.0217559
0.0338957
0.0174946
0.0331092
0.0130851
0.0157187
0.0177651
0.0137183
0.014982
0.0144423
0.0223264
0.0184474
0.0164574
0.0108674
0.00783086
0.00782742
0.0178657
0.012484
0.00767377
0.0213871
0.0197317
0.0116082
0.0156186
0.0135922
0.0190421
0.0188771
0.0130154
0.0157376
0.0276934
0.0325375
0.0241455
0.0278459
0.0372509
0.042126
0.0402808
0.0341364
0.0459173
0.0245893
0.0361936
0.0247659
0.0256036
0.022582
0.0228001
0.0222754
0.0201988
0.0235828
0.0221388
0.0219361
0.0222128
0.022167
0.0191839
0.0191329
0.0257653
0.028866
0.0213486
0.0229285
0.0198407
0.0213913
0.0296032
0.0250044
0.0274017
0.0335986
0.0364239
0.0337211
0.0361407
0.0374177
0.0471193
0.0458703
0.0344582
0.0487005
0.0447533
0.0474707
0.0470941
0.049879
0.050565
0.0412488
0.0433237
0.0382123
0.0353351
0.0359542
0.0505111
0.0398523
0.0396193
0.0430405
0.0424688
0.0454649
0.0416087
0.0403693
0.0460888
0.0486017
0.0517787
0.0441329
0.0495784
0.0573915
0.0611893
0.0658437
0.0876619
0.112718
0.168205
0.347662
0.540439
0.633031
0.660823
0.631501
0.539397
0.330087
0.166575
0.105182
0.0845068
0.0760643
0.0671581
0.0663964
0.0675829
0.0675196
0.0710252
0.0669574
0.0689765
0.0672367
0.0663223
0.0603559
0.0700004
0.0600068
0.0677989
0.0630769
0.0654654
0.0666822
0.0703734
0.0706966
0.0580732
0.0619316
0.0581422
0.0590711
0.0494672
0.0506006
0.0457861
0.0546482
0.0509805
0.0500967
0.0596112
0.0496688
0.0531611
0.053236
0.0545341
0.0541161
0.0598815
0.0568013
0.0554095
0.0621873
0.0645152
0.0620894
0.0666442
0.066532
0.0637491
0.0564227
0.0642974
0.06233
0.06656
0.0599116
0.0682335
0.0710169
0.0647409
0.059397
0.0670451
0.0720096
0.0648076
0.0624782
0.0613633
0.0686709
0.0654562
0.0608167
0.0462951
0.0494782
0.0617302
0.061051
0.0594395
0.0639209
0.0623395
0.0536123
0.0576254
0.0523572
0.0600945
0.056833
0.0612271
0.0643299
0.060616
0.0582319
0.0644094
0.0631122
0.0599854
0.0622064
0.0566914
0.0609977
0.0614663
0.0601648
0.0577589
0.0608468
0.0633597
0.065056
0.0609609
0.0689369
0.069873
0.067043
0.0674533
0.0807733
0.0690993
0.0752036
0.0611433
0.0616197
0.0685804
0.0768385
0.0590662
0.0560297
0.0712702
0.0868431
0.0826847
0.0828542
0.0888319
0.0842145
0.093566
0.0804524
0.0844797
0.0892512
0.0749166
0.0844401
0.0816336
0.0839779
0.0862843
0.0774875
0.0829358
0.0776708
0.0887292
0.0871829
0.0954796
0.0775379
0.0957628
0.0983098
0.0914442
0.102036
0.0835612
0.0954763
0.0951169
0.0860108
0.0810276
0.0744265
0.0980204
0.101023
0.0646836
0.0855351
0.0764607
0.0737875
0.0897182
0.0703304
0.095365
0.125422
0.0946519
0.100052
0.075082
0.093962
0.113215
0.0835963
0.0937294
0.10484
0.112726
0.121789
0.131348
0.113395
0.121234
0.0826669
0.109936
0.147415
0.0912791
0.106413
0.120613
0.137927
0.154239
0.127239
0.165292
0.144866
0.129428
0.128469
0.14645
0.130666
0.121646
0.127903
0.144118
0.113961
0.10536
0.0929398
0.102096
0.103731
0.108451
0.0986735
0.119401
0.0899772
0.106901
0.117888
0.109275
0.107793
0.112484
0.0940333
0.0992836
0.108116
0.103685
0.104474
0.0887423
0.13382
0.0977225
0.116865
0.107772
0.0802502
0.0864864
0.0899921
0.0998624
0.090954
0.107217
0.104162
0.0913214
0.114905
0.098146
0.124809
0.104203
0.128577
0.124336
0.128533
0.127631
0.0865565
0.0906061
0.0882662
0.0734756
0.0763411
0.0771071
0.0769354
0.0664525
0.0830041
0.0667869
0.0843166
0.0712565
0.07865
0.0797434
0.0673397
0.0825614
0.0780602
0.0899851
0.0942357
0.0834923
0.104378
0.0987435
0.115515
0.126038
0.151459
0.146818
0.161319
0.165869
0.167717
0.173498
0.215127
0.231885
0.235177
0.234695
0.233493
0.200454
0.130339
0.087068
0.0693222
0.073225
0.0624067
0.0832425
0.0771264
0.0595488
0.0681268
0.0593609
0.0614597
0.0660136
0.0624975
0.0616717
0.0544845
0.0830225
0.0607393
0.0562435
0.0678882
0.0645759
0.0649564
0.0745528
0.0673722
0.0753628
0.0620191
0.0577516
0.0633842
0.0684822
0.068055
0.0601748
0.0563891
0.0725123
0.0716157
0.069666
0.0651192
0.0614374
0.0642061
0.0719384
0.0677686
0.0624156
0.0619526
0.0719478
0.0624506
0.0648067
0.0733287
0.0654494
0.0679369
0.065227
0.0751934
0.0656733
0.0596154
0.0609324
0.0679555
0.0698127
0.0670246
0.062648
0.0627311
0.0612802
0.0600185
0.0475706
0.0590958
0.051949
0.0562355
0.0397643
0.0518959
0.0514566
0.0535588
0.0581735
0.0461723
0.0525147
0.0568661
0.0504858
0.0569228
0.0603711
0.0509059
0.0549679
0.0610163
0.0620597
0.0605402
0.0588498
0.0635342
0.0561704
0.0623476
0.0530993
0.0542631
0.0484336
0.0538771
0.0614037
0.0605296
0.0565576
0.0617146
0.0643595
0.0569707
0.0643539
0.0637274
0.0694938
0.0709985
0.0724596
0.0717939
0.0814067
0.0723781
0.0685555
0.0739337
0.0831174
0.0852065
0.0847655
0.0828393
0.0886694
0.0964226
0.108066
0.102976
0.110956
0.109422
0.113783
0.101191
0.0858819
0.0822207
0.0696516
0.0613449
0.0557953
0.0502464
0.0519979
0.0543052
0.0494357
0.0535647
0.0556599
0.0531597
0.0531241
0.0554189
0.0532731
0.0564538
0.0616126
0.0597468
0.0642143
0.0613383
0.0702528
0.0668325
0.0643926
0.0722243
0.075073
0.0838647
0.0824407
0.086773
0.101575
0.104184
0.101869
0.115558
0.121113
0.132939
0.150045
0.150753
0.155819
0.167956
0.168358
0.158912
0.145115
0.127886
0.117392
0.108186
0.098482
0.0942382
0.0853135
0.0830748
0.0672152
0.0769592
0.07455
0.0850429
0.0743412
0.0779694
0.0867904
0.0820181
0.083676
0.0889473
0.0895812
0.0891203
0.0843474
0.0952225
0.103102
0.0976065
0.0975599
0.101338
0.108752
0.108887
0.112069
0.118688
0.131098
0.129686
0.134084
0.148876
0.152115
0.15481
0.162074
0.179348
0.182209
0.19026
0.193066
0.189266
0.176624
0.166289
0.14719
0.139989
0.127617
0.114614
0.102683
0.0992569
0.0977511
0.095582
0.0933796
0.0986186
0.0917018
0.0831431
0.109831
0.0962259
0.0954631
0.0920578
0.0840585
0.0744273
0.087821
0.089313
0.0754058
0.0763168
0.0781142
0.0781571
0.0790969
0.0654339
0.0763897
0.0901699
0.0841896
0.074229
0.0797364
0.0749033
0.0840227
0.0809414
0.0743526
0.0812351
0.0781399
0.0821767
0.0832859
0.0836579
0.0789641
0.0736164
0.0843227
0.0787553
0.0777944
0.0862317
0.0773095
0.0833945
0.0751639
0.0874544
0.0768697
0.0745386
0.076106
0.0810598
0.087313
0.0867437
0.0801359
0.0811636
0.0888016
0.0813387
0.0920211
0.0968408
0.0879115
0.0890298
0.0892057
0.101269
0.0918553
0.0857105
0.0950079
0.0954127
0.0885671
0.101939
0.0995985
0.0916675
0.0937599
0.0955002
0.0965584
0.0967046
0.115517
0.124874
0.117557
0.11349
0.133558
0.138874
0.141663
0.124465
0.160927
0.139289
0.156006
0.168377
0.1715
0.17735
0.175226
0.165189
0.183046
0.160545
0.157572
0.147442
0.131086
0.139822
0.137058
0.107902
0.118942
0.108959
0.10657
0.119858
0.129023
0.129647
0.136746
0.127689
0.134164
0.145539
0.149018
0.145936
0.15664
0.153911
0.156641
0.1578
0.174624
0.154068
0.151002
0.150202
0.161544
0.146128
0.125135
0.155529
0.133105
0.13477
0.147555
0.120616
0.1171
0.10628
0.13238
0.117374
0.136128
0.142816
0.155245
0.14864
0.126856
0.144058
0.153297
0.167308
0.142744
0.175592
0.173982
0.187837
0.164085
0.178564
0.195467
0.199197
0.183286
0.167838
0.171461
0.18746
0.189233
0.204957
0.171364
0.209281
0.199602
0.214248
0.205595
0.214213
0.247385
0.242332
0.235377
0.230145
0.24661
0.235843
0.234809
0.229664
0.230472
0.207672
0.207131
0.188334
0.192081
0.177468
0.165962
0.140337
0.132954
0.14811
0.108369
0.0985704
0.0883333
0.105006
0.130913
0.101511
0.0904146
0.13112
0.138071
0.0928639
0.14808
0.102618
0.102201
0.139465
0.126119
0.149258
0.153827
0.166218
0.156592
0.143991
0.158881
0.184028
0.21793
0.196421
0.223005
0.20837
0.229578
0.205449
0.219847
0.212049
0.236979
0.228629
0.23104
0.246377
0.251986
0.273774
0.277385
0.294278
0.282716
0.304781
0.269665
0.282314
0.287616
0.296579
0.266895
0.277786
0.263653
0.249381
0.235194
0.246415
0.185603
0.201813
0.185786
0.140649
0.127473
0.129266
0.14468
0.103724
0.109158
0.130299
0.141566
0.0996508
0.128023
0.112871
0.0942968
0.116708
0.0739296
0.0962599
0.0996173
0.103306
0.108363
0.112835
0.107021
0.0949879
0.0782233
0.0823159
0.113234
0.0860349
0.109519
0.1378
0.152572
0.112065
0.121907
0.146237
0.143775
0.202782
0.141374
0.143448
0.128677
0.147235
0.16766
0.119286
0.0954451
0.118699
0.127763
0.115915
0.11185
0.151636
0.149393
0.152746
0.131131
0.134577
0.120116
0.124322
0.158824
0.135815
0.139804
0.141797
0.162878
0.127801
0.136594
0.11682
0.14781
0.145962
0.146372
0.138247
0.133281
0.134961
0.123511
0.125095
0.182519
0.171839
0.0995716
0.134525
0.0995921
0.125802
0.0884967
0.0979271
0.0955243
0.15897
0.103138
0.0925417
0.090921
0.0832026
0.104766
0.0936158
0.113256
0.150506
0.102455
0.120315
0.0963463
0.11813
0.11711
0.0800808
0.136955
0.110118
0.11965
0.0806687
0.107265
0.113316
0.150711
0.13749
0.128507
0.0844319
0.133819
0.0833926
0.146712
0.113655
0.103692
0.12113
0.142361
0.163986
0.170211
0.16611
0.157184
0.124644
0.14508
0.179134
0.133692
0.168303
0.177295
0.13462
0.189575
0.133022
0.156071
0.167027
0.163265
0.103545
0.118187
0.13789
0.134904
0.175408
0.12075
0.161493
0.0935595
0.142335
0.0932869
0.104817
0.104778
0.100388
0.0932269
0.0692433
