0.174916
0.179586
0.183438
0.183926
0.179946
0.199639
0.19335
0.20471
0.214956
0.217577
0.220156
0.229837
0.233482
0.238812
0.240532
0.249961
0.253119
0.253236
0.258354
0.251663
0.248808
0.247255
0.252387
0.260981
0.269321
0.278099
0.289564
0.2973
0.302369
0.305142
0.307063
0.317051
0.3202
0.327038
0.328732
0.333145
0.336664
0.343832
0.337688
0.326896
0.317375
0.313967
0.320582
0.329863
0.346104
0.354439
0.364045
0.370946
0.369702
0.375291
0.368491
0.325875
0.309002
0.307299
0.30683
0.307506
0.330308
0.40175
0.40424
0.397213
0.362022
0.308181
0.267667
0.22859
0.209613
0.203291
0.206357
0.180128
0.167668
0.164573
0.156467
0.149719
0.143532
0.14072
0.145205
0.143211
0.145402
0.149475
0.155092
0.163956
0.160356
0.159396
0.172961
0.171833
0.168298
0.170994
0.176083
0.180489
0.181377
0.195381
0.198237
0.208249
0.224692
0.232952
0.250163
0.269925
0.299506
0.316423
0.333768
0.343177
0.347
0.350664
0.331336
0.309688
0.278898
0.25028
0.240684
0.237697
0.238091
0.245454
0.246494
0.254697
0.259827
0.265185
0.261002
0.262619
0.25398
0.250525
0.245199
0.239162
0.246146
0.25276
0.257095
0.262267
0.270387
0.281123
0.286237
0.290629
0.30084
0.304172
0.308375
0.314207
0.312104
0.308013
0.307408
0.309265
0.327971
0.336668
0.33562
0.328642
0.301426
0.278368
0.271173
0.268966
0.275541
0.287814
0.286624
0.306961
0.315213
0.325386
0.340424
0.350689
0.358931
0.371899
0.372626
0.376086
0.38274
0.384197
0.3828
0.383394
0.384731
0.389215
0.3939
0.384519
0.361974
0.286373
0.226247
0.181155
0.152956
0.144875
0.131742
0.133412
0.129824
0.131507
0.134492
0.139888
0.144014
0.150597
0.164927
0.174459
0.176695
0.193967
0.187942
0.178835
0.186743
0.17987
0.172917
0.170274
0.166627
0.159225
0.161025
0.165418
0.166247
0.169726
0.176419
0.176834
0.176373
0.180026
0.175274
0.168773
0.154611
0.165901
0.148393
0.151207
0.145283
0.151096
0.16137
0.161293
0.171902
0.189292
0.188301
0.195667
0.204123
0.215813
0.211404
0.213314
0.219016
0.226792
0.229091
0.235616
0.241777
0.243042
0.241849
0.230576
0.212381
0.197077
0.186863
0.182631
0.186474
0.192336
0.200759
0.204883
0.202628
0.214806
0.229023
0.234423
0.249474
0.258844
0.262211
0.27158
0.283882
0.290338
0.2996
0.302941
0.310959
0.317907
0.323658
0.334144
0.340453
0.344615
0.351909
0.351135
0.363577
0.364833
0.356719
0.322169
0.291552
0.239954
0.21602
0.217645
0.219058
0.226224
0.220296
0.219769
0.219557
0.242483
0.248784
0.252756
0.260494
0.281016
0.282566
0.291043
0.289785
0.301207
0.299731
0.308739
0.310568
0.313237
0.310769
0.305467
0.296492
0.262769
0.233076
0.199192
0.172168
0.16377
0.161113
0.170554
0.180916
0.188574
0.193845
0.210336
0.198005
0.209704
0.206516
0.214853
0.210892
0.220636
0.214401
0.195197
0.200404
0.179022
0.176543
0.164022
0.170364
0.172591
0.162497
0.164531
0.175668
0.177645
0.18187
0.179298
0.187017
0.171627
0.169713
0.159552
0.176458
0.172284
0.152495
0.155726
0.15079
0.169906
0.157161
0.163149
0.161483
0.165498
0.158402
0.164198
0.159287
0.169244
0.169114
0.181456
0.174278
0.189132
0.201252
0.204263
0.203933
0.207832
0.21662
0.2206
0.228384
0.235791
0.233697
0.238938
0.227523
0.216909
0.194113
0.21887
0.223892
0.201851
0.185533
0.179538
0.173599
0.17619
0.18203
0.193583
0.19789
0.194173
0.172285
0.186346
0.187868
0.201746
0.204182
0.209368
0.216036
0.20422
0.21103
0.221961
0.23931
0.247085
0.252145
0.264722
0.27257
0.280344
0.283863
0.29471
0.291479
0.272245
0.266633
0.234843
0.187258
0.178513
0.180753
0.16505
0.155457
0.160267
0.153785
0.161542
0.164614
0.169268
0.177254
0.176577
0.165813
0.161693
0.179568
0.175765
0.154713
0.162845
0.160016
0.169962
0.158196
0.167894
0.156946
0.159806
0.164886
0.173745
0.170798
0.191608
0.21845
0.238425
0.262944
0.286873
0.310042
0.318475
0.318389
0.323896
0.307999
0.284463
0.269651
0.243258
0.258483
0.255617
0.246376
0.228353
0.253171
0.242531
0.233666
0.234289
0.236941
0.234338
0.244891
0.246926
0.24564
0.246658
0.22932
0.221678
0.204452
0.203886
0.193164
0.205745
0.205104
0.217223
0.229686
0.225122
0.22415
0.218791
0.201791
0.193089
0.212281
0.199112
0.213779
0.213671
0.229813
0.219827
0.209615
0.210147
0.221041
0.213927
0.212865
0.225619
0.23805
0.218454
0.225836
0.223367
0.226764
0.246523
0.237044
0.23495
0.23539
0.247866
0.244798
0.261131
0.242988
0.246278
0.265681
0.269965
0.274205
0.298669
0.319937
0.338757
0.374388
0.424221
0.428814
0.414726
0.396003
0.360336
0.322456
0.287479
0.246147
0.226135
0.230926
0.254877
0.281985
0.333506
0.416916
0.468179
0.495926
0.493209
0.467673
0.407037
0.328821
0.246978
0.204386
0.216087
0.211953
0.182672
0.189945
0.197126
0.198834
0.192695
0.190792
0.218963
0.226782
0.22452
0.209422
0.219721
0.229569
0.223423
0.235472
0.23374
0.232383
0.237907
0.219837
0.19892
0.171154
0.185038
0.183671
0.162819
0.141213
0.179873
0.157226
0.15276
0.159997
0.140917
0.145669
0.125253
0.121151
0.133417
0.145399
0.140971
0.146224
0.138707
0.137792
0.164973
0.164876
0.175878
0.177525
0.207843
0.180885
0.174576
0.187687
0.207501
0.189907
0.185224
0.181926
0.193303
0.179094
0.180221
0.168334
0.163867
0.176318
0.18256
0.176661
0.200162
0.193631
0.196236
0.208509
0.213214
0.204451
0.215522
0.189681
0.17725
0.178149
0.186874
0.182608
0.169331
0.172235
0.177066
0.179685
0.182308
0.167677
0.191469
0.171347
0.203405
0.190895
0.18217
0.202652
0.184773
0.202063
0.193903
0.193675
0.187258
0.170459
0.184674
0.184064
0.151449
0.156916
0.143277
0.163752
0.163523
0.131657
0.155459
0.144663
0.143667
0.131086
0.137413
0.138653
0.128179
0.145474
0.121108
0.141614
0.125257
0.137422
0.132877
0.135665
0.136079
0.13708
0.138588
0.133886
0.124525
0.117931
0.115584
0.0846169
0.106854
0.106936
0.116833
0.114368
0.12386
0.141734
0.147592
0.161059
0.168516
0.166542
0.189779
0.192566
0.202645
0.182552
0.171449
0.153158
0.151945
0.108949
0.100049
0.0868827
0.088828
0.0847091
0.0965199
0.109657
0.13398
0.12185
0.165173
0.161253
0.161852
0.163461
0.141645
0.161766
0.155174
0.172556
0.143813
0.161229
0.162264
0.177963
0.176091
0.178918
0.195381
0.209351
0.17845
0.19365
0.190224
0.156026
0.176843
0.179451
0.162532
0.171143
0.184865
0.195409
0.176674
0.192062
0.179747
0.198316
0.148948
0.175846
0.171373
0.173271
0.162949
0.185696
0.175066
0.169713
0.15825
0.163715
0.143016
0.146128
0.149053
0.139774
0.13769
0.147027
0.133506
0.110357
0.120249
0.105046
0.107284
0.0857607
0.0791625
0.0863388
0.095294
0.0874205
0.0919057
0.075723
0.0873126
0.0654242
0.0696534
0.0675827
0.0601456
0.0763489
0.0706322
0.0767182
0.0676858
0.0733156
0.0611058
0.0638889
0.0537139
0.0718009
0.0624944
0.0576088
0.0525562
0.0601071
0.0456104
0.0650555
0.0701862
0.0631365
0.071266
0.0661089
0.0549754
0.066621
0.0718842
0.0777009
0.0726527
0.0589255
0.0669417
0.0762266
0.0624325
0.0763557
0.0852475
0.0911499
0.077244
0.0707468
0.076594
0.0804663
0.0715789
0.0648243
0.0543212
0.0428122
0.043067
0.0435357
0.0437937
0.0487963
0.0514516
0.0529025
0.0521117
0.0589579
0.0744899
0.0587132
0.056948
0.0598874
0.0679884
0.0522388
0.0570077
0.046409
0.0728886
0.064967
0.0488188
0.0483331
0.0730739
0.0582402
0.0464061
0.0587313
0.0532548
0.0712005
0.0692161
0.0941635
0.0973768
0.0870004
0.137577
0.117309
0.119082
0.115836
0.137191
0.129443
0.115202
0.124535
0.143109
0.125263
0.120111
0.138915
0.111572
0.131159
0.127334
0.129657
0.15625
0.152057
0.188311
0.181899
0.170821
0.168109
0.214702
0.212705
0.207832
0.212734
0.262084
0.262165
0.252484
0.220273
0.224065
0.187815
0.167041
0.147492
0.150846
0.152665
0.146379
0.173579
0.134841
0.155056
0.167329
0.154594
0.139106
0.196035
0.150631
0.189046
0.18558
0.208088
0.20182
0.179438
0.177388
0.169387
0.184087
0.197865
0.193348
0.237839
0.229998
0.24169
0.216631
0.224836
0.227222
0.223634
0.217602
0.175118
0.189502
0.178015
0.171507
0.143233
0.116281
0.100947
0.10163
0.0765485
0.0706947
0.072613
0.0533824
0.0590346
0.0349734
0.0134676
0.0180128
0.0164638
0.0117425
0.0168111
0.0157291
0.0145773
0.0132226
0.0185333
0.0121785
0.0104783
0.0172686
0.0123155
0.0162372
0.0289709
0.017162
0.0241008
0.0209533
0.0169473
0.0234811
0.0183392
0.00329714
0.00447856
0.00644914
0.00387469
0.0101394
0.00573931
0.0034694
0.00605208
0.00712761
0.000551587
0.00656873
0.00302305
0.000862565
0.000934595
0.00747365
0.0116811
0.0118156
0.0250247
0.0179042
0.0129954
0.0155462
0.0160253
0.0145312
0.00783811
0.0160999
0.00540564
0.0150324
0.0175904
0.0133223
0.0172931
0.0144607
0.0140864
0.0198631
0.0137162
0.0143395
0.019901
0.0229148
0.0282382
0.0239682
0.0244279
0.0353918
0.0320195
0.0268264
0.0247749
0.0280262
0.0226303
0.020627
0.0258442
0.0292946
0.025704
0.0312176
0.0324719
0.0169314
0.0238246
0.0285455
0.0224882
0.0256815
0.0270642
0.0359075
0.032917
0.0330266
0.0369163
0.0351448
0.0341967
0.0323433
0.0291285
0.0317847
0.0243704
0.033971
0.0233659
0.0246953
0.026047
0.0296257
0.0258566
0.0273139
0.0214941
0.0249408
0.0305755
0.0290553
0.0269843
0.0360881
0.0365873
0.033531
0.0455377
0.0594742
0.0501375
0.0574409
0.0566424
0.0622356
0.0643256
0.070146
0.0532816
0.0609635
0.0691393
0.0595357
0.0614042
0.0622571
0.0715913
0.0659036
0.0622865
0.0778808
0.0689239
0.074514
0.0841658
0.0932487
0.106616
0.106848
0.0971367
0.102057
0.103849
0.107355
0.114224
0.112491
0.115355
0.116199
0.103202
0.108719
0.10967
0.104775
0.105825
0.10679
0.111961
0.110056
0.108651
0.114983
0.0993533
0.105087
0.112386
0.121061
0.120092
0.13101
0.135685
0.144093
0.113099
0.115871
0.0950702
0.103727
0.091471
0.092797
0.100729
0.101405
0.103472
0.107589
0.0815975
0.0920259
0.100786
0.0889642
0.0885618
0.0873886
0.0821555
0.0881209
0.0860262
0.0929877
0.0957496
0.0955487
0.093009
0.074855
0.0979417
0.0829373
0.0707952
0.0649693
0.0548827
0.0573804
0.0645596
0.0535732
0.0553877
0.0565414
0.0612266
0.0602304
0.0484486
0.0466667
0.0561603
0.0462446
0.0574692
0.0422615
0.0472669
0.0621694
0.0527447
0.0529144
0.0739905
0.054509
0.0586849
0.0489738
0.061392
0.0564876
0.0403623
0.0202736
0.0375931
0.0282472
0.0296791
0.0204647
0.0148642
0.00934471
0.0028785
0
0.013844
0.0145969
0.00913872
0.00957356
0.0184455
0.0144563
0.0112647
0.0237773
0.0218838
0.0229233
0.024701
0.0290973
0.0251141
0.0352036
0.04182
0.0480014
0.0482693
0.0408658
0.0490066
0.0481581
0.0440558
0.0343027
0.0311214
0.0346121
0.024031
0.0220181
0.0357602
0.0212613
0.0184161
0.0172458
0.0252017
0.0178782
0.01505
0.0154766
0.0182739
0.00827863
0.0162239
0.0173652
0.0217606
0.022612
0.0156656
0.0241863
0.0184035
0.0311583
0.0241251
0.0308943
0.0239049
0.0179878
0.0272471
0.029834
0.0161659
0.0133011
0.0191655
0.008302
0.0274663
0.010797
0.0126733
0.0102364
0.0141328
0.0186952
0.0149128
0.0164766
0.0131901
0.0172068
0.0144919
0.0113394
0.0151959
0.0188783
0.0205129
0.0240258
0.0236277
0.0272861
0.0192702
0.0325373
0.0367408
0.0395015
0.0437142
0.0376592
0.0475561
0.0243692
0.0306346
0.0365819
0.0277494
0.0194171
0.0274428
0.0140344
0.0227538
0.0180371
0.0262146
0.0205102
0.0251009
0.0171884
0.0155823
0.0233
0.0255424
0.026218
0.0213281
0.0188713
0.017486
0.0153218
0.0250914
0.0243796
0.0264668
0.0324824
0.0387644
0.0374607
0.0388624
0.0407205
0.0489726
0.0465511
0.0387806
0.0414522
0.0467165
0.0429448
0.0457797
0.0461141
0.0448478
0.0421365
0.0499417
0.0424553
0.0453676
0.0385265
0.042994
0.0455723
0.0399822
0.0431161
0.0433835
0.0400528
0.0459275
0.0423497
0.0489601
0.0460036
0.0489226
0.0469007
0.0573618
0.0538276
0.0628627
0.0627494
0.0801099
0.106985
0.180504
0.360341
0.560383
0.664454
0.687017
0.660356
0.558213
0.342255
0.168566
0.105079
0.0940542
0.077454
0.0742142
0.0714053
0.0692615
0.066048
0.0696804
0.0661935
0.0739704
0.0633038
0.0674505
0.0613143
0.0659859
0.0598302
0.0651146
0.0630886
0.0673576
0.0607868
0.0693227
0.067624
0.0610718
0.0603162
0.064011
0.0549742
0.0526252
0.0568634
0.0522703
0.0543524
0.0515703
0.0474062
0.0608816
0.0532387
0.0600736
0.0580589
0.0565841
0.0545165
0.056177
0.0543248
0.0592619
0.0697616
0.0625493
0.0615201
0.0682236
0.0666017
0.059588
0.0603255
0.0678827
0.0603047
0.0696107
0.065075
0.0676556
0.0716415
0.0644212
0.0636126
0.0673833
0.0726359
0.0712439
0.069678
0.0590283
0.0634333
0.0618533
0.0630725
0.0549018
0.058703
0.0600696
0.0605093
0.058507
0.055405
0.0669739
0.0515982
0.0582097
0.0566348
0.0646801
0.0511095
0.0613452
0.0622681
0.0617388
0.0632106
0.0693422
0.0629439
0.0565487
0.0706677
0.0603203
0.0527194
0.0621485
0.0687129
0.058816
0.0658639
0.0603148
0.0644913
0.0638743
0.0704734
0.0653033
0.0666976
0.0742528
0.0747701
0.0789751
0.0729997
0.0701084
0.0656329
0.0765547
0.0733977
0.0734903
0.0750785
0.0884867
0.0841561
0.0820062
0.0822649
0.0972585
0.0798973
0.0883206
0.0822395
0.097927
0.0837918
0.0829561
0.0794798
0.0887299
0.0913912
0.0906503
0.0675176
0.0773154
0.089821
0.0956036
0.0860964
0.0936602
0.0755869
0.0981381
0.0918886
0.0816475
0.0854311
0.0924453
0.0947983
0.0810775
0.0941308
0.0784815
0.0649908
0.0832164
0.115844
0.0803357
0.115235
0.0910453
0.101764
0.0870446
0.090112
0.0906892
0.114
0.116094
0.107562
0.0788356
0.110113
0.121691
0.0959523
0.118169
0.117322
0.134563
0.117883
0.134707
0.132763
0.130187
0.0867549
0.128307
0.184272
0.115624
0.128207
0.119993
0.169258
0.146416
0.144029
0.168349
0.169319
0.141428
0.139887
0.150649
0.139025
0.137426
0.116461
0.156463
0.119521
0.112741
0.107687
0.0907623
0.125553
0.120865
0.0980977
0.115765
0.0894406
0.115508
0.128521
0.101783
0.0838289
0.120882
0.107068
0.112627
0.0780716
0.10955
0.119298
0.094292
0.126014
0.107904
0.103093
0.110373
0.1043
0.0860242
0.108389
0.10631
0.093826
0.11556
0.108246
0.117264
0.111703
0.107277
0.124883
0.125786
0.136453
0.133458
0.139467
0.133611
0.132814
0.0942286
0.0858269
0.0827581
0.0777667
0.0740098
0.0876126
0.0852359
0.0814199
0.0651368
0.0745957
0.0741493
0.0766421
0.0660796
0.0739936
0.0918859
0.0884313
0.0992756
0.0878647
0.0895271
0.100876
0.100954
0.117205
0.126284
0.146635
0.150228
0.167093
0.158815
0.172867
0.191772
0.214747
0.242101
0.236298
0.239859
0.242513
0.209696
0.13571
0.0958108
0.0797195
0.0843036
0.0802279
0.0750694
0.0666629
0.0675907
0.0699025
0.0698968
0.0694541
0.0795126
0.068923
0.0630281
0.0534585
0.0816266
0.0550817
0.0726139
0.0558159
0.0667962
0.0680844
0.0797818
0.0684616
0.0748682
0.0657198
0.0668384
0.0589447
0.0676919
0.0722616
0.0640525
0.069567
0.0734777
0.0775235
0.0663944
0.067463
0.0715628
0.05755
0.0647037
0.0709033
0.063518
0.0739482
0.0684987
0.068248
0.065759
0.0771606
0.0623772
0.0701483
0.066413
0.071782
0.0695179
0.0698781
0.0679257
0.0682705
0.0653249
0.0698783
0.0583227
0.0537597
0.0583807
0.0664996
0.059191
0.0626307
0.0497438
0.0662573
0.0471659
0.0605788
0.0546468
0.051145
0.0584503
0.0605742
0.0517872
0.0548003
0.0572652
0.0582116
0.0594595
0.0568032
0.0537763
0.0647813
0.0588346
0.0613784
0.065727
0.0602403
0.062273
0.0616761
0.0519388
0.0580111
0.0513925
0.060751
0.0610326
0.0594478
0.0573278
0.0608439
0.0616802
0.0539421
0.0654571
0.0643946
0.0597121
0.0710533
0.0722521
0.0770867
0.0739105
0.0687984
0.0681378
0.082919
0.0811847
0.0727518
0.0955915
0.088509
0.0984788
0.0946974
0.104646
0.105332
0.122639
0.114797
0.114201
0.102216
0.0891263
0.0807531
0.068756
0.0630705
0.063082
0.049686
0.0510211
0.0528112
0.0528578
0.0551224
0.0548702
0.0520104
0.0570515
0.057778
0.0641271
0.0575026
0.0596624
0.0626671
0.0688508
0.0649021
0.0742406
0.0679833
0.070199
0.0730269
0.0762105
0.0821978
0.0894146
0.0867034
0.100224
0.102229
0.104609
0.114861
0.123055
0.132734
0.148515
0.157066
0.15788
0.165698
0.162996
0.162631
0.148033
0.135383
0.111989
0.117073
0.0965012
0.0939611
0.0778701
0.0734997
0.077527
0.071623
0.0749595
0.0820838
0.0848138
0.0843524
0.0856872
0.0734484
0.0806524
0.091913
0.0940448
0.0943456
0.0886153
0.102947
0.0997376
0.0932414
0.104521
0.108611
0.112568
0.11059
0.120423
0.122829
0.130365
0.131361
0.139671
0.146282
0.153837
0.159629
0.162895
0.176714
0.189603
0.192176
0.193576
0.191393
0.176012
0.16306
0.149933
0.139857
0.125715
0.117813
0.108817
0.0957682
0.0971927
0.101573
0.0976735
0.090117
0.0928021
0.0984095
0.0975394
0.0958852
0.0917844
0.0970943
0.10662
0.0805415
0.0827447
0.0821555
0.0841576
0.0738086
0.0704186
0.0873136
0.0823767
0.0835946
0.0800841
0.0914037
0.0823152
0.0743488
0.0888105
0.0770562
0.0907154
0.0854939
0.084558
0.0751233
0.0756881
0.0789176
0.0835924
0.0771773
0.0816886
0.0768923
0.0877066
0.0767725
0.0702415
0.0895104
0.0795126
0.0904228
0.084126
0.0878874
0.0821079
0.0780553
0.0809822
0.0858752
0.0820636
0.0894082
0.0815728
0.0873036
0.084435
0.0906012
0.0927541
0.0943801
0.0907436
0.0967904
0.0904376
0.0892383
0.0935975
0.0885443
0.0911471
0.09587
0.0886431
0.0978494
0.099187
0.0878377
0.0973042
0.0835235
0.102878
0.108136
0.119455
0.120559
0.1292
0.134367
0.129792
0.153434
0.144361
0.152555
0.151172
0.149552
0.168912
0.171271
0.184697
0.184215
0.191605
0.175097
0.181076
0.162203
0.153127
0.164713
0.157188
0.157655
0.125743
0.119707
0.120097
0.119142
0.106899
0.119678
0.124616
0.132587
0.136114
0.129806
0.133939
0.150006
0.156439
0.146544
0.155202
0.15719
0.177489
0.162669
0.151414
0.163254
0.154929
0.156396
0.160717
0.141985
0.151332
0.146889
0.138077
0.134448
0.160568
0.143806
0.138925
0.116057
0.151312
0.140405
0.13961
0.140626
0.15727
0.155757
0.134422
0.128792
0.154711
0.181263
0.161093
0.190717
0.190631
0.177899
0.183705
0.184579
0.187284
0.204002
0.206243
0.215805
0.206377
0.195312
0.197375
0.237695
0.179544
0.215556
0.219944
0.220901
0.218678
0.229042
0.239291
0.251325
0.240828
0.244383
0.22578
0.235956
0.249983
0.23089
0.232664
0.221072
0.210677
0.209281
0.204748
0.183278
0.190201
0.170365
0.148065
0.151285
0.119506
0.158256
0.0941503
0.103556
0.153805
0.136575
0.14091
0.132085
0.134574
0.125874
0.154801
0.122022
0.130506
0.124468
0.152119
0.17078
0.1758
0.172851
0.170951
0.174724
0.156931
0.194846
0.239721
0.234636
0.224261
0.196205
0.245385
0.200853
0.227794
0.214263
0.219902
0.284734
0.262444
0.257224
0.257761
0.304961
0.300476
0.293846
0.283935
0.319365
0.290208
0.312199
0.29525
0.305062
0.271341
0.288413
0.283101
0.276887
0.256691
0.266869
0.181213
0.202324
0.18998
0.146807
0.157194
0.146475
0.0991298
0.156234
0.130196
0.154873
0.126631
0.145131
0.130378
0.12249
0.100973
0.10496
0.0949475
0.138959
0.138523
0.115895
0.131489
0.141568
0.102156
0.0872287
0.117408
0.0957315
0.113238
0.0702866
0.126239
0.133012
0.126449
0.109945
0.158962
0.154637
0.1587
0.135209
0.19356
0.167255
0.20814
0.170074
0.151299
0.121696
0.180215
0.158524
0.134687
0.158458
0.194952
0.173464
0.194799
0.15996
0.15996
0.191515
0.122519
0.155158
0.119663
0.165717
0.158708
0.150647
0.186128
0.147609
0.160442
0.120639
0.167613
0.17483
0.156594
0.134016
0.138458
0.143965
0.154802
0.145567
0.129445
0.16068
0.134458
0.105596
0.103832
0.161918
0.161626
0.144586
0.131508
0.127988
0.173239
0.144572
0.136133
0.111177
0.124029
0.0791024
0.137964
0.124787
0.0828461
0.1093
0.135474
0.131035
0.11051
0.106212
0.150356
0.148342
0.0783451
0.0650018
0.138581
0.156938
0.166238
0.109763
0.174595
0.140054
0.111697
0.104698
0.13587
0.134593
0.137643
0.143683
0.176907
0.184125
0.177616
0.146425
0.208871
0.154676
0.17309
0.176973
0.185218
0.212172
0.19735
0.153595
0.169724
0.159697
0.194682
0.179472
0.147372
0.132474
0.15166
0.155773
0.163528
0.155414
0.160766
0.139838
0.145934
0.137065
0.0859072
0.152922
0.119678
0.0832646
0.0940869
0.0895022
