0.0935626
0.102556
0.0936126
0.100499
0.0901151
0.0998412
0.0966653
0.0964913
0.0996895
0.0941687
0.110889
0.114373
0.112488
0.110314
0.111084
0.113324
0.111418
0.110912
0.112696
0.104993
0.101216
0.10575
0.101103
0.107703
0.115287
0.111675
0.116197
0.114078
0.119206
0.118543
0.125126
0.124437
0.124439
0.123361
0.124483
0.119079
0.119537
0.113699
0.110119
0.111557
0.110878
0.107744
0.100783
0.111098
0.112424
0.118085
0.121781
0.119505
0.126109
0.127864
0.126553
0.127859
0.135798
0.136842
0.137519
0.1356
0.123779
0.123443
0.11737
0.115022
0.0996699
0.0950089
0.0960862
0.0857082
0.0780932
0.082412
0.0812319
0.0735877
0.0741231
0.0838077
0.0914757
0.103017
0.0944778
0.0921702
0.0953838
0.103283
0.0947582
0.0969394
0.0874594
0.0885841
0.0880249
0.0861792
0.0881028
0.0862351
0.0904033
0.0918579
0.101876
0.0995631
0.102431
0.10597
0.10709
0.10909
0.109836
0.100891
0.102826
0.110186
0.100606
0.104086
0.103315
0.106616
0.112605
0.112168
0.1195
0.112493
0.109353
0.111286
0.113439
0.114243
0.115484
0.119671
0.117361
0.119166
0.116036
0.114101
0.11321
0.108099
0.100092
0.0956576
0.104359
0.0860188
0.0923768
0.0966046
0.10406
0.100328
0.102012
0.116774
0.110423
0.112815
0.118986
0.1159
0.121992
0.122957
0.125695
0.130086
0.130581
0.128254
0.120847
0.120894
0.114861
0.106414
0.101143
0.094698
0.0961076
0.0901778
0.0909772
0.0841947
0.0946322
0.101376
0.111294
0.0969851
0.111603
0.113197
0.112762
0.111026
0.122267
0.12218
0.124475
0.125304
0.126318
0.128156
0.127442
0.123578
0.120168
0.11902
0.108032
0.109808
0.105371
0.103727
0.101239
0.0969566
0.106491
0.103412
0.103199
0.112668
0.103285
0.099109
0.100333
0.103351
0.102747
0.0945256
0.0929765
0.0884284
0.0793918
0.0797805
0.0846485
0.0888164
0.0917944
0.098023
0.0999234
0.0982925
0.10958
0.101187
0.099567
0.10714
0.102765
0.106352
0.105776
0.0936483
0.096369
0.0832851
0.0762166
0.0682086
0.0627696
0.0622458
0.0675888
0.0684943
0.0716747
0.0874727
0.0825538
0.0842592
0.0967079
0.103123
0.0976365
0.107938
0.104483
0.103624
0.111799
0.108466
0.109983
0.113055
0.111404
0.10701
0.0993428
0.0896613
0.0784806
0.069007
0.0674931
0.0690129
0.0741576
0.0695553
0.0813324
0.0813909
0.0798996
0.0910014
0.0956027
0.0927517
0.0948806
0.093794
0.102914
0.099907
0.103099
0.110956
0.10983
0.113067
0.116888
0.117102
0.113335
0.112355
0.117767
0.116103
0.114538
0.11718
0.109456
0.103014
0.0918407
0.0827705
0.0820392
0.0687006
0.0679135
0.0674416
0.0679058
0.0592497
0.0667137
0.0791446
0.0785498
0.0806564
0.0895004
0.0867019
0.0860277
0.0958636
0.0881099
0.0919223
0.0992415
0.101748
0.112177
0.116141
0.112776
0.122736
0.121415
0.114963
0.117645
0.11171
0.108014
0.111631
0.0986266
0.0953822
0.0886347
0.0878768
0.0855368
0.0769343
0.0637135
0.064904
0.0496639
0.0653382
0.0623016
0.0751988
0.0603051
0.0628702
0.0718136
0.080908
0.0878647
0.0793249
0.0920222
0.0970977
0.0978508
0.0962109
0.102156
0.097159
0.10291
0.107167
0.102045
0.09637
0.0828155
0.0767724
0.0699861
0.0617228
0.0448778
0.0614938
0.0524658
0.0687514
0.0611045
0.0530889
0.0759131
0.0542497
0.0647651
0.0553617
0.0556748
0.0683659
0.0822325
0.0775026
0.0943446
0.0789619
0.0822599
0.0848451
0.089416
0.0973302
0.102575
0.101069
0.103934
0.101216
0.10114
0.0945104
0.0979843
0.0870034
0.0708548
0.0644498
0.0458421
0.0369687
0.0596875
0.0652254
0.0418366
0.0532464
0.050499
0.0545709
0.0558786
0.0487016
0.0452835
0.0570802
0.0532973
0.0603153
0.0673455
0.0753708
0.0640201
0.0772708
0.0778197
0.0752978
0.0803101
0.0843002
0.0942604
0.103607
0.0959824
0.105767
0.103661
0.109263
0.0954009
0.102602
0.110089
0.0999031
0.0797673
0.0800967
0.069851
0.0670215
0.0634431
0.0768628
0.0666351
0.0579861
0.0536863
0.0634031
0.0643481
0.0597304
0.0793513
0.0523195
0.0564315
0.0597811
0.0772579
0.0766214
0.066723
0.0966006
0.0818626
0.0949349
0.085539
0.093255
0.0918095
0.10016
0.0986105
0.0971538
0.101141
0.0995419
0.0927072
0.100096
0.0968317
0.103326
0.102683
0.0858087
0.0913045
0.0867677
0.0928042
0.0702333
0.063982
0.0654716
0.0617572
0.0557433
0.0737508
0.0692842
0.0741335
0.0705852
0.0830519
0.0849999
0.0827639
0.0777274
0.0873051
0.0943308
0.0915426
0.0958042
0.101999
0.103413
0.0970831
0.104137
0.0905975
0.089629
0.0841297
0.0587859
0.062369
0.0485684
0.0508893
0.0551263
0.0510599
0.0609544
0.0580874
0.0359301
0.0718162
0.0582215
0.034563
0.0398258
0.0528971
0.0665118
0.0584032
0.060456
0.062418
0.0745071
0.0539254
0.072083
0.0784782
0.0699016
0.0721668
0.0571513
0.0782794
0.0711115
0.0840354
0.0803739
0.079397
0.0951895
0.100064
0.0996103
0.088845
0.0969478
0.0996156
0.0846278
0.0711606
0.0655674
0.0588331
0.0485147
0.0487985
0.051053
0.0466213
0.0551119
0.0791285
0.065967
0.071766
0.0820918
0.0969501
0.163574
0.229554
0.258106
0.348123
0.392724
0.445248
0.405865
0.385624
0.300091
0.203751
0.110329
0.0690624
0.0538148
0.0712375
0.0822109
0.075557
0.0612326
0.082528
0.0651365
0.0650841
0.0667624
0.062658
0.0733066
0.0670467
0.0732824
0.0714279
0.0787628
0.0835905
0.0885692
0.0956136
0.070496
0.0770874
0.0664678
0.0733904
0.0588137
0.0740441
0.0531142
0.0728496
0.0623594
0.0645916
0.0666319
0.0607713
0.0751058
0.0810637
0.0813736
0.0660305
0.0736897
0.0811927
0.0798102
0.0786764
0.0774974
0.0885199
0.0762251
0.0863718
0.0900359
0.0684266
0.0728851
0.0619287
0.0659733
0.0555402
0.0517985
0.0681658
0.0507916
0.0562542
0.0618749
0.0473526
0.0550418
0.040411
0.0674862
0.0692971
0.060591
0.0557495
0.0583727
0.0493366
0.0625093
0.0643786
0.066953
0.0739569
0.077398
0.0809403
0.0439922
0.0622626
0.07002
0.0670224
0.0589908
0.0600511
0.0680697
0.0863706
0.0759725
0.0828578
0.08053
0.0832008
0.065356
0.0452254
0.0701102
0.0732416
0.0531098
0.0671747
0.070549
0.049632
0.0583083
0.0626006
0.0439021
0.0424531
0.0517936
0.0559968
0.0432848
0.0256317
0.0536567
0.0366958
0.053118
0.0455926
0.0395093
0.0542629
0.0680033
0.0465197
0.0485848
0.0654498
0.0692636
0.0525908
0.0649027
0.0617312
0.0772351
0.0621449
0.0562423
0.0635522
0.0519253
0.071509
0.0587535
0.0570316
0.0459571
0.0482901
0.041738
0.0547031
0.0520948
0.0528612
0.0656972
0.0561389
0.0496808
0.0639777
0.0626217
0.0666889
0.0511246
0.0397186
0.0470142
0.0388189
0.0587208
0.0393358
0.0455623
0.0438943
0.0477162
0.0616408
0.0504347
0.0511956
0.056919
0.0503409
0.0664209
0.0457473
0.0458393
0.0364059
0.0343124
0.0644375
0.0521611
0.0748505
0.0603354
0.0720831
0.026797
0.0588231
0.0623327
0.0635613
0.0741438
0.0536847
0.0259283
0.0463699
0.0631417
0.0629943
0.0595966
0.0272978
0.0447003
0.0545489
0.0491401
0.0267004
0.0773725
0.0616181
0.0770492
0.0673421
0.0545117
0.0562679
0.0662772
0.0356976
0.0566033
0.0661666
0.0815335
0.0537921
0.0579057
0.0778891
0.0461833
0.0692597
0.0567757
0.0688504
0.0433848
0.034211
0.0754518
0.0540011
0.046896
0.0558497
0.0720329
0.0487683
0.0717621
0.0393628
0.025371
0.0343394
0.0264083
0.0273399
0.0279561
0.0308416
0.0315651
0.0314724
0.0247989
0.0359253
0.0178522
0.0432241
0.0270122
0.0221956
0.0205803
0.033468
0.0239446
0.0406049
0.0158022
0.0287055
0.0278517
0.0219855
0.0202419
0.0110134
0.0298953
0.0190287
0.0100469
0.0421448
0.0311648
0.0233344
0.0217181
0.0201574
0.0230654
0.0184178
0.0313939
0.0300982
0.0266717
0.0350232
0.0277328
0.0360751
0.0464407
0.022635
0.0437062
0.038098
0.0429019
0.0408456
0.0457863
0.0187672
0.030407
0.0195049
0.0134968
0.0107588
0.0182785
0.0318326
0.0263639
0.0291823
0.0213355
0.0225067
0.0289943
0.0310431
0.0294153
0.0283625
0.0322409
0.0295128
0.011233
0.0257591
0.0556234
0.026225
0.0490875
0.0107831
0.035848
0.0346421
0.0243098
0.0326843
0.0273509
0.029361
0.0544354
0.0554569
0.0293922
0.0245286
0.0496777
0.0292478
0.0276204
0.0824635
0.0488621
0.0242821
0.0343754
0.017912
0.0457091
0.0392284
0.0380506
0.0366875
0.0629499
0.0206696
0.0390096
0.055885
0.0351049
0.0552167
0.041331
0.0685496
0.0431941
0.0566238
0.0440856
0.0387817
0.0357781
0.0404687
0.0540531
0.0616287
0.0356902
0.035426
0.0263072
0.0497503
0.0595168
0.0477464
0.0541474
0.0383443
0.0668823
0.0577843
0.0454551
0.0370611
0.0475893
0.0644259
0.0580589
0.0297872
0.0459301
0.0481493
0.0140234
0.0438819
0.0412803
0.0549532
0.049679
0.0490829
0.0545269
0.0624274
0.031393
0.0269592
0.0298885
0.0287703
0.0573498
0.0329652
0.0603255
0.0432152
0.0475159
0.0455566
0.0374667
0.0513773
0.0374975
0.0210465
0.0191099
0.0273881
0.0370907
0.0293022
0.0206695
0.0378594
0.0407279
0.0169108
0.0217152
0.0254446
0.0304416
0.0246261
0.0267944
0.0269638
0.0200146
0.0345125
0.0236201
0.0273832
0.0318708
0.0270045
0.02235
0.0225652
0.0195831
0.0292797
0.0272877
0.0296861
0.0208404
0.023308
0.012978
0.0178799
0.0121611
0.0156619
0.0211794
0.0209689
0.0128564
0.0167368
0.0121259
0.0185882
0.0205221
0.00467787
0.020098
0.016536
0.0120251
0.0195956
0.020774
0.0167082
0.0235608
0.0137509
0.0114896
0.0153367
0.017692
0.00752504
0.0185721
0.0150171
0.0170943
0.0179177
0.0172319
0.0208863
0.00855463
0.0179738
0.0149994
0.0120125
0.0115311
0.0196244
0.0219919
0.0186277
0.0179565
0.0210501
0.0203072
0.0130988
0.0171585
0.0134492
0.018137
0.016384
0.0168613
0.0229725
0.0134306
0.0201203
0.0198667
0.0153397
0.00871219
0.0161618
0.0180083
0.0222904
0.0210112
0.0188253
0.0170478
0.0149378
0.013854
0.0189148
0.014061
0.0157699
0.0224185
0.0186585
0.023201
0.0256479
0.0151119
0.0126098
0.0194821
0.00924863
0.0124884
0.0120247
0.0169339
0.0199548
0.02339
0.0181417
0.0178495
0.0192807
0.0111095
0.0181978
0.0212907
0.0235125
0.0184211
0.0271088
0.0269373
0.0212482
0.0298964
0.0233508
0.0145554
0.0218634
0.0219895
0.0253895
0.0269364
0.0201003
0.0142305
0.0161663
0.0219616
0.01779
0.0170141
0.0221347
0.0233012
0.0197949
0.0174384
0.029209
0.0296553
0.0169543
0.0263091
0.0250505
0.0191691
0.0253045
0.0148151
0.0269223
0.0157849
0.0304099
0.0205891
0.0288064
0.0189604
0.0259633
0.0219201
0.0252907
0.0183291
0.0187807
0.0189015
0.0220173
0.0271034
0.0226802
0.0299723
0.0337895
0.0219941
0.0114427
0.0243341
0.0323432
0.0391874
0.0397793
0.0248592
0.0283196
0.0271677
0.0318715
0.0216036
0.0169912
0.0274823
0.0339791
0.0195521
0.0321711
0.0233753
0.030655
0.0073248
0.0258903
0.0236657
0.0238404
0.0265044
0.0409674
0.038905
0.033046
0.0198743
0.0432375
0.0259324
0.0254848
0.0261078
0.0407742
0.048902
0.0271231
0.0213988
0.0237215
0.0336627
0.0340073
0.0427188
0.0298644
0.0253803
0.0299037
0.021325
0.0190268
0.038309
0.02549
0.0315844
0.0229067
0.0238398
0.0252755
0.012488
0.0268018
0.0430474
0.0108438
0.0218675
0.0188643
0.0285245
0.0258166
0.018446
0.0245521
0.0247637
0.0228457
0.0305014
0.0160231
0.0132097
0.0225431
0.0187255
0.0140754
0.0187027
0.0200081
0.0229673
0.0248868
0.0326235
0.0106515
0.0118536
0.0374442
0.0154371
0.0258058
0.0192943
0.0204698
0.0190594
0.023197
0.0168178
0.0147058
0.0175315
0.026902
0.00717308
0.0288382
0.0326697
0.0151947
0.00274165
0.0225877
0.0173928
0.0129624
0.0144524
0.01998
0.0130454
0.0131299
0.0110431
0.0255509
0.0193042
0.014433
0.0134079
0.0130948
0.0269724
0.0218765
0.0122115
0.0171514
0.0234281
0.010645
0.0152099
0
0.0334504
0.0177862
0.0220699
0.0128506
0.0154649
0.0195585
0.0309176
0.017328
0.0236749
0.0239152
0.0177966
0.01992
0.019055
0.0118553
0.0132104
0.0175858
0.0167579
0.0173933
0.0227297
0.0193206
0.0208902
0.0156373
0.0145903
0.0151233
0.0266878
0.0171973
0.00915502
0.0337387
0.0242231
0.0241398
0.0182394
0.0278346
0.0154528
0.0279894
0.00643614
0.0168355
0.0137604
0.0140271
0.0203294
0.0171389
0.0106068
0.0117949
0.0206646
0.0182658
0.019308
0.0195242
0.0119842
0.012779
0.00884161
0.0120298
0.016465
0.0124698
0.00931161
0.0183816
0.0117556
0.0141816
0.0194104
0.0148187
0.0188179
0.0155447
0.0173707
0.00953623
0.0141537
0.0225309
0.0302953
0.0238524
0.0181628
0.0136556
0.0230608
0.0252432
0.0112451
0.0257598
0.0191841
0.0196807
0.0182259
0.0209896
0.0154558
0.0172812
0.0160805
0.0169785
0.0208725
0.0184709
0.0190219
0.0205675
0.0262674
0.0197168
0.0200431
0.0229848
0.0338811
0.0256206
0.0338234
0.0322234
0.0469175
0.0516281
0.0793738
0.167343
0.375972
0.569585
0.660382
0.68639
0.645962
0.526464
0.290221
0.118681
0.0706212
0.0456862
0.0362045
0.0277246
0.0301598
0.0288681
0.0190292
0.0223074
0.0225205
0.0213689
0.0219703
0.0203467
0.0222571
0.0219591
0.0165341
0.0203464
0.0224899
0.0221099
0.0234239
0.0228337
0.021274
0.0263181
0.0232804
0.0180263
0.0258591
0.025279
0.0249799
0.0263376
0.0262177
0.0376704
0.0323184
0.0252207
0.0313445
0.027926
0.0386257
0.0303641
0.0321612
0.0317273
0.0246131
0.0317348
0.0316744
0.0283442
0.0206016
0.0276013
0.0225464
0.0194603
0.0273787
0.0288066
0.028356
0.0299907
0.0213139
0.0176173
0.0258833
0.0211142
0.0306008
0.0227811
0.0214066
0.0148881
0.025203
0.0150592
0.0139412
0.030352
0.0325023
0.0197545
0.0273089
0.0260919
0.0202062
0.0148708
0.0128825
0.0163642
0.0244199
0.0246883
0.0194944
0.0264223
0.0253484
0.0230931
0.0177187
0.0273781
0.0212326
0.0247388
0.0209053
0.0266593
0.0105112
0.0230195
0.0226964
0.0266838
0.0171571
0.0209356
0.0258722
0.0163231
0.0212629
0.0217831
0.0252714
0.0245878
0.0275376
0.0150365
0.0186886
0.0370409
0.0256506
0.0287191
0.0182823
0.00754054
0.0456321
0.0243376
0.012514
0.0234366
0.0165958
0.0269966
0.0252508
0.0408143
0.0299167
0.00694556
0.0258129
0.0266666
0.0129964
0.0339148
0.0246526
0.0224961
0.0173201
0.0247707
0.0205265
0.0395179
0.0275451
0.0172842
0.029081
0.0235466
0.0162477
0.0257084
0.0218791
0.0170673
0.0294186
0.0164766
0.029547
0.0423126
0.0189614
0.0210416
0.00231081
0.021153
0.00956543
0.0252644
0.0234359
0.0387455
0.0410547
0.0289353
0.0175631
0.0204824
0.0328583
0.061592
0.00244881
0.0361364
0.0107676
0.025401
0.0407553
0.0448665
0.0339951
0.0290456
0.036852
0.0480803
0.0289116
0.0363439
0.0467898
0.0206418
0.061591
0.0457059
0.061914
0.0338881
0.0586972
0.0684651
0.0497615
0.0552135
0.044555
0.0426146
0.0630265
0.026267
0.0307587
0.0331766
0.0426206
0.0339963
0.0535651
0.0307529
0.064609
0.0450701
0.0553804
0.0357848
0.00905501
0.0277879
0.022594
0.0527013
0.0389449
0.0255001
0.0213484
0.0423027
0.0425197
0.0297536
0.0245077
0.035494
0.0213863
0.0358455
0.0681815
0.0174527
0.0362406
0.0410853
0.02401
0.0543319
0.0493903
0.0308416
0.0164304
0.0173422
0.0343167
0.0270942
0.028208
0.0571016
0.0550111
0.0620042
0.0592828
0.0577543
0.0460861
0.0256734
0.0347417
0.0551755
0.0106089
0.0278925
0.0179477
0.0252689
0.00683566
0.0309054
0.0425153
0.0335486
0.022272
0.0433476
0.0244732
0.0390392
0.0337988
0.0355493
0.0355744
0.0521469
0.0456733
0.0367325
0.0389549
0.0273472
0.038723
0.046908
0.0529353
0.0543437
0.0632178
0.0598556
0.055857
0.0604315
0.0702242
0.0786964
0.0774235
0.0862401
0.068304
0.0676113
0.0519949
0.0229853
0.0323482
0.0320193
0.0471895
0.00687119
0.0283792
0.0327438
0.0306149
0.0220914
0.0265429
0.0368531
0.0120931
0.0289254
0.0310968
0.0163194
0.0227983
0.0274216
0.0192459
0.021135
0.0243277
0.0161856
0.00895136
0.0117017
0.0115152
0.0202546
0.0198728
0.0122028
0.0214405
0.0128988
0.0194258
0.0167736
0.0120147
0.0152101
0.0138781
0.0227439
0.00546527
0.0238312
0.0242446
0.00758188
0.00669218
0.0208026
0.0245351
0.0240672
0.0199121
0.010948
0.0210988
0.00979885
0.0194605
0.0270054
0.0241784
0.0211841
0.0324072
0.0147558
0.0371244
0.0475404
0.0131253
0.0175863
0.0231078
0.0285654
0.0212449
0.0246736
0.0199415
0.0307622
0.0296853
0.0338538
0.0333203
0.0295305
0.0245939
0.0334424
0.0203912
0.0250916
0.0294711
0.0283714
0.0295903
0.0292267
0.038368
0.0383567
0.0339469
0.0301367
0.0312709
0.0258492
0.0202686
0.016777
0.0265903
0.0273975
0.0253728
0.024092
0.0164148
0.0268442
0.0233131
0.0249941
0.0265129
0.0219602
0.0230575
0.0225158
0.0270387
0.0302054
0.0373482
0.0279326
0.0322685
0.0326168
0.032193
0.0532276
0.0316487
0.0477362
0.0446584
0.0529581
0.046356
0.0504485
0.0670985
0.0671393
0.0679502
0.0648255
0.0625187
0.0488969
0.0385779
0.0269883
0.0373471
0.0265173
0.0252257
0.0256552
0.0279041
0.0258273
0.0343228
0.0222837
0.0295655
0.025042
0.0188726
0.0177892
0.0180159
0.0218847
0.0297038
0.022344
0.0261729
0.029586
0.0238234
0.0286428
0.0310595
0.0317965
0.0356093
0.0351896
0.0420741
0.0429678
0.0444068
0.042856
0.0485587
0.048899
0.0556502
0.0556463
0.0734754
0.0663761
0.0609369
0.0656285
0.0594059
0.0636
0.0410918
0.0433941
0.0398177
0.0446076
0.0227548
0.0398182
0.0476859
0.0291254
0.0243233
0.0288548
0.0320895
0.0258127
0.0299686
0.035243
0.0341332
0.0321923
0.0312844
0.0347531
0.0271335
0.0341942
0.0385496
0.031064
0.0336287
0.0454369
0.0477021
0.0296397
0.0366575
0.0334481
0.0453113
0.0420261
0.0443821
0.0479457
0.049781
0.0484489
0.0488163
0.0570972
0.0670799
0.0647429
0.0722752
0.061648
0.0607947
0.0538432
0.0559654
0.0514899
0.0426277
0.0382779
0.0271922
0.0238411
0.0338055
0.0309901
0.0239311
0.0301098
0.0439029
0.0352287
0.0402045
0.0266215
0.0261224
0.0325519
0.02557
0.0131365
0.0230798
0.0199277
0.00725685
0.0131992
0.0337907
0.0238135
0.0359236
0.0256171
0.0252734
0.0354895
0.0186768
0.0191688
0.0202512
0.0133498
0.0153919
0.01534
0.0209947
0.0175121
0.0223652
0.0237516
0.0296272
0.0179684
0.0191421
0.0226249
0.0176154
0.0187224
0.0219364
0.0264337
0.0241353
0.0160875
0.0228676
0.0236576
0.0138569
0.0130674
0.008429
0.00842896
0.017073
0.0100949
0.0116246
0.0169732
0.0183799
0.0140243
0.0113762
0.0222752
0.0107353
0.0207224
0.0226497
0.0356956
0.0312102
0.0421308
0.0371216
0.0447545
0.0470425
0.046514
0.0588428
0.0492106
0.0466539
0.0520803
0.0516945
0.0581506
0.0593924
0.0478697
0.0587682
0.0584722
0.0670513
0.0610741
0.0728426
0.0625946
0.0598192
0.0555538
0.0431309
0.0468345
0.0623679
0.0567567
0.0862395
0.0616454
0.059947
0.0743035
0.0764996
0.0547346
0.0644092
0.0453771
0.0498305
0.0533809
0.0595669
0.0592809
0.0642094
0.0637931
0.0678191
0.0577937
0.0434082
0.0524727
0.0711736
0.0676367
0.0668317
0.0723056
0.0730991
0.100647
0.0987201
0.0851427
0.0939114
0.0756522
0.0820029
0.0778477
0.0745801
0.0811189
0.0786086
0.0589331
0.0732358
0.04292
0.0724776
0.0761163
0.0368303
0.0379426
0.0618799
0.0377885
0.0385187
0.0905214
0.0592839
0.0722649
0.0507573
0.0477191
0.0764253
0.0664579
0.0736154
0.0652254
0.073111
0.0665563
0.0623856
0.087837
0.100618
0.0594297
0.0808368
0.0922418
0.104848
0.0788011
0.0829567
0.0959727
0.0555045
0.0763643
0.0904127
0.0812038
0.10228
0.0948584
0.094939
0.0839806
0.111296
0.0839416
0.0973793
0.101188
0.0990042
0.105501
0.0999971
0.0846219
0.0873899
0.0895348
0.0787698
0.08833
0.0932989
0.069165
0.0549884
0.0691014
0.0387808
0.0782729
0.0538327
0.0504466
0.0546774
0.0658473
0.0906186
0.0794858
0.0634858
0.0546278
0.049284
0.0521028
0.0722242
0.0134548
0.0236351
0.0403735
0.0740469
0.0740268
0.0655117
0.0985158
0.103061
0.0553668
0.0798992
0.0612681
0.0417192
0.0686415
0.0936425
0.0908951
0.07412
0.108104
0.0875123
0.0938932
0.0917467
0.0693415
0.111207
0.105161
0.10377
0.0904188
0.0993028
0.104068
0.104746
0.110791
0.121067
0.115086
0.0949984
0.0960549
0.107941
0.0968156
0.0949369
0.100518
0.11067
0.0523203
0.0718552
0.0830288
0.0509024
0.0922082
0.0716917
0.0827466
0.0756933
0.093049
0.0697364
0.0659931
0.0615827
0.120062
0.0781275
0.11093
0.0871682
0.0801593
0.0644811
0.0811941
0.0822022
0.087163
0.0886485
0.0743099
0.102696
0.0779922
0.102363
0.0594584
0.0752461
0.0649152
0.0821206
0.0910424
0.0790283
0.0282442
0.110113
0.0693945
0.0071045
0.0310911
0.0725217
0.0761979
0.099511
0.00634751
0.0701051
0.0564988
0.0958119
0.0574552
0.0984527
0.0884994
0.0683435
0.126739
0.0922434
0.064587
0.0831307
0.0335352
0.073119
0.0799011
0.0826132
0.0422297
0.0826908
0.0918508
0.0635841
0.0721932
0.112795
0.0876021
0.111363
0.100576
0.0528063
0.0755717
0.074437
0.0765831
0.0825475
0.112676
0.0914944
0.0691168
0.0902857
0.041196
0.0901023
0.0904056
0.0694093
0.0739974
0.0254217
0.0940789
0.109526
0.116566
0.0729893
0.0446392
0.0902951
0.0833482
0.0637522
0.0482444
0.086713
0.0491431
0.0685772
0.0298527
0.0944095
0.0334527
0.0769408
0.053012
0.0406821
0.067743
0.0945902
0.0593044
0.0609999
0.107968
0.105793
0.0990746
0.139092
0.14752
0.106098
0.0620577
0.094269
0.0713733
0.0831921
0.0917109
0.109855
0.078144
0.110094
0.10269
0.10154
0.0768744
0.132755
0.0913062
0.116341
0.10157
0.116288
0.084379
0.0936371
0.0779796
0.137758
0.0789472
0.129559
0.0728258
0.0718572
0.114435
0.060741
0.0675343
0.0604284
0.0574896
0.0478244
0.0547031
0.0284657
0.0373949
0.0386868
