0.104502
0.104146
0.101613
0.11722
0.102881
0.101941
0.10642
0.101261
0.108473
0.102601
0.116378
0.117427
0.119166
0.114588
0.11274
0.113762
0.11884
0.116709
0.119141
0.113152
0.107101
0.109634
0.114749
0.11339
0.11313
0.115227
0.121132
0.122727
0.120941
0.124992
0.127933
0.127452
0.127094
0.126473
0.128572
0.126504
0.122616
0.122809
0.120129
0.112442
0.126592
0.113218
0.116182
0.121106
0.12554
0.120772
0.124278
0.124215
0.127751
0.135236
0.13304
0.133315
0.141456
0.143215
0.143364
0.141137
0.130514
0.128782
0.128904
0.121466
0.11048
0.0995195
0.0920523
0.091741
0.0976426
0.0895341
0.0904169
0.080192
0.0888412
0.0976595
0.0934132
0.103634
0.102934
0.0950795
0.10427
0.100859
0.0990369
0.106733
0.0953566
0.0956365
0.0970952
0.0942714
0.0913447
0.0875395
0.0967714
0.0982889
0.102909
0.108396
0.103523
0.111776
0.109423
0.109156
0.111403
0.109539
0.113724
0.117037
0.11059
0.110112
0.112965
0.114682
0.120246
0.114948
0.119515
0.116495
0.118453
0.119429
0.117389
0.11816
0.120488
0.123415
0.121015
0.123548
0.121525
0.123108
0.122395
0.112998
0.104657
0.104946
0.107071
0.0982053
0.0969623
0.0976343
0.111005
0.105318
0.110266
0.116738
0.119308
0.120743
0.119063
0.122437
0.125956
0.125665
0.129323
0.135739
0.135831
0.133504
0.125599
0.129593
0.122759
0.115956
0.110437
0.10687
0.0959966
0.100427
0.10554
0.0969989
0.101901
0.106436
0.115979
0.103168
0.114544
0.107458
0.113988
0.119416
0.122106
0.125804
0.128108
0.127587
0.12784
0.129812
0.132159
0.127179
0.129141
0.124012
0.115955
0.113422
0.103692
0.104224
0.104052
0.102666
0.107077
0.108003
0.112933
0.109597
0.111288
0.106428
0.106906
0.107508
0.107418
0.0960282
0.0960766
0.0982405
0.0852241
0.0881555
0.0912891
0.0909813
0.0986082
0.101956
0.0975663
0.102352
0.108208
0.108285
0.108049
0.113944
0.106452
0.10778
0.109017
0.101019
0.0981603
0.0970875
0.0816169
0.0831827
0.0728365
0.0779871
0.0727547
0.079274
0.0772053
0.0906652
0.085921
0.0897157
0.104767
0.109493
0.0976802
0.10873
0.108513
0.107517
0.112043
0.115143
0.11538
0.117644
0.113099
0.112321
0.111728
0.0988656
0.092253
0.0801819
0.0758524
0.0714802
0.0732629
0.0854625
0.0830737
0.0851323
0.0855373
0.0976578
0.0954788
0.100474
0.100356
0.103179
0.112313
0.106956
0.107715
0.113037
0.112455
0.114002
0.123929
0.120622
0.114566
0.119299
0.119423
0.119827
0.115832
0.115683
0.111697
0.111043
0.103847
0.100698
0.0833104
0.0785371
0.0812494
0.0776737
0.0738292
0.0743316
0.0778135
0.0774804
0.0864854
0.0917565
0.0960493
0.0906289
0.091119
0.105809
0.094791
0.099437
0.101012
0.108839
0.11521
0.112878
0.11765
0.125194
0.124925
0.11644
0.125461
0.126232
0.118273
0.115817
0.1062
0.100392
0.09674
0.10545
0.100997
0.0804825
0.071001
0.0689448
0.0724294
0.0760508
0.0725376
0.0844594
0.064073
0.0745724
0.0783219
0.0854392
0.096852
0.0790866
0.10489
0.101236
0.10143
0.100215
0.104104
0.105068
0.108319
0.111182
0.106138
0.104338
0.0948679
0.0769449
0.0761126
0.0712706
0.0514323
0.0586995
0.0718284
0.0816763
0.0689319
0.0544926
0.0692653
0.0588832
0.0768822
0.0680693
0.0750554
0.0704726
0.0747429
0.0814665
0.093788
0.0851813
0.0843525
0.0946156
0.0983746
0.0987
0.0975349
0.100947
0.100804
0.10872
0.103281
0.102353
0.0976989
0.0900884
0.0840521
0.0780347
0.0567354
0.0497658
0.0679956
0.0566135
0.0508457
0.0646255
0.0692239
0.0567703
0.059655
0.0535362
0.0591498
0.0664502
0.0742068
0.0684209
0.0873073
0.0796283
0.0632868
0.0728674
0.0874772
0.0889731
0.088473
0.0923301
0.101299
0.107099
0.100187
0.106493
0.103093
0.109209
0.108761
0.106933
0.107976
0.109155
0.0865954
0.0898762
0.0850079
0.0701893
0.0544287
0.0795474
0.0726691
0.0695219
0.0592485
0.0782886
0.0747748
0.0712597
0.0929309
0.0528654
0.0709469
0.0781434
0.0788291
0.0857404
0.0758168
0.0839437
0.0908149
0.0958683
0.0870322
0.102304
0.0908774
0.104895
0.098332
0.101752
0.108516
0.1078
0.103089
0.106349
0.106126
0.109831
0.100516
0.100928
0.0961665
0.0965722
0.0847618
0.080119
0.0665715
0.0711088
0.0700798
0.0716368
0.0751492
0.0793289
0.0767032
0.0813742
0.0848687
0.0917573
0.0841839
0.0901319
0.0877409
0.0982783
0.0988811
0.100869
0.108317
0.106467
0.106033
0.103939
0.106936
0.103538
0.0899491
0.075309
0.0838479
0.0483513
0.068536
0.060549
0.0615623
0.0513534
0.0575459
0.0610348
0.0752658
0.0511133
0.0609717
0.0539873
0.0734247
0.0584109
0.0657516
0.0884969
0.0743019
0.0732076
0.0619256
0.0690436
0.0802697
0.0753907
0.0776558
0.0900596
0.0842808
0.0834226
0.0793052
0.0890931
0.0886276
0.106457
0.101987
0.109086
0.0989974
0.116889
0.106345
0.107467
0.0865691
0.08204
0.0643221
0.0643623
0.0597575
0.0763624
0.0532872
0.0681209
0.065906
0.079245
0.0799893
0.0961221
0.100821
0.166783
0.227105
0.263204
0.359845
0.39596
0.457039
0.429921
0.393872
0.308464
0.214788
0.127382
0.0865548
0.0742607
0.0832072
0.0933797
0.0883286
0.0799476
0.0745581
0.0819138
0.070221
0.0787921
0.0818501
0.0680667
0.0792683
0.0800698
0.0897425
0.0895808
0.0893568
0.0975492
0.110009
0.092231
0.0907572
0.0701695
0.0784125
0.0726061
0.0805722
0.0693843
0.0844157
0.0758776
0.0730123
0.0711524
0.0682041
0.0775979
0.0887814
0.0859792
0.0755536
0.078281
0.0766166
0.0958232
0.0893646
0.0859209
0.0957025
0.0786354
0.0891284
0.0882586
0.0830951
0.0729132
0.0545217
0.0671023
0.0746539
0.0566697
0.0800443
0.0640995
0.0653058
0.0483056
0.0675572
0.0597578
0.0740403
0.0665924
0.0807135
0.0765403
0.0837506
0.0731093
0.0605494
0.0647447
0.0725566
0.0851278
0.0770216
0.0725482
0.0752874
0.0620868
0.05192
0.075323
0.0659023
0.0576807
0.0653731
0.0837427
0.0792533
0.0770518
0.0959469
0.0972267
0.0867076
0.0924575
0.0814252
0.0872149
0.0884514
0.0646309
0.0571964
0.0946141
0.0602513
0.0782586
0.0476637
0.0516444
0.0579097
0.0604309
0.0528167
0.0527277
0.0485514
0.0456219
0.0593996
0.0501014
0.0544515
0.0567295
0.0522423
0.0625332
0.0898129
0.0567491
0.0707164
0.0741017
0.0610645
0.0644075
0.0620027
0.0567203
0.0760855
0.0590427
0.0553126
0.0631595
0.0649118
0.0611932
0.0764256
0.0575555
0.0528434
0.0555107
0.0589136
0.0478086
0.0546351
0.0691339
0.0718246
0.0545079
0.0674933
0.0720852
0.0813859
0.0632315
0.0477525
0.0514107
0.063846
0.0660377
0.0581099
0.0635953
0.0619068
0.0494251
0.0577172
0.0612084
0.0640062
0.0806175
0.0701371
0.0772696
0.0437989
0.0523593
0.0563152
0.0667501
0.0592819
0.0438951
0.08396
0.0707387
0.047077
0.0224529
0.070317
0.0760265
0.0653455
0.075945
0.0764061
0.0734418
0.0362662
0.03729
0.0682776
0.060056
0.0619912
0.0560728
0.0621281
0.0583009
0.0518276
0.0693871
0.0605809
0.088211
0.0736135
0.0464757
0.0609061
0.0565595
0.0650639
0.055386
0.0595129
0.0871874
0.0864998
0.0972688
0.081365
0.0547962
0.0606515
0.0533787
0.0661805
0.0586308
0.047714
0.0822278
0.065629
0.0496495
0.0718493
0.0723741
0.047051
0.0526127
0.0527987
0.0506809
0.0498646
0.0352897
0.0405037
0.0531347
0.0414378
0.0438324
0.0352079
0.0236972
0.0336918
0.0282389
0.0550396
0.0438316
0.0158251
0.0389616
0.0415473
0.0403259
0.0320607
0.0271029
0.0331774
0.0406149
0.0247181
0.0273607
0.0373705
0.0433386
0.0228172
0.0262866
0.0547953
0.0257914
0.0332643
0.0354231
0.0325558
0.0379959
0.0392688
0.0353216
0.0247704
0.0287385
0.041003
0.0452286
0.0502476
0.0411219
0.0350727
0.0441542
0.0429727
0.044241
0.0417898
0.0488668
0.0387142
0.0315747
0.0336545
0.0228005
0.0320526
0.021164
0.031647
0.028924
0.035787
0.0390824
0.0325705
0.0319432
0.0321619
0.0596386
0.0445378
0.031444
0.0237424
0.0279994
0.0282243
0.0466681
0.0273693
0.054183
0.0310993
0.035904
0.0365276
0.0371432
0.0454378
0.032366
0.037919
0.0540853
0.0484174
0.0322312
0.0286452
0.0498897
0.0326014
0.0620057
0.0567783
0.0539719
0.0607258
0.0284674
0.0213245
0.0377571
0.0474264
0.0505972
0.0647873
0.0490024
0.0316951
0.0399111
0.067054
0.0233753
0.0556928
0.058104
0.0801845
0.0574186
0.0536844
0.0506542
0.0386101
0.0607314
0.0500959
0.0619886
0.0708044
0.0698068
0.0564914
0.046607
0.0580391
0.0497764
0.0479183
0.0690048
0.0581942
0.0767809
0.058413
0.0411993
0.0446184
0.0464726
0.0491177
0.051261
0.0702112
0.0465335
0.0246929
0.0473286
0.0777668
0.0379891
0.0508719
0.0833894
0.0637002
0.0362357
0.0568874
0.0664634
0.0369927
0.021641
0.0396282
0.077761
0.0497859
0.0494654
0.0530465
0.0466062
0.0544166
0.0498358
0.0564362
0.0533988
0.0446486
0.0571338
0.0584779
0.0443544
0.0367734
0.0335585
0.0394299
0.0436039
0.0255952
0.0247797
0.0306388
0.0369321
0.0296431
0.0334907
0.0369656
0.0226945
0.0355029
0.0272602
0.0327261
0.0330335
0.0326493
0.0322752
0.0370087
0.0318828
0.0295296
0.036716
0.0368043
0.0404416
0.0295716
0.0228487
0.0288986
0.0230483
0.0183244
0.0250776
0.0230365
0.0252335
0.0251983
0.0216197
0.0217578
0.024677
0.0169387
0.026196
0.0183277
0.0203121
0.0223481
0.0307437
0.0241785
0.0318182
0.024066
0.0273554
0.0157902
0.021967
0.0160816
0.0220544
0.0188688
0.0233278
0.0254922
0.0255219
0.0259358
0.0144863
0.0243965
0.0315894
0.0210161
0.0153398
0.0227647
0.0320988
0.0229774
0.0235096
0.0214811
0.026492
0.0260953
0.0198206
0.0237153
0.0239481
0.023126
0.0182979
0.0284119
0.0272399
0.0271082
0.0163487
0.0174215
0.0177344
0.0303936
0.0251342
0.0281626
0.0299413
0.0248483
0.0249357
0.0226954
0.0152968
0.0247142
0.0211881
0.027815
0.0260023
0.0285586
0.0222562
0.0239455
0.0175176
0.0180018
0.0221226
0.0242677
0.0219279
0.0247795
0.0216443
0.0259885
0.0294537
0.0206313
0.0172913
0.025075
0.017384
0.0277971
0.0281841
0.0191061
0.020963
0.0214786
0.014058
0.0295969
0.0231396
0.026167
0.0202174
0.033489
0.0219439
0.0306947
0.0261913
0.0189103
0.0220081
0.0312114
0.0295653
0.024085
0.0266304
0.0303309
0.029888
0.0306143
0.0254993
0.033262
0.0364459
0.0255551
0.0368817
0.0315656
0.028023
0.0352388
0.0304898
0.02639
0.02841
0.0207911
0.018987
0.0390882
0.0233307
0.0215312
0.0285483
0.028374
0.0285963
0.0195312
0.0281125
0.0263742
0.0232379
0.032111
0.0306362
0.0286985
0.03218
0.0283118
0.0405785
0.0283208
0.0424661
0.0291532
0.030205
0.0380419
0.0311254
0.0559909
0.0370295
0.0353133
0.0390793
0.0370517
0.0377863
0.0399067
0.0274313
0.0240037
0.0337934
0.0318251
0.0350349
0.0322984
0.0381163
0.0429922
0.0407032
0.0449239
0.0393775
0.0372798
0.040803
0.0332788
0.0373281
0.0457177
0.0487443
0.0318144
0.0280179
0.0300837
0.0414705
0.0511555
0.0422861
0.0316126
0.0381867
0.0378008
0.0215734
0.0388125
0.0436143
0.0333988
0.0399404
0.0274181
0.0407544
0.0427999
0.0386935
0.0431712
0.0436246
0.0170797
0.035934
0.0314368
0.0364867
0.0322251
0.0307529
0.0376219
0.0388435
0.0219811
0.0448523
0.0186751
0.028949
0.0376109
0.0234701
0.0338012
0.0256791
0.0322984
0.0205737
0.0329638
0.0338535
0.024106
0.0280006
0.0288393
0.0237126
0.0303775
0.041765
0.0267815
0.0270739
0.0348645
0.0380593
0.0386627
0.0328275
0.0329016
0.00940841
0.0439364
0.0351306
0.0250332
0.0139517
0.0263034
0.0261779
0.0200335
0.0248478
0.0272865
0.0240056
0.0254277
0.0270399
0.0326527
0.0203704
0.0262185
0.0239504
0.0221292
0.0217202
0.0279025
0.021861
0.0219385
0.024391
0.016793
0.0262983
0.0188749
0.0371275
0.0242777
0.0305102
0.0148322
0.0199419
0.0155823
0.032577
0.0204403
0.0285722
0.023688
0.0307453
0.0229276
0.032551
0.0204327
0.0192426
0.0284117
0.015826
0.031507
0.0327367
0.0283126
0.0286109
0.0201179
0.0235001
0.0199705
0.0253262
0.0284077
0.0226976
0.035229
0.0264545
0.0269745
0.0197261
0.0243623
0.0154207
0.0321516
0.0205468
0.0218028
0.0297688
0.0188492
0.024281
0.0194531
0.0177478
0.0190647
0.024874
0.0182004
0.0177642
0.0280242
0.0225719
0.0196127
0.0143649
0.0269864
0.0231826
0.013891
0.0172295
0.0223778
0.0242247
0.020489
0.0219992
0.0212912
0.0286013
0.0156454
0.0219846
0.0290525
0.0244957
0.0308625
0.0237222
0.0236326
0.0306533
0.0312236
0.0309487
0.0290722
0.0263448
0.027215
0.0248868
0.0241656
0.0282326
0.027613
0.0255931
0.0253598
0.0227937
0.0190992
0.020333
0.0284276
0.0218868
0.0271241
0.0315945
0.0250097
0.0244878
0.0294068
0.0277483
0.0303157
0.042596
0.0419473
0.0545879
0.0614503
0.0852984
0.16708
0.375931
0.566279
0.665801
0.686987
0.648362
0.538509
0.304393
0.130192
0.0726941
0.0472316
0.0400847
0.028634
0.037502
0.0370228
0.0324761
0.0294611
0.0288067
0.0265304
0.0311756
0.0258708
0.0264045
0.0296395
0.0264263
0.0287202
0.0304164
0.028669
0.0285981
0.0211958
0.0253912
0.0243681
0.0331212
0.0299644
0.0335618
0.0273667
0.0280592
0.039265
0.0336027
0.0390491
0.0426849
0.037676
0.0394973
0.0308354
0.0350637
0.0351528
0.0352292
0.0336943
0.0272809
0.037504
0.0325956
0.0284409
0.031052
0.0311742
0.0280859
0.0232097
0.0341935
0.0326877
0.035171
0.0319743
0.0261992
0.0270065
0.0285396
0.0275313
0.0331786
0.0310654
0.0370836
0.0212929
0.0301122
0.034958
0.0206818
0.0321325
0.0310932
0.0361629
0.0356511
0.0356481
0.0275501
0.0339996
0.0248241
0.0264552
0.0222324
0.0300227
0.035508
0.0346332
0.0206725
0.0302909
0.025732
0.0317458
0.0270052
0.0276793
0.0291031
0.030781
0.0222022
0.0257302
0.0335278
0.0370603
0.0213143
0.0275932
0.033723
0.0284152
0.0306817
0.0279521
0.0280203
0.0274297
0.0224071
0.0248277
0.0230675
0.0395094
0.0320456
0.0348635
0.036941
0.0308475
0.0340883
0.0536814
0.0535513
0.0429331
0.0311237
0.0352415
0.0372058
0.0484703
0.0434805
0.0198682
0.035149
0.0319317
0.0231704
0.0339384
0.0219196
0.0319394
0.0268266
0.0275102
0.0202857
0.0321216
0.0384114
0.0231419
0.0337003
0.0385354
0.0234469
0.0378096
0.0321615
0.0298916
0.0477823
0.0322223
0.0517812
0.0413173
0.0461322
0.0432293
0.026466
0.0325485
0.0192444
0.0150171
0.060585
0.054473
0.0412735
0.0537816
0.0189333
0.0454331
0.0462619
0.0470033
0.0062985
0.0552856
0.0282607
0.0157748
0.0373675
0.0653214
0.0274127
0.0104185
0.0405551
0.0444081
0.0332468
0.0381054
0.079621
0.0293554
0.0423029
0.0570873
0.0519165
0.0400136
0.0491856
0.0716724
0.0590815
0.0685002
0.0471638
0.0546734
0.0654071
0.0394756
0.0518301
0.0327756
0.0656
0.0335999
0.0569656
0.0538829
0.0371296
0.028182
0.0408548
0.0470091
0.0388319
0.0419852
0.0580278
0.0474605
0.0386679
0.0457301
0.0430753
0.0555375
0.0519576
0.0397865
0.0187393
0.0475153
0.046403
0.0146754
0.055495
0.0418355
0.033809
0.0425508
0.0384117
0.0506007
0.0536733
0.0428966
0.0416826
0.0416992
0.0542833
0.0396318
0.0575466
0.0823907
0.0515397
0.0570905
0.0743461
0.0665804
0.0631638
0.0572618
0.0646138
0.0865501
0.0233307
0.0442858
0
0.0257981
0.0211784
0.0285417
0.0461885
0.0425822
0.035907
0.0417681
0.0305783
0.0390894
0.0289691
0.0681186
0.0433286
0.0567913
0.0493556
0.03476
0.0377258
0.0483255
0.0542433
0.0500185
0.0532219
0.0619907
0.0650696
0.0743413
0.0648864
0.0649609
0.077262
0.0927866
0.0848693
0.0977303
0.0762333
0.0758952
0.0587584
0.0285987
0.0423021
0.060365
0.038564
0.0121391
0.0240081
0.0585681
0.0212166
0.0202538
0.0152991
0.0438112
0.0147363
0.0417498
0.0366576
0.020781
0.0326418
0.0290149
0.0224547
0.0389393
0.0384041
0.0361475
0.0276279
0.00883191
0.0258783
0.0265053
0.0252093
0.0219909
0.0282022
0.0185759
0.0336242
0.0329232
0.0230765
0.0229738
0.0145718
0.0328219
0.0178615
0.022652
0.0238914
0.0254489
0.0224784
0.0353051
0.0295822
0.0269768
0.0291717
0.0229719
0.027363
0.0195232
0.0253149
0.0332048
0.0265429
0.0340872
0.0274744
0.0330084
0.0443935
0.0422716
0.0286121
0.021957
0.0168576
0.0279909
0.0336928
0.0370842
0.0208658
0.0291981
0.0419368
0.0378834
0.0335797
0.0243965
0.0367264
0.0379169
0.0420735
0.0234607
0.03411
0.038274
0.0378247
0.0414647
0.036741
0.0385428
0.0397546
0.0345906
0.0353743
0.0287127
0.0353983
0.0249984
0.0308963
0.0317729
0.0280333
0.0351275
0.0217746
0.025953
0.0268273
0.0315235
0.0359381
0.0189716
0.0336057
0.0305023
0.0364028
0.0339626
0.0431555
0.040568
0.0422219
0.0407811
0.0328224
0.0487164
0.0483146
0.0553785
0.0591482
0.0613543
0.0574777
0.0592006
0.0678008
0.0737046
0.0632458
0.0793076
0.0747255
0.0579261
0.0475124
0.0400056
0.0458438
0.0366633
0.0350131
0.0324261
0.0369681
0.0293664
0.0322737
0.0283982
0.0339379
0.0265308
0.0234337
0.0287391
0.0283141
0.0289112
0.0345685
0.0261749
0.0347177
0.0378127
0.0346072
0.0340621
0.0405313
0.0310156
0.0399809
0.0372606
0.0400376
0.0452187
0.0438643
0.0487079
0.0608363
0.0511782
0.0622374
0.0676224
0.0765098
0.0729176
0.0668075
0.0760741
0.0709686
0.065389
0.0599305
0.0620842
0.0554831
0.0574614
0.0326499
0.0467761
0.0448327
0.0401388
0.0392827
0.0338354
0.0341207
0.0389681
0.0478918
0.0456334
0.0438402
0.0443317
0.0463985
0.0432086
0.0344415
0.0436226
0.0503731
0.0507256
0.0368273
0.0452369
0.0405616
0.0377168
0.046893
0.0444758
0.0457564
0.047097
0.0563306
0.0508927
0.057604
0.0523972
0.0582116
0.0587755
0.0726052
0.0654209
0.073683
0.0642089
0.0633068
0.0612852
0.0637161
0.0572304
0.0467422
0.0342803
0.0336065
0.0384193
0.0373733
0.0408939
0.029394
0.0323784
0.0434674
0.0429311
0.0376432
0.0411828
0.0453146
0.0443577
0.0394299
0.0287261
0.0374523
0.0365151
0.0280619
0.0319717
0.0229323
0.0407897
0.0328467
0.0241686
0.0358543
0.0400572
0.0354892
0.0309237
0.0341151
0.0227169
0.0268876
0.0324718
0.0252815
0.0259769
0.0333774
0.0301608
0.033962
0.0184535
0.020551
0.0279927
0.0208103
0.0250804
0.0277846
0.0253256
0.0322714
0.0252591
0.0192334
0.0236365
0.0133643
0.0144143
0.0125713
0.0145236
0.0210972
0.0162308
0.0182439
0.0202171
0.0188715
0.0302127
0.0102484
0.0270957
0.0258154
0.0329811
0.0324734
0.041842
0.048526
0.0532931
0.0530633
0.0550162
0.0566025
0.0528703
0.0724715
0.0618235
0.0675797
0.0711426
0.0660443
0.0683746
0.0715194
0.074828
0.0865903
0.0716925
0.0748733
0.083317
0.0744745
0.0507324
0.0719886
0.0626658
0.0696658
0.0647009
0.0578911
0.0575929
0.0788319
0.075873
0.0634789
0.0829442
0.0803388
0.063659
0.0679835
0.0769164
0.0717962
0.0583354
0.0761479
0.0556375
0.0589963
0.0683225
0.0578625
0.0507732
0.0631224
0.0563836
0.0774052
0.0774785
0.0739795
0.0866307
0.0711724
0.103513
0.0894565
0.0867807
0.0988484
0.083466
0.0802664
0.0798567
0.078897
0.0726887
0.0745664
0.0707965
0.0837854
0.0524636
0.0680302
0.080451
0.0363183
0.0250895
0.0766819
0.0583498
0.0459504
0.0832173
0.0636067
0.10326
0.0436009
0.0790775
0.05877
0.0665431
0.0769827
0.0781254
0.0721503
0.0806172
0.0934498
0.0893641
0.094147
0.089312
0.0719507
0.0817326
0.12109
0.0987978
0.0900716
0.0937645
0.0753095
0.0794763
0.0961349
0.0974755
0.114934
0.105428
0.0900966
0.0854267
0.110416
0.102801
0.112377
0.105141
0.110176
0.11301
0.111999
0.0904636
0.090741
0.0992967
0.0842589
0.0862722
0.0983258
0.0755632
0.0753449
0.0523028
0.056891
0.0598542
0.0431332
0.0816154
0.0703917
0.0599901
0.0661987
0.0615321
0.0744893
0.0565378
0.0732785
0.0631291
0.0514297
0.0369327
0.0421412
0.0554066
0.0407878
0.0607496
0.0538333
0.097305
0.0868187
0.104116
0.106203
0.0913431
0.0551975
0.0538975
0.101107
0.106449
0.101026
0.111538
0.101953
0.112076
0.108671
0.089715
0.118654
0.0976795
0.113701
0.0875045
0.109567
0.146021
0.116154
0.11264
0.121766
0.121728
0.113926
0.114837
0.103711
0.112515
0.121174
0.0964338
0.125012
0.0824717
0.0891239
0.117211
0.0596873
0.076803
0.0750357
0.0704183
0.0874977
0.0677751
0.078434
0.0403056
0.0804429
0.0500369
0.101506
0.0878424
0.0743993
0.0614457
0.0710557
0.0762205
0.0922093
0.101692
0.0719902
0.0980595
0.0952584
0.0859577
0.0715804
0.081245
0.0964097
0.115186
0.133589
0.10112
0.038585
0.0500285
0.114094
0.0708915
0.0318565
0.119573
0.0714299
0.0769515
0.0656365
0.0513665
0.103532
0.100042
0.129265
0.0149372
0.144101
0.0701989
0.0399388
0.131153
0.104836
0.079631
0.0828826
0.107855
0.0866879
0.0571192
0.11276
0.0542273
0.0996957
0.0951054
0.0504336
0.0806881
0.11378
0.0953395
0.0956357
0.0890872
0.0773661
0.100635
0.0640959
0.0818844
0.0781645
0.151971
0.0760498
0.0771311
0.0713265
0.0630225
0.104766
0.134001
0.0567112
0.0940178
0.00528493
0.0512751
0.10073
0.0992071
0.0744107
0.0747256
0.0435453
0.0691063
0.0633825
0.0659003
0.0653363
0.0313567
0.0387337
0.0741154
0.077477
0.0923944
0.070327
0.0350101
0.0820469
0.0351227
0.096209
0.0706774
0.116408
0.0918666
0.0806951
0.0713675
0.0741433
0.108154
0.113646
0.0711063
0.122227
0.0940153
0.0891265
0.0924214
0.103109
0.0830033
0.128288
0.101769
0.129162
0.0816596
0.116751
0.0988228
0.058708
0.0902716
0.0914093
0.0947895
0.0645787
0.091891
0.145765
0.0705596
0.147346
0.0799859
0.0700761
0.114394
0.0952331
0.0796353
0.0515502
0.0733066
0.0497357
0.073152
0.048999
0.0665661
0.0593785
