0.0929618
0.0968704
0.0960189
0.0992441
0.0929914
0.0901216
0.100373
0.0885501
0.100509
0.095898
0.113557
0.107884
0.107748
0.10952
0.107665
0.111315
0.104892
0.107921
0.106369
0.106725
0.10377
0.106254
0.0997621
0.109444
0.113641
0.10926
0.11515
0.113779
0.11927
0.116763
0.118709
0.120122
0.121218
0.121753
0.122277
0.119394
0.122467
0.116826
0.115679
0.109549
0.111926
0.107798
0.106156
0.114138
0.113823
0.117065
0.119611
0.114522
0.120946
0.125392
0.125686
0.126863
0.13438
0.136036
0.136913
0.135119
0.124858
0.122726
0.119402
0.114894
0.10125
0.0943818
0.0858639
0.0881453
0.0800124
0.0732877
0.0728434
0.0739795
0.0787049
0.0823759
0.0881019
0.0951142
0.0917087
0.0885794
0.0973644
0.0935204
0.0940856
0.0966573
0.090765
0.0938731
0.0877061
0.0855856
0.0853664
0.0802099
0.0889196
0.0914172
0.0944693
0.0998391
0.0981667
0.102332
0.105252
0.104904
0.105786
0.102813
0.105318
0.105222
0.0939578
0.106424
0.10469
0.11105
0.108618
0.105211
0.111875
0.109613
0.111828
0.114914
0.105401
0.108208
0.114764
0.115644
0.114809
0.117281
0.111356
0.116058
0.11294
0.112352
0.105093
0.0985298
0.0985285
0.0878988
0.0976
0.0929016
0.100043
0.0981163
0.10225
0.106867
0.110245
0.109566
0.112838
0.1153
0.117794
0.120983
0.12188
0.129776
0.130116
0.127174
0.120851
0.122008
0.115513
0.107179
0.100585
0.100787
0.0883835
0.0891812
0.0923254
0.0880056
0.0932111
0.097475
0.102505
0.101337
0.107364
0.105498
0.111539
0.114136
0.109623
0.119017
0.119724
0.119759
0.120744
0.123054
0.124907
0.122573
0.11675
0.114232
0.111224
0.104172
0.0976685
0.0991701
0.0944234
0.0923888
0.0997412
0.101796
0.0981913
0.106912
0.100536
0.102163
0.102129
0.0983468
0.102267
0.0988816
0.103338
0.0848308
0.0792988
0.0924146
0.0828684
0.0872954
0.0910566
0.0919623
0.0955476
0.0948759
0.100715
0.0988692
0.0968825
0.105532
0.102545
0.0980816
0.101872
0.0968188
0.0956219
0.0866104
0.0781283
0.0666742
0.0701639
0.0654975
0.0646435
0.076627
0.0720617
0.0915048
0.0848036
0.0809005
0.0961112
0.0984725
0.0906071
0.106776
0.101017
0.103584
0.108702
0.107434
0.106027
0.107276
0.109582
0.104049
0.100458
0.0925316
0.0875324
0.077186
0.0689458
0.0661546
0.0732229
0.0727023
0.0747345
0.0830477
0.0792804
0.08683
0.0946516
0.088593
0.0916148
0.0967362
0.105393
0.0999614
0.103792
0.106072
0.11202
0.110039
0.113499
0.111988
0.111574
0.112035
0.113852
0.112881
0.113353
0.11209
0.105336
0.100175
0.101878
0.0880636
0.0815281
0.0741335
0.0622322
0.0718006
0.0574518
0.0576134
0.0741053
0.0764707
0.0858289
0.0746563
0.0800563
0.0908971
0.0851848
0.0917357
0.0915095
0.0900727
0.0935086
0.108245
0.109224
0.115563
0.105757
0.11402
0.121548
0.110541
0.11253
0.114143
0.113318
0.10239
0.0966662
0.100469
0.0884877
0.100158
0.0926037
0.0847311
0.0742469
0.0739481
0.0701269
0.065127
0.0632753
0.0731648
0.0611251
0.0599017
0.071245
0.0824746
0.0788487
0.0803572
0.101311
0.0904217
0.0934067
0.088046
0.0969323
0.0992666
0.0961777
0.09459
0.102917
0.0977061
0.0943339
0.067738
0.0670987
0.0723694
0.0483887
0.0499017
0.0578309
0.0668269
0.0656429
0.0496301
0.073048
0.0610784
0.0711858
0.0634799
0.0561875
0.0700613
0.0764197
0.0705306
0.0814423
0.0825474
0.0768239
0.0828093
0.0933772
0.0924488
0.0970666
0.0995638
0.103417
0.103899
0.0954567
0.0949411
0.0991207
0.0917749
0.0744543
0.0632762
0.0481429
0.0549888
0.0679764
0.0667144
0.0443625
0.0478438
0.0681805
0.0462818
0.0602187
0.0393532
0.0422643
0.0544963
0.0686492
0.065727
0.0740996
0.0752343
0.0696362
0.0754572
0.0790372
0.0780749
0.082094
0.08199
0.0926763
0.0971177
0.0939657
0.108116
0.10322
0.0977728
0.0938964
0.0986464
0.106282
0.10347
0.0807678
0.0725769
0.0790782
0.0729747
0.0626375
0.0653125
0.0649538
0.0608282
0.0457011
0.0703598
0.0667215
0.0562408
0.0863641
0.0628055
0.0635288
0.0564864
0.0809514
0.0678799
0.0677707
0.0840782
0.0846539
0.0811307
0.08636
0.0919519
0.0915956
0.0958178
0.0942319
0.0913256
0.100301
0.0970691
0.0984994
0.0980993
0.101634
0.107629
0.10218
0.0842419
0.0955336
0.086686
0.0831852
0.087776
0.0701316
0.0623305
0.0672222
0.0646894
0.0698417
0.0740983
0.0676818
0.0652757
0.0894096
0.0872824
0.0846171
0.0888522
0.0870648
0.0902746
0.0858495
0.0971115
0.099024
0.103025
0.0974326
0.0921533
0.0958977
0.0955333
0.0821556
0.0678872
0.0627484
0.0588906
0.060591
0.0424393
0.0490437
0.0524321
0.0506417
0.0546664
0.0716898
0.0438741
0.0463819
0.0476844
0.0594037
0.0538607
0.0619039
0.0664931
0.0654672
0.071139
0.0505221
0.0757867
0.0645613
0.0673281
0.0630166
0.084207
0.070498
0.069635
0.075516
0.0879383
0.0813999
0.0879401
0.0974938
0.0947697
0.0997608
0.101088
0.101879
0.0854214
0.0868743
0.0767496
0.0623292
0.0538079
0.06493
0.0800519
0.0493793
0.0788668
0.0592763
0.0618137
0.0543681
0.088609
0.111567
0.176576
0.201195
0.261467
0.342636
0.387693
0.437515
0.424243
0.382944
0.301713
0.201124
0.112858
0.088192
0.0613255
0.0841094
0.0817784
0.0718489
0.0703162
0.0734789
0.0686259
0.0684039
0.0703564
0.0632133
0.0727509
0.0788247
0.0836513
0.0840433
0.0787712
0.07834
0.0852479
0.0979283
0.073278
0.0787476
0.0713307
0.0638312
0.0608218
0.0746485
0.0634512
0.0704071
0.0469689
0.0517757
0.0514952
0.0668611
0.0651837
0.0608791
0.079432
0.0781976
0.0675618
0.0712342
0.0887271
0.087345
0.0788458
0.0892059
0.0875754
0.081015
0.0976591
0.0775893
0.0548935
0.0627043
0.0653042
0.0601988
0.0634049
0.0675675
0.0424225
0.0455883
0.0535139
0.0456766
0.0651657
0.0518136
0.0625989
0.0639338
0.0712119
0.0527488
0.0642444
0.0521768
0.0466241
0.0781033
0.0697511
0.0830314
0.080666
0.0807726
0.0486773
0.0689954
0.0761876
0.0634862
0.0600815
0.0686338
0.078799
0.0698669
0.0718509
0.0851369
0.0963332
0.0812659
0.0916743
0.0823747
0.0661305
0.084906
0.0453995
0.064363
0.0816126
0.088633
0.0636279
0.0709012
0.0328952
0.0687811
0.0790885
0.0394843
0.0356772
0.0412617
0.0614866
0.0659715
0.0412301
0.0426936
0.058173
0.0532103
0.0632695
0.0463065
0.0597063
0.0605276
0.0549582
0.0433251
0.0724563
0.0662089
0.0666543
0.0657695
0.0585113
0.0589059
0.051573
0.061089
0.0424038
0.0674602
0.0471546
0.0474919
0.0558284
0.0558001
0.0434194
0.0499959
0.0633885
0.0657504
0.043701
0.0562153
0.0547835
0.0671027
0.0492542
0.0437679
0.059093
0.0372927
0.0544184
0.0439222
0.0560889
0.0544522
0.0505301
0.0668273
0.0599158
0.0536747
0.0486695
0.051559
0.0627911
0.036329
0.0467665
0.0551016
0.0779559
0.0557295
0.0366663
0.0692917
0.0722877
0.0562644
0.028199
0.0761078
0.0745626
0.0589428
0.0453738
0.0851598
0.0465346
0.0327642
0.0546632
0.0704186
0.0658264
0.0538974
0.0696678
0.0667716
0.0676739
0.0600224
0.0527029
0.0539767
0.0535421
0.0604556
0.0475828
0.0488144
0.0598727
0.0330181
0.0498713
0.0785286
0.0681183
0.076415
0.0758561
0.078338
0.0513062
0.0506951
0.0460343
0.0875014
0.0617686
0.0452955
0.0687111
0.0472831
0.0490689
0.0521479
0.0690829
0.0312981
0.0601536
0.0445271
0.0353287
0.0355197
0.0322284
0.0389996
0.0297601
0.0390781
0.0232039
0.0321915
0.0131968
0.0347985
0.0240283
0.0441491
0.0305038
0.0202119
0.0200544
0.0315723
0.0221525
0.0339484
0.0207546
0.0219635
0.0290623
0.0267581
0.0195425
0.0258451
0.0356302
0.0220661
0.0148569
0.0440134
0.0231026
0.0335531
0.033428
0.0400917
0.0337577
0.0346993
0.0166951
0.0302708
0.0301406
0.0533479
0.0397306
0.0339611
0.040647
0.0392621
0.0390354
0.0383015
0.0406389
0.0351312
0.0365437
0.0313459
0.0325589
0.0278409
0.0303068
0.0275939
0.0244016
0.0332666
0.0331202
0.0304531
0.0423888
0.0211824
0.0361511
0.028825
0.0301555
0.0255424
0.0246799
0.0294902
0.0319982
0.0258002
0.0439301
0.0256159
0.0455119
0.0247736
0.0439084
0.0485073
0.0229288
0.0311214
0.0283283
0.0396863
0.0597821
0.0552119
0.0155724
0.0527465
0.057776
0.0372871
0.0444072
0.0484065
0.0510612
0.0316995
0.00845542
0.0321236
0.0367173
0.0534167
0.0302294
0.058461
0.056613
0.0475866
0.0484479
0.0576732
0.0408936
0.0572005
0.0466137
0.0638617
0.0526661
0.0629016
0.0427054
0.0642886
0.0558582
0.057074
0.0355388
0.0690782
0.0454219
0.0458234
0.0459207
0.0568423
0.0647751
0.0573564
0.0254325
0.0353098
0.0620115
0.0535877
0.0502631
0.0391128
0.0434026
0.0822759
0.0629328
0.0649778
0.0301701
0.0317416
0.0168591
0.0459524
0.0531319
0.0516586
0.0671452
0.0423517
0.0380402
0.0466467
0.0292177
0.0269353
0.0271836
0.0376496
0.0711652
0.0556621
0.0391515
0.0536462
0.0457372
0.0477135
0.03687
0.0493889
0.0587034
0.0294402
0.0402822
0.0406085
0.0240046
0.0393018
0.0388214
0.0379998
0.0322409
0.0233194
0.0171336
0.0325434
0.0302546
0.0252327
0.0201989
0.0269839
0.0231518
0.0277816
0.0170972
0.024489
0.0236309
0.0219641
0.0194283
0.0239309
0.0191555
0.0281523
0.0257001
0.0314488
0.0298052
0.0222762
0.0198007
0.0152834
0.0119319
0.0166023
0.015829
0.0164814
0.014051
0.0168066
0.0216378
0.0150122
0.0208528
0.0130425
0.0218206
0.00807239
0.00821204
0.0160555
0.0205916
0.0144793
0.0230075
0.0127134
0.0132222
0.0152642
0.0222149
0.00965399
0.0135504
0.0123723
0.0115474
0.0233455
0.0159615
0.0174039
0.0150936
0.0183398
0.0137571
0.0133009
0.00547765
0.0226648
0.0263773
0.0106783
0.019483
0.0191463
0.0249576
0.0164459
0.0110082
0.0148122
0.0262623
0.0125499
0.0156471
0.0175071
0.016938
0.0169621
0.00931968
0.0169877
0.0045308
0.0149786
0.0148719
0.0178926
0.0217676
0.0212628
0.0166579
0.0194109
0.016495
0.0213866
0.0198419
0.0127541
0.018497
0.0194428
0.0190302
0.0151782
0.014377
0.00602113
0.0128794
0.00622501
0.0119755
0.00665869
0.0151358
0.0188859
0.0215113
0.0129855
0.00936512
0.0175748
0.0152434
0.0199023
0.011138
0.0160903
0.0225633
0.0245898
0.0190385
0.0182221
0.0243361
0.0200665
0.0152439
0.019856
0.0223942
0.0230317
0.0178806
0.0181223
0.0166782
0.0190708
0.0233485
0.0137446
0.020086
0.0248833
0.0273797
0.019643
0.00758755
0.0222507
0.0306725
0.0217866
0.0350216
0.0289669
0.0181183
0.0218677
0.0177933
0.027675
0.0205605
0.0257072
0.0274065
0.0204999
0.0213356
0.0227932
0.023857
0.017937
0.0270108
0.0159956
0.019536
0.0283584
0.0180118
0.0310743
0.0327037
0.0266606
0.020473
0.0330918
0.0268146
0.0193906
0.0233006
0.0298878
0.0192532
0.0310501
0.0238002
0.0324497
0.0286702
0.0228735
0.0416835
0.0299736
0.0175883
0.0340513
0.0298909
0.0297865
0.0186901
0.0268236
0.0203282
0.0186813
0.0346547
0.0365812
0.0381801
0.0270872
0.0370537
0.0268366
0.0277876
0.0260697
0.0219729
0.0320327
0.0460365
0.0256098
0.0253174
0.0192767
0.0361337
0.0393158
0.0334295
0.0327693
0.0279801
0.024846
0.0202932
0.0309747
0.0437554
0.0382466
0.0351795
0.0260222
0.0351118
0.0266513
0.0315588
0.0304169
0.0348434
0.0292363
0.030483
0.0136809
0.0446817
0.0230509
0.0194504
0.0287456
0.0311075
0.0127534
0.0437524
0.0260098
0.0210524
0.0246343
0.0236017
0.0257976
0.0256516
0.0250721
0.0285449
0.017082
0.0198395
0.0227812
0.00840304
0.031121
0.017724
0.0217632
0.0282039
0.00964405
0.0309584
0.0295001
0.0238134
0.0317066
0.0224922
0.0221646
0.0122235
0.0296471
0.0200255
0.008932
0.00430136
0.0268548
0.0265083
0.0159763
0.0151234
0.0176805
0.017328
0.0236175
0.0102949
0.0204238
0.0172315
0.0163039
0.020976
0.0117309
0.0184418
0.0108948
0.0143206
0.0129333
0.0194681
0.0174372
0.0292156
0.0175582
0.0342129
0.0209164
0.0260415
0.0172072
0.0142103
0.0182674
0.0229661
0.0268253
0.0262774
0.0216545
0.019474
0.0139218
0.0217063
0.0122656
0.0212503
0.0172439
0.0115333
0.0134879
0.0188217
0.0219618
0.014296
0.0187733
0.0164508
0.0123977
0.0232107
0.0128094
0.0168252
0.034524
0.018505
0.0252563
0.0245815
0.0214651
0.0162655
0.0316164
0
0.00824846
0.0265502
0.013601
0.0167114
0.0136319
0.0107923
0.0148258
0.0245498
0.00270558
0.0135788
0.024151
0.0194915
0.014152
0.00838159
0.0201786
0.00675286
0.00761258
0.0120405
0.0159605
0.0147558
0.00675443
0.0185015
0.016108
0.0191778
0.00713912
0.0199491
0.0166995
0.020219
0.0282621
0.0172858
0.0214965
0.0266245
0.028449
0.0190853
0.0278418
0.0239182
0.0258616
0.0240687
0.0172159
0.0185391
0.0192381
0.0165026
0.0185359
0.0222921
0.014747
0.0174675
0.014559
0.0178077
0.0161366
0.0252961
0.0232761
0.0171766
0.0269982
0.0295263
0.0240722
0.0304351
0.0417495
0.048101
0.0527551
0.0910651
0.161491
0.364245
0.570573
0.659966
0.683016
0.646599
0.527683
0.297445
0.1219
0.0645526
0.0387464
0.0267657
0.0226489
0.0303546
0.0313074
0.0210926
0.0198339
0.0256023
0.0203807
0.0219523
0.0205711
0.0171339
0.0203516
0.0208048
0.0173052
0.0228863
0.0129036
0.0224346
0.0200956
0.0173162
0.0245603
0.0209934
0.024248
0.016278
0.0194943
0.0235921
0.0233578
0.0333868
0.0273853
0.0364839
0.023352
0.0381216
0.0337376
0.0311951
0.0268154
0.0297698
0.0240969
0.0234982
0.0265311
0.025905
0.0239117
0.01906
0.0237144
0.0242088
0.021906
0.0242423
0.0254574
0.0237175
0.02775
0.0215045
0.0196387
0.0211699
0.0266061
0.0252512
0.0234878
0.0201295
0.0204621
0.0308611
0.0220756
0.0247796
0.0272695
0.0307036
0.0405016
0.0243195
0.0316233
0.0239936
0.0305609
0.0187132
0.0250031
0.0176129
0.0222116
0.0259999
0.0254716
0.0243601
0.02318
0.0145515
0.0203584
0.0165975
0.0321642
0.0247378
0.0187413
0.013579
0.019413
0.0221096
0.0231096
0.0141185
0.0163084
0.0261366
0.019231
0.0141339
0.0212277
0.0226408
0.0243434
0.0271285
0.0270205
0.0207637
0.0310029
0.0313031
0.0453504
0.0271128
0.0228019
0.0363747
0.0314654
0.0331238
0.0299558
0.0289055
0.0259137
0.021943
0.0360076
0.0390086
0.0170565
0.0356175
0.0376317
0.0195907
0.0367889
0.023981
0.026372
0.0249529
0.0254039
0.0152137
0.0296294
0.0216106
0.0208219
0.0248435
0.0225037
0.0167865
0.0300789
0.0255049
0.0252913
0.0383546
0.0179616
0.0398716
0.0308976
0.0306904
0.0247234
0.0173241
0.0206058
0.0102468
0.023306
0.0309715
0.0254861
0.0490329
0.0104734
0.0258347
0.0703235
0.0174482
0.0400411
0.0306168
0.0410502
0.00980622
0.0277138
0.0337519
0.0535866
0.0139034
0.0201295
0.0213504
0.0566727
0.0441078
0.0233046
0.0368935
0.0189118
0.0327156
0.041742
0.0413749
0.0496037
0.0272359
0.0380688
0.0643356
0.0541108
0.0492165
0.0457412
0.0453638
0.0175864
0.0411015
0.0399468
0.0455141
0.0465999
0.0647515
0.0464072
0.0519332
0.0443451
0.0513594
0.0384707
0.0333772
0.0294766
0.0526756
0.0474635
0.0349043
0.0282547
0.0273384
0.0555549
0.0368921
0.0370446
0.0230685
0.0538767
0.0199451
0.0130341
0.0477499
0.0566438
0.0238707
0.0379138
0.0447433
0.048341
0.0378703
0.0527179
0.0349795
0.0346781
0.0404463
0.0271891
0.0387703
0.0629728
0.0434651
0.0583006
0.0576413
0.0572247
0.0658872
0.0357213
0.0551688
0.0963005
0.0387449
0.0362453
0.014107
0.0250468
0.0270965
0.0381983
0.0460225
0.0218782
0.0351436
0.0310025
0.029035
0.0342489
0.0245824
0.0442602
0.0297042
0.0479765
0.04333
0.0242993
0.048601
0.0342252
0.0359475
0.0419163
0.0502736
0.0563886
0.0532745
0.0648604
0.053266
0.0662672
0.0744308
0.0876317
0.0687899
0.084823
0.0737366
0.0678143
0.0528519
0.0205277
0.0410991
0.0440746
0.0456078
0.00307766
0.0244134
0.0559786
0.022767
0.0235273
0.0268075
0.0408195
0.0123019
0.0229209
0.015312
0.0158587
0.013947
0.0225003
0.0133513
0.041401
0.0362121
0.019491
0.0133959
0.0186217
0.0124343
0.00789548
0.0135084
0.0181421
0.0153031
0.0131267
0.0190282
0.0107376
0.0141728
0.0110105
0.0116079
0.0240985
0.0133846
0.0159205
0.0225789
0.0144727
0.0136561
0.0223639
0.0206693
0.0219933
0.0182759
0.0172264
0.0172718
0.0201883
0.0260415
0.0260173
0.0267754
0.0217335
0.029003
0.0294471
0.0335093
0.0365305
0.0219994
0.0227559
0.0175155
0.0276909
0.0306141
0.0450357
0.019047
0.0267535
0.0220064
0.0238019
0.0341357
0.0300493
0.0222601
0.0207424
0.0333805
0.0306002
0.0257616
0.0310442
0.0288109
0.0313871
0.0290241
0.0300226
0.0366622
0.0284305
0.0322365
0.026715
0.029013
0.0199961
0.0228975
0.0276178
0.0226502
0.0206481
0.0123027
0.0190067
0.0296565
0.0296175
0.0275535
0.0161915
0.0235616
0.0251424
0.0247642
0.0273391
0.0352853
0.0270106
0.0300463
0.031857
0.0380834
0.048569
0.0386687
0.0446934
0.0466567
0.0570076
0.0427366
0.0492638
0.0552813
0.063615
0.0612844
0.0605209
0.065625
0.0494392
0.043429
0.0282165
0.0445487
0.0263288
0.0276158
0.0275076
0.0251984
0.0205789
0.0324662
0.0229068
0.0276009
0.025092
0.0166166
0.0206394
0.0255526
0.0278997
0.0284461
0.0241746
0.0252146
0.0313932
0.0229455
0.023314
0.0298593
0.0282192
0.0309085
0.034609
0.0363525
0.0394936
0.0385873
0.0452316
0.0460552
0.0517427
0.0554525
0.059416
0.0658342
0.0622398
0.0675114
0.0716495
0.0619941
0.0594258
0.0486037
0.0516326
0.0504144
0.0441095
0.0277611
0.0319742
0.0500235
0.0385805
0.0220616
0.0347597
0.037297
0.0216685
0.0486729
0.0370074
0.0350638
0.0382667
0.0372734
0.0298088
0.0336637
0.0369454
0.0286133
0.0390701
0.030209
0.0385538
0.0362382
0.0339186
0.0386636
0.0345644
0.0441436
0.043784
0.0514667
0.0437897
0.0449752
0.0456259
0.0535148
0.0518819
0.0624673
0.0624132
0.0725431
0.0612201
0.0658652
0.0572452
0.0596174
0.0510892
0.0465761
0.033746
0.0288296
0.0308634
0.0375775
0.0295541
0.0241562
0.0323402
0.037127
0.0395154
0.0358265
0.0343285
0.0299547
0.0475434
0.0274039
0.0258227
0.0405917
0.0342721
0.0241912
0.0164129
0.0187282
0.0282142
0.0259924
0.0290122
0.0268367
0.0333541
0.0264391
0.0294036
0.0191472
0.0170433
0.0155891
0.0193208
0.0174047
0.025171
0.0281712
0.0280101
0.0252043
0.019539
0.0157533
0.0250667
0.0183591
0.016817
0.0170897
0.0307273
0.0200908
0.0202541
0.0201568
0.0197199
0.0110152
0.0150559
0.0212807
0.00684713
0.0164492
0.00685082
0.00898027
0.0136085
0.0115589
0.016237
0.0051872
0.0225011
0.0140112
0.0331019
0.0235765
0.0310242
0.0289034
0.0441533
0.0477293
0.0507471
0.0505084
0.051338
0.063356
0.0550475
0.0609904
0.0593418
0.0441644
0.0640658
0.0663892
0.0694237
0.0713292
0.0792789
0.0658372
0.0613168
0.0534347
0.0543939
0.062502
0.0683784
0.061448
0.0522373
0.0622188
0.045532
0.086936
0.0662348
0.0519168
0.0725991
0.0734922
0.0741331
0.0642261
0.0555318
0.0605504
0.0523958
0.0533535
0.0424333
0.0637543
0.0579285
0.0686981
0.058031
0.0573456
0.065841
0.0814694
0.0621295
0.0753985
0.0778003
0.0803673
0.102396
0.0889268
0.0811075
0.0923293
0.0797044
0.0746906
0.0753487
0.0817467
0.0703474
0.0757826
0.0682134
0.0992221
0.0437826
0.0783114
0.0510075
0.0508917
0.0230786
0.0623452
0.0730247
0.0586741
0.0884872
0.0732314
0.0608484
0.0809038
0.0760699
0.076699
0.0643431
0.0968831
0.0583349
0.0787965
0.0711489
0.0921593
0.0789631
0.0883251
0.0957248
0.0789271
0.0849438
0.106784
0.0885963
0.074474
0.0882526
0.0695381
0.0730191
0.0940186
0.0760287
0.108509
0.101941
0.0941429
0.0969446
0.104489
0.0925771
0.106658
0.104533
0.106168
0.101698
0.104146
0.107683
0.102776
0.104192
0.0961641
0.100136
0.106319
0.0778509
0.0450092
0.0886379
0.0557678
0.073928
0.0595769
0.0617702
0.0628897
0.0577335
0.0807894
0.077267
0.0612378
0.0371456
0.069924
0.0595407
0.0454275
0.0212351
0.0609374
0.0642566
0.0568119
0.0703972
0.0274592
0.0772022
0.0985597
0.0832319
0.104616
0.106323
0.0646395
0.0852325
0.0853502
0.102262
0.0768833
0.105569
0.114164
0.0993081
0.0862275
0.0945016
0.112929
0.109812
0.117432
0.0959274
0.0986003
0.117994
0.107326
0.105045
0.11409
0.109415
0.111214
0.103094
0.106821
0.125424
0.106525
0.0980193
0.104435
0.0889805
0.0848085
0.107851
0.040964
0.0761592
0.0951451
0.0712875
0.0849322
0.0971671
0.101891
0.0496809
0.0777916
0.107531
0.101561
0.0723912
0.120758
0.0800709
0.0837121
0.045159
0.0945423
0.0846801
0.0773236
0.113022
0.113761
0.0809055
0.0887077
0.0610786
0.0814961
0.104255
0.125206
0.0750212
0.0928965
0.0426064
0.122972
0.10336
0.0977385
0.0984484
0.111365
0.0905826
0.0427413
0.0446633
0.0467053
0.0693047
0.105084
0.0629329
0.136544
0.07665
0.0874656
0.134125
0.0760333
0.0839915
0.109604
0.0838221
0.108739
0.0642228
0.06369
0.0508834
0.0576073
0.139387
0.0794722
0.0583922
0.125658
0.0895011
0.0789092
0.104455
0.0446574
0.0989549
0.0644084
0.079122
0.0736552
0.121058
0.0645319
0.0883343
0.095955
0.0633908
0.0804784
0.138785
0.0417945
0.0591415
0.0367224
0.0814837
0.0940266
0.0905172
0.0702107
0.0724148
0.052066
0.0776498
0.0939905
0.0374707
0.0499765
0.0271774
0.094679
0.0644066
0.0803404
0.0718225
0.0669521
0.0164128
0.0666009
0.0647564
0.194597
0.10152
0.0917235
0.10976
0.135441
0.0734435
0.0914529
0.131794
0.109774
0.0769803
0.113108
0.0957773
0.121176
0.0796366
0.10628
0.0723119
0.150888
0.122403
0.12191
0.0798834
0.141732
0.106866
0.0608345
0.0863664
0.0796771
0.107961
0.0772304
0.0841607
0.130362
0.0748696
0.135097
0.0816379
0.070174
0.0858103
0.102422
0.0341725
0.0909066
0.0490278
0.0737692
0.0752282
0.0352162
0.0467805
0.0418646
