0.0911811
0.110363
0.0938333
0.100148
0.0952724
0.0983522
0.102175
0.0983503
0.106696
0.10027
0.114594
0.113243
0.113615
0.111927
0.113324
0.115305
0.112131
0.113492
0.111495
0.10545
0.101947
0.108106
0.105763
0.111424
0.112349
0.112249
0.114609
0.117551
0.120359
0.125373
0.124976
0.126515
0.123459
0.125366
0.125388
0.121291
0.124591
0.119212
0.113589
0.112363
0.116196
0.105995
0.106558
0.115486
0.119443
0.122621
0.123826
0.120385
0.1268
0.129164
0.129268
0.131201
0.13824
0.139795
0.139933
0.138654
0.128061
0.125057
0.118905
0.116917
0.105182
0.0905239
0.0845493
0.0850407
0.085586
0.0717642
0.0789235
0.078302
0.0788994
0.0912647
0.0956548
0.0996877
0.0927451
0.0972975
0.0977204
0.0983527
0.0997636
0.1006
0.0897463
0.095147
0.0872989
0.0908783
0.0875086
0.0815805
0.0871027
0.0957522
0.10016
0.099067
0.100794
0.108474
0.109073
0.109655
0.108654
0.105959
0.109478
0.107719
0.104412
0.102869
0.106585
0.109882
0.116912
0.114934
0.115609
0.112185
0.113116
0.117669
0.113043
0.117416
0.119528
0.120379
0.119087
0.123058
0.119719
0.119435
0.115695
0.114981
0.0996178
0.108039
0.103221
0.0916887
0.0938428
0.0954147
0.101266
0.101359
0.107937
0.11403
0.114293
0.116013
0.122429
0.120453
0.121834
0.125721
0.127541
0.133307
0.133531
0.132199
0.123191
0.124715
0.115819
0.115032
0.104102
0.0919708
0.0863129
0.094513
0.09369
0.0917261
0.101325
0.106583
0.113973
0.103556
0.112278
0.116796
0.111049
0.116861
0.121122
0.123088
0.12374
0.126301
0.127732
0.128788
0.129728
0.126291
0.122279
0.119787
0.112697
0.112415
0.107782
0.101735
0.0994849
0.0983335
0.105676
0.105343
0.102325
0.11348
0.102693
0.104247
0.104501
0.10587
0.098637
0.0965203
0.0984819
0.0913976
0.082399
0.0844218
0.0905815
0.0847293
0.0896416
0.100036
0.104464
0.0997011
0.109514
0.108083
0.105323
0.11126
0.109473
0.109433
0.10252
0.0983606
0.0997038
0.0863789
0.0767945
0.0728488
0.0630013
0.0698592
0.0744081
0.0785186
0.0739997
0.0913746
0.0879057
0.0890802
0.102519
0.0974145
0.0951666
0.105688
0.107005
0.107828
0.112235
0.112196
0.112166
0.114931
0.112369
0.107277
0.101349
0.09259
0.0904346
0.0665621
0.0709925
0.0589435
0.0783864
0.0764108
0.0835663
0.0810617
0.0785947
0.0926473
0.0911234
0.0938119
0.103052
0.0967872
0.0994771
0.0987224
0.106785
0.108414
0.114698
0.114957
0.119829
0.120439
0.118734
0.119049
0.116491
0.118547
0.114605
0.112501
0.108439
0.10561
0.10864
0.0942982
0.0863461
0.0780507
0.0793656
0.0656495
0.0678161
0.0648763
0.082881
0.0778348
0.0767761
0.089655
0.0930309
0.0895287
0.0898957
0.100001
0.0901092
0.0925714
0.106213
0.105427
0.108535
0.118883
0.115152
0.12114
0.124847
0.118398
0.12305
0.119853
0.114836
0.109119
0.0964222
0.0999083
0.0907137
0.091663
0.0839917
0.0855947
0.0742681
0.065689
0.0546633
0.0796343
0.0659289
0.0767283
0.0669686
0.0720442
0.0772968
0.0703105
0.0874614
0.0812537
0.100312
0.0916471
0.0942813
0.0968
0.101737
0.10078
0.101426
0.109776
0.109929
0.0971412
0.0905131
0.0668182
0.0703503
0.0714436
0.0402465
0.064232
0.065073
0.067984
0.0641207
0.0438772
0.0760097
0.0596686
0.062662
0.0605493
0.0640263
0.0781622
0.0795478
0.0810938
0.0824305
0.0876872
0.0738877
0.089646
0.0956748
0.0967622
0.107604
0.10314
0.104945
0.105362
0.100073
0.10032
0.101135
0.0913405
0.0797924
0.062471
0.0497116
0.0558391
0.0616462
0.0575491
0.0446959
0.0502571
0.0528269
0.0479733
0.0659259
0.0546628
0.0524146
0.0645609
0.0718859
0.0642189
0.0656316
0.0835082
0.0686895
0.0705733
0.0873941
0.0834574
0.0871728
0.0893118
0.095977
0.103163
0.100685
0.102268
0.104167
0.105239
0.0981575
0.105818
0.0983164
0.10333
0.0817962
0.0832771
0.0734905
0.0584994
0.0499008
0.071085
0.0669336
0.0585158
0.0608567
0.0670755
0.0670591
0.0665456
0.0895372
0.0718755
0.0639422
0.0722156
0.0800595
0.0671805
0.0832072
0.0817403
0.0774409
0.0900756
0.0865955
0.094582
0.0945448
0.104762
0.101359
0.0972352
0.0952605
0.101193
0.101127
0.103921
0.10117
0.109914
0.0996479
0.0879428
0.0920189
0.0953006
0.0867156
0.0741597
0.0650125
0.058185
0.0658705
0.0540889
0.0738918
0.0747325
0.0709331
0.0656723
0.08383
0.0863954
0.0883327
0.0917147
0.0854789
0.0976487
0.0954749
0.0972341
0.102937
0.104006
0.105829
0.098935
0.0950737
0.0914009
0.0871215
0.0615081
0.0728219
0.0480005
0.0498897
0.0642207
0.046837
0.04352
0.0597447
0.048032
0.0669336
0.0569974
0.0404333
0.0527614
0.0505914
0.0535662
0.0461237
0.0540705
0.0762044
0.0628727
0.0653418
0.0806544
0.0727243
0.0765185
0.0716087
0.0814118
0.0805953
0.0845084
0.0816648
0.0830832
0.0884963
0.0986837
0.0981203
0.104669
0.101998
0.0969178
0.105392
0.0966924
0.0824894
0.0705327
0.0566607
0.0542973
0.0686675
0.0643379
0.0533358
0.0670524
0.0654338
0.0676071
0.0818252
0.10523
0.101093
0.15296
0.222515
0.26868
0.345541
0.411826
0.43977
0.417272
0.372396
0.294981
0.2098
0.116388
0.0756588
0.0657853
0.0792958
0.0984063
0.0734636
0.066073
0.0682996
0.0690018
0.0736219
0.0819627
0.0620024
0.0748949
0.0804142
0.0791237
0.0815372
0.0906995
0.0885275
0.0929886
0.0808673
0.0832497
0.0778697
0.07657
0.05346
0.0592402
0.0704044
0.0641803
0.0627089
0.0637002
0.0813461
0.0667453
0.0754417
0.0606811
0.075723
0.0776809
0.0671992
0.0708043
0.0775941
0.0939339
0.0849241
0.0848044
0.0883889
0.0807342
0.0978252
0.0810935
0.078776
0.0694274
0.0778623
0.0807143
0.0750489
0.0448171
0.0694524
0.0440929
0.0770988
0.0583043
0.049354
0.0462991
0.0564889
0.0605675
0.0591487
0.0753202
0.0656702
0.0564043
0.0453734
0.0504927
0.0678703
0.0740916
0.0761975
0.0730012
0.0960933
0.0562746
0.0468534
0.0692037
0.0562209
0.0589356
0.0505674
0.0873539
0.0678541
0.0739643
0.0870581
0.0945159
0.0744883
0.0786166
0.0706787
0.0714333
0.0812236
0.0517279
0.0586597
0.0775292
0.0657151
0.0645625
0.0633629
0.0445909
0.0491578
0.0828105
0.0566373
0.0443659
0.0302383
0.0395163
0.0489691
0.0472077
0.0447339
0.0442227
0.032472
0.0655591
0.049885
0.0437491
0.0493564
0.0662897
0.0383888
0.0712556
0.0504358
0.0543506
0.0709337
0.0478997
0.051768
0.0732498
0.0585729
0.0518683
0.0708282
0.0483917
0.0501056
0.0516068
0.0520368
0.0448204
0.0415135
0.0509615
0.0569374
0.0463632
0.0493951
0.0603436
0.0690808
0.0484695
0.0514526
0.0450572
0.0319261
0.047324
0.0415569
0.0443264
0.0433587
0.0527903
0.0566433
0.0459838
0.0386296
0.0624803
0.0437797
0.0582968
0.0492628
0.0480381
0.0526841
0.0595924
0.0483834
0.0467838
0.0582568
0.0687722
0.0740355
0.0282196
0.0612248
0.0536587
0.0806755
0.0806317
0.0581599
0.0479195
0.041427
0.0536989
0.07937
0.0485112
0.0537334
0.0425888
0.0636138
0.0516362
0.04816
0.0831618
0.0373174
0.0629247
0.0544851
0.043201
0.0499768
0.0533016
0.0533778
0.0484176
0.0667381
0.0760497
0.0819565
0.0827755
0.0726944
0.0518133
0.0523357
0.0638599
0.071623
0.0597744
0.0492637
0.0690381
0.0435425
0.0352271
0.0447004
0.0591248
0.0344931
0.0535687
0.0327565
0.0485079
0.0391253
0.0333439
0.0456314
0.0333779
0.0384486
0.0361432
0.0385187
0.0214582
0.0386515
0.020535
0.0444539
0.0271404
0.0121166
0.0301035
0.0285654
0.0272512
0.0325854
0.0253183
0.0356788
0.0296975
0.0324627
0.0323157
0.0271367
0.0277269
0.0233247
0.0202419
0.0377209
0.0289429
0.0228116
0.0305446
0.0238732
0.029149
0.0382716
0.0240058
0.0259445
0.0305728
0.0472095
0.032292
0.0356559
0.0422124
0.0229297
0.0510545
0.0281709
0.0329106
0.0324798
0.0501658
0.0264627
0.0215849
0.020649
0.0189531
0.0289718
0.0163768
0.0358465
0.0235336
0.0271628
0.0432543
0.0220706
0.0232188
0.0283233
0.0288348
0.0325638
0.0330054
0.0218019
0.0238399
0.028925
0.0347113
0.0171061
0.0546629
0.0258332
0.0153394
0.0393995
0.0256254
0.0401032
0.0228384
0.0238542
0.0434498
0.0325798
0.0155859
0.0283439
0.0487032
0.0398311
0.0588751
0.0511541
0.0440242
0.0391551
0.0290296
0.0245121
0.0407533
0.0323036
0.0380181
0.0427498
0.04641
0.0338889
0.0423825
0.0425764
0.0313565
0.028685
0.0384553
0.0497679
0.0618186
0.0438096
0.0500026
0.0452062
0.0567564
0.0542962
0.0549883
0.069754
0.041747
0.067286
0.0571355
0.0516923
0.0702027
0.0503417
0.0415317
0.0311298
0.0567867
0.0449151
0.047722
0.0391121
0.0596529
0.048282
0.0582189
0.0532983
0.050302
0.0488592
0.0217343
0.077522
0.0389629
0.0539077
0.0570951
0.0331207
0.0469747
0.0585718
0.0330272
0.0422142
0.0280115
0.0322247
0.0539333
0.0300506
0.0442648
0.0508436
0.0188701
0.0649158
0.0325644
0.0490686
0.0495814
0.0279732
0.0326746
0.0387667
0.0390741
0.0174557
0.039272
0.0534197
0.0423651
0.0299007
0.0165654
0.0260354
0.0383783
0.0269742
0.0323158
0.02306
0.0251069
0.0309801
0.0192042
0.0273854
0.0242761
0.0231765
0.0277744
0.0259261
0.0296083
0.0277115
0.0254582
0.0274139
0.0236951
0.023033
0.0173128
0.0254478
0.0134306
0.0107771
0.0184294
0.0189875
0.0220299
0.0201834
0.0245371
0.0159506
0.0232579
0.0166203
0.0183761
0.0106009
0.01108
0.0249548
0.0212321
0.0158726
0.0282458
0.0157185
0.0201889
0.011184
0.0168216
0.0145472
0.0207558
0.0240825
0.0212232
0.0209844
0.0202636
0.0203486
0.0152621
0.0223647
0.0162564
0.0171651
0.0154842
0.0223271
0.0272556
0.0223047
0.022427
0.024742
0.021332
0.0124423
0.0113819
0.0211149
0.0119364
0.0171377
0.0205408
0.0267919
0.0201784
0.0215136
0.0206251
0.0158755
0.01325
0.0215993
0.0172697
0.0276125
0.0275182
0.018404
0.0252062
0.0222278
0.0210165
0.0147396
0.0158595
0.0209677
0.0279969
0.023569
0.0174228
0.0162576
0.0138114
0.0180185
0.0185758
0.017014
0.0104663
0.0122673
0.0165918
0.022768
0.021639
0.0104534
0.0147713
0.0167374
0.0156268
0.0225547
0.0168262
0.0200456
0.0202212
0.0173343
0.0164539
0.0233056
0.0305783
0.026444
0.027084
0.0242021
0.0197064
0.0192233
0.0197101
0.0229111
0.0217215
0.0244019
0.0328039
0.0253039
0.0270703
0.0209047
0.0257201
0.0258665
0.0175579
0.0267359
0.0313209
0.021447
0.0359132
0.0330412
0.0217317
0.030058
0.0283104
0.0169
0.023023
0.0338018
0.0178979
0.0339675
0.0130486
0.0250473
0.0288057
0.024528
0.0294886
0.0202686
0.0223102
0.0240219
0.0243322
0.0252016
0.0273907
0.0350519
0.0364697
0.0299563
0.0326766
0.0193491
0.0333177
0.0209195
0.0243516
0.0273552
0.0293324
0.0267317
0.0287645
0.0342468
0.0432492
0.0338664
0.026854
0.0286627
0.0179369
0.0295348
0.0183203
0.0216788
0.0310795
0.0324549
0.0289396
0.0350065
0.0366089
0.0449897
0.0459124
0.0312127
0.0357666
0.0222331
0.0249006
0.0266237
0.0405236
0.0209434
0.0225343
0.0284561
0.0360924
0.0362357
0.0457283
0.0267014
0.0290843
0.0348608
0.0225532
0.0365542
0.0398019
0.0330619
0.0205843
0.0157721
0.0264351
0.0146675
0.0198309
0.0389974
0.0507435
0.028004
0.029722
0.0228641
0.0411304
0.0305381
0.0289414
0.038468
0.0368886
0.0105879
0.0381038
0.0197606
0.027284
0.0264875
0.0143846
0.0265612
0.0278354
0.0246613
0.0192636
0.0282413
0.0269355
0.0304372
0.0139247
0.0157979
0.0216406
0.028554
0.0294824
0.0173068
0.0295712
0.0171423
0.0102797
0.029495
0.0184664
0.0186721
0.00947702
0.022514
0.0315119
0.0132075
0.0182006
0.0222167
0.0155149
0.0173307
0.0168411
0.0155077
0.0157685
0.0257959
0.0127067
0.0276439
0.0143547
0.0244122
0.0218662
0.013493
0.0290229
0.0177215
0.0166385
0.0178938
0.0151909
0.0144923
0.0208116
0.00347967
0.0195328
0.0238904
0.0259301
0.0106593
0.00591598
0.0236159
0.0207474
0.0258813
0.0172762
0.0213042
0.0253731
0.0151379
0.0299759
0.0134479
0.0144579
0.0230261
0.0140336
0.0183993
0.0224615
0.0231181
0.0187829
0.0249753
0.0182241
0.0233503
0.0253744
0.0214982
0.0185347
0.0331452
0.0169606
0.0208762
0.0267693
0.0286999
0.0172794
0.0310868
0.0222793
0.0234998
0.0215168
0.0182289
0.0114642
0.0185752
0.0237101
0.0174549
0.0222477
0.00936301
0.0165826
0.0165912
0.0169779
0.0185061
0.0178467
0.0218435
0.0169273
0.0156043
0.0107398
0.019897
0.0127541
0.014138
0.0174265
0.0162874
0.0171578
0.0118395
0.0187262
0.0189504
0.0131532
0.0225474
0.0269929
0.0147296
0.0268581
0.0175702
0.023341
0.0336743
0.0223936
0.0288082
0.0234304
0.0227516
0.024744
0.0253611
0.0208879
0.0198765
0.0254559
0.0181715
0.0238446
0.0208521
0.0180711
0.0273501
0.0242212
0.0274256
0.0191221
0.0316583
0.0253665
0.0210567
0.0350136
0.0405511
0.0458533
0.0541412
0.0923302
0.160775
0.383896
0.571933
0.669517
0.691317
0.653546
0.523376
0.297816
0.123053
0.0703757
0.048529
0.0353566
0.0268648
0.0341513
0.0307851
0.0262938
0.0269835
0.0227243
0.0235464
0.0247398
0.0199363
0.0227475
0.0180587
0.0197522
0.0202279
0.027218
0.0242705
0.024524
0.0248905
0.0233716
0.0298151
0.027145
0.0195644
0.0277234
0.0197323
0.0286824
0.0290213
0.0295212
0.0321869
0.0345073
0.0247068
0.0379354
0.0314231
0.0334211
0.033588
0.0344912
0.0338939
0.0276621
0.0367051
0.026787
0.0258508
0.0278308
0.026157
0.0275514
0.0222489
0.0293112
0.0275141
0.0308097
0.0250744
0.0246732
0.0244389
0.0245948
0.0236834
0.0246122
0.0259785
0.0325365
0.0127424
0.0291513
0.0293292
0.0197741
0.0326076
0.0211551
0.0303329
0.0307918
0.02214
0.0272399
0.0198902
0.0199354
0.0250956
0.02707
0.0294481
0.0298813
0.0286225
0.0202841
0.0365238
0.0182873
0.0289787
0.018404
0.0260509
0.0260796
0.0244499
0.0181181
0.0269075
0.0283716
0.0279783
0.0244962
0.0295965
0.0322502
0.0256192
0.0217719
0.0221686
0.0293761
0.0297254
0.0322073
0.0230277
0.0247787
0.0317466
0.0333005
0.03323
0.0350518
0.019716
0.0206505
0.0280305
0.0394081
0.0431035
0.0137402
0.0328072
0.0133748
0.0460899
0.0206655
0.020866
0.0253685
0.0294858
0.018021
0.0260096
0.020278
0.0284147
0.0323097
0.0266786
0.0200269
0.0266593
0.0168
0.0236072
0.0156896
0.0326035
0.0304296
0.0218703
0.0217753
0.0246995
0.0270458
0.0112744
0.0321423
0.0384236
0.0335106
0.0297568
0.0111907
0.0149839
0.00797081
0.0356216
0.0274127
0.042184
0.0354383
0.0438151
0.00929967
0.0269953
0.0200013
0.0328401
0
0.0356678
0.00995127
0.00733886
0.0360176
0.0552028
0.0498176
0.0294945
0.0293695
0.0689983
0.0293274
0.0151603
0.0382409
0.0216893
0.043211
0.0358618
0.0515377
0.0684335
0.0411277
0.0703399
0.0611797
0.037869
0.0493393
0.0305455
0.0675646
0.00734879
0.0451706
0.0353793
0.0437584
0.019959
0.0544635
0.033992
0.0386145
0.0258997
0.0511415
0.0199126
0.0174386
0.03831
0.0479294
0.0406549
0.0425577
0.00859212
0.0183405
0.0185852
0.0115494
0.0229116
0.0178719
0.0271647
0.0276147
0.0298919
0.0468129
0.0279015
0.0147395
0.0199747
0.0350723
0.0488179
0.0310449
0.0296068
0.0261066
0.0344595
0.0317715
0.0208284
0.0234803
0.0552323
0.0561435
0.050907
0.065383
0.0771204
0.0575891
0.0304139
0.0192211
0.0533692
0.0272504
0.0390261
0.00821853
0.0380815
0.0202627
0.0423817
0.0459278
0.0450939
0.0304676
0.0269309
0.0309191
0.0382819
0.0326737
0.0391305
0.0356529
0.0510017
0.0536322
0.0327789
0.0419038
0.0459779
0.0437315
0.0330403
0.0523639
0.0600219
0.0642726
0.0677163
0.0628581
0.0719959
0.0761107
0.0931614
0.0811331
0.0828922
0.0738855
0.0594603
0.0354197
0.0169385
0.0300904
0.0459388
0.0383168
0.0191946
0.0127065
0.0350287
0.0184771
0.00972176
0.0150515
0.0461754
0.0104197
0.0365357
0.0378552
0.00980514
0.022111
0.0287603
0.0308421
0.0354728
0.0178464
0.0290389
0.0261249
0.013578
0.00762558
0.0158743
0.0222011
0.0182162
0.0270501
0.0137387
0.023261
0.0179456
0.0216117
0.0155877
0.0160453
0.025397
0.00934498
0.0164384
0.0261625
0.0197709
0.0079562
0.0238925
0.0269923
0.024721
0.0151632
0.0137968
0.0200189
0.0145408
0.00966279
0.0245959
0.0259497
0.0321652
0.0303202
0.0301147
0.0280875
0.0308503
0.0223255
0.0291747
0.0317171
0.0268435
0.0251934
0.0290351
0.0164657
0.0343335
0.025433
0.0344626
0.0287736
0.0346875
0.0226358
0.0331753
0.0270349
0.0252118
0.0282822
0.0368348
0.0288683
0.0287639
0.0220913
0.0338506
0.036206
0.033309
0.0365698
0.0298936
0.0292734
0.0226294
0.0259182
0.0247834
0.0237065
0.0266124
0.023237
0.0280362
0.0306366
0.030749
0.023567
0.017915
0.0210136
0.0268517
0.0295954
0.0372398
0.0302676
0.0325055
0.0304954
0.0283979
0.0330716
0.0448782
0.0484768
0.0365865
0.0475871
0.0568081
0.05431
0.0556895
0.0659368
0.0638803
0.0709259
0.0633423
0.06435
0.0447961
0.0442201
0.0312502
0.0341295
0.0261743
0.0282482
0.0343332
0.0192063
0.02654
0.0334274
0.0243317
0.0271265
0.0250571
0.020247
0.0247156
0.0262726
0.0220703
0.0267527
0.0299567
0.0288109
0.0339402
0.0277354
0.0243338
0.0350196
0.0322472
0.0328871
0.036452
0.0347056
0.0416642
0.0412323
0.0483542
0.0499531
0.0485025
0.0583273
0.0621963
0.0709361
0.0747785
0.0625718
0.0684014
0.0607899
0.0571788
0.0504413
0.0540296
0.0505233
0.0448844
0.0303857
0.0399124
0.0484641
0.0445828
0.0311509
0.0395861
0.0411887
0.0279263
0.040167
0.04651
0.0298298
0.0369037
0.0411772
0.0322378
0.0282682
0.0341201
0.0414129
0.0455269
0.0401686
0.045557
0.0414905
0.0341364
0.0405275
0.0387569
0.046576
0.0419481
0.0535399
0.0439433
0.05144
0.0498307
0.0564606
0.0623601
0.0692277
0.0653046
0.06933
0.0635028
0.0649021
0.0606615
0.0613707
0.0486279
0.0475406
0.0349808
0.0312605
0.0360872
0.0309574
0.0327962
0.023491
0.0269643
0.0310825
0.0348295
0.0363314
0.0359076
0.0372514
0.0294404
0.037446
0.023668
0.0233533
0.0269831
0.0202901
0.0311338
0.0314922
0.029242
0.0390228
0.0236508
0.0255079
0.0311968
0.0216427
0.0175094
0.0194671
0.0183818
0.0206787
0.0216634
0.0137715
0.021433
0.0219151
0.0264195
0.0260588
0.0179312
0.0255691
0.0319666
0.0210018
0.0165579
0.0186239
0.0250344
0.0273618
0.0271529
0.0260369
0.0235502
0.0237019
0.0199543
0.0164754
0.01561
0.0163451
0.0130471
0.0163882
0.0133532
0.0185862
0.0140557
0.00603132
0.0197534
0.0155092
0.0223158
0.0222583
0.0412125
0.0364194
0.0368022
0.0432568
0.0462044
0.0570104
0.0432511
0.0593034
0.0543384
0.0534592
0.0657922
0.0509814
0.0635169
0.057898
0.0630333
0.0726216
0.0699185
0.0624085
0.0699604
0.0544787
0.0540575
0.0818196
0.0549031
0.0510674
0.0655438
0.0642025
0.0504694
0.0680911
0.0729126
0.0634196
0.0769689
0.0766561
0.053465
0.0594929
0.0521134
0.0666697
0.0521582
0.0763006
0.035872
0.0528389
0.0549467
0.0598767
0.0508514
0.0586408
0.0568356
0.0930759
0.0670718
0.0775492
0.0779008
0.0902718
0.0963447
0.085201
0.0861708
0.092366
0.0827548
0.0824972
0.0774984
0.0794611
0.0780696
0.0711121
0.0597405
0.0680596
0.0431419
0.0665229
0.0717856
0.0386073
0.0317223
0.0437119
0.0613005
0.0511512
0.0749111
0.091536
0.0702527
0.0543642
0.0563618
0.0813351
0.0426347
0.0683766
0.0635634
0.0589072
0.0734376
0.0618687
0.0893758
0.0876022
0.0679089
0.0844755
0.076135
0.0963648
0.10609
0.0880386
0.0811576
0.0752112
0.0878941
0.111822
0.0990562
0.106753
0.105429
0.0919207
0.096988
0.111406
0.0841102
0.106158
0.107273
0.09817
0.0921497
0.0995826
0.100678
0.0958332
0.0886032
0.0853369
0.100297
0.08166
0.0755991
0.0580276
0.0789979
0.0644929
0.0501297
0.0430796
0.0418637
0.0582313
0.0624629
0.0542022
0.0695225
0.081935
0.071051
0.0411286
0.0294342
0.0474847
0.0165898
0.0749109
0.073545
0.0440416
0.0357451
0.0427136
0.0681862
0.10036
0.0872208
0.0980176
0.0747905
0.0644543
0.0848335
0.0909704
0.0716316
0.11037
0.0841288
0.114508
0.0969116
0.0932658
0.098311
0.0982633
0.115878
0.115766
0.089186
0.125432
0.106901
0.123354
0.103654
0.1176
0.11407
0.110136
0.118025
0.0961938
0.116799
0.0922348
0.106615
0.111944
0.071504
0.0706301
0.0758827
0.0657118
0.0548955
0.084583
0.0995959
0.0440987
0.0611898
0.0633477
0.042706
0.064178
0.117514
0.0922513
0.0835879
0.104788
0.0726233
0.0755802
0.0667876
0.0772674
0.093882
0.0967004
0.0900591
0.0978583
0.0652334
0.0923419
0.0477047
0.0750424
0.0707778
0.106131
0.0857128
0.0660844
0.0282036
0.0780259
0.0647543
0.0828433
0.0581762
0.106591
0.0899353
0.0610678
0.0177569
0.0483235
0.0891371
0.0914163
0.0658695
0.132378
0.114325
0.0869366
0.124228
0.0879984
0.0417863
0.071508
0.109599
0.102093
0.0849071
0.109418
0.0731685
0.0641387
0.114353
0.090968
0.0586323
0.0825453
0.0914081
0.0863939
0.102832
0.0985708
0.0849226
0.102037
0.110141
0.0845944
0.0853913
0.085507
0.0827314
0.0938304
0.0289169
0.113085
0.132788
0.0523507
0.0605785
0.0315927
0.0394611
0.0917136
0.066512
0.0464858
0.0724175
0.0310994
0.0832529
0.0725147
0.0531573
0.0788606
0.0293043
0.0794861
0.119614
0.070099
0.0519393
0.0737873
0.0383608
0.0915138
0.0532039
0.101353
0.084315
0.0834556
0.0949855
0.0929571
0.0871295
0.0752517
0.0846803
0.0860416
0.0788913
0.0707711
0.0884484
0.111177
0.110814
0.0944205
0.0725529
0.121706
0.0534376
0.107611
0.054131
0.122195
0.118418
0.117434
0.0903624
0.088709
0.0939779
0.0750045
0.102966
0.126617
0.0806615
0.122268
0.090938
0.0641336
0.0884175
0.0745476
0.02681
0.0556288
0.0798349
0.0400116
0.0766686
0.0323885
0.0455288
0.033343
