0.109934
0.120762
0.117053
0.115227
0.110893
0.111738
0.124931
0.120112
0.127257
0.112231
0.127383
0.13069
0.130066
0.129949
0.124649
0.12702
0.128766
0.130335
0.128328
0.123492
0.120942
0.124039
0.125769
0.125633
0.126487
0.13187
0.138257
0.134568
0.137527
0.140628
0.139216
0.142234
0.139399
0.138845
0.139709
0.137818
0.133536
0.131454
0.133713
0.124051
0.132192
0.129499
0.125742
0.133549
0.134552
0.137185
0.138094
0.136371
0.141271
0.145767
0.144174
0.143275
0.150197
0.151056
0.151466
0.150302
0.140813
0.139196
0.131873
0.13315
0.120701
0.115344
0.110296
0.108824
0.105597
0.0963136
0.105973
0.0936201
0.0986154
0.113878
0.107005
0.121806
0.111912
0.115815
0.119325
0.115072
0.118993
0.116376
0.110578
0.10982
0.105897
0.107526
0.104337
0.108411
0.114647
0.117653
0.121404
0.121358
0.120442
0.125001
0.124228
0.128814
0.123328
0.123839
0.127076
0.12808
0.119357
0.125454
0.124902
0.130525
0.132906
0.129079
0.130535
0.131388
0.129259
0.131818
0.129482
0.132929
0.130143
0.137153
0.133416
0.135997
0.13325
0.131016
0.1286
0.129081
0.119407
0.115892
0.126666
0.109887
0.11525
0.110129
0.120988
0.116166
0.127685
0.126402
0.131661
0.132262
0.132225
0.134864
0.138012
0.13828
0.139142
0.146258
0.14625
0.144295
0.136906
0.136203
0.133308
0.125264
0.121384
0.118536
0.111718
0.113835
0.11861
0.107766
0.110314
0.121822
0.131243
0.121802
0.131107
0.124556
0.13254
0.131499
0.136637
0.13506
0.140016
0.140282
0.137536
0.141063
0.140374
0.140429
0.136228
0.132387
0.125624
0.124474
0.118386
0.116296
0.115999
0.114288
0.121025
0.122416
0.122044
0.126691
0.121152
0.120445
0.115687
0.118513
0.117602
0.116641
0.116353
0.115093
0.0994365
0.112557
0.108543
0.113755
0.11414
0.116609
0.114262
0.118054
0.124239
0.127163
0.120278
0.124187
0.123962
0.121524
0.12054
0.111344
0.115533
0.104052
0.102754
0.0910893
0.0895423
0.0866593
0.0935246
0.102964
0.0980308
0.112436
0.103497
0.10543
0.119642
0.120561
0.118178
0.124132
0.124295
0.122152
0.131871
0.127394
0.127085
0.128756
0.126537
0.119566
0.118042
0.109837
0.100325
0.093633
0.102067
0.0944889
0.10737
0.0970939
0.105648
0.110211
0.103619
0.119243
0.110523
0.116935
0.114856
0.115215
0.124425
0.117083
0.122502
0.128476
0.134336
0.127551
0.135248
0.133052
0.132013
0.131057
0.132993
0.128947
0.131128
0.129493
0.120977
0.119787
0.121912
0.111603
0.0999096
0.0880718
0.0928293
0.0886709
0.0995527
0.0840351
0.0968693
0.100641
0.0921539
0.101458
0.110779
0.107415
0.107871
0.118201
0.109562
0.111974
0.118243
0.126786
0.127831
0.132516
0.128109
0.137229
0.130483
0.1345
0.132031
0.135301
0.130596
0.133728
0.118946
0.109557
0.106672
0.1121
0.101488
0.0969207
0.0888142
0.0939011
0.0778732
0.0890993
0.0835109
0.0921788
0.0876036
0.0848151
0.0959674
0.0990033
0.105791
0.102445
0.113945
0.111997
0.113265
0.115136
0.121642
0.117352
0.116971
0.117702
0.124461
0.115651
0.114049
0.0827217
0.0884825
0.0964305
0.0839408
0.0807733
0.0704177
0.0859211
0.0976463
0.0573109
0.0888078
0.0813172
0.090157
0.0817589
0.0889418
0.0895819
0.0953416
0.0964666
0.108981
0.101151
0.0989225
0.114561
0.112003
0.117873
0.128038
0.119107
0.122621
0.122991
0.120677
0.117435
0.107609
0.109258
0.103562
0.0931342
0.0725095
0.0734849
0.0671004
0.0820717
0.063902
0.0714936
0.0787257
0.0738512
0.075157
0.07537
0.0729389
0.0809016
0.0875332
0.0834112
0.0897502
0.104114
0.074284
0.0921036
0.10039
0.109487
0.106859
0.108697
0.120518
0.11999
0.114249
0.124482
0.12325
0.124555
0.11586
0.117684
0.121818
0.117255
0.0948246
0.0927373
0.102724
0.080929
0.0804136
0.0887323
0.0829315
0.0847259
0.0740319
0.0864014
0.0864508
0.076115
0.109175
0.0830146
0.086081
0.0765717
0.0970174
0.104266
0.0919472
0.108105
0.10245
0.1095
0.10002
0.109313
0.114644
0.124699
0.123324
0.115858
0.114642
0.113964
0.116526
0.125007
0.118867
0.121987
0.122153
0.112385
0.112235
0.108897
0.103027
0.0992299
0.0811608
0.0869681
0.0825684
0.0838003
0.0848559
0.106204
0.087594
0.0857018
0.10728
0.108043
0.106168
0.110957
0.109408
0.104999
0.11275
0.115483
0.120376
0.122559
0.121532
0.114558
0.107904
0.106651
0.0982969
0.0873931
0.0878117
0.0685698
0.0682601
0.0783124
0.0799322
0.0779621
0.0920875
0.0741976
0.0787755
0.0673622
0.0691144
0.073472
0.0830417
0.0963532
0.0802067
0.0831379
0.0776505
0.0860641
0.0858008
0.0943466
0.0989734
0.0979553
0.0871884
0.110962
0.0926058
0.0957965
0.0842327
0.0945691
0.0988055
0.108973
0.122195
0.118799
0.11023
0.114144
0.112205
0.107192
0.0944148
0.0838113
0.0781786
0.0640096
0.0717406
0.0784998
0.0667391
0.0821947
0.0707612
0.0822578
0.0815654
0.0926434
0.101122
0.178813
0.197192
0.246227
0.315256
0.350354
0.40729
0.365747
0.327166
0.266059
0.205372
0.117468
0.0886492
0.0892912
0.0867026
0.0865958
0.0819591
0.0910345
0.0983956
0.101664
0.0804618
0.100661
0.0917466
0.0926138
0.0893227
0.104087
0.0953775
0.108231
0.100812
0.106797
0.0998653
0.100042
0.0901267
0.0792201
0.0807375
0.0934336
0.079964
0.080567
0.0870182
0.07032
0.0736477
0.0729353
0.0866084
0.0897914
0.0970908
0.098569
0.0947765
0.099546
0.0972932
0.10186
0.111644
0.100947
0.113121
0.105477
0.113033
0.106233
0.0996505
0.0793547
0.0744671
0.0895494
0.0790132
0.0763809
0.0894044
0.0603041
0.0974614
0.0735157
0.0582864
0.0808708
0.0665807
0.0832248
0.0842416
0.0855834
0.0885642
0.0533902
0.0694129
0.0763285
0.0749668
0.0866736
0.094517
0.0892408
0.102376
0.0713899
0.0791035
0.0942403
0.090961
0.080369
0.0796838
0.102031
0.0883519
0.0821131
0.0909544
0.103592
0.0871624
0.0863079
0.0942208
0.101269
0.0962669
0.0606481
0.081771
0.100169
0.0888549
0.0710606
0.0803255
0.0551022
0.0769714
0.0873649
0.0718448
0.0533118
0.041541
0.0603673
0.0807337
0.0665174
0.0879641
0.0782639
0.0871493
0.0738373
0.0710702
0.0745592
0.0674464
0.0968051
0.0745287
0.0915916
0.0687142
0.0913373
0.0879265
0.0727365
0.0725189
0.0663884
0.0872107
0.0748718
0.0758999
0.0620125
0.0578446
0.0703161
0.0632813
0.0766699
0.0724607
0.0919254
0.0853303
0.064576
0.0822476
0.0773281
0.0809731
0.0723586
0.0668502
0.0858302
0.0479336
0.079635
0.0550036
0.0697442
0.0687099
0.0711829
0.0939463
0.0741049
0.0641331
0.0758426
0.0733731
0.0749925
0.0703318
0.0729205
0.0768579
0.0833402
0.0676855
0.0573704
0.052154
0.0632567
0.0682214
0.0484277
0.0974632
0.0962378
0.0890091
0.069426
0.0841059
0.0593554
0.0823917
0.0612895
0.0906994
0.0859011
0.0672587
0.0768783
0.0716685
0.10535
0.0472218
0.0615628
0.0721927
0.078046
0.0770766
0.0558866
0.0636946
0.0672159
0.0561372
0.0684596
0.085122
0.102115
0.095574
0.089118
0.0817941
0.0770178
0.0823182
0.0850251
0.0825515
0.0828515
0.0697884
0.0960443
0.0676698
0.0543554
0.0586394
0.0809986
0.0512145
0.0880852
0.0626409
0.0661694
0.0585069
0.0568052
0.0620722
0.0606334
0.0563393
0.0480117
0.0631951
0.0498567
0.0519474
0.0497084
0.0716579
0.0590177
0.0278284
0.0647273
0.0711494
0.0346656
0.0523194
0.04157
0.0570456
0.0457881
0.0514225
0.0544185
0.0454319
0.0495042
0.0541168
0.0547714
0.0616899
0.0413364
0.0522131
0.0554298
0.0524579
0.0593442
0.0640388
0.0562257
0.0488153
0.062879
0.0611671
0.0587934
0.0715447
0.0593001
0.0588411
0.0602439
0.0723199
0.0533956
0.0681341
0.0578786
0.0520265
0.0574222
0.0630907
0.0393647
0.0522061
0.0583579
0.0622856
0.0545214
0.0450383
0.0683811
0.0591729
0.052118
0.048052
0.054153
0.0450666
0.0543467
0.0529799
0.0568817
0.0575082
0.0657783
0.0413932
0.0802452
0.0513818
0.054252
0.0677799
0.049504
0.0462782
0.0427095
0.0535992
0.0673565
0.070244
0.0605285
0.0513429
0.0639109
0.0490173
0.0525121
0.065295
0.0653709
0.0594246
0.0565498
0.0545422
0.0385726
0.058183
0.0569388
0.0644119
0.0784638
0.0519611
0.081701
0.0737697
0.057412
0.0685857
0.0563336
0.0821594
0.0566641
0.0600448
0.0553293
0.0565111
0.0584958
0.0516617
0.0663641
0.0636961
0.0708796
0.0753366
0.0531296
0.0638902
0.0748922
0.0655877
0.0846998
0.07422
0.0560564
0.0698083
0.0610023
0.0623982
0.061162
0.0553706
0.0699676
0.0808774
0.0589419
0.0445273
0.0249528
0.0801538
0.0530049
0.0737636
0.0854047
0.0360316
0.0587151
0.0746838
0.0648488
0.0520127
0.0495525
0.0638347
0.0785611
0.0630005
0.0625226
0.0460994
0.073794
0.0580588
0.0616673
0.0563187
0.07054
0.0477226
0.0640125
0.0512216
0.0485702
0.0540129
0.0484432
0.0666057
0.0598388
0.0444261
0.0442998
0.0624353
0.0605964
0.0521664
0.0559033
0.0521704
0.050111
0.0574837
0.0473358
0.0495604
0.0543633
0.0479553
0.0526372
0.0576533
0.0498976
0.0552577
0.0519948
0.060815
0.052125
0.0527815
0.0488996
0.051405
0.0409031
0.0436491
0.054328
0.0531537
0.0526559
0.0480375
0.0459069
0.0500619
0.0514532
0.0367469
0.0521954
0.0490978
0.0417993
0.0509183
0.0527678
0.0495942
0.0476171
0.0453856
0.0474446
0.044656
0.0431839
0.0406779
0.0506258
0.0455448
0.0472592
0.0529766
0.048848
0.0487857
0.0379227
0.0464277
0.0483353
0.0459246
0.0371772
0.0480439
0.0550424
0.0500382
0.0493225
0.0517664
0.046369
0.0468864
0.0491359
0.0425584
0.0537059
0.0489192
0.0508055
0.0537147
0.0456885
0.0533637
0.0449439
0.0450191
0.0451847
0.0478034
0.0458774
0.0488309
0.0570526
0.0517789
0.0514435
0.0473199
0.0468074
0.0512868
0.0508289
0.0493461
0.0506398
0.0546547
0.0531879
0.0480491
0.0436577
0.042831
0.0509151
0.0487115
0.0392059
0.0470866
0.0438901
0.0493855
0.0520988
0.041476
0.0487296
0.0483194
0.0468519
0.0468169
0.0484099
0.0467662
0.051039
0.0528963
0.0490469
0.050346
0.0404395
0.0525728
0.0407975
0.051403
0.0465045
0.0582691
0.0503051
0.0507473
0.0475889
0.0492074
0.0562414
0.0516976
0.0534911
0.0541607
0.0521576
0.0530127
0.0395791
0.0507915
0.0567883
0.0462152
0.0580493
0.0538811
0.0597336
0.0494269
0.0446064
0.0574647
0.0483026
0.0533507
0.0547995
0.0518022
0.0527252
0.0515786
0.0521995
0.0497231
0.0515706
0.0508605
0.0481212
0.0509673
0.0429861
0.0634717
0.0587311
0.0584085
0.0536027
0.0454793
0.0451355
0.04022
0.0594402
0.0534881
0.04716
0.0523662
0.0566663
0.0664802
0.0524431
0.0539585
0.0644853
0.064502
0.0529865
0.0565349
0.0403443
0.052665
0.0410332
0.045958
0.0612564
0.060727
0.0555447
0.0709776
0.0552728
0.0478899
0.0544074
0.056394
0.0629825
0.0318471
0.0436476
0.0564802
0.0590334
0.0574106
0.0602129
0.0561168
0.0594069
0.0681753
0.0789001
0.0521255
0.0526962
0.054927
0.0496852
0.0586311
0.0736722
0.0456586
0.067043
0.0634435
0.0543677
0.0455519
0.0372414
0.0520899
0.0641447
0.0568833
0.0614576
0.0450663
0.0556537
0.0537839
0.0554053
0.0497522
0.0454752
0.0370369
0.0591997
0.0480523
0.0524719
0.0518865
0.0413837
0.0449411
0.0517524
0.0485067
0.052825
0.054717
0.0445092
0.0457174
0.0339144
0.0547781
0.0498547
0.0478745
0.0514073
0.0445745
0.0511654
0.051126
0.0591181
0.0454842
0.0370056
0.0521136
0.0491841
0.0578761
0.0519356
0.0360687
0.030636
0.0509431
0.0480475
0.0341787
0.0443603
0.0469351
0.0476294
0.0452781
0.0426945
0.0538232
0.0474303
0.0480109
0.0462605
0.0409604
0.0507275
0.0450335
0.0422755
0.04705
0.0413124
0.045273
0.040454
0.043457
0.0406008
0.0539084
0.0482345
0.0393806
0.0437451
0.0376394
0.0586255
0.0586816
0.0501863
0.0576053
0.051906
0.0443476
0.0566933
0.0452607
0.0444228
0.053291
0.0432719
0.0525844
0.0563075
0.0496799
0.0536349
0.0482598
0.0484725
0.0449473
0.0545399
0.0476233
0.0412722
0.0499208
0.0423655
0.0482782
0.0514148
0.049922
0.0432794
0.0522994
0.042644
0.052144
0.044496
0.0418398
0.0430323
0.0510512
0.0506282
0.0476673
0.051208
0.0383012
0.0493693
0.0516916
0.0544951
0.0525935
0.0416873
0.0527477
0.0473871
0.0394296
0.0431966
0.0470505
0.0442126
0.0473212
0.0498574
0.0413011
0.0480717
0.0442246
0.0478679
0.0456175
0.048325
0.051358
0.0502484
0.0459577
0.0527693
0.0401437
0.0431517
0.0572173
0.0485533
0.0482117
0.0468771
0.0504902
0.0500956
0.0481042
0.0537029
0.0537608
0.050183
0.0473798
0.0451671
0.0543005
0.0476663
0.0508291
0.0521988
0.0502059
0.0483413
0.0567013
0.0618114
0.0570832
0.0610134
0.0645556
0.0725802
0.0775465
0.0996816
0.161667
0.335967
0.495289
0.577344
0.595517
0.557535
0.460001
0.269176
0.127902
0.0878032
0.066734
0.0604819
0.0513745
0.0583806
0.0597264
0.0510078
0.0522999
0.0518559
0.0521356
0.0544252
0.0536319
0.0484602
0.054859
0.0535698
0.051194
0.0528278
0.0467654
0.054633
0.0521113
0.0489584
0.0555355
0.0544676
0.0488933
0.0521555
0.0510131
0.0519129
0.0578975
0.0643899
0.0526832
0.061734
0.0541581
0.0559166
0.0544699
0.0622229
0.0626639
0.0492798
0.0557612
0.0558726
0.062113
0.0591697
0.0563134
0.0527759
0.0548444
0.0535971
0.0519665
0.0614712
0.0550196
0.0594411
0.0534007
0.0468465
0.048906
0.0564978
0.0582369
0.0532276
0.0519796
0.0495913
0.042985
0.0528586
0.0481594
0.0479536
0.0511531
0.0534291
0.0526456
0.0492457
0.0575528
0.0462973
0.0532483
0.0557317
0.0497136
0.0581459
0.0541504
0.0575578
0.0582822
0.0514715
0.0555018
0.0481844
0.0591188
0.0486357
0.0505216
0.0574218
0.0457353
0.0466147
0.0499286
0.05636
0.0528663
0.045056
0.0486726
0.0551976
0.0508736
0.0503442
0.0445583
0.047911
0.0544678
0.0478392
0.0418846
0.0504369
0.0643484
0.0537125
0.054194
0.058241
0.0301946
0.0643939
0.0537911
0.0784947
0.0474459
0.0397299
0.0538283
0.0433021
0.0476343
0.0529154
0.0539567
0.0516823
0.057109
0.0501344
0.0675998
0.04139
0.0470777
0.0534783
0.0668426
0.0398622
0.0566567
0.0522455
0.0473294
0.0506036
0.0563943
0.0523715
0.0466879
0.0396027
0.0443085
0.0523062
0.0456451
0.0652395
0.0645325
0.0411914
0.0439302
0.0346474
0.0391016
0.0130245
0.039923
0.0350212
0.0527378
0.0543075
0.0620295
0.0151962
0.0448256
0.0464634
0.0659807
0.027527
0.079605
0.0502726
0.0371151
0.0396792
0.0769039
0.0398811
0.0206779
0.0248064
0.0765072
0.056991
0.0405514
0.0603751
0.0298448
0.0425259
0.0520827
0.0547045
0.0502853
0.0732993
0.079576
0.0606281
0.0466106
0.0620141
0.0387813
0.0744104
0.02987
0.0384993
0.0607607
0.0437361
0.0397853
0.0563116
0.0582491
0.0557901
0.0436516
0.0733969
0.0556387
0.0462142
0.0521808
0.0565278
0.0639168
0.0379153
0.0315692
0.059138
0.0506127
0.0288784
0.0359477
0.0316488
0.0461232
0.0319865
0.0343307
0.0864666
0.0621891
0.0511432
0.0450967
0.0416969
0.0654547
0.047178
0.0641162
0.0444028
0.0430235
0.0414161
0.0349837
0.053327
0.104238
0.0477577
0.059433
0.0728322
0.0850791
0.0659407
0.0593918
0.0596487
0.0839759
0.0383642
0.0464463
0.0309687
0.0461484
0.025119
0.0524304
0.056567
0.0402498
0.03956
0.051406
0.055187
0.0502178
0.0450838
0.050637
0.0488009
0.0620966
0.0569142
0.0599839
0.064503
0.0728568
0.066489
0.0603018
0.066671
0.0631599
0.0768092
0.0857804
0.0823242
0.0838923
0.0936534
0.105602
0.0962226
0.108881
0.0896977
0.087946
0.0621923
0.042752
0.0524699
0.072305
0.0576001
0.0318643
0.0556828
0.0549715
0.0585785
0.0430277
0.0438114
0.0440501
0.0409298
0.0474252
0.048919
0.0336349
0.0379025
0.03556
0.0472806
0.056161
0.0469853
0.0518996
0.0371874
0.0226993
0.0488723
0.0387774
0.047268
0.033378
0.043243
0.0415835
0.0576702
0.0428293
0.0532828
0.0384568
0.0437248
0.0555064
0.0439307
0.0547491
0.0471705
0.0417468
0.0513281
0.0543818
0.0496514
0.0505876
0.0556153
0.045828
0.0481665
0.0388557
0.0452342
0.0599988
0.056094
0.0603229
0.0575531
0.045837
0.0600094
0.057007
0.0411111
0.0453324
0.0426333
0.0484742
0.0483328
0.0601967
0.0546705
0.0479232
0.0505109
0.0672219
0.0546956
0.0607532
0.0667449
0.0499946
0.05219
0.0530147
0.058457
0.0524098
0.0620345
0.055144
0.0558571
0.0646419
0.066606
0.0618996
0.0629253
0.0552729
0.0591862
0.0491773
0.0485602
0.0535595
0.0560678
0.0487624
0.0469465
0.0509938
0.0544842
0.0535034
0.0487523
0.0480584
0.0550074
0.0515256
0.0545744
0.0565814
0.0602814
0.0596947
0.0584308
0.0539672
0.0647291
0.0772945
0.059945
0.0647126
0.082015
0.0908165
0.0723722
0.0859358
0.0816379
0.0868592
0.0927573
0.0944609
0.0871579
0.0715278
0.0651979
0.0538645
0.0604299
0.0524484
0.0489368
0.0568798
0.0524835
0.0544946
0.0690075
0.0490064
0.0563389
0.0551721
0.0486848
0.0533484
0.052338
0.0504875
0.0551316
0.0546741
0.0503836
0.0632096
0.0555096
0.0551363
0.0616276
0.0559333
0.0585658
0.059809
0.0620404
0.0740126
0.068649
0.0635819
0.0740051
0.0800174
0.0798022
0.0811076
0.0933056
0.0884099
0.0830114
0.0942284
0.0858538
0.0861293
0.0720971
0.0833234
0.0674961
0.0677399
0.0528352
0.0615547
0.0653469
0.0673961
0.0502897
0.0611397
0.064188
0.0618008
0.0585764
0.0649722
0.058661
0.0573079
0.0699264
0.0611166
0.0614026
0.0669061
0.0670599
0.0704473
0.061668
0.0691318
0.0688685
0.0626233
0.0637715
0.0699799
0.0715201
0.0737629
0.0755513
0.0658491
0.0727071
0.072363
0.0792993
0.0867386
0.0864894
0.0897489
0.0937704
0.0862837
0.0856008
0.0828252
0.0817814
0.0823319
0.0725242
0.0572458
0.0559283
0.0572511
0.0650096
0.0575797
0.0526871
0.0576731
0.0556576
0.0709117
0.0548596
0.0538962
0.0604591
0.0555415
0.0534514
0.0578638
0.0488212
0.0500825
0.0330296
0.0525234
0.0483363
0.0638027
0.0671377
0.0474056
0.0678823
0.0615685
0.0306042
0.0503046
0.0442185
0.0422718
0.0431812
0.045097
0.0485674
0.0497349
0.0524711
0.0499715
0.0554723
0.0447767
0.0507939
0.05534
0.0503595
0.0484004
0.0518773
0.047365
0.0521539
0.0558332
0.0526614
0.0532481
0.048698
0.041008
0.0417944
0.0397936
0.0502398
0.0486651
0.0420974
0.0354602
0.0506771
0.0501248
0.0308539
0.0458942
0.0473921
0.0545608
0.0553848
0.0686029
0.0731248
0.0719516
0.0826294
0.0843465
0.0837943
0.0835254
0.0993174
0.0874755
0.0918746
0.0884444
0.084621
0.0891177
0.0909283
0.0847182
0.0897513
0.0923803
0.0853523
0.0961007
0.0677905
0.0720678
0.0777903
0.0765224
0.0643794
0.0627804
0.0747754
0.0753608
0.0890773
0.0751449
0.0793092
0.0851749
0.0969017
0.0890795
0.0723828
0.0737649
0.0650646
0.0743337
0.0800491
0.0547075
0.0625034
0.0647392
0.092157
0.0649774
0.087349
0.0755438
0.0882534
0.0785905
0.0847829
0.0868661
0.0897196
0.109197
0.109957
0.0953906
0.110215
0.0890788
0.09557
0.0973278
0.0898683
0.0787389
0.0838713
0.0618169
0.0798782
0.0640757
0.0986115
0.0691098
0.0547461
0.0558727
0.0522964
0.0692473
0.0338107
0.0585024
0.0531906
0.0716882
0.0552114
0.0626243
0.0582565
0.0445158
0.0669576
0.0547031
0.0700951
0.091297
0.0687705
0.104183
0.0842584
0.096953
0.0861436
0.0870969
0.0918194
0.08861
0.102737
0.0875724
0.0876115
0.08945
0.118173
0.0950703
0.106495
0.10073
0.111083
0.0891864
0.117658
0.105741
0.105055
0.110954
0.107211
0.103632
0.10739
0.104968
0.102315
0.103158
0.0935179
0.0964263
0.0896008
0.0894595
0.0374898
0.0531054
0.0579296
0.0922216
0.0584097
0.0450424
0.0965509
0.026876
0.0655151
0.0506849
0.0592804
0.0447843
0.0381384
0.0256716
0.0424764
0.0508937
0.0496372
0.0818249
0.0523263
0.0646629
0.0463043
0.0677644
0.083693
0.0821651
0.0671436
0.0502324
0.0399737
0.0600519
0.118905
0.114407
0.0764212
0.102666
0.0792218
0.0903549
0.0948136
0.102637
0.125563
0.11477
0.10633
0.100637
0.120187
0.112039
0.101752
0.121756
0.122053
0.109876
0.117376
0.135657
0.0895264
0.10559
0.11215
0.110665
0.0890946
0.053782
0.0868844
0.050149
0.0122082
0.0776074
0.0857105
0.0577817
0.0579144
0.0556005
0.0499589
0.0166969
0.0559619
0.0762709
0.0704963
0.0703425
0.0930332
0.0544301
0.0673158
0.0454028
0.0879013
0.0806191
0.0902032
0.0907097
0.10271
0.0686164
0.0545668
0.0664286
0.0780966
0.0731903
0.0776681
0.067528
0.0692671
0.0436757
0.0665424
0.0459531
0.0760558
0.0366169
0.0466978
0.0511554
0.0660055
0.0253885
0.0361324
0.0621484
0.0934417
0.026591
0.109553
0.0971352
0.0798652
0.102004
0.0664872
0.0187247
0.0764111
0.0438631
0.0825994
0.0673976
0.0652392
0.0543635
0.0644701
0.0654584
0.0326597
0.0426542
0.101315
0.0745092
0.0836649
0.10649
0.0561172
0.079585
0.082734
0.060229
0.0640568
0.121675
0.0404147
0.0601637
0.0971607
0.0442124
0.0785965
0.0631706
0.0346546
0.00222827
0.00240819
0.080936
0.0234196
0.0480175
0.00305486
0.0398388
0.0281104
0.068284
0.0277234
0.0387234
0.0639313
0
0.0174898
0.0101215
0.0312137
0.0309277
0.0182543
0.00420631
0.0320031
0.0409127
0.12877
0.0368327
0.0755015
0.0533302
0.0806215
0.0685891
0.0700807
0.109511
0.105916
0.0556455
0.0596982
0.0695673
0.0894075
0.080097
0.0863117
0.0942664
0.109778
0.0407542
0.086873
0.0627776
0.0691672
0.0893182
0.0950682
0.0786838
0.0879678
0.0840372
0.0579223
0.0355161
0.0810203
0.0748985
0.117508
0.0791813
0.0959404
0.0786561
0.0737556
0.0432359
0.0374759
0.0508858
0.0880782
0.0820356
0.0768804
0.0655701
0.0787647
