0.196173
0.196924
0.203118
0.200739
0.209778
0.218612
0.208569
0.223616
0.224277
0.236542
0.237851
0.24307
0.250483
0.256204
0.264629
0.262282
0.276759
0.272623
0.28
0.27421
0.268101
0.272251
0.27709
0.277098
0.284877
0.297721
0.306385
0.315948
0.319435
0.324153
0.331302
0.337616
0.341347
0.349197
0.357294
0.361974
0.369864
0.37254
0.366717
0.357318
0.350799
0.330002
0.3371
0.345332
0.353729
0.373055
0.384269
0.393666
0.39645
0.39824
0.394534
0.355151
0.334621
0.332278
0.331803
0.332127
0.355367
0.433227
0.44031
0.424738
0.397203
0.345584
0.275454
0.257384
0.227567
0.212253
0.203596
0.197746
0.184078
0.180985
0.16627
0.16358
0.165365
0.158494
0.15317
0.153274
0.162846
0.165901
0.174051
0.172516
0.179428
0.179327
0.187702
0.188296
0.182638
0.181203
0.189109
0.190129
0.199974
0.205003
0.214005
0.227535
0.236659
0.250954
0.26939
0.292944
0.315195
0.340749
0.353144
0.361156
0.374216
0.373466
0.358736
0.337914
0.305279
0.274749
0.260543
0.251385
0.257306
0.260103
0.273246
0.273634
0.281647
0.283635
0.285914
0.290356
0.278373
0.27239
0.261884
0.25764
0.267473
0.262073
0.271841
0.283026
0.285419
0.292535
0.307684
0.312268
0.319344
0.323796
0.33153
0.333308
0.336441
0.334097
0.333029
0.334227
0.352877
0.369044
0.367791
0.356688
0.328497
0.311311
0.286308
0.29705
0.29736
0.298777
0.31014
0.320554
0.332886
0.354318
0.360192
0.369397
0.381808
0.391163
0.391135
0.402889
0.403603
0.409628
0.40918
0.411446
0.414647
0.422918
0.424172
0.416084
0.380028
0.324571
0.243725
0.188734
0.16877
0.158149
0.150375
0.150566
0.142979
0.148579
0.149058
0.15352
0.165748
0.167269
0.183457
0.184269
0.199442
0.20319
0.210412
0.203372
0.199555
0.195368
0.189606
0.180251
0.178134
0.176995
0.177945
0.175348
0.178718
0.184613
0.192269
0.19604
0.200532
0.203184
0.194035
0.183422
0.173272
0.159243
0.158661
0.161985
0.165302
0.161325
0.175503
0.178828
0.188759
0.198669
0.202337
0.207451
0.21191
0.222604
0.228766
0.23675
0.239928
0.243469
0.255776
0.260143
0.260576
0.264858
0.265494
0.249351
0.241886
0.21775
0.203991
0.198235
0.202512
0.215058
0.220085
0.213217
0.222313
0.227296
0.237426
0.25358
0.260291
0.276183
0.282764
0.291946
0.300151
0.321481
0.323088
0.330318
0.337988
0.345247
0.352756
0.355225
0.364135
0.371639
0.374047
0.37813
0.396853
0.39338
0.376341
0.36088
0.312332
0.266359
0.237093
0.243544
0.241835
0.231964
0.23985
0.232693
0.253886
0.256024
0.259367
0.271869
0.270051
0.284107
0.292429
0.29943
0.304435
0.316313
0.319687
0.331155
0.332171
0.334668
0.334908
0.328904
0.314117
0.292053
0.247943
0.210494
0.189657
0.177471
0.18202
0.187102
0.196068
0.199412
0.200396
0.22101
0.228335
0.23085
0.222112
0.240084
0.236641
0.221153
0.215258
0.213179
0.204139
0.199938
0.185213
0.189479
0.184723
0.178096
0.179485
0.187073
0.179482
0.197681
0.205041
0.199168
0.203819
0.194344
0.189621
0.191348
0.175339
0.169109
0.161679
0.182628
0.167826
0.172994
0.172855
0.180468
0.177451
0.172277
0.159671
0.175189
0.180169
0.178996
0.18905
0.201003
0.20371
0.211562
0.212929
0.218833
0.22384
0.227578
0.234829
0.240223
0.242583
0.250462
0.259437
0.257047
0.254621
0.229468
0.226381
0.226218
0.227149
0.219079
0.208965
0.192395
0.16821
0.188614
0.191576
0.20484
0.216936
0.195619
0.205307
0.206681
0.210641
0.227367
0.211255
0.21585
0.208948
0.230637
0.233411
0.235887
0.247389
0.262166
0.280904
0.290241
0.297356
0.304201
0.310308
0.307237
0.315997
0.295205
0.276511
0.250353
0.21276
0.194478
0.187599
0.170316
0.17061
0.165419
0.168721
0.183588
0.18524
0.197216
0.191818
0.197815
0.18319
0.191301
0.170136
0.185618
0.177496
0.179095
0.177159
0.169573
0.163093
0.175029
0.176558
0.187613
0.180977
0.181821
0.198454
0.208549
0.233918
0.253639
0.282581
0.312544
0.334507
0.341688
0.357062
0.336006
0.327886
0.310645
0.281
0.273184
0.257053
0.25673
0.267486
0.27238
0.261485
0.261621
0.261924
0.256588
0.259255
0.25507
0.259061
0.255946
0.264046
0.257045
0.253139
0.227079
0.217094
0.212287
0.207819
0.22609
0.230034
0.242155
0.226078
0.251674
0.22912
0.206352
0.208123
0.209958
0.220206
0.216087
0.21961
0.224551
0.212292
0.232737
0.227911
0.223421
0.231315
0.241443
0.211778
0.221673
0.230655
0.230578
0.221032
0.243413
0.238215
0.247612
0.247078
0.246198
0.24804
0.26706
0.259734
0.256247
0.264287
0.268026
0.271582
0.281413
0.301044
0.307771
0.33871
0.37148
0.401451
0.43683
0.439194
0.452202
0.433793
0.374497
0.360047
0.320131
0.26358
0.25284
0.253264
0.28837
0.332191
0.373447
0.457716
0.525531
0.592786
0.583361
0.551153
0.472529
0.363532
0.271192
0.212874
0.219193
0.198213
0.202376
0.208446
0.221327
0.212436
0.228202
0.229122
0.217322
0.223907
0.229159
0.217145
0.237895
0.225271
0.248471
0.251912
0.24958
0.250139
0.248566
0.237278
0.213978
0.196849
0.185418
0.183748
0.187646
0.18197
0.173243
0.182433
0.175381
0.163599
0.153025
0.155139
0.149295
0.151439
0.154666
0.154678
0.153325
0.15065
0.160634
0.168093
0.155088
0.176454
0.175662
0.18643
0.197988
0.173198
0.189875
0.202662
0.204738
0.194443
0.200148
0.197276
0.201221
0.186217
0.186068
0.190739
0.190296
0.164038
0.179523
0.192433
0.210568
0.22326
0.214265
0.225848
0.224639
0.239518
0.206412
0.198167
0.199135
0.186439
0.190216
0.174279
0.18506
0.185917
0.190596
0.191673
0.186177
0.203399
0.189085
0.188989
0.181681
0.200291
0.196747
0.205516
0.1987
0.224325
0.217072
0.213348
0.218944
0.191468
0.204652
0.177369
0.196764
0.160909
0.174716
0.147278
0.185659
0.164498
0.157817
0.16833
0.144532
0.157116
0.141202
0.129722
0.155468
0.147751
0.164349
0.160176
0.14233
0.151471
0.163308
0.157961
0.152327
0.145779
0.127854
0.127993
0.122802
0.122142
0.118316
0.11282
0.11656
0.121504
0.132991
0.13033
0.132827
0.145238
0.141481
0.15847
0.16278
0.170475
0.173857
0.199746
0.20932
0.209151
0.193
0.173098
0.149047
0.128805
0.108472
0.0814024
0.0942301
0.106613
0.125697
0.147552
0.141212
0.152247
0.168662
0.173873
0.180062
0.186849
0.171257
0.166888
0.167869
0.160488
0.172039
0.173519
0.161315
0.165039
0.186198
0.185649
0.217948
0.20218
0.210714
0.216411
0.209811
0.194612
0.214911
0.170338
0.186033
0.178347
0.196688
0.163089
0.186466
0.185747
0.187927
0.161319
0.19663
0.213736
0.197127
0.179229
0.185616
0.19829
0.185321
0.193986
0.177291
0.192872
0.16719
0.16123
0.141654
0.150652
0.142268
0.153977
0.125416
0.132929
0.118583
0.104349
0.123303
0.118193
0.101418
0.0943736
0.0925514
0.0897326
0.0821202
0.0796906
0.084601
0.0730226
0.0734072
0.072029
0.0676894
0.0844538
0.0734802
0.0808807
0.068242
0.0677978
0.0718888
0.069397
0.0709155
0.0659478
0.0595862
0.0631082
0.0663936
0.0598261
0.0607412
0.0592396
0.0589247
0.0696914
0.0634423
0.0635262
0.0668673
0.0727753
0.0692374
0.0652403
0.0810143
0.0672266
0.0754762
0.0825628
0.0798291
0.0788093
0.0871362
0.102025
0.0889831
0.0867783
0.0681749
0.0798536
0.0749973
0.0718982
0.0649105
0.0546505
0.0522968
0.0670198
0.0479538
0.052308
0.0650435
0.0481233
0.0586683
0.0567891
0.0607649
0.0717385
0.069839
0.0670477
0.0660654
0.0709694
0.0672994
0.0526641
0.0652664
0.062712
0.0553052
0.0522872
0.0565738
0.0633891
0.0623521
0.0661855
0.0695517
0.0886951
0.093325
0.109173
0.124398
0.126439
0.114417
0.122478
0.117978
0.12139
0.115764
0.123481
0.135334
0.127242
0.133585
0.128092
0.160241
0.139948
0.140552
0.126739
0.137694
0.153856
0.140119
0.175108
0.194518
0.196247
0.19026
0.213007
0.185861
0.216979
0.230819
0.253855
0.258459
0.264089
0.260695
0.238898
0.245497
0.198338
0.164276
0.14252
0.172036
0.135648
0.15145
0.14617
0.182754
0.166692
0.187036
0.188101
0.164256
0.179608
0.205713
0.204154
0.195534
0.226081
0.183566
0.188726
0.192415
0.185169
0.180683
0.192751
0.205022
0.247775
0.251214
0.243997
0.253367
0.255162
0.230426
0.199743
0.198886
0.202138
0.180134
0.198084
0.173645
0.156569
0.131747
0.129142
0.114005
0.0973463
0.0766215
0.0689801
0.0653932
0.0462631
0.0394606
0.0245461
0.0231103
0.0246182
0.0150693
0.0179716
0.017425
0.0218796
0.0142995
0.0172815
0.0189316
0.0181486
0.0151829
0.0178865
0.021628
0.019251
0.0271508
0.0328441
0.0362472
0.0260642
0.0198572
0.0155029
0.0124162
0.00829296
0.00633174
0.00516369
0.000911255
0.00878588
0.010481
0.0094776
0.0119941
0.00506513
0
0.0091007
0.00839857
0.0042341
0.0123232
0.00986721
0.0125979
0.0243924
0.0168815
0.0216638
0.0218663
0.0200087
0.0162317
0.016559
0.0142375
0.00947785
0.0128576
0.0109252
0.0151887
0.0177694
0.0138052
0.0165558
0.0138522
0.0156343
0.0101684
0.0222499
0.0229185
0.0282818
0.0346265
0.0269939
0.0315645
0.0269901
0.0243725
0.0244463
0.0340886
0.0263832
0.0246605
0.0244102
0.0312643
0.0316424
0.0301371
0.0325301
0.0303348
0.0303656
0.0252303
0.030922
0.027004
0.03387
0.0379083
0.0383178
0.0400809
0.030807
0.0341226
0.0345679
0.0299236
0.0364503
0.0254545
0.0304707
0.0220797
0.0389309
0.0299101
0.0289487
0.0297511
0.0361998
0.0314073
0.0246692
0.0282843
0.0336514
0.0279788
0.0412667
0.0404079
0.0456195
0.0501527
0.0517464
0.0458792
0.0579804
0.0582139
0.0551193
0.0749995
0.0684374
0.0659415
0.0701449
0.0648594
0.0616614
0.0747211
0.0687652
0.0687182
0.0725281
0.0699721
0.0742191
0.0819795
0.0761025
0.0849679
0.0794675
0.0962296
0.100132
0.10064
0.110958
0.108872
0.111342
0.124139
0.11204
0.111638
0.114028
0.109203
0.108978
0.112583
0.113542
0.11498
0.114852
0.118744
0.11561
0.118382
0.108328
0.129028
0.119662
0.106172
0.113353
0.129496
0.123728
0.145945
0.143383
0.136978
0.129219
0.11343
0.106754
0.108114
0.0928092
0.109745
0.0960769
0.101353
0.106929
0.104837
0.102794
0.0985151
0.0951764
0.102566
0.111568
0.105049
0.100716
0.105054
0.114271
0.0960725
0.102422
0.0853771
0.11646
0.0999385
0.0934702
0.0884075
0.0803111
0.072502
0.0614058
0.0665057
0.0610836
0.0609714
0.0677481
0.0574479
0.0696659
0.05893
0.058837
0.0535326
0.0456925
0.0478726
0.0610359
0.0547831
0.0415646
0.0643556
0.0559835
0.0655041
0.0804454
0.0640536
0.0622294
0.0689343
0.0676672
0.0504222
0.0471533
0.0517413
0.0232322
0.0362549
0.0173969
0.0295637
0.0141521
0.0265628
0.023258
0.0179972
0.0195649
0.0184642
0.0150579
0.0130344
0.0157972
0.0240381
0.00923429
0.0208404
0.0164105
0.0249807
0.0306451
0.0388336
0.0219163
0.037129
0.0585704
0.0395024
0.0666708
0.0403195
0.0578543
0.0409161
0.0499087
0.0485817
0.0392404
0.0416156
0.0286309
0.0273824
0.0239583
0.0274586
0.0257969
0.0245605
0.0286709
0.0211955
0.0197588
0.013102
0.0119836
0.0222174
0.0129981
0.0189671
0.00677875
0.0189028
0.0186714
0.0279443
0.0264512
0.0276582
0.0312998
0.0254266
0.0276746
0.032612
0.0354331
0.0273402
0.0260877
0.031275
0.0194351
0.0246604
0.0202221
0.0162759
0.0162589
0.0179255
0.017767
0.0154525
0.014592
0.0145412
0.0175314
0.0185933
0.0170567
0.0195328
0.0168796
0.0154945
0.0226949
0.0229831
0.0250507
0.0259335
0.0304784
0.0282774
0.0379747
0.0415424
0.0331195
0.0354588
0.0340432
0.0439892
0.0462294
0.0344255
0.0322443
0.0328066
0.0221615
0.0221334
0.0265626
0.0226387
0.0291089
0.0233363
0.0212069
0.022326
0.0237525
0.0260855
0.0184693
0.0285964
0.0240945
0.0216319
0.0259372
0.0211268
0.0300431
0.0321373
0.0294816
0.0367023
0.0362152
0.0408447
0.045649
0.0450799
0.0568261
0.0482093
0.0394635
0.0562989
0.0493878
0.0477276
0.0545556
0.0540631
0.0524504
0.0555688
0.0482132
0.0453641
0.0404909
0.0513089
0.0530623
0.0505032
0.0482776
0.0452552
0.0448603
0.0467656
0.0484594
0.0505377
0.0519962
0.0519877
0.0527528
0.0619414
0.0619705
0.0522211
0.0672781
0.0835064
0.0944674
0.1189
0.207582
0.422011
0.649284
0.776844
0.80906
0.789541
0.652722
0.407853
0.206908
0.121891
0.0962946
0.0834448
0.0819055
0.073863
0.0697899
0.0690761
0.0759602
0.0648371
0.0728836
0.0770707
0.0690598
0.0667953
0.0711553
0.0715187
0.0705036
0.0660417
0.0696649
0.0705935
0.069036
0.0764217
0.0749567
0.0678618
0.0624368
0.0681364
0.0605797
0.0596562
0.0645956
0.0546706
0.0572621
0.0581744
0.0628421
0.0530457
0.0591322
0.0575533
0.0657469
0.0655422
0.0590641
0.0641105
0.0602891
0.0616043
0.0627509
0.0616295
0.0665541
0.0751254
0.0666688
0.0749904
0.0632776
0.0650533
0.0684043
0.0730084
0.0697078
0.0677878
0.0728192
0.0763088
0.0738536
0.0660944
0.075726
0.0697495
0.0650402
0.0722576
0.0737179
0.0606465
0.0604692
0.0675097
0.0649894
0.061748
0.0697156
0.0593259
0.0619754
0.0618769
0.0713464
0.0638277
0.071375
0.0721684
0.0674174
0.0674085
0.0601285
0.0681415
0.0585301
0.063767
0.0639084
0.0746914
0.0671653
0.0661441
0.0658466
0.0707832
0.0739899
0.0669898
0.0676032
0.0681786
0.0726217
0.0693392
0.0725348
0.0687047
0.0842757
0.0782282
0.0892994
0.0779694
0.0708445
0.0689039
0.0883387
0.0957097
0.0834318
0.0849713
0.0944657
0.0864179
0.0977707
0.0871269
0.0884904
0.0896892
0.0967426
0.0953987
0.0942091
0.085705
0.0761081
0.0867224
0.0925017
0.101989
0.0935049
0.0853303
0.0852385
0.0710917
0.0894947
0.0824559
0.0872087
0.0931553
0.0994332
0.0991239
0.0858461
0.0833051
0.0906308
0.0904732
0.0896521
0.101836
0.104685
0.0724174
0.0980685
0.106871
0.104731
0.108699
0.115573
0.0894325
0.0968771
0.114801
0.0759405
0.133707
0.0948485
0.115895
0.0820294
0.130485
0.103896
0.120438
0.128108
0.110036
0.113824
0.141696
0.152659
0.116071
0.136982
0.141724
0.11089
0.133032
0.115479
0.129895
0.143374
0.136653
0.169304
0.163572
0.167337
0.157538
0.155507
0.132438
0.154887
0.13945
0.121419
0.122695
0.118051
0.147018
0.122625
0.139557
0.122205
0.116168
0.134428
0.11891
0.095791
0.110579
0.123968
0.114697
0.111982
0.117992
0.110778
0.110965
0.105359
0.0871417
0.118283
0.0987211
0.0998627
0.110679
0.121835
0.120906
0.108463
0.111042
0.112301
0.0964644
0.100292
0.106934
0.104286
0.0915702
0.103556
0.115862
0.124369
0.142486
0.135258
0.165908
0.153576
0.14988
0.12653
0.131413
0.0915905
0.0691245
0.100585
0.0811305
0.0926094
0.0968493
0.103946
0.0769333
0.0905565
0.0832561
0.0940736
0.0946713
0.0799443
0.0896476
0.0833072
0.0880255
0.106339
0.102058
0.102587
0.108609
0.109327
0.113042
0.150046
0.136242
0.147899
0.155864
0.179657
0.196617
0.214823
0.215278
0.251285
0.254206
0.266795
0.237638
0.212939
0.141198
0.0890138
0.0762294
0.0746091
0.0719106
0.0691384
0.0834383
0.0869178
0.081426
0.0807081
0.0734087
0.0759938
0.0805141
0.0797636
0.0888763
0.0782499
0.0706804
0.061051
0.0773531
0.0752739
0.0761545
0.0685321
0.0568739
0.0641821
0.075143
0.0755479
0.069552
0.0643572
0.0694754
0.0765836
0.06396
0.0668559
0.0705215
0.0605527
0.0652593
0.0721873
0.0697818
0.0727132
0.0666982
0.0627111
0.0720736
0.0586627
0.0725098
0.0620297
0.0798204
0.0733155
0.0688385
0.0648894
0.0605191
0.0808733
0.0768446
0.0726163
0.0727774
0.0803365
0.0840277
0.061664
0.0636998
0.071473
0.0631923
0.064329
0.0640223
0.0631602
0.0667339
0.0600808
0.0621695
0.0617212
0.0518349
0.0656128
0.0632784
0.0630118
0.0712601
0.0647242
0.0646868
0.0630516
0.0659092
0.0548025
0.0703778
0.0620696
0.0661852
0.0628901
0.0700468
0.0662525
0.0562934
0.056591
0.0532636
0.0635873
0.0628683
0.0593501
0.0669056
0.0580288
0.0644886
0.0610853
0.0635943
0.0665429
0.0703112
0.0715054
0.0759239
0.0689764
0.0775748
0.0775429
0.0804443
0.0807094
0.0810208
0.0858087
0.0977499
0.100665
0.0949749
0.114033
0.104397
0.103354
0.114676
0.113331
0.125537
0.123065
0.113489
0.0952752
0.0751855
0.0754206
0.0671699
0.0570398
0.0648523
0.060398
0.0559902
0.0660298
0.0632404
0.0632479
0.0575115
0.058337
0.0621781
0.0606287
0.0595622
0.0660921
0.0680936
0.0624483
0.0671037
0.0748833
0.0733225
0.0741652
0.0802586
0.0797829
0.0910488
0.0903455
0.0909782
0.102029
0.111184
0.114128
0.127386
0.139299
0.141352
0.15529
0.161623
0.163632
0.178201
0.174917
0.1634
0.152206
0.140451
0.130349
0.128808
0.0973746
0.101801
0.0857754
0.094127
0.0759466
0.0822011
0.0839987
0.0935476
0.0805874
0.100159
0.0873486
0.0938577
0.0943241
0.0936073
0.0869586
0.0914786
0.100532
0.101739
0.102344
0.0969004
0.119643
0.117493
0.118411
0.118635
0.125921
0.128633
0.137551
0.138643
0.148395
0.149805
0.167045
0.169841
0.178475
0.188019
0.19963
0.207655
0.202968
0.20258
0.187139
0.170073
0.159517
0.150347
0.135173
0.127255
0.111056
0.105808
0.101825
0.0940535
0.0986628
0.109528
0.102326
0.0978911
0.100611
0.0936289
0.0986086
0.102031
0.109027
0.0884284
0.0944945
0.0827698
0.100287
0.0826639
0.0900012
0.0766654
0.0823895
0.0881301
0.0846117
0.0850497
0.0864909
0.0842723
0.094481
0.0800627
0.0792371
0.0803824
0.0933058
0.0801404
0.0799763
0.0933511
0.0924317
0.087651
0.0834243
0.0871908
0.0861125
0.0814423
0.0857025
0.0860858
0.0839537
0.0755391
0.0889431
0.0923614
0.0847358
0.0962735
0.083203
0.0947528
0.0882455
0.0837527
0.0875493
0.0822128
0.0893914
0.090081
0.0933257
0.0851708
0.0806044
0.0951958
0.0913388
0.0827403
0.08039
0.079265
0.0737818
0.0760563
0.0773574
0.0799796
0.0844947
0.086179
0.0901507
0.0869826
0.0961625
0.0935718
0.103271
0.121889
0.129587
0.135075
0.140267
0.146736
0.149558
0.144919
0.169797
0.15109
0.163987
0.179389
0.199949
0.193951
0.195981
0.190797
0.161519
0.156188
0.172144
0.170978
0.158856
0.153573
0.151803
0.130028
0.127587
0.143755
0.123277
0.133429
0.123156
0.131857
0.140998
0.145257
0.150454
0.159371
0.159011
0.15909
0.185395
0.168923
0.165968
0.18044
0.174342
0.178305
0.175825
0.179372
0.168211
0.166451
0.166393
0.159439
0.164404
0.127124
0.166166
0.137506
0.135762
0.173188
0.176787
0.153526
0.156485
0.138924
0.162948
0.171928
0.188028
0.184745
0.217051
0.187378
0.194237
0.175451
0.195463
0.184153
0.204437
0.221162
0.19581
0.216441
0.221757
0.227632
0.209931
0.222217
0.207783
0.211654
0.220632
0.224064
0.236918
0.226766
0.234469
0.248498
0.243437
0.257765
0.257517
0.261166
0.250001
0.26357
0.253377
0.250257
0.238739
0.233428
0.228835
0.242655
0.200259
0.194987
0.176907
0.178777
0.147472
0.162852
0.139463
0.151056
0.131217
0.136231
0.149261
0.127687
0.147388
0.178196
0.149808
0.145931
0.132275
0.159957
0.122101
0.138863
0.182363
0.151924
0.161652
0.158845
0.177196
0.201532
0.205762
0.220455
0.244276
0.223738
0.243639
0.225031
0.232567
0.235713
0.254911
0.259802
0.293608
0.247833
0.261988
0.297865
0.292071
0.274554
0.288632
0.316888
0.322143
0.338179
0.331995
0.321493
0.30664
0.304669
0.317571
0.294179
0.292182
0.257137
0.288568
0.217993
0.213013
0.225234
0.223706
0.173155
0.179708
0.170876
0.183543
0.1429
0.148277
0.133443
0.132209
0.126399
0.149989
0.135208
0.132707
0.129669
0.145527
0.105117
0.126152
0.143521
0.135632
0.078971
0.0998455
0.141241
0.137518
0.0987296
0.125976
0.151363
0.141234
0.164888
0.171074
0.136483
0.108582
0.14171
0.175895
0.115345
0.131008
0.167235
0.190039
0.145642
0.139875
0.189967
0.157119
0.152727
0.170794
0.146589
0.207059
0.141032
0.155635
0.121394
0.135872
0.201682
0.190383
0.165993
0.188984
0.169193
0.206449
0.153945
0.134221
0.189842
0.186359
0.155588
0.168948
0.155231
0.151112
0.152339
0.148985
0.174425
0.179291
0.136984
0.131322
0.161582
0.139216
0.194039
0.129204
0.161611
0.138851
0.160383
0.184913
0.136359
0.117521
0.167072
0.100612
0.127123
0.156133
0.149962
0.177157
0.187541
0.152122
0.151381
0.191833
0.0978072
0.177783
0.127103
0.116294
0.177807
0.177966
0.117786
0.0846525
0.163049
0.214007
0.144585
0.121578
0.117791
0.17642
0.183037
0.136701
0.142638
0.183155
0.158049
0.208558
0.163748
0.175847
0.194399
0.186146
0.194015
0.18871
0.172916
0.229003
0.215307
0.152844
0.212045
0.211118
0.190102
0.196928
0.183911
0.19043
0.205599
0.17144
0.121748
0.177077
0.215729
0.165808
0.14832
0.107091
0.153233
0.132347
0.092058
0.0696257
0.0704595
0.0738037
0.0633547
