0.125358
0.129643
0.134183
0.125072
0.132001
0.1323
0.13452
0.139056
0.148669
0.150851
0.152493
0.154143
0.15895
0.160341
0.158787
0.162571
0.162597
0.163646
0.168484
0.160093
0.159993
0.158729
0.166452
0.174448
0.168787
0.179307
0.187369
0.191894
0.193888
0.195503
0.199859
0.199379
0.205046
0.203735
0.20577
0.208616
0.209956
0.211348
0.20205
0.207832
0.200041
0.194117
0.191877
0.201412
0.205923
0.216344
0.22004
0.224393
0.228656
0.229476
0.228197
0.214552
0.202112
0.200687
0.200656
0.201552
0.215661
0.242829
0.239914
0.23206
0.215619
0.190995
0.166162
0.15027
0.135925
0.124849
0.12267
0.129721
0.114367
0.117004
0.110998
0.110386
0.107628
0.108546
0.110237
0.110402
0.113521
0.112299
0.117697
0.115389
0.115816
0.115537
0.121282
0.118013
0.118934
0.118935
0.123606
0.130088
0.132056
0.13414
0.13806
0.142853
0.147183
0.152381
0.163779
0.171272
0.177095
0.187779
0.194529
0.196964
0.202953
0.211553
0.203722
0.192645
0.186132
0.173353
0.164851
0.159777
0.162333
0.16665
0.171293
0.167217
0.173375
0.173956
0.171584
0.174436
0.164004
0.158037
0.151474
0.155107
0.158813
0.163084
0.163952
0.174007
0.176395
0.181677
0.187509
0.189405
0.190551
0.194536
0.199213
0.197735
0.201561
0.200896
0.200614
0.200375
0.206708
0.210793
0.206041
0.194114
0.189355
0.183431
0.169551
0.168108
0.164771
0.177559
0.177207
0.186689
0.190376
0.208793
0.201951
0.213957
0.218664
0.224721
0.224933
0.227685
0.227217
0.233706
0.233228
0.238269
0.238963
0.23615
0.236796
0.230702
0.211937
0.187691
0.143038
0.130183
0.121043
0.11534
0.109689
0.106357
0.10526
0.106572
0.106477
0.110824
0.110835
0.110933
0.117266
0.120947
0.12802
0.128934
0.129668
0.121622
0.121442
0.130079
0.119528
0.119842
0.122384
0.121461
0.11807
0.123046
0.126842
0.130972
0.128156
0.135547
0.133375
0.13133
0.118626
0.114499
0.107201
0.106258
0.0943139
0.101258
0.105544
0.102878
0.11187
0.110838
0.116853
0.125745
0.128335
0.133811
0.139339
0.141355
0.146008
0.15266
0.151695
0.159136
0.160565
0.160732
0.160797
0.166819
0.15799
0.143698
0.145057
0.126645
0.117397
0.110851
0.116492
0.121372
0.133391
0.129792
0.128709
0.132402
0.137836
0.150564
0.150007
0.165486
0.163435
0.168738
0.179485
0.190131
0.187323
0.191829
0.198809
0.200921
0.204027
0.204524
0.205122
0.211152
0.21063
0.208403
0.214054
0.208842
0.206441
0.194633
0.171095
0.139223
0.147035
0.126122
0.132996
0.14324
0.142447
0.129096
0.145429
0.150752
0.151967
0.16111
0.170616
0.161642
0.173733
0.179171
0.181314
0.188256
0.185628
0.195179
0.197049
0.196064
0.201075
0.192531
0.183098
0.177061
0.153332
0.134173
0.130113
0.120726
0.119668
0.110509
0.122892
0.130754
0.126306
0.135961
0.132538
0.1189
0.14569
0.138422
0.132744
0.136632
0.13988
0.140226
0.134273
0.122945
0.116587
0.123876
0.122236
0.115476
0.121076
0.122686
0.123994
0.134822
0.134673
0.125837
0.117919
0.117083
0.103098
0.112024
0.0936629
0.0904413
0.0986639
0.0916262
0.088392
0.10398
0.102701
0.0984832
0.102648
0.112323
0.104637
0.102471
0.108107
0.109062
0.112487
0.119275
0.141387
0.135315
0.136399
0.13588
0.143314
0.142171
0.142956
0.152931
0.155273
0.152548
0.157614
0.144842
0.135534
0.119237
0.130325
0.123399
0.112375
0.108331
0.128116
0.112183
0.0954409
0.103023
0.108903
0.11221
0.117561
0.122089
0.112208
0.118199
0.121769
0.132801
0.139915
0.125826
0.116895
0.13402
0.146327
0.144546
0.152997
0.157868
0.165843
0.172073
0.168741
0.180224
0.183109
0.182165
0.17896
0.171592
0.158167
0.143605
0.115753
0.108237
0.108727
0.10092
0.0940848
0.10534
0.107923
0.109628
0.110455
0.11809
0.107155
0.115489
0.113421
0.122391
0.113342
0.104824
0.104448
0.119864
0.10549
0.1119
0.11268
0.118308
0.109668
0.12685
0.117262
0.107861
0.125982
0.137502
0.141993
0.156427
0.160438
0.17523
0.192098
0.191362
0.197983
0.185115
0.179198
0.163542
0.15843
0.163235
0.149334
0.134222
0.1459
0.142512
0.153399
0.16038
0.153274
0.138717
0.147539
0.149586
0.151123
0.154082
0.160742
0.153426
0.149859
0.149273
0.133958
0.138566
0.128986
0.136461
0.139115
0.139064
0.125067
0.133155
0.12962
0.104311
0.12834
0.116488
0.122827
0.127162
0.124869
0.116867
0.117706
0.149427
0.121886
0.12253
0.134787
0.136248
0.124012
0.118946
0.138039
0.139196
0.13846
0.149301
0.137581
0.143856
0.146019
0.135603
0.149709
0.161273
0.148927
0.152442
0.163633
0.156316
0.153888
0.16203
0.18468
0.17704
0.187044
0.197406
0.221201
0.219904
0.221458
0.229803
0.194443
0.187101
0.183268
0.157954
0.14593
0.15293
0.133051
0.170036
0.193299
0.248907
0.288346
0.324356
0.369408
0.362774
0.344618
0.29454
0.213321
0.164004
0.13621
0.123994
0.110454
0.108162
0.104944
0.130642
0.125375
0.139414
0.132404
0.136052
0.13355
0.15003
0.122753
0.14419
0.133689
0.147459
0.154353
0.141807
0.142998
0.138028
0.138784
0.128188
0.110652
0.0980518
0.118006
0.11134
0.112594
0.121441
0.104468
0.115435
0.105544
0.0887416
0.0875554
0.0924147
0.100487
0.0954084
0.104126
0.102683
0.100745
0.110365
0.113177
0.107652
0.119384
0.103065
0.126448
0.130906
0.0867254
0.111016
0.114933
0.117858
0.128669
0.122461
0.118678
0.122028
0.107536
0.117373
0.103062
0.0991995
0.110354
0.0988306
0.118618
0.116897
0.123605
0.120017
0.127103
0.136356
0.13904
0.129017
0.108491
0.110007
0.0976739
0.111696
0.0995024
0.118643
0.104209
0.120376
0.130027
0.123706
0.133821
0.11952
0.119126
0.105875
0.133071
0.113102
0.120624
0.120644
0.131823
0.131617
0.101402
0.142161
0.115533
0.114396
0.093018
0.116709
0.102109
0.101613
0.0883689
0.103026
0.0780149
0.103033
0.106725
0.109219
0.0900999
0.0897615
0.0740768
0.0898884
0.0875892
0.0895982
0.0857148
0.0768735
0.0872016
0.094286
0.0946544
0.0985246
0.0824796
0.0698657
0.0765552
0.0780945
0.0804646
0.0632418
0.0795804
0.0734838
0.0596736
0.0920513
0.0724894
0.0810697
0.0766141
0.088988
0.0844224
0.0900746
0.0936653
0.100461
0.0859461
0.107878
0.117983
0.0999758
0.101923
0.0831492
0.0802446
0.0656505
0.040163
0.0695027
0.0599673
0.07449
0.084763
0.0816478
0.0907382
0.09729
0.105943
0.0966116
0.107382
0.106661
0.085884
0.100623
0.0813571
0.0692123
0.0967507
0.0843208
0.0947797
0.115007
0.101169
0.135464
0.132085
0.102656
0.126526
0.108715
0.109833
0.106327
0.107934
0.103084
0.102485
0.11557
0.0888966
0.098402
0.111368
0.120203
0.0808953
0.136276
0.134835
0.126863
0.103913
0.127803
0.101551
0.117247
0.118659
0.0971212
0.099655
0.0924511
0.106538
0.0924987
0.0902974
0.0770229
0.0983021
0.0830082
0.090665
0.0891421
0.0764339
0.0742391
0.0714874
0.0524136
0.0627149
0.0529758
0.0665107
0.0510223
0.0478092
0.0481887
0.0350329
0.0418974
0.0442283
0.0429091
0.0616759
0.0360151
0.0515857
0.030292
0.0473521
0.0357872
0.0405538
0.0546987
0.0315545
0.028176
0.0413843
0.0456319
0.0458827
0.0264496
0.0275997
0.0265839
0.0413923
0.0435637
0.0463022
0.0331134
0.0476238
0.0550129
0.0353476
0.0359651
0.0444465
0.0566826
0.0474983
0.051113
0.0398532
0.0583215
0.0635907
0.0548546
0.0605623
0.0459694
0.0507801
0.0545102
0.0543758
0.0506587
0.0300778
0.0349841
0.0418332
0.0507793
0.0230332
0.0585523
0.0325485
0.0297849
0.0405382
0.0352702
0.0363689
0.0434536
0.0404558
0.0405022
0.0451763
0.0500821
0.0363139
0.0492563
0.0308292
0.0336122
0.0484127
0.0501264
0.0309821
0.0522419
0.0374097
0.0365901
0.0421157
0.0475656
0.0593477
0.0744777
0.0616224
0.0750579
0.0731424
0.0588318
0.0767572
0.0574211
0.0638961
0.0728024
0.0822067
0.0729333
0.0887298
0.0923466
0.0742189
0.0795667
0.0703003
0.0655452
0.0924933
0.0799469
0.0964354
0.12193
0.0806037
0.0901369
0.117564
0.108071
0.103207
0.121736
0.144266
0.135829
0.133244
0.130843
0.123517
0.142194
0.115146
0.0901665
0.066606
0.0874609
0.0633767
0.0675165
0.0886249
0.130326
0.0929325
0.0804624
0.115282
0.0801471
0.105492
0.110451
0.126327
0.09828
0.109009
0.0905297
0.116763
0.114826
0.108342
0.0900621
0.115132
0.117334
0.140909
0.150313
0.12008
0.121715
0.1616
0.141534
0.108711
0.119069
0.11254
0.116246
0.114586
0.101773
0.103179
0.082896
0.0733357
0.0749247
0.0603803
0.0486711
0.0564266
0.0330863
0.0218183
0.0229214
0.0219087
0.018116
0.026179
0.0169236
0.0125783
0.0188428
0.0187057
0.0140491
0.0147263
0.0141456
0.0145279
0.0102924
0.0199502
0.0107095
0.00977669
0.0194481
0.0217608
0.017246
0.0228154
0.00837303
0.0107528
0.0129051
0.00550212
0.00538958
0.00963836
0.0113841
0.0106073
0.0131005
0.00602807
0.00639283
0.00241507
0
0.0047817
0.00152236
0.00564861
0.0152111
0.00760806
0.0110088
0.0119579
0.0111697
0.0183872
0.0159274
0.00827993
0.0100664
0.0131017
0.0147756
0.00876508
0.0073749
0.00641799
0.0152841
0.0129801
0.00954493
0.010599
0.00534282
0.00805233
0.0113195
0.0170327
0.0139751
0.0211937
0.0213422
0.0180471
0.0228154
0.0182545
0.0191056
0.0215681
0.0196639
0.0204385
0.022568
0.0116681
0.0217876
0.0275051
0.0184756
0.0207305
0.0176904
0.0246231
0.0171111
0.0201579
0.0182203
0.0230223
0.0197445
0.0244304
0.0269944
0.0142055
0.0240467
0.0206008
0.0243738
0.0226191
0.0145404
0.0124445
0.0122243
0.0241719
0.0171253
0.0173155
0.0206112
0.0199227
0.0161822
0.012914
0.0218445
0.015444
0.0101339
0.0238935
0.0229525
0.0291832
0.0315289
0.0237731
0.0269304
0.0370626
0.0346615
0.0325042
0.0476356
0.0400934
0.0354036
0.0430537
0.039062
0.0382875
0.0490465
0.0387772
0.033882
0.0423251
0.0372127
0.0387361
0.044743
0.0317504
0.039437
0.0627324
0.051888
0.0603092
0.0557231
0.0443745
0.0542995
0.0718666
0.0766557
0.0611181
0.0618298
0.0666161
0.0593626
0.0513301
0.0668926
0.0670373
0.0647696
0.0594636
0.0632835
0.0589186
0.0659297
0.0611223
0.0674947
0.0636993
0.0625064
0.0590849
0.0724741
0.0715523
0.0807016
0.0746178
0.0781321
0.050095
0.0676828
0.0490002
0.0616623
0.0485517
0.063604
0.0604486
0.0441268
0.0569814
0.065715
0.0503214
0.0528619
0.0568873
0.0607026
0.0619159
0.0465453
0.0403232
0.0485771
0.064704
0.0533098
0.0516187
0.0393226
0.0556753
0.0461937
0.0412428
0.0449813
0.0282204
0.0311967
0.0431619
0.0364593
0.0375516
0.0528737
0.0490193
0.0394354
0.0317187
0.0334961
0.0392862
0.0366627
0.0253467
0.0259637
0.0330228
0.0358399
0.0350616
0.0360891
0.0414179
0.0280024
0.0553246
0.0385565
0.0410784
0.0372616
0.0308334
0.0294093
0.0254515
0.0229558
0.0205543
0.0227686
0.0103904
0.0115097
0.00844623
0.0136933
0.0257751
0.00617302
0.0111964
0.0202633
0.0216132
0.00846626
0.0139633
0.00988383
0.00869897
0.0230391
0.00667156
0.0188211
0.0132316
0.0235033
0.0195274
0.0202532
0.0277995
0.0184937
0.0508544
0.0293169
0.0206563
0.0262973
0.0338926
0.032669
0.0285865
0.0239543
0.0214059
0.0199486
0.0145109
0.0148128
0.0185051
0.0180617
0.011635
0.00744491
0.0153616
0.0128044
0.0107101
0.0146988
0.00953264
0.0126505
0.00836414
0.00790768
0.00724919
0.00531667
0.00963254
0.0147458
0.0220708
0.0192942
0.0212178
0.0151814
0.0172515
0.0130113
0.0156665
0.0227161
0.0121236
0.0180159
0.0279477
0.0133191
0.00700194
0.00904939
0.0167293
0.00626141
0.0178557
0.0136505
0.0112848
0.0123463
0.00910509
0.0231255
0.0152539
0.0175052
0.0162553
0.0157957
0.0199562
0.0156043
0.0179501
0.0187761
0.0312127
0.0285234
0.0221406
0.02697
0.0255272
0.0274673
0.0269334
0.0132536
0.0178272
0.0163849
0.0154596
0.0148852
0.024724
0.0184037
0.0155924
0.00853293
0.0116113
0.0123024
0.00962544
0.018555
0.0129918
0.0164515
0.0183254
0.014417
0.0198031
0.00988941
0.016278
0.0204968
0.0167282
0.0171082
0.016711
0.0206202
0.0270638
0.0293242
0.0362861
0.0342059
0.0387017
0.0338934
0.0333899
0.029338
0.0401001
0.0289373
0.0356358
0.0367962
0.0241154
0.0292657
0.0219922
0.0210916
0.033722
0.0298237
0.0291445
0.0317469
0.0256352
0.0315203
0.0274388
0.0293663
0.0285468
0.0255066
0.0296876
0.029722
0.0329915
0.0326534
0.0426632
0.0522088
0.0631388
0.068685
0.126661
0.272878
0.419369
0.509712
0.529996
0.506109
0.423317
0.264348
0.127083
0.0731989
0.0571736
0.045988
0.0489748
0.0432046
0.0395722
0.0409025
0.0463158
0.0368608
0.0432416
0.033987
0.0408591
0.036118
0.0376121
0.0391131
0.0387234
0.0370703
0.0390535
0.0361951
0.0375023
0.0410136
0.0386388
0.0379239
0.0310987
0.0373759
0.030947
0.0356728
0.0426712
0.0222248
0.0400491
0.0462847
0.0379694
0.0264153
0.0339231
0.0324939
0.0370595
0.0373778
0.0368913
0.0325155
0.034533
0.0351289
0.037181
0.0361883
0.036769
0.0384239
0.0375098
0.0432139
0.035707
0.0367651
0.0404334
0.0356513
0.0400357
0.0379543
0.0403142
0.0380333
0.0367342
0.0375907
0.0411821
0.0448119
0.0439164
0.0443813
0.0488352
0.0325007
0.0388782
0.0464452
0.0371104
0.0365777
0.0390116
0.0255849
0.0369509
0.0387713
0.0317616
0.0280051
0.0383644
0.0410545
0.0342813
0.0284776
0.0337372
0.0327614
0.0342928
0.0294559
0.0330745
0.037877
0.0417001
0.0308307
0.0386123
0.0394444
0.0371397
0.0370869
0.0343675
0.0399554
0.0345256
0.0355218
0.045663
0.0341065
0.0473593
0.0456521
0.0369053
0.0496655
0.043683
0.0414474
0.0465941
0.0489565
0.0456602
0.0356722
0.0634795
0.0450833
0.0578004
0.0447687
0.0517187
0.0494431
0.0456162
0.0515665
0.0507719
0.0581203
0.04361
0.0469036
0.0560232
0.0581094
0.044604
0.0523462
0.0545318
0.0426055
0.050919
0.0461226
0.0441806
0.0518474
0.0543701
0.0477537
0.0459489
0.0470968
0.0470393
0.0572373
0.0576972
0.0398066
0.0424077
0.0297501
0.0548483
0.0778125
0.0704151
0.0685313
0.0609576
0.0678156
0.0539326
0.057464
0.0403968
0.0843651
0.0479043
0.0901132
0.044518
0.0603296
0.0591908
0.0722843
0.0787997
0.0448205
0.077605
0.101318
0.0744397
0.0685799
0.1001
0.0856402
0.0497922
0.0576218
0.0761102
0.0658604
0.071554
0.0738868
0.0959074
0.0764269
0.0779889
0.0814169
0.107187
0.0848359
0.0689859
0.107164
0.0788528
0.0926891
0.0618219
0.0707208
0.0887518
0.0648213
0.0512716
0.0897741
0.0985029
0.05567
0.068156
0.0658043
0.0571944
0.0772851
0.0803027
0.0820973
0.0522815
0.0605809
0.0647765
0.055016
0.0569433
0.0557053
0.05246
0.0635246
0.0849053
0.0777728
0.04633
0.068207
0.0490295
0.0531002
0.055079
0.0769981
0.0489984
0.0614397
0.0721502
0.0637366
0.0514998
0.0805569
0.0900594
0.0991935
0.0971499
0.0913475
0.0672007
0.0626949
0.0448239
0.0197657
0.0515208
0.0417774
0.0525595
0.0658256
0.0664214
0.0442364
0.0546507
0.0521837
0.0428053
0.0450099
0.0417726
0.0386649
0.0567903
0.0567631
0.066827
0.0590982
0.0511959
0.0689754
0.0671347
0.0697044
0.0988802
0.0844784
0.0852713
0.0919703
0.086547
0.114105
0.129337
0.123753
0.150976
0.150348
0.156209
0.13542
0.114489
0.085805
0.0566202
0.0439476
0.0400329
0.0401904
0.049755
0.0502539
0.0557389
0.0482372
0.0493177
0.0492803
0.0561343
0.0584712
0.0428939
0.0373911
0.037831
0.0287014
0.0308815
0.0547421
0.0572244
0.0353051
0.0397202
0.0350714
0.0470944
0.0362513
0.0409866
0.033379
0.0368855
0.0287849
0.0418672
0.0380084
0.0290481
0.0354141
0.0316591
0.036031
0.0375915
0.0320923
0.0355191
0.0383996
0.0337419
0.0423855
0.0324585
0.0436002
0.0367552
0.0437715
0.0436545
0.0442376
0.0338724
0.0310889
0.0423983
0.0363621
0.0460459
0.0473983
0.0560671
0.0549513
0.0342675
0.0398449
0.0436518
0.0306068
0.0369114
0.0474726
0.0340622
0.0362364
0.0351568
0.0399532
0.0331864
0.0307623
0.0476536
0.0343392
0.0378088
0.0403453
0.0453958
0.038378
0.0444088
0.0360839
0.0323239
0.0352361
0.0355159
0.0363145
0.0427737
0.0435536
0.0409498
0.0290872
0.0415616
0.0393485
0.0323647
0.0428638
0.0331035
0.0401884
0.0360549
0.0352018
0.0320009
0.0335135
0.0409074
0.0473482
0.0418386
0.0495091
0.0362097
0.0447504
0.0442607
0.0412993
0.0510357
0.0491499
0.0560396
0.0563904
0.0646918
0.0673945
0.0631467
0.0679009
0.0532151
0.0699146
0.0743016
0.0813601
0.0803412
0.069086
0.0671907
0.0563783
0.0561007
0.0453823
0.0334999
0.0281574
0.029631
0.0315809
0.0467694
0.0420328
0.0416924
0.039736
0.0351766
0.0412126
0.0369612
0.0348036
0.0382983
0.035131
0.0366678
0.0350917
0.045546
0.0396205
0.0499868
0.0477835
0.0474182
0.051729
0.0507111
0.0516697
0.0588485
0.0605813
0.0662535
0.0747582
0.0834899
0.0846577
0.0921767
0.09542
0.097931
0.110385
0.114291
0.101721
0.0959607
0.0878053
0.0874832
0.0759883
0.0502518
0.059853
0.0539634
0.0542161
0.0415431
0.0447059
0.053458
0.0462885
0.037425
0.0603386
0.0459729
0.0523847
0.0443904
0.0586233
0.0468671
0.0500595
0.0566952
0.0586513
0.0469207
0.0569761
0.0631559
0.0621609
0.0654469
0.0682769
0.0726109
0.078154
0.0809774
0.0804226
0.0844051
0.0879283
0.0979431
0.0951129
0.0997018
0.105949
0.119363
0.128543
0.116835
0.113463
0.110605
0.0939712
0.0896685
0.0875614
0.0784894
0.0742716
0.057013
0.0649581
0.0556149
0.0466065
0.0468212
0.0581117
0.0579059
0.0546695
0.0602057
0.061315
0.0600558
0.0547341
0.0746272
0.0577526
0.0421742
0.048575
0.0554885
0.044064
0.0520955
0.040401
0.050679
0.0450055
0.0515536
0.0553764
0.0411683
0.0494361
0.0522856
0.0506056
0.0424221
0.0419747
0.0515409
0.0481116
0.0524631
0.053593
0.052272
0.0490403
0.0508069
0.054421
0.0541092
0.0496211
0.0469607
0.0506888
0.0416852
0.0456902
0.0449136
0.0503784
0.0465349
0.0521297
0.0460018
0.0513798
0.046198
0.0402224
0.0432735
0.0526415
0.0509324
0.0489886
0.0626749
0.047211
0.0510786
0.0547218
0.0647714
0.0671302
0.0627571
0.0747047
0.0733142
0.0776756
0.0797021
0.0828675
0.0712769
0.083445
0.083046
0.0709498
0.0874207
0.0778097
0.0781098
0.0878413
0.0942848
0.102
0.094576
0.107861
0.094378
0.100559
0.108869
0.0733351
0.0843069
0.0939106
0.122327
0.110208
0.12536
0.114412
0.0902143
0.0763824
0.100454
0.103016
0.100289
0.0774613
0.0992773
0.0825412
0.0570841
0.0761524
0.0831857
0.0922792
0.0629439
0.0888993
0.0831437
0.0851237
0.113372
0.0950164
0.099676
0.118602
0.118649
0.1092
0.112479
0.109687
0.115045
0.128842
0.112877
0.103387
0.101329
0.0982853
0.102942
0.104012
0.127476
0.0830796
0.108489
0.0799723
0.0712182
0.0908309
0.112166
0.100035
0.0759659
0.10054
0.116819
0.101117
0.133898
0.0943286
0.13201
0.11931
0.119128
0.110539
0.137353
0.142551
0.130376
0.107391
0.108855
0.108163
0.134906
0.150542
0.112878
0.161858
0.139201
0.133927
0.138902
0.141731
0.12351
0.143608
0.146143
0.15942
0.159556
0.157366
0.155656
0.152818
0.1469
0.163534
0.151526
0.152651
0.151905
0.14622
0.12915
0.147289
0.107915
0.114531
0.109696
0.113953
0.0778685
0.0773351
0.0668875
0.100323
0.0764643
0.075383
0.0626962
0.0840696
0.0709936
0.107113
0.0972378
0.0645984
0.0689198
0.119693
0.0801841
0.069806
0.116507
0.123723
0.116188
0.0704297
0.0907268
0.115166
0.126981
0.142467
0.160106
0.135581
0.140563
0.14447
0.14678
0.143518
0.133466
0.14367
0.186723
0.135767
0.153664
0.140065
0.15323
0.171606
0.191781
0.18357
0.187248
0.21494
0.213152
0.18759
0.176762
0.177445
0.191387
0.155816
0.177084
0.15886
0.181618
0.137805
0.118903
0.111269
0.129293
0.12325
0.0980599
0.0935288
0.105504
0.0966283
0.0567759
0.0939856
0.0637051
0.085936
0.116283
0.0918018
0.0961406
0.0865745
0.111371
0.0767816
0.0778748
0.0938653
0.107898
0.0717043
0.0618027
0.116975
0.0865132
0.0806669
0.069513
0.0946195
0.0828292
0.0845603
0.14248
0.0713336
0.0713568
0.113324
0.107611
0.0514143
0.0492738
0.0456181
0.121763
0.0462254
0.0801557
0.160102
0.153091
0.0749431
0.0505092
0.0826204
0.134034
0.0739246
0.0540513
0.0664126
0.0643475
0.121642
0.086326
0.121227
0.113118
0.114731
0.164788
0.0577243
0.094547
0.0998773
0.110001
0.0607441
0.120045
0.109673
0.121369
0.0910405
0.129535
0.142145
0.0971502
0.0688001
0.0905769
0.0959765
0.102156
0.170287
0.0775433
0.157472
0.119611
0.0722517
0.10333
0.0542371
0.0240004
0.102632
0.0569501
0.0685498
0.0641691
0.103281
0.07796
0.101891
0.0771811
0.104378
0.156673
0.0192913
0.097796
0.0873796
0.0682481
0.114932
0.0980157
0.0484667
0.0705855
0.107597
0.0853636
0.0716062
0.0696673
0.0673816
0.101939
0.129484
0.0957437
0.150868
0.120123
0.0763186
0.0835621
0.109006
0.0875737
0.130193
0.112553
0.118903
0.0949574
0.107456
0.122825
0.108541
0.104206
0.11895
0.129919
0.115674
0.134107
0.140415
0.0984051
0.143172
0.102078
0.104032
0.0726377
0.136915
0.0729521
0.0905307
0.0794502
0.105973
0.0811656
0.0652557
0.0818158
0.0801317
0.0720329
0.0645448
