0.17861
0.175472
0.176743
0.17625
0.192805
0.188471
0.187941
0.199899
0.203639
0.208906
0.211993
0.217454
0.222509
0.230373
0.235901
0.236962
0.242915
0.243352
0.247382
0.239129
0.236378
0.241527
0.245402
0.2555
0.260179
0.264357
0.276965
0.287383
0.289884
0.290987
0.297579
0.301679
0.306152
0.309809
0.311774
0.320127
0.322917
0.323022
0.322854
0.317416
0.308456
0.29763
0.306569
0.314009
0.32519
0.339381
0.347557
0.353667
0.359145
0.35803
0.354707
0.313707
0.293018
0.291168
0.290806
0.291365
0.313865
0.382491
0.392521
0.372171
0.35099
0.308653
0.256306
0.232012
0.210007
0.193661
0.183763
0.176287
0.164195
0.161301
0.147424
0.149558
0.146363
0.142059
0.135841
0.131905
0.144177
0.146665
0.149605
0.152384
0.159802
0.1606
0.167702
0.166248
0.161598
0.162634
0.169215
0.168407
0.178496
0.187761
0.191791
0.203035
0.210003
0.221798
0.241869
0.261092
0.28202
0.303834
0.320447
0.326238
0.334999
0.334273
0.323873
0.29901
0.27274
0.242693
0.23253
0.225455
0.230089
0.232524
0.240749
0.243024
0.247848
0.249843
0.255041
0.251831
0.241976
0.237017
0.239161
0.235377
0.243662
0.24815
0.250753
0.254414
0.258824
0.269918
0.276469
0.280839
0.290322
0.289217
0.296981
0.29843
0.29912
0.292923
0.29169
0.292771
0.310703
0.324564
0.32252
0.307849
0.291804
0.281845
0.261547
0.25926
0.269111
0.273421
0.285445
0.28446
0.307818
0.32018
0.328836
0.33564
0.342019
0.357436
0.356972
0.362936
0.364502
0.366631
0.369597
0.370866
0.371719
0.375933
0.378563
0.374134
0.331995
0.277441
0.218266
0.172918
0.154474
0.143189
0.132096
0.130931
0.124616
0.129665
0.128159
0.133183
0.140933
0.145767
0.15295
0.161394
0.1842
0.187873
0.191863
0.187461
0.173114
0.182407
0.171174
0.16408
0.163981
0.156638
0.158392
0.164161
0.162797
0.167031
0.167425
0.172007
0.174905
0.176718
0.167707
0.157911
0.157993
0.148753
0.147859
0.149518
0.148433
0.146991
0.151834
0.161474
0.160829
0.177188
0.181298
0.194122
0.196098
0.202122
0.206381
0.209659
0.214292
0.220694
0.223076
0.230276
0.233944
0.231056
0.231443
0.21818
0.211296
0.19101
0.190496
0.179088
0.185315
0.188254
0.202944
0.19897
0.201835
0.203155
0.216323
0.22663
0.234043
0.247884
0.249799
0.261442
0.275933
0.288691
0.291528
0.298217
0.302149
0.309328
0.317738
0.315874
0.325977
0.332858
0.336391
0.337534
0.352536
0.351659
0.340668
0.321169
0.275673
0.2314
0.230463
0.2067
0.215504
0.223843
0.212491
0.216401
0.226709
0.236318
0.246175
0.2557
0.255874
0.261307
0.274782
0.274013
0.277205
0.294028
0.291443
0.301646
0.300818
0.299616
0.305906
0.289302
0.277615
0.257327
0.228363
0.193634
0.168359
0.156317
0.156895
0.166087
0.176738
0.179826
0.192933
0.195321
0.204757
0.202736
0.222636
0.207781
0.218668
0.205878
0.202439
0.199819
0.187222
0.182083
0.172334
0.164478
0.161842
0.157026
0.160365
0.164061
0.16548
0.177051
0.183219
0.18246
0.179158
0.1762
0.17306
0.166936
0.160807
0.165921
0.148072
0.142658
0.153071
0.174098
0.153116
0.159345
0.15701
0.16408
0.149374
0.159007
0.162969
0.162781
0.167846
0.181943
0.189938
0.18793
0.19634
0.195479
0.201145
0.204892
0.203714
0.209109
0.211879
0.231898
0.233644
0.230632
0.228761
0.220098
0.219713
0.219761
0.199721
0.194263
0.188996
0.174011
0.156871
0.165649
0.181791
0.194913
0.201855
0.182491
0.199351
0.201069
0.197503
0.204271
0.189598
0.208309
0.201786
0.20164
0.209909
0.211139
0.22545
0.243758
0.248979
0.262553
0.271234
0.280878
0.280693
0.279926
0.277033
0.27713
0.253602
0.218264
0.191339
0.178189
0.172642
0.162913
0.158681
0.154918
0.162359
0.163225
0.17303
0.16698
0.176805
0.176713
0.180485
0.16404
0.155059
0.17062
0.15672
0.164049
0.155679
0.157406
0.163046
0.160476
0.153063
0.165581
0.161724
0.164533
0.18116
0.186196
0.200543
0.229374
0.257876
0.28026
0.295184
0.31354
0.319428
0.298817
0.288325
0.280481
0.258589
0.259398
0.249628
0.234772
0.240427
0.243403
0.243365
0.249886
0.245916
0.239703
0.236322
0.234285
0.241629
0.229515
0.238708
0.2313
0.223354
0.207175
0.198157
0.196104
0.184285
0.197866
0.201793
0.210986
0.205997
0.213268
0.215798
0.184812
0.209457
0.197844
0.205871
0.201816
0.214968
0.203776
0.208128
0.222926
0.20809
0.215492
0.215093
0.226409
0.213717
0.21202
0.219037
0.196906
0.215852
0.227947
0.227998
0.230439
0.238349
0.221439
0.227541
0.252121
0.235555
0.247926
0.24413
0.242781
0.24724
0.253414
0.277283
0.290636
0.323288
0.337028
0.374674
0.420467
0.416063
0.415362
0.382414
0.375947
0.322695
0.286203
0.238406
0.241041
0.226119
0.268758
0.285096
0.311595
0.372362
0.429129
0.482688
0.467072
0.443105
0.388816
0.30554
0.235636
0.195613
0.190201
0.18589
0.187981
0.188863
0.20428
0.214995
0.197867
0.203435
0.193014
0.205023
0.21301
0.203756
0.2081
0.209886
0.2198
0.229152
0.222729
0.230926
0.22671
0.221885
0.186655
0.190339
0.16339
0.1853
0.16643
0.17106
0.180166
0.166296
0.147763
0.132322
0.151091
0.129012
0.130748
0.14466
0.132997
0.139335
0.145272
0.141503
0.139601
0.155269
0.137014
0.155106
0.16988
0.171109
0.171048
0.174106
0.187389
0.191026
0.192641
0.196416
0.186707
0.194134
0.173722
0.175641
0.180881
0.176345
0.172758
0.161499
0.185055
0.16631
0.19403
0.202264
0.191624
0.202358
0.207438
0.213245
0.19968
0.183003
0.180701
0.170562
0.168024
0.172007
0.174232
0.158776
0.169228
0.177195
0.178742
0.173547
0.184238
0.183342
0.168344
0.18386
0.182091
0.177984
0.181891
0.203369
0.192589
0.192586
0.217927
0.17358
0.189141
0.162706
0.184184
0.1381
0.166562
0.148933
0.157562
0.160546
0.155126
0.152745
0.1524
0.150318
0.140446
0.134228
0.144831
0.138688
0.136411
0.137083
0.127253
0.140536
0.137894
0.138748
0.135237
0.131078
0.128266
0.118665
0.118238
0.11741
0.103729
0.113963
0.0927452
0.111624
0.126785
0.117156
0.130023
0.122177
0.137207
0.151768
0.160113
0.160924
0.164909
0.176275
0.203858
0.181463
0.164867
0.163701
0.148234
0.125784
0.0922496
0.0893707
0.0890908
0.0974882
0.102345
0.125893
0.11546
0.140237
0.136848
0.147801
0.144061
0.176135
0.154429
0.146779
0.140926
0.148192
0.162654
0.160528
0.180498
0.169856
0.197336
0.192628
0.195795
0.193777
0.190824
0.192121
0.188708
0.167374
0.190488
0.179039
0.16581
0.181354
0.174756
0.169459
0.180099
0.165715
0.182298
0.155709
0.175133
0.194242
0.158271
0.16578
0.179592
0.167456
0.165402
0.190332
0.1546
0.152561
0.154009
0.158238
0.144955
0.133132
0.146644
0.151469
0.123442
0.128158
0.111501
0.103737
0.107363
0.107337
0.0922704
0.0872298
0.0905507
0.0817595
0.08789
0.0935838
0.0799958
0.0774764
0.0710066
0.0734478
0.0672368
0.0728432
0.0539031
0.0634867
0.0632034
0.0645312
0.0712907
0.0741409
0.0805246
0.0551418
0.0500875
0.0578461
0.0646463
0.0599929
0.0529686
0.0536717
0.0539214
0.0615619
0.062169
0.0557212
0.0682264
0.0673979
0.0749775
0.0653229
0.0651788
0.0697101
0.0719165
0.0750014
0.0693334
0.0764767
0.0760854
0.0976428
0.0903117
0.082535
0.0789493
0.0627138
0.0700384
0.0686355
0.0514956
0.0557478
0.0474168
0.0670896
0.0566118
0.0541484
0.0739393
0.0572294
0.06197
0.0542878
0.0557627
0.0493993
0.064782
0.0692412
0.0677576
0.0598225
0.0651338
0.0531464
0.0589586
0.0470204
0.0416334
0.0458263
0.0587196
0.0547448
0.0585944
0.0525356
0.0721624
0.0794295
0.0840843
0.0946353
0.113096
0.125784
0.11885
0.118064
0.124799
0.12387
0.113808
0.118979
0.142332
0.128871
0.133573
0.132079
0.155202
0.128484
0.130756
0.120174
0.125734
0.1361
0.137881
0.168932
0.184553
0.171419
0.185326
0.187793
0.173504
0.200771
0.222987
0.237738
0.251134
0.256513
0.247289
0.232619
0.239176
0.196532
0.155704
0.141969
0.157628
0.12285
0.150174
0.146932
0.177431
0.160503
0.174747
0.16935
0.151731
0.178003
0.181884
0.199208
0.191589
0.176667
0.170819
0.181484
0.177682
0.173335
0.189678
0.210612
0.20797
0.232101
0.251573
0.231596
0.220487
0.256417
0.232082
0.198193
0.197997
0.190193
0.186162
0.19649
0.16928
0.134127
0.142322
0.12467
0.1038
0.082712
0.0802739
0.0753873
0.0595795
0.0448533
0.0404016
0.0266574
0.0241187
0.0252201
0.0129821
0.0156636
0.0135665
0.0143337
0.0178964
0.0148176
0.0108927
0.0165579
0.0154035
0.0125071
0.0127778
0.0177731
0.0272019
0.0310593
0.0254462
0.0248318
0.0242153
0.0149921
0.0143557
0.00700167
0.00389623
0.00662133
0.00334553
0.00595708
0.00810089
0.00395548
0.00644775
0.00491048
0.000721671
0.00848694
0
0.00279694
0.0112238
0.00949499
0.0123414
0.0282177
0.0199114
0.0243407
0.0169981
0.0142636
0.0164835
0.0125908
0.0197124
0.0155247
0.0147958
0.00786634
0.0210739
0.0130439
0.014203
0.021238
0.0180736
0.0191761
0.0127318
0.0226007
0.0264213
0.0320238
0.033542
0.0317562
0.0275948
0.0269513
0.0266058
0.0202094
0.0269948
0.027232
0.0258527
0.0243021
0.029494
0.0321398
0.0215725
0.0260281
0.0341903
0.024884
0.0284761
0.0273839
0.0272051
0.0255106
0.0286035
0.035115
0.0431077
0.0324479
0.0369277
0.0361724
0.0329006
0.0334831
0.0257626
0.0251083
0.0249097
0.0342456
0.0289159
0.0286193
0.0395393
0.0325577
0.0334025
0.0263907
0.0323116
0.0252159
0.0261269
0.0327669
0.0358327
0.0408018
0.0490215
0.0473937
0.0489138
0.0492318
0.0533896
0.0508279
0.0679637
0.0617841
0.0609599
0.064094
0.0646765
0.0690771
0.0760089
0.0622777
0.0691658
0.0676718
0.0635864
0.0665171
0.0737935
0.0724108
0.0788838
0.0760869
0.0843959
0.0938713
0.101549
0.104991
0.107957
0.115523
0.121011
0.100004
0.105105
0.111725
0.102915
0.108728
0.117976
0.109485
0.114688
0.101254
0.116646
0.098871
0.0994078
0.103419
0.114066
0.110288
0.106381
0.106034
0.126945
0.121509
0.142359
0.126464
0.12916
0.118084
0.111356
0.0933169
0.107166
0.0998808
0.105837
0.093822
0.0782218
0.10544
0.107184
0.0975525
0.0897762
0.085987
0.103853
0.100209
0.095595
0.086531
0.0850367
0.101637
0.0820698
0.0920602
0.0926771
0.0965934
0.0975643
0.0780192
0.0776032
0.0693831
0.0649195
0.0770266
0.0655609
0.0644714
0.0602403
0.0678756
0.0496049
0.0492279
0.0635479
0.0565531
0.0421665
0.0365201
0.05066
0.0475444
0.0592072
0.0372775
0.0567238
0.0490447
0.0626042
0.0596568
0.0712004
0.0664431
0.063944
0.0609914
0.0498317
0.0310018
0.0360779
0.0276181
0.0321748
0.0236908
0.0141355
0.0219197
0.0197365
0.0193328
0.0121328
0.0084743
0.0261816
0.0221677
0.0146617
0.0166803
0.0201607
0.0125855
0.0214437
0.0134281
0.0232815
0.0254586
0.0351829
0.0357115
0.0279815
0.0364399
0.054429
0.0541783
0.0477686
0.047498
0.0431153
0.0448098
0.0493161
0.0324018
0.0373245
0.0334963
0.0168847
0.0247913
0.0230016
0.0299428
0.0291595
0.0217548
0.0172157
0.0172807
0.0155954
0.012754
0.0228927
0.0111582
0.017993
0.0149985
0.0192003
0.0145224
0.0292406
0.0235965
0.018566
0.0298052
0.0284504
0.0186092
0.0211789
0.0313032
0.023634
0.0260863
0.0280756
0.0218299
0.0175171
0.0276524
0.0145116
0.0175026
0.015756
0.0179963
0.0142963
0.025602
0.0178554
0.0129626
0.0177582
0.015948
0.0230169
0.0141772
0.0233032
0.0202334
0.0249448
0.0274358
0.0321125
0.0343058
0.0292628
0.0366052
0.0403509
0.0361226
0.0406331
0.0377654
0.0388861
0.0464434
0.0261846
0.0314203
0.0347029
0.0281154
0.0233206
0.0286544
0.0209383
0.026186
0.0224302
0.0212581
0.0228536
0.0175862
0.0277828
0.0250583
0.0215679
0.0238149
0.0235957
0.0287011
0.0178402
0.0313214
0.0365769
0.0361341
0.0332646
0.0369045
0.0382655
0.041317
0.0417439
0.0505216
0.0504932
0.0558084
0.0526704
0.051232
0.0498488
0.0608786
0.0471492
0.0499766
0.0408394
0.0435669
0.0443518
0.0380183
0.0411852
0.0465653
0.0469144
0.0488214
0.0479893
0.0419357
0.0472789
0.0441456
0.0459711
0.0486527
0.0479077
0.0478624
0.0523982
0.0559116
0.0521827
0.0641905
0.0671187
0.0795186
0.102562
0.171556
0.342175
0.512659
0.611209
0.632473
0.621101
0.519793
0.323459
0.171996
0.106561
0.086481
0.0731904
0.0703742
0.070748
0.0673297
0.0691529
0.0691596
0.0602939
0.0696452
0.0704969
0.0650424
0.0643294
0.0716789
0.0634942
0.0652001
0.0709032
0.0671143
0.0623221
0.0665011
0.0683828
0.0655941
0.0674015
0.0575092
0.0647231
0.0594334
0.0512824
0.0563812
0.0513574
0.0601157
0.0550488
0.0595262
0.0504045
0.0526168
0.0512954
0.0607337
0.0516447
0.0538361
0.0556913
0.0550099
0.0557804
0.0589994
0.0563776
0.0680642
0.0694624
0.0662882
0.0670887
0.0632482
0.0607892
0.0603
0.0658485
0.0684359
0.0608948
0.0703307
0.0668218
0.0659499
0.0709835
0.0706002
0.0718175
0.0637915
0.0710848
0.0657824
0.0577779
0.0662839
0.0712511
0.0559256
0.0630011
0.060116
0.0571372
0.0676486
0.0656758
0.0524493
0.0567004
0.0610587
0.0751427
0.0625359
0.0645932
0.0681614
0.0594178
0.0545531
0.0638152
0.0558665
0.0692891
0.0674998
0.0609089
0.065142
0.0671421
0.0673774
0.0631152
0.0665036
0.0674185
0.066316
0.066838
0.0805246
0.0631179
0.0759963
0.0788085
0.0688934
0.0850104
0.0686501
0.0712896
0.0745153
0.0794673
0.0749831
0.0651084
0.0851871
0.0872969
0.0888279
0.102072
0.0877197
0.0935576
0.081989
0.0900438
0.0933265
0.0855858
0.0827809
0.0818205
0.0927434
0.085126
0.0845804
0.0862553
0.0912539
0.0790736
0.0791133
0.0857382
0.0921278
0.0841973
0.0961063
0.0898195
0.0864084
0.08205
0.080646
0.101555
0.0753992
0.0903228
0.0902369
0.0860491
0.0995393
0.113412
0.102502
0.134529
0.107662
0.104002
0.0893572
0.0985743
0.0956542
0.117781
0.102024
0.107729
0.0621201
0.118627
0.110267
0.10012
0.132872
0.105441
0.136839
0.123689
0.115087
0.104339
0.136199
0.147923
0.138928
0.127678
0.119013
0.128676
0.121225
0.137551
0.170258
0.146786
0.146629
0.125771
0.160629
0.145465
0.154793
0.131271
0.101909
0.122555
0.126625
0.128395
0.133095
0.143618
0.118544
0.134885
0.13425
0.102516
0.111937
0.126357
0.115518
0.12624
0.129528
0.122778
0.0949515
0.0897892
0.0993746
0.0918421
0.11021
0.0976151
0.0931734
0.129378
0.148517
0.119723
0.0971698
0.098129
0.102187
0.0820206
0.0635007
0.113091
0.0950337
0.10644
0.0929829
0.106045
0.121159
0.130578
0.120235
0.138665
0.140832
0.144961
0.115167
0.137309
0.0964945
0.0742025
0.0835138
0.0575184
0.0859621
0.0804418
0.0681396
0.0655094
0.0898501
0.0913903
0.0866293
0.0809817
0.0914125
0.0886045
0.0938225
0.0835564
0.0951696
0.0978469
0.0847726
0.0977542
0.111809
0.11214
0.138115
0.136206
0.138745
0.148131
0.164105
0.168803
0.203593
0.200045
0.234639
0.233491
0.239418
0.21694
0.201405
0.139189
0.0762793
0.0751803
0.0636006
0.0649198
0.0654323
0.0710796
0.0829656
0.0873742
0.0729151
0.0760684
0.0838386
0.0661283
0.0624066
0.0808488
0.0747396
0.0670762
0.0476372
0.0828034
0.0729829
0.0627067
0.062529
0.0514102
0.0683166
0.0721461
0.0743137
0.065139
0.0677488
0.0645502
0.0657242
0.0664362
0.0624744
0.0696546
0.061339
0.0619942
0.0677726
0.063389
0.0727815
0.0682698
0.0608563
0.0587581
0.0670583
0.0680044
0.0646067
0.0685981
0.0670164
0.0709675
0.0627915
0.0657713
0.0803534
0.0681315
0.0698645
0.0714141
0.073978
0.0796064
0.0629001
0.0613254
0.0590867
0.0599217
0.0668074
0.0604474
0.0628399
0.0662796
0.0614731
0.0578566
0.0608059
0.0512986
0.0609769
0.0600042
0.0527107
0.0643918
0.0541634
0.0688826
0.0652906
0.0629053
0.0576486
0.0643375
0.0613366
0.0582789
0.0634506
0.0648038
0.0657271
0.0559845
0.0515006
0.0577166
0.066192
0.0537173
0.0579856
0.0625873
0.0634509
0.0635423
0.0594103
0.0658938
0.0695216
0.067877
0.0641139
0.0760943
0.0628088
0.0759525
0.0791579
0.0801234
0.0768311
0.0780971
0.0806273
0.0839123
0.0829472
0.0901041
0.103088
0.0994718
0.105807
0.102149
0.110957
0.110324
0.114291
0.104395
0.0929639
0.0772552
0.0841541
0.0617144
0.0609114
0.0540752
0.056683
0.0609909
0.0628379
0.0526487
0.0605458
0.0573232
0.0564971
0.0599
0.060768
0.060115
0.061484
0.0638773
0.0644715
0.0640659
0.0719696
0.0642825
0.0774194
0.0707702
0.0777338
0.0803252
0.0874166
0.0882711
0.0910518
0.105537
0.0997893
0.115759
0.12767
0.134742
0.148497
0.153234
0.150601
0.163393
0.159842
0.150388
0.143402
0.128509
0.127264
0.115296
0.0871126
0.0947408
0.0873549
0.0836016
0.072867
0.0750277
0.0872493
0.0912541
0.0859361
0.0838058
0.0884596
0.0863268
0.0871587
0.086197
0.0836204
0.0884007
0.111229
0.0959664
0.0959081
0.0990573
0.102538
0.103507
0.113522
0.108955
0.118102
0.117949
0.129104
0.129786
0.138971
0.138824
0.148431
0.153469
0.165655
0.171936
0.187913
0.19686
0.190814
0.184011
0.17509
0.158512
0.149642
0.1443
0.122135
0.124023
0.0991506
0.102598
0.100495
0.0972001
0.0971975
0.0987017
0.102606
0.0910606
0.0946056
0.0959765
0.0874101
0.0991581
0.103122
0.0939906
0.0862671
0.0798817
0.0943578
0.074977
0.0845688
0.0760239
0.0725878
0.0796074
0.0908866
0.0826253
0.0758461
0.0831575
0.0890295
0.0826652
0.07515
0.0727609
0.0898404
0.0756683
0.0867644
0.0874143
0.0878608
0.0819042
0.0858467
0.0848871
0.0825001
0.0823803
0.0906817
0.0868402
0.0851093
0.0779604
0.0847668
0.0888891
0.080813
0.0907423
0.0793605
0.0816798
0.085791
0.082798
0.0771309
0.0915554
0.0949032
0.0857312
0.0954965
0.0875882
0.0860664
0.0908142
0.08739
0.0876573
0.0940746
0.0867756
0.0882168
0.08733
0.0911702
0.0943808
0.0869024
0.0905481
0.096311
0.0891193
0.0951214
0.0963084
0.114003
0.12053
0.133859
0.133755
0.147261
0.133132
0.142467
0.147512
0.170194
0.14228
0.141031
0.156748
0.197315
0.174524
0.174445
0.16381
0.165166
0.148287
0.162909
0.159558
0.153685
0.134142
0.14574
0.123685
0.11111
0.122711
0.107567
0.133463
0.121447
0.125819
0.122085
0.138645
0.142041
0.133549
0.13612
0.142157
0.168621
0.164367
0.15135
0.165304
0.149564
0.15892
0.154805
0.1715
0.150885
0.156367
0.155013
0.142923
0.158541
0.119481
0.161293
0.114051
0.139467
0.15427
0.167311
0.130279
0.126245
0.147728
0.150731
0.217093
0.159611
0.155752
0.186593
0.167426
0.160325
0.181425
0.198894
0.18516
0.196867
0.181201
0.171861
0.167799
0.192136
0.226089
0.186523
0.197496
0.205432
0.203629
0.213109
0.198982
0.225811
0.209729
0.217878
0.223307
0.226437
0.232146
0.227702
0.22385
0.227919
0.232891
0.234299
0.231599
0.217643
0.228204
0.211635
0.216537
0.191691
0.174577
0.167932
0.15606
0.165707
0.143234
0.124382
0.155935
0.125068
0.117747
0.142195
0.0971335
0.114847
0.16511
0.135667
0.13377
0.126703
0.150531
0.120502
0.112076
0.167798
0.160969
0.17572
0.149723
0.172627
0.179262
0.174056
0.194735
0.245283
0.182781
0.22674
0.21841
0.237241
0.276004
0.223565
0.234472
0.249473
0.22673
0.246763
0.26062
0.265512
0.259263
0.29433
0.29385
0.304828
0.296492
0.298762
0.268751
0.285783
0.27738
0.294923
0.269662
0.285269
0.219919
0.255153
0.216522
0.211528
0.210017
0.192463
0.203127
0.159597
0.147526
0.136146
0.110793
0.139837
0.131573
0.121825
0.137132
0.119855
0.105597
0.132687
0.119193
0.118262
0.092135
0.104531
0.12896
0.122755
0.101874
0.11059
0.137759
0.102781
0.0866644
0.0990496
0.134363
0.110489
0.132381
0.167006
0.119608
0.11405
0.133522
0.120076
0.115842
0.138912
0.0994141
0.180697
0.133988
0.153089
0.17464
0.170094
0.149909
0.202672
0.109328
0.174138
0.166139
0.153924
0.164564
0.141822
0.158465
0.137375
0.143561
0.173581
0.154734
0.208603
0.15121
0.118292
0.173345
0.131185
0.139617
0.147252
0.154339
0.140726
0.0711889
0.154807
0.178528
0.157649
0.123776
0.128942
0.123212
0.106545
0.179825
0.172384
0.121372
0.131111
0.108876
0.1394
0.12983
0.105924
0.14884
0.108406
0.115755
0.138452
0.151945
0.155221
0.128007
0.167139
0.184772
0.204676
0.1032
0.167021
0.155155
0.158751
0.151228
0.142061
0.125723
0.0846329
0.177654
0.185483
0.128178
0.136503
0.143496
0.116969
0.208211
0.12221
0.155871
0.17847
0.116368
0.153236
0.186218
0.168321
0.172421
0.174999
0.188585
0.171363
0.150165
0.206183
0.210698
0.188611
0.199845
0.162751
0.137399
0.191591
0.194822
0.133833
0.194599
0.174141
0.136745
0.142449
0.20302
0.133678
0.14434
0.0872911
0.121901
0.143877
0.117533
0.0943656
0.100415
0.0916672
0.073781
