0.126167
0.121658
0.129043
0.119141
0.121629
0.127034
0.133028
0.130528
0.145296
0.148599
0.146103
0.156641
0.154364
0.160199
0.163059
0.161583
0.163385
0.163748
0.170773
0.162114
0.158322
0.156563
0.162189
0.164091
0.173456
0.176035
0.182332
0.188988
0.19079
0.196418
0.195621
0.195968
0.19971
0.201465
0.206033
0.205197
0.201701
0.206598
0.200653
0.195839
0.195259
0.185362
0.190186
0.199259
0.20297
0.209863
0.215413
0.222631
0.223757
0.224553
0.22526
0.21175
0.199593
0.197992
0.197379
0.198002
0.212463
0.236844
0.233436
0.225491
0.216123
0.182551
0.157572
0.146688
0.126934
0.125505
0.120264
0.123922
0.117899
0.108389
0.11553
0.107849
0.109271
0.107384
0.105656
0.107356
0.115012
0.114277
0.117622
0.106493
0.115403
0.111426
0.122451
0.114487
0.115525
0.116081
0.126908
0.124595
0.131808
0.13698
0.140013
0.146038
0.148566
0.147872
0.157169
0.172171
0.178395
0.185929
0.191666
0.19258
0.199846
0.203562
0.202615
0.191101
0.182555
0.16606
0.161219
0.153136
0.160738
0.163965
0.168918
0.168356
0.171834
0.170176
0.17055
0.16823
0.161596
0.157773
0.153096
0.155211
0.157247
0.158296
0.165358
0.164653
0.169708
0.177006
0.181207
0.185557
0.186421
0.190914
0.195566
0.197151
0.197907
0.19793
0.197826
0.19686
0.204446
0.208113
0.203364
0.197086
0.184797
0.177055
0.158825
0.166511
0.168396
0.174458
0.178864
0.1846
0.200741
0.204915
0.197474
0.20832
0.218092
0.220777
0.217729
0.221529
0.227358
0.226356
0.229953
0.230968
0.23245
0.234132
0.2336
0.22362
0.211053
0.181038
0.141351
0.129784
0.117102
0.116348
0.108332
0.105709
0.105592
0.105199
0.107149
0.112164
0.111583
0.111238
0.119374
0.11661
0.126424
0.127008
0.126764
0.123774
0.117048
0.129307
0.118597
0.120536
0.123621
0.120787
0.119269
0.124754
0.126202
0.128578
0.129431
0.131005
0.131586
0.128924
0.121598
0.115109
0.112314
0.105763
0.0975323
0.102085
0.108573
0.102504
0.110964
0.111539
0.117375
0.121155
0.119832
0.135179
0.139657
0.138863
0.147762
0.147163
0.149346
0.158273
0.15643
0.155004
0.160355
0.162306
0.155233
0.141133
0.142775
0.126908
0.120761
0.109523
0.118755
0.12052
0.125172
0.128489
0.131656
0.12854
0.143352
0.144624
0.152182
0.15723
0.166737
0.171137
0.174982
0.185102
0.190583
0.188829
0.198134
0.199766
0.204344
0.203996
0.20089
0.20709
0.206642
0.200699
0.213733
0.206864
0.198761
0.17805
0.15815
0.138704
0.12869
0.133937
0.140829
0.139378
0.131324
0.127032
0.137322
0.145996
0.144619
0.15329
0.156031
0.151037
0.167278
0.174082
0.176821
0.174577
0.191029
0.185571
0.197255
0.191069
0.192507
0.190052
0.184534
0.176072
0.157354
0.136445
0.121486
0.120884
0.112843
0.114608
0.118036
0.112342
0.121551
0.136983
0.126628
0.131085
0.140367
0.130262
0.139947
0.130044
0.123956
0.137756
0.125421
0.132177
0.123301
0.115586
0.117131
0.112096
0.12132
0.118931
0.119812
0.135812
0.128193
0.129941
0.119108
0.117653
0.108658
0.109073
0.0898248
0.0923143
0.0959917
0.0932329
0.0811496
0.101294
0.0935882
0.0984523
0.1101
0.107121
0.0980533
0.110962
0.104289
0.110203
0.109946
0.123026
0.127728
0.127896
0.136602
0.136817
0.145188
0.140225
0.145935
0.147013
0.152417
0.147956
0.156098
0.142566
0.144976
0.117556
0.122031
0.116618
0.119373
0.102565
0.122426
0.103686
0.101682
0.111767
0.102903
0.115724
0.111189
0.112091
0.116205
0.12001
0.118188
0.118017
0.122949
0.129728
0.118236
0.140266
0.137461
0.137046
0.144728
0.160516
0.160473
0.173174
0.17514
0.175352
0.173226
0.178975
0.16813
0.163492
0.152119
0.13563
0.117294
0.115684
0.108653
0.103059
0.104247
0.104967
0.099494
0.101681
0.120659
0.115094
0.111548
0.105347
0.104576
0.0958212
0.105375
0.11579
0.103056
0.117813
0.106351
0.107097
0.108927
0.115444
0.109424
0.118318
0.118651
0.116478
0.12447
0.129656
0.135793
0.15093
0.166441
0.174471
0.191395
0.192728
0.192791
0.181819
0.169953
0.16729
0.160736
0.147652
0.144984
0.136038
0.143281
0.138411
0.137972
0.141458
0.161025
0.131881
0.146561
0.139392
0.155027
0.151884
0.15206
0.153182
0.144821
0.143921
0.135311
0.136247
0.132994
0.12855
0.14184
0.125301
0.133001
0.129701
0.112108
0.0994473
0.12042
0.108271
0.118043
0.123213
0.114019
0.118333
0.102067
0.135493
0.104426
0.119625
0.12987
0.136048
0.122052
0.113411
0.127496
0.115715
0.110971
0.151051
0.142059
0.137725
0.139497
0.125592
0.13982
0.161758
0.146709
0.153876
0.159997
0.153227
0.153386
0.162223
0.18059
0.180503
0.191109
0.193941
0.213071
0.230126
0.227688
0.21178
0.207283
0.184698
0.182498
0.16768
0.131875
0.138613
0.140511
0.180807
0.17317
0.233974
0.275007
0.318719
0.356286
0.352406
0.33785
0.277617
0.204228
0.157233
0.124763
0.121913
0.0987496
0.121174
0.117402
0.133507
0.11876
0.132146
0.125196
0.128979
0.129638
0.120055
0.118665
0.133965
0.128289
0.138711
0.150216
0.136059
0.145832
0.138241
0.131585
0.115505
0.106514
0.108877
0.0974685
0.109303
0.118117
0.113512
0.101372
0.0942038
0.0835148
0.0960635
0.0910296
0.090386
0.0929008
0.0962011
0.0932867
0.10129
0.0963875
0.0983991
0.110381
0.0952076
0.108682
0.103109
0.099594
0.110975
0.0951808
0.104113
0.111222
0.104758
0.114442
0.116695
0.105959
0.100854
0.0939894
0.106151
0.125515
0.104137
0.0929214
0.115005
0.117707
0.121739
0.135402
0.112895
0.124983
0.127256
0.127903
0.103342
0.108396
0.113223
0.0857949
0.0977791
0.0859215
0.122232
0.101927
0.113641
0.113329
0.125916
0.114521
0.11306
0.118279
0.105732
0.120891
0.106372
0.112076
0.101092
0.128718
0.112429
0.0974289
0.113321
0.0992923
0.121893
0.0806334
0.124545
0.0938983
0.104542
0.0852506
0.0990773
0.0852229
0.0941904
0.103689
0.0875563
0.0871426
0.0660684
0.0580957
0.0846047
0.0719088
0.0818242
0.0868959
0.0679535
0.0770072
0.0918844
0.0830679
0.0753622
0.0881722
0.0754469
0.0655411
0.0705868
0.074095
0.0621622
0.0726812
0.0662336
0.0724734
0.0764954
0.0737844
0.067034
0.076966
0.0761159
0.0826279
0.0847043
0.0881973
0.0872107
0.098959
0.11161
0.127085
0.0834968
0.0923661
0.0807121
0.0623089
0.0526041
0.0594693
0.0641745
0.0559425
0.0696831
0.0717595
0.0891535
0.0846977
0.0911688
0.106308
0.0935758
0.113274
0.103024
0.0942971
0.0741887
0.0867788
0.103564
0.0867136
0.0784019
0.0945109
0.117638
0.0886628
0.111113
0.103476
0.089753
0.108733
0.115073
0.117218
0.101065
0.0981017
0.0852892
0.08807
0.0992608
0.0898465
0.100846
0.0966204
0.1046
0.0772259
0.112021
0.120121
0.108304
0.089836
0.119556
0.116327
0.0974778
0.118844
0.0824113
0.113274
0.0854014
0.091256
0.0778862
0.0899818
0.0977364
0.0944273
0.076069
0.0809979
0.0668569
0.067353
0.072271
0.0705089
0.064118
0.0477866
0.050608
0.0556859
0.0489532
0.0521718
0.0532585
0.0473725
0.0403867
0.044291
0.0453826
0.0649764
0.0364089
0.047402
0.0316073
0.0363171
0.0352972
0.0415895
0.0495875
0.0360869
0.0302921
0.037193
0.030563
0.0382221
0.0216802
0.0421257
0.0365673
0.0399757
0.0348132
0.0386028
0.0438463
0.0289149
0.0449583
0.028854
0.0317114
0.0473499
0.0327992
0.0552047
0.0497113
0.0516548
0.0500784
0.0668107
0.0624116
0.060368
0.0395923
0.037237
0.0509562
0.0439098
0.0424966
0.0392781
0.0413128
0.0564302
0.0363517
0.0364658
0.0562688
0.0294647
0.0390399
0.0344896
0.0380628
0.0361612
0.0353265
0.0272606
0.0433478
0.0395
0.0404223
0.0314094
0.0556082
0.0341283
0.013309
0.0331932
0.0531305
0.0375603
0.0377773
0.0146223
0.0521274
0.0471278
0.0508989
0.0692461
0.0600206
0.0539801
0.0718008
0.0714843
0.0752884
0.0536319
0.0743883
0.0713882
0.0816818
0.070713
0.0694598
0.0763379
0.101648
0.0777597
0.0892394
0.0558509
0.0702759
0.0791125
0.0667143
0.094315
0.119654
0.088066
0.0911865
0.115528
0.112913
0.101133
0.115019
0.138479
0.137113
0.148535
0.128619
0.109991
0.13193
0.0979946
0.089028
0.0672564
0.0942339
0.0643939
0.0617686
0.0878168
0.104423
0.0864018
0.0945652
0.0976346
0.0839999
0.0947256
0.117534
0.116732
0.110185
0.117298
0.0841579
0.0890608
0.11179
0.102305
0.111613
0.115092
0.116275
0.14339
0.114287
0.138449
0.123119
0.13009
0.133279
0.098199
0.104572
0.112219
0.100741
0.101459
0.0927176
0.0798869
0.0810295
0.0625558
0.0717079
0.0625199
0.050716
0.0518804
0.0416632
0.0320684
0.0221989
0.0206525
0.0205629
0.0287983
0.0155134
0.0201908
0.0241682
0.017867
0.0150533
0.0128987
0.0125502
0.012529
0.0213432
0.0198128
0.0106235
0.0197597
0.0243136
0.0269997
0.0219923
0.0204566
0.0193935
0.0114304
0.0122321
0.00621987
0.0111172
0.0115275
0.0123409
0.00813277
0.00922369
0.00167734
0.0150676
0.00700842
0
0.011699
0.00694164
0.00531972
0.0154551
0.0121434
0.0173307
0.0151866
0.0133311
0.0232872
0.0176371
0.0113764
0.0131687
0.0186519
0.01777
0.0129393
0.0120724
0.00853781
0.0196619
0.013311
0.01231
0.0109522
0.0160611
0.0107551
0.0114003
0.0140106
0.0209641
0.0164666
0.026463
0.0283983
0.0217107
0.0147737
0.0204214
0.0181086
0.022223
0.0206521
0.0250648
0.0150014
0.0207611
0.0266683
0.0168566
0.0248073
0.028044
0.0220669
0.0203274
0.0195526
0.0166758
0.0259298
0.0277342
0.0216325
0.0249342
0.0170435
0.0254875
0.0310203
0.0155768
0.0254834
0.0179176
0.0120325
0.0175662
0.0241797
0.023678
0.0149418
0.0266737
0.0228841
0.0213927
0.0147561
0.0219715
0.023768
0.0173738
0.0260581
0.0260876
0.0297085
0.0328491
0.0295353
0.0236166
0.0335635
0.0358101
0.0307249
0.0388469
0.0335976
0.029427
0.0371201
0.0413689
0.0385938
0.0460684
0.0446389
0.0395085
0.0435615
0.0388216
0.0374003
0.0449688
0.0342507
0.0431337
0.0477929
0.050145
0.0525534
0.051075
0.0526918
0.0625238
0.0677746
0.0707254
0.0535096
0.0720602
0.0610705
0.0611931
0.0542466
0.0630452
0.0584118
0.0671932
0.0560946
0.0619024
0.0622985
0.0616806
0.0551213
0.0644828
0.0493585
0.0616074
0.0560752
0.0675455
0.0709629
0.0839265
0.0697116
0.0869903
0.0581228
0.0591464
0.0536146
0.0637596
0.0472235
0.0680693
0.0528276
0.0541753
0.0543462
0.0648977
0.0529038
0.0520352
0.0455245
0.0614069
0.0621106
0.0502719
0.044027
0.0575845
0.0680555
0.0561208
0.0531913
0.0524096
0.0462705
0.0622788
0.051837
0.0453633
0.0392072
0.0324584
0.0350742
0.0452606
0.0511203
0.055778
0.0494983
0.0301487
0.0422212
0.036581
0.0402967
0.0241107
0.0251951
0.0280616
0.0416466
0.0364497
0.0335747
0.0305717
0.0437451
0.0424362
0.0396552
0.041106
0.0284151
0.037209
0.0356069
0.0331561
0.0293473
0.0308531
0.00762614
0.0278044
0.0173096
0.0156347
0.00154135
0.0216454
0.0158826
0.00635231
0.00118067
0.0207972
0.0128108
0.0103003
0.0094012
0.0225602
0.0149294
0.0161982
0.00704539
0.0194275
0.0174718
0.0208169
0.0166971
0.0227614
0.0289929
0.0407933
0.0422111
0.0259815
0.0336884
0.0297292
0.0288048
0.0313259
0.0302454
0.0252546
0.0232987
0.0149265
0.0165489
0.0175967
0.019604
0.0201104
0.0133712
0.0103867
0.0168671
0.0149083
0.0135993
0.0150639
0.008903
0.0147558
0.0108697
0.00968399
0.0137673
0.0250497
0.0133428
0.0167352
0.0259902
0.0207026
0.00810742
0.0183839
0.0157008
0.0252332
0.0192396
0.0211624
0.0200036
0.0177058
0.0165328
0.0135637
0.0118745
0.0135729
0.0120199
0.0104532
0.0151567
0.0140341
0.0147408
0.0191067
0.00833523
0.0219213
0.0171824
0.018872
0.0181389
0.0165696
0.0205174
0.0201063
0.0179445
0.0200484
0.0260847
0.0304713
0.0267086
0.0257928
0.0217464
0.0208099
0.0209356
0.0182126
0.0212088
0.0224433
0.0192074
0.0117383
0.0211821
0.0202249
0.0157333
0.0148489
0.014859
0.0162055
0.0131784
0.0172216
0.0141549
0.0162259
0.0149077
0.0232122
0.01858
0.0173293
0.0258634
0.0227587
0.0266659
0.027478
0.0191892
0.0248043
0.0256422
0.0261767
0.0422086
0.03641
0.0348278
0.0363071
0.0376277
0.0292723
0.0313973
0.0293926
0.0379092
0.0332652
0.0257238
0.0203764
0.026068
0.0204191
0.0346821
0.0314079
0.0263856
0.0301488
0.0225178
0.0337429
0.0267571
0.0316543
0.0264781
0.0309345
0.0299037
0.0369933
0.0358555
0.0323668
0.0373965
0.0491222
0.0562281
0.0722423
0.126124
0.265685
0.405916
0.488494
0.514669
0.499162
0.413855
0.241455
0.126694
0.0763689
0.0562058
0.0541723
0.0505909
0.0397277
0.0411822
0.0397709
0.0441571
0.0321854
0.0374505
0.0419297
0.0348843
0.0365987
0.0416092
0.035647
0.0469644
0.0435826
0.0408558
0.0382681
0.038108
0.0426791
0.0448839
0.0437439
0.0314341
0.0428942
0.0308702
0.0324089
0.0351763
0.0300286
0.0378937
0.0417377
0.0387522
0.0381408
0.0311307
0.0375317
0.0404468
0.0407576
0.0311687
0.0351481
0.0304895
0.0361963
0.0365419
0.0349379
0.0392526
0.0407125
0.0390737
0.0436389
0.0348022
0.0344914
0.0363191
0.0384541
0.0450177
0.0308616
0.0429794
0.0403108
0.0389569
0.0438925
0.0382311
0.0429461
0.0417322
0.0462016
0.0502258
0.0216311
0.0370054
0.0409408
0.0399557
0.0434301
0.0357569
0.037301
0.0460778
0.0391757
0.0317886
0.0300578
0.039444
0.0425057
0.0373944
0.0366909
0.0375568
0.0355521
0.0378953
0.0348305
0.0356379
0.0418154
0.0441833
0.0323545
0.0374926
0.0417005
0.0391781
0.0327396
0.0379929
0.034909
0.0378219
0.042658
0.044934
0.0328787
0.0426389
0.0400427
0.0432444
0.0478115
0.0442686
0.0365147
0.039248
0.0455308
0.0485756
0.031642
0.0485626
0.0490363
0.0456836
0.0457959
0.045659
0.0533407
0.0492807
0.0540495
0.0624427
0.0461785
0.0449125
0.0461576
0.0484305
0.055568
0.0462683
0.0531744
0.0462214
0.0358149
0.056061
0.0549108
0.0450605
0.0513275
0.0580254
0.0472831
0.0596926
0.0414642
0.0545507
0.0540051
0.0481178
0.0550217
0.0701438
0.0321696
0.0654079
0.0646668
0.0475601
0.0692646
0.0472799
0.0504202
0.0578521
0.050668
0.0527439
0.0631632
0.0438786
0.0637863
0.0395775
0.0575426
0.0341931
0.0612904
0.084562
0.0627064
0.04492
0.0708602
0.095837
0.0722323
0.0879257
0.0739055
0.0779789
0.0791668
0.0579947
0.0723147
0.0587419
0.0822175
0.10039
0.0882159
0.0735557
0.0797024
0.072482
0.0621424
0.0810138
0.0676627
0.0381761
0.0788076
0.0493209
0.0685731
0.0760815
0.0871292
0.0626286
0.074256
0.0680233
0.0413118
0.0348598
0.052904
0.0781043
0.061136
0.076026
0.0763743
0.0392966
0.0431375
0.0748452
0.0602621
0.0666046
0.0616608
0.0484464
0.0552101
0.0678608
0.0658356
0.038284
0.0718748
0.0591684
0.0439346
0.043024
0.0564041
0.0589685
0.075853
0.0505249
0.0424029
0.0562809
0.0904314
0.0824418
0.0786828
0.0982996
0.0904312
0.064165
0.0806839
0.060254
0.0237202
0.0642464
0.0524457
0.0438189
0.054597
0.0522675
0.0275258
0.057985
0.0641602
0.0459464
0.0381912
0.0404021
0.0426637
0.0539464
0.04386
0.0576632
0.0668544
0.0485787
0.0704531
0.0600826
0.0616052
0.0840247
0.0817082
0.081003
0.0893909
0.100554
0.109132
0.123009
0.123381
0.143212
0.147848
0.150324
0.1386
0.123779
0.0864582
0.0569671
0.042877
0.0372563
0.0287449
0.0429227
0.0373707
0.0341365
0.0321707
0.0588867
0.0323251
0.0611771
0.0465597
0.0335124
0.0469265
0.0509428
0.0321807
0.0434185
0.0286942
0.0383675
0.0346252
0.0369277
0.0300951
0.0480424
0.0447828
0.0412048
0.0367873
0.0283588
0.0362097
0.0446743
0.0391277
0.0345768
0.0306998
0.0301243
0.0334884
0.035439
0.0385318
0.0410843
0.0377618
0.0331136
0.0350748
0.0371527
0.0420245
0.0366234
0.0380973
0.0372252
0.0343315
0.0454192
0.0309112
0.0508126
0.0442518
0.0424284
0.0432839
0.0479851
0.0439283
0.0313139
0.0409208
0.0377942
0.0355593
0.0420782
0.0304804
0.0278797
0.0447313
0.0372303
0.0351036
0.0343258
0.0296037
0.041681
0.0463871
0.0368431
0.0349081
0.0342358
0.0377746
0.042292
0.0354862
0.0355154
0.0422704
0.0363501
0.0339746
0.0409849
0.0385591
0.0484945
0.0280905
0.0346833
0.0343991
0.040141
0.0360178
0.031428
0.0402505
0.0378181
0.0355616
0.033302
0.040238
0.0357836
0.0450473
0.0453833
0.0500367
0.0383985
0.0491033
0.0505309
0.0454088
0.0475151
0.048403
0.0618618
0.0507037
0.057425
0.0536322
0.0643054
0.070638
0.0648919
0.0705461
0.0783463
0.0837704
0.0820237
0.0812796
0.0637111
0.0516913
0.0532874
0.0568136
0.0321983
0.0282102
0.0326223
0.0423649
0.0340801
0.0382337
0.0361533
0.0376185
0.0331773
0.0417502
0.0375239
0.0436273
0.0377896
0.0372257
0.0391306
0.0364795
0.0468503
0.0430466
0.0438573
0.0441484
0.0460059
0.0510943
0.0530833
0.0595386
0.0580244
0.0698251
0.0707116
0.0747704
0.084749
0.0884891
0.0966605
0.0927608
0.099243
0.108802
0.109374
0.10084
0.0938416
0.0883814
0.083991
0.0757703
0.0472791
0.063162
0.0558019
0.0408311
0.0422933
0.0493516
0.059257
0.0440097
0.0391478
0.0603306
0.0550266
0.0442896
0.0464805
0.0555266
0.0534896
0.0494124
0.0651592
0.0579567
0.0536777
0.0634718
0.0675249
0.063755
0.0650416
0.0698367
0.0701045
0.0703873
0.0818789
0.0768344
0.085311
0.0840288
0.0871513
0.0889109
0.0975185
0.101746
0.117931
0.119179
0.115767
0.11651
0.104832
0.0978446
0.0920711
0.0850717
0.0780431
0.0759235
0.059864
0.0673616
0.0530685
0.0505019
0.0589081
0.0581846
0.0598184
0.0560281
0.0645901
0.0611555
0.0588651
0.0606125
0.0637691
0.0587236
0.0442812
0.0421943
0.0610779
0.0507409
0.046678
0.0367897
0.0489717
0.0448297
0.0529531
0.0442774
0.0495556
0.0480041
0.0556494
0.0469943
0.0371708
0.0455396
0.0517396
0.0422271
0.050744
0.0497359
0.0570341
0.0468903
0.0509624
0.0521722
0.0535697
0.0460291
0.0464631
0.0604314
0.0508467
0.0443729
0.0473973
0.0575834
0.0408517
0.0501181
0.044308
0.0494728
0.0395719
0.0387587
0.0448427
0.0506748
0.0441355
0.0550582
0.0591972
0.049843
0.0465774
0.0593071
0.0696941
0.072344
0.0629694
0.0661608
0.0725946
0.074863
0.0724935
0.0791852
0.0820457
0.0806149
0.0855542
0.0786047
0.0794594
0.084152
0.0813121
0.101365
0.091955
0.0854137
0.0854443
0.0956354
0.105812
0.0849157
0.105432
0.089732
0.0973363
0.0864126
0.106303
0.103799
0.103784
0.10789
0.0867794
0.0815506
0.0986016
0.111217
0.09292
0.0658804
0.0980489
0.0691513
0.0508131
0.0791291
0.0579594
0.0956706
0.0662866
0.0964365
0.0860827
0.0844911
0.103197
0.103326
0.102361
0.109234
0.114561
0.113
0.102107
0.112094
0.112195
0.116497
0.108117
0.1172
0.100004
0.0838837
0.0995329
0.0976563
0.125407
0.0645588
0.0726918
0.0646747
0.0683198
0.112854
0.0848434
0.0730308
0.081722
0.0764832
0.0975042
0.0912246
0.107662
0.0973651
0.131234
0.0816442
0.101158
0.122041
0.11603
0.0939499
0.122107
0.123673
0.0929883
0.104005
0.129525
0.153944
0.105831
0.141129
0.127605
0.13471
0.135947
0.133798
0.128281
0.131822
0.138425
0.136782
0.151284
0.160173
0.158704
0.142514
0.145001
0.150244
0.153811
0.164264
0.143935
0.136144
0.13863
0.133574
0.116881
0.112194
0.118343
0.105209
0.0726881
0.0645229
0.0880746
0.0883545
0.0653582
0.0732724
0.0589225
0.103152
0.0673211
0.0963556
0.0614545
0.098568
0.0729622
0.0639623
0.0728968
0.0731562
0.0777877
0.0849535
0.0971321
0.0660253
0.0979175
0.115794
0.10305
0.110009
0.179706
0.119872
0.140898
0.101397
0.116924
0.161648
0.110777
0.150112
0.168607
0.135357
0.129259
0.17638
0.15348
0.155945
0.155699
0.156487
0.187627
0.197538
0.193373
0.169921
0.17447
0.186373
0.180726
0.150606
0.179461
0.139592
0.17571
0.134892
0.1184
0.11345
0.123022
0.109733
0.112101
0.0686824
0.0985076
0.0678807
0.0644163
0.0602066
0.076499
0.0753018
0.0878204
0.0624404
0.0997576
0.0556018
0.0740879
0.0862037
0.0698399
0.0826438
0.0680707
0.0686686
0.0937164
0.0819032
0.0671575
0.0561
0.0789318
0.0950516
0.0663585
0.0674036
0.123332
0.0717784
0.0405819
0.0693051
0.0831534
0.0592655
0.0334593
0.0410005
0.11679
0.0678442
0.110294
0.112429
0.117853
0.133132
0.105555
0.0423437
0.0544563
0.0495576
0.0746683
0.0766468
0.0588298
0.157591
0.0982817
0.122832
0.0895482
0.106428
0.143
0.114308
0.0590736
0.0960555
0.114205
0.0905011
0.109343
0.114451
0.0887428
0.0676579
0.0941863
0.0889406
0.112818
0.0741533
0.0654719
0.105495
0.0936292
0.100553
0.0607569
0.089134
0.0690064
0.0912707
0.0568283
0.0465051
0.00907637
0.111373
0.0413724
0.0528297
0.0300845
0.116233
0.110417
0.0587828
0.0681556
0.112076
0.105795
0.041735
0.0887416
0.090185
0.0490429
0.0690145
0.0595081
0.0486084
0.0826179
0.0904771
0.0680186
0.0425184
0.0543302
0.0569129
0.0600042
0.099796
0.0724832
0.0938852
0.102999
0.0342607
0.109556
0.096186
0.0562977
0.0799973
0.118568
0.122834
0.110282
0.0790705
0.123626
0.13159
0.131241
0.111385
0.119427
0.106001
0.107785
0.139474
0.063343
0.171476
0.0916475
0.0609252
0.06209
0.15645
0.0726462
0.121176
0.0472432
0.100352
0.0869002
0.0726573
0.058465
0.0597909
0.0777412
0.0597854
