0.174861
0.175824
0.188421
0.179228
0.189001
0.189362
0.184622
0.199456
0.205247
0.214026
0.214378
0.220988
0.229924
0.230367
0.238119
0.239793
0.246861
0.248255
0.254686
0.241823
0.244846
0.243429
0.250363
0.257102
0.270721
0.272146
0.285597
0.290031
0.294354
0.300003
0.304688
0.308745
0.312721
0.316478
0.32117
0.325233
0.330253
0.332255
0.325819
0.323201
0.317533
0.305154
0.308675
0.320899
0.334524
0.347006
0.35111
0.360806
0.366406
0.367783
0.357185
0.319805
0.298461
0.296352
0.295836
0.296176
0.318491
0.388619
0.396636
0.379731
0.353647
0.316804
0.253245
0.235442
0.211766
0.192089
0.181267
0.176367
0.168888
0.159355
0.155933
0.147111
0.144821
0.140277
0.134549
0.130954
0.143326
0.145631
0.154397
0.15284
0.15743
0.165563
0.16782
0.165972
0.165138
0.167519
0.173336
0.175238
0.181161
0.190287
0.193906
0.205177
0.215127
0.226938
0.244196
0.266385
0.287616
0.30899
0.321486
0.332238
0.346359
0.340249
0.328987
0.305289
0.27985
0.252785
0.235603
0.2317
0.232347
0.238638
0.243191
0.246272
0.251382
0.255218
0.255759
0.260192
0.246927
0.240704
0.23084
0.239273
0.237436
0.241306
0.253081
0.262919
0.26232
0.269301
0.281057
0.291126
0.289911
0.296095
0.302454
0.303927
0.304051
0.298536
0.29688
0.29856
0.316965
0.33065
0.327331
0.318179
0.289099
0.284899
0.260308
0.261331
0.275756
0.278016
0.280803
0.296776
0.307948
0.323885
0.324437
0.341624
0.351059
0.36262
0.360921
0.367806
0.368353
0.372323
0.373412
0.37536
0.377216
0.381976
0.383932
0.375102
0.339341
0.283355
0.220818
0.176102
0.154757
0.143091
0.137638
0.133918
0.129298
0.129194
0.130226
0.136334
0.14533
0.151763
0.159095
0.172487
0.18199
0.186549
0.187991
0.187332
0.18168
0.1795
0.168775
0.164408
0.16809
0.165385
0.164219
0.165817
0.161922
0.16711
0.170301
0.175898
0.181354
0.180559
0.170784
0.164346
0.155954
0.141223
0.149901
0.14914
0.146735
0.14751
0.152359
0.168109
0.1704
0.179801
0.182057
0.193358
0.195746
0.202771
0.211284
0.213538
0.222345
0.224555
0.230288
0.23517
0.236062
0.239041
0.235297
0.219299
0.218003
0.193566
0.19128
0.182654
0.186708
0.194643
0.196443
0.200047
0.198029
0.20637
0.221433
0.226195
0.241373
0.251108
0.256772
0.26627
0.275653
0.288842
0.29856
0.308251
0.306633
0.313705
0.321164
0.323607
0.327677
0.339154
0.339828
0.342436
0.357452
0.35339
0.350301
0.317935
0.277237
0.234246
0.227783
0.209414
0.222079
0.219896
0.218448
0.215197
0.228543
0.233776
0.241044
0.250283
0.256513
0.254684
0.27162
0.277204
0.276575
0.298087
0.297955
0.300278
0.306828
0.305476
0.306732
0.296802
0.283735
0.259016
0.225568
0.196681
0.165228
0.148797
0.163604
0.160602
0.177301
0.190733
0.197061
0.194296
0.202934
0.217422
0.21818
0.219113
0.213634
0.208987
0.199694
0.194473
0.183718
0.182034
0.172293
0.168514
0.166404
0.159299
0.165757
0.162542
0.172364
0.1783
0.179451
0.184092
0.174638
0.167172
0.164136
0.161311
0.149739
0.159251
0.157672
0.147224
0.151857
0.160391
0.148399
0.151253
0.154204
0.164365
0.162985
0.159915
0.153122
0.160706
0.158737
0.171216
0.190617
0.185732
0.190761
0.200402
0.20001
0.19818
0.207611
0.214211
0.225924
0.228846
0.231695
0.222244
0.224301
0.203455
0.216701
0.206255
0.200551
0.196673
0.185531
0.186903
0.167862
0.173942
0.171605
0.182537
0.189333
0.181092
0.195811
0.193447
0.190093
0.196783
0.191481
0.201842
0.198261
0.205381
0.21044
0.212556
0.22611
0.248559
0.259194
0.268435
0.266481
0.282122
0.283643
0.282309
0.281467
0.271992
0.252886
0.226261
0.191816
0.173444
0.171626
0.156437
0.160802
0.15864
0.161319
0.166772
0.17224
0.166792
0.172399
0.18561
0.176817
0.178321
0.160445
0.174667
0.171429
0.161152
0.160051
0.167815
0.156215
0.156002
0.158127
0.164267
0.16918
0.162831
0.173552
0.183223
0.20177
0.226507
0.254931
0.27696
0.310575
0.315345
0.317766
0.308276
0.294749
0.282013
0.257234
0.247245
0.231753
0.238768
0.23385
0.241635
0.239108
0.250066
0.239515
0.225521
0.233675
0.233724
0.230816
0.234625
0.237076
0.232371
0.221839
0.209223
0.205002
0.197459
0.190499
0.195694
0.200969
0.205399
0.211735
0.211886
0.209514
0.190424
0.204969
0.204295
0.20792
0.20612
0.197454
0.209579
0.197773
0.221311
0.208955
0.213563
0.214798
0.218871
0.199275
0.200013
0.226667
0.220474
0.214381
0.22222
0.212738
0.213248
0.222495
0.229037
0.22802
0.251942
0.225923
0.242566
0.239261
0.250273
0.255363
0.256589
0.279986
0.277047
0.323161
0.33473
0.364911
0.399236
0.406976
0.41208
0.38964
0.352002
0.311164
0.291726
0.239863
0.234717
0.224361
0.264449
0.276795
0.321774
0.369458
0.418406
0.484067
0.485805
0.446747
0.392635
0.311129
0.24067
0.205611
0.197425
0.178138
0.190529
0.181841
0.210684
0.199771
0.207298
0.207296
0.205995
0.209925
0.207821
0.20602
0.212215
0.211517
0.227109
0.231645
0.227931
0.223242
0.226232
0.219463
0.196011
0.176785
0.177481
0.172295
0.1553
0.173425
0.168992
0.173306
0.146317
0.140846
0.136822
0.139842
0.135831
0.135981
0.130894
0.136294
0.139342
0.137903
0.14566
0.158894
0.138504
0.151293
0.14169
0.170273
0.178225
0.174237
0.18807
0.170849
0.205266
0.183403
0.172762
0.182177
0.166379
0.187842
0.170499
0.176876
0.159465
0.157958
0.164797
0.177562
0.182611
0.198974
0.186257
0.201916
0.200991
0.204196
0.195035
0.194449
0.185477
0.159326
0.170789
0.173653
0.17561
0.161769
0.158371
0.177064
0.160854
0.188605
0.168642
0.180105
0.167408
0.194459
0.178618
0.182561
0.18477
0.209807
0.175072
0.18005
0.196001
0.181323
0.183319
0.157176
0.170643
0.152793
0.14753
0.13807
0.150023
0.137205
0.148842
0.149531
0.155819
0.144843
0.136661
0.124475
0.139111
0.123967
0.136017
0.132007
0.122743
0.133583
0.128604
0.143185
0.149635
0.118332
0.13196
0.113514
0.120995
0.122302
0.102209
0.0926058
0.104168
0.106915
0.119078
0.110962
0.122413
0.123798
0.132388
0.140642
0.145513
0.156981
0.164996
0.18561
0.189761
0.186356
0.152203
0.171572
0.146311
0.114189
0.0911163
0.0897158
0.0788419
0.095746
0.10992
0.11802
0.14558
0.137862
0.145363
0.158154
0.15379
0.158879
0.13262
0.130308
0.140419
0.140187
0.122356
0.154567
0.154707
0.179887
0.181002
0.174987
0.188161
0.198403
0.190051
0.190129
0.172037
0.178274
0.181418
0.171376
0.172501
0.176478
0.162316
0.171876
0.177762
0.145839
0.183346
0.144157
0.177724
0.173137
0.163589
0.155281
0.171462
0.181341
0.169058
0.185305
0.155063
0.148253
0.16171
0.15699
0.122974
0.133818
0.131167
0.153011
0.128476
0.126778
0.108359
0.0922655
0.102371
0.0959488
0.0885787
0.0908232
0.0765368
0.0881149
0.0852966
0.0718752
0.0730661
0.0609913
0.070094
0.0576642
0.0609889
0.0808535
0.0649374
0.0675911
0.0476213
0.0575391
0.0621787
0.0685644
0.0677993
0.0587356
0.0528098
0.0493868
0.0650731
0.0596608
0.0528861
0.0538392
0.0657938
0.0683343
0.0480627
0.0611391
0.0610841
0.0592936
0.0737417
0.0517956
0.0676691
0.0736619
0.059526
0.0789419
0.0746844
0.0743471
0.080014
0.0824516
0.0739431
0.0871273
0.0740916
0.0836767
0.0702045
0.063554
0.0577593
0.0549599
0.0500951
0.0556092
0.0538519
0.0397534
0.0748818
0.0398268
0.0555197
0.0539473
0.0589164
0.0635083
0.0512667
0.05974
0.0669156
0.0586719
0.0671351
0.048221
0.0687354
0.0506823
0.0398364
0.0544676
0.0605901
0.0489357
0.0535535
0.0557356
0.0697675
0.0802559
0.0775789
0.0921007
0.10205
0.0938644
0.11544
0.128394
0.118146
0.115517
0.106764
0.119059
0.129006
0.111114
0.133181
0.111754
0.126603
0.127573
0.137228
0.121216
0.129456
0.128637
0.135619
0.17001
0.188434
0.162796
0.144001
0.178454
0.181011
0.185589
0.231425
0.252728
0.23375
0.248931
0.225337
0.23058
0.206576
0.177185
0.154847
0.128468
0.147216
0.113824
0.110206
0.131348
0.16796
0.144529
0.165688
0.169727
0.153654
0.171872
0.174238
0.186035
0.180372
0.182507
0.161191
0.176679
0.171843
0.161551
0.190695
0.205165
0.201957
0.230942
0.242182
0.217274
0.228747
0.220569
0.21694
0.192716
0.174992
0.187174
0.184128
0.186585
0.16119
0.136217
0.134979
0.121462
0.104772
0.0885613
0.0756968
0.0693717
0.0630289
0.039735
0.0277661
0.025421
0.0214833
0.0265181
0.0149536
0.0114608
0.0199819
0.017042
0.0142547
0.0127115
0.011984
0.0138344
0.0145753
0.0215437
0.0134661
0.0170841
0.0263497
0.0253505
0.0335045
0.0294343
0.0174872
0.0172153
0.013061
0.00772945
0.00690718
0.00784726
0.0100952
0.0104124
0.00327871
0.00125325
0.00262396
0.00609735
0.000130967
0.0110939
0.00370677
0
0.00838721
0.00819513
0.0197474
0.0165567
0.0126666
0.024112
0.0091966
0.0146138
0.0167122
0.0143056
0.0140664
0.00978132
0.0141209
0.0126108
0.0202924
0.0152511
0.00957467
0.020185
0.0143444
0.0114132
0.0173271
0.0215595
0.0262384
0.0248335
0.031403
0.0327266
0.0287781
0.0276309
0.0245109
0.0316409
0.028813
0.023366
0.0245372
0.0251463
0.0240171
0.0303782
0.0238051
0.0276764
0.032625
0.0284079
0.0239951
0.0259138
0.0303369
0.0305038
0.0318823
0.0324375
0.0420372
0.0333736
0.0317738
0.0365424
0.0256192
0.0337716
0.0297461
0.0228065
0.0274496
0.0299051
0.0346704
0.0275717
0.0264869
0.0237263
0.0313418
0.0321123
0.0302407
0.0288708
0.0306222
0.0324188
0.0333728
0.0425634
0.0469276
0.0450478
0.037606
0.0471471
0.0539696
0.044881
0.0685772
0.0609838
0.0595044
0.0658695
0.0627015
0.0637376
0.0710415
0.0678994
0.064071
0.0648657
0.0687557
0.0709288
0.0760263
0.0724119
0.0735299
0.0775125
0.0937492
0.0977884
0.100059
0.095519
0.105423
0.103988
0.111058
0.0949572
0.104999
0.109775
0.108432
0.0989759
0.115552
0.110329
0.114827
0.107873
0.105287
0.11381
0.103266
0.106945
0.103555
0.103334
0.108677
0.103055
0.114308
0.126732
0.140914
0.131311
0.130721
0.113715
0.109189
0.0955525
0.102915
0.0845449
0.102231
0.0957183
0.0947189
0.0907137
0.097998
0.0917712
0.093847
0.0826485
0.0994806
0.086131
0.0935092
0.0867441
0.0875913
0.0981533
0.090943
0.0795888
0.0848176
0.0877041
0.0977511
0.0817945
0.0770398
0.0602189
0.0620119
0.065617
0.0507447
0.0526282
0.0670768
0.0529991
0.0623015
0.0596006
0.0486713
0.0545988
0.0430142
0.0487581
0.0415194
0.0439898
0.0524524
0.0376171
0.0597503
0.0514187
0.0566615
0.0557533
0.0483585
0.0511811
0.0715693
0.0554962
0.0475902
0.0321738
0.0402237
0.0252492
0.0279609
0.0138561
0.020366
0.00938661
0.0109487
0.0147693
0.0110836
0.0133969
0.0099013
0.0121057
0.00203651
0.00907921
0.0200674
0.0136904
0.0178728
0.00375626
0.0175483
0.0284317
0.0268309
0.0305223
0.0384909
0.0388339
0.039104
0.0598675
0.0505593
0.0419491
0.0395324
0.0513062
0.0428756
0.0416513
0.0379006
0.0159952
0.0187067
0.0242602
0.029141
0.020796
0.0240376
0.0214846
0.012487
0.0143399
0.0155169
0.0100659
0.0073993
0.00524694
0.017522
0.00940972
0.0189985
0.0002188
0.0242758
0.0221512
0.0172758
0.0333427
0.0325615
0.0245078
0.0257901
0.025803
0.0220971
0.0231877
0.0304359
0.0182879
0.0209025
0.0263205
0.0156805
0.010888
0.0187768
0.0156579
0.0143487
0.0195949
0.0137154
0.0178714
0.0195899
0.0171345
0.0220263
0.0116228
0.0193985
0.0246116
0.0222387
0.0216018
0.0292518
0.0265396
0.0357454
0.0374915
0.0324911
0.0342237
0.0323142
0.0326997
0.0329048
0.0352842
0.0279252
0.0259207
0.0298266
0.0238256
0.0223885
0.020605
0.0268235
0.0288509
0.0219768
0.0187384
0.0230118
0.0161689
0.0263974
0.0178845
0.0206175
0.0250802
0.0189359
0.0272797
0.0217277
0.0290365
0.034652
0.0391785
0.0348111
0.0330784
0.0380136
0.0418481
0.0395447
0.0551824
0.0509914
0.0447839
0.0553233
0.0452249
0.0398458
0.0533178
0.0488909
0.0533244
0.0416434
0.0410105
0.0453444
0.0378971
0.0386519
0.0500256
0.0489279
0.0414292
0.0489709
0.0429338
0.0474163
0.0462054
0.0457637
0.0457131
0.0466771
0.0503878
0.0515603
0.0524472
0.0532178
0.0685074
0.0717542
0.0857193
0.108321
0.175252
0.348999
0.527578
0.630329
0.660912
0.632158
0.532119
0.333073
0.174307
0.10658
0.0874261
0.0806692
0.0706254
0.0712782
0.0673349
0.0669499
0.0737459
0.0655379
0.070845
0.0712769
0.0666502
0.0681595
0.0686637
0.0634904
0.0689541
0.0699887
0.0646895
0.0640629
0.0644111
0.0721754
0.069363
0.0648213
0.0555277
0.0623854
0.0584226
0.0558174
0.0523557
0.054802
0.051362
0.0595503
0.0553222
0.051712
0.0510948
0.0545811
0.0570641
0.0628174
0.0568725
0.0594851
0.0558621
0.0537842
0.0604213
0.06404
0.0627519
0.0637773
0.0643807
0.0658419
0.0662913
0.0613649
0.0612682
0.0642321
0.0663488
0.0619788
0.0719181
0.0685232
0.0673558
0.0678739
0.071119
0.076802
0.0710669
0.0690166
0.0644761
0.0562633
0.051119
0.0598912
0.0646198
0.0630934
0.0574672
0.0550035
0.0474263
0.0592532
0.0581126
0.0512945
0.0622572
0.064568
0.0573779
0.0602748
0.0623645
0.0600259
0.061406
0.0601731
0.059246
0.0651301
0.0676074
0.0633226
0.0616189
0.0645118
0.0701349
0.0617849
0.0677947
0.0679365
0.0671831
0.0659993
0.0700422
0.0605628
0.080084
0.0756945
0.0777422
0.079158
0.074674
0.0700191
0.0719868
0.077407
0.0777455
0.0773814
0.0905715
0.0806702
0.073038
0.087914
0.077788
0.0879125
0.0936447
0.0922865
0.0928493
0.0848123
0.0758726
0.083421
0.09461
0.0972907
0.0811636
0.0935796
0.0976005
0.066585
0.0832956
0.0906773
0.080898
0.0766553
0.0915934
0.0880833
0.0831691
0.0722067
0.0739193
0.0820717
0.0780492
0.0904512
0.0822614
0.0663891
0.0919613
0.0860714
0.0906796
0.094707
0.0882987
0.0971459
0.0930566
0.0902415
0.0730302
0.109404
0.0800429
0.0991631
0.0858343
0.110809
0.0934333
0.137069
0.102922
0.0927484
0.114568
0.116356
0.135986
0.122958
0.115679
0.113444
0.120116
0.120101
0.115279
0.111638
0.118165
0.150109
0.154262
0.127079
0.143766
0.143951
0.147643
0.137006
0.130898
0.124004
0.0827575
0.135652
0.107409
0.119925
0.107677
0.101695
0.115389
0.127434
0.133298
0.0939639
0.0899003
0.110957
0.108959
0.110888
0.124774
0.0873116
0.0910648
0.0922024
0.0902007
0.0835562
0.0917583
0.0956777
0.077399
0.102014
0.0976598
0.106681
0.071415
0.0853786
0.101763
0.0803819
0.0782579
0.0868111
0.0833274
0.0895248
0.104622
0.102444
0.113683
0.123405
0.120158
0.140306
0.131167
0.133913
0.124969
0.11956
0.0875974
0.050981
0.0707149
0.0639466
0.0933439
0.0758211
0.080348
0.0612941
0.0940174
0.0832968
0.080495
0.0760517
0.0760094
0.0675149
0.0787205
0.0753711
0.091244
0.0968883
0.0843384
0.109841
0.0956746
0.112446
0.13259
0.127473
0.131604
0.150717
0.16074
0.182255
0.199786
0.205205
0.237471
0.232503
0.241234
0.221484
0.194708
0.131892
0.0844504
0.0721981
0.0681077
0.0577675
0.0577033
0.0695616
0.0727363
0.0642049
0.0756557
0.0681911
0.07878
0.0751947
0.0714245
0.0792829
0.065272
0.0504674
0.0581809
0.0617625
0.0694826
0.0547805
0.0598534
0.0555773
0.0656445
0.0671103
0.0685259
0.0629233
0.0612771
0.0691616
0.0702322
0.0590989
0.063163
0.0666967
0.0643754
0.0621432
0.0714957
0.0674468
0.0629886
0.0668139
0.0576792
0.0697152
0.0680435
0.0712472
0.067124
0.0692476
0.0680034
0.0705771
0.0630853
0.0595578
0.0807973
0.065708
0.070127
0.0647105
0.0755735
0.0793043
0.0631783
0.0620861
0.0577027
0.0636281
0.0757982
0.0504206
0.0488762
0.0623124
0.0578942
0.0577819
0.0526919
0.0504668
0.0595563
0.0654143
0.0539929
0.055087
0.0528741
0.0556165
0.0535212
0.0634572
0.0557145
0.0640107
0.0651217
0.0596894
0.0608377
0.0656691
0.0655454
0.04887
0.0585195
0.0564259
0.0595089
0.0600873
0.0590522
0.0623445
0.0594478
0.0584218
0.0582313
0.0611771
0.0652222
0.0635103
0.0662345
0.0732396
0.0612664
0.0721736
0.0760382
0.0673251
0.0804598
0.0695487
0.0888698
0.0882978
0.0832616
0.0853765
0.0991381
0.0973647
0.0950968
0.105741
0.109461
0.116875
0.115851
0.105374
0.0920688
0.0764426
0.0710777
0.0618263
0.0530428
0.0555665
0.0561995
0.0608785
0.0578084
0.0619147
0.0585825
0.0514594
0.0588751
0.0557157
0.0564729
0.0615753
0.0598123
0.0621084
0.0660306
0.0648752
0.0704561
0.0720036
0.0723832
0.0749098
0.0737442
0.0826758
0.0803585
0.0922593
0.0953789
0.105992
0.109638
0.119502
0.128687
0.138001
0.140994
0.152388
0.154308
0.1628
0.164434
0.153461
0.143676
0.133349
0.122655
0.113801
0.0893215
0.10636
0.0896168
0.0691063
0.0715911
0.0806444
0.0880563
0.0806574
0.0730299
0.101731
0.0841838
0.0809063
0.0724257
0.0914473
0.0876154
0.0852015
0.0931063
0.0945155
0.0939832
0.0935515
0.10709
0.107302
0.107088
0.118262
0.11956
0.123628
0.130091
0.128426
0.135604
0.141889
0.149481
0.155423
0.165648
0.177067
0.191616
0.195149
0.192518
0.193069
0.178115
0.160208
0.1525
0.139984
0.124579
0.121978
0.0981414
0.10734
0.0969588
0.0942617
0.0876275
0.10404
0.0992468
0.0961047
0.101849
0.0968171
0.0935991
0.0944525
0.0985086
0.0778121
0.0912634
0.0748245
0.0822809
0.0778261
0.0851463
0.0733686
0.0800666
0.0841836
0.0862334
0.0827872
0.0744447
0.0758164
0.0804193
0.0841187
0.0755115
0.0763634
0.0871477
0.0743215
0.0886466
0.0845609
0.09328
0.0853272
0.0828673
0.0840996
0.0867327
0.0746325
0.0857865
0.0857216
0.0755325
0.0802225
0.0877351
0.0921587
0.0859401
0.0855633
0.0859036
0.0875432
0.0814205
0.0752828
0.0793474
0.0879515
0.0905563
0.0908307
0.0854971
0.0854066
0.0853514
0.0865882
0.0917335
0.086352
0.0883037
0.0829627
0.0892106
0.0900553
0.0891958
0.0942148
0.0917032
0.0892935
0.0968478
0.0914884
0.101793
0.0955147
0.108643
0.116168
0.123564
0.119767
0.132869
0.138304
0.140518
0.160937
0.158693
0.140245
0.145704
0.156016
0.193594
0.174572
0.184654
0.186912
0.157799
0.146426
0.168856
0.160398
0.155603
0.12662
0.141839
0.125596
0.0948779
0.135649
0.105623
0.130346
0.109661
0.132813
0.125051
0.122875
0.148251
0.140642
0.153623
0.139955
0.157569
0.15438
0.15353
0.158774
0.155163
0.168312
0.164568
0.147908
0.146971
0.138642
0.14896
0.148576
0.14948
0.11321
0.154582
0.12592
0.117614
0.147997
0.145744
0.128702
0.107123
0.120907
0.140505
0.155607
0.138423
0.150305
0.200015
0.156087
0.157441
0.157207
0.177339
0.172025
0.182325
0.188061
0.172323
0.177803
0.181014
0.194703
0.174112
0.188219
0.204502
0.211404
0.199769
0.202807
0.223232
0.21099
0.211531
0.23399
0.234125
0.23404
0.233344
0.231382
0.238797
0.234337
0.234716
0.235313
0.216689
0.204142
0.194536
0.205933
0.182387
0.175075
0.169491
0.167075
0.111157
0.129038
0.130389
0.132783
0.118124
0.12333
0.112951
0.105987
0.110555
0.133581
0.126389
0.112782
0.0922761
0.145075
0.0978963
0.12023
0.169054
0.144464
0.161068
0.114743
0.146225
0.173139
0.149845
0.166091
0.25646
0.192354
0.194115
0.219892
0.224281
0.253521
0.235854
0.229883
0.235197
0.227084
0.242776
0.280438
0.248903
0.272942
0.295428
0.269572
0.300242
0.298542
0.304352
0.291817
0.279622
0.27265
0.283801
0.27531
0.270537
0.227311
0.25733
0.201531
0.216281
0.197188
0.177772
0.166357
0.109429
0.127955
0.152225
0.0863568
0.102475
0.117939
0.11271
0.126273
0.0946034
0.0993008
0.0985084
0.090368
0.111701
0.0855932
0.091401
0.105463
0.11144
0.0663159
0.0861374
0.108491
0.0917191
0.0869342
0.0937169
0.140284
0.0781004
0.108485
0.137834
0.10207
0.106381
0.129376
0.101958
0.10671
0.0847655
0.127034
0.149613
0.115613
0.109995
0.142272
0.12596
0.163266
0.118061
0.143915
0.205206
0.101716
0.0977263
0.107708
0.128697
0.168479
0.133774
0.146747
0.14642
0.172324
0.159173
0.0930264
0.102149
0.119138
0.138257
0.118978
0.131355
0.152928
0.122791
0.095606
0.139797
0.144025
0.154128
0.0930477
0.107144
0.125245
0.10811
0.177343
0.0875577
0.0883677
0.15044
0.0783212
0.120797
0.0953565
0.0607906
0.142148
0.100378
0.115003
0.0921622
0.138376
0.156227
0.131636
0.0978632
0.130458
0.168148
0.0626363
0.115281
0.0767811
0.104829
0.148506
0.128058
0.0846672
0.0854448
0.127053
0.143065
0.10561
0.0535681
0.107822
0.141759
0.155314
0.133941
0.112364
0.126901
0.109771
0.155724
0.115635
0.151509
0.132229
0.144955
0.175613
0.149097
0.123036
0.195842
0.158063
0.157339
0.158017
0.146121
0.135763
0.163226
0.158038
0.121132
0.165025
0.133819
0.122337
0.0990178
0.189038
0.125767
0.146046
0.0881673
0.121822
0.142489
0.0873199
0.0637576
0.0752345
0.0753464
0.0642643
