0.165615
0.170457
0.177895
0.177982
0.183707
0.177713
0.180862
0.191638
0.206071
0.204919
0.206625
0.210558
0.214306
0.224187
0.228349
0.22674
0.238126
0.235414
0.241107
0.231008
0.231728
0.233605
0.237734
0.248718
0.252336
0.257149
0.267265
0.277118
0.280282
0.279073
0.288962
0.295099
0.295717
0.297668
0.30407
0.310167
0.312744
0.313612
0.309551
0.306716
0.292018
0.285682
0.296543
0.30323
0.309844
0.328843
0.33626
0.340226
0.343192
0.347708
0.341697
0.305605
0.285113
0.283233
0.282666
0.282745
0.30504
0.369003
0.374107
0.355494
0.331725
0.292995
0.254739
0.221403
0.197385
0.185243
0.174148
0.175421
0.160563
0.152699
0.143762
0.143482
0.14375
0.142028
0.129753
0.131236
0.148719
0.14059
0.148502
0.152714
0.14996
0.150993
0.157286
0.160193
0.159744
0.159566
0.167131
0.168559
0.175075
0.181388
0.185512
0.198236
0.207303
0.210338
0.231204
0.250231
0.273515
0.295642
0.303455
0.311286
0.318648
0.319559
0.307895
0.287317
0.263432
0.24063
0.228013
0.223248
0.22732
0.227898
0.235504
0.236558
0.241637
0.243725
0.246736
0.248854
0.23991
0.233339
0.223187
0.224282
0.23145
0.238075
0.244609
0.25121
0.255753
0.261257
0.270891
0.272438
0.278422
0.280917
0.288015
0.288393
0.290662
0.28412
0.283452
0.284193
0.300995
0.314314
0.309191
0.296533
0.279557
0.268936
0.256746
0.249261
0.25833
0.26132
0.270313
0.27609
0.300243
0.301953
0.315068
0.323142
0.329499
0.347409
0.340451
0.352496
0.349975
0.35462
0.354405
0.357204
0.358762
0.361988
0.364702
0.352473
0.323132
0.270578
0.209739
0.172844
0.146681
0.145938
0.13442
0.130813
0.125064
0.127252
0.128202
0.132387
0.143711
0.145954
0.156054
0.167718
0.174659
0.182261
0.180541
0.182338
0.167766
0.176245
0.164747
0.1588
0.15902
0.156169
0.157895
0.156546
0.158788
0.160641
0.165377
0.168813
0.173535
0.169956
0.162631
0.158781
0.153783
0.149632
0.139825
0.14584
0.139318
0.14487
0.147283
0.15253
0.157059
0.175347
0.176288
0.186281
0.19269
0.194137
0.204358
0.207686
0.209788
0.211398
0.219563
0.223515
0.225544
0.226016
0.22213
0.216
0.207212
0.186907
0.175526
0.177
0.173904
0.184985
0.194894
0.190137
0.198055
0.198313
0.206496
0.213493
0.227107
0.239549
0.245685
0.254194
0.264172
0.274295
0.281245
0.291029
0.291771
0.299649
0.304785
0.304575
0.314597
0.320587
0.322784
0.32094
0.334123
0.330845
0.325852
0.312055
0.26498
0.223711
0.225043
0.203507
0.191507
0.206803
0.204217
0.211176
0.208811
0.228313
0.235496
0.237085
0.250054
0.243282
0.255424
0.262842
0.263504
0.275116
0.284418
0.289974
0.292473
0.288646
0.292675
0.282711
0.265754
0.247723
0.217208
0.184271
0.158284
0.152715
0.154731
0.160957
0.174049
0.17931
0.189267
0.195975
0.187139
0.206306
0.211249
0.210219
0.203439
0.198542
0.188833
0.195024
0.175265
0.182846
0.15682
0.161928
0.16715
0.153852
0.156447
0.15796
0.162025
0.174449
0.173977
0.177726
0.170347
0.157755
0.150073
0.165091
0.143791
0.153767
0.135783
0.148074
0.144663
0.152416
0.160039
0.134114
0.152837
0.151282
0.15218
0.146487
0.151238
0.159453
0.162688
0.175368
0.173867
0.171488
0.183734
0.192861
0.190831
0.199956
0.20219
0.210474
0.212288
0.216505
0.224793
0.220809
0.222156
0.19988
0.208062
0.203151
0.200666
0.177989
0.175691
0.175288
0.158069
0.173843
0.16697
0.176236
0.187482
0.175405
0.185977
0.183598
0.180784
0.194437
0.178852
0.195322
0.185108
0.200032
0.200363
0.206968
0.217309
0.236915
0.248966
0.257674
0.262674
0.270548
0.267477
0.273688
0.266026
0.26608
0.23751
0.212386
0.176297
0.177759
0.16396
0.152899
0.144166
0.145571
0.153284
0.172246
0.16851
0.169005
0.17904
0.174147
0.165721
0.163379
0.147913
0.149846
0.15694
0.153219
0.150234
0.154818
0.151592
0.147414
0.153455
0.159606
0.155576
0.157075
0.167054
0.182933
0.196333
0.224162
0.237128
0.26208
0.285072
0.292003
0.298038
0.300623
0.27848
0.256265
0.25019
0.233948
0.23355
0.216567
0.225504
0.232905
0.219519
0.23821
0.244806
0.223169
0.230997
0.213866
0.223678
0.222464
0.221765
0.222972
0.218295
0.207784
0.191332
0.184742
0.180834
0.188768
0.189794
0.20062
0.208389
0.198373
0.204115
0.178859
0.195419
0.177817
0.197892
0.199703
0.190972
0.208582
0.187676
0.217044
0.182177
0.211086
0.206854
0.19478
0.192841
0.181371
0.200973
0.179148
0.208312
0.236432
0.20305
0.20537
0.212316
0.203596
0.216022
0.237163
0.222652
0.233237
0.239905
0.237783
0.235294
0.245266
0.273024
0.269529
0.30205
0.319275
0.349984
0.395027
0.394338
0.392863
0.367247
0.333474
0.299045
0.278118
0.223312
0.223949
0.210082
0.253778
0.267983
0.310519
0.350987
0.405237
0.464006
0.458683
0.414735
0.370334
0.29143
0.232474
0.186046
0.182175
0.175158
0.180127
0.184806
0.189107
0.194558
0.193455
0.198826
0.203799
0.199478
0.202433
0.20396
0.207105
0.199928
0.210664
0.219711
0.216833
0.221938
0.20673
0.212398
0.196221
0.177282
0.167879
0.168397
0.162461
0.171901
0.160369
0.147192
0.14688
0.130751
0.141909
0.122669
0.130847
0.124887
0.128018
0.133941
0.141029
0.124056
0.130705
0.150525
0.142579
0.153107
0.140388
0.176872
0.178098
0.145684
0.17966
0.172329
0.180976
0.19469
0.178262
0.16565
0.169371
0.179999
0.169007
0.152525
0.147469
0.139278
0.164172
0.143666
0.179372
0.169517
0.179481
0.201111
0.188675
0.214315
0.182606
0.181863
0.18603
0.152105
0.159953
0.152654
0.182429
0.152843
0.168714
0.180736
0.169008
0.179781
0.175222
0.169383
0.161713
0.179767
0.162206
0.181817
0.175062
0.195434
0.18987
0.174154
0.201981
0.170521
0.17515
0.16824
0.1626
0.152051
0.150125
0.143343
0.147583
0.140582
0.145181
0.136138
0.134352
0.118355
0.127031
0.120828
0.130432
0.115475
0.131195
0.136298
0.119202
0.129041
0.147612
0.145283
0.132957
0.13141
0.120556
0.108261
0.100042
0.11637
0.103023
0.102699
0.0972926
0.0979653
0.112985
0.0975693
0.115846
0.123055
0.122387
0.141202
0.13872
0.163189
0.168194
0.171497
0.17981
0.173748
0.154523
0.151292
0.139382
0.111987
0.0932429
0.0692706
0.0821598
0.0861859
0.104006
0.113839
0.107949
0.132958
0.126801
0.1497
0.152286
0.171849
0.136562
0.124921
0.112775
0.131375
0.134188
0.154163
0.149127
0.159625
0.159158
0.155773
0.17507
0.171364
0.198123
0.202035
0.165396
0.162446
0.168799
0.141806
0.155394
0.135834
0.157676
0.154497
0.156774
0.156537
0.169672
0.130945
0.161724
0.173253
0.164461
0.156826
0.160955
0.174418
0.165353
0.190899
0.143053
0.170549
0.152063
0.150324
0.1373
0.129441
0.120236
0.124025
0.121355
0.123058
0.108715
0.0973891
0.103765
0.104208
0.0936482
0.0757731
0.080224
0.087308
0.0769209
0.0652868
0.0662728
0.0670651
0.0610642
0.0703987
0.0703061
0.0758507
0.0567973
0.0687683
0.0522416
0.0568332
0.0632963
0.0631001
0.0662107
0.0574516
0.0526524
0.0565882
0.0647092
0.062909
0.0547254
0.0533306
0.0601241
0.0610132
0.0511392
0.0637034
0.0611044
0.069522
0.0633183
0.0666494
0.0645156
0.064913
0.0677146
0.0735948
0.0684297
0.0701473
0.0809194
0.0777983
0.079571
0.088858
0.0712504
0.0725568
0.0704605
0.0631532
0.0576863
0.0554345
0.0468547
0.0627494
0.0497837
0.0404309
0.0741357
0.0400488
0.0573877
0.0528171
0.0589946
0.0584298
0.0520357
0.0628266
0.0468843
0.051938
0.0600831
0.0509881
0.0659308
0.0602864
0.0519785
0.0510809
0.0533958
0.0372147
0.0531602
0.0636392
0.0685451
0.0633125
0.0729047
0.0938086
0.0968054
0.102773
0.105883
0.116455
0.0955361
0.127705
0.107597
0.113974
0.131861
0.119264
0.110157
0.12034
0.143533
0.113529
0.125672
0.118226
0.121813
0.136166
0.125912
0.147797
0.168202
0.15419
0.156182
0.175224
0.187875
0.180371
0.203715
0.210162
0.226963
0.239829
0.233682
0.210586
0.215875
0.179886
0.142538
0.135483
0.155917
0.119924
0.124136
0.136413
0.149929
0.13442
0.152082
0.156754
0.15054
0.163597
0.172271
0.201173
0.182344
0.174623
0.167208
0.158811
0.162213
0.15658
0.166878
0.188776
0.198027
0.227204
0.232991
0.208017
0.220298
0.219775
0.201904
0.172127
0.190342
0.185953
0.163732
0.176304
0.145275
0.151074
0.126848
0.104932
0.0967481
0.0876336
0.0782641
0.0719807
0.0517974
0.0521164
0.0362495
0.0203801
0.0162145
0.0228225
0.0182125
0.018266
0.0179808
0.0225357
0.0154582
0.0141312
0.00845016
0.0169799
0.0168054
0.0189756
0.017723
0.0227083
0.0254109
0.0291946
0.0336633
0.0279645
0.018108
0.0122419
0.0172961
0.00479261
0.0079921
0.00744964
0.00604964
0.00822971
0.00574606
0.00390882
0.00956325
0.00815984
0
0.0113705
0.00308518
0.00791203
0.0154787
0.0127777
0.0146779
0.0156739
0.0156075
0.0225132
0.0199638
0.0134851
0.0177626
0.0149246
0.0227937
0.00991034
0.013675
0.0139595
0.0206124
0.0135591
0.0148867
0.0190686
0.0152623
0.0104708
0.0189842
0.0173601
0.0251416
0.0291583
0.0270603
0.0340114
0.0334361
0.0276325
0.0332435
0.027166
0.0268514
0.0305256
0.0324538
0.0255268
0.0266698
0.0289118
0.0255583
0.0299606
0.0284915
0.0275661
0.0315447
0.0232778
0.026226
0.0307699
0.0313634
0.0396625
0.0423028
0.0325066
0.0337014
0.0298067
0.0249055
0.0328223
0.0314781
0.0274046
0.0227993
0.0257092
0.0283617
0.0254991
0.0343116
0.0343219
0.0328575
0.0255353
0.0335416
0.0319153
0.0289865
0.0318379
0.037147
0.0394381
0.0450845
0.0508572
0.0418706
0.0482548
0.0555244
0.0524957
0.0670286
0.0570051
0.057346
0.0599087
0.054877
0.0639944
0.0676236
0.0653229
0.0645859
0.0616661
0.0595712
0.0673616
0.0685003
0.0738363
0.0740984
0.0805147
0.0825034
0.100257
0.0915592
0.0885024
0.101812
0.100878
0.104673
0.0968356
0.105371
0.108033
0.102092
0.094224
0.102295
0.100797
0.111633
0.104338
0.105381
0.105788
0.097439
0.107272
0.109104
0.0998592
0.105754
0.107851
0.114631
0.114595
0.128712
0.125623
0.117555
0.104875
0.10236
0.0891184
0.0907247
0.0875527
0.0939705
0.0906284
0.0875922
0.0961433
0.0896067
0.0859365
0.0796205
0.085535
0.0994451
0.0866838
0.0856205
0.0930996
0.0852826
0.094421
0.0873793
0.0857923
0.0936663
0.0947678
0.08733
0.0863931
0.0714435
0.0652985
0.0575173
0.0652912
0.053685
0.0625494
0.069429
0.0628271
0.0459993
0.0503951
0.0601009
0.047253
0.0436754
0.0418651
0.0400033
0.0474287
0.0522191
0.0404638
0.0578469
0.049873
0.0526235
0.0625299
0.0532068
0.0577653
0.0475834
0.0667924
0.0644623
0.0302783
0.0369146
0.0146551
0.0240612
0.0208688
0.0235677
0.0133333
0.0210283
0.0258834
0.0170782
0.00916927
0.0140229
0.0160461
0.0147511
0.015894
0.0180778
0.0100172
0.0180695
0.0166035
0.0245788
0.0247157
0.0290805
0.0285084
0.0395031
0.0382759
0.0453831
0.0605179
0.045359
0.0444761
0.0342239
0.0360842
0.0417437
0.0397469
0.0361391
0.0298342
0.0269086
0.0231929
0.0216179
0.0205367
0.0276009
0.0244843
0.0192339
0.0285474
0.0245879
0.0153948
0.0193942
0.0162007
0.0154792
0.0143983
0.0242271
0.0177022
0.0224848
0.0122874
0.0285517
0.0265119
0.0287313
0.0270095
0.0284956
0.0295082
0.0241584
0.0252279
0.0291405
0.026695
0.0239778
0.0284028
0.0162292
0.0159914
0.0100624
0.0160046
0.0181476
0.023275
0.0181789
0.0134173
0.00937462
0.0146733
0.0264671
0.0168267
0.018434
0.0194576
0.0248503
0.0320722
0.0252534
0.0263407
0.0307292
0.0299206
0.033059
0.0386944
0.0309507
0.0347841
0.0429504
0.0319555
0.0263022
0.0286449
0.0269937
0.0283253
0.022269
0.0246842
0.0255543
0.0260928
0.0190964
0.014888
0.0195634
0.0174912
0.0276646
0.0237763
0.0242497
0.0250735
0.0221306
0.0277333
0.0197827
0.0306282
0.0324051
0.036236
0.0336788
0.0363074
0.0392424
0.0454034
0.0368278
0.0493302
0.0527198
0.0470841
0.0502629
0.0514731
0.0461089
0.048564
0.0475788
0.0503805
0.0496056
0.0418071
0.040849
0.038022
0.0349971
0.0444159
0.0439832
0.0487202
0.0492827
0.0394974
0.0486616
0.0420013
0.046917
0.0428688
0.0482602
0.0473509
0.052973
0.0525183
0.0497748
0.0628464
0.0662992
0.0786497
0.102624
0.158209
0.327143
0.49178
0.597361
0.62104
0.598611
0.510399
0.311567
0.167659
0.101635
0.0885723
0.0719573
0.073229
0.066132
0.0681996
0.0683463
0.072303
0.0615205
0.065891
0.068143
0.0609054
0.0657262
0.0672806
0.0621058
0.0675883
0.0643691
0.0648301
0.0607164
0.0681678
0.067328
0.0638212
0.064528
0.0556031
0.0611251
0.0495086
0.0482321
0.0583207
0.0508855
0.0533637
0.0582017
0.0535433
0.0463588
0.0556897
0.0538832
0.0632718
0.0569655
0.0600438
0.0532528
0.0567565
0.0569974
0.0605701
0.0582753
0.0623305
0.0669986
0.063085
0.0639593
0.0609832
0.0607178
0.0591405
0.0607279
0.064224
0.0668851
0.0685016
0.0683618
0.0653379
0.0623636
0.066724
0.0690405
0.0623807
0.0684686
0.0587212
0.0613063
0.0576405
0.0650896
0.0633035
0.0640859
0.0566232
0.0566328
0.0618008
0.0561541
0.0595105
0.0506111
0.0562251
0.0643768
0.0576096
0.0546422
0.055965
0.0619379
0.0620616
0.06048
0.0613003
0.0604132
0.0568345
0.0581949
0.0655949
0.057149
0.0621353
0.0625285
0.0659563
0.0685022
0.0620503
0.0684561
0.0642564
0.0638135
0.0690633
0.0768079
0.068227
0.0785372
0.0743844
0.0589447
0.0708164
0.068693
0.0622074
0.0698132
0.0667118
0.0735268
0.0682816
0.0779864
0.0690685
0.0982688
0.0815233
0.0931504
0.0966577
0.0841063
0.0737754
0.0781826
0.0892825
0.0858751
0.0772932
0.0860436
0.0893605
0.0667642
0.0829072
0.0889085
0.0878583
0.0864818
0.0879795
0.0779631
0.0907388
0.0745948
0.0709042
0.0869559
0.0798022
0.101788
0.100476
0.0664106
0.0906738
0.0925057
0.0982355
0.0928427
0.0924881
0.0813989
0.0917754
0.0918898
0.0944888
0.142654
0.0896669
0.102352
0.0851795
0.0870942
0.0923635
0.123925
0.11679
0.086952
0.103446
0.113087
0.117706
0.109069
0.139485
0.131317
0.10622
0.118487
0.0931622
0.10938
0.111493
0.134323
0.150032
0.117337
0.133383
0.134412
0.158638
0.100193
0.117258
0.127058
0.104063
0.130006
0.1127
0.118837
0.116806
0.128902
0.0968473
0.106858
0.108564
0.0903544
0.0903407
0.102117
0.113795
0.0961834
0.112284
0.113556
0.0707506
0.104189
0.10392
0.0994256
0.0968636
0.0893023
0.0922546
0.104897
0.129655
0.102189
0.0940138
0.100529
0.0946383
0.0835085
0.0957586
0.0921126
0.0599221
0.0930706
0.0835575
0.0936254
0.126533
0.109558
0.108879
0.127666
0.119951
0.132813
0.11763
0.109008
0.0892324
0.0784309
0.0730832
0.0742153
0.0747295
0.0796614
0.0829033
0.0632205
0.076087
0.0926752
0.0714338
0.0797579
0.0593584
0.0808116
0.0880853
0.0731773
0.0866897
0.0856538
0.0861667
0.105723
0.0992669
0.109916
0.138386
0.123861
0.119699
0.135706
0.142976
0.167854
0.186726
0.191331
0.220233
0.220638
0.235092
0.213602
0.176916
0.126123
0.0824514
0.0728066
0.0551682
0.0557484
0.0679493
0.067497
0.0792468
0.0639176
0.0691031
0.0544939
0.0715026
0.0639467
0.0581741
0.0847817
0.0610293
0.0478895
0.0431455
0.0642603
0.0807619
0.0586117
0.0542418
0.0573394
0.0672126
0.0656186
0.0695598
0.0559007
0.0612534
0.0658109
0.0694165
0.0603794
0.0639976
0.058092
0.0586233
0.0614626
0.0698061
0.0655674
0.0675369
0.0616117
0.0605821
0.0646624
0.0657753
0.0675168
0.0643435
0.0688854
0.0576782
0.0696883
0.0647471
0.0705586
0.0745144
0.074426
0.075077
0.0676066
0.0670762
0.0742165
0.0570514
0.0610714
0.0646457
0.0530056
0.0657522
0.0537198
0.0528134
0.0595596
0.0451023
0.0530462
0.0513951
0.0490121
0.0658035
0.0656841
0.0495817
0.0567702
0.0576867
0.064248
0.0560155
0.0551174
0.0580728
0.0609356
0.0679251
0.0575988
0.0561238
0.062912
0.0585137
0.0524911
0.0522233
0.0486487
0.054469
0.0515339
0.0546263
0.0633127
0.0571747
0.0575761
0.0569523
0.0599387
0.0574524
0.0677546
0.0658751
0.0684207
0.064773
0.0720321
0.0786104
0.067081
0.0712854
0.0727813
0.0756087
0.0742285
0.087673
0.0876095
0.0893487
0.100313
0.0937983
0.103757
0.11051
0.108559
0.113615
0.0992947
0.0886516
0.075014
0.0788614
0.065755
0.0564579
0.0472439
0.0475699
0.0498349
0.0627617
0.0581155
0.0579741
0.0582858
0.0518008
0.0585303
0.0573062
0.0554249
0.0596112
0.0662174
0.0550433
0.064548
0.0658248
0.0679863
0.0683521
0.0707344
0.0740196
0.0833906
0.0844587
0.0880086
0.0910485
0.102453
0.0992897
0.112462
0.126782
0.129577
0.13847
0.143389
0.147021
0.154515
0.156869
0.144585
0.14044
0.128099
0.120218
0.109704
0.0794262
0.0895453
0.0802667
0.0773033
0.0664873
0.0648661
0.0696502
0.081129
0.0767209
0.0861156
0.0692251
0.0768006
0.0788874
0.0766523
0.0816232
0.0816314
0.0913398
0.0894229
0.0911953
0.100562
0.10118
0.10513
0.108446
0.1094
0.114059
0.116562
0.122974
0.125206
0.132385
0.138916
0.143379
0.145093
0.155974
0.163184
0.181929
0.185098
0.184243
0.180949
0.173624
0.153143
0.146083
0.134112
0.120429
0.116567
0.101313
0.10281
0.089741
0.08775
0.0879005
0.0894211
0.100883
0.0838352
0.0960914
0.086728
0.0950073
0.101029
0.0883008
0.0692466
0.0772276
0.0743047
0.0828524
0.0740462
0.0737878
0.0653953
0.0754693
0.0808898
0.0785429
0.0831539
0.079539
0.0774983
0.0896939
0.076417
0.0668746
0.0719008
0.0838822
0.0730669
0.0828007
0.0779167
0.0853902
0.0762622
0.0768297
0.0812243
0.0782942
0.0759722
0.074874
0.0840745
0.0800458
0.0710279
0.0784867
0.0871909
0.0797566
0.0809777
0.0791582
0.0861476
0.083543
0.0787239
0.083336
0.084249
0.0809481
0.0798974
0.0901985
0.0813755
0.0809052
0.0884115
0.089569
0.0907935
0.0876588
0.0848142
0.0858012
0.0862903
0.0871198
0.0961688
0.088096
0.0925407
0.0980706
0.0896395
0.104058
0.0961738
0.101271
0.114695
0.13054
0.114379
0.129382
0.134313
0.151995
0.15108
0.143456
0.144264
0.139011
0.149613
0.181401
0.17011
0.169815
0.167534
0.143541
0.132831
0.15776
0.147077
0.138538
0.110133
0.132362
0.11603
0.107442
0.121662
0.0974222
0.120024
0.112113
0.143605
0.113137
0.118734
0.143592
0.130466
0.14104
0.140181
0.145898
0.159839
0.144618
0.158987
0.155708
0.158223
0.151645
0.156016
0.14378
0.141268
0.147881
0.155442
0.154271
0.118989
0.130268
0.118397
0.13291
0.112362
0.148342
0.124181
0.132687
0.127271
0.136121
0.136696
0.14315
0.174464
0.170049
0.146173
0.138505
0.177735
0.182373
0.164025
0.177044
0.191741
0.17368
0.134659
0.194195
0.211889
0.185285
0.186112
0.181107
0.197162
0.222827
0.203875
0.198604
0.205059
0.207629
0.21309
0.220453
0.231872
0.229676
0.223372
0.22172
0.221707
0.20894
0.231827
0.222749
0.207439
0.209335
0.210172
0.163539
0.158887
0.144891
0.145605
0.113849
0.115391
0.108384
0.134603
0.114675
0.136764
0.125684
0.115491
0.0912714
0.154097
0.130888
0.130398
0.10127
0.164918
0.113378
0.122371
0.141353
0.123596
0.134386
0.113497
0.16132
0.152594
0.177719
0.201278
0.225696
0.198304
0.219727
0.20177
0.194337
0.239515
0.198394
0.23389
0.239704
0.224459
0.220938
0.22625
0.248874
0.249775
0.287717
0.244411
0.276128
0.296673
0.28318
0.277987
0.256264
0.255636
0.270408
0.258022
0.24681
0.209886
0.27817
0.204451
0.190643
0.20052
0.208472
0.175286
0.140557
0.120323
0.12475
0.114188
0.101142
0.099492
0.0877871
0.0960833
0.124715
0.118063
0.0892972
0.0825266
0.13161
0.095514
0.100424
0.122975
0.122522
0.0709999
0.0885088
0.116508
0.0892061
0.106009
0.0865512
0.113932
0.0866755
0.132284
0.149022
0.11304
0.117722
0.130689
0.10098
0.10447
0.0583432
0.0962411
0.155323
0.120914
0.106156
0.130785
0.117697
0.164295
0.104375
0.131046
0.158773
0.108883
0.13042
0.0820464
0.114559
0.173446
0.156754
0.152612
0.144509
0.141811
0.135967
0.146218
0.102
0.138961
0.127341
0.112892
0.122732
0.140865
0.126988
0.100392
0.136268
0.143041
0.15055
0.10037
0.108127
0.103414
0.12876
0.162072
0.100006
0.150024
0.135741
0.0995457
0.108563
0.0840181
0.0543095
0.0855753
0.110234
0.0974803
0.082965
0.154244
0.135736
0.126378
0.114704
0.101689
0.168256
0.0593804
0.155153
0.124136
0.0997999
0.0881472
0.156615
0.119512
0.0920461
0.142658
0.15664
0.114261
0.0998882
0.0923054
0.110637
0.151249
0.11081
0.120005
0.120194
0.12957
0.147747
0.128987
0.154343
0.0989468
0.166081
0.160628
0.157032
0.124678
0.197432
0.166742
0.175263
0.164821
0.186738
0.12366
0.165968
0.145482
0.121132
0.169288
0.141343
0.125769
0.11499
0.148798
0.133757
0.146173
0.0635036
0.138158
0.128183
0.0996062
0.0793862
0.0950672
0.105475
0.0739689
