0.181575
0.186229
0.194859
0.193301
0.195759
0.202392
0.204892
0.21353
0.218407
0.230801
0.231836
0.233725
0.236492
0.24467
0.250205
0.247261
0.25761
0.259756
0.269344
0.258036
0.2592
0.25253
0.263212
0.269009
0.273321
0.286055
0.295043
0.302346
0.308275
0.312915
0.320963
0.324656
0.328282
0.33283
0.338665
0.342154
0.345428
0.346826
0.347621
0.33621
0.332427
0.31364
0.326494
0.331492
0.345546
0.359716
0.367805
0.376942
0.380178
0.381862
0.377215
0.337754
0.317016
0.314941
0.314581
0.315432
0.337148
0.407619
0.417
0.400675
0.368179
0.32642
0.275306
0.245983
0.220469
0.202894
0.193546
0.185691
0.174101
0.163189
0.162593
0.154738
0.153047
0.148297
0.146196
0.150134
0.154504
0.160086
0.159215
0.161866
0.166011
0.173673
0.177419
0.18194
0.176405
0.179205
0.184137
0.187858
0.193678
0.202027
0.209643
0.21702
0.231024
0.237394
0.259717
0.281683
0.298824
0.32315
0.340849
0.348084
0.356494
0.35689
0.350449
0.323986
0.293709
0.264515
0.25
0.244102
0.242929
0.252416
0.259631
0.263401
0.267311
0.269609
0.268858
0.270526
0.260292
0.255183
0.244821
0.250219
0.25042
0.255101
0.256222
0.272971
0.27723
0.282681
0.299074
0.304276
0.305337
0.309982
0.318926
0.322208
0.322137
0.315955
0.315333
0.316594
0.335302
0.347007
0.345478
0.335187
0.31105
0.295521
0.267691
0.277657
0.283026
0.299112
0.303006
0.303874
0.324714
0.34408
0.344675
0.359259
0.369456
0.373958
0.375901
0.38539
0.388887
0.388937
0.392981
0.393823
0.395088
0.401613
0.403305
0.393448
0.358714
0.302642
0.22862
0.188859
0.168793
0.15594
0.143758
0.145742
0.137823
0.140114
0.141614
0.149056
0.153738
0.157043
0.165573
0.178311
0.192244
0.199747
0.20451
0.198921
0.195252
0.19677
0.177259
0.173908
0.169766
0.170946
0.171481
0.172815
0.172525
0.176489
0.184862
0.184979
0.19079
0.186197
0.181913
0.172783
0.174067
0.152525
0.151471
0.155555
0.158137
0.154403
0.161691
0.169983
0.177317
0.189441
0.191072
0.197379
0.210916
0.219078
0.223849
0.23309
0.226801
0.233917
0.242659
0.243616
0.249294
0.250589
0.248508
0.235506
0.225683
0.204887
0.201174
0.194918
0.197621
0.210274
0.208016
0.214812
0.215498
0.216747
0.2325
0.243638
0.252477
0.26672
0.270607
0.282001
0.292856
0.301777
0.307056
0.3219
0.325073
0.330863
0.339579
0.339944
0.347377
0.354053
0.356434
0.360214
0.373762
0.373726
0.363581
0.333392
0.28215
0.246914
0.230623
0.220374
0.219774
0.227681
0.228481
0.231356
0.232214
0.245859
0.25369
0.267376
0.27
0.262845
0.281248
0.290215
0.297752
0.307038
0.314314
0.317276
0.323671
0.319967
0.316407
0.312285
0.302327
0.279785
0.242626
0.200523
0.176071
0.163471
0.171599
0.174056
0.186166
0.195843
0.21346
0.189632
0.203658
0.214814
0.222898
0.214557
0.22778
0.209816
0.207362
0.212362
0.204752
0.194684
0.178485
0.17849
0.173615
0.166194
0.17591
0.1754
0.17422
0.184095
0.18999
0.190421
0.189044
0.1833
0.16807
0.169328
0.162072
0.158919
0.158528
0.165529
0.155729
0.162795
0.159021
0.153314
0.166655
0.161231
0.156372
0.169834
0.174248
0.163234
0.1708
0.193019
0.196685
0.19626
0.209952
0.205405
0.219642
0.218859
0.222425
0.22864
0.234898
0.239929
0.246831
0.238226
0.229018
0.218441
0.203594
0.211739
0.209741
0.197151
0.195369
0.18041
0.17834
0.175667
0.184206
0.193207
0.195193
0.186485
0.198578
0.205699
0.197763
0.201118
0.200517
0.215413
0.205803
0.219506
0.230505
0.220467
0.235299
0.255654
0.265927
0.272613
0.283491
0.292505
0.286088
0.296314
0.300529
0.281807
0.267475
0.236071
0.197327
0.18223
0.180435
0.166094
0.161578
0.162259
0.165184
0.174622
0.177373
0.17935
0.188506
0.189617
0.182731
0.182651
0.171375
0.169963
0.165124
0.176367
0.170306
0.163052
0.169299
0.161764
0.168564
0.172677
0.17465
0.172769
0.183632
0.201975
0.213081
0.251135
0.276916
0.295129
0.317123
0.330913
0.32642
0.322319
0.310325
0.287877
0.266524
0.251131
0.258417
0.248539
0.251085
0.25559
0.24582
0.25909
0.257707
0.23837
0.242474
0.2448
0.246047
0.255342
0.253384
0.251589
0.236459
0.221603
0.206404
0.205437
0.196003
0.202911
0.21779
0.208532
0.211714
0.212599
0.233852
0.195546
0.225408
0.210148
0.214235
0.203547
0.193979
0.212862
0.191955
0.214846
0.212625
0.203847
0.209734
0.226271
0.210042
0.193878
0.228876
0.211798
0.219773
0.232245
0.233384
0.217463
0.234008
0.231162
0.244472
0.246006
0.239296
0.243764
0.253772
0.250552
0.253244
0.269256
0.28579
0.293601
0.318423
0.346425
0.378247
0.42865
0.410635
0.425095
0.398982
0.362187
0.323491
0.298451
0.25189
0.227588
0.233304
0.257264
0.309083
0.363285
0.411722
0.482865
0.549822
0.531379
0.509429
0.436291
0.332245
0.240369
0.211643
0.197555
0.189442
0.19162
0.198023
0.204045
0.217605
0.197639
0.210845
0.208079
0.223234
0.222814
0.219032
0.224007
0.213667
0.230723
0.242627
0.240453
0.232873
0.238607
0.225873
0.199396
0.193009
0.16617
0.170857
0.173098
0.186287
0.171742
0.168833
0.160974
0.14409
0.146911
0.138849
0.14636
0.126589
0.128622
0.146843
0.142746
0.14267
0.145201
0.155883
0.143451
0.167682
0.162197
0.160089
0.176373
0.164201
0.192423
0.196319
0.189773
0.193291
0.194048
0.196203
0.177109
0.172769
0.175886
0.182162
0.165321
0.158389
0.182016
0.179276
0.194676
0.209778
0.197434
0.198486
0.210805
0.215825
0.19383
0.194598
0.189896
0.159293
0.182198
0.164363
0.174166
0.180523
0.172283
0.188693
0.181984
0.18484
0.182693
0.17727
0.16329
0.19557
0.177379
0.202148
0.179687
0.20737
0.191462
0.193068
0.201118
0.179164
0.209596
0.162054
0.183946
0.161584
0.155907
0.143836
0.165769
0.133798
0.155631
0.148303
0.156876
0.160426
0.136639
0.123033
0.137581
0.13073
0.147254
0.147499
0.139178
0.144063
0.149308
0.138682
0.146201
0.144746
0.119291
0.130543
0.125798
0.119354
0.112715
0.107176
0.11486
0.123272
0.115618
0.115571
0.136071
0.131305
0.132938
0.147228
0.159687
0.164591
0.168755
0.177144
0.183801
0.193124
0.170209
0.174088
0.150968
0.116132
0.0885132
0.0809986
0.0914141
0.0959317
0.103477
0.119319
0.125197
0.146356
0.150579
0.15761
0.159
0.167004
0.1717
0.146469
0.144125
0.14713
0.147597
0.14873
0.147615
0.145991
0.172344
0.169203
0.207249
0.192628
0.193683
0.201586
0.204711
0.161893
0.163898
0.163537
0.171941
0.167711
0.17753
0.162367
0.185191
0.192889
0.174913
0.144809
0.179845
0.176282
0.175361
0.167434
0.18698
0.178979
0.178335
0.181159
0.173028
0.169557
0.1628
0.146496
0.132491
0.141733
0.1511
0.138421
0.129619
0.122326
0.113666
0.109443
0.110392
0.114228
0.0962437
0.0828418
0.0903933
0.0952956
0.0804439
0.0841943
0.0690054
0.0645741
0.0702364
0.0695749
0.0608847
0.0769642
0.0606738
0.0754348
0.0559243
0.0597238
0.0645827
0.0654057
0.0764683
0.0648167
0.0498073
0.0609377
0.0576654
0.0648074
0.0553953
0.0485111
0.0542681
0.0735958
0.0491328
0.0683301
0.0721068
0.0727769
0.0708098
0.0661036
0.0770868
0.0675415
0.0541845
0.074273
0.0747641
0.0786784
0.0939088
0.0879645
0.0765845
0.0854009
0.0789027
0.0639058
0.0751696
0.0757814
0.0514004
0.060166
0.0658444
0.0656686
0.0416518
0.0513157
0.0688716
0.0364215
0.0496788
0.0518703
0.045235
0.0509973
0.0526046
0.0604453
0.0563427
0.0648716
0.0686915
0.0581857
0.0753762
0.0563905
0.0518324
0.0626347
0.0598427
0.0523723
0.0649422
0.0542476
0.0750432
0.0794493
0.0844383
0.0933177
0.113292
0.127558
0.124038
0.115423
0.121369
0.12345
0.101057
0.125297
0.135503
0.124538
0.110732
0.130015
0.150513
0.132037
0.144033
0.115573
0.135395
0.138397
0.142102
0.162617
0.170613
0.174394
0.166081
0.196772
0.195396
0.219543
0.230602
0.223868
0.2397
0.267863
0.253563
0.232696
0.22689
0.176518
0.15987
0.134276
0.157378
0.136844
0.14416
0.158319
0.172315
0.15846
0.169163
0.174861
0.154228
0.201245
0.201972
0.195228
0.190591
0.197829
0.152886
0.171193
0.179329
0.159222
0.142205
0.188599
0.200059
0.215792
0.2095
0.231829
0.223521
0.246633
0.220732
0.188864
0.193567
0.169052
0.173917
0.186821
0.160315
0.162152
0.136509
0.122723
0.102502
0.0784981
0.0744235
0.0766218
0.0606614
0.0407202
0.032867
0.0281773
0.0319432
0.0267122
0.0221783
0.0198369
0.0233842
0.0214234
0.0202857
0.0221962
0.0132023
0.0151282
0.0160783
0.0198837
0.0237908
0.0281858
0.0237169
0.0276106
0.0286017
0.0235918
0.0287846
0.0166366
0.0142496
0.00945727
0.00708359
0.00681733
0.00227728
0.0113799
0.00624993
0.00521886
0.00947844
0.00750844
0.00357827
0.0091759
0
0.0082658
0.017491
0.0113547
0.0188494
0.0219174
0.0214189
0.0234632
0.0200356
0.0143651
0.018801
0.0240498
0.0217426
0.0108259
0.0126659
0.0145277
0.0200298
0.0127423
0.0130333
0.0193646
0.0201239
0.0160253
0.0173983
0.0237573
0.024098
0.0363514
0.0370196
0.0333687
0.0271756
0.0284312
0.0368837
0.0226342
0.0315319
0.0284528
0.0270953
0.0278147
0.0365308
0.0327129
0.032489
0.0330028
0.0355609
0.0297579
0.0277749
0.0290153
0.0276926
0.03807
0.0326236
0.043165
0.0384562
0.0308871
0.037116
0.0326874
0.0299728
0.0376454
0.0346584
0.0255301
0.0213225
0.0279332
0.0317373
0.0317732
0.0370953
0.038011
0.0343667
0.0299683
0.0352755
0.0332776
0.0259268
0.0324643
0.0378472
0.0467245
0.0523881
0.0478236
0.046497
0.0576725
0.0554009
0.0499466
0.0680624
0.0630214
0.0686584
0.0717963
0.0667946
0.0681217
0.0732661
0.0738034
0.0725265
0.0685668
0.0659699
0.0735165
0.0757104
0.0701593
0.0824859
0.080834
0.0967209
0.0963624
0.0936635
0.104112
0.104093
0.107777
0.119366
0.10884
0.113264
0.114918
0.115341
0.108911
0.110161
0.107667
0.114123
0.112833
0.118482
0.108969
0.111687
0.103378
0.110578
0.104896
0.112845
0.107931
0.121085
0.120625
0.139081
0.135456
0.134134
0.118176
0.109554
0.104313
0.103689
0.0940875
0.102994
0.102843
0.0851431
0.0975441
0.0971617
0.0935222
0.0883661
0.092223
0.102142
0.0980365
0.0925715
0.0845397
0.0854414
0.0986337
0.0924804
0.103889
0.0895102
0.0972826
0.084162
0.074055
0.0820136
0.0663366
0.0633569
0.0709857
0.0583555
0.0585001
0.0692058
0.0618477
0.0504352
0.0599934
0.0575922
0.0657022
0.0442284
0.0520473
0.0514334
0.0528749
0.0532425
0.0383131
0.0542906
0.0521078
0.0504405
0.06443
0.0496118
0.0574506
0.0627799
0.0584222
0.0586651
0.0360252
0.0417248
0.0260238
0.0384197
0.0254423
0.0240364
0.0128959
0.012458
0.0129788
0.0162858
0.00823408
0.024349
0.0143568
0.00699371
0.0114041
0.022289
0.0218719
0.0118617
0.00769997
0.0283058
0.0256342
0.0270333
0.035697
0.0308461
0.0403525
0.0457156
0.0487537
0.0485621
0.0390919
0.0447012
0.0479758
0.0537227
0.0452502
0.046715
0.0374118
0.0247905
0.0230873
0.0267299
0.0339297
0.0286016
0.0201643
0.0217199
0.018898
0.0183066
0.0128396
0.0130835
0.0130112
0.0224211
0.016128
0.0232724
0.0177425
0.0266045
0.0208037
0.0283104
0.0364238
0.0277938
0.0253716
0.0246745
0.0289152
0.0263857
0.026239
0.0256901
0.015633
0.0238081
0.0237523
0.0123504
0.0162572
0.0102524
0.0157708
0.0190333
0.0134007
0.0204622
0.0219768
0.0194332
0.0169752
0.0242387
0.0142556
0.0204091
0.0205987
0.0249935
0.0248967
0.0242167
0.0361485
0.0344713
0.0387826
0.0435166
0.0408876
0.041371
0.0451896
0.0316407
0.0380495
0.0290244
0.0345279
0.0294441
0.0325035
0.0270214
0.0331979
0.0248685
0.0308307
0.018646
0.0266146
0.0268512
0.0223502
0.0279077
0.0261291
0.0268096
0.0291598
0.0249491
0.0281702
0.0287642
0.0266357
0.0357369
0.0288178
0.0382097
0.0329159
0.0408741
0.0420305
0.0407295
0.0548433
0.0477194
0.0402921
0.0524716
0.043955
0.0481242
0.0511741
0.0501038
0.0547815
0.0468308
0.0450998
0.0454875
0.0407044
0.0458499
0.0475158
0.0443255
0.0466253
0.0493436
0.0499226
0.0484554
0.0524916
0.0473444
0.0497308
0.0531376
0.0576411
0.0569194
0.0606505
0.0586544
0.0701069
0.0762284
0.0842889
0.117835
0.189131
0.393057
0.602288
0.720593
0.751369
0.724151
0.610278
0.383863
0.198394
0.12117
0.0945292
0.0809119
0.0788519
0.0730853
0.0717563
0.0731224
0.0751664
0.0707052
0.0715547
0.0740019
0.0679233
0.0716243
0.0752898
0.0690533
0.0719986
0.0689723
0.0689797
0.0693479
0.0695945
0.0692497
0.0710792
0.0723422
0.06455
0.071225
0.0600451
0.0549912
0.0615838
0.0503959
0.0593274
0.0586173
0.0608144
0.0492109
0.0622583
0.056032
0.0620392
0.059547
0.0609185
0.0625666
0.0616537
0.0656722
0.0671206
0.0665145
0.0657263
0.0707782
0.0708295
0.0722961
0.0696713
0.0676321
0.0689667
0.0707315
0.0752866
0.066282
0.0741376
0.0711324
0.0708687
0.072315
0.0739967
0.070857
0.0698493
0.070766
0.073622
0.0610453
0.0564045
0.0652702
0.0577245
0.0598241
0.0552663
0.0587962
0.0630422
0.0633368
0.0601378
0.0620657
0.0702412
0.0686941
0.0632843
0.064164
0.0638746
0.0648021
0.0632861
0.0613608
0.0626253
0.0701103
0.069182
0.0641504
0.0661763
0.0687911
0.0707713
0.0686831
0.0667238
0.0676675
0.0727599
0.0680202
0.0759134
0.06358
0.0812749
0.0818174
0.0781587
0.0772342
0.0726219
0.0782806
0.069569
0.0766557
0.0782381
0.0815172
0.0849399
0.0859162
0.077742
0.0824993
0.0873655
0.0949622
0.0898765
0.0853846
0.0957518
0.0978354
0.0928837
0.0830655
0.083494
0.0915104
0.0922506
0.0843247
0.0882508
0.075917
0.0976712
0.0944217
0.0885328
0.0845817
0.107033
0.0860909
0.0829
0.0782561
0.0935881
0.0984598
0.084108
0.110042
0.0869487
0.0631422
0.0923807
0.0956238
0.0884206
0.0756124
0.0852677
0.111628
0.0994292
0.0862854
0.0825013
0.103708
0.0747679
0.105875
0.0705092
0.0819115
0.0903218
0.100592
0.124132
0.10264
0.123716
0.119592
0.12703
0.0921481
0.1285
0.136215
0.121101
0.103379
0.129651
0.110889
0.11783
0.133776
0.141614
0.140032
0.148813
0.147461
0.156072
0.105375
0.129133
0.118518
0.100874
0.113078
0.105242
0.139551
0.127412
0.124971
0.0825042
0.0972845
0.134204
0.096509
0.0916334
0.106352
0.112666
0.102271
0.136603
0.111618
0.0952743
0.0857505
0.0843968
0.0830477
0.115059
0.100017
0.0980564
0.107301
0.109196
0.0999806
0.0939893
0.101701
0.120672
0.0908664
0.103481
0.101164
0.0941735
0.0969888
0.104616
0.112828
0.136076
0.137617
0.127011
0.138891
0.143708
0.132221
0.117943
0.116072
0.112564
0.0722615
0.0740328
0.0664594
0.0837873
0.0997674
0.0764137
0.0613434
0.0879818
0.0926726
0.0952091
0.0732756
0.0706016
0.0755856
0.0924744
0.0897995
0.0858642
0.0955598
0.0945583
0.114239
0.109755
0.107592
0.142453
0.15087
0.135
0.161817
0.164467
0.184266
0.203842
0.207609
0.243109
0.245681
0.2521
0.233661
0.204321
0.140441
0.0961103
0.077725
0.0729876
0.0573645
0.0617894
0.0839738
0.0875816
0.061196
0.0836874
0.0668991
0.0714434
0.0868744
0.067449
0.0670067
0.0787777
0.0623716
0.0574427
0.0627083
0.0665586
0.0651501
0.0697784
0.0553952
0.0573496
0.0686824
0.0716426
0.0664208
0.063732
0.0621866
0.080752
0.0682853
0.0590228
0.0748617
0.0590912
0.0655043
0.0671531
0.062849
0.0670652
0.0706412
0.0634656
0.0601894
0.0655842
0.0730875
0.0676042
0.0726821
0.07704
0.0718306
0.0657373
0.0696126
0.079121
0.0777867
0.0728693
0.0771539
0.0679225
0.0815757
0.0617531
0.0776707
0.0643618
0.0581479
0.0652438
0.0649638
0.0604285
0.0726942
0.0499306
0.0631979
0.0669621
0.0560744
0.0631728
0.0628035
0.05918
0.0660333
0.0580157
0.0556848
0.0652832
0.0646765
0.0609915
0.0731498
0.0655644
0.0634605
0.0691172
0.0696485
0.0657308
0.0532652
0.0580158
0.0598157
0.0572191
0.0592316
0.0624661
0.068527
0.0662931
0.0681359
0.0626988
0.0697368
0.0696214
0.0727718
0.0650868
0.0802361
0.0747714
0.0788522
0.0761669
0.0756739
0.0846887
0.0818205
0.0906928
0.090308
0.0942778
0.0918878
0.10179
0.103178
0.0994093
0.11738
0.116827
0.124246
0.119911
0.110157
0.104181
0.079985
0.0745272
0.0733266
0.0618159
0.0587625
0.0568216
0.0577119
0.0679497
0.0604482
0.0633843
0.0591543
0.0530211
0.0604333
0.0637502
0.0650879
0.0662041
0.0710032
0.0644314
0.0695021
0.0774714
0.0759186
0.0743363
0.0801406
0.0806027
0.0853264
0.0920133
0.0904432
0.0999199
0.106775
0.112182
0.127509
0.136192
0.142808
0.150161
0.159451
0.16051
0.169603
0.171432
0.160723
0.149767
0.142815
0.130411
0.108146
0.0906015
0.102959
0.0901159
0.0767763
0.0677983
0.0854235
0.0933504
0.0845602
0.0857806
0.0892869
0.0781252
0.0918016
0.0901639
0.0832614
0.0832686
0.0930579
0.0983938
0.0945308
0.0967246
0.109766
0.108667
0.106632
0.114466
0.117729
0.122992
0.126337
0.136676
0.140266
0.14776
0.147376
0.154897
0.158771
0.174719
0.183805
0.202029
0.204653
0.197716
0.203992
0.189671
0.165985
0.157996
0.147019
0.133345
0.129712
0.105791
0.106689
0.103978
0.0994574
0.101557
0.0990813
0.103932
0.0944345
0.102805
0.103175
0.0912143
0.112937
0.107156
0.0849521
0.081661
0.0957923
0.0808967
0.0889389
0.08934
0.0782799
0.0777072
0.084838
0.0969034
0.081615
0.0845874
0.0855695
0.0915275
0.0820762
0.0729625
0.0793169
0.088638
0.0806428
0.0992077
0.0854851
0.0905168
0.0868625
0.0857848
0.0822205
0.0896296
0.089357
0.0798319
0.0899083
0.0810598
0.0851744
0.0869716
0.0930381
0.0814315
0.0877849
0.0832687
0.0928181
0.0898391
0.074968
0.0862517
0.091633
0.0855564
0.0915775
0.0988994
0.0980968
0.0876135
0.088569
0.0955994
0.0896728
0.0910549
0.0916098
0.0873286
0.0901127
0.0910539
0.0958891
0.0944728
0.0940544
0.099648
0.0975079
0.100756
0.0910485
0.115994
0.121041
0.126419
0.139109
0.127224
0.143781
0.14506
0.162816
0.158496
0.138131
0.155889
0.160221
0.181091
0.183266
0.189858
0.184152
0.177481
0.156438
0.158389
0.172328
0.144927
0.13435
0.139539
0.139054
0.118178
0.129341
0.124392
0.13569
0.120223
0.132662
0.133742
0.145445
0.143074
0.153651
0.153758
0.15467
0.163807
0.161695
0.161121
0.170299
0.165796
0.175535
0.164602
0.163443
0.140347
0.153803
0.147144
0.149185
0.153747
0.137172
0.159525
0.132664
0.115371
0.126446
0.148993
0.11419
0.12197
0.147926
0.157883
0.137971
0.161818
0.16783
0.180681
0.160498
0.163146
0.152049
0.193607
0.197385
0.175427
0.190219
0.206996
0.163055
0.187439
0.204067
0.203526
0.225258
0.214066
0.207741
0.212895
0.221061
0.225447
0.218078
0.236533
0.235256
0.239406
0.241965
0.246894
0.239377
0.240407
0.241471
0.229677
0.226897
0.225985
0.220927
0.202892
0.214956
0.202041
0.178364
0.198233
0.170051
0.130833
0.145491
0.140261
0.10828
0.109227
0.119921
0.124498
0.109674
0.100063
0.129738
0.14695
0.121159
0.123435
0.143584
0.0986659
0.138542
0.180643
0.162219
0.132766
0.121765
0.174936
0.165285
0.184
0.216734
0.240202
0.1995
0.202969
0.195186
0.212268
0.258662
0.235541
0.240729
0.262702
0.250953
0.254095
0.259091
0.250628
0.268824
0.327548
0.294537
0.30872
0.326937
0.330393
0.306224
0.296842
0.282633
0.287798
0.255928
0.279573
0.228633
0.263063
0.227988
0.202393
0.202016
0.175657
0.132629
0.160034
0.135123
0.165429
0.109941
0.10969
0.115998
0.0835105
0.100966
0.101566
0.127939
0.111291
0.079841
0.0864766
0.127035
0.106338
0.147836
0.0953436
0.0809044
0.104622
0.124788
0.0846035
0.0891849
0.106839
0.118615
0.121095
0.129754
0.135248
0.118161
0.133187
0.0967515
0.120199
0.0959858
0.0894689
0.121791
0.129061
0.0866848
0.126887
0.173277
0.127916
0.0840636
0.154439
0.127518
0.151829
0.108121
0.125721
0.153233
0.108462
0.147979
0.137513
0.108155
0.181244
0.156129
0.158904
0.106594
0.133877
0.150005
0.146644
0.129977
0.121219
0.130349
0.10626
0.0989136
0.12954
0.133968
0.161131
0.0831123
0.106597
0.183038
0.144824
0.170933
0.0932399
0.128295
0.0949572
0.113556
0.179849
0.0962301
0.0673868
0.13479
0.0800129
0.0883548
0.0650522
0.141778
0.109346
0.110048
0.0918182
0.153004
0.154639
0.0846824
0.133465
0.082123
0.0661629
0.131401
0.128961
0.0809101
0.101321
0.162108
0.14614
0.103303
0.110238
0.143562
0.135634
0.182327
0.137943
0.13258
0.166398
0.11794
0.165977
0.117811
0.14934
0.153379
0.159861
0.165435
0.149406
0.153933
0.202633
0.184209
0.139346
0.175558
0.180427
0.141341
0.159891
0.136514
0.118654
0.201386
0.161811
0.0996434
0.0920071
0.150502
0.13447
0.101674
0.0686406
0.132767
0.12845
0.0918878
0.0868025
0.0955648
0.0668038
0.0739579
