0.219575
0.222021
0.228256
0.233003
0.233418
0.22347
0.225371
0.225233
0.235861
0.23781
0.246095
0.253591
0.263438
0.274738
0.28414
0.294488
0.304852
0.309005
0.317187
0.31598
0.304717
0.300857
0.290438
0.292891
0.298176
0.308379
0.313772
0.32652
0.331347
0.338459
0.349001
0.35625
0.367012
0.375441
0.386465
0.39809
0.407783
0.416859
0.412697
0.403117
0.382728
0.354824
0.360137
0.364592
0.374003
0.387415
0.397712
0.405103
0.406735
0.415062
0.41143
0.377091
0.356522
0.354493
0.354049
0.354824
0.378496
0.475849
0.489417
0.477424
0.447958
0.372287
0.31134
0.267621
0.247691
0.229679
0.208791
0.210936
0.199017
0.186494
0.177055
0.168944
0.169665
0.165009
0.169702
0.166266
0.180021
0.188047
0.19302
0.195442
0.189174
0.193755
0.187358
0.183928
0.184421
0.181747
0.188567
0.193221
0.202133
0.216012
0.226432
0.239033
0.252763
0.265265
0.279151
0.296917
0.315947
0.330092
0.341283
0.348266
0.365023
0.364855
0.364762
0.34582
0.313357
0.280956
0.269922
0.262094
0.269242
0.278013
0.293164
0.29631
0.308406
0.316051
0.322861
0.32898
0.311696
0.297435
0.28095
0.270267
0.278449
0.285835
0.289861
0.295556
0.300459
0.311985
0.317256
0.323643
0.332894
0.336293
0.345742
0.350749
0.357029
0.355912
0.355658
0.356759
0.384084
0.407171
0.410413
0.397503
0.362424
0.338235
0.307905
0.312403
0.31052
0.323716
0.334941
0.339478
0.35344
0.363973
0.370226
0.384119
0.397574
0.405662
0.410727
0.418779
0.422376
0.430679
0.433777
0.439384
0.444702
0.457999
0.466401
0.463293
0.423804
0.35176
0.262504
0.206654
0.182123
0.17489
0.162082
0.16157
0.155309
0.159424
0.164232
0.177501
0.189035
0.196236
0.200503
0.212034
0.219876
0.221303
0.219467
0.227381
0.208111
0.201271
0.197968
0.192244
0.194782
0.191414
0.190079
0.192543
0.1947
0.202687
0.209501
0.220937
0.228732
0.232958
0.218989
0.205275
0.186103
0.178225
0.161009
0.171885
0.168113
0.17451
0.177445
0.185683
0.188092
0.204135
0.209754
0.215095
0.2288
0.234694
0.240473
0.247261
0.250722
0.256082
0.267599
0.277214
0.285026
0.295563
0.295009
0.275206
0.252904
0.221754
0.202097
0.195444
0.200753
0.204156
0.213283
0.212407
0.218153
0.222745
0.233566
0.251627
0.263717
0.289638
0.293588
0.29971
0.309292
0.329642
0.333117
0.340676
0.345761
0.355177
0.364384
0.37229
0.380348
0.39022
0.394789
0.391936
0.400241
0.393246
0.392139
0.364471
0.313894
0.271426
0.265155
0.247951
0.238016
0.250424
0.244322
0.246366
0.256177
0.266258
0.280525
0.286451
0.286007
0.300659
0.306258
0.319022
0.319211
0.331519
0.335316
0.342267
0.347842
0.345798
0.35407
0.345112
0.33602
0.318323
0.272212
0.238898
0.20542
0.193461
0.198292
0.204889
0.214007
0.216711
0.216974
0.219806
0.233342
0.234891
0.246296
0.238007
0.239444
0.234591
0.23247
0.217598
0.210274
0.209488
0.201086
0.190096
0.195824
0.187488
0.193053
0.195352
0.196683
0.217462
0.220166
0.229719
0.231545
0.219985
0.194196
0.191438
0.184365
0.186377
0.169999
0.173074
0.178977
0.186563
0.183727
0.170085
0.198413
0.185443
0.180628
0.182984
0.184447
0.186358
0.195199
0.204704
0.212045
0.219902
0.224626
0.228143
0.232315
0.240438
0.241847
0.259019
0.262072
0.278204
0.281699
0.284766
0.267439
0.233739
0.231857
0.233973
0.230214
0.206181
0.210767
0.202718
0.174628
0.187493
0.189911
0.201901
0.206471
0.194765
0.212529
0.223318
0.216285
0.236244
0.21186
0.21805
0.217095
0.235658
0.240432
0.243814
0.256826
0.279408
0.281315
0.304772
0.311908
0.32315
0.324702
0.33163
0.3335
0.32398
0.299453
0.272198
0.21681
0.19773
0.186277
0.17031
0.15353
0.157972
0.163148
0.181421
0.180235
0.189247
0.197737
0.198057
0.1931
0.186929
0.181902
0.175823
0.1793
0.191589
0.18151
0.17064
0.167825
0.176052
0.170069
0.19215
0.175601
0.178389
0.195343
0.213215
0.231365
0.262551
0.290754
0.314999
0.344325
0.353421
0.3699
0.351981
0.347971
0.319974
0.288246
0.27976
0.257857
0.254274
0.254246
0.259161
0.260904
0.262906
0.25953
0.253439
0.25065
0.243451
0.254975
0.25242
0.259543
0.25493
0.255657
0.237066
0.22806
0.229036
0.228977
0.231029
0.242845
0.24244
0.233081
0.216287
0.232289
0.208864
0.226523
0.21769
0.229243
0.231875
0.217308
0.21998
0.210037
0.238894
0.208245
0.229158
0.235522
0.239582
0.224782
0.203172
0.234411
0.227555
0.241536
0.244664
0.252723
0.240669
0.248929
0.240981
0.259617
0.260509
0.255091
0.261231
0.27297
0.271892
0.271374
0.286507
0.315092
0.32271
0.355433
0.369206
0.405005
0.430162
0.406806
0.439078
0.420108
0.387952
0.330345
0.288174
0.248488
0.232374
0.252678
0.270098
0.291339
0.341238
0.405234
0.464998
0.546236
0.548303
0.514832
0.439475
0.341019
0.260075
0.218611
0.20132
0.199872
0.206561
0.18937
0.218237
0.226804
0.232142
0.217715
0.22418
0.223512
0.240447
0.219114
0.245031
0.230429
0.247101
0.253486
0.254646
0.258196
0.269295
0.246423
0.229594
0.196316
0.192964
0.186499
0.172713
0.176223
0.187056
0.182016
0.170176
0.168489
0.145873
0.150646
0.153044
0.147368
0.153181
0.143602
0.159874
0.149276
0.157059
0.168097
0.141971
0.183424
0.176461
0.195512
0.206898
0.182291
0.204912
0.194793
0.206029
0.188679
0.197183
0.187478
0.181253
0.18365
0.193384
0.178042
0.174935
0.16923
0.186458
0.186985
0.205726
0.206215
0.214634
0.228228
0.230097
0.22215
0.215254
0.207312
0.184344
0.171106
0.193187
0.176115
0.193875
0.187912
0.177837
0.199596
0.184397
0.189529
0.190192
0.189277
0.185749
0.198404
0.18567
0.193111
0.193943
0.202771
0.215918
0.19718
0.216502
0.17896
0.199512
0.167909
0.179447
0.160084
0.184466
0.170776
0.16593
0.157513
0.162654
0.163484
0.163111
0.16165
0.132354
0.133571
0.150887
0.13519
0.154612
0.155148
0.148374
0.148983
0.147187
0.141535
0.152406
0.144566
0.128819
0.133512
0.123098
0.12331
0.118924
0.110036
0.109628
0.124394
0.125415
0.119054
0.133656
0.137354
0.152634
0.1509
0.164394
0.174195
0.183124
0.185785
0.200226
0.197449
0.180463
0.173089
0.160749
0.13523
0.0997878
0.0805258
0.102169
0.0916979
0.120781
0.131989
0.138075
0.146103
0.146794
0.181232
0.162907
0.165229
0.171036
0.15403
0.147294
0.168834
0.152684
0.164558
0.163216
0.174621
0.206982
0.189477
0.205839
0.202725
0.191487
0.212787
0.206349
0.179878
0.199437
0.186388
0.178882
0.173559
0.191549
0.175871
0.184032
0.203925
0.172212
0.156339
0.199565
0.203318
0.194719
0.175833
0.202181
0.191393
0.183079
0.210399
0.170499
0.172398
0.174025
0.173747
0.148341
0.14143
0.159159
0.135667
0.128011
0.126329
0.106386
0.102889
0.115746
0.1127
0.0901438
0.0949097
0.0908254
0.0873545
0.0862531
0.0837369
0.0839225
0.0695306
0.0725822
0.0674502
0.0689223
0.0873593
0.0730825
0.0742702
0.0628765
0.0697181
0.06759
0.0703162
0.0720345
0.0601225
0.0563806
0.0575506
0.0640889
0.0663525
0.0607507
0.0526285
0.0623009
0.0738776
0.0610048
0.0745465
0.0750089
0.0716878
0.0717074
0.0682863
0.0759908
0.06395
0.06459
0.0880913
0.0846332
0.08059
0.0919254
0.0952229
0.0794736
0.0813197
0.0755791
0.0827739
0.0877147
0.0757816
0.0675893
0.0584731
0.0547247
0.0721622
0.0650776
0.0480629
0.0623024
0.0420117
0.0658913
0.054123
0.0618276
0.0711775
0.0679052
0.0584506
0.0710639
0.0669692
0.0735671
0.0653316
0.0774005
0.0516174
0.0522607
0.0626949
0.0564988
0.0614265
0.068225
0.0710932
0.0681372
0.0756033
0.0812449
0.0964213
0.122617
0.11615
0.114607
0.10501
0.116583
0.121092
0.103207
0.128899
0.145812
0.116165
0.129056
0.127398
0.147858
0.122593
0.147963
0.115831
0.12298
0.145229
0.127548
0.152768
0.196515
0.17786
0.175342
0.183372
0.194051
0.195552
0.217652
0.234438
0.242776
0.25444
0.257707
0.233131
0.231074
0.178256
0.155827
0.139613
0.154878
0.125498
0.144998
0.145009
0.157363
0.164192
0.156413
0.178531
0.163647
0.171623
0.199054
0.186541
0.179139
0.213265
0.172079
0.177682
0.186806
0.168623
0.191648
0.207039
0.173538
0.209792
0.227898
0.217781
0.231956
0.240976
0.21645
0.194817
0.177402
0.181666
0.175323
0.174933
0.156535
0.152902
0.134558
0.116069
0.108489
0.097375
0.0833511
0.0648646
0.0657008
0.0484352
0.0254851
0.0201743
0.0229579
0.0183875
0.00852162
0.0149798
0.014037
0.0181535
0.0112355
0.0154181
0.0117882
0.0095058
0.0128739
0.0158353
0.0120958
0.0179775
0.024242
0.0327577
0.0320389
0.0253115
0.0128615
0.00717853
0.00773539
0.00226824
0.00413346
0.00208981
0.00595767
0.00816783
0.00576993
0
0.00788927
0.00444663
0.000900862
0.0093603
0.0039534
0.00510576
0.00721964
0.01646
0.018211
0.0234632
0.0180287
0.0229172
0.0170582
0.0120386
0.0101337
0.0147041
0.011358
0.00726325
0.0182878
0.0126005
0.0218231
0.012808
0.0166591
0.015775
0.0178845
0.0172522
0.0133345
0.024007
0.0205483
0.0290899
0.0334884
0.0336392
0.0283649
0.0257162
0.0215225
0.0246042
0.028274
0.0256063
0.0214565
0.0218202
0.0292728
0.0305483
0.0238178
0.0301687
0.0290076
0.0281874
0.0235767
0.0245698
0.0282889
0.0327503
0.028527
0.0401509
0.0406073
0.0381931
0.0320018
0.0406873
0.0340001
0.0348123
0.0312558
0.0227747
0.0289784
0.0317868
0.0346232
0.0295438
0.0348347
0.0348718
0.0312381
0.0301592
0.0309631
0.0310579
0.0325037
0.0378191
0.0378653
0.0449857
0.0496476
0.0455913
0.050454
0.058406
0.0572584
0.0519409
0.0680487
0.056552
0.0594077
0.0706956
0.0603603
0.060763
0.0663385
0.0639976
0.0690683
0.0684564
0.0632199
0.0659472
0.077277
0.0698503
0.0810979
0.0818309
0.0880601
0.0896034
0.0959067
0.097458
0.108592
0.110218
0.120387
0.0995037
0.120299
0.114066
0.106311
0.102244
0.109397
0.109813
0.111533
0.111194
0.11179
0.104167
0.110891
0.0997222
0.114369
0.107359
0.111848
0.114115
0.125725
0.130841
0.140199
0.136167
0.131281
0.122484
0.112495
0.102247
0.0995392
0.0932379
0.105383
0.0910724
0.0925135
0.0948246
0.100956
0.0965564
0.0971849
0.0977011
0.109043
0.101992
0.106506
0.0927608
0.10138
0.0917773
0.092405
0.104868
0.0932764
0.0899511
0.0854436
0.0883325
0.0652995
0.0657497
0.0764775
0.0711954
0.0445917
0.0441487
0.0605271
0.052092
0.0454211
0.054033
0.050376
0.0476655
0.0386575
0.0511243
0.0451645
0.0514777
0.046328
0.0364391
0.0511905
0.059926
0.0517597
0.0610084
0.0508173
0.0433686
0.0586624
0.0677979
0.0626244
0.0401188
0.0446747
0.0230665
0.0281174
0.0160285
0.0173007
0.0175562
0.0124419
0.021879
0.0116608
0.00759165
0.013685
0.00793456
0.0115045
0.0105324
0.0240559
0.00620438
0.0181478
0.0084695
0.0212876
0.0216445
0.0333348
0.027579
0.0309497
0.0486841
0.0363437
0.0561285
0.0457112
0.0451844
0.0490638
0.0465232
0.0355851
0.0365315
0.0342661
0.0345557
0.0185148
0.0214039
0.0205621
0.0192986
0.01744
0.0186309
0.0138568
0.0162271
0.0132158
0.0164341
0.0122045
0.00480095
0.0137247
0.0104274
0.0123576
0.0127471
0.020594
0.0222997
0.0242172
0.0295462
0.0221688
0.0208314
0.0212233
0.0289925
0.0211251
0.016985
0.0280157
0.0173895
0.0145605
0.0190419
0.0176221
0.0116823
0.015218
0.0142353
0.0141156
0.016685
0.0125827
0.0141656
0.0154091
0.0138914
0.0115174
0.0160969
0.0167493
0.0183547
0.0129739
0.0237134
0.0207223
0.0208033
0.0342057
0.0338308
0.0372495
0.0289323
0.0374625
0.0309887
0.0298122
0.0327939
0.0219585
0.0311177
0.0268051
0.0310415
0.0224989
0.0288173
0.0156557
0.0266321
0.0173451
0.0154922
0.0203928
0.0137468
0.0228589
0.0180088
0.0189083
0.0203742
0.020528
0.0238176
0.0198587
0.022363
0.0268701
0.0239893
0.0275811
0.0335693
0.0375129
0.0349965
0.0448145
0.0531487
0.040599
0.049993
0.0462695
0.048895
0.0448483
0.0498577
0.0456702
0.0533905
0.0462936
0.0504423
0.039178
0.0411888
0.0376296
0.0403051
0.0452586
0.0428493
0.0491589
0.0424384
0.0448555
0.0469351
0.0414328
0.0493333
0.0484314
0.0474785
0.0576689
0.0573123
0.0537583
0.0647309
0.0781036
0.0823667
0.108263
0.188763
0.392801
0.593223
0.702698
0.725589
0.701395
0.593033
0.366302
0.182905
0.120305
0.0955484
0.0831375
0.0796832
0.0727944
0.0692985
0.0669643
0.0715319
0.0629127
0.0662425
0.070772
0.0653305
0.0645013
0.0659905
0.066561
0.0706716
0.0648984
0.0667779
0.0698128
0.0678377
0.0670216
0.0643995
0.0606562
0.0542241
0.0580488
0.0582742
0.0549308
0.0617083
0.0520528
0.0580171
0.0536979
0.0603899
0.0489634
0.05527
0.0623568
0.0620919
0.0551428
0.0591402
0.0589042
0.0598994
0.062878
0.063719
0.0567365
0.0636725
0.0641341
0.0668583
0.0654753
0.060698
0.0689531
0.0661328
0.0663832
0.0673257
0.0623816
0.0703921
0.0666576
0.0685393
0.0660779
0.0654861
0.069559
0.0699037
0.0649848
0.0674203
0.0488854
0.0548237
0.0587821
0.0646797
0.0654882
0.0554034
0.0577073
0.0664819
0.0635191
0.0617003
0.0591808
0.056238
0.0692977
0.0645127
0.0669804
0.0614456
0.0659085
0.0582874
0.0594608
0.0680993
0.070581
0.0692174
0.0642336
0.0682415
0.0608753
0.0695366
0.0636077
0.0659637
0.0666331
0.068983
0.0716105
0.0704176
0.0608366
0.0741
0.0674927
0.0810077
0.0823741
0.0682439
0.0698443
0.067589
0.0846136
0.0674104
0.0837071
0.0780992
0.090249
0.0836229
0.0899452
0.0951073
0.0930321
0.0930475
0.0973399
0.0938445
0.092086
0.078108
0.0814627
0.0876186
0.102249
0.0834762
0.0822894
0.092078
0.0718344
0.0901299
0.0906515
0.0838928
0.0795749
0.09283
0.0904748
0.0904442
0.0905497
0.0887804
0.0758335
0.089698
0.0877478
0.0725927
0.0723261
0.0883054
0.104901
0.104213
0.0846499
0.105014
0.115729
0.0897936
0.0816644
0.0817729
0.107768
0.0956169
0.11035
0.0852774
0.0984399
0.10228
0.104813
0.101338
0.107555
0.0870483
0.120433
0.134365
0.109513
0.135989
0.128727
0.105369
0.129604
0.109615
0.107785
0.126078
0.147942
0.166457
0.137292
0.141245
0.145911
0.162774
0.128283
0.11434
0.120443
0.0971267
0.126149
0.0984327
0.119721
0.107889
0.106003
0.0958212
0.105136
0.112831
0.0790882
0.0844649
0.103704
0.0966358
0.114144
0.118026
0.0952687
0.0907792
0.0741808
0.106863
0.0971717
0.10598
0.103354
0.0770589
0.105252
0.114089
0.104763
0.0876949
0.0893223
0.0939973
0.0921475
0.0822451
0.0953366
0.0812518
0.102726
0.0935693
0.0907692
0.0993657
0.122841
0.122894
0.143686
0.147459
0.128143
0.116625
0.10993
0.0795858
0.0467635
0.086382
0.064364
0.0895492
0.0754248
0.0656106
0.0730584
0.0760839
0.0855289
0.0712478
0.0767481
0.0769255
0.0801001
0.0857306
0.0820528
0.0891548
0.0885931
0.0858472
0.104796
0.104792
0.112617
0.131154
0.131291
0.143384
0.148464
0.165141
0.174065
0.204183
0.209915
0.238966
0.244278
0.245463
0.230729
0.194539
0.141192
0.081934
0.0703416
0.0596
0.0646531
0.0634497
0.0598575
0.0706243
0.0539509
0.0710655
0.0538267
0.0855619
0.0805754
0.0675731
0.083242
0.063691
0.0572195
0.051413
0.0728685
0.0633741
0.0579668
0.0580271
0.0654203
0.0658647
0.0602795
0.0658521
0.0510025
0.0666846
0.0556033
0.0679782
0.0663203
0.0503672
0.0618497
0.0565866
0.0648332
0.061821
0.0665349
0.0628146
0.0568931
0.0529044
0.0570345
0.0569969
0.0642651
0.0646974
0.0629318
0.0599272
0.0602083
0.0535123
0.0569163
0.0746403
0.063156
0.0562248
0.0650368
0.068394
0.0690893
0.0582249
0.0654046
0.0590696
0.053093
0.0623695
0.0483634
0.0608009
0.0619316
0.0534909
0.0533036
0.0565839
0.0437529
0.0654694
0.0402771
0.0569448
0.0497758
0.0628244
0.0578629
0.0557752
0.0593402
0.0555909
0.0594264
0.0608475
0.0556258
0.0619991
0.0599273
0.0582579
0.0542025
0.0514365
0.0500799
0.0581374
0.0572536
0.0562542
0.0573874
0.0597384
0.0588471
0.0538921
0.059433
0.055567
0.0579848
0.0677786
0.0695015
0.0646342
0.0697751
0.0643102
0.0756383
0.0712474
0.0653434
0.075348
0.0838944
0.0905267
0.0895815
0.090485
0.100463
0.0976992
0.111209
0.111378
0.109123
0.119906
0.11157
0.0937399
0.0750305
0.0747531
0.0592207
0.0581396
0.0547535
0.0540921
0.0518171
0.0582409
0.058472
0.0605817
0.0495445
0.055657
0.059198
0.0588052
0.0586395
0.0593864
0.0593763
0.0628231
0.0597084
0.0668158
0.0686806
0.0681485
0.0723849
0.0785768
0.0781962
0.0783612
0.0878458
0.0945264
0.109868
0.103047
0.115363
0.132323
0.139073
0.145804
0.150492
0.149234
0.165998
0.157599
0.150427
0.143619
0.127856
0.117502
0.112699
0.0893017
0.0904363
0.0901179
0.0824652
0.0638905
0.0773715
0.0758499
0.0822182
0.0816235
0.0870377
0.0841811
0.085158
0.0803277
0.0890526
0.0837038
0.091272
0.0983155
0.0974058
0.0990286
0.0950421
0.106934
0.108913
0.113201
0.120604
0.121791
0.12605
0.131687
0.1322
0.143106
0.147282
0.153735
0.157022
0.171905
0.180828
0.191317
0.202667
0.198715
0.196866
0.176031
0.162792
0.1533
0.141801
0.120737
0.118682
0.101316
0.106856
0.09273
0.0909989
0.0907001
0.096853
0.0931536
0.0874239
0.0944688
0.0922515
0.0895839
0.094712
0.0911551
0.0824129
0.0708817
0.0792508
0.083497
0.0786414
0.0823064
0.0791777
0.0720864
0.0738424
0.0893853
0.075495
0.0824022
0.074945
0.0826731
0.0752538
0.0716362
0.0787634
0.0892888
0.0693702
0.0876936
0.0803407
0.0870076
0.0831962
0.0854223
0.083841
0.0836883
0.0837068
0.080402
0.0842057
0.0759489
0.0772119
0.0786412
0.0808783
0.0808646
0.0815003
0.0811017
0.0851386
0.0806735
0.0771739
0.0835409
0.0818946
0.0835702
0.0807319
0.083561
0.0698493
0.0807742
0.0743498
0.0816335
0.0707342
0.0587651
0.0542766
0.0529732
0.051735
0.0545098
0.0545331
0.0533815
0.0598187
0.0676536
0.0558858
0.0637427
0.0673004
0.080005
0.0839855
0.113143
0.115799
0.116025
0.123458
0.122371
0.138959
0.143064
0.108517
0.12175
0.146828
0.147869
0.154603
0.154449
0.148517
0.130875
0.137547
0.151381
0.140212
0.126383
0.115124
0.124051
0.109287
0.0944633
0.121395
0.0967334
0.136395
0.100885
0.120795
0.119627
0.138716
0.145605
0.15152
0.154149
0.146893
0.167724
0.151785
0.166005
0.170408
0.163486
0.152684
0.160734
0.153214
0.134062
0.136119
0.138417
0.143567
0.140445
0.101054
0.165409
0.118984
0.124171
0.144653
0.158988
0.0952357
0.130306
0.150985
0.134073
0.154472
0.175319
0.18471
0.200204
0.182198
0.154982
0.160183
0.180372
0.170875
0.200708
0.193862
0.160066
0.161375
0.190227
0.191547
0.186986
0.204416
0.201756
0.203028
0.221457
0.212956
0.221158
0.209735
0.210838
0.230994
0.239653
0.250777
0.237057
0.242857
0.244707
0.242251
0.230248
0.221829
0.225866
0.195642
0.203531
0.219677
0.185494
0.172888
0.165272
0.163366
0.120441
0.141098
0.120057
0.124244
0.105981
0.107837
0.0802194
0.108898
0.114797
0.162099
0.131569
0.133159
0.117085
0.142871
0.0943215
0.117719
0.140068
0.133262
0.164531
0.122681
0.162484
0.161089
0.179184
0.206025
0.238729
0.192554
0.226489
0.22309
0.245089
0.246846
0.208731
0.23954
0.286468
0.242957
0.241042
0.239055
0.267802
0.265372
0.293197
0.303932
0.298338
0.308808
0.309128
0.275013
0.290221
0.291741
0.280695
0.277222
0.271942
0.250054
0.272261
0.212082
0.216189
0.198462
0.189362
0.141372
0.128089
0.11013
0.11199
0.107916
0.129528
0.118559
0.126048
0.121181
0.138395
0.0881853
0.118388
0.118894
0.0984515
0.10576
0.0736635
0.0948653
0.103964
0.0721621
0.105365
0.139351
0.0878546
0.128938
0.0941828
0.131014
0.0976879
0.110692
0.115993
0.0960103
0.0849885
0.151833
0.121148
0.0883974
0.0943022
0.112428
0.152415
0.0868111
0.0890687
0.165873
0.166757
0.140345
0.147209
0.132311
0.175546
0.0730009
0.128555
0.110521
0.109153
0.147903
0.16267
0.154759
0.129465
0.141765
0.176728
0.114454
0.118969
0.160524
0.147
0.132853
0.122129
0.152802
0.128081
0.1008
0.155175
0.171252
0.147394
0.114819
0.0945802
0.13951
0.143822
0.160321
0.123168
0.151868
0.171483
0.0745193
0.123636
0.0907336
0.0714094
0.125787
0.120953
0.113017
0.0929947
0.115126
0.133969
0.115412
0.157755
0.125981
0.165873
0.0621757
0.0970407
0.141394
0.0824348
0.14835
0.136602
0.139096
0.0766929
0.146009
0.139045
0.122423
0.140679
0.134658
0.126355
0.126855
0.111187
0.124478
0.171902
0.119226
0.162927
0.130912
0.143862
0.151166
0.148546
0.188525
0.172682
0.140722
0.210434
0.162328
0.135697
0.178729
0.188195
0.165266
0.160799
0.182837
0.140402
0.160683
0.124104
0.151009
0.0899886
0.171619
0.12702
0.111911
0.0583279
0.0836387
0.106469
0.0738105
0.0341738
0.0484507
0.0242395
0.00469019
