0.17449
0.18552
0.177991
0.188016
0.194163
0.19716
0.19691
0.19963
0.204867
0.2182
0.217472
0.223609
0.229199
0.232232
0.239479
0.238288
0.253502
0.25216
0.251179
0.255971
0.252212
0.251548
0.25598
0.263115
0.27214
0.279631
0.286309
0.293835
0.301057
0.306305
0.308045
0.314118
0.318768
0.323381
0.326573
0.330614
0.331331
0.340847
0.331386
0.328903
0.317817
0.318733
0.308071
0.328215
0.345888
0.358353
0.357473
0.369831
0.372255
0.376948
0.365881
0.326471
0.306453
0.303957
0.303826
0.304032
0.325939
0.394065
0.402711
0.389842
0.365167
0.327306
0.261305
0.229226
0.214034
0.199074
0.19578
0.188876
0.166272
0.157953
0.156293
0.153123
0.143808
0.144155
0.139027
0.142836
0.145834
0.139964
0.15006
0.158612
0.157202
0.160061
0.161725
0.166883
0.169427
0.173989
0.172419
0.180264
0.18219
0.190228
0.199604
0.205981
0.214388
0.228109
0.250277
0.265358
0.293714
0.318719
0.334044
0.343469
0.348578
0.345748
0.336865
0.313344
0.280165
0.250133
0.237428
0.236478
0.238911
0.242024
0.24775
0.250289
0.254721
0.258306
0.259378
0.260343
0.249885
0.249218
0.250035
0.246514
0.247785
0.246211
0.256858
0.268444
0.270345
0.281559
0.287663
0.293257
0.295951
0.299968
0.306775
0.311239
0.31016
0.305659
0.305344
0.306561
0.323148
0.329113
0.331061
0.320832
0.30437
0.281388
0.278124
0.271248
0.269875
0.29236
0.29027
0.296616
0.308479
0.333839
0.333168
0.351658
0.353551
0.365033
0.372055
0.377743
0.381946
0.382748
0.379623
0.381091
0.383824
0.392062
0.39365
0.381281
0.348373
0.290767
0.227842
0.176039
0.155808
0.140799
0.139879
0.132762
0.131064
0.134906
0.131446
0.140446
0.146541
0.147682
0.163068
0.174056
0.183089
0.189903
0.194548
0.185478
0.180739
0.179632
0.175291
0.172432
0.165066
0.16073
0.163388
0.164527
0.163385
0.166225
0.174468
0.174474
0.175994
0.176009
0.170399
0.169706
0.162956
0.152659
0.152348
0.14684
0.146652
0.149624
0.160211
0.165541
0.16606
0.179988
0.191275
0.199098
0.200895
0.204102
0.212361
0.21138
0.224928
0.225249
0.225248
0.234067
0.241547
0.240554
0.237558
0.229977
0.20852
0.20327
0.189711
0.192283
0.20107
0.199668
0.198952
0.202271
0.213855
0.214054
0.223864
0.236877
0.247382
0.25801
0.262722
0.273663
0.28237
0.294241
0.297617
0.308406
0.316359
0.315255
0.332347
0.334579
0.335466
0.340211
0.345754
0.348766
0.360659
0.356744
0.355202
0.332005
0.296621
0.25018
0.218719
0.202068
0.207021
0.225739
0.229999
0.230683
0.233455
0.232618
0.242872
0.24028
0.259296
0.260069
0.273693
0.276966
0.283596
0.283345
0.301928
0.305694
0.312495
0.315463
0.30742
0.30778
0.288276
0.262089
0.2339
0.193942
0.168172
0.162164
0.156354
0.161106
0.177869
0.189898
0.188887
0.199816
0.202463
0.219605
0.216998
0.220888
0.222536
0.216096
0.200578
0.193931
0.188917
0.183194
0.174565
0.167278
0.158568
0.167168
0.164758
0.164376
0.169668
0.168446
0.1828
0.176574
0.180075
0.192352
0.176608
0.165677
0.171243
0.162797
0.16881
0.162683
0.166715
0.157655
0.158274
0.163846
0.155134
0.172323
0.155309
0.157559
0.158571
0.168183
0.174492
0.184205
0.180505
0.194749
0.195136
0.206178
0.207057
0.209368
0.217316
0.217577
0.217989
0.230071
0.232033
0.216884
0.224911
0.21522
0.21431
0.201195
0.203926
0.197998
0.194613
0.171305
0.156894
0.168292
0.179439
0.180822
0.195361
0.199178
0.185557
0.186766
0.18829
0.189258
0.210945
0.197549
0.200044
0.209295
0.202794
0.21987
0.226333
0.242858
0.259647
0.274759
0.278519
0.273645
0.284014
0.291014
0.283666
0.280632
0.255355
0.228904
0.200072
0.175172
0.155066
0.165445
0.156208
0.16908
0.164528
0.161364
0.166911
0.189588
0.176797
0.184001
0.187188
0.165009
0.180667
0.169769
0.168124
0.161744
0.155777
0.16529
0.155416
0.165885
0.157381
0.163885
0.171921
0.169642
0.176227
0.189735
0.211124
0.236655
0.260096
0.279899
0.303535
0.311782
0.315201
0.319743
0.325951
0.290329
0.260755
0.248975
0.249343
0.246574
0.246203
0.256584
0.243451
0.25861
0.240353
0.239268
0.239355
0.252555
0.232963
0.247122
0.244467
0.238902
0.228
0.212949
0.205177
0.198774
0.186018
0.207057
0.21114
0.213852
0.213618
0.219561
0.221069
0.222476
0.212214
0.199732
0.201247
0.200095
0.210146
0.217215
0.202054
0.206912
0.224292
0.192851
0.214726
0.205782
0.214369
0.232027
0.211118
0.217705
0.221818
0.218144
0.224048
0.239025
0.2167
0.228328
0.226289
0.238803
0.245192
0.230338
0.233029
0.245839
0.250954
0.257832
0.282657
0.297682
0.316834
0.346097
0.367091
0.406109
0.41151
0.413224
0.418421
0.370525
0.333289
0.271342
0.261142
0.236351
0.224506
0.238142
0.292332
0.338031
0.402511
0.434579
0.47662
0.476817
0.463523
0.398402
0.320132
0.227468
0.211881
0.194948
0.184584
0.18781
0.206563
0.198405
0.188617
0.191456
0.207469
0.213306
0.196781
0.20509
0.219014
0.22206
0.223314
0.213937
0.231132
0.224919
0.241074
0.23417
0.219121
0.202809
0.18255
0.181575
0.176327
0.166834
0.178937
0.163159
0.164967
0.13767
0.145768
0.138855
0.141026
0.123862
0.139154
0.139754
0.130435
0.143784
0.149531
0.144923
0.149182
0.154431
0.16295
0.155321
0.173789
0.19215
0.177765
0.186793
0.191829
0.179482
0.193372
0.193121
0.172154
0.190029
0.178609
0.170503
0.16354
0.171168
0.165978
0.157852
0.150213
0.184005
0.193663
0.189117
0.198794
0.224683
0.217002
0.198566
0.174792
0.186421
0.171202
0.185218
0.176114
0.193437
0.186036
0.187245
0.176014
0.175288
0.181876
0.17099
0.170496
0.183251
0.178413
0.188065
0.192866
0.19462
0.187453
0.208934
0.199141
0.198383
0.197452
0.169048
0.163898
0.161018
0.153547
0.160281
0.147742
0.134447
0.150753
0.157706
0.141735
0.129929
0.137862
0.141726
0.142418
0.137589
0.163423
0.133198
0.13025
0.159446
0.135076
0.133435
0.153128
0.159018
0.132971
0.126094
0.121416
0.131192
0.109386
0.10826
0.111122
0.104486
0.107217
0.118986
0.119769
0.129236
0.130816
0.143632
0.156143
0.162828
0.160508
0.178407
0.18136
0.185923
0.187564
0.185108
0.163296
0.149589
0.116346
0.0945317
0.0798006
0.0845265
0.0939968
0.104215
0.100999
0.123185
0.125934
0.125349
0.131612
0.150605
0.162169
0.150974
0.157081
0.117819
0.130255
0.16292
0.159504
0.184748
0.154464
0.185868
0.195891
0.190803
0.200487
0.197513
0.180847
0.214114
0.174543
0.161182
0.165211
0.16189
0.177891
0.157562
0.177079
0.159935
0.154046
0.178454
0.186294
0.165341
0.182836
0.162771
0.163266
0.157467
0.175465
0.202507
0.155565
0.185671
0.154874
0.157856
0.133722
0.15125
0.151369
0.1339
0.139555
0.132655
0.115793
0.10187
0.104165
0.106323
0.0986596
0.103976
0.0951109
0.0855315
0.0837306
0.0792872
0.0747193
0.0697387
0.0701901
0.0726647
0.0520967
0.0590922
0.0707346
0.0694938
0.0688701
0.06232
0.0640504
0.0690805
0.0583036
0.0662815
0.0742362
0.0624659
0.0516
0.0545759
0.0633243
0.0596623
0.0488857
0.0656682
0.0638311
0.0623664
0.0654451
0.0673945
0.0654156
0.0680007
0.0759131
0.0732044
0.0724681
0.0703716
0.06717
0.0708673
0.0773022
0.0825332
0.0787455
0.0646831
0.0623747
0.0702417
0.0631718
0.0658518
0.0629404
0.0530235
0.0413017
0.0557953
0.0392041
0.047604
0.0464253
0.0541735
0.0405385
0.052268
0.0531647
0.0642668
0.0737419
0.062057
0.0692802
0.0664763
0.0565327
0.0484001
0.0582774
0.0458207
0.0464635
0.0502045
0.0664534
0.0714508
0.0554199
0.0670547
0.0772253
0.0649615
0.0635332
0.0800215
0.0957162
0.0941324
0.115871
0.115533
0.11562
0.121941
0.118092
0.12333
0.124372
0.117035
0.12243
0.15025
0.138113
0.0952538
0.139727
0.129966
0.140574
0.120066
0.150955
0.152192
0.166916
0.187878
0.171968
0.184073
0.1732
0.199917
0.199761
0.197089
0.240719
0.234994
0.246825
0.239071
0.24924
0.220492
0.21172
0.166027
0.148992
0.129174
0.138934
0.141104
0.146628
0.179452
0.143847
0.164681
0.159998
0.162019
0.172077
0.175474
0.189163
0.169726
0.190526
0.172074
0.1677
0.190643
0.181386
0.221702
0.187979
0.194466
0.211637
0.256544
0.230627
0.234057
0.232472
0.219709
0.196554
0.191491
0.182977
0.196276
0.147864
0.152911
0.13975
0.131863
0.112094
0.0868459
0.0873576
0.085955
0.0595199
0.0467718
0.0507297
0.0285558
0.0285658
0.0255501
0.00921524
0.0150478
0.0109424
0.0121642
0.0152777
0.0157229
0.0124486
0.0165696
0.0139489
0.0134102
0.0135997
0.0188765
0.0272122
0.0226572
0.0283954
0.0248294
0.0246592
0.0223102
0.0119066
0.0172897
0.00886415
0.0079432
0.00749925
0.00636188
0.0120462
0.00501336
0.00337667
0.00740048
0
0.00473224
0.00468675
0.00355801
0.00850827
0.0049068
0.0165905
0.0174486
0.0201106
0.025111
0.021619
0.0160195
0.018203
0.0137112
0.0134328
0.0187143
0.0129719
0.00997231
0.0164483
0.0199546
0.0123264
0.0171037
0.018217
0.0135257
0.0213312
0.0241443
0.0241324
0.0232465
0.0308129
0.0379348
0.0290441
0.0298254
0.0323125
0.0327001
0.0211448
0.0237091
0.0255398
0.0227314
0.0278715
0.0283581
0.0247705
0.0244491
0.0354896
0.0311469
0.0303453
0.0265444
0.0292219
0.0284523
0.0348941
0.0367457
0.0438658
0.0394826
0.0376985
0.0382101
0.0325529
0.0313811
0.0271641
0.0233444
0.0283734
0.0281255
0.0229959
0.0292416
0.0337017
0.0311285
0.02824
0.0278911
0.0229309
0.0319643
0.0316842
0.03699
0.0318906
0.0386118
0.0356104
0.0422419
0.0501987
0.0466637
0.0453783
0.0494118
0.0620261
0.062364
0.0648172
0.0676565
0.0624095
0.0627718
0.0641144
0.066086
0.0726798
0.0717939
0.0698853
0.0728696
0.0733857
0.0891162
0.0697735
0.0686129
0.087404
0.0902923
0.0892235
0.0980038
0.102452
0.1056
0.110666
0.0987117
0.113006
0.106271
0.115846
0.108936
0.107105
0.109593
0.110918
0.118162
0.117424
0.114663
0.100761
0.0980396
0.109148
0.103882
0.105371
0.115491
0.112908
0.117341
0.123811
0.140718
0.135875
0.115847
0.122927
0.12002
0.103444
0.0973562
0.0998625
0.0937474
0.0927887
0.0897382
0.0878885
0.097724
0.10602
0.0906037
0.083541
0.0902186
0.0904057
0.0738638
0.0923923
0.0876399
0.0880375
0.0901567
0.0932928
0.0882408
0.0939553
0.0950918
0.0722931
0.0825927
0.076797
0.0639275
0.0692421
0.0647314
0.0485479
0.0460015
0.0665308
0.0531809
0.0589579
0.0568253
0.0553572
0.0462626
0.0651752
0.0504928
0.050862
0.0514716
0.0492991
0.0690151
0.0455215
0.0600656
0.0618342
0.0509795
0.0594851
0.0504791
0.0419322
0.0467035
0.0371768
0.0337974
0.0334718
0.0223693
0.0304027
0.0185056
0.00406355
0.0178799
0.0145394
0.0236202
0.00862268
0.0195213
0.01157
0.0137032
0.0169494
0.013632
0.0192496
0.00117074
0.0172196
0.0187796
0.0322548
0.0440753
0.0371243
0.0499576
0.0455803
0.0463757
0.0408218
0.041887
0.0421612
0.0487304
0.0445394
0.0452534
0.0426343
0.0365519
0.0327153
0.0264673
0.027635
0.022543
0.0200736
0.0222772
0.0194358
0.0321734
0.0121294
0.0123278
0.0180507
0.0172239
0.0105373
0.0257166
0.0140795
0.0158828
0.0234574
0.0211944
0.0203871
0.029721
0.0243773
0.0225175
0.0279662
0.0369804
0.0254009
0.0268118
0.0252743
0.0231139
0.0228326
0.0155707
0.0187591
0.0142149
0.0150321
0.0160785
0.0177107
0.00875166
0.0152845
0.0109261
0.016356
0.0211931
0.0154853
0.0199798
0.0187131
0.0232248
0.0216465
0.0122633
0.0303528
0.0254173
0.0247918
0.029061
0.0310409
0.0398575
0.0396011
0.0351885
0.0356852
0.0421528
0.0279045
0.0283245
0.028819
0.0367009
0.0315521
0.0319175
0.0292152
0.0279145
0.0217548
0.0230087
0.0193329
0.0230155
0.021078
0.0243263
0.0296149
0.0255233
0.0271134
0.0250244
0.0271561
0.0298547
0.0261374
0.0339993
0.0285577
0.0316938
0.0295149
0.0426638
0.0428244
0.0458192
0.0555688
0.0427038
0.0447444
0.0499757
0.0618689
0.0506487
0.0540664
0.0544177
0.0499197
0.0429357
0.0513059
0.0504577
0.0452626
0.0462981
0.0527224
0.0470473
0.0521185
0.0487804
0.044805
0.0384443
0.0515975
0.0452448
0.0527979
0.0524116
0.0557435
0.0605718
0.0601796
0.0596588
0.0629511
0.0688379
0.0809657
0.109136
0.173876
0.351176
0.55432
0.647789
0.673191
0.649591
0.547188
0.344684
0.175695
0.117053
0.0913433
0.0770118
0.0730583
0.0744764
0.0759834
0.0692053
0.0753916
0.0748336
0.0696716
0.07178
0.0747915
0.0716237
0.0712692
0.0763929
0.0655971
0.0678581
0.0732718
0.0718673
0.0776521
0.0667188
0.064963
0.0625429
0.064792
0.0679139
0.0519373
0.0625861
0.051907
0.0575082
0.0616498
0.0510163
0.0632567
0.0471842
0.0486559
0.0514036
0.0613978
0.0570684
0.0592188
0.0618404
0.0644833
0.0643491
0.066576
0.0670891
0.0716661
0.0717358
0.0665453
0.0742169
0.0694926
0.0669177
0.0725529
0.0710888
0.0682704
0.0666642
0.0745205
0.0679334
0.072616
0.0668657
0.0807093
0.0664575
0.0749874
0.0612157
0.0651951
0.0586952
0.0571643
0.0661433
0.0638875
0.0629018
0.0732035
0.0610762
0.0739605
0.0628291
0.0578985
0.0753692
0.0666365
0.062982
0.0621227
0.0658683
0.0637495
0.0653888
0.0631015
0.0641433
0.0636629
0.0681977
0.0612055
0.0591117
0.067129
0.0709674
0.067863
0.0610916
0.0680119
0.0675627
0.0631472
0.0748162
0.0739264
0.07424
0.0648758
0.0723761
0.0827239
0.0745223
0.0803058
0.075472
0.0701971
0.0802929
0.079175
0.0879486
0.077398
0.0669873
0.0747852
0.0915691
0.0905164
0.0812761
0.0784375
0.0991263
0.102478
0.0943359
0.075195
0.0866885
0.0831694
0.0867685
0.0998845
0.0873092
0.0788728
0.0994503
0.0970698
0.0916733
0.0881234
0.0839337
0.0877322
0.0869531
0.0899183
0.0992539
0.0903627
0.0662836
0.091583
0.0781778
0.0901504
0.0910874
0.0836317
0.0818639
0.102711
0.0955226
0.116614
0.113024
0.101094
0.0773981
0.104005
0.107286
0.112141
0.0763491
0.136165
0.0802573
0.115276
0.10913
0.0980924
0.0789916
0.107681
0.0765806
0.102469
0.106781
0.13226
0.119178
0.111486
0.109449
0.124238
0.109542
0.150312
0.125681
0.136017
0.131089
0.163856
0.166953
0.172439
0.12789
0.144702
0.165951
0.141189
0.108386
0.128431
0.128311
0.147519
0.119842
0.140211
0.112333
0.119122
0.122703
0.0983566
0.119409
0.101321
0.131928
0.139599
0.0790647
0.0887915
0.129807
0.104224
0.104917
0.119599
0.098683
0.0992512
0.0884332
0.0866129
0.0870358
0.115038
0.0715625
0.0942724
0.0896478
0.103145
0.0954596
0.0976421
0.0902006
0.0832495
0.107002
0.117137
0.116369
0.124998
0.135594
0.148288
0.126586
0.124627
0.102187
0.109226
0.0693858
0.0967909
0.0847236
0.0776219
0.0770424
0.081911
0.0859569
0.0660362
0.0768437
0.0818946
0.0680825
0.0705862
0.0776029
0.0769126
0.0712925
0.0787416
0.104852
0.0998241
0.104353
0.108925
0.115193
0.11225
0.135819
0.148805
0.165893
0.160481
0.174135
0.192687
0.21438
0.23308
0.249404
0.236789
0.224248
0.192502
0.128997
0.0678955
0.0675554
0.062587
0.0668015
0.0641182
0.0606894
0.0938304
0.0667868
0.0782443
0.0397091
0.0687176
0.0675816
0.0576798
0.0688511
0.0689855
0.0536814
0.0636165
0.0553259
0.063461
0.072651
0.0685739
0.0668468
0.0759397
0.0636972
0.0647415
0.0646313
0.0721322
0.0729815
0.063461
0.0664186
0.0675925
0.0644929
0.0682921
0.0677689
0.0673818
0.0653371
0.0765629
0.0677461
0.0686002
0.067043
0.0729193
0.0637434
0.0738226
0.0718084
0.0692802
0.0712913
0.074723
0.0679266
0.0799658
0.0715725
0.075963
0.074808
0.0713221
0.0780548
0.0677532
0.0661469
0.0661186
0.0608928
0.0710831
0.0550115
0.052756
0.0622418
0.0640111
0.0617795
0.0579309
0.0474467
0.0524417
0.056316
0.0620291
0.0706631
0.0718126
0.0675906
0.0660686
0.0561926
0.0558438
0.0616838
0.0695239
0.068081
0.0653926
0.0650447
0.0538137
0.0639959
0.0669513
0.0574127
0.057959
0.0608733
0.0641027
0.0624348
0.056972
0.0631268
0.0655145
0.0678978
0.0715117
0.0590103
0.0697678
0.0764922
0.0734769
0.0733293
0.0719005
0.0726943
0.0791767
0.0853945
0.0844869
0.0866675
0.0957351
0.098856
0.10064
0.101357
0.103451
0.107986
0.115596
0.120167
0.114513
0.10762
0.107485
0.0899845
0.0844989
0.0676448
0.064105
0.0648021
0.0591795
0.0634558
0.0748137
0.0569758
0.0601277
0.0620184
0.0623927
0.0581132
0.0647127
0.0663409
0.0685031
0.0651244
0.0639197
0.0670324
0.0707053
0.0717571
0.0715051
0.0742211
0.0809793
0.0842571
0.0905469
0.093609
0.0955517
0.101071
0.110393
0.121005
0.132026
0.136913
0.149625
0.156765
0.166739
0.165343
0.163872
0.158002
0.148506
0.130347
0.119803
0.106993
0.108916
0.098304
0.0793341
0.0819866
0.0911977
0.0700108
0.0717053
0.0864336
0.0843821
0.077983
0.0983017
0.0877824
0.0809454
0.0949564
0.0878131
0.097721
0.101951
0.0995058
0.102353
0.110194
0.109935
0.105813
0.114771
0.114306
0.123613
0.120977
0.134206
0.149268
0.143393
0.143556
0.152278
0.160825
0.175434
0.187796
0.196674
0.201261
0.192912
0.195085
0.179125
0.177058
0.160716
0.140534
0.12955
0.123531
0.107901
0.0991369
0.105715
0.0964991
0.102097
0.103898
0.0986743
0.0995089
0.0895793
0.102534
0.100585
0.0980607
0.0922131
0.0863032
0.0824828
0.0783545
0.090237
0.0845249
0.0908474
0.0763792
0.0811563
0.0676597
0.0805433
0.0912195
0.0915111
0.0859559
0.0772742
0.0814154
0.0865806
0.0887954
0.0841719
0.0887193
0.0868293
0.0896167
0.0790314
0.0836861
0.0748082
0.0917981
0.0836261
0.0838146
0.0937335
0.08411
0.0818189
0.08453
0.0880283
0.0927311
0.0828145
0.0833222
0.0879124
0.0983013
0.0843651
0.0932485
0.0850555
0.0908728
0.0843741
0.0935032
0.0918649
0.0892586
0.0881453
0.0908605
0.0896899
0.0902011
0.0869631
0.0827528
0.0804038
0.079913
0.0773931
0.0834564
0.0843533
0.0768612
0.090602
0.0873173
0.0941894
0.0924722
0.100061
0.113139
0.121366
0.146325
0.126674
0.142188
0.130832
0.155692
0.151781
0.140355
0.172507
0.166365
0.164232
0.193461
0.200754
0.201989
0.180585
0.173675
0.174241
0.141113
0.144829
0.133629
0.140362
0.115419
0.109206
0.128739
0.0988213
0.119324
0.103224
0.130492
0.131406
0.13098
0.150384
0.147964
0.158071
0.154406
0.144505
0.160399
0.15517
0.175999
0.156845
0.152709
0.148739
0.166793
0.151503
0.163689
0.169934
0.150184
0.139599
0.137568
0.149268
0.153227
0.135797
0.115756
0.13113
0.147929
0.147643
0.133791
0.120369
0.149471
0.174143
0.170794
0.197644
0.179805
0.128969
0.173759
0.183237
0.183561
0.205271
0.171018
0.187815
0.202147
0.180977
0.197905
0.199372
0.192479
0.194802
0.202209
0.201374
0.216864
0.22146
0.221311
0.219797
0.208174
0.223183
0.244536
0.247822
0.247271
0.245281
0.231772
0.239927
0.220236
0.216196
0.222759
0.220245
0.198502
0.188529
0.165263
0.178416
0.167004
0.14474
0.143915
0.108051
0.10777
0.100132
0.120019
0.121096
0.125726
0.119478
0.131141
0.115981
0.108842
0.13246
0.117941
0.138376
0.146237
0.147032
0.144437
0.131176
0.175885
0.148649
0.215192
0.186222
0.206221
0.189982
0.215131
0.196135
0.197946
0.219683
0.21377
0.191258
0.236416
0.267798
0.260547
0.240918
0.294291
0.267399
0.253931
0.295912
0.272997
0.297969
0.288288
0.303721
0.280858
0.277167
0.291878
0.279973
0.25961
0.284924
0.252904
0.240754
0.245476
0.227786
0.195755
0.161545
0.167866
0.123432
0.0903675
0.115294
0.102451
0.111459
0.0706239
0.112878
0.131271
0.120828
0.108449
0.101482
0.119979
0.127746
0.0986532
0.147694
0.0587248
0.126275
0.115562
0.120224
0.0790725
0.0971706
0.0710402
0.10017
0.123405
0.0952536
0.110834
0.0828448
0.127577
0.115088
0.154454
0.12454
0.117484
0.120791
0.083845
0.144934
0.0783708
0.139948
0.162348
0.0904962
0.10004
0.115958
0.169865
0.118752
0.144894
0.166755
0.128856
0.126841
0.107642
0.0973707
0.134515
0.168254
0.1418
0.198015
0.175596
0.134364
0.149576
0.117382
0.128685
0.11139
0.147745
0.130676
0.125517
0.158269
0.161423
0.123107
0.134354
0.12946
0.141342
0.130539
0.133542
0.100641
0.102915
0.180553
0.0843677
0.0908103
0.103932
0.0911667
0.103103
0.0288516
0.128572
0.101576
0.114645
0.101461
0.107903
0.105152
0.144088
0.106694
0.126581
0.087581
0.151027
0.142642
0.155696
0.0453952
0.0928159
0.0766392
0.112604
0.1085
0.0986432
0.119975
0.146566
0.112326
0.115168
0.125491
0.16149
0.132132
0.161184
0.136742
0.171724
0.16525
0.149658
0.135481
0.164333
0.146248
0.148839
0.186041
0.136885
0.150744
0.120392
0.19005
0.177135
0.193624
0.208655
0.123564
0.13709
0.19755
0.153081
0.166627
0.179521
0.155419
0.132889
0.0837553
0.0898729
0.111881
0.0985136
0.0814092
0.0521944
0.0688699
0.0720032
