0.173561
0.184382
0.183328
0.20041
0.192586
0.199221
0.204595
0.2152
0.207468
0.216465
0.229067
0.23096
0.237765
0.24316
0.244738
0.247199
0.260727
0.263733
0.262304
0.262368
0.260779
0.257784
0.265065
0.273996
0.279015
0.287828
0.295333
0.302725
0.306451
0.316108
0.32033
0.324817
0.329576
0.334014
0.337067
0.343478
0.344235
0.348901
0.345798
0.340413
0.326067
0.323718
0.322506
0.34298
0.357055
0.365078
0.372939
0.377151
0.384056
0.388648
0.379374
0.338563
0.31967
0.317414
0.317129
0.316947
0.33894
0.40941
0.417773
0.404037
0.377544
0.331789
0.261386
0.230882
0.223967
0.206391
0.198839
0.196
0.171907
0.164949
0.162632
0.153843
0.14685
0.150812
0.140537
0.146492
0.148861
0.152591
0.156698
0.162458
0.168975
0.172907
0.170753
0.172934
0.177071
0.178177
0.175116
0.185387
0.192242
0.197185
0.207419
0.216556
0.224903
0.239146
0.25721
0.280345
0.310574
0.330639
0.341848
0.360309
0.363108
0.357944
0.353134
0.325706
0.289096
0.258826
0.246277
0.244932
0.248507
0.249329
0.257428
0.257836
0.263854
0.2665
0.26645
0.272524
0.26027
0.255879
0.249468
0.247246
0.250261
0.257604
0.262503
0.275029
0.279017
0.287315
0.297133
0.299959
0.304525
0.306994
0.315223
0.320556
0.322048
0.317514
0.317769
0.319909
0.335269
0.3409
0.341736
0.335593
0.314357
0.290328
0.276118
0.285208
0.280605
0.298054
0.29595
0.307672
0.317546
0.331929
0.349292
0.356118
0.363331
0.376381
0.383419
0.387445
0.391754
0.39404
0.394755
0.393672
0.393382
0.401769
0.405151
0.393026
0.363444
0.30313
0.237938
0.189529
0.166549
0.147601
0.13977
0.136249
0.131834
0.139545
0.137354
0.143345
0.152829
0.155832
0.170805
0.178879
0.190646
0.20346
0.203096
0.185018
0.189887
0.187996
0.181304
0.180729
0.17865
0.167876
0.167305
0.168244
0.170771
0.175394
0.175549
0.178699
0.181199
0.186037
0.178081
0.178706
0.169877
0.159533
0.151424
0.158507
0.14744
0.164552
0.16202
0.175984
0.175109
0.183333
0.197195
0.205116
0.210584
0.210484
0.217818
0.225643
0.227447
0.233814
0.235986
0.242931
0.246482
0.249111
0.251776
0.238204
0.218818
0.205623
0.195732
0.201579
0.21155
0.198104
0.205198
0.212144
0.221961
0.221656
0.231669
0.243955
0.256278
0.270701
0.274808
0.27707
0.28802
0.303594
0.306153
0.322283
0.326193
0.327169
0.338919
0.345084
0.347525
0.352778
0.363729
0.366013
0.379517
0.376527
0.364453
0.349309
0.305679
0.262547
0.229311
0.216899
0.213737
0.219003
0.229893
0.240796
0.242401
0.233188
0.250714
0.248439
0.261351
0.270683
0.277921
0.285877
0.287451
0.29369
0.308041
0.312795
0.316805
0.318928
0.315961
0.312528
0.296221
0.276042
0.241303
0.201671
0.176076
0.165865
0.162451
0.167653
0.17774
0.181303
0.201841
0.199634
0.210007
0.219334
0.224924
0.225676
0.23244
0.203819
0.214449
0.20368
0.194113
0.184896
0.179154
0.175566
0.166752
0.177688
0.171801
0.173519
0.174188
0.178236
0.186452
0.184691
0.195917
0.192049
0.17743
0.17029
0.173135
0.154737
0.185804
0.173441
0.168934
0.156253
0.168085
0.174709
0.169793
0.168175
0.144209
0.160084
0.156636
0.167977
0.172422
0.197177
0.184483
0.1916
0.20263
0.208412
0.215026
0.218389
0.226988
0.220905
0.233242
0.243183
0.24311
0.231973
0.226635
0.231095
0.21208
0.222596
0.212535
0.204649
0.197556
0.181746
0.169232
0.183205
0.191841
0.189852
0.198372
0.191778
0.210118
0.197262
0.195379
0.19087
0.216484
0.21065
0.209731
0.21952
0.220371
0.222018
0.239377
0.250417
0.268177
0.277232
0.285459
0.282681
0.292779
0.296486
0.297092
0.2974
0.263072
0.230011
0.203827
0.17602
0.163476
0.176833
0.145228
0.167023
0.161549
0.167304
0.171804
0.190452
0.183712
0.179553
0.188129
0.170872
0.176781
0.162015
0.167514
0.165048
0.174885
0.169317
0.161292
0.160398
0.165616
0.170651
0.176366
0.173581
0.18044
0.195078
0.212809
0.243125
0.267392
0.292835
0.324595
0.315683
0.332901
0.337343
0.319363
0.300095
0.260852
0.250767
0.243845
0.246941
0.255184
0.264913
0.263993
0.264012
0.256717
0.242206
0.237445
0.252103
0.238656
0.245891
0.256016
0.247764
0.23926
0.216301
0.211687
0.205784
0.200723
0.212148
0.206961
0.220581
0.217289
0.216046
0.220158
0.210325
0.214858
0.215257
0.2101
0.216803
0.205728
0.214697
0.218614
0.216469
0.22642
0.194868
0.202813
0.224503
0.223757
0.2338
0.214567
0.236718
0.238164
0.209468
0.23295
0.224572
0.213194
0.235132
0.238696
0.241223
0.244171
0.232614
0.249617
0.244449
0.262817
0.266527
0.283339
0.307428
0.327479
0.347741
0.383829
0.425484
0.41596
0.434767
0.421629
0.378116
0.336247
0.289485
0.270736
0.244821
0.218306
0.255056
0.291848
0.367283
0.450557
0.468031
0.516499
0.532597
0.487751
0.426154
0.345069
0.255553
0.212629
0.200017
0.198149
0.183476
0.211549
0.192714
0.200543
0.202559
0.214899
0.207473
0.219744
0.22034
0.223498
0.228476
0.212966
0.219054
0.239052
0.233786
0.249912
0.240284
0.221378
0.209732
0.191454
0.181524
0.170736
0.172458
0.180103
0.178273
0.170671
0.1549
0.143313
0.139481
0.146626
0.135964
0.137716
0.145034
0.135103
0.154818
0.152148
0.151954
0.160751
0.159101
0.152712
0.168259
0.174485
0.184942
0.186823
0.181229
0.196922
0.189342
0.193205
0.196854
0.198117
0.200428
0.190082
0.17975
0.16225
0.170361
0.18077
0.17366
0.184775
0.204162
0.204366
0.186979
0.211071
0.225774
0.215444
0.202894
0.19157
0.188802
0.181658
0.166215
0.189897
0.180101
0.176792
0.184395
0.183515
0.180596
0.180849
0.180387
0.175542
0.197368
0.176581
0.189694
0.18143
0.200905
0.19501
0.211295
0.207977
0.206455
0.192315
0.170114
0.165973
0.151624
0.161182
0.155556
0.171778
0.153341
0.159753
0.170797
0.149434
0.14309
0.139782
0.139981
0.148722
0.133902
0.151981
0.139378
0.149296
0.156507
0.145213
0.144785
0.14797
0.160138
0.137449
0.133492
0.128149
0.125386
0.116839
0.123181
0.105519
0.112519
0.101286
0.114311
0.112556
0.118521
0.143317
0.142282
0.154876
0.162716
0.169528
0.190885
0.191087
0.196691
0.188851
0.188503
0.155698
0.151211
0.117918
0.103334
0.0786755
0.0825064
0.093919
0.103989
0.134097
0.128945
0.149363
0.147992
0.151811
0.172574
0.160068
0.153264
0.159597
0.13791
0.146449
0.148393
0.170321
0.168757
0.147403
0.183396
0.220222
0.195139
0.193469
0.213703
0.206913
0.220815
0.183992
0.162075
0.168418
0.179169
0.171992
0.165186
0.189634
0.178675
0.161864
0.194676
0.179797
0.170825
0.170005
0.165954
0.177251
0.180517
0.179145
0.184814
0.189714
0.168142
0.158866
0.148116
0.1481
0.15544
0.139253
0.142866
0.140033
0.125039
0.112435
0.100696
0.102604
0.111494
0.101095
0.101045
0.0981405
0.0944178
0.0910315
0.0767573
0.0843193
0.0783058
0.0801923
0.0662666
0.0567846
0.0664653
0.0725075
0.0655635
0.0592905
0.066521
0.0713551
0.0621111
0.052456
0.061691
0.0700245
0.0596667
0.0659655
0.056592
0.0683626
0.0545
0.0638743
0.0609954
0.069474
0.0662124
0.0647858
0.0712641
0.0596313
0.0822831
0.0680725
0.0792112
0.0633048
0.0680485
0.0714708
0.0674409
0.0732493
0.0876646
0.0745657
0.0779373
0.0752659
0.0697452
0.0648705
0.0617613
0.0607634
0.0493521
0.0459579
0.0578583
0.0552172
0.042055
0.0485801
0.0503871
0.0450125
0.0578118
0.0586895
0.0744478
0.0551682
0.0536968
0.0550908
0.0759909
0.0643243
0.0450048
0.0583966
0.0592564
0.0528978
0.0548538
0.0573765
0.0635294
0.0517379
0.0651761
0.0572465
0.078841
0.0587445
0.0934832
0.103298
0.0997053
0.123189
0.11807
0.120879
0.126324
0.130212
0.120835
0.13671
0.12411
0.128554
0.144319
0.144393
0.107108
0.14469
0.122226
0.133715
0.123366
0.148528
0.132886
0.147645
0.19009
0.175232
0.161242
0.190063
0.194162
0.203977
0.208272
0.237314
0.244283
0.2484
0.267424
0.247965
0.216136
0.196471
0.178062
0.165358
0.159423
0.124983
0.151716
0.148341
0.18406
0.121874
0.166097
0.164455
0.190275
0.175127
0.185209
0.200504
0.170604
0.178374
0.197318
0.169138
0.172451
0.182342
0.190872
0.18631
0.18427
0.216487
0.236877
0.221364
0.24741
0.246527
0.220531
0.223933
0.192108
0.180984
0.184186
0.146933
0.139426
0.142975
0.114434
0.116457
0.108872
0.0952135
0.071808
0.0694246
0.045191
0.046936
0.0357707
0.0275801
0.019908
0.00666251
0.00976507
0.0172396
0.0150742
0.0113977
0.0147506
0.0102644
0.0139479
0.00990841
0.0190821
0.0124695
0.0230466
0.0225369
0.0252574
0.0241133
0.0241511
0.0144782
0.0228779
0.012731
0.0160218
0.0106951
0.00601488
0.00593819
0.00166718
0.0120745
0.00322029
0.00432537
0.009048
0.00164697
0.00877494
0.00725477
0
0.00629583
0.00639775
0.0109957
0.0181895
0.0198253
0.02107
0.0231703
0.0213739
0.0157103
0.0127183
0.0123626
0.0125291
0.0183428
0.0094111
0.0117069
0.0227629
0.0111287
0.0150859
0.0179243
0.00791205
0.0161845
0.0173582
0.0266965
0.0239694
0.029125
0.0353073
0.027017
0.033172
0.0302889
0.0281313
0.0253434
0.0210289
0.0236042
0.0231007
0.0220887
0.0215925
0.0262845
0.0275975
0.0285567
0.0276731
0.0251864
0.0289965
0.0301467
0.0315453
0.0355169
0.0372509
0.0414829
0.0381109
0.0354526
0.031904
0.0342762
0.0353203
0.0276614
0.0261458
0.0298417
0.0281289
0.0268316
0.0273624
0.0387026
0.0340433
0.0265357
0.0265204
0.0211088
0.0296858
0.0254569
0.0315556
0.0338704
0.0397816
0.0393465
0.0434029
0.0504942
0.0471055
0.0459758
0.0529689
0.0610629
0.0585087
0.0704089
0.0625452
0.0665678
0.0653046
0.0659753
0.0638404
0.0731325
0.0746765
0.0630057
0.0662547
0.0760497
0.0803193
0.0719993
0.076565
0.0847112
0.0887051
0.086675
0.0973254
0.10214
0.113497
0.113729
0.103558
0.105087
0.11067
0.114364
0.107859
0.106721
0.10476
0.116426
0.107263
0.114289
0.108908
0.102441
0.101884
0.108378
0.105508
0.113252
0.118164
0.119436
0.128788
0.141143
0.143473
0.15042
0.128468
0.120357
0.110574
0.104212
0.102044
0.100141
0.105675
0.0920619
0.104955
0.0990663
0.100842
0.0966723
0.0991798
0.101406
0.0940072
0.0876741
0.0843517
0.102113
0.0806262
0.0808185
0.0968005
0.0939318
0.0994222
0.106585
0.0967461
0.0989178
0.0807857
0.0800006
0.0599745
0.0717679
0.0593901
0.049735
0.0462015
0.0581736
0.0599893
0.0586658
0.0530953
0.0555896
0.0475663
0.0544611
0.049525
0.0503608
0.0516724
0.0586186
0.0640898
0.0599722
0.0594688
0.0554045
0.0538399
0.0595218
0.0578791
0.0427488
0.0474107
0.0422017
0.0326676
0.0366632
0.0305958
0.0206741
0.0252468
0.0161551
0.0123351
0.0101268
0.0166962
0.0127466
0.0175846
0.00945026
0.00630737
0.011771
0.0114654
0.0136602
0.0156931
0.0206615
0.0265568
0.0269424
0.0409354
0.0407633
0.0470483
0.0404325
0.0351308
0.0490743
0.0378551
0.0437708
0.041131
0.0444729
0.0541913
0.0365567
0.0254365
0.0275121
0.0257209
0.0227068
0.0271277
0.0131203
0.0306342
0.0245186
0.0233728
0.026616
0.0187314
0.0200882
0.0188585
0.0166758
0.0155017
0.0132502
0.0160418
0.0190803
0.0267765
0.0217048
0.0219816
0.0277592
0.024059
0.0313308
0.032716
0.0239453
0.0182106
0.0204181
0.0242009
0.0190693
0.0188105
0.0252763
0.00859706
0.0195358
0.0124615
0.0141942
0.0138516
0.0196947
0.0198408
0.0243482
0.0203384
0.00888848
0.0214242
0.0167664
0.0191744
0.0147114
0.0207043
0.0225957
0.027875
0.0305488
0.0288267
0.0337421
0.0382248
0.0404613
0.0346343
0.0447871
0.0422565
0.0353597
0.0417135
0.0292797
0.0282635
0.029507
0.0244321
0.0304992
0.0268445
0.0192353
0.0228227
0.0230433
0.0243219
0.0178224
0.0300011
0.0236048
0.025163
0.0214682
0.0193379
0.0214933
0.0249746
0.031195
0.0267938
0.0314825
0.0312414
0.0311367
0.0389633
0.038916
0.045531
0.0531788
0.0475621
0.0386939
0.0489444
0.0533843
0.0466622
0.0477313
0.0479399
0.0503446
0.044574
0.0476549
0.0494947
0.0449286
0.0426946
0.0456131
0.0456616
0.0497576
0.0494178
0.0508481
0.0456447
0.0485716
0.0501557
0.0552656
0.0525888
0.0516675
0.0610572
0.057924
0.0598637
0.0663201
0.0728419
0.0908317
0.117224
0.193824
0.386099
0.607812
0.718568
0.747824
0.729905
0.605369
0.388996
0.195418
0.120666
0.0988634
0.0845439
0.0768437
0.074429
0.0786107
0.0752235
0.0715425
0.0771546
0.0720636
0.0752384
0.0759164
0.0645476
0.0706608
0.0727034
0.0688139
0.0671822
0.0722323
0.0678696
0.0708892
0.0662258
0.0704143
0.0632899
0.0620579
0.0602336
0.0579374
0.06325
0.0595831
0.0545856
0.0593378
0.0459192
0.0635533
0.056414
0.0579122
0.0550704
0.0621145
0.057661
0.064625
0.0624275
0.0644227
0.0594931
0.0647731
0.0649822
0.0694333
0.0707846
0.0648186
0.0664467
0.0705735
0.064533
0.0693802
0.0729895
0.0689633
0.0607176
0.0729123
0.074025
0.0686125
0.0696285
0.0751495
0.0679474
0.0731734
0.0629068
0.0631161
0.0646958
0.062828
0.0659492
0.0722904
0.0633989
0.0669222
0.0668721
0.0700795
0.0659603
0.0589266
0.0740734
0.0656853
0.0597037
0.069358
0.0668572
0.0654318
0.0651009
0.0701531
0.0670783
0.0628131
0.062781
0.067682
0.0656966
0.0642014
0.069155
0.0679854
0.0606177
0.0757721
0.0666309
0.0706215
0.067874
0.0739304
0.0770654
0.0653448
0.0742986
0.0881091
0.0761355
0.0819042
0.0690089
0.0680478
0.0760631
0.0656739
0.0988045
0.0901728
0.0738829
0.0762338
0.0897521
0.105234
0.0851439
0.0712302
0.0977317
0.101406
0.0873749
0.0965539
0.092261
0.0881042
0.0791273
0.0929403
0.0941873
0.0746652
0.090862
0.0881276
0.0870715
0.092338
0.0866858
0.0898123
0.0839082
0.0797663
0.0957682
0.0983763
0.0762403
0.0895688
0.0999028
0.104249
0.113636
0.0830198
0.0776833
0.0847957
0.0759049
0.106782
0.0904972
0.106633
0.0968051
0.0883828
0.089942
0.105359
0.0955435
0.120428
0.109741
0.106779
0.117518
0.110938
0.0706052
0.10151
0.104917
0.121505
0.106206
0.121805
0.110069
0.107463
0.119979
0.137469
0.130355
0.157978
0.127096
0.163551
0.136825
0.170926
0.174423
0.161531
0.144054
0.141542
0.149969
0.147104
0.10749
0.121477
0.130236
0.143169
0.116056
0.140142
0.125994
0.088748
0.107645
0.13202
0.100568
0.115123
0.120614
0.125412
0.0901742
0.0920916
0.119125
0.0962128
0.0891624
0.119795
0.108898
0.107627
0.0913106
0.105452
0.0932652
0.0933188
0.098174
0.114946
0.087394
0.110217
0.0985282
0.110592
0.103454
0.0857141
0.102879
0.117406
0.121401
0.128679
0.14602
0.157078
0.138765
0.136511
0.110555
0.105602
0.0809178
0.101331
0.0876194
0.0697421
0.0600925
0.0879016
0.088115
0.0800864
0.0820016
0.0756456
0.053622
0.0673894
0.0806554
0.0811751
0.0790163
0.0884584
0.0988263
0.10112
0.109758
0.0977092
0.114847
0.12469
0.146003
0.156379
0.170267
0.173847
0.180771
0.195073
0.219929
0.237373
0.253322
0.242071
0.237794
0.200153
0.138687
0.0627932
0.0896705
0.0616977
0.0740369
0.0646702
0.0669647
0.0849794
0.076408
0.074394
0.0656473
0.065205
0.0684735
0.0589323
0.0726001
0.0638263
0.0620239
0.0610999
0.0668932
0.0649405
0.0726107
0.0736569
0.070412
0.0633691
0.0737118
0.0573734
0.0689892
0.0683248
0.0751183
0.0712603
0.0703294
0.0655789
0.069743
0.066094
0.0693126
0.0667127
0.0697732
0.0633468
0.0620421
0.0823831
0.06701
0.0724459
0.0722601
0.0687131
0.0707941
0.0661901
0.061959
0.0748335
0.0665816
0.0747312
0.0841254
0.0758438
0.0771404
0.0749733
0.0712433
0.069557
0.0684937
0.0720301
0.052294
0.0683287
0.059331
0.043317
0.0531799
0.0595405
0.0648644
0.0624159
0.0599901
0.0551404
0.0511891
0.0561529
0.0615025
0.064552
0.0683052
0.0607924
0.065036
0.0563034
0.0695157
0.0638967
0.0607103
0.0651812
0.065829
0.0589154
0.0645214
0.0647976
0.0543321
0.0611293
0.0594399
0.0649591
0.0608998
0.0618276
0.0653042
0.0633575
0.0675468
0.0669276
0.0596826
0.0691888
0.0718586
0.0790607
0.0721768
0.0741394
0.0806759
0.0929931
0.0772698
0.0756236
0.0933269
0.0926547
0.0928046
0.0998433
0.109759
0.0978081
0.124302
0.120763
0.13627
0.118163
0.118509
0.109036
0.0860499
0.0729287
0.0775319
0.0642882
0.0673163
0.0578819
0.0626543
0.0594143
0.0650241
0.0577967
0.0551103
0.0632836
0.0564482
0.0668867
0.0653017
0.0691723
0.0620145
0.0660349
0.0701952
0.0695645
0.073903
0.0791779
0.081361
0.0855254
0.0842953
0.0878249
0.0931772
0.0966047
0.104079
0.114922
0.124036
0.13488
0.140445
0.147473
0.165027
0.171449
0.173187
0.16467
0.162832
0.154693
0.137409
0.12599
0.112715
0.110457
0.0957931
0.0844791
0.0836499
0.100219
0.0818898
0.0724632
0.0870579
0.0781399
0.0814502
0.0911583
0.0854267
0.0858194
0.090097
0.0988268
0.100754
0.109517
0.0998354
0.10496
0.103938
0.106915
0.107717
0.117054
0.121598
0.12318
0.128417
0.140074
0.1452
0.146739
0.150134
0.155435
0.161684
0.180515
0.193541
0.198079
0.199246
0.195486
0.19499
0.186658
0.180338
0.165087
0.145579
0.139089
0.122581
0.108211
0.101508
0.106144
0.100419
0.113392
0.10205
0.0971717
0.101558
0.102713
0.101772
0.102238
0.0915952
0.092352
0.086885
0.0847843
0.0943359
0.0996465
0.0837337
0.0833497
0.0937632
0.0883581
0.0823734
0.0821991
0.0779911
0.0976377
0.0812865
0.0898523
0.0854126
0.0899373
0.093719
0.085912
0.0829705
0.0888578
0.0850575
0.0793854
0.0851795
0.0833049
0.0864723
0.0826347
0.0875103
0.0911805
0.0832912
0.0894684
0.0834266
0.0872268
0.0899412
0.0848188
0.0875572
0.0947978
0.0958466
0.0917299
0.091291
0.0919014
0.088556
0.0964224
0.0908298
0.0912903
0.0961835
0.0806568
0.0948899
0.0850521
0.0873767
0.0826544
0.0805228
0.0849425
0.0798231
0.079343
0.0854749
0.0850285
0.084848
0.0842421
0.0920774
0.0962784
0.0941532
0.104187
0.112652
0.129589
0.139933
0.133776
0.140792
0.136835
0.160003
0.172183
0.165404
0.1754
0.176985
0.175478
0.190918
0.203127
0.20618
0.1806
0.192656
0.170551
0.151643
0.147377
0.154924
0.126312
0.118905
0.113849
0.0970419
0.119271
0.112041
0.117681
0.148262
0.144936
0.143103
0.152276
0.156515
0.153181
0.162616
0.158816
0.162758
0.158329
0.175974
0.156996
0.163671
0.167516
0.161504
0.146385
0.166917
0.152632
0.143525
0.130269
0.127847
0.140612
0.118131
0.110753
0.125441
0.1597
0.162845
0.147251
0.156622
0.158799
0.189145
0.153023
0.167386
0.165373
0.187823
0.178333
0.176896
0.171519
0.172617
0.209959
0.178992
0.183262
0.210985
0.221774
0.211589
0.207764
0.19775
0.207647
0.222624
0.212678
0.242799
0.219469
0.223335
0.224357
0.233112
0.243963
0.261471
0.252045
0.259514
0.251002
0.249918
0.241397
0.230567
0.221763
0.225859
0.223641
0.216617
0.192481
0.169667
0.179995
0.153472
0.158795
0.139785
0.10832
0.122225
0.141387
0.106129
0.120181
0.117376
0.127555
0.135512
0.145394
0.117115
0.128684
0.128429
0.140792
0.151197
0.128601
0.129053
0.166267
0.176641
0.180959
0.195322
0.175148
0.208546
0.209185
0.202275
0.222289
0.206288
0.218479
0.238725
0.196809
0.250384
0.277187
0.277762
0.245838
0.24126
0.245167
0.259064
0.318694
0.289998
0.307518
0.282775
0.312533
0.298518
0.281916
0.302063
0.299826
0.274412
0.291281
0.253843
0.247616
0.223186
0.250735
0.217879
0.176706
0.146099
0.13824
0.130326
0.144043
0.122246
0.132018
0.0860931
0.15887
0.107138
0.118549
0.121487
0.120546
0.121075
0.12808
0.0979401
0.126119
0.0844644
0.107612
0.115161
0.122708
0.117734
0.107745
0.0832175
0.106498
0.115121
0.0994097
0.0927499
0.115838
0.143743
0.155513
0.199077
0.159443
0.12874
0.12537
0.0972019
0.14475
0.128773
0.194212
0.194435
0.113963
0.13838
0.13605
0.136942
0.114574
0.139741
0.169625
0.13216
0.156919
0.129107
0.101525
0.129343
0.159905
0.151597
0.149345
0.133635
0.142923
0.122814
0.161712
0.160849
0.118857
0.149553
0.134836
0.122781
0.157073
0.14524
0.139215
0.160313
0.19506
0.138906
0.151119
0.139396
0.144277
0.142063
0.169354
0.123507
0.138119
0.111691
0.140689
0.0961867
0.0734813
0.127662
0.103546
0.10403
0.151225
0.10933
0.141774
0.115702
0.141497
0.119024
0.113989
0.0920759
0.119113
0.134382
0.133004
0.119591
0.0573948
0.109657
0.144122
0.0926446
0.144383
0.14682
0.120702
0.167982
0.164153
0.183363
0.142439
0.155704
0.131594
0.163218
0.12608
0.165125
0.190342
0.170182
0.158365
0.157468
0.183966
0.146257
0.146721
0.144865
0.16142
0.180161
0.211683
0.177018
0.172201
0.146779
0.196661
0.156382
0.175422
0.139784
0.141052
0.140639
0.133357
0.136703
0.114644
0.0609924
0.0998462
0.0637726
0.0745356
0.0762281
