0.118193
0.135426
0.135141
0.142651
0.127039
0.13229
0.140395
0.144582
0.140753
0.153417
0.15101
0.154447
0.161435
0.160205
0.160141
0.164314
0.172008
0.170997
0.169116
0.169059
0.161386
0.163765
0.17063
0.175339
0.17577
0.184049
0.185723
0.194176
0.195281
0.19979
0.202563
0.207771
0.207664
0.210569
0.212058
0.213629
0.21051
0.213665
0.208248
0.203477
0.202138
0.206117
0.19739
0.210878
0.217158
0.221498
0.224958
0.227194
0.232563
0.237769
0.235357
0.218269
0.208123
0.207086
0.206293
0.206632
0.221241
0.242534
0.24553
0.235128
0.224103
0.193632
0.160389
0.151961
0.141502
0.13035
0.122727
0.128524
0.115806
0.112416
0.11459
0.113662
0.109599
0.117656
0.105945
0.113032
0.110366
0.105682
0.112225
0.112715
0.110037
0.113181
0.111572
0.111286
0.123914
0.118283
0.120056
0.12672
0.135077
0.132997
0.139203
0.142529
0.149786
0.152646
0.161116
0.169397
0.182097
0.197638
0.197552
0.204141
0.212173
0.207103
0.20991
0.196982
0.179248
0.167432
0.162477
0.163252
0.169643
0.167342
0.170139
0.171662
0.171079
0.176248
0.173698
0.173516
0.167381
0.160745
0.154945
0.154369
0.158487
0.158692
0.161254
0.177107
0.177159
0.177229
0.189475
0.190195
0.194455
0.194985
0.200095
0.204368
0.204973
0.205494
0.206401
0.206907
0.210794
0.209944
0.207267
0.203456
0.18684
0.178879
0.171028
0.170172
0.169184
0.178399
0.181674
0.188551
0.188222
0.209912
0.205304
0.216376
0.218201
0.227498
0.232224
0.235963
0.235246
0.242441
0.237445
0.23791
0.239699
0.242946
0.241634
0.230938
0.215878
0.186574
0.152648
0.125101
0.112013
0.10838
0.107084
0.110381
0.1055
0.11465
0.109357
0.111201
0.115684
0.115747
0.125534
0.122602
0.125092
0.12851
0.132486
0.122174
0.126042
0.127785
0.119944
0.129626
0.124322
0.124151
0.12144
0.120393
0.127202
0.124874
0.129654
0.129954
0.128217
0.129163
0.117562
0.115722
0.109661
0.100717
0.102581
0.0981637
0.0977898
0.103322
0.107236
0.11525
0.118157
0.125505
0.129847
0.136128
0.143385
0.142022
0.1443
0.149258
0.157454
0.158062
0.155465
0.16249
0.16311
0.162747
0.16009
0.14616
0.135393
0.131141
0.129852
0.118439
0.129719
0.12219
0.12851
0.129309
0.136237
0.138789
0.146905
0.153591
0.163446
0.160357
0.17063
0.171406
0.176276
0.19054
0.188505
0.200307
0.20233
0.201158
0.210613
0.213045
0.210938
0.211279
0.214532
0.211701
0.218503
0.222308
0.202491
0.200636
0.168407
0.149968
0.131344
0.11734
0.126816
0.13159
0.137297
0.142833
0.156223
0.13573
0.15109
0.152451
0.167692
0.167656
0.171451
0.171495
0.179824
0.177585
0.188445
0.197293
0.196058
0.201551
0.19677
0.196864
0.19174
0.171129
0.159032
0.14111
0.125986
0.125131
0.111002
0.112832
0.12215
0.125438
0.131712
0.13283
0.123167
0.133513
0.147554
0.144477
0.133394
0.128935
0.134354
0.133801
0.128156
0.130782
0.131443
0.122802
0.117035
0.122881
0.118436
0.126642
0.122122
0.118907
0.12766
0.132298
0.133498
0.128826
0.117238
0.112141
0.106496
0.101453
0.113282
0.0995627
0.108549
0.0926064
0.108901
0.104105
0.100822
0.113103
0.0867169
0.106359
0.108449
0.111098
0.123718
0.128492
0.119204
0.127337
0.129338
0.139477
0.139749
0.146336
0.150698
0.145992
0.154652
0.154914
0.154557
0.143894
0.134612
0.132179
0.12772
0.129444
0.115801
0.126648
0.111692
0.111801
0.0840773
0.100297
0.10663
0.118412
0.117334
0.11826
0.115324
0.116626
0.126249
0.115728
0.134153
0.124437
0.131636
0.129593
0.131541
0.1443
0.152782
0.151975
0.167992
0.178292
0.175847
0.174718
0.189849
0.184821
0.184374
0.175259
0.165665
0.145486
0.122204
0.11109
0.0946701
0.107569
0.100386
0.102478
0.0987626
0.110153
0.113337
0.126021
0.124543
0.10859
0.119836
0.114514
0.107219
0.109082
0.10933
0.115997
0.12073
0.116034
0.103688
0.119746
0.118667
0.120873
0.122899
0.118028
0.124682
0.129594
0.144073
0.163927
0.173063
0.178808
0.192112
0.184125
0.191229
0.204166
0.192624
0.183317
0.157896
0.155283
0.153211
0.151451
0.144484
0.160365
0.141117
0.170078
0.142643
0.150268
0.14666
0.168314
0.154057
0.160197
0.160212
0.156528
0.153562
0.150481
0.144042
0.135867
0.126678
0.149703
0.127362
0.147549
0.138128
0.133187
0.136172
0.131427
0.126913
0.122526
0.117566
0.120919
0.129686
0.127403
0.136648
0.131437
0.134475
0.112464
0.12231
0.135656
0.134837
0.137561
0.122198
0.124035
0.138793
0.139012
0.142152
0.161286
0.138745
0.159207
0.140728
0.152768
0.159534
0.138912
0.155134
0.153073
0.166647
0.173425
0.181076
0.190755
0.182512
0.195408
0.200684
0.228374
0.236405
0.241704
0.236351
0.205222
0.197532
0.153869
0.146269
0.141619
0.133246
0.158928
0.188932
0.251693
0.303733
0.339415
0.363139
0.375
0.351572
0.302562
0.234773
0.1647
0.128364
0.119222
0.119022
0.115708
0.128087
0.122508
0.126572
0.116366
0.123914
0.130789
0.121506
0.127084
0.13524
0.142248
0.1312
0.132429
0.148114
0.141269
0.152559
0.155846
0.144465
0.127804
0.130651
0.107682
0.116182
0.122109
0.111339
0.11667
0.117938
0.0990952
0.0902751
0.0873781
0.0895074
0.0931971
0.0967931
0.103858
0.0918456
0.103769
0.112697
0.103159
0.110482
0.106441
0.116833
0.118245
0.128946
0.118375
0.108483
0.111578
0.109377
0.115712
0.112711
0.134759
0.108058
0.12273
0.106045
0.103546
0.109222
0.120351
0.11486
0.104578
0.0966149
0.133711
0.119272
0.105877
0.129327
0.141347
0.134033
0.123643
0.112511
0.110329
0.101178
0.12633
0.114505
0.124565
0.110492
0.11703
0.1251
0.119167
0.121755
0.122943
0.11678
0.124604
0.117882
0.116191
0.121683
0.118121
0.118962
0.137904
0.119234
0.125555
0.129073
0.117365
0.1036
0.0973393
0.0936452
0.090962
0.112128
0.0802281
0.0954369
0.0871207
0.0944466
0.084227
0.0778546
0.0909831
0.0914539
0.0839659
0.101601
0.0719796
0.0952524
0.0807036
0.0743181
0.0755345
0.0994817
0.0926633
0.0921108
0.0825325
0.089672
0.0780456
0.0720331
0.0803877
0.0737619
0.0598245
0.0663461
0.0665046
0.0828754
0.0830746
0.0898144
0.0897022
0.0943707
0.103003
0.102613
0.11831
0.107098
0.111691
0.111204
0.100065
0.0909865
0.0808308
0.0754538
0.0625491
0.0493004
0.0580105
0.0498965
0.0746032
0.0744086
0.0876818
0.0802527
0.078576
0.0984378
0.10683
0.102083
0.0843296
0.105625
0.0890137
0.0969512
0.0904065
0.0868335
0.102575
0.100266
0.107813
0.140868
0.109334
0.103585
0.115006
0.119231
0.132669
0.107808
0.12441
0.101217
0.0903455
0.122268
0.119507
0.127246
0.118631
0.103301
0.112578
0.139153
0.115948
0.106431
0.095546
0.11245
0.104927
0.119271
0.11066
0.132925
0.122661
0.0963247
0.075536
0.0849695
0.101772
0.0863921
0.0941857
0.0962933
0.0899537
0.0675016
0.0618251
0.0628471
0.0690933
0.0628043
0.0590627
0.0582273
0.0589773
0.05425
0.0415852
0.0440737
0.0566346
0.0329996
0.0418447
0.0398666
0.0413677
0.0522951
0.0535495
0.0370199
0.0435808
0.0409139
0.0314503
0.0337265
0.0418726
0.0406263
0.0443727
0.0370051
0.0394966
0.0441952
0.0332021
0.0323878
0.0348858
0.0526554
0.0514519
0.0339092
0.0383829
0.0317143
0.0519315
0.0401313
0.0450236
0.0394174
0.0509304
0.0440369
0.0581507
0.0511076
0.0537067
0.0495999
0.0418825
0.0472366
0.0510224
0.0424537
0.0379334
0.0499598
0.0337866
0.0295731
0.0321269
0.0398297
0.0295844
0.0271843
0.0335706
0.0282622
0.0343211
0.0213754
0.037565
0.0393209
0.0375265
0.0394881
0.0579604
0.0392751
0.0122524
0.0422131
0.0268245
0.0296404
0.0365512
0.0378824
0.0341059
0.03755
0.0521124
0.0463987
0.0325456
0.0363992
0.0496006
0.0763529
0.0597772
0.0950185
0.0553976
0.087542
0.0684141
0.0789872
0.0739685
0.085886
0.074478
0.0803777
0.0839219
0.0868669
0.0723928
0.0822264
0.0687158
0.0936614
0.0762564
0.0947895
0.091011
0.0942146
0.101978
0.119395
0.0964166
0.105679
0.117336
0.13498
0.114609
0.13568
0.151511
0.122714
0.15919
0.128775
0.113435
0.103836
0.107099
0.0792337
0.0921086
0.074547
0.0972966
0.0918584
0.125472
0.0833286
0.108607
0.10246
0.0908153
0.100237
0.113993
0.115399
0.0943946
0.0882238
0.115446
0.0925249
0.117006
0.125408
0.120142
0.108821
0.117745
0.130219
0.142393
0.143398
0.141114
0.132851
0.123854
0.11011
0.116664
0.113271
0.109286
0.100226
0.0896983
0.0827227
0.0830277
0.0656541
0.0598462
0.0544673
0.036066
0.0448027
0.0204129
0.0380976
0.0229269
0.0212088
0.0169539
0.00377199
0.0139731
0.0166297
0.00811283
0.0150727
0.0103297
0.0156257
0.0211725
0.0189139
0.0174971
0.0104797
0.013499
0.0169029
0.0196832
0.0234968
0.0143633
0.0219786
0.0089464
0.0034744
0.0043633
0.00566492
0.00699416
0.00984411
0.00563105
0.0101954
0
0.00210387
0.00577109
0.00919107
0.00942533
0.00174834
0.00394118
0.00209652
0.0103537
0.010914
0.00608318
0.0108792
0.0206238
0.0142398
0.0160149
0.0125314
0.00701989
0.00540789
0.0113452
0.0115059
0.00628062
0.00742346
0.00863691
0.0112801
0.0141626
0.0147649
0.0101288
0.0117559
0.0127716
0.017089
0.0188535
0.0197901
0.0187497
0.0283887
0.0254639
0.0197668
0.0207577
0.0154238
0.0179743
0.0160541
0.0131889
0.0184032
0.0107897
0.0174811
0.0152247
0.025538
0.0160626
0.015223
0.019822
0.0233425
0.0224051
0.0246858
0.0225722
0.0257664
0.0164245
0.0159533
0.0231374
0.0200147
0.0236294
0.0146326
0.012301
0.0118087
0.0159264
0.015446
0.0169528
0.0186524
0.0186001
0.0179236
0.0124703
0.00825508
0.0157167
0.0170716
0.0247504
0.0134654
0.0209839
0.0250761
0.0264818
0.0348407
0.0327315
0.0336953
0.0264389
0.0266492
0.0341155
0.030429
0.0353863
0.0369901
0.0326116
0.0354399
0.0366413
0.0466144
0.0467071
0.0389269
0.0358178
0.0429924
0.0525885
0.0359601
0.0437714
0.0477252
0.05069
0.0481419
0.0631835
0.0633505
0.0637688
0.0694149
0.0586716
0.0531862
0.0615619
0.071457
0.0653076
0.0604217
0.0561054
0.0660635
0.0609118
0.0671615
0.0624167
0.0512312
0.0596063
0.0641137
0.0611877
0.0665492
0.075005
0.064812
0.0774128
0.0680837
0.0677535
0.0749235
0.0753534
0.0690814
0.0596637
0.0658411
0.05712
0.062624
0.0694278
0.0602403
0.0559669
0.0540224
0.0430585
0.0625936
0.0544167
0.0469483
0.0523938
0.0543348
0.0370354
0.0542063
0.0487291
0.0524481
0.054381
0.0536678
0.0579464
0.05187
0.0544614
0.0543067
0.0488493
0.0511766
0.0424964
0.0493651
0.0429074
0.0254085
0.0315954
0.0297051
0.0349351
0.0390453
0.0307152
0.026817
0.0377384
0.0439846
0.0173622
0.0394039
0.0307109
0.0349389
0.0427109
0.0318793
0.0377862
0.0457098
0.026746
0.037263
0.0434321
0.0385441
0.0322577
0.027654
0.026617
0.0280827
0.020448
0.020379
0.0120364
0.0117443
0.00230388
0.0124199
0.0131878
0.00748889
0.0163393
0.000161959
0.00801078
0.000755412
0.0111961
0.00896409
4.46711e-05
0.0182818
0.019747
0.0129243
0.0307376
0.0139897
0.0297279
0.0281744
0.0232145
0.0235198
0.0187659
0.0232144
0.02513
0.0267175
0.025958
0.0214674
0.0111645
0.0157154
0.0187432
0.0191144
0.0088762
0.0228807
0.0143045
0.00925087
0.0280923
0.0169465
0.00673573
0.00775163
0.0165682
0.00390442
0.00947425
0.00964077
0.00950553
0.0267524
0.016688
0.00858464
0.0213312
0.0187353
0.0157085
0.0301113
0.0121911
0.00661482
0.0197485
0.0184558
0.0210464
0.0164589
0.00650677
0.00783712
0.0068727
0.0165346
0.0123422
0.0149123
0.00549674
0.0102227
0.00914411
0.0112072
0.0121367
0.012145
0.0127565
0.0162758
0.0192328
0.0115467
0.00138882
0.0178527
0.0186186
0.0147941
0.0248001
0.026375
0.0271122
0.0224783
0.0176439
0.0276158
0.0322841
0.0268919
0.0260617
0.0198805
0.0224285
0.00975795
0.0159043
0.0225855
0.0148534
0.0139754
0.0122698
0.0112181
0.0156339
0.0136846
0.0139312
0.0120382
0.0170767
0.0193866
0.0175879
0.0132186
0.012244
0.0185125
0.00897412
0.0109421
0.0208088
0.017994
0.0258802
0.0318409
0.0273912
0.0291652
0.032512
0.0309662
0.0246236
0.0416842
0.0286781
0.0227443
0.0246178
0.0289014
0.0170969
0.0321375
0.0282696
0.0197095
0.0223464
0.0236558
0.0287384
0.0245676
0.025296
0.0266997
0.0200986
0.028337
0.02116
0.0294892
0.0308756
0.0351598
0.0311717
0.0280836
0.0384965
0.0434358
0.040533
0.0558879
0.0757583
0.133818
0.277602
0.438835
0.524089
0.551381
0.532721
0.443526
0.273624
0.125591
0.0764156
0.056679
0.0499089
0.0432377
0.0399024
0.0400215
0.0390886
0.0438371
0.039887
0.0360417
0.0362126
0.0405249
0.0402569
0.0404178
0.0389258
0.0368698
0.0401799
0.0389206
0.0340387
0.0381705
0.0395091
0.0368279
0.0381003
0.0376978
0.0309181
0.0311702
0.0322789
0.0321632
0.0386472
0.0352728
0.035166
0.0400552
0.0248799
0.0374365
0.0387935
0.0360465
0.0329188
0.0434355
0.0388758
0.0407794
0.035978
0.0410039
0.0401273
0.0392772
0.0360216
0.0374782
0.0397983
0.0375906
0.0384487
0.0378977
0.0382144
0.0386095
0.0398136
0.0398227
0.0393294
0.0395734
0.0377039
0.0428621
0.037133
0.045672
0.0389893
0.0398238
0.0325575
0.0299858
0.048994
0.0365719
0.0443208
0.0425525
0.0394538
0.0407074
0.0348286
0.0340841
0.0421295
0.0404714
0.033492
0.0403306
0.0408454
0.0335789
0.0349425
0.0368237
0.0411644
0.0351553
0.0325336
0.0381107
0.0345328
0.0334255
0.041839
0.0342941
0.0321403
0.0459132
0.0323587
0.0349227
0.0353301
0.0443449
0.0405373
0.0379998
0.0415582
0.0569346
0.0356471
0.0303319
0.0388261
0.0420069
0.0510067
0.0323207
0.0375767
0.0479849
0.0485386
0.0540502
0.0485099
0.0387884
0.047377
0.0433172
0.0554747
0.051
0.0456195
0.059506
0.048033
0.0444591
0.0486329
0.0507605
0.0570159
0.0353399
0.0472907
0.0535172
0.0489242
0.0474922
0.0476208
0.0517186
0.0482669
0.0585832
0.0406296
0.0533045
0.0285277
0.0380083
0.0666267
0.0381404
0.0618087
0.0540851
0.0470586
0.0521079
0.0378024
0.0463912
0.0759319
0.0686896
0.0591749
0.0691887
0.0646662
0.061944
0.0525936
0.0877639
0.0604955
0.0565632
0.0700013
0.0495888
0.051657
0.0748155
0.0194568
0.0851227
0.0721242
0.10206
0.0698111
0.0548936
0.0863397
0.0885636
0.0533154
0.110336
0.079622
0.0987261
0.0626517
0.0790773
0.0996531
0.0929658
0.0937405
0.0704005
0.0974481
0.0846749
0.0598472
0.0844399
0.0923152
0.097153
0.0644036
0.103358
0.0537129
0.0654695
0.0739722
0.0895731
0.0726681
0.0626424
0.0686595
0.0835047
0.041324
0.0629633
0.0813656
0.0447402
0.0452236
0.0765953
0.0649534
0.0439152
0.0435913
0.0676495
0.053327
0.0604971
0.0402014
0.0350618
0.0549258
0.0542318
0.0528451
0.0527475
0.0651252
0.0682132
0.0734328
0.0773599
0.0661395
0.0976754
0.0953891
0.104318
0.0631647
0.088137
0.0785783
0.068138
0.0454452
0.0365105
0.04732
0.0616897
0.0404488
0.0602957
0.0552845
0.0394756
0.064291
0.038316
0.0353671
0.0313226
0.0390225
0.0423797
0.0345864
0.0485766
0.0747835
0.0527746
0.0720315
0.060087
0.0798414
0.0714536
0.0859462
0.0994293
0.108367
0.0868236
0.112261
0.116695
0.133967
0.149697
0.152175
0.140727
0.14432
0.123302
0.0812218
0.038334
0.0364671
0.0421835
0.0437782
0.0444655
0.0248827
0.0528592
0.0453191
0.0517896
0.0218143
0.0426476
0.0573547
0.0383578
0.0501596
0.0476699
0.0423628
0.0379423
0.0181466
0.0378978
0.0496609
0.0482155
0.0330216
0.0401966
0.0446795
0.0300852
0.0266213
0.030394
0.0373792
0.0505688
0.0332731
0.0374377
0.0334013
0.0355433
0.0411759
0.0300767
0.0250294
0.0412194
0.0415781
0.0375413
0.0334219
0.0413659
0.0375188
0.041137
0.0343185
0.0309028
0.0365477
0.0471278
0.0417933
0.0520146
0.051213
0.0410461
0.0349986
0.0446976
0.0430408
0.0353237
0.032155
0.0387977
0.0404289
0.0404278
0.0273085
0.0295185
0.0386396
0.039339
0.0483874
0.0327458
0.0348965
0.0387423
0.0355868
0.0445704
0.037743
0.0401789
0.0363065
0.0473775
0.0391448
0.0242808
0.0433474
0.0387766
0.0389145
0.0383035
0.0436143
0.0371121
0.0393993
0.0344666
0.0293127
0.0309287
0.0309785
0.0341369
0.0310056
0.0306986
0.0407109
0.0376576
0.0302628
0.0395234
0.0342829
0.0412828
0.0435389
0.0410614
0.0332144
0.0424536
0.04236
0.0495955
0.051862
0.0601811
0.0552616
0.053722
0.0631705
0.0657845
0.0700565
0.0746098
0.0823446
0.085447
0.0898885
0.0774874
0.0762347
0.0742058
0.0542553
0.0497325
0.0374094
0.0445431
0.0385761
0.0287148
0.0462653
0.0413754
0.0325975
0.0327677
0.0321516
0.0307061
0.0289479
0.0362442
0.0340228
0.0382426
0.0332311
0.034919
0.0429216
0.0379835
0.0436239
0.0478476
0.0411246
0.0477076
0.0481421
0.0516244
0.0612527
0.0613917
0.0626778
0.0684168
0.0787279
0.0805618
0.0853408
0.0972355
0.0997384
0.107406
0.110145
0.105347
0.102931
0.0910302
0.0902543
0.0783916
0.0760553
0.072558
0.0616327
0.0504281
0.055217
0.0729211
0.0500535
0.0372538
0.0506563
0.0579376
0.0436908
0.0606635
0.0440261
0.0462469
0.0555538
0.0544397
0.0623476
0.0713875
0.0561126
0.0572035
0.0672862
0.0661204
0.0573559
0.0753815
0.0687183
0.079804
0.0758036
0.0839512
0.0855357
0.0856476
0.0893677
0.0884811
0.0977272
0.105653
0.111849
0.123259
0.117607
0.1151
0.119009
0.106847
0.104015
0.0960766
0.0776591
0.0755776
0.0724773
0.0696521
0.0543705
0.0597907
0.0526005
0.0538024
0.0628671
0.0665435
0.0601557
0.0617862
0.0599556
0.0616231
0.0608355
0.0634886
0.0514774
0.0655051
0.0505431
0.0450371
0.0599685
0.0506559
0.0424733
0.0415843
0.039757
0.0420558
0.056925
0.0533153
0.0484331
0.047717
0.0431383
0.0554718
0.0567669
0.043313
0.0454379
0.0460304
0.0464712
0.0478559
0.0495336
0.0396451
0.0538958
0.0503203
0.0459524
0.062334
0.0472052
0.0441084
0.0523511
0.0464101
0.0550371
0.043988
0.0448028
0.0449121
0.0516802
0.0424397
0.0464248
0.0420978
0.0461699
0.0468545
0.0548063
0.0468983
0.052204
0.0468744
0.0544695
0.0581042
0.0603535
0.0674373
0.0620959
0.0693183
0.0607731
0.0656711
0.0714386
0.071114
0.0662906
0.0721844
0.0635615
0.072205
0.0793202
0.0846934
0.0800465
0.0816479
0.0846769
0.0881763
0.104477
0.112829
0.0936949
0.10779
0.0964262
0.128126
0.0981795
0.0957684
0.110315
0.117054
0.135211
0.0991689
0.10687
0.102676
0.0814487
0.0892508
0.084455
0.0800765
0.0871796
0.093355
0.0558065
0.0619513
0.0661383
0.0730548
0.0942215
0.0867073
0.0855507
0.108242
0.102016
0.104639
0.110368
0.122654
0.104079
0.104307
0.120446
0.116028
0.12102
0.116374
0.103196
0.101349
0.109465
0.109679
0.0886835
0.101784
0.0899477
0.109764
0.109161
0.0751301
0.0920952
0.108694
0.0996273
0.102769
0.0919063
0.0989784
0.0640467
0.0813921
0.128306
0.116794
0.14279
0.0727563
0.104064
0.135979
0.125921
0.126458
0.113884
0.138429
0.138381
0.129765
0.110659
0.140125
0.128192
0.140465
0.14949
0.126555
0.15893
0.157276
0.147113
0.14777
0.142845
0.148951
0.152803
0.162261
0.169514
0.163971
0.15744
0.150027
0.150436
0.155046
0.146996
0.129343
0.127297
0.123113
0.116385
0.112147
0.11175
0.0838434
0.106839
0.0716109
0.0674341
0.0871441
0.0724901
0.0730814
0.0484994
0.07187
0.0852752
0.0842678
0.0814106
0.0983511
0.0798697
0.102673
0.0961782
0.0794502
0.0520583
0.0711685
0.134438
0.118028
0.142976
0.130195
0.108685
0.10332
0.126607
0.150443
0.111302
0.139585
0.116275
0.126739
0.137109
0.160917
0.154606
0.1464
0.182236
0.156646
0.159033
0.193411
0.179534
0.192133
0.179294
0.192655
0.172592
0.158812
0.17182
0.167421
0.151826
0.198437
0.160154
0.147319
0.155625
0.144101
0.145097
0.105348
0.107168
0.0733071
0.0814294
0.0804165
0.086529
0.0886234
0.0531389
0.102659
0.0811322
0.0853034
0.0884945
0.0728686
0.102494
0.109851
0.0541008
0.0936816
0.0591026
0.125349
0.0814414
0.1181
0.0776938
0.0974855
0.0770785
0.040875
0.0812447
0.0556854
0.063671
0.0561576
0.0872706
0.12226
0.142157
0.096146
0.0655796
0.0478717
0.0211517
0.103649
0.0554872
0.119085
0.0739643
0.0722697
0.111055
0.0660019
0.102466
0.0795836
0.113335
0.0795275
0.0865784
0.100317
0.0776647
0.0762781
0.0927529
0.126928
0.0994634
0.148298
0.132778
0.118222
0.0655762
0.0979534
0.102741
0.0736827
0.0984242
0.10935
0.0764312
0.106067
0.0989851
0.108558
0.0929301
0.125948
0.129306
0.101182
0.100164
0.0581516
0.105475
0.102586
0.109303
0.11465
0.0914092
0.0455401
0.051697
0.0584856
0.0986546
0.0866378
0.08841
0.101352
0.0930317
0.108929
0.0976981
0.0736942
0.0926254
0.0623408
0.0543962
0.134669
0.136184
0.0687885
0.084412
0.0405996
0.0932923
0.109725
0.0217924
0.0926596
0.0866144
0.125007
0.125512
0.163697
0.125221
0.121936
0.114318
0.082088
0.107759
0.0820437
0.102062
0.122936
0.0953136
0.0995657
0.115761
0.137328
0.103246
0.099931
0.0827381
0.129368
0.114305
0.109268
0.143861
0.124493
0.102387
0.126742
0.119585
0.126131
0.115037
0.10761
0.0880377
0.119335
0.0744461
0.0499684
0.0639027
0.102199
0.0411769
0.0570283
0.0561694
