0.199651
0.199385
0.203068
0.20311
0.207129
0.211687
0.219795
0.223196
0.226198
0.236385
0.240008
0.246189
0.253996
0.261035
0.262581
0.272366
0.274918
0.28029
0.279171
0.273872
0.280586
0.274334
0.27801
0.283748
0.297777
0.303397
0.308487
0.321329
0.32664
0.335658
0.337715
0.344566
0.351573
0.355685
0.358206
0.363613
0.368098
0.369596
0.368528
0.360022
0.348381
0.335824
0.344762
0.359086
0.374926
0.378492
0.394046
0.402003
0.404725
0.410377
0.4009
0.366511
0.344175
0.340419
0.34039
0.340255
0.36806
0.434826
0.446272
0.429731
0.39829
0.341359
0.281445
0.251852
0.234525
0.205956
0.199217
0.198899
0.193847
0.176682
0.165283
0.161843
0.165293
0.158264
0.16157
0.161082
0.167418
0.163449
0.172512
0.175775
0.187722
0.190524
0.182353
0.181572
0.195276
0.189964
0.194463
0.199402
0.205734
0.213942
0.222345
0.233954
0.241095
0.25904
0.281289
0.306888
0.331477
0.355209
0.371035
0.38858
0.388651
0.387442
0.372587
0.346646
0.308765
0.275062
0.262085
0.255751
0.261643
0.269748
0.270087
0.276785
0.283037
0.285031
0.285423
0.285451
0.27762
0.274685
0.266723
0.258137
0.267811
0.267172
0.283943
0.29136
0.296708
0.30709
0.303859
0.31331
0.322675
0.328374
0.333961
0.338669
0.343362
0.34202
0.341112
0.343719
0.359921
0.364621
0.366754
0.353468
0.328745
0.306484
0.282971
0.284432
0.290342
0.293694
0.32265
0.322682
0.333153
0.346878
0.36333
0.375057
0.385864
0.400169
0.401118
0.407675
0.412637
0.419871
0.414726
0.418037
0.424255
0.42815
0.429644
0.410882
0.375002
0.318481
0.247587
0.200437
0.16519
0.156207
0.146846
0.147602
0.151097
0.150945
0.15249
0.160037
0.160415
0.167348
0.174461
0.192021
0.200681
0.207773
0.210269
0.197129
0.204356
0.192472
0.192916
0.190941
0.179213
0.181852
0.179445
0.177863
0.184766
0.185881
0.192022
0.195976
0.198346
0.200234
0.191301
0.182486
0.179339
0.165118
0.169135
0.162253
0.163375
0.167448
0.177707
0.18829
0.191112
0.20199
0.203878
0.215498
0.223057
0.228826
0.235761
0.241634
0.241767
0.247484
0.253721
0.261921
0.262231
0.262466
0.266072
0.252446
0.228453
0.216132
0.212322
0.206808
0.218703
0.214569
0.217797
0.229791
0.224468
0.243198
0.242806
0.260982
0.265192
0.278107
0.293772
0.301779
0.303106
0.31386
0.328373
0.339805
0.338732
0.348319
0.355263
0.361203
0.365446
0.378858
0.389037
0.386909
0.400127
0.401461
0.387382
0.365441
0.30811
0.264354
0.242171
0.238972
0.231539
0.232122
0.234255
0.23658
0.247788
0.253177
0.261485
0.264015
0.270564
0.28538
0.29549
0.288713
0.311812
0.338737
0.325954
0.341138
0.343563
0.339162
0.339784
0.328005
0.324662
0.294067
0.259212
0.219396
0.191514
0.176396
0.17956
0.184386
0.188421
0.198549
0.216732
0.224524
0.230727
0.210169
0.222576
0.226739
0.221105
0.221634
0.213064
0.215083
0.201282
0.191106
0.188641
0.191031
0.181444
0.192068
0.184009
0.191508
0.197916
0.196782
0.19969
0.205885
0.201435
0.190445
0.179614
0.184795
0.190152
0.160333
0.177237
0.174151
0.185742
0.17282
0.169295
0.180088
0.169263
0.170488
0.174187
0.169795
0.170542
0.18368
0.195501
0.202264
0.196798
0.207074
0.220292
0.225884
0.221557
0.223436
0.235232
0.240026
0.240006
0.253161
0.259125
0.25776
0.241226
0.21863
0.223415
0.240761
0.211641
0.206913
0.187284
0.182845
0.182514
0.193227
0.198884
0.189452
0.197827
0.19818
0.208884
0.192097
0.202906
0.20919
0.21128
0.217786
0.218589
0.227717
0.222881
0.257083
0.249904
0.263663
0.276625
0.295253
0.30365
0.313989
0.303176
0.310808
0.310364
0.298763
0.272707
0.246818
0.220499
0.183564
0.183341
0.180095
0.173864
0.177196
0.170788
0.175605
0.178343
0.17623
0.199159
0.200779
0.17894
0.179271
0.168067
0.17997
0.172068
0.181034
0.180294
0.181404
0.177084
0.17732
0.180027
0.180443
0.188653
0.195552
0.194416
0.21395
0.232091
0.265862
0.285797
0.317417
0.32752
0.343243
0.351476
0.340908
0.321484
0.313223
0.272126
0.266982
0.271703
0.270277
0.269164
0.270335
0.264648
0.271522
0.258886
0.257503
0.256254
0.260837
0.258382
0.266584
0.2649
0.259033
0.25125
0.238042
0.22343
0.208723
0.202053
0.213654
0.22331
0.224788
0.23162
0.240405
0.227524
0.222368
0.228979
0.221505
0.213205
0.210903
0.233521
0.214542
0.221148
0.223642
0.226761
0.217058
0.215835
0.207768
0.231048
0.229448
0.23213
0.237721
0.242158
0.241315
0.235896
0.224164
0.23501
0.245524
0.246723
0.245918
0.249566
0.247964
0.263225
0.265674
0.258348
0.280846
0.295744
0.303986
0.329377
0.345311
0.365705
0.407426
0.442256
0.437756
0.434018
0.3749
0.353281
0.304325
0.280605
0.235728
0.23686
0.262646
0.351149
0.414332
0.460047
0.566982
0.609587
0.613322
0.56931
0.487081
0.373039
0.284229
0.232545
0.208038
0.205957
0.194197
0.207228
0.198751
0.212128
0.22877
0.220976
0.219739
0.211745
0.233679
0.233109
0.232444
0.233933
0.242911
0.255989
0.248618
0.249382
0.264769
0.245434
0.211311
0.188518
0.190389
0.182342
0.170849
0.177261
0.182033
0.168278
0.156531
0.15477
0.136962
0.150852
0.144786
0.148381
0.143708
0.146287
0.16366
0.152617
0.165543
0.149147
0.169449
0.168175
0.174123
0.184256
0.185752
0.195193
0.18415
0.211092
0.202484
0.175983
0.174854
0.192858
0.194822
0.187372
0.179424
0.175966
0.181311
0.181239
0.178311
0.188835
0.19605
0.212742
0.204101
0.223373
0.231879
0.222192
0.2207
0.204737
0.187356
0.193346
0.180161
0.189118
0.166204
0.176523
0.182415
0.182146
0.181373
0.19817
0.20161
0.187382
0.206007
0.198398
0.192047
0.194094
0.203761
0.208293
0.191788
0.186963
0.197065
0.18436
0.211136
0.17472
0.172822
0.154388
0.156757
0.151001
0.155936
0.178395
0.153455
0.161094
0.156445
0.153439
0.139214
0.149012
0.143081
0.14888
0.134214
0.134142
0.139187
0.139543
0.145126
0.143298
0.132149
0.140827
0.141145
0.145471
0.132329
0.129317
0.113157
0.109232
0.138014
0.0996609
0.121392
0.139037
0.146257
0.160963
0.139996
0.153445
0.162131
0.173214
0.168686
0.206049
0.188468
0.213439
0.189433
0.166247
0.147015
0.135436
0.0966397
0.111971
0.100862
0.0904937
0.0999618
0.126607
0.140442
0.157927
0.176403
0.185809
0.165724
0.190747
0.176782
0.147829
0.158177
0.147654
0.14523
0.182508
0.15929
0.187478
0.197781
0.167466
0.198472
0.203926
0.200694
0.178255
0.187539
0.169997
0.181826
0.184445
0.187435
0.1931
0.184092
0.1887
0.17346
0.161189
0.165792
0.175974
0.173436
0.180827
0.186051
0.186619
0.183742
0.222385
0.179881
0.199684
0.176361
0.1693
0.143723
0.133186
0.15322
0.140485
0.159791
0.129103
0.146841
0.129944
0.133148
0.101798
0.103393
0.0901864
0.0835267
0.0950905
0.0827603
0.0871847
0.0826181
0.0770422
0.0640591
0.0712376
0.0697267
0.0596495
0.0676626
0.0783391
0.0782065
0.087549
0.0647715
0.0628066
0.0737911
0.0712378
0.0672512
0.0771459
0.0470222
0.0530347
0.0538532
0.0544451
0.0626407
0.0614069
0.0633445
0.0690249
0.0754084
0.0685514
0.0770379
0.0732837
0.0704402
0.0729232
0.0672179
0.0829286
0.0656586
0.0634425
0.068444
0.0790996
0.0768684
0.0779616
0.0881342
0.0899013
0.0731623
0.0728962
0.0717378
0.0716628
0.0723849
0.0544966
0.0557597
0.0499548
0.0438728
0.0511801
0.0430618
0.0618815
0.0504828
0.0612764
0.0573416
0.0620181
0.0677985
0.0651678
0.0763463
0.0604254
0.0530712
0.0568034
0.0551836
0.0619978
0.0675898
0.0657532
0.0590898
0.0685596
0.0639428
0.0474205
0.0725336
0.0826703
0.0774671
0.104991
0.107661
0.127452
0.130402
0.135555
0.126465
0.128271
0.131058
0.12773
0.12595
0.121964
0.135588
0.11904
0.143706
0.137658
0.143736
0.144754
0.122946
0.136148
0.165208
0.175216
0.176179
0.178998
0.177186
0.191275
0.205177
0.214051
0.216959
0.23598
0.265132
0.244782
0.285522
0.240464
0.226428
0.197257
0.177758
0.154088
0.145885
0.151831
0.144992
0.160639
0.160801
0.155557
0.152479
0.148501
0.194282
0.159106
0.208514
0.176411
0.161318
0.19358
0.188337
0.162927
0.183601
0.166009
0.198691
0.225181
0.195397
0.240761
0.230341
0.224225
0.237023
0.220819
0.230911
0.219941
0.189474
0.164708
0.197396
0.177027
0.154423
0.137883
0.132775
0.128199
0.109541
0.0939801
0.0710196
0.0751673
0.0701579
0.0537143
0.0362458
0.0252345
0.016842
0.0105492
0.0122734
0.0106461
0.0204787
0.0164154
0.0164024
0.0256685
0.0169645
0.0153063
0.0175345
0.0214058
0.0255033
0.0236351
0.0192252
0.0314941
0.0276365
0.0200342
0.0101525
0.0105248
0.00335525
0.00410644
0.00132869
0.000741699
0.00721768
0.00445304
0.00563722
0.0063851
0.00805309
0.00599592
0.00659233
0.00509746
0
0.00890173
0.010689
0.0120814
0.0201803
0.0280612
0.0212499
0.0198206
0.0161482
0.0181128
0.0128862
0.0154867
0.00916623
0.0126554
0.0146554
0.0130812
0.0121548
0.0147781
0.0120774
0.0146203
0.0200093
0.0151428
0.0191787
0.0178172
0.0267843
0.023989
0.0280056
0.0310373
0.0323094
0.0232544
0.0275373
0.017362
0.0281615
0.0166328
0.023051
0.0309665
0.028282
0.0254493
0.0221716
0.0304516
0.0321308
0.025158
0.0258235
0.0244433
0.0265496
0.0285366
0.0360049
0.0397157
0.0341297
0.0376519
0.031939
0.0209022
0.0294624
0.0309765
0.0324262
0.0324154
0.0315286
0.0266095
0.028849
0.0312259
0.0329625
0.0291628
0.0338976
0.0230014
0.0262848
0.0344458
0.0381308
0.0350177
0.0395015
0.0398753
0.0453559
0.0506556
0.054461
0.0544989
0.0552259
0.0516112
0.0624575
0.0637988
0.0571063
0.0632901
0.0594286
0.0638191
0.0661913
0.0722771
0.0715667
0.0705759
0.0681121
0.0701121
0.0770849
0.0698199
0.0762656
0.0809763
0.0860162
0.096934
0.0957398
0.118324
0.108127
0.100742
0.105638
0.120292
0.108603
0.112696
0.11091
0.108053
0.109321
0.11499
0.112095
0.115984
0.113867
0.109084
0.113761
0.102097
0.111556
0.11182
0.106395
0.124851
0.126256
0.114272
0.130158
0.140288
0.143347
0.116528
0.117018
0.108143
0.0994191
0.100944
0.100958
0.101478
0.104006
0.0989818
0.093822
0.0961206
0.0889176
0.0897125
0.102806
0.101228
0.0933328
0.0997546
0.0915352
0.107941
0.1042
0.0979638
0.0951818
0.109203
0.0847743
0.0914618
0.069682
0.0837461
0.0830664
0.0536966
0.0612658
0.0507775
0.0576685
0.0585534
0.0581376
0.0669756
0.0586576
0.0637939
0.0582577
0.0505231
0.0606893
0.0534462
0.055181
0.049456
0.0486223
0.0532383
0.0652475
0.071139
0.0647881
0.0618937
0.0604416
0.0578378
0.065524
0.0426689
0.0322073
0.0307771
0.0444766
0.0219499
0.0213117
0.0161092
0.0117443
0.0197334
0.018612
0.0120717
0.0159903
0.0188903
0.0104589
0.00578039
0.0108927
0.0202081
0.0122607
0.0234583
0.0232175
0.0253275
0.0399132
0.0246352
0.0409217
0.0470068
0.0355619
0.0573842
0.0537408
0.0464335
0.0388618
0.0517119
0.0484962
0.0425551
0.0394902
0.0311166
0.0166741
0.0215577
0.0183828
0.0209785
0.0146904
0.0259594
0.0203419
0.0157679
0.0245663
0.0180256
0.0248888
0.015814
0.0217498
0.012925
0.0187107
0.0242136
0.0242626
0.029867
0.0279151
0.0215335
0.0199576
0.0204524
0.0251616
0.0295102
0.0213163
0.0332047
0.0244979
0.0197775
0.0197826
0.0173726
0.0183634
0.00818188
0.00855501
0.0203395
0.00984946
0.0133272
0.0220292
0.0207096
0.0234628
0.0195771
0.0207442
0.0197948
0.0175141
0.023377
0.0246234
0.0199654
0.0261089
0.0305229
0.0299215
0.030414
0.0357128
0.0461324
0.0381064
0.0272374
0.0468447
0.0335746
0.0323708
0.0268125
0.0317051
0.0313359
0.0276981
0.0245423
0.0238225
0.0200472
0.0235134
0.0176097
0.0241003
0.0300277
0.0290303
0.021807
0.0208144
0.0171169
0.0223839
0.0220105
0.02863
0.0266279
0.0355622
0.026846
0.0278235
0.0368541
0.0342362
0.0438229
0.0526485
0.0387428
0.0463436
0.0465208
0.0457099
0.0503
0.049086
0.0415835
0.0462557
0.051144
0.0482768
0.0469737
0.0445799
0.049185
0.0364809
0.0489689
0.0510212
0.0503359
0.0512046
0.0494543
0.0511911
0.0476176
0.0421707
0.052075
0.0523599
0.0548241
0.0579788
0.054248
0.0633882
0.0700998
0.0768331
0.0966032
0.128698
0.222344
0.453246
0.72427
0.862152
0.88648
0.847499
0.721973
0.447226
0.220369
0.1294
0.104937
0.090361
0.0883539
0.0821431
0.0752985
0.0698641
0.0790816
0.0761854
0.0742423
0.0776214
0.0769047
0.0698816
0.0719904
0.0785139
0.0697981
0.0697386
0.0708692
0.0698381
0.0763805
0.0664026
0.0650207
0.0687686
0.0663977
0.0688052
0.0628646
0.0588955
0.0693199
0.056783
0.0615768
0.0561054
0.0536187
0.0677538
0.0637201
0.0634652
0.0659409
0.0639551
0.0667731
0.0676637
0.0648458
0.0677422
0.0646461
0.0670621
0.0713638
0.0696292
0.0706961
0.0731806
0.0680903
0.0677116
0.0724807
0.0671952
0.0725242
0.0702306
0.0675614
0.0670451
0.0745652
0.075714
0.0746984
0.0793629
0.0707028
0.0674635
0.0735522
0.0623976
0.0600427
0.0690677
0.064723
0.0598474
0.0612088
0.0680349
0.0616731
0.0677293
0.0605343
0.0622248
0.0628665
0.0646584
0.0671659
0.0627567
0.0715875
0.0630049
0.0551267
0.0650816
0.0639706
0.0620533
0.0572898
0.0742118
0.0710128
0.0649814
0.0714867
0.0665426
0.0647344
0.0702609
0.0676876
0.0663074
0.0727876
0.0785433
0.0791439
0.0714409
0.066942
0.084985
0.0744866
0.0930414
0.0891387
0.0984528
0.0759692
0.0899135
0.0892324
0.0898725
0.0821779
0.0833988
0.107193
0.099236
0.0872206
0.0851185
0.0917073
0.0928467
0.0883822
0.0919933
0.0906224
0.094337
0.0918818
0.0952678
0.109266
0.0931216
0.0875151
0.0967881
0.0911305
0.0972619
0.0841898
0.0918537
0.0892868
0.0973568
0.087593
0.0891659
0.0945858
0.107286
0.0981999
0.0792647
0.105729
0.108049
0.0834854
0.0885375
0.113441
0.111276
0.129002
0.0871181
0.109137
0.10679
0.115068
0.115663
0.12382
0.121086
0.142333
0.123467
0.104055
0.133042
0.113961
0.128597
0.13667
0.134203
0.131786
0.136137
0.121113
0.131528
0.139282
0.130285
0.137026
0.152191
0.160033
0.14682
0.143143
0.165589
0.147378
0.136658
0.144504
0.119604
0.10102
0.126924
0.140076
0.105518
0.130442
0.115425
0.136995
0.112662
0.100318
0.112549
0.111255
0.132789
0.0990886
0.104441
0.145115
0.134505
0.096381
0.119791
0.0998946
0.113861
0.116071
0.101389
0.127845
0.0881551
0.104026
0.131607
0.117949
0.0887815
0.106449
0.102182
0.0988426
0.115099
0.0894231
0.107792
0.0937422
0.0876185
0.131437
0.141942
0.131726
0.136345
0.147497
0.144267
0.134544
0.1106
0.107899
0.0865625
0.0796764
0.0770467
0.0734807
0.091439
0.0673479
0.102928
0.0594576
0.0731147
0.0861305
0.0788719
0.0940814
0.0904535
0.0878622
0.0904076
0.0815192
0.0964059
0.0988169
0.117813
0.125651
0.122959
0.130173
0.160624
0.159018
0.173455
0.166597
0.187683
0.210991
0.23366
0.257646
0.266593
0.268837
0.253605
0.218134
0.14301
0.0981378
0.0875216
0.0881871
0.0856849
0.0824007
0.0656815
0.0907472
0.0787703
0.0763358
0.0692062
0.0711382
0.0750145
0.0728261
0.0818268
0.0749591
0.0758256
0.0615551
0.0833922
0.0707613
0.0772502
0.0629049
0.0747903
0.06724
0.0730466
0.0644162
0.0753658
0.0766762
0.0628933
0.0655753
0.0768154
0.0695148
0.0715342
0.0665946
0.0692621
0.0677625
0.062548
0.0764557
0.072263
0.0744875
0.070976
0.0668685
0.0727337
0.0726503
0.0730773
0.0708194
0.066777
0.0684575
0.0753003
0.0776922
0.0732866
0.0759049
0.067857
0.0819047
0.0769972
0.0731879
0.0672448
0.0679901
0.0734083
0.0667674
0.0500266
0.0700924
0.0690492
0.0628039
0.065863
0.0650298
0.0661842
0.0704245
0.0615427
0.065649
0.0590624
0.0645694
0.0638813
0.062013
0.0609975
0.067488
0.0667309
0.0660569
0.0647561
0.0669702
0.0605964
0.0677579
0.0655872
0.0604493
0.0583289
0.0585513
0.0624671
0.0590008
0.0642942
0.0620039
0.0633403
0.0638481
0.0678846
0.0645206
0.0663944
0.0780224
0.0687483
0.0773148
0.0755736
0.0694043
0.0775325
0.0773313
0.0870007
0.0913128
0.0979562
0.0966327
0.0987064
0.103381
0.104838
0.112811
0.115319
0.127198
0.1306
0.126742
0.117528
0.107231
0.0964458
0.0786734
0.0684569
0.0664398
0.0587351
0.0524417
0.0554255
0.0690827
0.062257
0.0599548
0.0541024
0.0592123
0.0587679
0.0615048
0.0605623
0.0657435
0.0672555
0.0724691
0.0700156
0.069453
0.0781218
0.0882688
0.0828895
0.082692
0.0904183
0.0917945
0.0974853
0.104043
0.111531
0.114646
0.125625
0.135765
0.144114
0.157749
0.167921
0.178188
0.182043
0.18026
0.173957
0.156075
0.143764
0.13567
0.11457
0.110456
0.101716
0.0791259
0.0872273
0.0867054
0.0871185
0.0914067
0.0958413
0.0813195
0.100335
0.0829673
0.0813491
0.100864
0.0877967
0.100613
0.0951218
0.098432
0.109288
0.111326
0.108683
0.11041
0.114153
0.121963
0.125149
0.130934
0.134511
0.136073
0.143891
0.146916
0.153035
0.163341
0.165757
0.180771
0.194484
0.205301
0.214091
0.210804
0.202397
0.198805
0.185195
0.163216
0.154139
0.136088
0.123382
0.11857
0.115847
0.108133
0.107064
0.110082
0.109275
0.117142
0.099696
0.103624
0.0995091
0.103934
0.0949912
0.0963884
0.096094
0.0942118
0.0856569
0.0926998
0.087433
0.0843903
0.0762221
0.0825382
0.0805507
0.0881554
0.0791302
0.0806435
0.0777532
0.0777045
0.0816057
0.0824578
0.0865247
0.0897404
0.0808223
0.088349
0.080837
0.0821756
0.0788147
0.0848983
0.0848368
0.0815605
0.086551
0.0926898
0.0867778
0.088493
0.0787742
0.0935796
0.0865411
0.0851877
0.088014
0.0908718
0.0928429
0.0914037
0.0951111
0.0935078
0.0882582
0.0915536
0.0926831
0.0856774
0.0852523
0.0911061
0.0855941
0.0845284
0.0793424
0.0780168
0.0693233
0.0771565
0.0769839
0.0645517
0.0781618
0.0806427
0.0780569
0.0805492
0.0922757
0.0965735
0.0951597
0.106137
0.118943
0.130166
0.139355
0.150723
0.141814
0.157346
0.171247
0.159858
0.171257
0.176851
0.186615
0.210106
0.213419
0.210387
0.196903
0.18984
0.185779
0.158997
0.184037
0.156084
0.138493
0.148847
0.138901
0.138938
0.10978
0.123925
0.155155
0.126642
0.136505
0.146635
0.141921
0.146137
0.141569
0.155565
0.172286
0.185945
0.182241
0.183733
0.196391
0.189361
0.191289
0.175475
0.171142
0.170792
0.157241
0.182242
0.175741
0.166907
0.154756
0.168205
0.163144
0.114855
0.154938
0.173586
0.135536
0.15341
0.157734
0.164126
0.177746
0.148378
0.185653
0.200772
0.185532
0.164551
0.183649
0.19364
0.207147
0.219617
0.216269
0.200285
0.198401
0.219586
0.195726
0.210847
0.25231
0.236122
0.223179
0.23978
0.233038
0.239603
0.239965
0.246891
0.248585
0.242256
0.279387
0.268926
0.255046
0.258014
0.26409
0.250329
0.245968
0.241258
0.240984
0.215713
0.205825
0.221999
0.187374
0.186137
0.17781
0.144853
0.182906
0.139837
0.162824
0.14666
0.132623
0.135056
0.112336
0.133501
0.148384
0.168983
0.139406
0.163063
0.145634
0.157004
0.167458
0.190311
0.150354
0.204007
0.179086
0.204712
0.195655
0.232619
0.216801
0.258017
0.247396
0.234523
0.275486
0.265215
0.252802
0.22906
0.257088
0.260965
0.234882
0.266125
0.323209
0.307777
0.323351
0.312894
0.316458
0.323752
0.326496
0.339946
0.319422
0.333911
0.324632
0.299631
0.300695
0.29475
0.276758
0.297555
0.241622
0.226115
0.233545
0.220236
0.187497
0.185436
0.155366
0.132681
0.118592
0.142995
0.146017
0.142697
0.162079
0.143876
0.134639
0.0967854
0.144457
0.136902
0.139569
0.128306
0.10662
0.131038
0.115247
0.141365
0.0989831
0.118649
0.14339
0.116114
0.149467
0.15872
0.125126
0.158678
0.133242
0.116315
0.156919
0.139721
0.145907
0.204408
0.1407
0.176617
0.144906
0.108325
0.207253
0.136078
0.145269
0.17589
0.200795
0.164695
0.165082
0.165748
0.17786
0.194223
0.155772
0.154452
0.171494
0.152357
0.159607
0.164838
0.129293
0.15522
0.150507
0.167716
0.158758
0.179273
0.161566
0.17491
0.150142
0.165993
0.135504
0.145726
0.170747
0.146398
0.167631
0.174555
0.131521
0.215862
0.209977
0.219543
0.168421
0.103858
0.157403
0.135078
0.101255
0.160695
0.152815
0.174461
0.170442
0.158591
0.125941
0.105926
0.114042
0.14236
0.135944
0.127423
0.129222
0.145913
0.169385
0.133718
0.154077
0.0940023
0.18042
0.21543
0.148829
0.151221
0.175024
0.173654
0.175613
0.147686
0.158733
0.15522
0.199003
0.202144
0.194857
0.21469
0.175199
0.177485
0.154368
0.170641
0.175624
0.186418
0.179089
0.180243
0.18597
0.152912
0.166722
0.193957
0.185552
0.194016
0.190904
0.186877
0.154056
0.170119
0.182619
0.110384
0.183101
0.124707
0.160769
0.0973102
0.0636287
0.104908
0.0855472
0.0691064
0.050414
