0.139831
0.140796
0.140328
0.134601
0.147297
0.152658
0.157073
0.159853
0.1595
0.168131
0.167902
0.17581
0.176731
0.177716
0.184649
0.190053
0.186955
0.186798
0.184253
0.179861
0.18854
0.182674
0.179997
0.18798
0.189533
0.200223
0.203639
0.214279
0.218642
0.220694
0.223055
0.224117
0.23061
0.232921
0.232341
0.234056
0.237296
0.23428
0.231206
0.223649
0.216975
0.213233
0.220561
0.224602
0.237175
0.239893
0.252921
0.253064
0.256891
0.25658
0.257566
0.244336
0.230349
0.228252
0.227611
0.227299
0.246713
0.266467
0.270781
0.265891
0.244105
0.212067
0.177759
0.159983
0.147301
0.129408
0.125752
0.139163
0.133708
0.127544
0.116222
0.120424
0.126194
0.124849
0.125141
0.123693
0.130429
0.128569
0.125524
0.12467
0.130416
0.129168
0.120854
0.129443
0.132903
0.13161
0.136377
0.138568
0.144431
0.153054
0.156327
0.161369
0.162438
0.172544
0.182006
0.193143
0.205752
0.215244
0.221429
0.233596
0.228247
0.235314
0.228842
0.216324
0.196734
0.183613
0.183668
0.176848
0.182836
0.187327
0.190394
0.191076
0.190901
0.192852
0.194157
0.191918
0.179247
0.174679
0.173498
0.164399
0.17291
0.175237
0.181169
0.187977
0.197434
0.203731
0.207392
0.206288
0.209191
0.21393
0.219239
0.223791
0.225916
0.227702
0.227785
0.228432
0.235588
0.233932
0.238912
0.223576
0.210684
0.196684
0.178946
0.181484
0.182881
0.177826
0.201272
0.201903
0.216647
0.221514
0.233654
0.237038
0.248234
0.246882
0.254784
0.261439
0.263329
0.264819
0.263119
0.263995
0.267032
0.270473
0.267273
0.256215
0.233908
0.205912
0.167153
0.136566
0.128318
0.124041
0.117431
0.116768
0.119714
0.118407
0.12544
0.129527
0.12762
0.125601
0.132361
0.132667
0.137923
0.134802
0.148352
0.134276
0.131739
0.141925
0.136566
0.136703
0.1279
0.135067
0.134213
0.134841
0.137387
0.142538
0.142702
0.145233
0.145991
0.142434
0.135103
0.134603
0.120128
0.112537
0.110675
0.104362
0.101188
0.107036
0.122217
0.120232
0.131226
0.133465
0.142561
0.152181
0.15713
0.161101
0.161673
0.16809
0.163413
0.17183
0.173498
0.17748
0.182336
0.178259
0.18128
0.168765
0.145722
0.141778
0.133889
0.134964
0.139806
0.13076
0.135737
0.143501
0.139444
0.158329
0.158009
0.162416
0.173316
0.176685
0.189435
0.192702
0.193214
0.202438
0.209436
0.214563
0.219303
0.223025
0.226652
0.226505
0.231088
0.240816
0.236606
0.237363
0.241935
0.233834
0.237855
0.225436
0.190727
0.168587
0.157937
0.150757
0.142792
0.150931
0.136254
0.146698
0.161083
0.152609
0.152565
0.169411
0.17512
0.185811
0.190453
0.193182
0.195773
0.221558
0.206048
0.216129
0.227201
0.224826
0.22266
0.215783
0.21082
0.193508
0.180656
0.151956
0.138314
0.132196
0.129884
0.144877
0.136691
0.129522
0.145474
0.141847
0.161269
0.143621
0.1387
0.143109
0.141592
0.140605
0.146032
0.148904
0.143845
0.130818
0.138005
0.134075
0.140026
0.146138
0.143567
0.139053
0.13777
0.139044
0.150141
0.148878
0.13945
0.13328
0.127408
0.112456
0.11737
0.105699
0.129045
0.112575
0.111415
0.107338
0.110941
0.121112
0.108091
0.108154
0.112605
0.111059
0.119505
0.117108
0.122807
0.136877
0.13955
0.146764
0.148916
0.157689
0.156249
0.15419
0.160183
0.160988
0.160665
0.167453
0.168422
0.157932
0.152797
0.14626
0.130654
0.136781
0.130306
0.13836
0.11927
0.10746
0.108852
0.114134
0.135582
0.118038
0.124306
0.128197
0.121169
0.113025
0.128223
0.131996
0.133497
0.146828
0.15214
0.140349
0.146021
0.166669
0.161951
0.173463
0.180198
0.191172
0.209176
0.195697
0.189448
0.203837
0.191788
0.183528
0.166909
0.148978
0.133127
0.117395
0.117607
0.108613
0.10533
0.119951
0.108618
0.117495
0.120303
0.117921
0.122703
0.122927
0.115603
0.114553
0.11878
0.119781
0.124771
0.131567
0.12895
0.121275
0.121431
0.129951
0.130404
0.134328
0.13481
0.1354
0.14373
0.144309
0.1611
0.16808
0.182917
0.201373
0.204168
0.209123
0.222429
0.203897
0.188432
0.189932
0.161381
0.154903
0.163328
0.142118
0.163643
0.16221
0.16971
0.161747
0.155562
0.151818
0.169357
0.169368
0.163437
0.171336
0.16437
0.178178
0.162471
0.161098
0.155193
0.146067
0.154175
0.147141
0.150045
0.14765
0.135458
0.145514
0.130253
0.141373
0.121419
0.135593
0.129656
0.127267
0.131699
0.130715
0.143939
0.1309
0.138393
0.122904
0.12804
0.133714
0.148979
0.140812
0.138575
0.142125
0.151082
0.163659
0.158332
0.150841
0.173028
0.162608
0.155343
0.16261
0.164371
0.160755
0.174689
0.170254
0.172701
0.181144
0.188562
0.195461
0.206422
0.214998
0.226549
0.238415
0.246452
0.248899
0.250401
0.21427
0.192564
0.179669
0.16422
0.133275
0.159231
0.181221
0.212637
0.26472
0.318333
0.383779
0.426856
0.434688
0.403385
0.325919
0.255413
0.191566
0.141233
0.127249
0.129419
0.116901
0.129542
0.137566
0.141738
0.133351
0.157124
0.146954
0.137574
0.142891
0.143532
0.15405
0.155243
0.159808
0.157613
0.154553
0.163396
0.162999
0.155151
0.144738
0.1235
0.122369
0.121337
0.115103
0.1194
0.0962644
0.0994568
0.101833
0.0952588
0.100755
0.0893848
0.10154
0.0978851
0.105088
0.0994812
0.110346
0.111875
0.116856
0.120308
0.105554
0.125352
0.110106
0.119542
0.12577
0.11399
0.119311
0.121851
0.129087
0.105539
0.124023
0.136162
0.135211
0.102749
0.102547
0.116103
0.106533
0.105454
0.128807
0.111969
0.11678
0.136316
0.129358
0.150058
0.138952
0.130519
0.140803
0.130956
0.1189
0.140373
0.123086
0.113454
0.110358
0.116704
0.108244
0.132009
0.109878
0.136038
0.127274
0.118423
0.146568
0.124276
0.122463
0.124294
0.127724
0.134625
0.129193
0.11558
0.111203
0.120157
0.140572
0.104332
0.0978256
0.0907661
0.101134
0.075426
0.0888237
0.12488
0.0969721
0.0928179
0.0839616
0.0742896
0.0738992
0.0905068
0.0754202
0.0778691
0.105334
0.0780257
0.072349
0.0879791
0.0988237
0.0783513
0.0813026
0.0763502
0.0963256
0.0952382
0.0774786
0.0791544
0.0649085
0.067458
0.0926195
0.0709931
0.0733595
0.0908339
0.0951223
0.103647
0.0873628
0.0999043
0.0981132
0.105881
0.102334
0.121278
0.117181
0.122324
0.107831
0.0962461
0.0792003
0.0734008
0.0518594
0.068295
0.0677679
0.0502898
0.0516912
0.0775745
0.0900083
0.0850002
0.094255
0.114229
0.0967077
0.125056
0.106323
0.105101
0.10932
0.0881678
0.0963978
0.0838389
0.0963536
0.122317
0.11876
0.113891
0.123997
0.123337
0.12692
0.102266
0.126917
0.105868
0.126575
0.125623
0.107307
0.106178
0.116661
0.111505
0.119222
0.0957443
0.0933135
0.105842
0.106497
0.108342
0.11911
0.122733
0.115262
0.128778
0.109937
0.123869
0.110403
0.102672
0.100184
0.107484
0.0917513
0.0948276
0.102513
0.089177
0.0860259
0.0905348
0.0992025
0.0790997
0.0554783
0.0604947
0.0532639
0.0604129
0.0514666
0.0665688
0.0556358
0.0511389
0.0490153
0.0471924
0.0474821
0.038727
0.0428787
0.0505139
0.0538841
0.0547844
0.0533015
0.0257297
0.0470246
0.0383816
0.0387297
0.0332219
0.0320203
0.0351577
0.0288161
0.0414504
0.0360851
0.0463877
0.0388886
0.035141
0.0388951
0.0600447
0.0366516
0.0368985
0.045744
0.0434415
0.044309
0.0457638
0.0508582
0.0461242
0.0497984
0.0575256
0.0343108
0.0448304
0.0461175
0.0546662
0.0445057
0.055809
0.0464809
0.0537697
0.0422335
0.0544353
0.0433022
0.0261835
0.0358838
0.0336515
0.0313692
0.0464495
0.0374085
0.0389296
0.0296209
0.0412722
0.0410848
0.0384483
0.0388922
0.0521772
0.0321479
0.0434984
0.0311202
0.0381343
0.0377789
0.0211539
0.03441
0.0474116
0.0382269
0.0224476
0.0508372
0.0624439
0.0420248
0.0673042
0.0690267
0.0626059
0.0703509
0.0901041
0.0893438
0.0866962
0.0737122
0.0749633
0.0910444
0.0796139
0.0882254
0.0817917
0.0823576
0.0779229
0.0807776
0.0908954
0.0710611
0.0797825
0.0905943
0.0993886
0.102437
0.0891657
0.115326
0.115344
0.119487
0.141065
0.114993
0.139208
0.152682
0.14736
0.13508
0.126328
0.127384
0.119241
0.104989
0.0865198
0.10002
0.0914842
0.106948
0.0825598
0.125227
0.102415
0.115801
0.0900179
0.110524
0.0948746
0.123003
0.0855903
0.119381
0.124105
0.122871
0.0943446
0.0943831
0.0994723
0.113493
0.128532
0.112927
0.124717
0.148549
0.130513
0.159867
0.144765
0.12336
0.141249
0.122713
0.114167
0.11148
0.0891898
0.102041
0.0867061
0.0797761
0.0730056
0.0591783
0.054894
0.0451174
0.0520671
0.0464969
0.0340424
0.0137223
0.0185757
0.0232424
0.0136955
0.0136077
0.00750806
0.0135179
0.0161466
0.0121949
0.0160208
0.0119322
0.00943684
0.0128353
0.0132019
0.0159079
0.0211174
0.0186308
0.0157252
0.0136937
0.0138737
0.0125571
0.00231448
0.00431326
0.0104843
0.00419651
0.00583505
0.00855241
0.000795528
0.0114098
0.00278832
0.00548121
0.00500181
0.000465169
0.00139143
0.00750439
0.00931851
0.00608538
0.0115031
0.0116407
0.0206632
0.0120464
0.00927096
0.00896483
0.00702437
0.00500222
0.00316578
0.00560127
0.00636346
0.0124032
0.00583659
0.011344
0.00890159
0.00793404
0.0139458
0.00831689
0.0140746
0.012634
0.00746527
0.0145192
0.0179766
0.0185473
0.0197704
0.0117471
0.0116884
0.0199853
0.0116003
0.0209775
0.0116424
0.0177633
0.0263978
0.0172597
0.0171715
0.0124409
0.0198106
0.0209883
0.0197583
0.0167269
0.0264077
0.0197199
0.0129233
0.0262252
0.0224287
0.0153675
0.0189791
0.0246428
0.0212645
0.0245377
0.0169959
0.0145349
0.0145919
0.0137454
0.0085538
0.0141652
0.0214725
0.0216068
0.0152274
0.0201078
0.0177008
0.0138405
0.0191979
0.0223417
0.0176658
0.0250696
0.0240393
0.0264879
0.0324923
0.027961
0.0319091
0.0373196
0.0343962
0.0355471
0.0351735
0.0375084
0.0345203
0.0366697
0.0347055
0.0332571
0.0356662
0.0446185
0.0456061
0.0333467
0.0400076
0.055824
0.0334931
0.049672
0.049835
0.0521196
0.0544678
0.0559268
0.0667436
0.0557842
0.0514714
0.0608113
0.0759401
0.0624714
0.0691112
0.0643638
0.0606508
0.0693853
0.0700651
0.0706009
0.0581369
0.063785
0.0599032
0.0694323
0.0553123
0.0566184
0.059166
0.056846
0.0679119
0.0728563
0.0667218
0.0795139
0.090711
0.0942233
0.0596635
0.0696703
0.0588604
0.0678379
0.0489059
0.060053
0.0709046
0.0646679
0.0600574
0.0536058
0.0478482
0.0624708
0.0357626
0.0640527
0.0532752
0.056186
0.0614084
0.0546913
0.0651537
0.0606661
0.0530962
0.054365
0.0558835
0.0648419
0.0548201
0.0353261
0.0654555
0.051633
0.0372228
0.0280681
0.0297758
0.0408165
0.0426957
0.0344656
0.0463428
0.0351833
0.0453454
0.0314498
0.0200061
0.028596
0.0398654
0.0340213
0.0238108
0.0316365
0.0319714
0.0498588
0.0315289
0.0295735
0.036426
0.00954995
0.0420748
0.0349385
0.034384
0.0195733
0.0251977
0.0226163
0.0213213
0.0133155
0.0131781
0.0136578
0.00984273
0.00382194
0.0105384
0.00541948
0.00302934
0.0150655
0
0.00765138
0.0214165
0.0108153
0.0100626
0.0107515
0.0223327
0.0187023
0.00952699
0.015842
0.0283249
0.0324139
0.043834
0.0237406
0.0396967
0.0219863
0.0315872
0.03957
0.0380679
0.032153
0.012833
0.00456841
0.00991562
0.0192583
0.0226003
0.00802201
0.00811085
0.0151782
0.0168322
0.0211616
0.0135205
0.014509
0.00889607
0.0148672
0.00591533
0.00657759
0.0145497
0.0157967
0.0176994
0.0179838
0.00505011
0.0192318
0.0104902
0.010835
0.0236947
0.0107343
0.0188417
0.0136916
0.00510884
0.0154043
0.00889657
0.0170094
0.00454162
0.00449573
0.0146814
0.00996536
0.00988945
0.0121395
0.013468
0.0183766
0.0106261
0.015174
0.0121027
0.0103525
0.0112695
0.0189731
0.0130072
0.0161442
0.0161885
0.0241963
0.0279266
0.0217896
0.0387525
0.0260764
0.0263496
0.0277503
0.00732029
0.0131284
0.0183318
0.0117308
0.0179315
0.0122212
0.0181426
0.0168305
0.0118006
0.0183395
0.0115619
0.0172532
0.0133732
0.0136014
0.0105602
0.0131639
0.00728267
0.00730059
0.0155138
0.0106586
0.0178547
0.0226232
0.0191622
0.0193986
0.0195044
0.0207953
0.0231591
0.0380104
0.023346
0.0162123
0.0253187
0.0422153
0.0288247
0.0291758
0.0195665
0.0273287
0.0303511
0.0237554
0.0260193
0.0278524
0.0275775
0.0227038
0.0267104
0.0284257
0.0325151
0.0253609
0.0285533
0.027894
0.0250304
0.0297376
0.0294927
0.0286562
0.0295446
0.0377973
0.0351982
0.0350225
0.0374315
0.0455751
0.059736
0.0839859
0.156483
0.328663
0.516685
0.608685
0.638036
0.6072
0.508838
0.325064
0.145539
0.0824209
0.0606054
0.0591768
0.0526043
0.0455666
0.0382635
0.0374144
0.0465135
0.0419946
0.0414999
0.0385238
0.0440777
0.0364832
0.0373718
0.0388615
0.0395598
0.0396391
0.0405725
0.0370728
0.0418476
0.0361216
0.0348721
0.0395778
0.0355984
0.0330884
0.0370219
0.0397371
0.0421912
0.032549
0.0297093
0.0374558
0.0359255
0.037293
0.0356387
0.0389987
0.0374293
0.0363748
0.0346119
0.0471442
0.0382158
0.0430704
0.0372678
0.0418375
0.0435473
0.0393676
0.0425875
0.0433412
0.0374384
0.0425294
0.04306
0.0378775
0.0368271
0.0393872
0.0364695
0.0385036
0.0447713
0.0492297
0.0389704
0.0397015
0.0319614
0.0377179
0.048336
0.0293166
0.0355167
0.0415639
0.0353286
0.027607
0.041728
0.0364957
0.0300359
0.0371989
0.0449386
0.0401074
0.0338056
0.0408481
0.0400212
0.0327028
0.0428599
0.0359512
0.0345034
0.0387061
0.0390884
0.0338449
0.0329488
0.0412715
0.0423341
0.0384551
0.0399906
0.037603
0.0372443
0.0369893
0.030815
0.0382191
0.040524
0.043411
0.0379377
0.0347705
0.0380952
0.0351564
0.042616
0.0575793
0.0535634
0.0504399
0.0512077
0.0697377
0.0554109
0.0587271
0.0368041
0.0441821
0.0652132
0.0616673
0.0542998
0.0511558
0.0484411
0.0490114
0.0453308
0.0492574
0.0500848
0.0478129
0.0496421
0.0485971
0.0521546
0.063357
0.0536019
0.0465977
0.0496194
0.0550816
0.0446021
0.0524498
0.0505542
0.042281
0.0401122
0.0608406
0.0523948
0.0566177
0.0637341
0.0543306
0.0418553
0.0459078
0.0410552
0.0553811
0.0599949
0.0493295
0.0405397
0.0568921
0.0710752
0.0421836
0.0606594
0.0528734
0.082072
0.0699934
0.0681065
0.0774174
0.0730318
0.0853892
0.0615876
0.0704126
0.0933041
0.0710902
0.0702294
0.0554569
0.0649678
0.0614405
0.0876502
0.065288
0.0804885
0.112335
0.106116
0.0828434
0.115898
0.130993
0.0593243
0.0827042
0.0744101
0.0736306
0.0660673
0.0626646
0.0697211
0.0429146
0.0785256
0.0653412
0.106618
0.0892739
0.0592397
0.0588842
0.0345241
0.0918791
0.0712382
0.0606118
0.0894138
0.0951517
0.0484106
0.0667677
0.0570712
0.0675047
0.0823958
0.0645877
0.0789387
0.0579338
0.061875
0.0766251
0.0580675
0.0504836
0.0621665
0.0764377
0.0681843
0.0745858
0.0410438
0.0703761
0.0604464
0.0687391
0.0934672
0.0775094
0.0904551
0.12146
0.0709226
0.0744588
0.0752144
0.0798359
0.0668998
0.0462401
0.0466949
0.0417512
0.0468923
0.0230278
0.0411777
0.0663423
0.0296821
0.0348063
0.0437567
0.0498612
0.064877
0.0448039
0.0516837
0.0607611
0.0378791
0.0590762
0.0475728
0.078788
0.0682274
0.0819671
0.0821701
0.110241
0.102284
0.101009
0.103594
0.120223
0.132656
0.144082
0.154806
0.167431
0.164455
0.165299
0.133316
0.0771315
0.0691457
0.0442981
0.0544081
0.0471414
0.0595957
0.0561987
0.0489951
0.0504121
0.0428465
0.0383635
0.0305204
0.0411557
0.0345026
0.0462312
0.0315043
0.0432744
0.0406023
0.0360646
0.0250109
0.0426455
0.0473834
0.0481263
0.0365748
0.0489186
0.0378009
0.0410949
0.0385145
0.0281562
0.0398607
0.0465756
0.0308531
0.0388744
0.0371281
0.0339047
0.0353766
0.0443551
0.0443757
0.0442528
0.0415953
0.0439056
0.0336827
0.0420493
0.0408007
0.0442697
0.037957
0.0412478
0.0307273
0.0487802
0.0455541
0.0301852
0.0512473
0.0510766
0.0484271
0.0443839
0.0401109
0.0469689
0.0425354
0.0373191
0.0403483
0.0291668
0.0413127
0.0342593
0.0382879
0.0342908
0.0407573
0.0407295
0.0413824
0.02991
0.0357622
0.0390192
0.0327843
0.0366323
0.0367492
0.0371336
0.0452163
0.0374161
0.0370906
0.034037
0.0405126
0.0357156
0.0359022
0.0363011
0.0294976
0.0272145
0.0354805
0.0372709
0.0312365
0.0363672
0.0325985
0.0390953
0.0409969
0.0407737
0.0411178
0.0427378
0.0368211
0.0440506
0.044571
0.0450891
0.0489655
0.0461031
0.0469406
0.0519151
0.0588901
0.0710318
0.0670581
0.079349
0.0704757
0.0743847
0.068698
0.0758679
0.0979526
0.09032
0.0801011
0.0809096
0.0736944
0.0573234
0.057844
0.0388787
0.043816
0.035749
0.0260741
0.0364251
0.0368288
0.0309933
0.036212
0.0314136
0.0325417
0.036681
0.0350247
0.0338697
0.0395618
0.0394117
0.041508
0.0366184
0.0377151
0.0465943
0.0526435
0.0495965
0.0494293
0.0515473
0.0588467
0.0602158
0.066525
0.068665
0.0736861
0.0788429
0.0851445
0.096396
0.0970802
0.105932
0.112873
0.121052
0.118773
0.109108
0.0963971
0.0875473
0.0850774
0.076834
0.0713044
0.0615188
0.0434648
0.0619002
0.0537623
0.0678881
0.0535328
0.0614524
0.0510188
0.046352
0.0427166
0.0462289
0.067012
0.0557464
0.0643652
0.0599185
0.0665921
0.055373
0.0635637
0.0635214
0.0671532
0.0621036
0.0700608
0.0717051
0.0772617
0.088411
0.0780677
0.0825272
0.0790678
0.0969566
0.0961952
0.10625
0.115852
0.119253
0.128015
0.131922
0.128022
0.124367
0.123766
0.106698
0.0984574
0.0911382
0.0814374
0.0734712
0.0667912
0.0721905
0.0633943
0.0549398
0.0632241
0.0655983
0.0683744
0.0504439
0.0662763
0.0505883
0.0680327
0.0452908
0.0686026
0.0536801
0.0596004
0.0306234
0.0558941
0.0503483
0.0420106
0.0256981
0.0559834
0.0409884
0.0594272
0.0477838
0.0327234
0.0467053
0.0412223
0.0454306
0.054338
0.0417101
0.0521875
0.0488289
0.0491558
0.0452659
0.0463929
0.0481231
0.0453183
0.0509481
0.0433212
0.0491262
0.0494031
0.0492289
0.0590241
0.0428241
0.0469769
0.0519479
0.0490717
0.0463824
0.0519812
0.0493537
0.0529446
0.0558234
0.0505755
0.0522036
0.0514154
0.0499617
0.0428253
0.0524666
0.0501512
0.0552395
0.0550804
0.0604014
0.0615296
0.0699174
0.0670161
0.0630873
0.057585
0.0635758
0.0612371
0.066368
0.0772633
0.0701059
0.0826785
0.0825981
0.0776412
0.095291
0.0913561
0.0886325
0.0997837
0.0858746
0.07744
0.0943764
0.0992259
0.110628
0.103276
0.11404
0.137662
0.130925
0.118896
0.114007
0.116317
0.10742
0.0933668
0.0875456
0.107296
0.0887799
0.102404
0.095457
0.0873297
0.0643325
0.0950644
0.117557
0.0878687
0.0969749
0.0907869
0.0972835
0.108012
0.106231
0.10046
0.117464
0.124071
0.12471
0.136409
0.135986
0.128822
0.130027
0.107204
0.117827
0.112781
0.106166
0.116733
0.105671
0.11367
0.0926236
0.106854
0.0921303
0.0774351
0.111949
0.123695
0.0757344
0.0911557
0.110442
0.0726827
0.0974047
0.0846485
0.106571
0.120883
0.115706
0.102393
0.0946834
0.126754
0.14524
0.136239
0.142481
0.128184
0.131278
0.143776
0.140259
0.145952
0.154227
0.147702
0.159433
0.14233
0.154208
0.16714
0.161392
0.161859
0.155418
0.134496
0.180967
0.180309
0.154417
0.172722
0.178065
0.163633
0.166404
0.169276
0.171341
0.149051
0.124777
0.137271
0.137363
0.109417
0.127333
0.0995521
0.0903767
0.095934
0.0945384
0.0868152
0.0593462
0.0532563
0.0616201
0.0755241
0.0790731
0.0676363
0.107229
0.110919
0.0953597
0.112386
0.131661
0.118946
0.0907535
0.133128
0.120903
0.168682
0.11006
0.146849
0.132016
0.145028
0.152188
0.156039
0.170576
0.163512
0.134296
0.146957
0.178487
0.167614
0.14971
0.168621
0.212011
0.184404
0.201362
0.21859
0.220074
0.210619
0.197778
0.205025
0.189539
0.210069
0.204981
0.188871
0.192184
0.176867
0.167045
0.188146
0.161533
0.169456
0.149068
0.157266
0.1233
0.116156
0.0988381
0.109254
0.0750248
0.0989437
0.0872068
0.0794198
0.0988653
0.101578
0.0790003
0.0907226
0.109331
0.0892626
0.110538
0.0973954
0.0645858
0.0844044
0.0761948
0.109191
0.0854705
0.0808862
0.0967377
0.130582
0.0995173
0.114312
0.104339
0.117842
0.120029
0.130723
0.0911841
0.105488
0.0811143
0.0930293
0.0749817
0.114859
0.186156
0.0991549
0.130793
0.113649
0.0908812
0.0574856
0.0874942
0.0895461
0.0717611
0.103725
0.129468
0.0975875
0.112216
0.126578
0.0527787
0.0852085
0.161741
0.130695
0.113133
0.0752784
0.125082
0.123995
0.109692
0.125285
0.12784
0.145887
0.10689
0.107904
0.11349
0.0800595
0.116813
0.0897765
0.133267
0.112062
0.152021
0.171851
0.110923
0.163195
0.072081
0.0932893
0.101251
0.121356
0.0604732
0.111929
0.0671961
0.0907368
0.082084
0.0684415
0.11201
0.115714
0.0986494
0.091696
0.0389952
0.0948773
0.0487285
0.071426
0.0890734
0.0940732
0.108869
0.105356
0.134439
0.152339
0.0802935
0.0788912
0.100928
0.104793
0.114332
0.139691
0.130261
0.12646
0.133817
0.142993
0.107756
0.128009
0.102996
0.132287
0.105833
0.118485
0.121082
0.117587
0.106346
0.144746
0.129685
0.14266
0.0997917
0.131392
0.105749
0.111109
0.131076
0.122364
0.111666
0.108173
0.101085
0.0754772
0.1096
0.0982105
0.0708924
0.0869744
0.100712
0.111344
0.0802942
0.0490933
0.0488572
