0.187477
0.1905
0.195183
0.198116
0.200676
0.207611
0.211328
0.223153
0.228833
0.230268
0.234074
0.246734
0.241993
0.251435
0.257438
0.263118
0.269854
0.271962
0.271373
0.270462
0.272057
0.264909
0.265886
0.278377
0.284571
0.299383
0.305601
0.314126
0.32324
0.327773
0.329012
0.337962
0.342443
0.347227
0.350509
0.354357
0.361639
0.36204
0.355981
0.35178
0.331729
0.32901
0.34062
0.345376
0.365094
0.370277
0.384595
0.392343
0.396727
0.396898
0.392635
0.356719
0.33454
0.330415
0.330508
0.330345
0.357963
0.424265
0.432523
0.421875
0.388472
0.328959
0.271239
0.232995
0.22693
0.201941
0.191968
0.193206
0.179135
0.163963
0.164257
0.157399
0.156194
0.155767
0.155749
0.156838
0.159666
0.156988
0.16393
0.166181
0.176505
0.178029
0.180729
0.183711
0.182149
0.184592
0.192753
0.195596
0.19911
0.210045
0.216922
0.225076
0.235035
0.250643
0.273482
0.299279
0.320476
0.342263
0.362358
0.373116
0.375769
0.371336
0.363389
0.336179
0.300657
0.27138
0.257207
0.253029
0.256286
0.263378
0.267517
0.271103
0.276023
0.27721
0.278162
0.276599
0.266101
0.257222
0.256594
0.250247
0.255633
0.263075
0.267855
0.276265
0.286991
0.300027
0.298711
0.308888
0.313213
0.319438
0.324542
0.329993
0.334123
0.332519
0.331171
0.333845
0.350437
0.358374
0.356712
0.339607
0.317338
0.299358
0.282149
0.277235
0.281596
0.290677
0.306592
0.320888
0.332584
0.331698
0.351778
0.36601
0.378699
0.385339
0.391873
0.398255
0.403681
0.411716
0.405329
0.409432
0.410939
0.417124
0.420289
0.401199
0.363453
0.30991
0.234409
0.1897
0.167668
0.147425
0.142486
0.145652
0.143693
0.145122
0.145558
0.155108
0.158791
0.164009
0.167583
0.181568
0.197496
0.201307
0.204649
0.189731
0.193956
0.188793
0.181775
0.186802
0.176383
0.178606
0.179286
0.175042
0.183917
0.184532
0.184216
0.192553
0.192747
0.192185
0.186339
0.173631
0.174305
0.162665
0.15845
0.149518
0.159587
0.157711
0.166775
0.170283
0.17761
0.188393
0.201713
0.210018
0.218711
0.219931
0.231968
0.234137
0.234208
0.242719
0.244557
0.253482
0.259547
0.258766
0.257117
0.245458
0.225423
0.202965
0.198787
0.204471
0.211387
0.210004
0.215324
0.222983
0.22394
0.233459
0.238669
0.252124
0.260188
0.270577
0.286562
0.292414
0.294747
0.307653
0.318116
0.32674
0.335009
0.343084
0.345719
0.358048
0.361074
0.368941
0.372623
0.37665
0.392754
0.384428
0.381922
0.349503
0.298043
0.261864
0.23436
0.220974
0.223716
0.227018
0.227787
0.23102
0.235864
0.235618
0.255076
0.25866
0.267878
0.277358
0.285492
0.284685
0.302461
0.317983
0.321071
0.327341
0.331019
0.329506
0.330596
0.321359
0.304473
0.28517
0.253547
0.212733
0.182426
0.171932
0.16799
0.181817
0.175842
0.19737
0.203434
0.200337
0.224518
0.205896
0.20747
0.212905
0.207225
0.215834
0.212071
0.207957
0.187057
0.190096
0.187162
0.185268
0.178895
0.180893
0.178275
0.183527
0.188171
0.185753
0.199381
0.206618
0.190586
0.18497
0.184511
0.180564
0.175478
0.158909
0.167866
0.165191
0.17072
0.156458
0.166512
0.168992
0.158715
0.16352
0.164982
0.153063
0.161605
0.174412
0.178733
0.189558
0.196828
0.195904
0.215278
0.221173
0.218304
0.225385
0.224921
0.230899
0.237613
0.240437
0.244398
0.242761
0.237898
0.228394
0.203732
0.215554
0.20352
0.202483
0.196609
0.178027
0.18119
0.194259
0.198031
0.194879
0.186907
0.193394
0.193969
0.192897
0.200779
0.202799
0.209842
0.213229
0.219134
0.220493
0.228199
0.232846
0.245683
0.248524
0.276839
0.288267
0.296493
0.295544
0.297517
0.303368
0.304032
0.291126
0.268278
0.237732
0.214183
0.185026
0.169218
0.171909
0.166137
0.165622
0.159951
0.174246
0.170656
0.175162
0.192428
0.189208
0.172642
0.178868
0.171909
0.177498
0.169269
0.17584
0.167473
0.177803
0.1686
0.170828
0.17838
0.168142
0.184071
0.184353
0.193089
0.205552
0.223147
0.253579
0.279254
0.307102
0.319549
0.331813
0.354582
0.331154
0.306237
0.290183
0.264061
0.259889
0.255236
0.257462
0.256922
0.261402
0.267985
0.272623
0.257252
0.25296
0.253301
0.248566
0.252223
0.259057
0.259458
0.250577
0.242934
0.22976
0.218475
0.20474
0.205323
0.200938
0.214831
0.203521
0.218281
0.236169
0.197439
0.22327
0.212363
0.197485
0.190615
0.196264
0.229114
0.20073
0.214441
0.192461
0.212063
0.198278
0.215524
0.222896
0.2371
0.234817
0.231752
0.221248
0.220043
0.225509
0.246604
0.22893
0.241553
0.238334
0.239828
0.233631
0.249522
0.232741
0.256596
0.262004
0.265217
0.270952
0.286282
0.290652
0.324538
0.33993
0.363292
0.403541
0.422706
0.42419
0.408459
0.360172
0.328698
0.289815
0.249948
0.232635
0.249646
0.254223
0.321359
0.386403
0.460116
0.533262
0.572374
0.600464
0.541687
0.470775
0.355905
0.2505
0.230334
0.209756
0.200791
0.185201
0.19593
0.190674
0.209825
0.204795
0.199551
0.211732
0.216072
0.214056
0.213736
0.232443
0.23118
0.226008
0.240805
0.248054
0.262049
0.247066
0.234937
0.206386
0.179212
0.178101
0.166451
0.169851
0.166373
0.160266
0.159314
0.147428
0.155365
0.141931
0.147691
0.134939
0.145064
0.135165
0.138742
0.155376
0.141162
0.155274
0.15363
0.157569
0.166663
0.162184
0.18468
0.189092
0.187205
0.187184
0.196661
0.195439
0.185478
0.18349
0.188525
0.202385
0.200273
0.164945
0.164987
0.16319
0.160222
0.181593
0.170056
0.190122
0.212385
0.192418
0.203576
0.217261
0.215222
0.205733
0.18768
0.166837
0.189179
0.183895
0.175497
0.167636
0.17277
0.179808
0.188924
0.171584
0.183818
0.192671
0.17677
0.187501
0.18344
0.185768
0.186338
0.191021
0.198529
0.182168
0.198843
0.182022
0.18683
0.180496
0.17154
0.171942
0.14097
0.159659
0.144135
0.185844
0.172691
0.145642
0.150076
0.143972
0.139274
0.137674
0.142784
0.128596
0.144076
0.119917
0.127683
0.125779
0.142966
0.1303
0.141019
0.132824
0.144765
0.128233
0.123778
0.122634
0.116681
0.102992
0.0916003
0.120524
0.100369
0.120965
0.136333
0.139398
0.142282
0.131803
0.151975
0.170564
0.168057
0.173611
0.18886
0.182325
0.184446
0.166643
0.17367
0.127171
0.121866
0.0883228
0.107187
0.0777942
0.0723529
0.106801
0.115875
0.136272
0.142507
0.158377
0.161905
0.162965
0.179856
0.162335
0.140662
0.15135
0.142151
0.151265
0.140253
0.150163
0.189208
0.192188
0.174188
0.193969
0.189565
0.183143
0.18889
0.178627
0.169785
0.170035
0.162807
0.161789
0.174811
0.171086
0.182632
0.169678
0.188992
0.15274
0.170366
0.157895
0.148798
0.179316
0.173947
0.174684
0.197377
0.178924
0.199104
0.168318
0.154669
0.155843
0.151458
0.14843
0.137877
0.146829
0.127941
0.135395
0.107079
0.108612
0.119124
0.0875655
0.0862755
0.093825
0.0913575
0.0704287
0.0885037
0.0841609
0.0795325
0.0705572
0.077081
0.0672983
0.062831
0.0625949
0.064252
0.083315
0.0770006
0.0721258
0.0598581
0.0622047
0.0580789
0.0687301
0.0618932
0.0580746
0.0379524
0.0491312
0.0618434
0.0551696
0.0571231
0.0556126
0.0649735
0.0659874
0.0760868
0.0640931
0.0651189
0.0687133
0.0742099
0.0502549
0.0668109
0.0682098
0.0575478
0.0658525
0.0726631
0.0655019
0.0694911
0.0812048
0.0806227
0.0683217
0.0641573
0.0733224
0.0659231
0.0637215
0.037038
0.0615286
0.0448234
0.0372164
0.0538151
0.0424715
0.0487138
0.0407368
0.0564994
0.0547438
0.0642579
0.0607855
0.0687673
0.0479872
0.0531841
0.0397361
0.0632125
0.0448451
0.0472428
0.0563355
0.0437921
0.0489171
0.0710383
0.0588493
0.0474553
0.0481288
0.0717721
0.0699895
0.0835697
0.088726
0.112591
0.128001
0.130648
0.101391
0.124108
0.122612
0.103081
0.120518
0.125552
0.118148
0.127362
0.115309
0.127596
0.120898
0.137885
0.123861
0.121059
0.153101
0.145368
0.162398
0.169219
0.173055
0.179747
0.199349
0.21093
0.20947
0.23245
0.238418
0.234384
0.24024
0.2371
0.213193
0.192446
0.171357
0.140129
0.115142
0.143327
0.153147
0.144024
0.167711
0.125946
0.16488
0.146175
0.171858
0.160462
0.18737
0.177546
0.175274
0.195091
0.16281
0.157537
0.161869
0.16479
0.182138
0.197842
0.188523
0.20325
0.200128
0.223641
0.243934
0.214047
0.203295
0.208194
0.181597
0.168608
0.189093
0.156159
0.139922
0.142365
0.122935
0.113456
0.0956611
0.0714463
0.0685843
0.0697909
0.060549
0.0396571
0.0215101
0.0274594
0.01723
0.017266
0.0115598
0.0137079
0.0154471
0.0126928
0.0140217
0.0141781
0.0167927
0.0106318
0.0167203
0.0143192
0.0184181
0.018885
0.0213569
0.0225698
0.0270926
0.0152877
0.0186563
0.0118378
0.00673208
0.0061411
0
0.0031142
0.00632427
0.0012096
0.00386001
0.00297535
0.009682
0.00146338
0.000814954
0.00365907
0.00452051
0.0073883
0.00347636
0.00978266
0.0163576
0.0277257
0.0130169
0.0225546
0.0164152
0.0140866
0.0160246
0.00525055
0.0137552
0.0138064
0.0130404
0.0128308
0.014198
0.013858
0.0152903
0.00987632
0.01021
0.0164685
0.0132809
0.0154569
0.0239681
0.0235071
0.0242575
0.0304922
0.0286568
0.0243003
0.0255689
0.0173949
0.0297601
0.0198995
0.0256807
0.0315584
0.0244649
0.023003
0.0234573
0.0300047
0.0276552
0.0290792
0.0307977
0.02651
0.0276384
0.0298909
0.0362463
0.0364931
0.0362643
0.0316093
0.0349197
0.0244959
0.0264085
0.0335341
0.0186735
0.025487
0.0316174
0.0232983
0.0285468
0.0306288
0.0303496
0.0298477
0.0300353
0.0247014
0.0234734
0.0295436
0.0304856
0.0326799
0.0331708
0.0427212
0.0450722
0.0358859
0.051921
0.0510528
0.0543146
0.0505527
0.0566702
0.065686
0.0530821
0.0562514
0.0527146
0.0684168
0.061612
0.0588241
0.0694055
0.0692713
0.0666602
0.0668901
0.0751168
0.0691937
0.0769873
0.0825882
0.0818484
0.0975568
0.0972503
0.109203
0.106547
0.10073
0.103544
0.111597
0.109565
0.112571
0.114323
0.106719
0.106951
0.107777
0.103216
0.105832
0.104122
0.10691
0.100874
0.100502
0.10785
0.108801
0.107177
0.114971
0.124823
0.116204
0.132736
0.13432
0.139354
0.109291
0.124621
0.0991497
0.0845955
0.0934661
0.0949302
0.0944586
0.0900554
0.102971
0.0880181
0.0829026
0.0956108
0.0889609
0.0997191
0.0924863
0.0815024
0.0922477
0.0969362
0.0924674
0.0993972
0.097966
0.0833824
0.0861492
0.0923229
0.0733647
0.0806353
0.0860297
0.0833567
0.0555072
0.039257
0.0480282
0.0575884
0.0553514
0.0515496
0.054569
0.0550976
0.0655262
0.0571603
0.0393886
0.0524367
0.0577257
0.0545906
0.0517933
0.0462561
0.0499952
0.0548122
0.0521948
0.0514859
0.0536615
0.0541215
0.0483835
0.0359071
0.0368421
0.0413865
0.0259971
0.031291
0.0305423
0.017451
0.0115364
0.0136093
0.0121346
0.00790431
0.011751
0.0166128
0.0136224
0.0120148
7.51741e-05
0.0137935
0.0135274
0.0131853
0.00996581
0.0211399
0.0221972
0.029511
0.0231328
0.0359218
0.0346407
0.0388633
0.0484262
0.0389884
0.0413365
0.0388017
0.0426504
0.0399279
0.04633
0.0389756
0.0291736
0.0221837
0.0224201
0.0203105
0.0193879
0.0154728
0.0241073
0.0161633
0.0137552
0.0138086
0.0177251
0.01899
0.0159353
0.022505
0.00879821
0.00710209
0.0202082
0.0183213
0.027303
0.0214751
0.0102071
0.0181438
0.00421124
0.0274089
0.0330142
0.0249052
0.0180366
0.0230719
0.0113865
0.0117399
0.00824993
0.00706022
0.0115367
0.0149404
0.0120631
0.0104856
0.0133364
0.0158197
0.0152567
0.0121703
0.0162347
0.0145775
0.0192201
0.0157245
0.0215427
0.0194894
0.0224174
0.0278412
0.0264136
0.0210633
0.0307052
0.039289
0.0396009
0.0309093
0.0348562
0.0378104
0.0214051
0.0292764
0.0282138
0.0212488
0.0288178
0.0245448
0.024751
0.0248935
0.0169487
0.0204022
0.0197257
0.0226956
0.0215193
0.0221367
0.0155577
0.0206813
0.0162173
0.018472
0.0156884
0.0251741
0.0249247
0.0330356
0.0222955
0.0309371
0.0315251
0.0332033
0.0458649
0.0455412
0.0398495
0.0370773
0.0414761
0.0340477
0.0472179
0.0389018
0.0463867
0.047234
0.0451
0.0385631
0.0519298
0.0433015
0.0455023
0.0434492
0.0453466
0.0438519
0.040269
0.0445889
0.0452345
0.0449155
0.041249
0.0455552
0.0480731
0.0439419
0.0502384
0.0565355
0.0526663
0.065405
0.0680651
0.0711688
0.0875103
0.11471
0.211771
0.437473
0.692989
0.81556
0.850465
0.80921
0.681833
0.431543
0.208692
0.122786
0.0962289
0.0835045
0.0807287
0.077985
0.0787422
0.0674751
0.0729252
0.0707968
0.0729431
0.0697187
0.0723039
0.0691149
0.0677887
0.0686602
0.0647432
0.0676659
0.0671454
0.0724585
0.0673252
0.0688025
0.0599378
0.0640783
0.0600505
0.0663803
0.0590239
0.0553358
0.0639456
0.0565901
0.0626687
0.0639073
0.0548807
0.0565944
0.0644683
0.0639858
0.0610172
0.0646007
0.0577338
0.0654586
0.0623735
0.0681219
0.063414
0.0671449
0.0692625
0.0673471
0.0661868
0.0712935
0.062599
0.0715128
0.0691034
0.0617363
0.0665439
0.0715719
0.0700269
0.0693413
0.0725243
0.0713214
0.0680139
0.0747646
0.0608893
0.0604225
0.065195
0.0483952
0.0544156
0.0647249
0.051833
0.049041
0.0562504
0.0606868
0.0667144
0.0637627
0.0580467
0.0628116
0.0555287
0.0719238
0.0619526
0.0591186
0.0667194
0.0599092
0.0574998
0.0669541
0.0655096
0.0612021
0.0565889
0.0656771
0.0680943
0.0643151
0.0646992
0.0677373
0.0641627
0.0666276
0.0687363
0.0659485
0.0663826
0.0757643
0.0671699
0.0695618
0.083303
0.0689345
0.0780956
0.0797973
0.07752
0.0894192
0.0773374
0.0737008
0.0813194
0.0912007
0.0803888
0.066295
0.0983979
0.0869716
0.0938208
0.0797836
0.0841475
0.0869306
0.0863458
0.094577
0.0895116
0.0848494
0.0863985
0.0818204
0.0970248
0.0972297
0.083674
0.0876561
0.087198
0.0880687
0.0855891
0.08742
0.0780934
0.0836694
0.0748645
0.085755
0.0777974
0.0975115
0.0854672
0.0884791
0.085916
0.11189
0.0697082
0.0961761
0.0946589
0.0941004
0.0966912
0.0842118
0.109077
0.087067
0.116981
0.113627
0.107195
0.10025
0.107752
0.125384
0.0997787
0.0961271
0.116554
0.107014
0.143478
0.120812
0.124265
0.113316
0.116258
0.136218
0.122017
0.108082
0.126959
0.152459
0.129358
0.153487
0.163117
0.166696
0.137339
0.13537
0.12773
0.125602
0.113699
0.118658
0.115984
0.0926008
0.12227
0.10861
0.128626
0.115549
0.111982
0.0943241
0.0870386
0.11921
0.105994
0.113798
0.119091
0.115594
0.105135
0.111809
0.0847348
0.101237
0.0936262
0.0928242
0.104982
0.0849057
0.103613
0.107155
0.106244
0.0915583
0.106141
0.113207
0.0840616
0.09748
0.0836875
0.117691
0.10161
0.106363
0.15276
0.114583
0.118256
0.141575
0.141612
0.136522
0.117471
0.0963746
0.0870834
0.0708146
0.0720725
0.0633551
0.0705749
0.0729461
0.0739282
0.0815242
0.0801184
0.0796412
0.075794
0.063881
0.09036
0.0728875
0.0748878
0.0754644
0.0782761
0.0954817
0.0967485
0.108318
0.116054
0.124552
0.125464
0.155871
0.156196
0.16472
0.175873
0.184923
0.202176
0.226707
0.248206
0.265656
0.265268
0.251569
0.198528
0.134993
0.0992171
0.0693919
0.0785591
0.072539
0.081765
0.0535279
0.0766708
0.0771191
0.0666411
0.0627398
0.0628638
0.052996
0.0773153
0.0813637
0.0748649
0.0701033
0.0495354
0.0781716
0.0602925
0.0797233
0.0600619
0.0663711
0.0660108
0.06479
0.0582994
0.0692659
0.0658429
0.0601932
0.0636628
0.0578018
0.0635683
0.0730456
0.0575045
0.0636268
0.0678622
0.0695638
0.0689715
0.0705858
0.0750109
0.0669158
0.062968
0.0674337
0.0745415
0.0766556
0.0663178
0.0700984
0.0668425
0.0690293
0.0779798
0.0575568
0.0755276
0.0656069
0.0697463
0.0659109
0.0748122
0.0631609
0.0605985
0.0630105
0.0645191
0.0594417
0.0701449
0.0561196
0.0580934
0.0535117
0.0651061
0.0656708
0.0633953
0.0602605
0.0613815
0.0593273
0.0677719
0.0575439
0.0544796
0.055184
0.0671967
0.0616431
0.0623103
0.0699323
0.0617656
0.0578143
0.0657932
0.0620001
0.058296
0.0546921
0.0658513
0.0634944
0.0578721
0.0634595
0.0532477
0.0595001
0.0660804
0.068696
0.0612538
0.0606403
0.0680176
0.0644033
0.076219
0.072386
0.0818955
0.0712961
0.0723448
0.0877889
0.0809822
0.0997374
0.0854028
0.104313
0.101643
0.10922
0.105012
0.107222
0.120693
0.130198
0.120946
0.107581
0.0972724
0.0885666
0.0746552
0.0650587
0.0674321
0.057886
0.0473106
0.0574576
0.0638767
0.0556833
0.0651503
0.0576352
0.0608377
0.0521686
0.0648097
0.056338
0.0674709
0.067641
0.064522
0.0674156
0.0662073
0.0690651
0.0781796
0.0815961
0.081044
0.0853817
0.0921008
0.0932508
0.104812
0.111522
0.113612
0.125366
0.13522
0.143397
0.157236
0.162057
0.17249
0.185739
0.169397
0.16423
0.14651
0.135859
0.127102
0.11308
0.109847
0.108311
0.0834637
0.0862406
0.0705732
0.0853205
0.08271
0.093551
0.0804119
0.083937
0.0852866
0.0797856
0.0979924
0.0757192
0.100365
0.0938441
0.0934785
0.0902755
0.107005
0.10059
0.101842
0.108106
0.119522
0.11796
0.121756
0.127628
0.133265
0.133227
0.144007
0.151663
0.162553
0.169629
0.179817
0.191027
0.20167
0.210425
0.20951
0.196446
0.192851
0.170681
0.157596
0.145513
0.127984
0.120391
0.101344
0.104731
0.105259
0.100658
0.104456
0.0979383
0.110637
0.101955
0.0960362
0.100766
0.108643
0.0935972
0.0952583
0.0880569
0.0885522
0.0788554
0.0844954
0.0869251
0.0693793
0.0808675
0.0750672
0.0663048
0.080838
0.0850605
0.0907493
0.086612
0.0742722
0.0785938
0.0815573
0.0820855
0.0872499
0.0830898
0.0815753
0.0708989
0.0889157
0.0794413
0.076821
0.0864313
0.0847213
0.0846088
0.0836347
0.0716236
0.0895314
0.074881
0.0854332
0.0911219
0.0807049
0.0802488
0.0885672
0.0860957
0.0915546
0.0905766
0.0880914
0.0851253
0.0869788
0.0885635
0.0798288
0.0854639
0.0881214
0.0863443
0.0880315
0.0822518
0.0779185
0.0748202
0.0703449
0.0725059
0.0670389
0.0692302
0.0749966
0.0761603
0.0771464
0.0834606
0.0920754
0.102805
0.095667
0.11885
0.12303
0.123499
0.135425
0.134732
0.129176
0.16015
0.169102
0.163003
0.167156
0.182284
0.196255
0.197378
0.201883
0.173644
0.194781
0.182493
0.154563
0.16133
0.153893
0.144484
0.14375
0.128146
0.132552
0.0992088
0.124025
0.136276
0.135847
0.129516
0.131201
0.147262
0.138448
0.151407
0.149745
0.163609
0.181893
0.173631
0.174529
0.184796
0.177981
0.173327
0.160426
0.159345
0.141439
0.166775
0.153096
0.152149
0.161966
0.146163
0.155762
0.133527
0.118721
0.132943
0.148828
0.128053
0.174023
0.152961
0.14104
0.153751
0.146496
0.159452
0.166219
0.16973
0.166106
0.163501
0.176803
0.188106
0.188929
0.202027
0.203582
0.177303
0.209667
0.220463
0.224006
0.245347
0.222294
0.210135
0.221115
0.212283
0.244536
0.236037
0.243182
0.24929
0.221796
0.26517
0.266875
0.252162
0.251167
0.259847
0.247659
0.245888
0.24208
0.234424
0.204979
0.197329
0.207452
0.179787
0.178924
0.171166
0.169345
0.152758
0.119634
0.128647
0.141674
0.0972087
0.104881
0.104478
0.142446
0.114734
0.168111
0.128843
0.1095
0.166252
0.144918
0.181317
0.162
0.181323
0.149591
0.162537
0.184607
0.196243
0.192791
0.217828
0.212809
0.217561
0.242032
0.252887
0.224983
0.212039
0.228072
0.246669
0.265489
0.249861
0.291011
0.297941
0.288088
0.319312
0.308479
0.314839
0.308862
0.302501
0.312455
0.305422
0.325051
0.324502
0.302262
0.282026
0.275888
0.272035
0.273051
0.223151
0.214405
0.206066
0.189825
0.135793
0.159051
0.123757
0.152269
0.118096
0.194294
0.0980735
0.143702
0.136826
0.112106
0.115395
0.103307
0.140945
0.142044
0.149403
0.112836
0.0774642
0.130559
0.1299
0.126292
0.103061
0.123887
0.107862
0.145298
0.136655
0.166665
0.130489
0.12703
0.127811
0.142825
0.146491
0.118187
0.16195
0.140006
0.113978
0.16855
0.198034
0.155513
0.185826
0.127527
0.163533
0.103549
0.183175
0.140014
0.135155
0.172268
0.133791
0.12818
0.178614
0.163714
0.141908
0.106407
0.191513
0.163881
0.140419
0.153377
0.157995
0.165558
0.138402
0.148586
0.13516
0.130599
0.151108
0.158191
0.155248
0.15594
0.150765
0.133168
0.172442
0.0829815
0.136696
0.197386
0.125722
0.175211
0.124136
0.156609
0.132039
0.13066
0.0934918
0.148733
0.124366
0.126195
0.157992
0.121144
0.170317
0.118752
0.0824451
0.113834
0.122503
0.110084
0.139032
0.109552
0.133735
0.132156
0.116209
0.130941
0.144232
0.191453
0.163042
0.159188
0.108843
0.181243
0.17114
0.152731
0.174798
0.166319
0.164154
0.162731
0.161437
0.16525
0.163823
0.162316
0.137672
0.156334
0.154488
0.195042
0.163488
0.166031
0.153679
0.166078
0.178004
0.17424
0.154092
0.180437
0.154288
0.161666
0.159344
0.176542
0.136535
0.104293
0.150054
0.117608
0.115696
0.108376
0.0934054
0.076102
0.0769399
0.0661525
0.04875
