0.195322
0.198934
0.20067
0.197161
0.206805
0.207939
0.212872
0.218965
0.222748
0.230558
0.238753
0.241401
0.243402
0.250748
0.256774
0.264662
0.269362
0.268773
0.265634
0.270799
0.270597
0.267004
0.267992
0.274859
0.282143
0.291363
0.299715
0.310515
0.313406
0.320291
0.324132
0.331341
0.339022
0.340563
0.347511
0.347448
0.355516
0.353832
0.349385
0.347149
0.333484
0.322313
0.33143
0.340521
0.35749
0.364057
0.381913
0.386373
0.390351
0.391377
0.386415
0.350811
0.327645
0.324288
0.324473
0.324122
0.352213
0.416478
0.425464
0.414151
0.381181
0.333933
0.270902
0.240286
0.222668
0.198605
0.194899
0.202521
0.187899
0.173518
0.163753
0.162432
0.161829
0.157588
0.158015
0.158253
0.165882
0.164466
0.163237
0.172141
0.178921
0.182343
0.181436
0.185239
0.182685
0.182203
0.191819
0.192842
0.199313
0.20655
0.216417
0.22598
0.233195
0.248195
0.269752
0.290043
0.317838
0.335485
0.35473
0.368789
0.368571
0.366517
0.354482
0.335583
0.297202
0.265906
0.254401
0.250854
0.253559
0.261476
0.26519
0.27148
0.274505
0.273797
0.273569
0.271442
0.266011
0.257768
0.25206
0.244028
0.261855
0.260959
0.269203
0.2716
0.290882
0.297705
0.299514
0.308441
0.310895
0.320021
0.323602
0.326742
0.329089
0.326738
0.325299
0.327877
0.344026
0.350559
0.352147
0.337012
0.310708
0.300828
0.277778
0.273727
0.269467
0.284325
0.316735
0.314423
0.330672
0.341701
0.350906
0.361525
0.371552
0.380615
0.389625
0.394305
0.397582
0.403763
0.398706
0.400135
0.405156
0.410463
0.411907
0.397463
0.3663
0.308612
0.238469
0.187272
0.168548
0.156713
0.147485
0.144188
0.145941
0.144912
0.151086
0.160554
0.160259
0.165192
0.174265
0.180443
0.195882
0.198708
0.202785
0.19978
0.199776
0.198069
0.192134
0.180811
0.181245
0.17588
0.1794
0.174608
0.183133
0.183963
0.184402
0.189801
0.194842
0.196452
0.189065
0.178489
0.176235
0.161559
0.162948
0.152957
0.149079
0.162527
0.177972
0.181828
0.182388
0.196156
0.204086
0.209932
0.223461
0.224932
0.230615
0.234552
0.237831
0.241171
0.2454
0.252028
0.257243
0.252603
0.256099
0.249185
0.222479
0.215568
0.200678
0.203751
0.210848
0.207349
0.213903
0.221321
0.219646
0.236611
0.240985
0.253232
0.259988
0.265106
0.291547
0.292832
0.295639
0.304765
0.316407
0.329761
0.327964
0.338013
0.342604
0.350028
0.355773
0.362975
0.371003
0.371285
0.378727
0.383475
0.375582
0.344283
0.29818
0.262178
0.242954
0.222864
0.222272
0.21256
0.226965
0.242591
0.241893
0.229462
0.251157
0.252075
0.271769
0.277053
0.293734
0.294426
0.297188
0.32286
0.309911
0.321703
0.330625
0.329299
0.330889
0.317294
0.306226
0.28591
0.251313
0.211525
0.184477
0.172393
0.171583
0.184947
0.184497
0.196811
0.203089
0.2173
0.226272
0.210793
0.220161
0.217796
0.216418
0.212199
0.212652
0.219547
0.210717
0.189744
0.191104
0.184795
0.177316
0.194569
0.182438
0.189366
0.18696
0.189257
0.194653
0.202781
0.19698
0.185907
0.191222
0.172498
0.173927
0.16636
0.16786
0.172383
0.17744
0.157892
0.169242
0.184071
0.163294
0.171129
0.163021
0.153087
0.166781
0.172216
0.183426
0.181871
0.200014
0.204562
0.215182
0.223299
0.220052
0.2193
0.22728
0.230829
0.234269
0.250451
0.239559
0.241017
0.228852
0.218907
0.220389
0.227015
0.202169
0.207289
0.19599
0.178019
0.169682
0.182007
0.194647
0.195007
0.199948
0.21267
0.194102
0.189584
0.196633
0.200222
0.214319
0.205022
0.215032
0.217873
0.217725
0.233819
0.243625
0.248903
0.262657
0.280075
0.296708
0.296789
0.294086
0.31223
0.304428
0.289193
0.271309
0.241231
0.203087
0.177701
0.176954
0.179532
0.16427
0.176804
0.164989
0.174095
0.190627
0.183245
0.203022
0.201047
0.178371
0.178137
0.163756
0.16684
0.178042
0.178588
0.179755
0.166272
0.164123
0.175843
0.181327
0.176109
0.180624
0.183427
0.199656
0.201724
0.220328
0.247142
0.270495
0.303438
0.31392
0.336536
0.33614
0.325155
0.320104
0.289164
0.260014
0.248126
0.261071
0.263146
0.25113
0.258959
0.262547
0.261156
0.248329
0.249923
0.257294
0.251483
0.248399
0.256187
0.25308
0.249009
0.236246
0.228486
0.211763
0.204464
0.197779
0.207448
0.216786
0.220355
0.225318
0.229838
0.220989
0.223782
0.208032
0.204796
0.205777
0.204027
0.214428
0.19176
0.216779
0.195145
0.212617
0.215222
0.2027
0.225077
0.223654
0.22598
0.22547
0.210379
0.226845
0.24437
0.243453
0.21516
0.239515
0.236581
0.237038
0.237639
0.252176
0.233235
0.265318
0.268187
0.265926
0.27436
0.287924
0.297803
0.318441
0.34844
0.368348
0.402684
0.417307
0.432069
0.438017
0.363642
0.355842
0.288242
0.264523
0.225483
0.230555
0.256076
0.320516
0.372411
0.423478
0.499705
0.556906
0.567351
0.520144
0.428607
0.344684
0.270531
0.209227
0.185328
0.186226
0.200035
0.20195
0.205335
0.20113
0.213138
0.2123
0.219245
0.209247
0.219358
0.221993
0.23442
0.227349
0.242001
0.241526
0.248103
0.253112
0.241109
0.238194
0.217246
0.187619
0.183473
0.164636
0.180842
0.17749
0.169006
0.14811
0.152823
0.148186
0.130869
0.148941
0.154751
0.1496
0.137109
0.143374
0.159644
0.159688
0.162461
0.152717
0.157328
0.173482
0.178829
0.177781
0.188516
0.198179
0.192985
0.208053
0.193423
0.188118
0.193564
0.202038
0.192283
0.180621
0.17012
0.176989
0.169684
0.175228
0.190997
0.185496
0.19457
0.200409
0.204576
0.22566
0.224744
0.212315
0.21581
0.188429
0.195567
0.193653
0.171845
0.180426
0.169403
0.177753
0.171606
0.176977
0.190605
0.19356
0.18762
0.178254
0.197019
0.190015
0.184153
0.194531
0.211948
0.204259
0.172706
0.167932
0.19513
0.194319
0.199827
0.155442
0.153153
0.15703
0.168731
0.161736
0.135987
0.160889
0.148037
0.148678
0.14223
0.144304
0.137415
0.15567
0.126632
0.128338
0.148128
0.13089
0.13182
0.137068
0.151132
0.151318
0.13508
0.154153
0.132026
0.135221
0.141505
0.12905
0.107622
0.108721
0.127421
0.11141
0.123741
0.135479
0.138998
0.141821
0.148302
0.158153
0.160892
0.173661
0.176302
0.190101
0.1986
0.200333
0.171395
0.166041
0.140725
0.126727
0.090082
0.0963703
0.104834
0.102531
0.10227
0.12457
0.130753
0.170143
0.159894
0.171872
0.148206
0.177845
0.160713
0.154157
0.162793
0.140137
0.167604
0.158807
0.147351
0.189917
0.199965
0.170162
0.207281
0.200781
0.195786
0.186495
0.183664
0.174022
0.179821
0.183966
0.182153
0.172645
0.18804
0.158756
0.173377
0.17732
0.165553
0.169911
0.162318
0.18316
0.179631
0.18818
0.155206
0.20487
0.169416
0.178765
0.182713
0.166534
0.1626
0.150782
0.146143
0.12554
0.170653
0.124271
0.144157
0.125206
0.123652
0.106035
0.0824358
0.0919163
0.0967434
0.0913401
0.0763381
0.0885568
0.080491
0.0772285
0.0650626
0.0738976
0.0778233
0.0624046
0.0670517
0.0623551
0.0883778
0.0842719
0.078594
0.0645977
0.0705787
0.0647098
0.0638277
0.0633743
0.0540321
0.050431
0.0595125
0.0567715
0.059588
0.0688107
0.066491
0.0749647
0.0646585
0.0697805
0.0727804
0.0859083
0.0791636
0.068456
0.0685143
0.0872435
0.0768853
0.0772654
0.0677883
0.0847067
0.0773786
0.0736191
0.0820437
0.081714
0.0870984
0.0740308
0.0671638
0.0803727
0.0757175
0.0520311
0.0698795
0.0452292
0.0565067
0.0623708
0.0435036
0.0638215
0.0532991
0.0604666
0.0627417
0.0705694
0.0764496
0.0616011
0.0712293
0.0680097
0.0481013
0.0637036
0.052067
0.0511735
0.0562767
0.0455411
0.0608387
0.0660919
0.0619686
0.0364247
0.0683228
0.0914989
0.0673484
0.0833387
0.111809
0.12494
0.135281
0.131762
0.130373
0.12929
0.115335
0.11244
0.133567
0.135536
0.136995
0.127763
0.135199
0.118782
0.131684
0.138326
0.141762
0.137304
0.147957
0.156721
0.163041
0.171235
0.201323
0.183219
0.188466
0.217062
0.214881
0.236003
0.243048
0.238733
0.250819
0.225016
0.225592
0.199442
0.168715
0.151339
0.126556
0.142755
0.161025
0.137996
0.176102
0.154745
0.146363
0.158829
0.19194
0.157059
0.19125
0.186943
0.190032
0.180427
0.172819
0.17734
0.187779
0.153696
0.181775
0.215818
0.216451
0.220507
0.211973
0.241132
0.258585
0.222633
0.219766
0.218297
0.193838
0.174682
0.168707
0.163888
0.157845
0.143737
0.144915
0.117524
0.106921
0.0714467
0.070845
0.0737278
0.053534
0.05502
0.0327602
0.0323935
0.0234664
0.0205619
0.0140344
0.0167348
0.0214889
0.0211657
0.0186544
0.0275828
0.0203044
0.0197651
0.0297914
0.0222009
0.023757
0.0249174
0.0326476
0.0333361
0.026214
0.0265342
0.0208941
0.0160379
0.0138861
0.0207027
0
0.0106883
0.0131288
0.00694365
0.0129357
0.0114715
0.00592911
0.00817446
0.00258213
0.0105847
0.00934894
0.0201201
0.0114063
0.0120131
0.0198732
0.0279807
0.0207739
0.0219724
0.0223067
0.0247038
0.0203428
0.0184671
0.0153351
0.0205417
0.0179392
0.0146432
0.0191617
0.0257808
0.018198
0.0151525
0.0208471
0.0228493
0.026039
0.0234791
0.0251551
0.0251756
0.0310199
0.0378105
0.033931
0.0260629
0.0287104
0.0272037
0.025139
0.0272811
0.0326813
0.039173
0.0277713
0.0314277
0.0318185
0.0341041
0.0364926
0.0291466
0.0371606
0.0346595
0.0354928
0.0365241
0.0327772
0.0412699
0.0419607
0.0378741
0.0336716
0.0331362
0.0355854
0.0333617
0.0287146
0.0360753
0.0312475
0.0318274
0.0327089
0.0332632
0.0382117
0.0355007
0.0345781
0.0342156
0.0282196
0.0327882
0.0382014
0.0392492
0.037777
0.0467611
0.051673
0.0554641
0.0555824
0.0571379
0.0661467
0.0653274
0.0634979
0.0656405
0.0595796
0.0673398
0.0646835
0.0724404
0.0671989
0.0721133
0.0774057
0.0783209
0.0738662
0.0743337
0.0831779
0.0751644
0.0820264
0.0876856
0.0894942
0.0926398
0.097509
0.10276
0.113166
0.108795
0.106835
0.108627
0.111946
0.12491
0.115681
0.113522
0.118519
0.118552
0.1217
0.111756
0.119342
0.121265
0.114069
0.105643
0.117946
0.103905
0.114657
0.124477
0.122691
0.11913
0.133518
0.135384
0.140499
0.114413
0.117569
0.102479
0.0972806
0.0853567
0.0963671
0.10436
0.0969159
0.099559
0.102366
0.0977303
0.0947352
0.0824749
0.107071
0.102612
0.0949717
0.0861397
0.102123
0.115896
0.110447
0.0894569
0.0920375
0.0994228
0.0940455
0.086887
0.0809684
0.085112
0.0761383
0.0629578
0.0545149
0.0565764
0.0647749
0.0658934
0.0551997
0.0564709
0.0483398
0.0665609
0.0506864
0.0353672
0.043961
0.0627787
0.0568144
0.0398386
0.0513818
0.0628783
0.0727482
0.0486181
0.0509889
0.0615261
0.0489969
0.0599063
0.0448203
0.0448839
0.0375317
0.0356467
0.0321983
0.0270966
0.0303448
0.0193588
0.0192778
0.0130815
0.0209257
0.0237086
0.029209
0.0238822
0.0277693
0.0122654
0.0171953
0.0217412
0.0165733
0.0255372
0.0229687
0.0227332
0.0286319
0.0382645
0.0476141
0.0400895
0.044978
0.065729
0.0542021
0.0401556
0.0489423
0.0524511
0.0476255
0.0504424
0.0402842
0.0329451
0.0202136
0.0293066
0.0219884
0.0291011
0.0268813
0.021026
0.0262801
0.0180707
0.0238773
0.0267125
0.0277371
0.0149351
0.030594
0.0171721
0.0132119
0.0270009
0.0257356
0.030677
0.0379788
0.0220101
0.0268025
0.0209146
0.0250362
0.0473132
0.0313277
0.0315071
0.0263155
0.020207
0.0267531
0.014286
0.024638
0.0169376
0.0207398
0.0182284
0.0152532
0.0209572
0.0212399
0.023634
0.0262578
0.0158751
0.0242313
0.0199127
0.0267059
0.0229715
0.0300579
0.0296885
0.028176
0.0292206
0.0376744
0.0382465
0.048136
0.046021
0.0479067
0.0332847
0.0462762
0.023637
0.0285729
0.0284157
0.0363268
0.0418773
0.0300031
0.0256305
0.0262281
0.0170664
0.0334854
0.0278607
0.0262014
0.0289845
0.0341488
0.0274255
0.0287551
0.0224733
0.0276906
0.0274883
0.0252098
0.0316599
0.0356645
0.0295632
0.0373633
0.04099
0.0377285
0.0474931
0.0505161
0.0496012
0.0460156
0.0540474
0.0453789
0.0562182
0.0520994
0.051219
0.0537959
0.0470061
0.043523
0.0443291
0.051274
0.0497719
0.0489357
0.0492038
0.0463108
0.0483024
0.0518217
0.0497974
0.055104
0.0483364
0.0541171
0.056846
0.0529909
0.0561045
0.0615488
0.0630914
0.0690322
0.0687775
0.0781669
0.0915568
0.123547
0.20741
0.414956
0.650018
0.768749
0.79181
0.755692
0.63735
0.405143
0.199499
0.126974
0.105054
0.0840937
0.0838728
0.0809613
0.0790243
0.0722317
0.0816467
0.0748265
0.0769957
0.0810646
0.0735396
0.0721149
0.0743562
0.0773743
0.074949
0.0721556
0.0747661
0.0724527
0.0787702
0.0640703
0.0701512
0.0688833
0.0664342
0.065006
0.0596683
0.0591776
0.0694028
0.0592989
0.0716684
0.0627365
0.0658306
0.0636603
0.0709466
0.0580144
0.0608298
0.0669575
0.0622226
0.072745
0.0661809
0.069545
0.0717638
0.0711984
0.0711935
0.0721703
0.0722578
0.0732768
0.070548
0.0748219
0.0766659
0.0709189
0.0721549
0.0751227
0.0711766
0.0721183
0.0752095
0.0767233
0.0658969
0.0772235
0.0633473
0.06337
0.0745339
0.0644087
0.0734069
0.077428
0.0561814
0.05756
0.0631048
0.0683115
0.060946
0.0669584
0.0699352
0.0642308
0.0610511
0.0687757
0.0680128
0.0611656
0.0715158
0.0738657
0.0626586
0.0692799
0.0674216
0.0713589
0.0620475
0.0736245
0.0763013
0.0741527
0.0674815
0.0736099
0.067949
0.0720226
0.0772024
0.068421
0.0745767
0.0761846
0.0745065
0.0728338
0.0754776
0.0707146
0.0741881
0.0895258
0.0832761
0.104477
0.0807614
0.0796219
0.0844136
0.0894855
0.0972485
0.0840476
0.0960247
0.0966238
0.0987706
0.0879818
0.0893604
0.0831098
0.0947645
0.104486
0.0894227
0.104463
0.0893296
0.0855407
0.102495
0.105247
0.0783672
0.0916369
0.0910478
0.0936172
0.0850862
0.0926331
0.0889252
0.0791572
0.0937931
0.108699
0.101861
0.0912421
0.0780042
0.0769052
0.0900993
0.0843239
0.0767437
0.0890365
0.110418
0.111226
0.106922
0.0860826
0.102678
0.102685
0.0973041
0.122023
0.122335
0.0934703
0.108888
0.104084
0.116903
0.102111
0.112156
0.0851768
0.124784
0.13161
0.130767
0.102912
0.107046
0.152813
0.130487
0.0959929
0.117584
0.149752
0.157554
0.15942
0.166277
0.162506
0.148187
0.155674
0.128275
0.136287
0.104131
0.114578
0.0920833
0.0879358
0.129818
0.126245
0.12079
0.129699
0.10132
0.0726758
0.0920112
0.106745
0.0921536
0.115215
0.111798
0.110602
0.0851873
0.106237
0.105463
0.0943073
0.104085
0.109166
0.137333
0.0798604
0.124537
0.102329
0.117567
0.0871566
0.112413
0.0961775
0.0767615
0.0962477
0.0872444
0.110725
0.0919312
0.108266
0.145109
0.139216
0.135051
0.134619
0.143699
0.129815
0.114915
0.11347
0.0957829
0.0907429
0.07152
0.0743131
0.0830703
0.0955586
0.0705513
0.0702222
0.0798843
0.0737809
0.0716108
0.0803236
0.0939634
0.0839826
0.0895667
0.072211
0.0767812
0.107993
0.0995195
0.113576
0.116493
0.136107
0.142469
0.149978
0.152589
0.166239
0.169844
0.19226
0.20146
0.218098
0.244132
0.261217
0.249394
0.245044
0.208821
0.136221
0.0995087
0.0763545
0.0985601
0.0897533
0.0874987
0.0743231
0.093986
0.0847264
0.0745464
0.0736214
0.0818784
0.0769284
0.0828521
0.0708615
0.0613172
0.077184
0.0701834
0.0660584
0.0621154
0.0788715
0.0811464
0.0785305
0.070542
0.0778792
0.0641055
0.0675438
0.0679577
0.0546781
0.0619715
0.0667953
0.0668116
0.0675441
0.0629352
0.0761834
0.0779543
0.079826
0.0779744
0.0824257
0.0788492
0.0750269
0.0739534
0.0863537
0.0677104
0.0795394
0.0657558
0.0663408
0.0764123
0.0782892
0.0787928
0.0647403
0.0772462
0.0758771
0.0783101
0.0691067
0.0701203
0.0725623
0.0561958
0.0698728
0.0620478
0.0629215
0.0603388
0.0672543
0.0542753
0.0581096
0.0668311
0.0690523
0.0644381
0.0588935
0.0669525
0.0689785
0.0635472
0.0703433
0.0604961
0.059779
0.0710666
0.0689784
0.0628768
0.065396
0.0702639
0.0678883
0.0647493
0.0645326
0.0616594
0.0634938
0.0670388
0.0626728
0.0586318
0.0682358
0.066367
0.0669735
0.0716096
0.0714964
0.0729575
0.0677228
0.0724222
0.067543
0.0781
0.0735698
0.0803386
0.0711538
0.0760239
0.0824746
0.0905328
0.0920578
0.0931626
0.111637
0.104491
0.102685
0.10717
0.108534
0.1281
0.130498
0.120051
0.116419
0.110645
0.0901301
0.0815738
0.0612313
0.0681946
0.057703
0.0594149
0.0667249
0.0631033
0.0621388
0.0642002
0.0679141
0.0668042
0.0621917
0.0662074
0.0561781
0.0680742
0.0730526
0.0719058
0.0705757
0.0751355
0.072648
0.0815096
0.0899737
0.091601
0.0907497
0.0928802
0.102375
0.103748
0.105913
0.115424
0.129585
0.136282
0.147789
0.158776
0.162783
0.172109
0.177917
0.171558
0.170041
0.158455
0.149582
0.13052
0.119053
0.115728
0.101239
0.0803398
0.0827733
0.0768934
0.089821
0.0923585
0.0833374
0.0882309
0.0867564
0.0810785
0.0857983
0.0924913
0.0862479
0.0955245
0.0991651
0.106263
0.107018
0.106238
0.114677
0.112512
0.110648
0.120643
0.119794
0.126657
0.127703
0.131217
0.138723
0.142253
0.154256
0.164161
0.16798
0.179989
0.194348
0.206162
0.208779
0.210547
0.199705
0.199211
0.174514
0.16248
0.154656
0.135713
0.126535
0.114422
0.116712
0.103385
0.107052
0.104733
0.108881
0.116804
0.0970986
0.0979278
0.106316
0.115752
0.0971298
0.0938631
0.0854411
0.0964449
0.0883084
0.0927526
0.0947521
0.0831392
0.072981
0.0773311
0.0746437
0.0896253
0.083554
0.0835958
0.0774081
0.0879064
0.0792159
0.0847119
0.0888883
0.0867242
0.0894759
0.0848279
0.075713
0.0896944
0.0803943
0.086343
0.0911929
0.0879
0.0919975
0.0925102
0.0888174
0.0939198
0.0822077
0.0932392
0.0884632
0.0843204
0.0855509
0.0881913
0.0954574
0.0919604
0.101218
0.0960189
0.0893119
0.0993674
0.0916125
0.0825458
0.0855728
0.100179
0.0947199
0.0830462
0.0956344
0.0812567
0.0827389
0.0802883
0.0796091
0.083164
0.0736771
0.0774702
0.0782941
0.084627
0.0881955
0.102548
0.0999602
0.102899
0.119978
0.125086
0.136761
0.142021
0.14678
0.150784
0.143213
0.143895
0.157455
0.170464
0.177917
0.183848
0.20958
0.19559
0.187962
0.194181
0.183778
0.157186
0.148367
0.156482
0.146038
0.140284
0.120072
0.115058
0.101363
0.128662
0.144566
0.122503
0.121639
0.142017
0.126258
0.146344
0.144356
0.155071
0.161445
0.176926
0.173386
0.170689
0.186504
0.181408
0.181298
0.154346
0.151556
0.153097
0.169181
0.158997
0.157687
0.141772
0.132753
0.141816
0.130056
0.12136
0.143771
0.116252
0.104647
0.143624
0.118056
0.121136
0.143566
0.150607
0.128584
0.171272
0.165791
0.164701
0.169399
0.173934
0.174931
0.194375
0.196378
0.185175
0.208675
0.21084
0.200344
0.21644
0.227906
0.215622
0.212524
0.229982
0.213834
0.224983
0.233509
0.234643
0.223478
0.229883
0.252696
0.257509
0.243029
0.24964
0.250924
0.232548
0.250436
0.223534
0.229011
0.217592
0.211891
0.194185
0.181927
0.177476
0.170259
0.145664
0.152105
0.153428
0.126815
0.14727
0.113512
0.110848
0.0995208
0.152442
0.101436
0.143154
0.113952
0.109908
0.140589
0.121784
0.149544
0.155094
0.133172
0.154742
0.164084
0.172521
0.189493
0.216535
0.222002
0.23157
0.214946
0.219119
0.243428
0.227635
0.226324
0.216191
0.248177
0.277622
0.237958
0.255862
0.303194
0.270066
0.285529
0.293871
0.304859
0.304432
0.302719
0.317624
0.287939
0.293766
0.299102
0.278541
0.296075
0.26391
0.264738
0.275977
0.254735
0.222483
0.207526
0.194583
0.160317
0.146016
0.153081
0.112114
0.0909515
0.129299
0.0988449
0.10961
0.107871
0.102666
0.105985
0.0887043
0.0948263
0.134114
0.110213
0.104497
0.088789
0.114203
0.114421
0.119034
0.104151
0.111787
0.121732
0.139632
0.144931
0.134271
0.111009
0.121807
0.124699
0.127309
0.144129
0.141512
0.119075
0.127868
0.113625
0.123194
0.116848
0.154314
0.15382
0.161247
0.125203
0.16252
0.107455
0.101833
0.128048
0.132797
0.10771
0.100989
0.146404
0.163173
0.10559
0.126184
0.162447
0.123326
0.109406
0.127132
0.141696
0.168225
0.152961
0.132669
0.128128
0.147705
0.130574
0.139776
0.14244
0.104381
0.149526
0.156875
0.117012
0.101338
0.164822
0.107938
0.139758
0.175328
0.111587
0.121536
0.145754
0.0847609
0.115152
0.0581561
0.12227
0.118727
0.177376
0.144659
0.156301
0.107022
0.118203
0.139846
0.0931313
0.0761222
0.0998158
0.137566
0.0954873
0.0869709
0.0781524
0.0931437
0.137076
0.145151
0.107897
0.134695
0.137409
0.170825
0.124642
0.138824
0.165679
0.0981489
0.151243
0.14273
0.162504
0.14429
0.17314
0.125551
0.119586
0.144217
0.160991
0.144474
0.145649
0.145727
0.16259
0.139018
0.167399
0.162458
0.14827
0.152945
0.147391
0.161538
0.130059
0.135241
0.130507
0.0561476
0.165432
0.111816
0.145046
0.0825056
0.0898113
0.104444
0.0852886
0.0719717
0.0419184
