0.143778
0.138445
0.13938
0.135681
0.142525
0.142119
0.151114
0.15557
0.155872
0.165517
0.165428
0.173679
0.170544
0.176783
0.178842
0.181208
0.182259
0.185014
0.179418
0.180118
0.181055
0.175601
0.173017
0.184817
0.189669
0.189969
0.196289
0.206185
0.210667
0.210667
0.214065
0.215908
0.221659
0.224374
0.225054
0.22441
0.228338
0.225663
0.221199
0.222157
0.209611
0.199878
0.209669
0.218995
0.227898
0.226217
0.238446
0.242098
0.245034
0.248008
0.245518
0.235168
0.221829
0.219884
0.219072
0.218915
0.236937
0.255447
0.258389
0.247375
0.231549
0.204318
0.163005
0.154534
0.146259
0.131418
0.131269
0.141999
0.128644
0.128268
0.114156
0.120213
0.12233
0.123831
0.123083
0.118959
0.128571
0.123306
0.128886
0.121497
0.133464
0.12906
0.125274
0.131693
0.133692
0.129963
0.139333
0.14002
0.143671
0.149218
0.154192
0.158842
0.159572
0.172137
0.179401
0.1898
0.195715
0.207186
0.211674
0.217423
0.222252
0.223856
0.215757
0.209199
0.188711
0.178451
0.179464
0.175445
0.179592
0.184041
0.182475
0.18694
0.19047
0.186364
0.187723
0.182926
0.17654
0.175295
0.169353
0.165481
0.171802
0.16974
0.183169
0.186492
0.188627
0.197955
0.194679
0.199343
0.203839
0.209131
0.214032
0.214878
0.217644
0.219136
0.219388
0.220477
0.222538
0.226006
0.225075
0.217228
0.198863
0.191727
0.177517
0.174645
0.174189
0.182984
0.205857
0.196982
0.204074
0.212672
0.215213
0.227471
0.234335
0.236963
0.243868
0.249625
0.245622
0.251462
0.247796
0.250655
0.253207
0.255626
0.255249
0.244758
0.225831
0.197149
0.160713
0.141011
0.128455
0.122592
0.115399
0.117176
0.121361
0.123238
0.12376
0.125854
0.130429
0.130905
0.136302
0.13519
0.137565
0.133713
0.140605
0.133338
0.14062
0.140596
0.137155
0.133234
0.132536
0.136521
0.134503
0.136441
0.138895
0.141315
0.139864
0.147776
0.14646
0.139535
0.134388
0.128465
0.122364
0.119088
0.11849
0.106448
0.107435
0.113467
0.122435
0.123546
0.128401
0.131332
0.139973
0.14947
0.15677
0.156594
0.161004
0.16446
0.16359
0.166902
0.168965
0.175557
0.180555
0.172696
0.176473
0.168229
0.143241
0.135302
0.131941
0.138505
0.135007
0.136559
0.133161
0.138297
0.136656
0.147778
0.152421
0.163137
0.165576
0.169278
0.179322
0.184769
0.191033
0.192571
0.204544
0.20833
0.209939
0.215926
0.217963
0.218216
0.2208
0.226996
0.22849
0.228304
0.229895
0.224313
0.213674
0.210795
0.18235
0.159014
0.15446
0.148106
0.142896
0.138115
0.139762
0.138047
0.156164
0.154599
0.164319
0.157588
0.17366
0.1763
0.192676
0.179983
0.192646
0.206881
0.202371
0.210704
0.21419
0.211337
0.215109
0.210171
0.204295
0.193331
0.171656
0.153508
0.13431
0.136914
0.130322
0.131337
0.139677
0.129677
0.137063
0.132918
0.154019
0.13074
0.14126
0.140208
0.138391
0.141596
0.143681
0.147955
0.140167
0.127222
0.138365
0.136579
0.13483
0.139432
0.135008
0.136368
0.136208
0.139348
0.146959
0.146942
0.139163
0.130971
0.116953
0.121151
0.120026
0.09474
0.10392
0.106102
0.116082
0.110159
0.109076
0.124146
0.116695
0.111269
0.109841
0.111803
0.107189
0.118794
0.117135
0.133591
0.135594
0.149269
0.155304
0.151782
0.154536
0.151707
0.157631
0.160589
0.161416
0.167012
0.163314
0.159894
0.145259
0.140277
0.122476
0.131111
0.123354
0.125355
0.116718
0.108313
0.116511
0.121408
0.129918
0.114483
0.126032
0.123995
0.115046
0.113312
0.119254
0.127074
0.13321
0.138793
0.138314
0.142765
0.143669
0.167098
0.15407
0.171
0.168503
0.182455
0.197415
0.197822
0.183227
0.192176
0.188711
0.179556
0.168647
0.14242
0.138816
0.119857
0.117443
0.107234
0.113792
0.115263
0.100284
0.11226
0.120111
0.111209
0.124534
0.132666
0.105642
0.118904
0.0989088
0.121926
0.116822
0.125844
0.123253
0.122756
0.122689
0.129487
0.135811
0.128475
0.140131
0.13973
0.137258
0.144637
0.153891
0.17076
0.178469
0.196256
0.196355
0.204382
0.203163
0.199877
0.19048
0.182281
0.162411
0.158494
0.158328
0.153824
0.150665
0.142072
0.160182
0.16548
0.151513
0.150302
0.151901
0.166569
0.158659
0.161659
0.160556
0.170101
0.156786
0.149931
0.147834
0.145743
0.143978
0.1419
0.152447
0.141557
0.14531
0.130883
0.129291
0.133568
0.131177
0.12825
0.1258
0.116467
0.136125
0.12389
0.131627
0.144123
0.118216
0.141702
0.135374
0.133208
0.138374
0.138933
0.130819
0.149899
0.130222
0.148952
0.157812
0.143017
0.152197
0.158793
0.147201
0.156422
0.161955
0.155008
0.180771
0.17431
0.171278
0.175877
0.182339
0.189662
0.193372
0.194009
0.207147
0.214382
0.230222
0.226657
0.234497
0.206007
0.191312
0.157462
0.174478
0.138706
0.161693
0.168763
0.216396
0.267552
0.323252
0.372688
0.405319
0.421803
0.368126
0.317566
0.250795
0.185821
0.143669
0.125599
0.127768
0.105244
0.129149
0.116842
0.127487
0.136174
0.150408
0.141392
0.128036
0.148877
0.151162
0.151327
0.158826
0.146934
0.156099
0.153002
0.157719
0.169713
0.148787
0.12494
0.116181
0.115614
0.0995054
0.0980177
0.120055
0.108775
0.107879
0.0929189
0.0990672
0.083519
0.107737
0.0995357
0.106905
0.104659
0.112002
0.110287
0.107341
0.118115
0.119819
0.111942
0.117556
0.120683
0.125859
0.124025
0.115403
0.118236
0.124514
0.121732
0.098388
0.116407
0.114143
0.122254
0.11204
0.0957953
0.104968
0.104882
0.113513
0.117096
0.116958
0.133237
0.146789
0.124194
0.140005
0.127942
0.138715
0.140477
0.120415
0.0918748
0.122959
0.116871
0.105836
0.105598
0.119071
0.119794
0.12202
0.112554
0.127545
0.130522
0.120992
0.159894
0.138033
0.121661
0.135894
0.13281
0.108621
0.118915
0.13464
0.115307
0.112486
0.120366
0.112654
0.0987133
0.0887079
0.0867814
0.102191
0.0994508
0.112456
0.102777
0.112338
0.084113
0.0833602
0.0670982
0.099049
0.0778993
0.0936283
0.0980477
0.0814254
0.0784772
0.0876136
0.0910045
0.0829259
0.084304
0.0898316
0.0808378
0.0984202
0.0963443
0.087578
0.0948361
0.0760867
0.0862177
0.0707686
0.0832155
0.0876098
0.100907
0.0909571
0.0884114
0.0929835
0.0931755
0.109734
0.104044
0.128287
0.0978538
0.111322
0.112238
0.0999909
0.0887287
0.0835963
0.0586329
0.0801662
0.0731215
0.0592299
0.0537787
0.074496
0.0896695
0.0920047
0.105247
0.108402
0.0874659
0.121238
0.102208
0.08603
0.104462
0.0873978
0.093136
0.096541
0.0974553
0.118253
0.120201
0.125648
0.135482
0.105539
0.129472
0.1107
0.107589
0.100441
0.0960199
0.11804
0.112772
0.10342
0.115994
0.10372
0.110387
0.131484
0.0996017
0.0964642
0.0949571
0.094774
0.121081
0.117778
0.10883
0.124181
0.120687
0.117395
0.115003
0.0891207
0.0998784
0.107767
0.106435
0.0945088
0.109325
0.0843136
0.0879481
0.087795
0.0819188
0.0693914
0.067886
0.0570012
0.0673435
0.0736323
0.056676
0.0658242
0.0616628
0.0480261
0.0441781
0.0376167
0.0503554
0.0440513
0.0453984
0.0508186
0.0696823
0.0585185
0.048163
0.0399978
0.0377731
0.0443179
0.0454519
0.0440937
0.0465752
0.0326116
0.0428889
0.046205
0.0373463
0.0519139
0.049674
0.0504983
0.045963
0.0566454
0.044775
0.0497841
0.0405598
0.0432319
0.0417797
0.0513875
0.0556316
0.041747
0.0392972
0.0564743
0.0471207
0.0598731
0.0527878
0.0551414
0.0445263
0.0511526
0.0564387
0.0525821
0.0575551
0.0380909
0.0524833
0.0360827
0.0351707
0.0328419
0.049723
0.0476634
0.0329976
0.0378831
0.044102
0.0486517
0.0430128
0.0394676
0.0475757
0.0460175
0.0309421
0.0469375
0.0369126
0.0313251
0.0354859
0.0348663
0.0454251
0.0552718
0.0387832
0.0225403
0.0555986
0.0585139
0.0483585
0.0589757
0.0640295
0.0711711
0.0832929
0.08035
0.0752074
0.0809411
0.0779395
0.0722635
0.0851662
0.0989486
0.0988798
0.0700153
0.0875697
0.0717864
0.0808856
0.100851
0.0823635
0.076067
0.0956832
0.10666
0.094925
0.0916576
0.103326
0.119832
0.123812
0.124914
0.119313
0.132945
0.115453
0.127927
0.144246
0.124854
0.123206
0.0972299
0.0959028
0.0857875
0.0865924
0.0856025
0.0909018
0.0933539
0.105931
0.0931942
0.0804243
0.0928606
0.0996504
0.0905507
0.132136
0.133667
0.112285
0.122525
0.0986737
0.104204
0.102721
0.101244
0.104237
0.144377
0.130889
0.132891
0.127278
0.134433
0.157662
0.139929
0.133506
0.132596
0.114178
0.0980108
0.109743
0.090933
0.0881573
0.0934769
0.0717323
0.077195
0.0648678
0.0622616
0.046534
0.0405776
0.0352746
0.0413163
0.0258225
0.0287579
0.0205979
0.025233
0.0150628
0.0209069
0.0200337
0.0211157
0.0237491
0.029965
0.0236692
0.0182732
0.0220887
0.0188816
0.0226657
0.0232117
0.0283492
0.0332132
0.0252714
0.024747
0.0220017
0.0116721
0.0141326
0.015275
0.00734484
0.00991222
0.014585
0.0117257
0.0134331
0.00964756
0.0123077
0.0129953
0.00572446
0.009667
0.0101114
0.0137428
0.0123529
0.0183868
0.0181511
0.0259487
0.0190715
0.0199007
0.0154928
0.0188265
0.0109578
0.0127868
0.0114644
0.0205649
0.015245
0.0202268
0.0159516
0.0150553
0.0119262
0.0150948
0.0164322
0.022323
0.0147204
0.0172226
0.0266928
0.0215541
0.0208688
0.0303527
0.018611
0.022466
0.0242875
0.0223128
0.0253807
0.0160688
0.0229195
0.0271052
0.024973
0.0197669
0.020029
0.0222426
0.0256563
0.0204827
0.0239818
0.0179914
0.0258353
0.0181734
0.021007
0.0270733
0.0277121
0.0247044
0.0302144
0.0185231
0.0176948
0.0211368
0.0179795
0.0252926
0.0257021
0.0181814
0.0230751
0.0204009
0.0277466
0.0206075
0.0232148
0.021016
0.0258518
0.0186984
0.0303608
0.0233566
0.0282916
0.0267024
0.0316979
0.0337613
0.034374
0.0310462
0.0431531
0.0386053
0.0357506
0.0333227
0.0351067
0.0280284
0.0342741
0.0393723
0.0475521
0.0401197
0.0540494
0.0443718
0.0396954
0.0414162
0.0515382
0.0473117
0.0568853
0.0566143
0.0566504
0.0506269
0.0549573
0.0659096
0.0697733
0.0544957
0.0602395
0.0700302
0.0650879
0.072871
0.0789584
0.0599335
0.0619163
0.0718209
0.0635499
0.0649292
0.071143
0.0723245
0.0665215
0.0605565
0.066612
0.0611647
0.0683203
0.0719972
0.0650038
0.0721798
0.0879878
0.0789018
0.0880758
0.0652367
0.0652206
0.0596751
0.0562946
0.0581958
0.0621807
0.0684535
0.0547188
0.06077
0.0627111
0.0508033
0.0630357
0.0400202
0.0706988
0.0600155
0.0575338
0.0739492
0.060981
0.0680075
0.0582393
0.0677904
0.0488433
0.0725391
0.0559614
0.0486443
0.0433986
0.0592158
0.0490613
0.0406099
0.030792
0.030988
0.0464643
0.0525569
0.0365586
0.041696
0.0360154
0.0418065
0.0285326
0.0341703
0.0339242
0.0471791
0.0479589
0.0435628
0.0346662
0.0324258
0.0552448
0.0347445
0.0373041
0.0393143
0.0286449
0.0326701
0.0441936
0.034698
0.0294423
0.0235699
0.0278119
0.0215565
0.0229771
0.00711568
0.0236437
0.0191331
0.010786
0.0198974
0.00844546
0.0183879
0.017301
0.00862619
0.00865582
0.0286215
0.0195641
0.0238745
0.0182034
0.0257606
0.0197557
0.0189252
0.0241033
0.0227831
0.0321797
0.0390096
0.0254921
0.0399298
0.0272694
0.0435407
0.0305147
0.0298052
0.0301147
0.0234454
0.0178833
0.0200072
0.0136816
0.0151726
0.0198961
0.0184055
0.0157564
0.0133359
0.0147213
0.0147506
0.0247938
0.0193992
0.0214002
0.0169796
0.00997475
0.0159778
0.022548
0.0229724
0.02392
0.0121715
0.0254573
0.0107419
0.0163422
0.0326228
0.011671
0.022172
0.0262565
0.0211387
0.0188217
0.0118924
0.011325
0.0114743
0.0132008
0.0254086
0.0138361
0.00949751
0.0230659
0.0205947
0.0184512
0.0173194
0.0203062
0.0204807
0.0190603
0.0224965
0.0166789
0.0119914
0.0278228
0.0247782
0.0302891
0.0326517
0.0308427
0.0439248
0.0351601
0.0235381
0.034399
0.0261796
0.0183853
0.0177532
0.0257986
0.0248943
0.0171312
0.018255
0.0217693
0.0219071
0.0196246
0.0135942
0.0198338
0.0211415
0.022629
0.0178355
0.0146783
0.013583
0.0192855
0.0194076
0.0131115
0.0262706
0.0312497
0.0202308
0.024149
0.027527
0.0195533
0.0320908
0.034894
0.0240282
0.023916
0.0247575
0.0326796
0.0308674
0.0400032
0.0386831
0.0302703
0.0329772
0.0311008
0.0371931
0.0368156
0.0377897
0.0284753
0.033818
0.0374893
0.032639
0.0324662
0.0400391
0.0286393
0.0320382
0.0326913
0.0357277
0.0348964
0.0385759
0.0384002
0.0363472
0.0413779
0.0462966
0.0483153
0.0590441
0.0797993
0.151248
0.311538
0.49443
0.585946
0.616228
0.58413
0.491525
0.306096
0.144679
0.0919286
0.0636045
0.0523112
0.0552633
0.0517462
0.0437829
0.042961
0.0494519
0.0433329
0.0437424
0.0459771
0.0507369
0.043502
0.0423032
0.0442815
0.0415747
0.0446339
0.0445415
0.0444172
0.0474976
0.0398147
0.0387532
0.0395468
0.0422668
0.0449042
0.0372947
0.0393205
0.0441523
0.0351205
0.0424495
0.0456768
0.0460447
0.03784
0.0498303
0.0389729
0.0420238
0.0432348
0.0413653
0.0479939
0.0403554
0.0446983
0.0470103
0.0418184
0.0514752
0.0446299
0.0450439
0.0454249
0.0442927
0.0449364
0.0463187
0.040329
0.0463624
0.0467526
0.0501178
0.0432937
0.0464751
0.0489728
0.0439388
0.0425145
0.0384609
0.0409548
0.0482074
0.0302567
0.0367645
0.0460965
0.0399104
0.0390057
0.041675
0.0562707
0.0412768
0.0439692
0.0392211
0.0471851
0.0389623
0.0512778
0.0397235
0.0343915
0.0546731
0.0403565
0.0348729
0.041618
0.0423522
0.0425276
0.0375398
0.0444252
0.0483248
0.0428075
0.0377385
0.0416277
0.0369456
0.0411992
0.0400029
0.0387211
0.0376782
0.0439023
0.0396557
0.0452261
0.0582414
0.0420116
0.0350282
0.0469505
0.0576263
0.0694115
0.0372735
0.069876
0.047861
0.0488212
0.0435239
0.0430897
0.0685909
0.0620578
0.0548
0.0489969
0.0577812
0.0603207
0.0489487
0.0482317
0.0555726
0.0594342
0.0573167
0.0500424
0.0615093
0.0638375
0.0475043
0.055218
0.060825
0.0617393
0.0435355
0.0570924
0.0496445
0.044733
0.0478197
0.0495352
0.0460736
0.0769403
0.0439102
0.0481588
0.0588877
0.0427824
0.0516739
0.0576739
0.0563926
0.0717009
0.0729861
0.0701056
0.0702245
0.0448051
0.0571161
0.0598009
0.0629727
0.0582254
0.0631119
0.0901064
0.0793012
0.0798103
0.0691243
0.0673352
0.0869603
0.0652495
0.080123
0.0828237
0.0814154
0.0962012
0.0691233
0.0821704
0.0680122
0.0814402
0.0760528
0.0854135
0.100882
0.110434
0.0713831
0.0599774
0.0928192
0.0776159
0.0562878
0.0955815
0.06965
0.0454353
0.0809215
0.0476883
0.0502886
0.077213
0.0551583
0.0456365
0.0606948
0.0883883
0.0444229
0.0613276
0.0877058
0.0834328
0.0546199
0.0670676
0.0496056
0.0452702
0.0525899
0.0668323
0.0759658
0.0461754
0.0715055
0.0826825
0.0723398
0.0614162
0.0741887
0.0446783
0.0546233
0.0761239
0.0583073
0.0852505
0.0630372
0.0775977
0.104292
0.0925855
0.0726243
0.110499
0.0733423
0.0778083
0.0814483
0.0845983
0.0589377
0.0591121
0.0441072
0.0430808
0.0526923
0.0438741
0.0494643
0.0515548
0.0246193
0.0539432
0.0501763
0.0432631
0.0828967
0.0567028
0.0566686
0.0395279
0.0419384
0.059473
0.0650155
0.07482
0.0800474
0.0821466
0.0860936
0.0943852
0.088013
0.104797
0.105398
0.124744
0.127215
0.139626
0.164904
0.162968
0.158709
0.156385
0.135296
0.0897494
0.0617257
0.0370821
0.0691048
0.0550782
0.05126
0.0363124
0.0553127
0.0589259
0.0505962
0.0402468
0.039302
0.04625
0.0502434
0.0509638
0.02539
0.0476573
0.0242633
0.0480847
0.0366531
0.0483118
0.0374078
0.0400999
0.0454659
0.0342692
0.0369692
0.0403215
0.037291
0.0256689
0.0412259
0.0463678
0.0401758
0.043066
0.042578
0.0350588
0.0348829
0.0352247
0.0452036
0.0440076
0.0463892
0.0481346
0.0332949
0.0439429
0.0397893
0.0446468
0.0465856
0.0416811
0.0429443
0.0514673
0.0628224
0.0409413
0.0639576
0.0478011
0.0460013
0.0547288
0.0480959
0.0430458
0.0509363
0.0524943
0.0453658
0.0349335
0.050679
0.0383523
0.0288117
0.0407224
0.0448765
0.0459531
0.0440413
0.0385817
0.0396666
0.0430378
0.044574
0.0432762
0.0359175
0.0379418
0.0466663
0.0467244
0.0447674
0.0453448
0.0418739
0.0373212
0.0421353
0.038122
0.0367716
0.0361907
0.0409045
0.0393856
0.0275711
0.0418266
0.0477788
0.0441881
0.0419841
0.0496157
0.038618
0.0433507
0.039265
0.0367471
0.0517442
0.0536885
0.0557084
0.050941
0.0570252
0.0621185
0.057781
0.0713279
0.0520009
0.0713817
0.073821
0.0783234
0.0783889
0.0768417
0.0891452
0.0939666
0.0894819
0.0794251
0.0682336
0.0644923
0.0518464
0.0463294
0.0421549
0.0351422
0.0349005
0.0394257
0.0450102
0.0421594
0.0398308
0.0357731
0.0440007
0.0370983
0.0447378
0.0363562
0.0417862
0.039673
0.0510683
0.0493642
0.0408234
0.046151
0.0519981
0.0527241
0.0615428
0.0546943
0.0567277
0.0630652
0.0641983
0.075038
0.0797571
0.0893778
0.0853332
0.0983017
0.103921
0.108117
0.110546
0.122749
0.112233
0.111702
0.102536
0.0892464
0.0872602
0.0690677
0.0691745
0.058506
0.0441799
0.0586022
0.0555
0.0591731
0.059159
0.055403
0.0597811
0.0593089
0.0490163
0.0496267
0.058189
0.0535323
0.0660993
0.0582537
0.0622087
0.0607774
0.0673417
0.0657217
0.0691425
0.0692132
0.0832816
0.0731389
0.0812902
0.0768559
0.0784783
0.0887234
0.0874292
0.0944505
0.102764
0.104544
0.113752
0.110814
0.122887
0.125951
0.128393
0.12225
0.11765
0.10653
0.102842
0.087856
0.0808823
0.0753277
0.0615016
0.0635782
0.062826
0.0587707
0.0654977
0.0639049
0.0688988
0.0637114
0.066297
0.06024
0.065557
0.0517174
0.0549578
0.0548266
0.0616776
0.0390604
0.0522049
0.0369651
0.0478754
0.0406369
0.0498981
0.0381693
0.0571078
0.0434375
0.0472238
0.0415825
0.0471343
0.0582442
0.0517288
0.0478162
0.0585458
0.0543127
0.0497502
0.0440399
0.0473974
0.0489947
0.0450257
0.0572386
0.0524794
0.0525987
0.0521875
0.0501693
0.0596365
0.0464954
0.0476624
0.0494853
0.0512533
0.0488345
0.0546886
0.0526073
0.0515264
0.0520703
0.056589
0.0480363
0.0553834
0.0514675
0.0422548
0.0488897
0.0547581
0.0529937
0.0608404
0.0656211
0.0704294
0.0727158
0.0695324
0.0662883
0.0746335
0.0694827
0.0794374
0.0718047
0.0663276
0.0780925
0.0888538
0.0824645
0.0704496
0.0986304
0.0864196
0.0787575
0.0973178
0.0887685
0.0898481
0.0961651
0.104548
0.116692
0.098048
0.0921791
0.136279
0.131642
0.12843
0.111605
0.125714
0.104312
0.0889109
0.0809988
0.0996273
0.0743472
0.101753
0.0762844
0.0764508
0.0704631
0.0817956
0.0947597
0.0628739
0.0849501
0.10411
0.0973875
0.107892
0.108529
0.1
0.12039
0.124056
0.121553
0.132165
0.136907
0.126551
0.13967
0.117239
0.0963866
0.0995263
0.121519
0.12739
0.108802
0.103758
0.0875561
0.0924334
0.0628688
0.0790983
0.0813626
0.0592056
0.0756866
0.109295
0.0988984
0.109757
0.0977886
0.056439
0.0861291
0.119658
0.115962
0.112469
0.114984
0.120964
0.132579
0.127064
0.130555
0.123476
0.122331
0.150369
0.127017
0.146502
0.166936
0.138429
0.139059
0.152338
0.153293
0.161597
0.144961
0.156814
0.160125
0.147049
0.170677
0.178964
0.17085
0.162851
0.168307
0.163047
0.170159
0.148496
0.148141
0.140463
0.134849
0.13219
0.123215
0.116804
0.13073
0.0814684
0.0881453
0.102882
0.100126
0.0916484
0.0837341
0.0599146
0.0535105
0.0649724
0.0833662
0.0853602
0.0850652
0.0836861
0.0984646
0.0746952
0.0693539
0.0780175
0.0538621
0.119184
0.113723
0.127105
0.109916
0.122707
0.113724
0.15417
0.130271
0.150166
0.170807
0.145174
0.132605
0.156394
0.149935
0.13753
0.161552
0.170499
0.187807
0.165481
0.20483
0.173182
0.194543
0.194923
0.189214
0.20529
0.178942
0.206206
0.215367
0.185974
0.175965
0.164215
0.173487
0.201351
0.14161
0.147375
0.133473
0.141984
0.070737
0.0831665
0.0527421
0.108037
0.0533814
0.100813
0.0821315
0.0822615
0.115168
0.0467572
0.0629796
0.0380983
0.088142
0.100022
0.091222
0.0846772
0.0493494
0.108077
0.0961237
0.117065
0.0793743
0.0739363
0.0842858
0.091035
0.0916214
0.0612845
0.0924623
0.109781
0.0913494
0.142685
0.0912323
0.099939
0.100486
0.102539
0.0605028
0.0797455
0.0952769
0.0484989
0.118899
0.0970938
0.0839758
0.0498112
0.129792
0.114526
0.12959
0.125612
0.101414
0.0979938
0.11285
0.0771583
0.078648
0.0737469
0.1206
0.11817
0.0676015
0.112551
0.103389
0.103944
0.0892965
0.127952
0.113561
0.108074
0.111735
0.108071
0.0973772
0.0848844
0.0842505
0.11021
0.117857
0.0995487
0.122848
0.174694
0.127184
0.0996255
0.0615501
0.0800891
0.116178
0.0946232
0.0689523
0.072568
0.051069
0.0464926
0.0520822
0.0634615
0.106205
0.0712483
0.0382253
0.103107
0.0820294
0.0942595
0
0.085291
0.100501
0.0632201
0.0911164
0.0743593
0.0915086
0.119512
0.0668333
0.0575164
0.0680703
0.107504
0.0974529
0.105253
0.100618
0.0758932
0.0560245
0.101907
0.11191
0.10701
0.102091
0.0758143
0.0779283
0.117234
0.130255
0.108966
0.0816191
0.117329
0.114326
0.108794
0.0995382
0.1016
0.0744766
0.119608
0.111958
0.11279
0.0884211
0.100378
0.0960467
0.0732956
0.111311
0.0661103
0.122687
0.0807327
0.109664
0.103822
0.0856839
0.0674878
0.0504099
