0.128783
0.140019
0.139526
0.130594
0.120923
0.131592
0.126752
0.124791
0.124674
0.135126
0.134507
0.139157
0.141043
0.145697
0.151584
0.151049
0.157117
0.164972
0.16149
0.157049
0.156888
0.138405
0.140399
0.130987
0.135355
0.134713
0.142938
0.137646
0.144047
0.148393
0.150014
0.151513
0.157421
0.160285
0.166658
0.169888
0.174952
0.176273
0.171569
0.164414
0.146222
0.136696
0.145774
0.141061
0.14215
0.143993
0.142396
0.147005
0.145592
0.1498
0.154962
0.16155
0.167332
0.168246
0.168404
0.168696
0.175162
0.174026
0.176948
0.172203
0.170356
0.144352
0.121952
0.12589
0.122122
0.11047
0.1206
0.124302
0.113783
0.116271
0.127784
0.120205
0.12062
0.121007
0.13839
0.132871
0.124653
0.135074
0.130733
0.126392
0.119481
0.117104
0.102697
0.112763
0.109759
0.114471
0.120582
0.123558
0.125262
0.13101
0.133146
0.136036
0.138008
0.140492
0.138657
0.133142
0.119587
0.112558
0.113283
0.115648
0.119122
0.127082
0.133943
0.137614
0.138327
0.140202
0.139037
0.141172
0.144701
0.145743
0.150764
0.155249
0.160646
0.161846
0.16233
0.162419
0.159866
0.138818
0.134782
0.125845
0.121582
0.132496
0.131459
0.12734
0.137986
0.138714
0.146108
0.141108
0.149914
0.149065
0.150537
0.151559
0.155422
0.164624
0.166474
0.165835
0.168258
0.173918
0.166551
0.161878
0.150392
0.139728
0.129925
0.130444
0.122028
0.126375
0.126418
0.128782
0.130365
0.131465
0.143951
0.146386
0.139035
0.146952
0.148185
0.150024
0.151038
0.152442
0.160385
0.161849
0.163526
0.169827
0.166191
0.165049
0.165208
0.153583
0.133378
0.125348
0.129878
0.134795
0.133439
0.128953
0.136654
0.144643
0.141194
0.149743
0.149784
0.137918
0.135377
0.1367
0.125117
0.11369
0.126821
0.112659
0.119741
0.114483
0.123731
0.116143
0.126471
0.127735
0.135644
0.136413
0.138424
0.141832
0.144975
0.147145
0.150306
0.14822
0.139541
0.131556
0.108084
0.108494
0.09666
0.102696
0.1094
0.104707
0.118135
0.108582
0.116023
0.114493
0.118761
0.129963
0.128913
0.125808
0.133068
0.134088
0.140039
0.141524
0.144739
0.149808
0.151813
0.148597
0.149065
0.14238
0.122646
0.112231
0.102949
0.0910819
0.0943498
0.0929254
0.0858263
0.101127
0.102989
0.0995703
0.104469
0.118711
0.126181
0.113196
0.128988
0.123704
0.131829
0.1329
0.139116
0.139849
0.144597
0.144999
0.146766
0.14275
0.149168
0.149775
0.140403
0.141354
0.129085
0.130549
0.125436
0.121373
0.114261
0.110691
0.110542
0.102462
0.106709
0.101158
0.105199
0.107681
0.107027
0.109285
0.106564
0.120934
0.124646
0.109591
0.122492
0.13598
0.12595
0.137068
0.14506
0.141615
0.142868
0.149021
0.151122
0.155026
0.153879
0.150476
0.149098
0.148484
0.138714
0.143303
0.135066
0.13505
0.123725
0.103712
0.107589
0.0987962
0.109522
0.112843
0.105857
0.109294
0.109824
0.104071
0.109197
0.117951
0.112825
0.120286
0.112128
0.130952
0.118514
0.132072
0.126074
0.140261
0.134515
0.146093
0.144907
0.147736
0.134405
0.128712
0.0957316
0.0941967
0.0990333
0.0987785
0.0855465
0.0950803
0.0994123
0.0919768
0.0936951
0.104618
0.0847798
0.109186
0.0980391
0.101748
0.0996194
0.0944019
0.107315
0.111969
0.118805
0.124535
0.134385
0.119479
0.13005
0.134538
0.135343
0.141727
0.130272
0.139226
0.14437
0.135873
0.120276
0.1034
0.0890664
0.0914256
0.0711098
0.0787654
0.09157
0.0926316
0.0945043
0.0933023
0.0958927
0.0930456
0.114292
0.103496
0.07975
0.0988453
0.10513
0.096853
0.101485
0.103318
0.10371
0.10909
0.112899
0.12146
0.116119
0.110302
0.118205
0.135405
0.137945
0.131058
0.127851
0.14361
0.144587
0.136872
0.128362
0.118687
0.0974764
0.0889048
0.0806548
0.081443
0.0887082
0.0841747
0.0785115
0.096538
0.0860194
0.0885882
0.0916945
0.0924821
0.0927795
0.0871928
0.0957218
0.0983751
0.101651
0.0982591
0.101226
0.121391
0.120141
0.11482
0.119996
0.113626
0.121985
0.123279
0.121478
0.127731
0.128803
0.131403
0.123632
0.12588
0.128053
0.129023
0.133328
0.136022
0.131471
0.12065
0.104458
0.0910753
0.108647
0.108991
0.0819744
0.0879834
0.0953821
0.0989717
0.0927098
0.106969
0.0981956
0.0992766
0.120941
0.111749
0.105329
0.123703
0.121409
0.118555
0.126243
0.129736
0.137748
0.129544
0.133745
0.124713
0.104064
0.0913818
0.0981438
0.0826025
0.0941596
0.0752306
0.088498
0.0736433
0.0755586
0.0797106
0.0730019
0.083315
0.0843538
0.108891
0.0805144
0.0947671
0.0977988
0.111458
0.0958656
0.119389
0.0880082
0.0938055
0.104014
0.112049
0.103147
0.12081
0.108631
0.117956
0.115038
0.118321
0.131265
0.126075
0.1167
0.121337
0.133067
0.146091
0.126373
0.113244
0.079854
0.0988893
0.099476
0.0733196
0.0853153
0.0838236
0.0871279
0.0980791
0.095075
0.10011
0.0889978
0.144993
0.193032
0.231701
0.28905
0.343349
0.358476
0.364966
0.313002
0.270306
0.175629
0.129297
0.0946131
0.101794
0.086224
0.0961572
0.0972501
0.0811447
0.0917493
0.0859928
0.0863655
0.0923495
0.109912
0.100658
0.110214
0.124275
0.112954
0.118499
0.115928
0.10636
0.113384
0.115794
0.108775
0.0931548
0.108133
0.0943471
0.106514
0.101238
0.101919
0.0890943
0.102847
0.0965863
0.0918594
0.0880476
0.0931502
0.0973836
0.101702
0.0807747
0.110004
0.110973
0.114642
0.115103
0.10878
0.115859
0.107119
0.101109
0.100459
0.0923917
0.117834
0.095394
0.0887
0.0904564
0.0793297
0.0910199
0.0673204
0.0681175
0.0758794
0.0757354
0.0755094
0.069495
0.0734203
0.0880591
0.0796662
0.0948242
0.0986988
0.0912862
0.0987489
0.0871741
0.0947967
0.0860439
0.0984165
0.0954496
0.0825482
0.083091
0.106899
0.102949
0.10091
0.0966512
0.0877206
0.102977
0.121426
0.0989982
0.112935
0.0957437
0.0918952
0.0855214
0.0951755
0.0777225
0.0863149
0.0963221
0.0917432
0.0781207
0.0857311
0.0550288
0.0568996
0.0719432
0.0849323
0.0754325
0.107465
0.0893435
0.0974945
0.0873695
0.0696879
0.0776188
0.0736502
0.0874493
0.0993635
0.0997833
0.0825943
0.06318
0.0835744
0.0827425
0.0890329
0.0959723
0.079208
0.0852717
0.0626471
0.0885773
0.0759818
0.0741332
0.0888794
0.10124
0.103829
0.0855012
0.0881765
0.0791582
0.0900107
0.0947165
0.0905748
0.0916931
0.0871794
0.0888831
0.0857556
0.0760928
0.101002
0.0772985
0.109553
0.0815033
0.0747625
0.0835466
0.0909153
0.0841137
0.0696472
0.0615624
0.0931743
0.083978
0.104598
0.07856
0.0879062
0.0837415
0.0883795
0.0807468
0.0810385
0.0939174
0.0739943
0.100096
0.0883209
0.0762277
0.093383
0.091348
0.0767291
0.0747427
0.0793924
0.0819958
0.101761
0.0825483
0.0790221
0.0984118
0.0509766
0.0823229
0.0973344
0.103677
0.0543423
0.0768676
0.0784656
0.0994514
0.093894
0.0618947
0.0828104
0.0971884
0.0967597
0.0751237
0.0828491
0.0932859
0.0906243
0.104136
0.101844
0.0878877
0.0892941
0.0847653
0.0646602
0.0719023
0.0850048
0.0743895
0.078016
0.0701803
0.0571979
0.0779389
0.085662
0.0654321
0.0694654
0.0940492
0.0621578
0.0626857
0.0563635
0.0625727
0.0525175
0.0630587
0.0604233
0.0626815
0.0585878
0.0681181
0.0703038
0.068031
0.0708384
0.0625631
0.0666646
0.0688143
0.0575328
0.0408224
0.0621106
0.0760051
0.0798776
0.0595029
0.0411495
0.060395
0.0656899
0.0629337
0.0608157
0.0677369
0.0581168
0.0546323
0.0625074
0.061738
0.0504555
0.0546491
0.0567208
0.0568359
0.0519303
0.056025
0.0620434
0.0509862
0.0664536
0.0705859
0.0802484
0.0698696
0.0699941
0.0554987
0.066705
0.0699573
0.0686528
0.0616797
0.0491528
0.0711395
0.0536838
0.0577337
0.0513759
0.0738245
0.0692869
0.0643348
0.0700036
0.0659934
0.0695604
0.0549591
0.05253
0.0663607
0.0503219
0.0731964
0.066546
0.0516076
0.0660713
0.0547826
0.0816583
0.0780999
0.0772561
0.0753793
0.0634779
0.0619558
0.077007
0.0756856
0.0503177
0.0927941
0.0630538
0.0582531
0.098568
0.0792947
0.0768682
0.0571681
0.0739495
0.065796
0.0726452
0.056029
0.0774275
0.067918
0.072329
0.0599524
0.0475365
0.0717283
0.0612748
0.085603
0.0723611
0.0730959
0.0547899
0.066621
0.0798102
0.0808009
0.067935
0.0721318
0.0705604
0.0934066
0.0918728
0.0575876
0.0770794
0.0657087
0.0782252
0.0932367
0.0790659
0.0657406
0.095258
0.0718237
0.0667804
0.0807756
0.0611004
0.0928278
0.0458511
0.0814084
0.0962889
0.0723036
0.082135
0.0749014
0.0816126
0.0752548
0.0507031
0.0632487
0.0880922
0.0441197
0.0583059
0.0639607
0.0516945
0.0868809
0.064177
0.0693372
0.0795264
0.0700443
0.0619223
0.0452637
0.0855529
0.0557038
0.0517965
0.0504722
0.0681607
0.0593383
0.0564142
0.0766648
0.055302
0.0629836
0.0737296
0.0608548
0.0564453
0.0637536
0.0621533
0.0534188
0.054839
0.0621925
0.0592408
0.048858
0.0620096
0.0587751
0.0569381
0.0578918
0.0604443
0.0630106
0.0619053
0.0678663
0.0563659
0.0577236
0.0625967
0.0603534
0.05909
0.0530141
0.055876
0.051992
0.0575788
0.0505655
0.0554279
0.0504146
0.0561369
0.0592159
0.0465126
0.050695
0.0487201
0.0509222
0.0491592
0.0598876
0.0543911
0.059795
0.0459303
0.0473695
0.0462426
0.051007
0.0460274
0.0485929
0.0425147
0.0406124
0.0532183
0.0504951
0.0494668
0.0442621
0.0535493
0.0489049
0.0463921
0.0462894
0.048305
0.0482052
0.0525997
0.0526386
0.0548358
0.0571193
0.0471876
0.0425946
0.0459204
0.0480286
0.0498282
0.052605
0.0569747
0.0583422
0.0505605
0.0569378
0.0586598
0.0535023
0.0547239
0.0516195
0.0550177
0.0519814
0.0557121
0.0509769
0.0535691
0.0556251
0.0538473
0.0502359
0.0497801
0.0438101
0.0542203
0.0515834
0.0523831
0.0480829
0.0454944
0.0499557
0.0552577
0.0591777
0.0473469
0.050983
0.049512
0.0415384
0.056867
0.0524181
0.0469714
0.0550841
0.0513346
0.0494168
0.0474279
0.0434614
0.0501859
0.0545054
0.045208
0.0574934
0.0390043
0.0526598
0.0432572
0.0507057
0.0664678
0.0458443
0.0526084
0.0512236
0.0516375
0.0495339
0.0599798
0.050789
0.053747
0.0574157
0.0545768
0.050185
0.0543196
0.0448555
0.0573728
0.0543201
0.0510888
0.067384
0.0591337
0.0610572
0.0546576
0.0617308
0.0535427
0.0612795
0.0450671
0.0564573
0.0631591
0.0545368
0.0506878
0.056532
0.0575168
0.0519669
0.0537296
0.0533997
0.0503041
0.0600472
0.0539363
0.0590682
0.0554337
0.0544712
0.0509821
0.067207
0.0526714
0.0586519
0.0509529
0.0708761
0.0530385
0.0609471
0.0625303
0.0612618
0.051452
0.0652012
0.0643231
0.0616724
0.0586323
0.0592616
0.0469608
0.0573016
0.0568573
0.0544907
0.0592661
0.0520892
0.068364
0.0556602
0.071384
0.0615566
0.0671961
0.0563396
0.0363144
0.0534804
0.0579085
0.0547055
0.0539065
0.0546033
0.0614253
0.0616641
0.0457063
0.058787
0.0699196
0.059332
0.0614542
0.0537671
0.0595715
0.0493357
0.0504598
0.0480391
0.0487963
0.0486202
0.0558919
0.0592927
0.0597173
0.0444963
0.0678744
0.0481759
0.0562909
0.0628881
0.0490161
0.0503283
0.0585799
0.0656659
0.0548099
0.0465173
0.0624119
0.0476951
0.0559174
0.0415235
0.0534865
0.0547344
0.0471335
0.0467726
0.0546246
0.0417983
0.034694
0.0573217
0.0567676
0.0547388
0.0602089
0.0652197
0.0477009
0.0627241
0.0471055
0.0379379
0.0534797
0.0643567
0.0435861
0.0507327
0.0524195
0.0466239
0.0480967
0.0522698
0.0404174
0.0469406
0.0365649
0.0500073
0.0562493
0.0553872
0.0581432
0.046291
0.0479871
0.049059
0.0398855
0.0564205
0.0486736
0.0428837
0.0425242
0.0515064
0.0487047
0.0516278
0.0438083
0.0554798
0.0567466
0.0538813
0.0524223
0.0478044
0.0542276
0.0470544
0.0478049
0.0515029
0.0457126
0.0523498
0.052734
0.0519708
0.0474748
0.0456405
0.0409545
0.0450077
0.0442912
0.0470742
0.0464208
0.0464162
0.0388882
0.0462323
0.0483599
0.0465664
0.0456194
0.0412862
0.0610094
0.0424924
0.0549286
0.0586289
0.046731
0.04814
0.0432978
0.0500137
0.0363705
0.0566615
0.0466364
0.0421218
0.0402048
0.0547539
0.0422105
0.0432293
0.053261
0.0441614
0.0480858
0.0408051
0.0512768
0.0490272
0.0457314
0.0473393
0.043208
0.0425848
0.0382986
0.0541812
0.051772
0.0404431
0.0497645
0.0473282
0.0450595
0.0361876
0.0446776
0.0551242
0.0478002
0.0505059
0.0510413
0.0369235
0.0569773
0.0517283
0.049835
0.0461354
0.0624651
0.0497298
0.0506939
0.0535602
0.0494117
0.0515966
0.0418231
0.0526922
0.054363
0.0510104
0.0499519
0.0475737
0.0474133
0.0533013
0.0514639
0.0525567
0.048426
0.0504527
0.0613981
0.0536363
0.0629627
0.0623061
0.0721548
0.105029
0.15922
0.315885
0.457368
0.516533
0.527439
0.500263
0.411725
0.239487
0.127289
0.0931565
0.0760453
0.058486
0.0616825
0.0569931
0.0635884
0.0580451
0.0541496
0.052238
0.0575939
0.0581556
0.0541694
0.0564604
0.0537608
0.0513664
0.0489266
0.0532035
0.050767
0.049684
0.0510996
0.0505368
0.044937
0.047876
0.0472864
0.050613
0.0517418
0.0532517
0.0479211
0.0466257
0.0536313
0.0516703
0.0678852
0.0550445
0.0640976
0.0614439
0.0607307
0.0585184
0.0572473
0.0630191
0.0576189
0.0554057
0.0620633
0.0594216
0.0530176
0.053887
0.059784
0.0558028
0.0548232
0.0492598
0.0546283
0.0597827
0.0537466
0.0539358
0.0636587
0.0598512
0.0522537
0.0541008
0.0450522
0.0545353
0.0534564
0.0616172
0.0550521
0.0478995
0.0439461
0.0548396
0.0548021
0.062457
0.0530289
0.0518593
0.0467648
0.058658
0.0560918
0.0484699
0.052946
0.0602209
0.0591386
0.0617443
0.0546183
0.0515799
0.055877
0.0568512
0.0535838
0.0589896
0.0534251
0.0518288
0.0552642
0.0503713
0.0523406
0.0518281
0.0530684
0.0598069
0.051857
0.0571454
0.0504142
0.0624934
0.0560005
0.0390348
0.0585443
0.0498605
0.0491344
0.0518905
0.0375079
0.0477716
0.0562343
0.0628115
0.0585663
0.0577564
0.0462671
0.047482
0.05936
0.0667329
0.0566898
0.0549674
0.0459082
0.0547543
0.0604747
0.0522892
0.0526246
0.047097
0.0459092
0.0578375
0.0491418
0.0634407
0.0507966
0.04016
0.0413122
0.0459622
0.0465524
0.0613587
0.053167
0.0572707
0.0495376
0.0639947
0.0530664
0.0464345
0.0485542
0.0495773
0.0487871
0.0600651
0.0572715
0.0271733
0.0365285
0.0478647
0.0436457
0.051131
0.0828006
0.0755514
0.0744686
0.0600106
0.0615201
0.0361868
0.0579451
0.0469502
0.0400667
0.0510301
0.0660805
0.0472604
0.0423743
0.0186353
0.0542473
0.0557283
0.0564389
0.0360937
0.0871266
0.04712
0.0382656
0.0380233
0.0665167
0.0708314
0.0619151
0.061306
0.0445161
0.0342022
0.0665189
0.0697057
0.0866285
0.0531612
0.0662901
0.0360374
0.0391159
0.0197696
0.0597072
0.070994
0.0569894
0.0399351
0.0488693
0.0506178
0.0562646
0.0614618
0.0703742
0.0624417
0.0611499
0.0474747
0.0438715
0.0423355
0.0265624
0.0181755
0.0610318
0.065835
0.0653473
0.0594326
0.0359213
0.0321386
0.0580722
0.0403807
0.063909
0.0546295
0.0489972
0.0706051
0.0651259
0.0510469
0.066236
0.0719876
0.0601531
0.0779818
0.0619472
0.0648188
0.0688614
0.0524868
0.0382043
0.0247603
0.0700817
0.0393732
0.0621243
0.0507467
0.0647908
0.0352891
0.0421195
0.0678251
0.0694297
0.0639962
0.0658916
0.0787624
0.0565083
0.0652063
0.0587857
0.0610238
0.073812
0.0700629
0.0730797
0.0597252
0.052953
0.069809
0.0784114
0.0837179
0.0793883
0.0767728
0.084432
0.102066
0.0993136
0.0959025
0.0953344
0.0964467
0.0838593
0.0701969
0.0491285
0.0555525
0.0413431
0.0376792
0.0450589
0.0274105
0.0475088
0.0367935
0.0545328
0.0482617
0.061852
0.0630257
0.0543771
0.0526181
0.0452463
0.0422686
0.0469762
0.0510153
0.0505323
0.0550512
0.0418095
0.0615508
0.0587528
0.0565615
0.0513458
0.0353911
0.0393695
0.0511832
0.0588812
0.0446059
0.0414161
0.0434685
0.0558525
0.0471896
0.0554221
0.0565278
0.0484942
0.0442834
0.0539786
0.047011
0.0425254
0.0350111
0.0476511
0.0451911
0.0483946
0.0411937
0.0450409
0.0382293
0.0389036
0.0420262
0.0551516
0.0597606
0.0527587
0.0548942
0.0481872
0.0493328
0.0412358
0.0572239
0.0471813
0.0561524
0.0535162
0.0494786
0.0408158
0.0440352
0.0471017
0.0509663
0.0563776
0.0517978
0.0630704
0.0660466
0.0449376
0.0526548
0.0502159
0.0528306
0.0657053
0.0556732
0.0574483
0.0581938
0.0540714
0.0523343
0.0557167
0.0539653
0.0544082
0.050198
0.0529665
0.0520701
0.0402891
0.0535586
0.0498269
0.0475253
0.0488418
0.0564658
0.0514098
0.053166
0.0479974
0.060224
0.0476512
0.0529275
0.0492295
0.0571907
0.0450038
0.0639384
0.0674156
0.0646867
0.0605397
0.0660628
0.0755468
0.0753526
0.0801719
0.0779848
0.0777662
0.0856808
0.0790605
0.0759403
0.0691229
0.0625867
0.052447
0.0550588
0.0535181
0.0513779
0.0499053
0.0449981
0.0497493
0.0544208
0.0522125
0.061338
0.0497003
0.0589342
0.0518066
0.0451483
0.0554015
0.0534929
0.0604342
0.0547762
0.055162
0.0497617
0.0507822
0.0514659
0.0627981
0.0614373
0.0605497
0.0553914
0.0610222
0.060765
0.0638637
0.0671177
0.0687123
0.0752845
0.0789545
0.0797092
0.0789911
0.0766413
0.0778222
0.0781973
0.0753627
0.0739731
0.0583636
0.0650429
0.0644493
0.054021
0.0576561
0.0457704
0.0586444
0.0594366
0.0531997
0.0468961
0.0631812
0.0726014
0.0507114
0.0497023
0.0585747
0.0580249
0.0659113
0.0473172
0.0514484
0.0654212
0.0652303
0.0663264
0.0652706
0.060664
0.0675301
0.0656659
0.0552601
0.0679782
0.0621929
0.0693729
0.0693795
0.0724403
0.0725387
0.0806755
0.0805341
0.0797256
0.0860769
0.0792792
0.0808022
0.0794232
0.073832
0.0595895
0.0658439
0.0686502
0.066488
0.0600787
0.0547171
0.0570394
0.0425246
0.0579528
0.0630418
0.0487165
0.0483028
0.0521751
0.0528153
0.0526632
0.0592532
0.053494
0.052267
0.0477084
0.0647282
0.0479717
0.0542983
0.0422338
0.0499132
0.0430136
0.0509289
0.0603794
0.0469451
0.0551545
0.0569058
0.0495441
0.0592104
0.0451671
0.0569948
0.0487747
0.0577792
0.0557342
0.0434537
0.0505336
0.0472077
0.0500604
0.0449772
0.0448281
0.050986
0.0565261
0.0458854
0.0485592
0.048361
0.0410058
0.0502253
0.0466378
0.0471406
0.0460473
0.0450079
0.0432012
0.040019
0.0405044
0.0374481
0.037933
0.0475771
0.0374221
0.0515338
0.0379805
0.0490907
0.0452674
0.0408443
0.0375346
0.0409434
0.038878
0.0467471
0.0438831
0.0376474
0.0352532
0.038454
0.0396291
0.0473169
0.0502422
0.051734
0.0538612
0.0447623
0.0535788
0.0724154
0.0733929
0.0625763
0.0490487
0.0608288
0.0489352
0.0697559
0.0424046
0.0472756
0.0482699
0.0635393
0.0467545
0.0542491
0.0729055
0.0685119
0.0607732
0.0421042
0.0587537
0.0618552
0.0619207
0.0367871
0.0507675
0.0772247
0.0798916
0.0540465
0.0648146
0.0747747
0.0706164
0.0753906
0.0741577
0.0986499
0.0787911
0.0891445
0.0935969
0.081923
0.106531
0.085811
0.0893426
0.0871458
0.0829942
0.0932363
0.0637602
0.0738334
0.0702274
0.0897748
0.0588956
0.071135
0.0738303
0.0741826
0.0695184
0.0573755
0.0588279
0.0793787
0.0666931
0.0732305
0.0446294
0.0526763
0.0775425
0.0442416
0.0686471
0.0860089
0.0476104
0.0885381
0.0867375
0.102272
0.106361
0.0826522
0.107065
0.117294
0.0843641
0.1003
0.0819434
0.0863661
0.119629
0.0861101
0.101447
0.0978257
0.088801
0.0983627
0.114995
0.111123
0.122183
0.103301
0.116393
0.110927
0.112561
0.103114
0.0909926
0.112553
0.0990649
0.0883548
0.0979133
0.0925831
0.0839469
0.0859816
0.0833964
0.0748419
0.0901472
0.101924
0.0275973
0.0791186
0.0460127
0.0732727
0.0474302
0.0689841
0.0572858
0.0493906
0.0740891
0.0696869
0.0721054
0.0638877
0.0785036
0.0404479
0.108509
0.0725167
0.0494409
0.118334
0.0934253
0.0689205
0.0805498
0.130025
0.0645908
0.134128
0.0880804
0.10151
0.0809961
0.0804142
0.0846532
0.0846173
0.0905464
0.113395
0.0807478
0.0827223
0.0926435
0.0871066
0.117153
0.0927413
0.107854
0.0887426
0.0996279
0.0958596
0.0881398
0.10755
0.121341
0.0967853
0.103725
0.103978
0.0859515
0.120257
0.0863247
0.0889316
0.0927457
0.0993383
0.0822884
0.0918991
0.0950027
0.0854567
0.0733787
0.0858699
0.0751497
0.0543018
0.0827759
0.0547112
0.0944604
0.0995696
0.0577429
0.0901055
0.11794
0.104055
0.0905243
0.100363
0.130286
0.0854297
0.101105
0.1001
0.0455594
0.0742016
0.0810083
0.0854297
0.0638368
0.0776908
0.0689216
0.0609392
0.054276
0.0393935
0.0580505
0.0608191
0.0985589
0.108739
0.0805261
0.0657328
0.100881
0.043279
0.0799398
0.0564919
0.0954928
0.0578724
0.0813797
0.00918104
0.0986729
0.0949695
0.081225
0.114572
0.101158
0.107286
0.0559537
0.125394
0.0855055
0.0640954
0.110168
0.0789879
0.0788279
0.0966479
0.0682175
0.078921
0.0907562
0.0637957
0.0923498
0.0987831
0.0790122
0.101378
0.106274
0.0656269
0.102798
0.0574719
0.0543739
0.0770899
0.0647321
0.0345383
0.0870265
0.168075
0
0.080464
0.0735942
0.0678322
0.0322468
0.127501
0.12777
0.0554757
0.0834028
0.138408
0.0652489
0.0635055
0.115067
0.0742923
0.0911261
0.130445
0.139198
0.0866437
0.102117
0.0722137
0.0559435
0.101669
0.10574
0.100883
0.0647549
0.107425
0.0595773
0.102061
0.0897993
0.0609803
0.128583
0.078365
0.0969058
0.110166
0.0713352
0.0701673
0.0929389
0.0671736
0.0683612
0.0885983
0.119282
0.113989
0.0801252
0.0992378
0.0952928
0.109382
0.115341
0.0894012
0.0966532
0.101508
0.0370553
0.0871427
0.0689659
0.0236893
0.0961378
0.0761209
0.0590724
0.0494414
0.0406267
0.0352126
0.034909
