0.118955
0.124022
0.122367
0.119602
0.110928
0.128597
0.122936
0.12759
0.136912
0.141861
0.141746
0.139732
0.138276
0.143156
0.139186
0.140444
0.141739
0.142379
0.140948
0.133174
0.133422
0.131457
0.133268
0.136703
0.137578
0.139355
0.149544
0.145446
0.148733
0.152874
0.152081
0.149842
0.153102
0.153281
0.152175
0.152718
0.153954
0.151181
0.147764
0.143792
0.133418
0.136929
0.141693
0.137821
0.142766
0.142583
0.144405
0.148286
0.151216
0.154468
0.156974
0.160306
0.166959
0.168031
0.168803
0.167183
0.159683
0.154936
0.153915
0.151113
0.143157
0.125046
0.118749
0.112756
0.113795
0.0977627
0.0998777
0.113134
0.119195
0.123112
0.114243
0.120834
0.12205
0.124573
0.128193
0.127185
0.120685
0.127602
0.124477
0.124906
0.115102
0.11672
0.109409
0.120973
0.119389
0.129759
0.127741
0.13267
0.134262
0.136245
0.135452
0.134651
0.136765
0.136524
0.137611
0.138225
0.134569
0.131382
0.134288
0.135309
0.138593
0.140356
0.141593
0.142856
0.141803
0.141623
0.143182
0.141254
0.149538
0.147959
0.144879
0.145079
0.14969
0.142701
0.144046
0.140794
0.140146
0.131943
0.12579
0.112785
0.116598
0.124837
0.127963
0.12785
0.137148
0.136917
0.143265
0.144592
0.149277
0.149294
0.149918
0.151144
0.155683
0.161366
0.163899
0.158987
0.154664
0.152268
0.144097
0.13725
0.138482
0.128474
0.110398
0.132915
0.119918
0.118997
0.116519
0.126816
0.128017
0.132364
0.136245
0.135341
0.140646
0.143598
0.143533
0.145532
0.150391
0.153348
0.152866
0.151013
0.153956
0.153524
0.143505
0.148776
0.139709
0.138311
0.129866
0.125071
0.126452
0.131757
0.137189
0.128132
0.137441
0.133247
0.133759
0.135642
0.138567
0.130596
0.12264
0.118205
0.123387
0.108313
0.120956
0.109513
0.114686
0.112886
0.115262
0.118772
0.125525
0.131159
0.135379
0.133082
0.133184
0.141938
0.139677
0.135765
0.138159
0.135938
0.122133
0.1194
0.107188
0.108499
0.0999974
0.0954224
0.0987872
0.11172
0.116717
0.106242
0.112678
0.114534
0.125039
0.12806
0.130167
0.131167
0.133546
0.138504
0.1399
0.140209
0.138849
0.142017
0.13854
0.140547
0.130535
0.132912
0.118644
0.101821
0.112771
0.0948865
0.105309
0.106956
0.103524
0.104573
0.110349
0.115777
0.109112
0.122441
0.126736
0.1269
0.126341
0.130306
0.131425
0.141031
0.139066
0.138732
0.149829
0.144569
0.146433
0.140768
0.146231
0.144222
0.142528
0.14289
0.1361
0.134942
0.13261
0.124274
0.102465
0.110416
0.0928491
0.0976149
0.0857127
0.0950431
0.0961601
0.0945333
0.0995217
0.0960774
0.106648
0.105362
0.107575
0.111009
0.126228
0.125677
0.124187
0.136134
0.142129
0.137176
0.141791
0.148086
0.144646
0.152948
0.144228
0.146021
0.137779
0.130453
0.128528
0.134304
0.12268
0.117407
0.104322
0.104936
0.101836
0.0810543
0.0776744
0.101807
0.0894153
0.0997271
0.0884401
0.0939052
0.103541
0.12276
0.112725
0.118002
0.112587
0.123415
0.113128
0.131227
0.123174
0.13207
0.12662
0.135124
0.131377
0.132919
0.119409
0.107302
0.0877569
0.0720935
0.0872619
0.0964568
0.087787
0.0743688
0.0808563
0.0849309
0.0972489
0.0969314
0.0812129
0.0971269
0.102399
0.100122
0.0909641
0.094331
0.104913
0.10208
0.112296
0.124108
0.134322
0.124012
0.122009
0.129588
0.127375
0.122159
0.127522
0.12739
0.128972
0.123692
0.107005
0.0937067
0.0742874
0.077817
0.0716664
0.0736629
0.0737498
0.0854199
0.085328
0.0987735
0.083968
0.0926857
0.100863
0.0999871
0.0772524
0.101324
0.090517
0.0899721
0.10434
0.100934
0.100982
0.111394
0.113679
0.116229
0.113714
0.114817
0.125566
0.137388
0.133306
0.122976
0.134285
0.131257
0.133058
0.129953
0.113616
0.110608
0.0916683
0.0939772
0.0769077
0.0827914
0.0943438
0.0965109
0.0895425
0.0953096
0.0831767
0.0833188
0.0976299
0.0899917
0.0796668
0.0803184
0.0865881
0.0975099
0.100067
0.0972032
0.106339
0.117041
0.122125
0.115712
0.126013
0.120299
0.125706
0.121703
0.124047
0.121922
0.127471
0.129514
0.12885
0.120831
0.122776
0.138337
0.118376
0.125293
0.117082
0.117073
0.0972042
0.0957973
0.0881595
0.0965287
0.0967574
0.0928058
0.0992911
0.112676
0.110802
0.125411
0.106409
0.116002
0.125383
0.126515
0.123774
0.12864
0.125414
0.124344
0.130348
0.12049
0.127748
0.113693
0.109934
0.109894
0.104213
0.0788961
0.0636879
0.075028
0.0753399
0.0738001
0.0689689
0.0718382
0.0893078
0.077172
0.0636313
0.0765833
0.083012
0.099896
0.0567094
0.0741107
0.0878946
0.0865894
0.0969749
0.104257
0.0968512
0.0949436
0.0939204
0.0952226
0.102085
0.103127
0.102786
0.117123
0.123086
0.119299
0.121742
0.125526
0.112748
0.112368
0.128604
0.127898
0.11955
0.0984314
0.0737874
0.0858455
0.0962569
0.062762
0.0695627
0.0632423
0.0661717
0.0967879
0.0975204
0.0971527
0.107126
0.176212
0.235486
0.283109
0.386943
0.447015
0.466145
0.485329
0.408781
0.335924
0.211001
0.124143
0.109603
0.0991588
0.0911133
0.0974302
0.0919368
0.0903209
0.0692713
0.0909747
0.0887735
0.0821596
0.09565
0.10049
0.113069
0.107869
0.106557
0.109986
0.1122
0.110418
0.112129
0.106655
0.0974129
0.093009
0.0935065
0.0685595
0.0946324
0.0849981
0.0847917
0.0780454
0.0928995
0.087811
0.0984406
0.0927561
0.0994098
0.0875069
0.119518
0.0820145
0.115599
0.117713
0.100661
0.108523
0.118451
0.123683
0.104172
0.0952522
0.0860011
0.0830765
0.101613
0.0973873
0.0743754
0.076334
0.0757785
0.0874158
0.0925228
0.0677902
0.0668827
0.0956302
0.0844576
0.0598531
0.0672144
0.111471
0.0856555
0.0971211
0.0747957
0.0900133
0.0917839
0.100347
0.0883179
0.0881357
0.102376
0.0995047
0.0958679
0.090761
0.101601
0.0989459
0.105361
0.0856982
0.103946
0.112024
0.118586
0.111324
0.105497
0.120142
0.091212
0.0920636
0.0969453
0.103012
0.0838225
0.0753587
0.0881361
0.0897281
0.0802587
0.0496669
0.0745968
0.0638314
0.0845634
0.0596687
0.0891451
0.0793323
0.0713127
0.078235
0.0731808
0.0581959
0.0837723
0.0699915
0.0961805
0.0744838
0.0830675
0.0528988
0.0712582
0.0753363
0.0982882
0.0782833
0.0714916
0.0750969
0.076944
0.0796583
0.0891852
0.0669991
0.0745375
0.0872065
0.0847387
0.0687308
0.0744327
0.0877015
0.0991215
0.0831576
0.0794488
0.0878805
0.0888889
0.102512
0.0881172
0.0618537
0.0769563
0.0656841
0.0741262
0.0701622
0.0743079
0.0842139
0.0642432
0.07171
0.0943323
0.0618632
0.0779385
0.0820598
0.104353
0.0580565
0.0595207
0.109201
0.0837043
0.0591334
0.0626761
0.0772444
0.0672398
0.0833437
0.0669405
0.0697337
0.0758692
0.0735285
0.0673237
0.0627925
0.0662462
0.0644515
0.109274
0.0608881
0.0773393
0.0814758
0.0388074
0.0728728
0.0744204
0.0747228
0.0524571
0.0716125
0.073672
0.0817763
0.0934351
0.0548148
0.0857008
0.0868911
0.0889157
0.0859522
0.0752894
0.0950091
0.0916198
0.0930051
0.088439
0.0765313
0.0867539
0.0805954
0.0676683
0.094834
0.0850354
0.0822634
0.0804688
0.0823655
0.0759163
0.0803267
0.0906736
0.0650534
0.0772539
0.0692983
0.0641384
0.0630074
0.0707429
0.0540211
0.0555102
0.0475314
0.0561132
0.0441108
0.0605871
0.0674874
0.0566526
0.0491471
0.0516897
0.0578119
0.0533025
0.0501945
0.0401662
0.0409932
0.0483124
0.0547428
0.0613359
0.0539224
0.0462649
0.0599616
0.0620608
0.0578327
0.0481818
0.0524731
0.0531645
0.0649438
0.0631889
0.0627453
0.0467486
0.0478543
0.0489757
0.0481906
0.053889
0.0508208
0.0693391
0.0570614
0.0704856
0.0600427
0.0466424
0.0613588
0.0722385
0.0599752
0.0529211
0.0596625
0.0629512
0.0462686
0.0483097
0.0587696
0.0491866
0.0432675
0.0510348
0.0651499
0.0411775
0.0617999
0.0616187
0.0562711
0.0763101
0.0453468
0.0473103
0.07221
0.0494763
0.0653696
0.0499414
0.0485954
0.0624284
0.0461548
0.0608154
0.0641616
0.0613498
0.0686194
0.0592647
0.0525672
0.0650971
0.0510677
0.0407697
0.0682241
0.0388023
0.0527875
0.0706045
0.06402
0.0745465
0.0643285
0.0661317
0.0552331
0.0800706
0.0708983
0.0645552
0.0630551
0.0656277
0.058647
0.0610798
0.0540845
0.0548989
0.0611458
0.0617398
0.0726578
0.0706245
0.0638663
0.088811
0.0751992
0.0448228
0.0715858
0.071749
0.0830123
0.0613065
0.0563958
0.0662452
0.0316352
0.0572215
0.078955
0.0886191
0.0607413
0.0664495
0.0822491
0.0564187
0.0525298
0.0568304
0.0880169
0.0532359
0.0507054
0.0831089
0.0710247
0.0795907
0.0540649
0.0701431
0.0769601
0.0397472
0.0635601
0.0632725
0.0544379
0.0367157
0.0684305
0.0342281
0.0692185
0.0492067
0.0563474
0.0699183
0.0587251
0.0553337
0.0602246
0.0729972
0.0565355
0.0571858
0.0670399
0.0625047
0.0702788
0.0571593
0.0683069
0.0500309
0.0642005
0.0615883
0.0535452
0.0585066
0.0620655
0.0631577
0.0587514
0.0552162
0.0636053
0.0624669
0.0512309
0.062814
0.0585118
0.0651988
0.049842
0.0524093
0.0579851
0.0658385
0.064324
0.0568008
0.0587668
0.0518739
0.046403
0.0510291
0.0443244
0.0529331
0.0463864
0.0496521
0.0498501
0.0436688
0.0529087
0.0509311
0.0534297
0.0527248
0.0478909
0.0500712
0.0473923
0.0492547
0.0531571
0.052759
0.0493806
0.0415523
0.0393567
0.046114
0.0467361
0.0395388
0.0458491
0.0361751
0.0377227
0.0548706
0.0467034
0.0451169
0.0470315
0.0450388
0.0432419
0.0356073
0.0402801
0.0463652
0.0418381
0.0491696
0.0408939
0.0489021
0.0491183
0.0504394
0.0408153
0.045391
0.0428585
0.0442354
0.0525398
0.0517713
0.0600438
0.0435382
0.0562698
0.0499858
0.0477717
0.0570926
0.0450745
0.0545169
0.0537012
0.0495071
0.0491738
0.0496841
0.0454267
0.0477016
0.046398
0.0566947
0.033868
0.0452734
0.0438301
0.044086
0.043177
0.0421459
0.0436361
0.0413528
0.0455245
0.0439929
0.0462918
0.044022
0.0395296
0.0556823
0.0432059
0.0457224
0.0454749
0.0424937
0.0422586
0.0464298
0.0538966
0.0485056
0.0496462
0.0474106
0.0604282
0.0334192
0.045598
0.0402951
0.0447348
0.05025
0.051918
0.0479988
0.0499993
0.0452193
0.0452159
0.0539619
0.0533802
0.0515653
0.0545488
0.0461061
0.0446003
0.0503173
0.0460901
0.0518661
0.0498351
0.0442064
0.0520947
0.0405212
0.0599502
0.0418776
0.056205
0.0491264
0.0519113
0.0375805
0.0524573
0.0429209
0.0507232
0.0431837
0.0481528
0.0459451
0.0423141
0.0498044
0.0523885
0.0474038
0.0458215
0.0505851
0.049006
0.03915
0.055508
0.0482758
0.0608927
0.0533496
0.0469871
0.0375493
0.0447619
0.0519163
0.0597124
0.0560379
0.0541365
0.0611616
0.0578736
0.0542816
0.0597594
0.0522049
0.0596313
0.0458635
0.0615935
0.065884
0.0489
0.0510207
0.0450382
0.0607838
0.0574474
0.0635669
0.0700145
0.0652397
0.0600344
0.0460964
0.0581129
0.0573225
0.0375635
0.0606779
0.055063
0.0655419
0.0615166
0.0571825
0.0637901
0.0582495
0.048799
0.0604299
0.0522811
0.0552979
0.0604361
0.0465425
0.0512294
0.0452243
0.0566767
0.0540214
0.0532718
0.0591299
0.0497664
0.0589485
0.0407663
0.0426967
0.0592664
0.0474914
0.0440394
0.0580028
0.0467807
0.0470132
0.0575317
0.0550354
0.0482734
0.0539272
0.042506
0.0430784
0.0613165
0.0491386
0.0462866
0.0531619
0.0486564
0.033454
0.0540791
0.0525342
0.0579718
0.0627729
0.0583492
0.0574378
0.0659794
0.0419242
0.032603
0.065563
0.0529293
0.0398146
0.0447807
0.0446017
0.0465187
0.0512333
0.0431379
0.037256
0.0442825
0.0370794
0.0441962
0.0591858
0.0445127
0.059611
0.0434533
0.0408042
0.040323
0.0378874
0.0489991
0.0392459
0.0375955
0.0284834
0.0447445
0.0499479
0.0522811
0.0470514
0.0438202
0.0525614
0.0458299
0.0458855
0.0401701
0.0523175
0.0343633
0.0543423
0.0379145
0.0423886
0.0447901
0.0448189
0.0469411
0.0511333
0.0459732
0.047998
0.0426881
0.0481613
0.0473324
0.0455621
0.0379985
0.0457748
0.0432366
0.043483
0.0442587
0.0476465
0.0355984
0.0571883
0.0469007
0.0432813
0.0614344
0.0385858
0.0504616
0.0390792
0.0571574
0.0363565
0.0550453
0.0494327
0.0347263
0.0337563
0.0449052
0.0332664
0.0499297
0.0393163
0.0387499
0.0419662
0.0463064
0.0408228
0.0368883
0.0403804
0.0416497
0.0417756
0.0474369
0.0415701
0.0493669
0.0422753
0.0450504
0.045756
0.0494659
0.0411582
0.045479
0.0510387
0.0587681
0.0421638
0.0438191
0.0421966
0.0470842
0.0489132
0.0447311
0.0545505
0.0489273
0.0523503
0.055798
0.0488433
0.0518054
0.0495977
0.0513271
0.0469385
0.0569129
0.0520525
0.0468566
0.0538714
0.043744
0.0479529
0.0507999
0.0510715
0.0527953
0.0513955
0.0524878
0.0620606
0.0594701
0.0594466
0.0706257
0.0866459
0.121578
0.197178
0.409504
0.623728
0.719437
0.734982
0.7028
0.582547
0.331697
0.163351
0.101265
0.0774705
0.0671134
0.0579211
0.0542927
0.0647163
0.0528123
0.0497311
0.0499242
0.0543518
0.0543954
0.0565327
0.0468283
0.0514746
0.0455063
0.0483365
0.0507982
0.0507023
0.0438259
0.0480391
0.0450598
0.0479532
0.0477258
0.0485334
0.0543013
0.0558839
0.053151
0.0500583
0.0541339
0.0570098
0.0557296
0.0702193
0.0526261
0.0646551
0.0547104
0.0578479
0.0523229
0.0590175
0.0543192
0.0546581
0.0535353
0.0579284
0.0571555
0.0576413
0.0547125
0.0562812
0.0546196
0.0565895
0.0537242
0.0591204
0.0518129
0.0489173
0.0557592
0.0589638
0.0562767
0.0552273
0.0572098
0.0463977
0.0564512
0.0514126
0.0541332
0.0600918
0.0429565
0.0446489
0.0545509
0.0486249
0.0642693
0.0476253
0.0455829
0.0395329
0.0537595
0.0488046
0.04161
0.0521156
0.0527741
0.0520106
0.0558291
0.0540741
0.0485401
0.0535068
0.0500561
0.0472552
0.0512043
0.0397035
0.0437474
0.0537464
0.0524553
0.0510565
0.0501868
0.0466786
0.0537572
0.0487871
0.0470211
0.0471614
0.0546967
0.0497072
0.0359695
0.0539103
0.036336
0.0498981
0.0548066
0.0524329
0.0464145
0.0481374
0.0580733
0.0607909
0.0629068
0.0418191
0.0450202
0.0533783
0.06818
0.0523691
0.0536128
0.0590611
0.0475781
0.0580945
0.0530785
0.0563529
0.0618258
0.0415021
0.0597622
0.0430461
0.0613867
0.0447952
0.049112
0.0515322
0.0447355
0.0589057
0.0461683
0.0517837
0.0634501
0.050872
0.0565432
0.0364761
0.0300108
0.0431099
0.064854
0.051721
0.0621953
0.0558263
0.0494313
0.0285409
0.0873761
0.0193879
0.0482828
0.0683963
0.0711028
0.06811
0.070149
0.0732858
0.0524076
0.0541786
0.0687858
0.0595272
0.0387076
0.0480805
0.0611598
0.0574156
0.0319672
0.0522055
0.0471803
0.0407226
0.0308134
0.0858062
0.0588315
0.0289057
0.0620042
0.0754791
0.0638589
0.0780333
0.112317
0.0708259
0.0389788
0.0469595
0.0729687
0.0675743
0.0329992
0.0549842
0.0444664
0.0654752
0
0.0402626
0.0876744
0.0597306
0.0467519
0.0410056
0.0616105
0.0720346
0.0576557
0.0441995
0.057993
0.0621768
0.058498
0.0472953
0.0323946
0.0303146
0.0178916
0.0455952
0.0639207
0.0535859
0.0546198
0.0643243
0.0327247
0.0645333
0.0414005
0.0664318
0.0720041
0.0388084
0.0579273
0.0548006
0.0381625
0.0648746
0.0857234
0.0733594
0.0906666
0.087098
0.0677961
0.0805542
0.058112
0.0731147
0.0694601
0.0532022
0.054286
0.052999
0.0453519
0.0566217
0.0590022
0.0518457
0.0559088
0.0625205
0.0669299
0.0529281
0.0437318
0.0657683
0.0662453
0.0462229
0.0546328
0.0630686
0.070521
0.0653488
0.0563978
0.0720118
0.0820335
0.0928072
0.0743558
0.0891201
0.0856943
0.0982373
0.111021
0.103619
0.111172
0.115816
0.10952
0.0931711
0.0779534
0.059805
0.0453128
0.0347313
0.0490885
0.0616446
0.0423941
0.0412621
0.049399
0.0659556
0.0358621
0.0601562
0.0586404
0.0526406
0.0561187
0.0360289
0.0554679
0.0304919
0.0353515
0.0484055
0.0512841
0.0425737
0.048006
0.0417756
0.0544573
0.0510948
0.0366452
0.0384591
0.047509
0.0493185
0.0427034
0.0400144
0.0439262
0.0588298
0.0492519
0.0505891
0.0500392
0.063321
0.0416434
0.0468631
0.0473795
0.0571013
0.0406615
0.0442475
0.0477439
0.0464825
0.0527308
0.0454906
0.0410804
0.0418492
0.0453427
0.0624455
0.0586367
0.0561013
0.0502113
0.0364322
0.0558597
0.0444748
0.0566943
0.0574148
0.0399272
0.0635998
0.0433799
0.0411995
0.054021
0.046462
0.0622531
0.0579669
0.0514479
0.0526476
0.0654459
0.0432674
0.0503671
0.0563435
0.0532452
0.0613749
0.0652743
0.0575183
0.0582646
0.0620141
0.0610673
0.05976
0.0571108
0.053776
0.0597335
0.0558188
0.0532468
0.0487971
0.0563328
0.0483101
0.0464249
0.0429918
0.0575329
0.0565158
0.0571786
0.0474262
0.0571803
0.0595857
0.0559789
0.0600661
0.0555454
0.0547347
0.0667137
0.0676118
0.0782766
0.0737444
0.0693787
0.0772501
0.0906129
0.0808817
0.0803591
0.0795343
0.095871
0.0915386
0.0876611
0.0791254
0.0685513
0.0571471
0.0643524
0.0462691
0.052845
0.0426196
0.0515321
0.0507749
0.0514784
0.050205
0.0512551
0.0455829
0.0467112
0.0562843
0.0532729
0.0547665
0.0530408
0.0608901
0.0531797
0.0505285
0.0484982
0.0571345
0.0588569
0.0688808
0.0634242
0.0619496
0.0629923
0.0583829
0.0655768
0.0729854
0.0711819
0.0810218
0.0840453
0.092647
0.0912346
0.0933914
0.09525
0.0975024
0.0974541
0.0913982
0.0878796
0.0790434
0.0788149
0.0602651
0.0603044
0.0637275
0.06577
0.0719383
0.0704811
0.0689715
0.061488
0.064176
0.0750152
0.0498112
0.0540435
0.0432134
0.0642988
0.0682397
0.0610732
0.0538474
0.066311
0.0612904
0.0689601
0.0690719
0.0616895
0.0692775
0.0715956
0.0602181
0.0696465
0.0751004
0.0757063
0.0805107
0.080457
0.0815402
0.086393
0.0836896
0.0874564
0.0909239
0.0890604
0.0876889
0.0902787
0.0868918
0.0742867
0.0731658
0.0705697
0.0718302
0.0682119
0.0661522
0.0579989
0.0607485
0.0625601
0.0536471
0.0568018
0.0550583
0.0614298
0.0735321
0.061708
0.0770401
0.050571
0.0562216
0.0580861
0.060233
0.0524801
0.0525001
0.0529879
0.0591165
0.0447133
0.0609045
0.0604524
0.053036
0.0554886
0.0544543
0.0515532
0.0599853
0.0377013
0.0479055
0.053755
0.0582584
0.0556711
0.042114
0.0518833
0.0463665
0.0550226
0.0420689
0.0420519
0.0501225
0.0545974
0.0396544
0.0539451
0.0545953
0.0452709
0.0435638
0.038469
0.0461634
0.0375971
0.0444961
0.0382651
0.0392486
0.0525571
0.0390673
0.0395228
0.0458865
0.0484319
0.0455661
0.0439051
0.0633356
0.0494532
0.0618952
0.0601389
0.0677706
0.0669914
0.0839846
0.0756709
0.0765529
0.0775134
0.0794457
0.0814947
0.0810402
0.0893081
0.0931276
0.0839637
0.0909316
0.0915484
0.106603
0.0995278
0.0875908
0.0841871
0.0760286
0.090796
0.082281
0.0635858
0.0764435
0.0845862
0.0782815
0.0830418
0.0879817
0.0912266
0.0970449
0.0812015
0.066949
0.0787738
0.0692706
0.0864538
0.0627826
0.0816455
0.0872705
0.0922316
0.0713325
0.0825697
0.0831396
0.0924067
0.101798
0.0801729
0.111161
0.095934
0.0995668
0.10435
0.105741
0.130403
0.0973544
0.117225
0.12303
0.11873
0.102102
0.108652
0.106305
0.0992677
0.115649
0.0887323
0.0808114
0.105217
0.0775686
0.0702962
0.0674969
0.0745748
0.0695967
0.0795391
0.055847
0.0781986
0.0474341
0.063072
0.0567394
0.066689
0.106463
0.0551637
0.0979069
0.0994475
0.111246
0.104421
0.101933
0.114778
0.109421
0.0898913
0.104016
0.0821223
0.114727
0.101327
0.135239
0.105183
0.094557
0.0957369
0.136036
0.126438
0.131526
0.132427
0.121794
0.134813
0.136481
0.139911
0.122504
0.125581
0.12521
0.123314
0.113554
0.137741
0.121443
0.11784
0.107818
0.103956
0.0911824
0.105339
0.0851759
0.0610864
0.0935519
0.0693672
0.109573
0.0780027
0.0525277
0.0593108
0.0705936
0.0962475
0.0662755
0.0599942
0.0710366
0.080821
0.100643
0.072675
0.0846392
0.0562416
0.112258
0.0884967
0.107627
0.115257
0.114098
0.102105
0.115967
0.111656
0.0784186
0.104075
0.0941822
0.121657
0.113084
0.103993
0.167658
0.109812
0.107218
0.0931985
0.118819
0.135389
0.12357
0.136722
0.139739
0.118057
0.139762
0.147999
0.128207
0.137331
0.121295
0.132283
0.114111
0.120112
0.141268
0.102824
0.0966174
0.110354
0.0902219
0.0985417
0.0741061
0.0715987
0.144839
0.0550373
0.0659463
0.115461
0.0230022
0.0824811
0.119506
0.0924316
0.119388
0.0642386
0.0443751
0.120479
0.12958
0.113793
0.0930899
0.160699
0.0813739
0.10344
0.0875635
0.098711
0.0856309
0.10787
0.0948152
0.0981793
0.115051
0.108208
0.0869641
0.0934361
0.0911344
0.0475496
0.0295961
0.148473
0.125152
0.120673
0.0800949
0.0540483
0.0713563
0.0329529
0.0615407
0.0856274
0.0995018
0.0728852
0.0290001
0.0822641
0.106765
0.069207
0.0880177
0.134239
0.125708
0.0813425
0.0911932
0.0925197
0.0945612
0.125111
0.059917
0.1186
0.113624
0.0954687
0.0841569
0.10104
0.109245
0.105304
0.100442
0.121508
0.096814
0.120846
0.0576855
0.092754
0.0906362
0.0860572
0.0416498
0.119244
0.0772764
0.0882511
0.119553
0.0518104
0.0911088
0.0961368
0.0822948
0.0488506
0.107813
0.101718
0.0747859
0.134782
0.121076
0.0913631
0.0842389
0.125734
0.0543789
0.0724953
0.0483107
0.149941
0.0724467
0.108509
0.0666201
0.0695651
0.0767451
0.0832292
0.11876
0.0870957
0.0580629
0.0567859
0.0927302
0.0787041
0.0346216
0.115346
0.0962208
0.10945
0.106831
0.0877231
0.106593
0.1009
0.0829869
0.118786
0.0938888
0.16419
0.136988
0.10556
0.136283
0.110496
0.101806
0.0898578
0.0927344
0.0971093
0.125003
0.0640862
0.0772966
0.0959166
0.103139
0.0987768
0.0714433
0.0734256
0.0973354
0.0549793
0.075508
0.0668354
