0.110694
0.116533
0.122146
0.110117
0.10747
0.117558
0.120085
0.12005
0.122295
0.126411
0.135005
0.128604
0.134483
0.136688
0.141356
0.134407
0.133079
0.141773
0.136563
0.127677
0.135505
0.12187
0.124785
0.132762
0.132778
0.130607
0.140293
0.13334
0.139629
0.140897
0.146129
0.143868
0.148041
0.144973
0.146372
0.145753
0.146435
0.146833
0.140747
0.138384
0.124569
0.132384
0.132408
0.131965
0.137944
0.13819
0.139325
0.144142
0.14462
0.146638
0.149521
0.153459
0.160214
0.162061
0.162724
0.161028
0.154017
0.1467
0.14598
0.13631
0.136075
0.123024
0.101017
0.102894
0.105017
0.0936518
0.101722
0.109585
0.101594
0.109959
0.115745
0.118999
0.11998
0.117016
0.125211
0.120657
0.113845
0.118565
0.114798
0.116518
0.107653
0.115224
0.1035
0.110457
0.114081
0.114854
0.122253
0.124366
0.123388
0.129045
0.130568
0.128108
0.130919
0.132644
0.131311
0.132728
0.131598
0.1252
0.129095
0.128286
0.134019
0.13583
0.139096
0.136065
0.133693
0.139469
0.135584
0.138565
0.143461
0.141914
0.13944
0.139235
0.142811
0.1408
0.138042
0.134594
0.133225
0.120334
0.119525
0.108479
0.11438
0.121558
0.119264
0.121279
0.131346
0.128016
0.137867
0.136627
0.141046
0.146306
0.145005
0.146303
0.149571
0.154422
0.15562
0.153322
0.148762
0.147035
0.138729
0.132535
0.128665
0.121032
0.111143
0.126826
0.109631
0.107683
0.111024
0.122839
0.119591
0.127539
0.129914
0.134437
0.129784
0.138255
0.136789
0.139553
0.143655
0.143099
0.146951
0.146747
0.147113
0.147424
0.140476
0.141513
0.140413
0.130231
0.122704
0.112688
0.120925
0.127744
0.127791
0.120868
0.129161
0.128833
0.126528
0.133593
0.131767
0.120932
0.115584
0.117666
0.115569
0.105241
0.0981845
0.109173
0.104149
0.110382
0.115324
0.115832
0.120441
0.123387
0.12782
0.125072
0.12736
0.131901
0.126654
0.128989
0.130118
0.124144
0.115014
0.11401
0.0999051
0.090594
0.0894378
0.097254
0.091258
0.0984971
0.10429
0.110805
0.104301
0.111641
0.117886
0.122814
0.123708
0.123025
0.129645
0.130232
0.136581
0.135617
0.133798
0.137167
0.135559
0.130484
0.126148
0.123368
0.113437
0.103404
0.100831
0.0901538
0.0979894
0.0870216
0.0951972
0.100679
0.104933
0.106808
0.113289
0.120449
0.117473
0.120107
0.125655
0.122459
0.126341
0.130812
0.134265
0.135005
0.142424
0.141896
0.137008
0.139638
0.13777
0.138163
0.137727
0.136291
0.12922
0.128558
0.123888
0.113083
0.0982786
0.0962068
0.0982735
0.0850664
0.0882688
0.0955231
0.0896916
0.0863747
0.0902208
0.0964055
0.0853714
0.0992072
0.0996611
0.102615
0.111891
0.117904
0.116792
0.1297
0.137413
0.131876
0.133917
0.14199
0.1383
0.143175
0.143662
0.131248
0.133521
0.128784
0.12834
0.134288
0.116014
0.113043
0.106077
0.0991293
0.0949821
0.0839074
0.0858656
0.0867902
0.0882539
0.0943869
0.0869097
0.0918643
0.0971508
0.11322
0.103902
0.093075
0.102414
0.11702
0.107322
0.126409
0.120037
0.124537
0.123407
0.131907
0.124963
0.127491
0.107566
0.108802
0.0837319
0.0675421
0.0888637
0.0861039
0.0679778
0.0711552
0.0831025
0.0783502
0.0826221
0.0907484
0.0751448
0.0937524
0.0945334
0.099027
0.0872181
0.0949932
0.100711
0.0984186
0.106462
0.115006
0.123393
0.120963
0.122782
0.122722
0.122635
0.12766
0.116385
0.125972
0.114321
0.108192
0.104423
0.081565
0.0715061
0.070744
0.0632104
0.077825
0.0665144
0.0803378
0.0699394
0.0841156
0.077152
0.0789218
0.0973475
0.094691
0.0711557
0.0936574
0.0827093
0.087703
0.084974
0.101208
0.0998695
0.097624
0.103038
0.111779
0.107839
0.112405
0.112183
0.126871
0.12688
0.121324
0.128656
0.128082
0.128487
0.117132
0.108764
0.111152
0.0882534
0.0893745
0.0705924
0.0806207
0.0965337
0.0812503
0.0849095
0.0793494
0.080616
0.0708615
0.0761212
0.0760099
0.0772741
0.0878705
0.09814
0.095659
0.0988122
0.089039
0.0938776
0.105778
0.116317
0.119835
0.123535
0.113889
0.122631
0.108192
0.114659
0.119233
0.119235
0.12611
0.117516
0.109973
0.120835
0.114392
0.114426
0.121825
0.107868
0.10406
0.0845728
0.0852874
0.0803904
0.0874087
0.0702199
0.0766791
0.0929353
0.0910285
0.107678
0.106326
0.10406
0.106616
0.111814
0.118639
0.119646
0.116758
0.120542
0.107729
0.130665
0.111423
0.120218
0.118691
0.120304
0.103106
0.0815648
0.0615993
0.0697084
0.0797472
0.0751383
0.0751479
0.0699567
0.073441
0.0750638
0.056209
0.06829
0.0536063
0.0692252
0.0870458
0.0673397
0.0782113
0.0877112
0.0760015
0.0953047
0.0907144
0.0903179
0.0902118
0.0875646
0.0826577
0.0904891
0.0995344
0.103722
0.109057
0.102673
0.115511
0.119355
0.133603
0.103544
0.103407
0.121334
0.125085
0.110398
0.0932119
0.06641
0.0743897
0.0870732
0.0541554
0.0653998
0.0591151
0.0650473
0.084625
0.104363
0.0795399
0.0943745
0.164031
0.229548
0.290831
0.365683
0.443295
0.470439
0.483856
0.407603
0.319297
0.203055
0.12391
0.089339
0.085868
0.0861355
0.0943045
0.0923026
0.0837706
0.0750605
0.0855896
0.0843509
0.084185
0.100193
0.0930518
0.102978
0.106785
0.112849
0.114216
0.113529
0.105525
0.103571
0.107064
0.0860591
0.0675748
0.098093
0.0688027
0.0948995
0.0994864
0.0954504
0.0701864
0.0929107
0.0679507
0.111447
0.0810435
0.0826868
0.0960527
0.0865812
0.0861302
0.101305
0.108488
0.100536
0.1102
0.103011
0.103716
0.100202
0.0878324
0.0849749
0.0739841
0.101796
0.0921107
0.0782046
0.0801815
0.0736609
0.0889112
0.0873201
0.0768827
0.047597
0.0813441
0.0819952
0.0553152
0.0883462
0.0776512
0.0843159
0.0789213
0.0840255
0.0861991
0.0866628
0.087453
0.0871602
0.0773634
0.0876754
0.0778832
0.08546
0.0858792
0.0942803
0.0680037
0.0891801
0.0849331
0.0916977
0.0984608
0.105425
0.105423
0.0948762
0.102795
0.0972351
0.0841778
0.0833156
0.08143
0.0896432
0.0682271
0.0831778
0.0702643
0.0703644
0.0457706
0.0604031
0.0587529
0.0835963
0.059883
0.0717618
0.0546556
0.0644472
0.0661012
0.0522671
0.0642367
0.0579594
0.0770187
0.0683342
0.0608838
0.067232
0.0548873
0.0678269
0.0740954
0.0698013
0.0873321
0.0654485
0.0554102
0.0497319
0.0754749
0.0767125
0.0710457
0.0776285
0.0817615
0.0895726
0.0638779
0.0585809
0.0712205
0.0839669
0.0737399
0.0786671
0.0892836
0.0715746
0.0883755
0.0798147
0.0652392
0.0680988
0.062805
0.0838104
0.0541377
0.0684498
0.0705146
0.05913
0.0712732
0.0825147
0.0566726
0.0709367
0.0719276
0.091766
0.0706158
0.0591164
0.0825236
0.0753757
0.0571323
0.0697374
0.0760767
0.0724309
0.0941023
0.0697011
0.0734714
0.0816067
0.0745881
0.0574298
0.0454819
0.041177
0.0637752
0.0766249
0.0879795
0.0727813
0.0635524
0.0502486
0.0619644
0.0541973
0.0837924
0.0527615
0.0770075
0.061802
0.076301
0.0963957
0.0522209
0.0864972
0.0796238
0.090267
0.0857823
0.0851262
0.07676
0.0724706
0.0630573
0.0886787
0.0622305
0.0860339
0.0839536
0.079461
0.0734928
0.082374
0.0920486
0.0669787
0.0559432
0.0733801
0.0756214
0.0656267
0.0556273
0.0618196
0.0705951
0.0645881
0.0421882
0.0497996
0.0596394
0.0469813
0.042774
0.0485518
0.0492089
0.0479807
0.0543787
0.0522809
0.05525
0.0391922
0.0420446
0.0501241
0.0457921
0.0416136
0.0265926
0.0383438
0.0528223
0.0536516
0.0497884
0.0495425
0.045869
0.0467985
0.054974
0.0372326
0.0527398
0.0545053
0.0462884
0.0596702
0.0458485
0.0466941
0.0454939
0.04741
0.0306303
0.0453569
0.0423082
0.057628
0.0467668
0.0606812
0.0587527
0.0610925
0.0665782
0.0487659
0.0422283
0.0508281
0.055676
0.0541086
0.0429768
0.0357111
0.0592456
0.0527592
0.0393878
0.0455827
0.0457236
0.0444234
0.0435448
0.0528189
0.0522856
0.0445011
0.0331896
0.0531031
0.0540676
0.0461857
0.0398724
0.0538875
0.0539093
0.0644727
0.0471722
0.0445104
0.059156
0.0649122
0.0381708
0.0449128
0.048707
0.0594198
0.0605071
0.0499189
0.0738744
0.0429646
0.0409743
0.0687323
0.0712809
0.0489967
0.0580462
0.0596999
0.0578788
0.0590067
0.045438
0.0466486
0.0552921
0.0604665
0.028642
0.0506984
0.0586018
0.0672767
0.0471532
0.0708519
0.0691753
0.0492653
0.0577606
0.0681159
0.0806219
0.0699962
0.0661748
0.0661252
0.0716097
0.0679021
0.0342004
0.0715444
0.0546505
0.0770348
0.0638441
0.0501462
0.0807846
0.063176
0.0611344
0.0333103
0.0590737
0.051321
0.0469809
0.0243971
0.0511561
0.0760766
0.0607215
0.0890597
0.0739561
0.0550881
0.0713955
0.0269699
0.0573048
0.0902983
0.0375157
0.0280135
0.0467746
0.0393207
0.0754905
0.0355748
0.0395148
0.07969
0.0456548
0.0540689
0.0401666
0.0647659
0.0363251
0.0491812
0.0394451
0.058655
0.0547577
0.035884
0.07472
0.0522868
0.0529131
0.0620525
0.044279
0.0505918
0.0516023
0.0476166
0.0497282
0.0451977
0.0518188
0.0537251
0.0530448
0.0584678
0.050283
0.0537889
0.0502133
0.054437
0.0466656
0.054607
0.0574814
0.047251
0.0500001
0.046429
0.0435979
0.0470611
0.0385157
0.0428072
0.0415145
0.0429853
0.0367233
0.041593
0.0420085
0.0503552
0.0442003
0.0445619
0.0462402
0.0437286
0.0421375
0.042476
0.0420087
0.0426408
0.0474638
0.0387701
0.0462655
0.0324798
0.0352927
0.0341724
0.0366045
0.0302589
0.0318075
0.0433759
0.041038
0.0367007
0.0323408
0.04231
0.0401467
0.0291567
0.0402696
0.0427427
0.0388229
0.044589
0.0357293
0.0461476
0.0430596
0.0424887
0.0286201
0.0326755
0.0380188
0.0394495
0.0416793
0.038558
0.0424463
0.0464366
0.0517498
0.0456933
0.0400009
0.0519592
0.0409249
0.0459357
0.0404017
0.0385921
0.039195
0.0400505
0.0359532
0.0417337
0.0403958
0.038938
0.0478396
0.0393779
0.0346867
0.0316778
0.0397519
0.0335334
0.0358552
0.0401379
0.036433
0.0378099
0.0423661
0.0382058
0.0358841
0.0423592
0.035447
0.0342632
0.0412136
0.0428993
0.0333061
0.0457688
0.0369904
0.0314749
0.0389386
0.0370493
0.0457984
0.0320151
0.0364271
0.0377925
0.043412
0.0438737
0.0370926
0.034855
0.0445028
0.0464388
0.0382532
0.0448003
0.0394676
0.0337412
0.0357585
0.0405163
0.0383988
0.0491089
0.0422069
0.046094
0.0424054
0.0370025
0.0539059
0.03214
0.0459765
0.0388931
0.0349464
0.0427978
0.0423232
0.0340249
0.042451
0.0503927
0.0431613
0.0424648
0.0413545
0.040516
0.0436254
0.0416553
0.0485751
0.0407791
0.0440973
0.0513472
0.045249
0.0346405
0.0461659
0.0434981
0.0589021
0.0461917
0.0437166
0.0469857
0.0463863
0.0366286
0.0542967
0.0426565
0.0568865
0.041881
0.0576782
0.0583314
0.0511854
0.0406668
0.0459475
0.0492027
0.0591038
0.0466292
0.0427807
0.0494725
0.0539966
0.0519129
0.0525811
0.0510879
0.0486285
0.050385
0.0541791
0.0355987
0.0456295
0.0452664
0.0481823
0.0429545
0.0541593
0.0534296
0.0487908
0.0459647
0.0530341
0.0614595
0.0463196
0.0556519
0.0466951
0.0361548
0.0471371
0.0396757
0.0462489
0.0409855
0.0529182
0.0614723
0.0547798
0.0460799
0.0430372
0.0684736
0.0456445
0.0484122
0.0308328
0.0379004
0.0464201
0.0369906
0.0454825
0.0435486
0.0461782
0.0440476
0.0426227
0.0516032
0.0413197
0.031354
0.0519141
0.0442146
0.0428976
0.0422903
0.032769
0.0416559
0.0535283
0.041876
0.036401
0.0364015
0.0570362
0.0219463
0.0450041
0.0446615
0.039155
0.0449639
0.0376112
0.0392707
0.0459649
0.0302546
0.0501804
0.0548949
0.0372507
0.0346768
0.0386719
0.0357438
0.0337746
0.04334
0.0420258
0.048852
0.0391933
0.0399554
0.0400993
0.0430307
0.0483723
0.0387089
0.0329597
0.0354672
0.0419568
0.0438883
0.0422372
0.045193
0.0483479
0.0458712
0.0416842
0.0427765
0.0344594
0.045923
0.0364976
0.0389827
0.0417923
0.0326953
0.0361538
0.0447824
0.0414705
0.0417304
0.039477
0.0411074
0.0419234
0.034141
0.040765
0.045205
0.0375739
0.0349103
0.0381571
0.039182
0.043505
0.0421468
0.0331396
0.0424198
0.0390232
0.0396057
0.0337236
0.0490396
0.0400943
0.0324421
0.0418111
0.0366002
0.0450419
0.0438055
0.023297
0.0349378
0.0389625
0.0326287
0.0326632
0.0383975
0.0333902
0.0333093
0.0400173
0.0415401
0.0408682
0.0370449
0.0391063
0.0395384
0.0349288
0.0385684
0.0449095
0.0372731
0.0353555
0.0402236
0.0407987
0.0390264
0.0435055
0.0422095
0.0367965
0.0383006
0.0458331
0.0502394
0.0347714
0.0515062
0.0403946
0.0382545
0.0456229
0.0423822
0.0430433
0.0411926
0.0434559
0.0408347
0.0478458
0.0424024
0.0426535
0.0448561
0.0404728
0.0452366
0.045134
0.0481701
0.0446316
0.0446765
0.0460686
0.0486741
0.0425094
0.0470547
0.052967
0.0602497
0.0667085
0.076446
0.113064
0.192688
0.400171
0.617165
0.722177
0.730138
0.699734
0.57629
0.327229
0.148885
0.0951964
0.0654753
0.0549875
0.0507793
0.0535986
0.050864
0.0483184
0.0470216
0.0437557
0.0536851
0.0482368
0.0479095
0.0429444
0.0450514
0.0376414
0.0434635
0.0432274
0.0380176
0.0357687
0.0412607
0.0448288
0.0383917
0.0382669
0.0414066
0.045475
0.0463001
0.0447658
0.041278
0.0558905
0.0442934
0.0506981
0.0679578
0.0492028
0.0575651
0.0484901
0.050113
0.0561354
0.0521878
0.0460944
0.0486713
0.0487849
0.0563909
0.0514916
0.046992
0.0543047
0.0519978
0.0502951
0.0439269
0.0459381
0.0440501
0.0460731
0.0397023
0.0475464
0.0519673
0.0487411
0.041077
0.0552124
0.0452729
0.0491149
0.0509219
0.0516892
0.0499212
0.0424288
0.0340959
0.0456311
0.0367464
0.0574145
0.0413019
0.0429773
0.0413524
0.0381255
0.0449348
0.0367
0.0384115
0.0403006
0.0404794
0.0529897
0.0426772
0.0354944
0.0479406
0.0470835
0.0422573
0.0412993
0.0426892
0.0410161
0.043632
0.0444177
0.0443312
0.0482552
0.0417641
0.0457366
0.0459253
0.0456047
0.0395034
0.0671313
0.0450709
0.0394809
0.0447804
0.0363711
0.0431412
0.0508979
0.033541
0.034247
0.0354167
0.0600471
0.0526877
0.0470365
0.0437326
0.0454776
0.0439137
0.0553216
0.0458138
0.0475406
0.0499258
0.0409194
0.0540489
0.0453089
0.0531893
0.04602
0.0440149
0.0486056
0.0437831
0.0573393
0.0336517
0.0385105
0.0348976
0.0371808
0.0470963
0.0416583
0.0440592
0.0540627
0.0534018
0.0497726
0.0442942
0.0277869
0.0463352
0.0517893
0.0488277
0.0566503
0.0538672
0.0366384
0.031896
0.0408401
0.0351342
0.044686
0.0469753
0.0601505
0.0413646
0.0569074
0.0697386
0.0246729
0.0313775
0.0675641
0.0531713
0.03337
0.0499594
0.0477328
0.0548438
0.0385258
0.0521471
0.0732289
0.0323199
0.0346525
0.0657805
0.0531261
0.00995199
0.0451308
0.0744494
0.0780769
0.056138
0.0686162
0.0528943
0.0595355
0.0732333
0.0397305
0.0721944
0.0313561
0.0547383
0.0229533
0.0390176
0.0137086
0.0503877
0.0756965
0.0714175
0.0375004
0.0260915
0.0597956
0.0408451
0.074676
0.0463018
0.0567718
0.0412661
0.0639744
0.015158
0.00779795
0.0334555
0.0117536
0.0500263
0.029168
0.0436086
0.0645635
0.0448077
0.0379574
0.0619844
0.0287029
0.0311185
0.0402761
0.0428152
0.0622132
0.0336614
0.0434674
0.0491322
0.0623629
0.0630241
0.0708465
0.0687514
0.0700373
0.0686294
0.049641
0.0527544
0.0531199
0.0527437
0.0403222
0.0414267
0.0397494
0.0554161
0.0326534
0.0560644
0.0581921
0.0501342
0.0578554
0.0354997
0.0526897
0.0603325
0.0459693
0.0360417
0.0608485
0.0519635
0.0538799
0.0548928
0.0689402
0.0602729
0.0709537
0.0941679
0.0666044
0.100689
0.0795717
0.0870335
0.0975
0.101936
0.106178
0.108767
0.105525
0.0847355
0.068309
0.0486613
0.0374826
0.0428224
0.0377007
0.0473037
0.0535875
0.0383343
0.0372744
0.0635007
0.0356213
0.0521883
0.0550857
0.0468001
0.0555108
0.055344
0.0307179
0.0323676
0.0362189
0.0473994
0.0402471
0.0418636
0.0441316
0.0496235
0.0389604
0.0433329
0.0322916
0.0339278
0.0432478
0.0458974
0.0355086
0.0347296
0.0367716
0.0454247
0.0519669
0.0444057
0.045563
0.0486634
0.0372186
0.0497786
0.0467243
0.0417927
0.0317742
0.0325839
0.0301946
0.0443942
0.0470908
0.0395121
0.0388107
0.0322557
0.0369567
0.0494576
0.0493373
0.0585195
0.054432
0.0388933
0.0414014
0.0418389
0.0410507
0.0504765
0.0300862
0.0479794
0.0435359
0.0441238
0.0396905
0.0453652
0.0453698
0.0522112
0.0392183
0.0579546
0.0508968
0.0468535
0.051318
0.0461578
0.0511572
0.0576729
0.0524179
0.0493642
0.0562482
0.0501334
0.0469093
0.050394
0.0493318
0.0510585
0.0506345
0.0477506
0.0429885
0.0380409
0.0434295
0.0422326
0.0431943
0.0438383
0.0490341
0.0464275
0.0511096
0.0418412
0.0581029
0.0499594
0.0467314
0.0586268
0.0512227
0.0495778
0.0606503
0.067109
0.0789535
0.0644259
0.0612215
0.07138
0.0684793
0.0697977
0.0754084
0.0740842
0.084725
0.0859353
0.0865647
0.0625655
0.0560728
0.0553173
0.0497318
0.0454289
0.0354023
0.0451615
0.0532385
0.0519135
0.0512887
0.0482609
0.047958
0.0412534
0.0456168
0.0524089
0.0435693
0.0437193
0.0479073
0.05578
0.0505543
0.043173
0.0515508
0.0552965
0.0518534
0.0565906
0.0557944
0.061122
0.0573707
0.0555542
0.0610199
0.0577896
0.0695702
0.0756197
0.0819801
0.0808411
0.0879122
0.0910333
0.0879587
0.0977509
0.0913859
0.0868351
0.0766516
0.061882
0.0668914
0.0674484
0.0495487
0.0617356
0.0491404
0.0592876
0.0534883
0.0502554
0.050177
0.0604458
0.0653838
0.0380123
0.0557077
0.0515054
0.0549966
0.0586426
0.0467049
0.043984
0.0561005
0.0606013
0.0546856
0.0658822
0.0612211
0.0649783
0.0631932
0.0600554
0.066246
0.0679978
0.0760586
0.0718191
0.0694449
0.0763729
0.0806094
0.0787268
0.0794473
0.0911151
0.0889592
0.0872601
0.0856544
0.0788045
0.0714681
0.068115
0.0629372
0.0676361
0.0620466
0.0569062
0.0549384
0.0503227
0.0615859
0.0503167
0.0434241
0.0594545
0.0513943
0.0735875
0.0471401
0.0615485
0.0434477
0.051748
0.049959
0.053305
0.0500885
0.0509307
0.0470464
0.0278421
0.0418439
0.0503263
0.0571337
0.0530751
0.0451965
0.0444621
0.0361815
0.0499043
0.0372244
0.0427391
0.0427316
0.0494567
0.0362772
0.0385394
0.0486912
0.0464466
0.0442657
0.0430376
0.0464709
0.0433914
0.0532664
0.0426052
0.0453433
0.0421039
0.0351173
0.0483105
0.038604
0.0380012
0.0327701
0.0281161
0.0329314
0.0258003
0.0376046
0.0320769
0.031526
0.0353288
0.0452512
0.0425094
0.0305188
0.0553607
0.049984
0.0530495
0.0510426
0.0577419
0.0634498
0.0696029
0.0727773
0.0701153
0.0728803
0.072039
0.0700199
0.0755387
0.077197
0.0923347
0.0808719
0.0905997
0.0838303
0.091427
0.0994015
0.0812349
0.0702659
0.0912944
0.0780497
0.077941
0.0555609
0.0659191
0.0742382
0.0777815
0.0791742
0.0874174
0.0763353
0.0791115
0.0851644
0.0592676
0.0715429
0.0567871
0.0700964
0.0732488
0.0521462
0.0718617
0.0893036
0.0601742
0.0843836
0.0812681
0.0811975
0.0935445
0.0886953
0.09441
0.0901456
0.0983183
0.104436
0.0956708
0.120578
0.113731
0.115432
0.108051
0.112167
0.100175
0.0875784
0.0760747
0.087397
0.116029
0.0780425
0.0676847
0.085508
0.0651454
0.0804321
0.0729379
0.0633756
0.0650487
0.0627224
0.0836996
0.0800476
0.0451824
0.067084
0.0725579
0.0577801
0.106771
0.0382167
0.076364
0.0652238
0.102062
0.0960268
0.101308
0.127939
0.120891
0.0826128
0.101135
0.0970877
0.120604
0.11976
0.109837
0.10259
0.110919
0.11177
0.109683
0.130886
0.104084
0.121738
0.114551
0.127788
0.117757
0.134639
0.128109
0.117568
0.115008
0.117559
0.10283
0.11416
0.119263
0.106541
0.0999032
0.113591
0.0920862
0.0984165
0.101056
0.0620987
0.0568128
0.0862932
0.064614
0.0791003
0.0636921
0.0461307
0.0299901
0.0779207
0.0608809
0.0788207
0.0580995
0.0811307
0.0659436
0.116245
0.0802098
0.0888851
0.139106
0.079037
0.0868651
0.0823622
0.118359
0.0952289
0.0657892
0.125576
0.106057
0.0973982
0.0812464
0.0989107
0.0871512
0.0831109
0.110082
0.11398
0.100991
0.110544
0.115554
0.1213
0.113219
0.106732
0.0992147
0.123378
0.127106
0.113017
0.134267
0.121685
0.113835
0.122059
0.120782
0.104768
0.140145
0.102393
0.0918809
0.132312
0.104285
0.0884494
0.0746095
0.112399
0.110705
0.0906156
0.105186
0.10889
0.0576992
0.0799536
0.0950709
0.0768547
0.10358
0.0580628
0.0748924
0.0989631
0.11184
0.102801
0.108935
0.127317
0.0708013
0.110824
0.104788
0.113947
0.0670073
0.0864539
0.102578
0.121787
0.0884015
0.0965358
0.113351
0.093414
0.0422202
0.018364
0.0350239
0.102395
0.10875
0.124913
0.0212915
0.0723706
0.0865631
0.056737
0.0658169
0.0814828
0.119006
0.105239
0.0670833
0.130764
0.109698
0.0765293
0.0977471
0.0912549
0.12025
0.090148
0.103594
0.114561
0.108832
0.114858
0.0746669
0.0932669
0.131448
0.0915515
0.103732
0.0712593
0.109008
0.0920426
0.089243
0.1462
0.11511
0.0989117
0.0679336
0.116242
0.0561524
0.0948379
0.0402278
0.109101
0.0720824
0.0654357
0.124461
0
0.113297
0.114272
0.0378877
0.053744
0.12944
0.0766434
0.0715919
0.0860716
0.118546
0.0494306
0.0411591
0.0764038
0.0665681
0.0611803
0.128114
0.144241
0.0740909
0.104749
0.0345051
0.065284
0.105299
0.0795659
0.103228
0.0815237
0.0919283
0.0751336
0.105912
0.0582606
0.0639952
0.125612
0.0955855
0.105421
0.119383
0.08717
0.0594171
0.116409
0.0948607
0.114425
0.102121
0.116135
0.114349
0.0790896
0.0844288
0.111388
0.129208
0.111219
0.0934162
0.0969362
0.0746729
0.0762871
0.0809992
0.112704
0.0795097
0.0825029
0.0843876
0.0703081
0.0646818
0.0632836
0.0594729
0.0645357
