0.10707
0.114489
0.111922
0.106567
0.114418
0.110613
0.11792
0.118802
0.117745
0.128871
0.130245
0.129158
0.127097
0.133053
0.134847
0.13244
0.129245
0.131566
0.130716
0.12121
0.129111
0.11526
0.128419
0.122606
0.129191
0.128379
0.138112
0.133299
0.137422
0.14175
0.142445
0.14152
0.144031
0.141266
0.142722
0.143067
0.143958
0.137406
0.135663
0.132434
0.1274
0.128185
0.13297
0.135687
0.135569
0.135448
0.140571
0.137566
0.14229
0.145198
0.146297
0.146868
0.156134
0.157662
0.157866
0.155769
0.147236
0.139896
0.137967
0.131313
0.12767
0.122197
0.104666
0.103017
0.10082
0.0824954
0.0969967
0.0970653
0.102659
0.112061
0.110437
0.117243
0.114082
0.113919
0.118144
0.11477
0.111242
0.115227
0.114322
0.112122
0.107894
0.103984
0.101599
0.102864
0.110414
0.117791
0.11667
0.122458
0.1222
0.124751
0.126258
0.123958
0.123269
0.128621
0.129537
0.122424
0.123759
0.122538
0.123879
0.123751
0.128349
0.12974
0.130956
0.135347
0.130022
0.130475
0.134956
0.134461
0.137422
0.135791
0.136341
0.134703
0.139015
0.136824
0.131829
0.128911
0.127612
0.123734
0.113259
0.10572
0.110024
0.118779
0.121036
0.120808
0.130274
0.128629
0.133952
0.132341
0.140075
0.137366
0.140891
0.143313
0.144381
0.150663
0.152865
0.148628
0.143209
0.140782
0.132035
0.130499
0.121768
0.122879
0.107557
0.116216
0.1063
0.105891
0.10482
0.116584
0.123088
0.122458
0.1291
0.123724
0.133006
0.133137
0.136801
0.139378
0.13775
0.139865
0.143848
0.142644
0.140396
0.141794
0.136054
0.133923
0.129718
0.124692
0.120599
0.116219
0.118805
0.121409
0.121748
0.117157
0.126455
0.123931
0.122841
0.127892
0.119829
0.121482
0.111829
0.117339
0.104414
0.095149
0.108214
0.0975358
0.102453
0.101882
0.115363
0.10654
0.117331
0.120323
0.128306
0.123427
0.127422
0.13
0.126761
0.119309
0.129434
0.115217
0.109451
0.110565
0.0986877
0.0888914
0.0815478
0.0899519
0.0957807
0.0926066
0.101179
0.100802
0.11011
0.0987675
0.115797
0.122758
0.121445
0.122012
0.126434
0.128383
0.130995
0.128089
0.128764
0.129291
0.129114
0.124928
0.122685
0.11762
0.105276
0.0933483
0.0968273
0.0913853
0.0886564
0.088037
0.0867117
0.0962486
0.100167
0.105708
0.105246
0.112688
0.116789
0.121
0.116472
0.115282
0.126933
0.12394
0.132512
0.127399
0.137553
0.137785
0.132964
0.129897
0.131691
0.133856
0.130699
0.128604
0.121921
0.121836
0.117909
0.108261
0.0967372
0.0923579
0.0952013
0.0858041
0.0764364
0.0901942
0.0794959
0.0823463
0.0843971
0.0878225
0.0955729
0.104826
0.0978166
0.0955887
0.108024
0.124132
0.113399
0.12614
0.123719
0.126107
0.138121
0.142988
0.131601
0.141666
0.134886
0.128591
0.129283
0.12253
0.119663
0.123653
0.10778
0.105317
0.0985402
0.0853111
0.0981645
0.077451
0.0831128
0.0861213
0.0944702
0.082731
0.0847675
0.0896379
0.0966228
0.0947464
0.0905189
0.0984843
0.09799
0.112388
0.107035
0.120138
0.114998
0.122512
0.120419
0.122476
0.121266
0.121635
0.101687
0.0927813
0.0813132
0.069086
0.0788247
0.0782613
0.0827925
0.0574874
0.076688
0.0678892
0.0681937
0.0831896
0.0620499
0.0910576
0.0916812
0.0917014
0.0779181
0.0830102
0.0987389
0.0932805
0.101452
0.115835
0.120285
0.108474
0.106309
0.124609
0.119407
0.122304
0.114305
0.117339
0.111553
0.10232
0.101724
0.0894721
0.063182
0.0719559
0.0506857
0.0736993
0.046065
0.076906
0.066027
0.0761625
0.076452
0.0836093
0.097663
0.089665
0.0650674
0.0753732
0.0891313
0.0904836
0.0956781
0.0877298
0.105638
0.0953073
0.0981542
0.113501
0.101991
0.104955
0.110056
0.119534
0.119143
0.116838
0.124342
0.127236
0.126637
0.112942
0.104637
0.104768
0.0828546
0.0862964
0.0805559
0.0670272
0.0871016
0.0904403
0.0800867
0.0912967
0.0729146
0.0662348
0.0818587
0.0800212
0.0761314
0.0797831
0.0943629
0.0936729
0.0965602
0.0879709
0.0902003
0.108869
0.11819
0.110601
0.114767
0.117213
0.110356
0.108979
0.114442
0.117305
0.114752
0.117313
0.111078
0.118659
0.118436
0.108881
0.113571
0.107307
0.100922
0.0933753
0.0933436
0.0846919
0.0792246
0.0948512
0.0809653
0.0806552
0.0869022
0.0855123
0.103568
0.101747
0.0948377
0.0996074
0.11978
0.118933
0.111466
0.116645
0.121439
0.10869
0.123225
0.113461
0.127188
0.110546
0.0988618
0.100475
0.088679
0.0552516
0.0805919
0.0720133
0.062696
0.0605511
0.0695075
0.0472695
0.0623591
0.0720424
0.0534549
0.0756501
0.0687883
0.0689058
0.0600125
0.0579416
0.0706168
0.0786744
0.0751315
0.0865224
0.0816039
0.0790782
0.0826578
0.0748037
0.0934156
0.0996974
0.0958184
0.0918092
0.108466
0.11211
0.111901
0.116518
0.102911
0.0934994
0.117956
0.11434
0.100055
0.0814172
0.0551906
0.072123
0.054987
0.0589172
0.0616006
0.0476797
0.0601525
0.0954591
0.0830608
0.0629599
0.0877199
0.166219
0.214905
0.274719
0.351281
0.428603
0.454997
0.457821
0.386422
0.334664
0.196255
0.114527
0.0926328
0.0855415
0.0789479
0.078429
0.0876519
0.0832979
0.0784863
0.0830127
0.0948042
0.087221
0.0953614
0.0883409
0.0998765
0.0861179
0.0962278
0.104675
0.103062
0.0969472
0.094917
0.0998476
0.0889381
0.0787743
0.100386
0.0699801
0.0783187
0.07577
0.083574
0.0634326
0.0932797
0.0859105
0.0928842
0.0780795
0.0930021
0.0947459
0.0924444
0.0744462
0.106467
0.105999
0.0992436
0.102138
0.109637
0.0901415
0.0933272
0.0787783
0.0711931
0.0896281
0.0919357
0.0796523
0.0661467
0.0588612
0.0720144
0.0770511
0.073057
0.0697883
0.0575495
0.0752295
0.0663687
0.0516213
0.0722164
0.0703886
0.0580851
0.0889617
0.0731616
0.0687412
0.0847945
0.0775082
0.0739204
0.0708473
0.0729971
0.0773427
0.0878796
0.0887454
0.0754794
0.0747085
0.0899328
0.0840338
0.0872503
0.0774943
0.0974843
0.104492
0.07971
0.102273
0.0958798
0.0757672
0.0772213
0.0860967
0.0903296
0.0630897
0.0827028
0.0642212
0.0985829
0.0362717
0.0409151
0.0651579
0.0918482
0.0454468
0.079322
0.0739417
0.0826315
0.0627752
0.0437741
0.0508986
0.0686635
0.0562729
0.0731704
0.0648721
0.075563
0.0413066
0.0653056
0.0679137
0.0733257
0.074358
0.0561336
0.0755046
0.0621308
0.0712399
0.0656237
0.0545797
0.0579487
0.0688683
0.0722082
0.0613828
0.0621586
0.0643046
0.0768093
0.0765101
0.0690123
0.0749023
0.0660297
0.06982
0.062237
0.064765
0.075218
0.0549384
0.0607652
0.0589337
0.076516
0.0546574
0.0561201
0.0654138
0.0732965
0.0486112
0.0636678
0.0611089
0.0818719
0.0603463
0.0596316
0.0752238
0.0737496
0.0512104
0.0511462
0.070184
0.0580736
0.0785872
0.0708185
0.0684441
0.0752255
0.0549102
0.0717466
0.0700791
0.0680884
0.0705875
0.0802559
0.0616912
0.0583434
0.0723649
0.0173125
0.0703881
0.069858
0.0811062
0.0747494
0.0586465
0.0480557
0.0636266
0.0744843
0.0574403
0.0821241
0.0754211
0.0851672
0.0635766
0.0646874
0.0730623
0.0774995
0.0938618
0.0965994
0.0570396
0.0790119
0.0835618
0.0643284
0.0624645
0.0862182
0.0649386
0.0627187
0.0693056
0.0560628
0.0689855
0.085574
0.0502852
0.0495659
0.0661058
0.0613622
0.0529387
0.0577836
0.0461341
0.038169
0.0390749
0.0596533
0.0488917
0.0425801
0.0472458
0.0601576
0.0427081
0.0382186
0.0540622
0.0543251
0.0392224
0.0379162
0.0260841
0.0359448
0.050488
0.0459451
0.0445688
0.0386395
0.0458572
0.0584225
0.0484992
0.0399994
0.0565049
0.0400881
0.042322
0.0485023
0.0499142
0.0386305
0.0433297
0.0349685
0.0334838
0.0461786
0.0436329
0.0542619
0.0514794
0.0588134
0.0471383
0.057658
0.0608679
0.0501358
0.0446037
0.0431034
0.047008
0.0494999
0.0504831
0.0398864
0.0440111
0.0487626
0.0460186
0.0382223
0.0623475
0.0315997
0.0561555
0.0507517
0.0477184
0.0458355
0.0445285
0.039242
0.0388669
0.0453529
0.0538217
0.0378444
0.0419616
0.0653233
0.0414468
0.0438608
0.0469241
0.0502444
0.0471036
0.0384541
0.0453653
0.0474101
0.0559739
0.029589
0.0655618
0.040085
0.0336883
0.0686944
0.0473166
0.0430705
0.0450662
0.0584431
0.0611557
0.0563255
0.05539
0.066491
0.0504685
0.05833
0.0371329
0.0337143
0.0470667
0.058204
0.05318
0.0656654
0.0675526
0.0600164
0.0584309
0.0924618
0.0630079
0.075363
0.066235
0.0702511
0.0513462
0.0627744
0.0321061
0.0674475
0.0501772
0.0553745
0.0512451
0.0657239
0.0543877
0.069655
0.0653495
0.0401587
0.039148
0.0505917
0.0701957
0.0358792
0.0507978
0.0880144
0.0815202
0.0531846
0.0442144
0.0463471
0.0751515
0.032339
0.0330695
0.0598149
0.0459741
0.0347827
0.0354525
0.0266938
0.0544605
0.0718173
0.0408359
0.0634349
0.0324431
0.0427099
0.0335212
0.0646199
0.0460898
0.0546381
0.0425591
0.0606109
0.0556057
0.0413811
0.0567777
0.0448253
0.0468225
0.0581993
0.0491067
0.0543724
0.0445568
0.052436
0.043309
0.0472557
0.0491935
0.0542839
0.0425327
0.0497355
0.0526865
0.0451142
0.0449964
0.0452295
0.0486633
0.0534838
0.0508781
0.0475919
0.044002
0.0380358
0.0456631
0.0420234
0.0299171
0.038909
0.0414218
0.0378952
0.0384356
0.0376077
0.0433134
0.0442032
0.0434177
0.0390046
0.0426264
0.0418394
0.0346552
0.034111
0.0397437
0.0422537
0.0403172
0.0340596
0.0292991
0.0363784
0.0396657
0.0312919
0.0398887
0.0242219
0.0259565
0.0373061
0.0414592
0.0351123
0.0382382
0.0356899
0.0352852
0.0284422
0.0331405
0.0411151
0.0331871
0.0385549
0.0314086
0.0425512
0.0397365
0.0382853
0.0263269
0.0274239
0.0388148
0.0258665
0.0454228
0.0366698
0.0428389
0.0374375
0.0462689
0.0408072
0.0379122
0.0396274
0.0357551
0.0439274
0.0385527
0.0403001
0.0395439
0.0370261
0.0375088
0.0409407
0.0367293
0.0437892
0.0386635
0.0359852
0.0261657
0.0345932
0.0394297
0.0258907
0.0392954
0.0383556
0.0377874
0.033164
0.0359137
0.0319632
0.0320735
0.0388655
0.0289731
0.0312542
0.0443566
0.0287905
0.0280109
0.0417883
0.0398905
0.0345086
0.038976
0.038322
0.0459367
0.0304636
0.0351593
0.033754
0.0410809
0.0451888
0.0311943
0.0352791
0.0391138
0.034438
0.0367475
0.0432485
0.0425116
0.0395837
0.0428977
0.0314766
0.0414015
0.0376361
0.0323518
0.03401
0.0423689
0.0292518
0.0389966
0.0348909
0.041227
0.0370077
0.0428201
0.0446295
0.0414931
0.0305806
0.0411413
0.03637
0.0359273
0.0370448
0.0423058
0.0442877
0.0353126
0.0417451
0.0395307
0.0404307
0.0405181
0.0434126
0.0430678
0.0381308
0.0457526
0.0318328
0.0600666
0.0468677
0.0446632
0.0366233
0.0508521
0.0495577
0.0452047
0.0438744
0.0482814
0.048198
0.0447702
0.0419919
0.0573092
0.0500821
0.0429148
0.0329076
0.0440987
0.0472745
0.0458369
0.0520174
0.0478828
0.0561322
0.0502455
0.0528584
0.0548781
0.0438343
0.0617203
0.0268135
0.043132
0.0494673
0.0435268
0.0392029
0.0576291
0.0599498
0.0452662
0.0438138
0.0444177
0.0604713
0.0322665
0.0556808
0.0420814
0.0494258
0.0447629
0.0451928
0.0455302
0.0458131
0.0402686
0.0468028
0.0439621
0.051528
0.0466884
0.0622294
0.0432233
0.028701
0.0475052
0.0339472
0.0395793
0.0433612
0.0434382
0.0467685
0.036326
0.0316117
0.0407609
0.0476054
0.0372548
0.025985
0.044366
0.0275327
0.0345145
0.0290523
0.036109
0.0279771
0.0462704
0.0480361
0.0390962
0.0478468
0.0528742
0.0431521
0.0519605
0.0303691
0.0480816
0.0343736
0.0334004
0.0177613
0.0279466
0.0387589
0.0415293
0.0442831
0.038681
0.0374262
0.0321491
0.0279222
0.0343438
0.046421
0.0386784
0.0344523
0.0394117
0.0394555
0.0393564
0.0346722
0.0312873
0.0373389
0.0311028
0.0360925
0.0334293
0.0303501
0.0341721
0.0329344
0.0514723
0.0432533
0.0422305
0.0416483
0.030718
0.043959
0.0306346
0.0355659
0.0322183
0.0372166
0.0356772
0.0414446
0.0391659
0.0470503
0.0376344
0.03716
0.0280778
0.0421656
0.0407339
0.0334878
0.0347619
0.0388853
0.0327998
0.0417386
0.049139
0.0366695
0.0271063
0.0453524
0.0337383
0.036729
0.0330663
0.0504903
0.0474145
0.0292394
0.0350086
0.0197859
0.0311569
0.0388434
0.0300382
0.0287906
0.0427038
0.0271824
0.0350803
0.0318415
0.035315
0.0334882
0.0342169
0.0401992
0.0355683
0.0313116
0.0294381
0.0364297
0.0403329
0.0340878
0.0395492
0.0355148
0.0400161
0.0332545
0.0360492
0.0278775
0.0385139
0.0365706
0.0449329
0.0339279
0.0447804
0.0401016
0.0316816
0.0494943
0.0370004
0.0431112
0.0423756
0.0448998
0.0420475
0.0360931
0.0419702
0.0421774
0.0438148
0.0322874
0.0409551
0.0410023
0.0448371
0.0377665
0.0409225
0.0415347
0.0445164
0.044617
0.0460208
0.0437204
0.0419292
0.0507177
0.0522092
0.0578437
0.0669259
0.0680773
0.110633
0.185717
0.395656
0.595056
0.699981
0.709312
0.67596
0.558755
0.315941
0.138754
0.0916849
0.0708339
0.0559333
0.0506239
0.0541443
0.0518051
0.0439727
0.043159
0.039623
0.052399
0.0452386
0.0433002
0.0385299
0.0461521
0.0312418
0.0374125
0.0447587
0.0403088
0.0355339
0.0423246
0.0398371
0.0337078
0.0411175
0.0438587
0.0461322
0.0456705
0.0419593
0.0408969
0.0433685
0.0471014
0.0489992
0.0635633
0.0452975
0.0471524
0.0478451
0.0515603
0.0473847
0.0477287
0.0452527
0.0410618
0.0422042
0.0496995
0.0439624
0.0405032
0.0501879
0.0495409
0.0488695
0.0465855
0.0446239
0.0440256
0.0441699
0.039922
0.0471126
0.0480545
0.0455103
0.0416048
0.0462466
0.0353822
0.0476051
0.0421022
0.0449701
0.0524903
0.0401438
0.0320639
0.041388
0.026997
0.0497373
0.0457534
0.0408622
0.0332331
0.0431999
0.041031
0.036501
0.0427547
0.0428107
0.0377115
0.0455751
0.0499902
0.0407178
0.045919
0.0444969
0.0345277
0.0401761
0.042831
0.0342007
0.0383298
0.0334709
0.0420201
0.0393865
0.0400919
0.0413525
0.0442224
0.0475339
0.0486087
0.052831
0.0502361
0.0475222
0.0425812
0.0264615
0.0492214
0.0392521
0.0324785
0.0501388
0.0280211
0.0610986
0.0313383
0.0436759
0.0484151
0.0401142
0.0480948
0.0511051
0.0386214
0.0468557
0.0422622
0.0403232
0.0338977
0.0445513
0.0440295
0.0424994
0.0329307
0.0456248
0.0350931
0.0399342
0.0383547
0.0408096
0.0312901
0.0432208
0.032016
0.0477527
0.0355947
0.0416544
0.0335226
0.0585739
0.0557324
0.0476667
0.0434147
0.0488351
0.0333058
0.0341648
0.0528711
0.0371966
0.0280714
0.0442483
0.0296479
0.0646417
0.0423524
0.0686798
0.0584332
0.06502
0.0557971
0.0300435
0.0481334
0.0701307
0.0312539
0.0563664
0.0499705
0.0542972
0.0572839
0
0.0350598
0.0708124
0.0472711
0.0331292
0.0514358
0.0470757
0.00532476
0.0261588
0.0779848
0.0545823
0.0573136
0.039046
0.0474361
0.0552843
0.0606782
0.0343285
0.0543531
0.0323665
0.0497342
0.0290304
0.0562783
0.021716
0.0531514
0.087691
0.0662112
0.0333077
0.0313266
0.0384329
0.0369824
0.0523944
0.047953
0.0414107
0.0554718
0.0295867
0.0199909
0.00987472
0.0141879
0.00841984
0.0774103
0.0428595
0.0505159
0.0485805
0.0287018
0.0217287
0.0479896
0.0233192
0.0181107
0.0297601
0.0361623
0.0646283
0.0387337
0.0465888
0.0550018
0.0695257
0.0579208
0.0749038
0.0674885
0.0746584
0.0681015
0.0472951
0.0492226
0.0333938
0.04047
0.0413548
0.0612834
0.0297268
0.056566
0.0130845
0.0269934
0.0647333
0.0497852
0.0519407
0.0341457
0.0526902
0.0646518
0.0522061
0.0481825
0.0582509
0.0573602
0.0672182
0.054441
0.0615515
0.0621594
0.0739716
0.0782871
0.0700166
0.0775593
0.0734228
0.0802272
0.102055
0.103114
0.092848
0.112474
0.102683
0.0801429
0.0689167
0.0428546
0.0232459
0.0273217
0.0372643
0.0321064
0.0296246
0.0248242
0.0474468
0.0683045
0.0485201
0.0426026
0.0529102
0.0325527
0.0600299
0.0349181
0.037985
0.0402147
0.0251342
0.0437761
0.0293098
0.0406614
0.0197218
0.0543431
0.044473
0.0415964
0.03438
0.0442654
0.0324472
0.03146
0.0298601
0.0351905
0.036786
0.0484981
0.038778
0.0443975
0.0456136
0.0479502
0.0354914
0.0387102
0.0403928
0.0454484
0.0268886
0.0377348
0.0261116
0.0412555
0.0465504
0.0311342
0.0308226
0.0407743
0.0426625
0.0469428
0.0529658
0.041079
0.0422748
0.0382099
0.044347
0.0385773
0.0478988
0.0411158
0.0447676
0.0528745
0.040198
0.0405675
0.044308
0.0461136
0.0422845
0.0526377
0.0502686
0.0488949
0.0566815
0.0460868
0.0536288
0.0408894
0.0435927
0.0569041
0.053837
0.0409264
0.0530446
0.0414978
0.0494418
0.0450152
0.0485355
0.0411426
0.0432351
0.0403666
0.0445617
0.0379516
0.0415445
0.0353305
0.0411746
0.0417563
0.053469
0.042367
0.0523084
0.0419985
0.0507084
0.0453486
0.0441402
0.0518436
0.0559692
0.0442788
0.0573631
0.0607857
0.0630027
0.0593244
0.0557213
0.0687858
0.0816092
0.0747671
0.0757282
0.0715861
0.0844868
0.0799817
0.0853215
0.0790133
0.0614524
0.0414872
0.0502338
0.0394108
0.0467695
0.0388168
0.0434145
0.0440636
0.0467087
0.0450407
0.0427169
0.0388221
0.0423705
0.0426671
0.0421978
0.0439857
0.0372472
0.0521187
0.0503294
0.0541088
0.0453635
0.0474096
0.0534842
0.0544254
0.053566
0.0534967
0.0570134
0.0554071
0.0608329
0.0632738
0.0678578
0.0712805
0.0734996
0.0764257
0.085665
0.0885417
0.0878996
0.0811785
0.0891915
0.0853788
0.0755848
0.0640598
0.079091
0.0558111
0.0569174
0.0582555
0.0551519
0.0514326
0.0470504
0.0484266
0.050956
0.0478598
0.0576744
0.0396315
0.045058
0.042604
0.0570174
0.0687147
0.0568553
0.0470176
0.0522237
0.0530297
0.0570905
0.05719
0.0535
0.063225
0.0625367
0.0557676
0.0646519
0.0653244
0.0633706
0.0701648
0.0640143
0.0715687
0.0749018
0.0757881
0.0773694
0.0814379
0.0817214
0.0853319
0.0821299
0.0773916
0.0616906
0.0676178
0.0662148
0.059086
0.0501541
0.052323
0.0548252
0.0537377
0.0539345
0.056128
0.0470709
0.0418346
0.054705
0.0460003
0.0475129
0.0471823
0.0425353
0.0462263
0.0538633
0.0609865
0.0417447
0.0504358
0.0382055
0.0404847
0.0343936
0.0519815
0.0560754
0.0450628
0.045419
0.0443547
0.0302639
0.0537539
0.0329946
0.0308226
0.0448832
0.0420166
0.0406569
0.0310087
0.0374995
0.0410037
0.0414884
0.0392086
0.0412872
0.0390566
0.0397084
0.0384161
0.037336
0.0377212
0.0255545
0.0354219
0.0369523
0.0317004
0.0335202
0.0308199
0.0302697
0.0249738
0.0356744
0.038961
0.0347398
0.038123
0.0378227
0.0457757
0.0337703
0.0369835
0.0364217
0.0557938
0.0532611
0.0652106
0.0632694
0.0759685
0.0653438
0.0683599
0.072071
0.0785228
0.0735699
0.0688364
0.0842597
0.0896915
0.0818032
0.073383
0.0766739
0.0825051
0.10826
0.0626855
0.0756035
0.0662359
0.087738
0.0698855
0.0672634
0.0656469
0.061203
0.0754307
0.0726089
0.0843321
0.0883207
0.0927048
0.0778878
0.053611
0.0659912
0.0636203
0.0786566
0.0680446
0.0670916
0.0798651
0.0746516
0.0612459
0.0855822
0.0900405
0.0752512
0.0891113
0.0868607
0.102339
0.0921486
0.0901458
0.0973023
0.0980162
0.121808
0.101836
0.0995027
0.102248
0.0990481
0.0881147
0.0784897
0.0915804
0.0656889
0.0951936
0.0812534
0.0769747
0.0758509
0.0741037
0.06069
0.049486
0.0619558
0.0459876
0.043916
0.0705173
0.0611858
0.0524297
0.0810636
0.0633404
0.0259043
0.0842999
0.0701412
0.065978
0.058115
0.106221
0.0935877
0.0867895
0.129359
0.0991944
0.100929
0.103112
0.0958042
0.104855
0.109246
0.116221
0.0974988
0.0865682
0.106943
0.114638
0.104185
0.118439
0.121683
0.102093
0.126591
0.125039
0.131539
0.121172
0.113257
0.112977
0.123083
0.108331
0.110354
0.10192
0.110055
0.0981894
0.086363
0.0986292
0.101486
0.0816945
0.0638125
0.0420284
0.0495661
0.076715
0.05727
0.0562472
0.0585213
0.0349793
0.0640664
0.0407517
0.0346477
0.0637414
0.0874318
0.072124
0.113723
0.0899962
0.0521267
0.12426
0.0901721
0.0903476
0.0836282
0.105738
0.102969
0.0973002
0.0852157
0.0813296
0.0839754
0.0755787
0.0902514
0.0925525
0.111685
0.126615
0.0788438
0.103498
0.109505
0.131778
0.108096
0.103453
0.125447
0.122705
0.108598
0.12295
0.0997309
0.138309
0.129485
0.1163
0.133726
0.116634
0.108574
0.120055
0.109493
0.111863
0.120034
0.132493
0.0795701
0.0665343
0.0955959
0.125445
0.0614758
0.102293
0.0780908
0.0631638
0.075204
0.0877099
0.0948636
0.0787688
0.0698779
0.0839703
0.0758053
0.118809
0.0983823
0.103713
0.125533
0.0704192
0.105917
0.107013
0.089521
0.0559486
0.0804341
0.0914282
0.102361
0.0935919
0.0839268
0.0972768
0.0572394
0.0394162
0.0252948
0.0699101
0.146065
0.119787
0.0955353
0.0961547
0.0550138
0.043449
0.0552168
0.048368
0.0761805
0.102152
0.0736077
0.0409735
0.110004
0.10309
0.0941623
0.0803769
0.0916709
0.104277
0.0444628
0.125017
0.0854109
0.0800842
0.110304
0.0816842
0.0888788
0.146215
0.093305
0.117766
0.0744917
0.0852209
0.0878242
0.0811402
0.123524
0.095401
0.0913879
0.0603061
0.0772187
0.0480081
0.0680039
0.0474232
0.0798831
0.0342222
0.0662762
0.108447
0.00901486
0.0608663
0.107296
0.05447
0.053435
0.080717
0.0652314
0.0714414
0.0963416
0.0625897
0.0769965
0.0416558
0.122553
0.0606773
0.0365941
0.0620887
0.181431
0.0844524
0.147865
0.0208076
0.088024
0.116492
0.0395444
0.125452
0.0984622
0.0763693
0.0600086
0.0830544
0.0597466
0.0412752
0.115247
0.106898
0.102997
0.0929634
0.0783586
0.0801115
0.107684
0.0953697
0.125272
0.106306
0.0943622
0.117273
0.113995
0.116001
0.0759899
0.0761464
0.0882113
0.0908659
0.100201
0.0848984
0.0719958
0.0933257
0.127482
0.0853544
0.0721475
0.0873942
0.0697684
0.090339
0.0527588
0.055008
0.0673068
