0.112031
0.125813
0.116335
0.111735
0.112214
0.116191
0.12118
0.11605
0.131603
0.137957
0.139418
0.140957
0.134906
0.135891
0.142247
0.134818
0.137692
0.140251
0.138732
0.132683
0.135958
0.126029
0.126662
0.126616
0.129822
0.135714
0.142662
0.138308
0.143625
0.146762
0.148501
0.148207
0.150737
0.146076
0.151208
0.147453
0.14726
0.14539
0.14274
0.140863
0.130831
0.128357
0.133188
0.132213
0.139491
0.133721
0.144877
0.145133
0.145926
0.15141
0.15011
0.156441
0.162108
0.163939
0.165184
0.163641
0.154053
0.150368
0.143823
0.143565
0.137314
0.12616
0.110369
0.108458
0.110442
0.094653
0.104459
0.119901
0.112209
0.116695
0.1146
0.117663
0.123393
0.115421
0.127825
0.119485
0.116484
0.122958
0.114777
0.116869
0.115593
0.117321
0.106132
0.115953
0.113417
0.118962
0.128099
0.12349
0.127989
0.128223
0.130456
0.125278
0.132013
0.132105
0.135314
0.133758
0.132262
0.129372
0.129106
0.126438
0.135114
0.13398
0.142809
0.139294
0.13657
0.136527
0.140725
0.139663
0.143972
0.142834
0.140543
0.143719
0.145166
0.140615
0.141957
0.141727
0.136519
0.123151
0.125696
0.105279
0.118028
0.12155
0.125937
0.124111
0.133256
0.132661
0.141903
0.139448
0.146466
0.142861
0.146594
0.146432
0.15082
0.156583
0.160324
0.154291
0.14713
0.150628
0.140101
0.139172
0.132429
0.122896
0.121013
0.121936
0.109608
0.114672
0.111183
0.124505
0.125089
0.126014
0.138073
0.135194
0.136631
0.144465
0.143232
0.144387
0.144872
0.148127
0.146672
0.149666
0.148105
0.150637
0.14364
0.142513
0.138749
0.133723
0.124452
0.12162
0.123822
0.124953
0.128963
0.126467
0.129253
0.135128
0.129058
0.135503
0.130505
0.122782
0.118625
0.11699
0.115284
0.10722
0.118332
0.111445
0.114853
0.107919
0.118564
0.118707
0.125224
0.123243
0.134276
0.13079
0.132439
0.135974
0.131681
0.133087
0.132748
0.134232
0.117214
0.116822
0.101319
0.100029
0.0902398
0.0993926
0.0889581
0.0991699
0.114649
0.108267
0.107011
0.112193
0.117839
0.131548
0.128432
0.125617
0.131019
0.132581
0.139242
0.134822
0.135609
0.135351
0.13422
0.137006
0.129908
0.120406
0.109154
0.0937873
0.10252
0.0983661
0.0953999
0.0912974
0.0945679
0.104354
0.101284
0.109026
0.114561
0.113267
0.122374
0.117443
0.127923
0.123432
0.128975
0.130857
0.140525
0.138821
0.146438
0.144138
0.141779
0.138066
0.140212
0.141708
0.138939
0.137234
0.13201
0.135341
0.128423
0.124127
0.105201
0.102716
0.0880949
0.0957975
0.0874979
0.0965898
0.0927047
0.0842346
0.0997877
0.102131
0.0923573
0.102428
0.107632
0.10485
0.108852
0.12512
0.122783
0.131323
0.133136
0.136163
0.144442
0.145826
0.146971
0.144421
0.145644
0.142648
0.138318
0.130276
0.131738
0.125494
0.113405
0.107483
0.110716
0.0961978
0.092379
0.0824423
0.0911085
0.0976795
0.0928317
0.0893829
0.0916259
0.0942339
0.094367
0.107432
0.103759
0.108053
0.0993527
0.123893
0.105526
0.131337
0.118613
0.127792
0.124489
0.124812
0.127003
0.131621
0.115125
0.0990655
0.0867878
0.0802032
0.0919867
0.08515
0.0873129
0.0748668
0.076271
0.078873
0.083313
0.0995044
0.0781537
0.0932801
0.0989659
0.0918893
0.0915462
0.0867145
0.0958407
0.105087
0.104475
0.114533
0.129039
0.118786
0.122971
0.127718
0.121915
0.127631
0.12481
0.123176
0.117267
0.108744
0.113215
0.0904618
0.0723415
0.0768752
0.0580688
0.0730146
0.0741544
0.0757604
0.0759155
0.0850841
0.0846768
0.0837509
0.096126
0.097615
0.0734288
0.0999891
0.0935268
0.0858408
0.083459
0.0957654
0.110062
0.102852
0.106135
0.115521
0.119456
0.116886
0.125921
0.131419
0.135358
0.125024
0.131182
0.135501
0.123958
0.123463
0.111807
0.105556
0.0894471
0.0878105
0.0709958
0.0791356
0.0849459
0.0864805
0.0768327
0.0872987
0.081691
0.0652267
0.0852845
0.0655321
0.0836021
0.0808139
0.0875645
0.0928109
0.0901294
0.0877703
0.0987449
0.113311
0.118454
0.111587
0.122105
0.11551
0.124953
0.1228
0.115191
0.123191
0.120341
0.122894
0.122318
0.122242
0.122995
0.114349
0.118847
0.116916
0.113749
0.104081
0.0906818
0.0928151
0.095852
0.10085
0.0821149
0.0805019
0.103037
0.0934976
0.107159
0.102761
0.11426
0.105343
0.118265
0.119619
0.117266
0.129828
0.117123
0.116198
0.13183
0.121252
0.12701
0.116209
0.115946
0.115666
0.0870865
0.0754032
0.0868117
0.0816023
0.0741811
0.069832
0.0694971
0.0622308
0.0594017
0.0639066
0.0755859
0.0592502
0.0795064
0.0834747
0.0819521
0.0757288
0.0841237
0.0892567
0.0877297
0.0990346
0.0878893
0.0825424
0.0885457
0.0928768
0.0965828
0.0968964
0.106892
0.11037
0.104403
0.120299
0.121983
0.12373
0.110727
0.108582
0.126183
0.118278
0.114183
0.0905352
0.0788692
0.0859711
0.0902026
0.0591011
0.0795749
0.0739546
0.0718842
0.0870322
0.0834345
0.0840928
0.106563
0.167919
0.230125
0.289969
0.375372
0.450753
0.471853
0.477529
0.406024
0.330667
0.21319
0.135474
0.10616
0.087181
0.0950006
0.0929535
0.0935009
0.0873668
0.0797991
0.0994715
0.0835938
0.0858187
0.0980203
0.0985231
0.0903005
0.109519
0.101579
0.106663
0.104619
0.106716
0.112899
0.108279
0.0860976
0.0764238
0.0987665
0.0639627
0.0986295
0.0909921
0.0892904
0.0852129
0.0839239
0.0861854
0.110328
0.083844
0.0975625
0.101014
0.0930425
0.0809636
0.104363
0.102197
0.115057
0.112055
0.106794
0.100616
0.109893
0.0911799
0.0837956
0.0813833
0.102179
0.0828112
0.0809356
0.0710909
0.0797832
0.0850984
0.0761735
0.0645867
0.0615979
0.0735204
0.0814627
0.0635423
0.0807868
0.0896507
0.0679131
0.0879018
0.0769808
0.0777463
0.0985515
0.0915661
0.0872099
0.0856154
0.0832836
0.0891791
0.0884572
0.087636
0.0933915
0.084653
0.108098
0.0819511
0.095748
0.0960211
0.114745
0.112929
0.0924383
0.106673
0.0994219
0.0943422
0.0938153
0.0963722
0.0850169
0.07887
0.0849535
0.0639999
0.0978381
0.0454131
0.0399285
0.0702209
0.083217
0.0650179
0.0724953
0.0535648
0.0663792
0.0725586
0.0714242
0.0672337
0.059986
0.0763546
0.0695161
0.0773349
0.0817644
0.0586734
0.0645823
0.0743044
0.0676829
0.0707199
0.0502494
0.071352
0.0710369
0.0646271
0.0642188
0.0700022
0.078838
0.0823945
0.0771916
0.064662
0.074549
0.0678972
0.081569
0.0788084
0.0862496
0.0857181
0.0651007
0.0821174
0.0817519
0.0754896
0.0705764
0.0633133
0.0888167
0.0507203
0.0659084
0.0724546
0.0593907
0.0743848
0.0703023
0.0673844
0.0675033
0.0778907
0.0791712
0.0669882
0.0598534
0.0777769
0.0732883
0.0661862
0.0719242
0.0734271
0.0599856
0.102638
0.0586195
0.0853813
0.0761152
0.0789214
0.0739655
0.0694777
0.0607621
0.0609924
0.0773451
0.0825034
0.0679764
0.0613514
0.052724
0.0850733
0.0547239
0.0815579
0.0548518
0.0730251
0.0557659
0.0819121
0.0962288
0.0580755
0.0651568
0.0742451
0.0923662
0.0707671
0.0753153
0.0809694
0.0803614
0.0879222
0.0824475
0.0797775
0.0823121
0.0747014
0.0564318
0.0714937
0.0901025
0.0788348
0.0703545
0.0673813
0.0765526
0.0719133
0.0768502
0.0630928
0.0785425
0.0718968
0.0561095
0.0624912
0.0609633
0.0525498
0.0504435
0.0506239
0.0592222
0.0536776
0.0560708
0.045752
0.0656058
0.0495991
0.0447
0.054785
0.058442
0.0545937
0.026265
0.0241012
0.0434469
0.0527255
0.0539099
0.0382168
0.0410349
0.0484035
0.0505596
0.0586529
0.045915
0.0566295
0.0421436
0.0491661
0.0500435
0.0561975
0.0404324
0.0493259
0.0405691
0.0453554
0.0372716
0.0410617
0.0494167
0.0545675
0.0612617
0.0444638
0.0620582
0.07485
0.0701092
0.0478895
0.0482635
0.0649708
0.0415626
0.0546905
0.0391926
0.0532247
0.04977
0.0496218
0.0513844
0.0619986
0.0452463
0.0453291
0.058761
0.0645617
0.0673608
0.0526012
0.0511212
0.070015
0.0396309
0.0486425
0.0512263
0.042954
0.0752243
0.0417689
0.0522184
0.0640432
0.0512066
0.0550512
0.0538748
0.0535175
0.0500039
0.056419
0.062342
0.0651394
0.0426582
0.0599943
0.0754787
0.0615909
0.0560371
0.0446539
0.0782876
0.0652415
0.0496261
0.053371
0.0699248
0.0524425
0.0436895
0.0409313
0.0591998
0.0588265
0.0566636
0.0618134
0.075136
0.071024
0.0508718
0.0591136
0.0760551
0.0755411
0.0608021
0.0619199
0.0834094
0.0760395
0.0711287
0.0643125
0.0766216
0.0690829
0.0816778
0.0874658
0.0477593
0.0693494
0.084077
0.0827811
0.0364636
0.0804474
0.0655687
0.0798844
0.0373318
0.0641014
0.0772486
0.0506275
0.0823384
0.049373
0.0681232
0.0655712
0.0398591
0.0671251
0.0692316
0.0477329
0.0556908
0.0569346
0.0427678
0.0660931
0.0401186
0.0357287
0.0631925
0.0492212
0.0591139
0.0420087
0.0431674
0.0563248
0.0461862
0.0529495
0.0682246
0.0618039
0.047304
0.0614357
0.053522
0.0549268
0.0676687
0.055197
0.045219
0.0582026
0.0571606
0.0505711
0.0524662
0.0504775
0.0570771
0.0448736
0.0572382
0.0517206
0.0535094
0.0571074
0.0562578
0.0515614
0.0576092
0.068974
0.0539493
0.0526389
0.0475909
0.0525332
0.0487538
0.0459855
0.0508837
0.0396758
0.0450536
0.0443465
0.045614
0.044433
0.0508845
0.0465693
0.042313
0.0474941
0.0462597
0.0410742
0.0446082
0.05209
0.0475034
0.050272
0.0365631
0.0400702
0.0447663
0.0396237
0.0377334
0.0380221
0.0355701
0.0324228
0.0439443
0.0446618
0.0416111
0.041107
0.0428689
0.0406122
0.0369898
0.0368639
0.0429598
0.0371508
0.0460397
0.0379637
0.0528049
0.0468511
0.0452872
0.0323798
0.0361802
0.04234
0.0422983
0.0454151
0.0495756
0.0504701
0.0464171
0.0488469
0.0438748
0.0486323
0.047028
0.0406503
0.0516595
0.0534288
0.0444607
0.0399501
0.0446368
0.0445496
0.0482455
0.0424057
0.0477002
0.0402089
0.0410801
0.0392394
0.0428327
0.0416477
0.0281979
0.0408741
0.0457405
0.0384488
0.0462865
0.0453334
0.0393312
0.0390275
0.0397807
0.0401019
0.0388495
0.0424285
0.0366042
0.0359821
0.0418243
0.0472946
0.0316889
0.0439685
0.0395722
0.0535557
0.0323707
0.0469602
0.0359196
0.0502396
0.0488784
0.0406423
0.0430128
0.0494875
0.0412731
0.0378448
0.0523717
0.0470408
0.0437162
0.0443964
0.0472423
0.0435167
0.0445514
0.0415547
0.0500826
0.0552413
0.0388304
0.0549493
0.0409411
0.0403899
0.0404533
0.0448267
0.0463443
0.0493202
0.0315129
0.0427657
0.0494571
0.0503893
0.0339488
0.0459882
0.043681
0.042765
0.0495903
0.0494783
0.0447263
0.0495958
0.0505705
0.0471912
0.0447936
0.0478618
0.0431784
0.0507157
0.0524358
0.0491787
0.0526925
0.0543683
0.0442763
0.0481568
0.0500066
0.0473834
0.0565796
0.0497501
0.0583609
0.0515889
0.0547727
0.0452868
0.0475275
0.0444015
0.0475585
0.0359791
0.0478463
0.0534109
0.0670071
0.0570277
0.0587175
0.0565164
0.0513898
0.0659315
0.0315726
0.0482353
0.0607538
0.0437391
0.0477879
0.0495309
0.0537516
0.0646158
0.0454271
0.0676214
0.0572845
0.0496465
0.0509414
0.0534102
0.0531311
0.0496893
0.0532905
0.0458748
0.0396943
0.0567823
0.04817
0.0369046
0.0662846
0.0588518
0.0653045
0.0475984
0.0428348
0.0555891
0.0468063
0.0425192
0.0568161
0.0481789
0.0476999
0.0454292
0.0550955
0.0369857
0.0464097
0.0384739
0.0347797
0.058033
0.0338213
0.0464511
0.0500114
0.0420956
0.026019
0.051415
0.0507468
0.0564063
0.0577789
0.0466404
0.0526019
0.0618623
0.0440004
0.0324292
0.0433593
0.0421487
0.0325819
0.0459613
0.0431224
0.045021
0.0570494
0.0500692
0.0461558
0.0490055
0.0355328
0.0364216
0.0460453
0.0421093
0.0425751
0.0393877
0.0478251
0.0366914
0.041708
0.0446236
0.0392186
0.0399675
0.0296891
0.0464523
0.0380764
0.045467
0.028105
0.0536677
0.0455083
0.0444964
0.0525806
0.039872
0.0426548
0.0370838
0.0516034
0.0356459
0.0394645
0.0471984
0.0445266
0.040327
0.0406481
0.0419043
0.0351696
0.0423577
0.0429576
0.0543988
0.0462373
0.03723
0.0407469
0.0399994
0.0476994
0.0484211
0.0398173
0.0408966
0.045614
0.0469866
0.0384018
0.0418939
0.0401003
0.0453073
0.0411678
0.051891
0.0417774
0.0454213
0.0418938
0.0292135
0.0297868
0.0452799
0.0381767
0.0423758
0.0345628
0.0343982
0.0451409
0.0422374
0.0427383
0.034525
0.0437363
0.0367999
0.0357524
0.0435051
0.0390464
0.0470468
0.0354159
0.044895
0.0448985
0.0388483
0.0366512
0.0404867
0.0470919
0.0450593
0.0404874
0.0486113
0.0530249
0.0426188
0.0444792
0.0379895
0.0433437
0.0507437
0.0436927
0.0492756
0.0434494
0.0436008
0.0462607
0.0479612
0.0406019
0.0516685
0.0471807
0.0489454
0.0438909
0.0441488
0.0503569
0.0466174
0.0477647
0.0535664
0.0436601
0.0463229
0.0536154
0.0576578
0.0646194
0.0702939
0.0802072
0.114034
0.1889
0.410152
0.612359
0.715919
0.734145
0.702816
0.570588
0.325202
0.149465
0.094369
0.0720977
0.0556346
0.0504318
0.0553431
0.0582543
0.0489573
0.0479819
0.0470331
0.0473212
0.0509455
0.0466951
0.0450734
0.049832
0.043617
0.0454263
0.0472149
0.0448426
0.0426481
0.046417
0.0475239
0.0426017
0.0436766
0.0505672
0.0484515
0.0547943
0.049241
0.0482045
0.0479028
0.0532163
0.0522936
0.0724403
0.0490569
0.0509005
0.0522644
0.0530162
0.0569995
0.0552918
0.0501926
0.0513325
0.0519876
0.0515868
0.0538361
0.0560143
0.0526062
0.0502469
0.049303
0.0470315
0.0407176
0.0508247
0.0483092
0.0432999
0.0496307
0.0517745
0.0567318
0.0536612
0.0584888
0.0485921
0.0492981
0.048811
0.0498
0.0564596
0.0409331
0.0348031
0.0480394
0.0386391
0.0549104
0.0471496
0.0493481
0.0450922
0.0503545
0.045917
0.0425841
0.0438908
0.0429768
0.0410886
0.052826
0.0542439
0.0460655
0.0478122
0.0513593
0.044048
0.0509702
0.0416534
0.0373623
0.0545149
0.0477195
0.0505081
0.0445302
0.0481968
0.0458525
0.0417205
0.0492524
0.0439298
0.0511187
0.0524162
0.0397592
0.0528732
0.0548426
0.0537009
0.0633732
0.0428561
0.0475226
0.0592011
0.0584409
0.0553841
0.0642243
0.0394589
0.0462526
0.0564441
0.0503663
0.0318973
0.0612596
0.0483467
0.04488
0.0469947
0.0420482
0.0418512
0.0381635
0.0473419
0.0539508
0.0510302
0.0521471
0.0415673
0.0443659
0.0437253
0.0525976
0.0400164
0.0392306
0.0419933
0.0448677
0.0554085
0.0516828
0.051438
0.0404249
0.0560126
0.0443379
0.0456283
0.0309664
0.0576626
0.0301295
0.0551233
0.0477754
0.0330233
0.0589118
0.0761275
0.0936192
0.0606942
0.0488304
0.0606908
0.0431784
0.0568407
0.0750134
0.0469621
0.0410296
0.0498301
0.0540337
0.0789781
0.0325168
0.0498357
0.0387338
0.0487065
0.041614
0.0596865
0.05115
0.0351329
0.0530544
0.0532014
0.0676907
0.0880621
0.0867428
0.0622864
0.0523776
0.0957655
0.0443967
0.0585123
0.0491208
0.0611257
0.0438638
0.042095
0.0401708
0.073539
0.0841165
0.0641261
0.0281046
0.0432004
0.046809
0.0684198
0.0520257
0.0622044
0.0569047
0.0518022
0.0358338
0.0530509
0.0474735
0.0248356
0
0.04347
0.0499089
0.0496432
0.045715
0.0433859
0.0387229
0.0522068
0.0287757
0.0540045
0.0377448
0.0546245
0.058921
0.0529604
0.0612989
0.065067
0.0551835
0.0900605
0.0733719
0.0771461
0.072138
0.0640794
0.0569234
0.0460108
0.0360659
0.0492365
0.0309447
0.0455819
0.0495632
0.0603185
0.0306311
0.0418606
0.0558455
0.0465349
0.0543718
0.052007
0.0550182
0.0675794
0.0702535
0.0462323
0.0694343
0.0735793
0.0646799
0.0655269
0.0698074
0.0553595
0.0725045
0.0946251
0.0712439
0.0902499
0.0819528
0.0886693
0.105069
0.104151
0.0992668
0.109482
0.108003
0.0879818
0.0711853
0.0448786
0.0504386
0.0479658
0.0505265
0.0393412
0.03293
0.0396069
0.0500757
0.0576467
0.0323122
0.0475431
0.0464465
0.0578957
0.0584161
0.0337766
0.0302865
0.0328082
0.0302943
0.0410829
0.034578
0.0354069
0.0380152
0.0513095
0.0484342
0.0462026
0.0443008
0.0394126
0.0430407
0.046317
0.049441
0.039319
0.0458333
0.0455768
0.0439346
0.0462476
0.0554705
0.0466133
0.0412523
0.0387758
0.0485837
0.0590377
0.0409292
0.0391159
0.0474634
0.0399395
0.0445244
0.0380705
0.0430859
0.0410765
0.0376884
0.0572672
0.0608078
0.0454692
0.0588823
0.0442046
0.0554024
0.049094
0.0445849
0.049848
0.0356149
0.0459377
0.0431726
0.0464874
0.0514975
0.0386276
0.0510012
0.0442333
0.0515913
0.043625
0.0563884
0.0522326
0.0545446
0.0367563
0.046965
0.0559
0.0532186
0.0510555
0.0549213
0.0569158
0.0516632
0.0569854
0.0524146
0.0527177
0.0406541
0.0499373
0.0492466
0.040599
0.0432539
0.0469244
0.047452
0.0431099
0.0533065
0.0478294
0.0467169
0.0563045
0.0653093
0.0556743
0.0538634
0.0507123
0.0577628
0.0488422
0.0600188
0.0672803
0.0788433
0.0599834
0.0640387
0.0722614
0.0822405
0.0709921
0.0801023
0.0865706
0.0906628
0.0762821
0.0843032
0.0732149
0.0602628
0.0502168
0.0574571
0.0471192
0.0479912
0.0450054
0.0516312
0.0489478
0.0476695
0.0523888
0.0534949
0.0443331
0.0509407
0.0511733
0.0491189
0.054448
0.0522799
0.0553035
0.0466419
0.0539627
0.0513087
0.0517244
0.0521246
0.056617
0.0520539
0.0579906
0.0598066
0.0657788
0.0688121
0.0614217
0.0725852
0.0792429
0.080844
0.0892269
0.0952099
0.0948487
0.0942035
0.0912843
0.0958063
0.0921397
0.084168
0.0721729
0.0725849
0.0623085
0.0544947
0.0643984
0.0553473
0.0610547
0.0614579
0.0584106
0.0562542
0.0629153
0.0679257
0.0465307
0.0587071
0.0458534
0.0643298
0.0573229
0.0509771
0.0521105
0.0638148
0.0578212
0.0627742
0.066456
0.0604363
0.0687607
0.063518
0.059472
0.0684328
0.0697963
0.0698528
0.0781615
0.0737861
0.0755269
0.0841267
0.0859283
0.0885826
0.0834581
0.0851402
0.0919269
0.0897258
0.0822046
0.06944
0.0659028
0.0725926
0.0682015
0.0642714
0.0551424
0.0581252
0.0521172
0.0562279
0.0645209
0.0467762
0.048803
0.0599242
0.0660246
0.0589211
0.0695489
0.0494265
0.0473228
0.0548279
0.0598608
0.0531739
0.0600845
0.0449346
0.0437595
0.0513962
0.0557392
0.0642733
0.0563059
0.0547999
0.0524516
0.0409234
0.05136
0.0460046
0.0454749
0.0407376
0.0438708
0.0431957
0.0446102
0.0511301
0.0428042
0.0467846
0.046305
0.0438031
0.0518193
0.0556334
0.0450922
0.0467409
0.0473686
0.0429093
0.0510399
0.036597
0.0325377
0.0418367
0.0349693
0.0360968
0.0316663
0.0385666
0.0309498
0.0396491
0.0476885
0.0438908
0.0544131
0.0380571
0.0554695
0.0509306
0.0588139
0.0514661
0.0624941
0.0606868
0.0729362
0.0628464
0.0714349
0.0678349
0.0753491
0.0764599
0.0791696
0.0775968
0.0844758
0.084471
0.0797474
0.0839281
0.0898639
0.092637
0.0836198
0.0664004
0.0766471
0.0718735
0.0675491
0.067762
0.0755167
0.0704744
0.0941491
0.080823
0.0764235
0.07207
0.0992226
0.0813845
0.0545472
0.0786155
0.0739193
0.0761299
0.0809671
0.0759438
0.0864865
0.0757987
0.0774232
0.0622762
0.0806953
0.0819881
0.10231
0.0891817
0.110778
0.0829696
0.0972994
0.104898
0.104476
0.113317
0.109888
0.118668
0.114118
0.113837
0.101775
0.0965085
0.0870239
0.0850339
0.102685
0.0861553
0.0707676
0.0802763
0.073849
0.0550872
0.0677876
0.0601136
0.0619628
0.0830523
0.0545419
0.0467896
0.0571561
0.064923
0.0345329
0.0615625
0.0859348
0.0487815
0.0707223
0.0618075
0.121217
0.113843
0.0905995
0.116401
0.143289
0.0925265
0.102986
0.0731218
0.116623
0.120794
0.108619
0.105119
0.10187
0.127158
0.094152
0.119654
0.114641
0.127897
0.107311
0.140273
0.123505
0.133244
0.112564
0.120096
0.116528
0.119582
0.118412
0.131686
0.108116
0.102973
0.10611
0.0846187
0.104759
0.108762
0.0858353
0.0813485
0.0755849
0.0722107
0.0965189
0.0326846
0.0498561
0.0691078
0.0432141
0.0440258
0.0638687
0.0613826
0.0511072
0.0419212
0.0720207
0.081869
0.0780183
0.0498651
0.110031
0.0887096
0.0942904
0.0833104
0.147637
0.0863142
0.110423
0.0638678
0.0901992
0.100227
0.116945
0.0988418
0.0952835
0.0996811
0.136673
0.0902526
0.090351
0.099683
0.111559
0.119981
0.12739
0.12171
0.117315
0.121972
0.131072
0.123151
0.126197
0.146201
0.115852
0.133964
0.13279
0.105114
0.156127
0.0920857
0.0806715
0.127952
0.138534
0.0937827
0.0693134
0.0822319
0.0960906
0.0840304
0.102421
0.0914857
0.0838498
0.0855657
0.103485
0.0590296
0.122549
0.0793349
0.0807665
0.0737179
0.097954
0.0945553
0.0886059
0.110881
0.0874458
0.0956391
0.101329
0.0887958
0.0551737
0.0893664
0.0721973
0.0854493
0.10322
0.101034
0.124646
0.0407895
0.07894
0.0725815
0.0880944
0.145463
0.116104
0.0838576
0.0665122
0.115062
0.0862296
0.101712
0.0801123
0.0861571
0.109363
0.0931784
0.0589582
0.103029
0.126216
0.111295
0.0779096
0.0880413
0.117948
0.0776066
0.117558
0.0744675
0.0901938
0.0860631
0.0727445
0.0985261
0.124136
0.0912997
0.103924
0.0833367
0.108475
0.11583
0.0772718
0.108099
0.096859
0.107287
0.0822966
0.0869528
0.0755554
0.0818881
0.00683933
0.0655552
0.0594565
0.0958833
0.085659
0.0735696
0.118403
0.0992833
0.0539113
0.04853
0.125784
0.0877134
0.0660178
0.0558162
0.101604
0.0747422
0.0593761
0.105107
0.081023
0.0534487
0.0662257
0.187712
0.0987961
0.100592
0.0318112
0.0887363
0.130025
0.0623665
0.125437
0.108012
0.0858194
0.0629923
0.101189
0.0632187
0.0530741
0.102866
0.122195
0.112471
0.113709
0.0789119
0.0628852
0.0858892
0.125268
0.134928
0.128742
0.123295
0.103435
0.099284
0.144731
0.10322
0.0982434
0.109666
0.113417
0.100497
0.077335
0.0842012
0.0668117
0.104284
0.0897573
0.102154
0.0840491
0.0723329
0.0808392
0.0676916
0.0699155
0.0657084
