0.122163
0.127329
0.123766
0.110966
0.114737
0.117715
0.124569
0.12241
0.123639
0.13471
0.133723
0.134276
0.137126
0.141559
0.143334
0.138424
0.143544
0.14764
0.143031
0.138445
0.136409
0.12337
0.131369
0.131688
0.135343
0.136497
0.144587
0.142386
0.141413
0.146547
0.150547
0.149187
0.151009
0.155046
0.152914
0.153541
0.15784
0.152453
0.152162
0.143863
0.133388
0.132731
0.135442
0.136248
0.135794
0.136843
0.143112
0.145591
0.150439
0.151301
0.150447
0.156946
0.163448
0.165989
0.166744
0.165838
0.160851
0.155214
0.156662
0.150661
0.141839
0.127051
0.108394
0.110968
0.112339
0.0984046
0.101739
0.110078
0.110129
0.13003
0.113021
0.120512
0.117049
0.117908
0.127824
0.122896
0.12229
0.129542
0.126866
0.122424
0.114842
0.112136
0.103006
0.113986
0.112487
0.121461
0.123385
0.123703
0.1225
0.128737
0.130734
0.131242
0.13316
0.132765
0.133959
0.131972
0.124981
0.120878
0.123283
0.12622
0.130061
0.132951
0.136554
0.139711
0.137619
0.137128
0.139623
0.139875
0.146459
0.143223
0.144418
0.146256
0.152302
0.147308
0.150381
0.146679
0.143565
0.123573
0.127834
0.113424
0.118343
0.129517
0.125217
0.132272
0.137273
0.131801
0.137995
0.139119
0.145602
0.145729
0.147885
0.147657
0.154178
0.159142
0.162019
0.15965
0.15451
0.156365
0.151802
0.143599
0.141704
0.127763
0.119174
0.129113
0.118798
0.113478
0.124525
0.126317
0.126747
0.128734
0.133995
0.135511
0.138627
0.143616
0.143492
0.146493
0.149737
0.154768
0.150623
0.153523
0.15294
0.156394
0.151945
0.149783
0.141854
0.136312
0.127531
0.118291
0.128401
0.132611
0.132796
0.125794
0.130452
0.138678
0.12965
0.138711
0.137934
0.131755
0.129483
0.122131
0.118332
0.102791
0.119617
0.104825
0.117122
0.113159
0.121238
0.114496
0.120451
0.123308
0.133085
0.132867
0.133288
0.13879
0.132774
0.135885
0.135627
0.131908
0.119687
0.119091
0.0984453
0.0933317
0.0903143
0.0981346
0.0946842
0.0930545
0.109093
0.109365
0.110369
0.115144
0.11912
0.126352
0.126275
0.127138
0.1304
0.131249
0.137771
0.137359
0.139959
0.139919
0.140209
0.137668
0.130893
0.12691
0.114056
0.106885
0.106004
0.0941038
0.0980356
0.092202
0.0915383
0.0971058
0.103205
0.10199
0.109873
0.117649
0.118235
0.119255
0.122974
0.11982
0.127419
0.133625
0.140431
0.132314
0.143606
0.141835
0.14254
0.138728
0.137786
0.141782
0.142984
0.138842
0.131307
0.133584
0.127869
0.118553
0.11292
0.0927242
0.0982841
0.0863131
0.0832291
0.0978884
0.0902934
0.0856259
0.0926291
0.105409
0.0945186
0.108832
0.107681
0.108951
0.116832
0.127946
0.116183
0.131803
0.133283
0.138305
0.143079
0.146284
0.1471
0.148443
0.143012
0.141197
0.137013
0.135379
0.130487
0.140001
0.116652
0.120382
0.105635
0.108729
0.091994
0.0840499
0.0852184
0.0907095
0.0900694
0.10395
0.0807418
0.0899907
0.105099
0.114758
0.101475
0.112317
0.104582
0.118343
0.118068
0.129078
0.120786
0.133397
0.130291
0.133957
0.132017
0.132783
0.120606
0.109367
0.077966
0.0787301
0.0880707
0.0951801
0.0888731
0.0764744
0.0791273
0.0923532
0.0904639
0.0925547
0.0762259
0.0996015
0.0950365
0.095057
0.0956967
0.0937087
0.0925452
0.101954
0.106011
0.122671
0.124589
0.126194
0.124783
0.124785
0.131971
0.132839
0.12763
0.12072
0.119356
0.115936
0.103891
0.084636
0.0685437
0.079693
0.0586487
0.082778
0.06015
0.0804426
0.0835156
0.0771713
0.079934
0.0831408
0.0929525
0.0947994
0.0835439
0.0925454
0.0952554
0.0930487
0.0967467
0.0935752
0.10222
0.105502
0.107368
0.111886
0.110191
0.112856
0.121523
0.129259
0.12948
0.126713
0.131708
0.130384
0.131469
0.127454
0.127259
0.110826
0.0928116
0.0943511
0.0683475
0.0769134
0.0936163
0.0758018
0.0760577
0.0867269
0.0765517
0.0721578
0.0852479
0.079895
0.0816028
0.0849891
0.0890505
0.106494
0.103345
0.0964179
0.107828
0.111848
0.117622
0.116792
0.127228
0.116662
0.123702
0.113256
0.116458
0.126178
0.125043
0.125801
0.120276
0.112617
0.124812
0.114679
0.137724
0.124145
0.112638
0.10625
0.105394
0.0907137
0.0931187
0.0957442
0.0869745
0.076974
0.0893707
0.0925634
0.096851
0.106683
0.100804
0.106236
0.112475
0.117028
0.120901
0.121717
0.120503
0.116255
0.131352
0.124375
0.128871
0.11397
0.107736
0.105474
0.0784158
0.0800841
0.0649045
0.0762466
0.0571252
0.080215
0.0680614
0.0733224
0.0826685
0.0813166
0.0712881
0.066642
0.0655885
0.0850823
0.06968
0.0755608
0.102921
0.0781682
0.0976023
0.10058
0.0823963
0.0893021
0.0881089
0.100841
0.094789
0.110654
0.11149
0.11289
0.112231
0.118375
0.12021
0.123958
0.115959
0.121656
0.119832
0.135662
0.112703
0.0929155
0.0755392
0.0908669
0.0918102
0.0721804
0.0682439
0.0711769
0.0654994
0.0900365
0.0997715
0.0980328
0.0863978
0.170443
0.22184
0.273785
0.358524
0.43465
0.444173
0.466448
0.398646
0.327588
0.204747
0.119485
0.102964
0.0953413
0.100901
0.090203
0.0945154
0.0917446
0.0707266
0.0876736
0.0984269
0.0930421
0.0916079
0.0927888
0.104723
0.108902
0.102184
0.111183
0.113143
0.110098
0.110202
0.108728
0.0955091
0.0847442
0.0964744
0.0713139
0.095093
0.0979726
0.0846058
0.0883237
0.091087
0.0977246
0.0910385
0.0787556
0.0943645
0.0900325
0.0990721
0.0779172
0.102896
0.107761
0.0996786
0.108943
0.105046
0.107801
0.10443
0.0954959
0.0912376
0.0849455
0.10296
0.0762473
0.066216
0.0716244
0.0632268
0.078114
0.0834027
0.0680563
0.060252
0.0837733
0.0710809
0.0632147
0.0871799
0.0824627
0.0758943
0.0878861
0.0845229
0.0807725
0.0829309
0.0910722
0.0788834
0.0881063
0.0977437
0.0971945
0.0924337
0.0913932
0.094396
0.0789714
0.100386
0.0881473
0.0896493
0.106054
0.101758
0.104989
0.0889723
0.102785
0.0903975
0.0785191
0.083198
0.0903665
0.0825656
0.0650393
0.0770255
0.0866492
0.0748492
0.0414232
0.0731428
0.0660383
0.0755867
0.0590446
0.0757271
0.0732411
0.0689211
0.0675509
0.0558951
0.0621163
0.0599922
0.0759033
0.0823327
0.0732666
0.0828576
0.0403241
0.0828322
0.0665688
0.0842239
0.0686722
0.0619883
0.0744139
0.073977
0.0736095
0.0848443
0.0710075
0.0758308
0.0738762
0.0957421
0.0791947
0.070459
0.07412
0.0719235
0.0853692
0.0775116
0.079656
0.0757667
0.0897028
0.0727276
0.0675723
0.0842273
0.0668991
0.0723166
0.0659995
0.0689469
0.0876999
0.0679569
0.0795684
0.0721581
0.0501634
0.0771212
0.0779473
0.0971544
0.0689638
0.0532968
0.0640036
0.0896912
0.0829516
0.0652947
0.089456
0.0662649
0.0973446
0.0783695
0.107917
0.0791624
0.0884321
0.0732143
0.0712863
0.0583236
0.0803484
0.089114
0.0699244
0.0440147
0.0714353
0.0451926
0.0821284
0.073519
0.0740281
0.0579072
0.076787
0.0482799
0.0934992
0.0768499
0.0621283
0.0689289
0.0941737
0.102031
0.081696
0.0911858
0.0931757
0.0742278
0.100744
0.0883074
0.0618759
0.0776476
0.0830271
0.0756644
0.0594554
0.0908266
0.0665226
0.0513983
0.0727677
0.0657772
0.0802999
0.0694771
0.0599603
0.0647743
0.0562729
0.0697029
0.0481545
0.0433973
0.0437924
0.0426501
0.0464313
0.0510959
0.0517745
0.0467399
0.0649701
0.058871
0.0451359
0.0388011
0.0532859
0.0633166
0.037067
0.0365088
0.0236538
0.0439228
0.0443647
0.0496037
0.0492672
0.0438308
0.0518366
0.0541464
0.0625453
0.0442748
0.0483033
0.0512131
0.0476873
0.048628
0.0501092
0.0463809
0.0530957
0.0435585
0.0326017
0.0417954
0.0475111
0.0604406
0.0450378
0.060649
0.0550667
0.0473686
0.0469476
0.0575711
0.054511
0.0402352
0.0592426
0.057903
0.0582131
0.035436
0.062091
0.0512364
0.0498961
0.0446574
0.0510178
0.0365429
0.0523402
0.0634086
0.0514608
0.0612703
0.0368045
0.0611256
0.0490365
0.0415223
0.0470414
0.0531093
0.0431983
0.0725495
0.0407741
0.0436582
0.0594061
0.0557722
0.063024
0.0539564
0.0539732
0.0615857
0.065816
0.0564981
0.0803798
0.0503429
0.0469209
0.0746545
0.0653166
0.0552178
0.0520669
0.064861
0.0541719
0.0734491
0.0779637
0.0578205
0.0524948
0.0661273
0.0504219
0.047152
0.0564282
0.0635267
0.0635058
0.0702768
0.0662934
0.0467599
0.0694762
0.0838319
0.0586038
0.0726946
0.0528773
0.079161
0.0674601
0.0867276
0.0747097
0.0760846
0.0482248
0.0676973
0.0581788
0.0807725
0.0459306
0.0770981
0.0651474
0.0517095
0.0718653
0.0531051
0.0591425
0.0547323
0.0495711
0.0753608
0.0817307
0.0777628
0.0762865
0.0801699
0.0745964
0.0315426
0.0510549
0.0487226
0.0457479
0.036074
0.0738423
0.0476314
0.0585168
0.0490023
0.0444841
0.0677502
0.0418148
0.0550944
0.033275
0.0541527
0.0453974
0.0551739
0.0610978
0.0459904
0.0562146
0.0513324
0.063997
0.0404754
0.0500453
0.0579357
0.0492916
0.0595042
0.0531262
0.0543674
0.0469456
0.0445815
0.0484277
0.0546526
0.0488336
0.0539861
0.0515443
0.0530676
0.0481486
0.0555033
0.0501571
0.0488755
0.0542354
0.0456954
0.0499412
0.0474906
0.0527073
0.0445358
0.035744
0.0489644
0.0388049
0.0425296
0.0390427
0.0416771
0.0404616
0.0516562
0.0455977
0.0420313
0.0458026
0.0396702
0.0367785
0.0413042
0.0466263
0.0469217
0.0453275
0.0379168
0.0441086
0.0366421
0.0385998
0.0320666
0.0403646
0.0336921
0.0279209
0.0405123
0.0390134
0.041243
0.0392322
0.0342951
0.0385394
0.0297826
0.0357156
0.0394893
0.0329907
0.0461174
0.0364582
0.0443004
0.0441596
0.047288
0.0338796
0.0359678
0.0299041
0.0429034
0.0415922
0.0427141
0.048665
0.0393776
0.0483798
0.0390499
0.0449026
0.0472429
0.0408921
0.0404305
0.041149
0.0385608
0.0391619
0.038387
0.0385108
0.0378477
0.0393497
0.0527081
0.0335816
0.0337232
0.0329292
0.0440427
0.03756
0.0358426
0.0408582
0.0449501
0.0378336
0.0351243
0.0417791
0.0350204
0.0316182
0.0438999
0.0366717
0.0390545
0.0404669
0.0441129
0.0392643
0.0382151
0.0414163
0.039269
0.0364665
0.0352135
0.0477359
0.0312703
0.0430365
0.0284217
0.0352012
0.042502
0.0391151
0.0335925
0.0454593
0.0403488
0.0392431
0.043767
0.0466556
0.0426758
0.0391241
0.0410164
0.0439673
0.0415368
0.0379652
0.0448379
0.0380862
0.0436674
0.0544988
0.0420739
0.0439563
0.0431051
0.0526747
0.043791
0.0470592
0.0434435
0.0455667
0.037824
0.0337375
0.0413423
0.0450447
0.039522
0.0426032
0.0439757
0.0419039
0.0371158
0.0417908
0.0454202
0.0399016
0.0428453
0.0419832
0.0552757
0.0512906
0.0490425
0.0404383
0.0340365
0.0467131
0.0377388
0.0528981
0.0542382
0.0521903
0.0447256
0.0541882
0.059757
0.0525441
0.0522345
0.0569442
0.0495776
0.0556949
0.0528167
0.0401886
0.0572457
0.0439729
0.0733127
0.0510339
0.05698
0.0530563
0.0462432
0.0471287
0.031481
0.0556038
0.0597113
0.050519
0.0504368
0.0454386
0.0566159
0.0488693
0.0446038
0.0417167
0.0565703
0.0572741
0.057057
0.0471837
0.0486409
0.044034
0.0500202
0.0306
0.0445278
0.051518
0.0544185
0.0435896
0.0553797
0.047516
0.0583177
0.041057
0.0337878
0.0489449
0.045776
0.0452885
0.037973
0.0555891
0.0486032
0.0348745
0.0398871
0.0351347
0.0387918
0.0460041
0.0367314
0.0532642
0.0381222
0.0352579
0.0464581
0.0369502
0.0507313
0.0462143
0.0441337
0.0427989
0.0403695
0.0418342
0.0510805
0.0639381
0.04296
0.0277365
0.0431224
0.0412097
0.0331533
0.0459682
0.0427809
0.040864
0.0478666
0.0380283
0.0283638
0.0378146
0.035442
0.0326338
0.0495457
0.0335383
0.0441827
0.0361568
0.0432468
0.0371996
0.0384123
0.0381022
0.0362525
0.0391255
0.0324942
0.0359163
0.0321791
0.040667
0.029311
0.0391563
0.0475757
0.0430182
0.0403687
0.0380522
0.044185
0.0330196
0.0442723
0.0304701
0.0406748
0.034355
0.0340333
0.0419978
0.0469776
0.0421687
0.0326018
0.0371015
0.0383998
0.041724
0.0368781
0.0344683
0.0335909
0.0371706
0.038161
0.0425591
0.0366946
0.0356731
0.0428893
0.035322
0.0430448
0.0401315
0.0359899
0.0425866
0.0308225
0.0419596
0.0327982
0.0360204
0.0381581
0.0305742
0.029872
0.033348
0.0311148
0.035115
0.0355682
0.0363876
0.0392741
0.0359216
0.0396418
0.0391078
0.0336767
0.0384074
0.0367036
0.0357815
0.0375689
0.0416713
0.0408669
0.0359457
0.0338866
0.0383
0.0382166
0.0383899
0.0466986
0.0449644
0.0315445
0.0415829
0.0418802
0.0268593
0.0481768
0.0355861
0.039994
0.0447697
0.0380545
0.0403026
0.0374454
0.0476522
0.0395026
0.0442566
0.0352786
0.0417568
0.0437723
0.0437072
0.0381203
0.0401771
0.0409124
0.0427333
0.0433759
0.0450288
0.0496508
0.0385527
0.0527775
0.0570412
0.055906
0.0575207
0.0791975
0.117868
0.194772
0.390198
0.594872
0.697794
0.712784
0.675688
0.547796
0.309974
0.138908
0.100103
0.069352
0.055269
0.0495323
0.0517818
0.0533515
0.050778
0.0437094
0.0443552
0.0463056
0.0432627
0.0510727
0.0401662
0.0476443
0.038548
0.0385209
0.0406215
0.0404772
0.0371944
0.0386704
0.0384434
0.038284
0.0403823
0.0396814
0.0451789
0.0490325
0.0433139
0.03793
0.0456581
0.05473
0.0482492
0.0650544
0.0436885
0.0522983
0.0504451
0.0488031
0.0534816
0.0544839
0.047156
0.0449005
0.0465339
0.0508034
0.0487193
0.0470646
0.0489997
0.050896
0.047402
0.0469607
0.043117
0.0438674
0.0439654
0.0423729
0.0440539
0.0486752
0.0454568
0.0430121
0.0481423
0.0416971
0.0477938
0.0528202
0.049356
0.0548458
0.0355527
0.0375883
0.0502801
0.0428936
0.0471032
0.0462302
0.0537451
0.0431835
0.0478688
0.0461662
0.0381953
0.041072
0.0392416
0.0425615
0.0523052
0.0414485
0.0396065
0.0398541
0.0440375
0.0441844
0.0407729
0.0403454
0.0372422
0.0435942
0.0438429
0.0419187
0.0410651
0.0383131
0.0530433
0.0459486
0.0371779
0.0461885
0.0468465
0.0424993
0.0379965
0.0487537
0.0427217
0.0450804
0.0484078
0.0486424
0.0427842
0.0450038
0.0581892
0.0534242
0.0538866
0.0399037
0.0457733
0.0416601
0.0535728
0.0377924
0.0451434
0.059593
0.0489969
0.0467198
0.0399133
0.0426607
0.0411272
0.0401231
0.0384186
0.0371663
0.046252
0.0470213
0.044201
0.0434295
0.0458561
0.034796
0.0389462
0.0464849
0.0363168
0.0354022
0.0548114
0.0374
0.0283405
0.0336675
0.0499142
0.0415612
0.0651066
0.0696723
0.0330923
0.0240141
0.0544968
0.0634865
0.0551269
0.0591251
0.0758192
0.0777563
0.0581033
0.0542555
0.042003
0.0270757
0.0762359
0.0494469
0
0.0618597
0.0488272
0.0456462
0.00606033
0.0370492
0.0514885
0.0376494
0.0490288
0.0804845
0.0445619
0.0275673
0.0498813
0.0724442
0.0620975
0.0603795
0.0935878
0.0607047
0.0423978
0.0437582
0.0666228
0.082733
0.0448376
0.0482221
0.0426692
0.0322522
0.0354618
0.0326115
0.0477138
0.0496323
0.0400697
0.0599495
0.0377842
0.039207
0.0711653
0.0628976
0.0448199
0.0719137
0.0561662
0.0478139
0.0205448
0.0293905
0.0136965
0.0564322
0.0567207
0.0315586
0.0591068
0.0300285
0.0187934
0.0276016
0.029432
0.0416696
0.0380943
0.0444947
0.0779135
0.0457587
0.0413342
0.051694
0.0553361
0.061424
0.0715076
0.0724606
0.0647188
0.0752082
0.0428594
0.0337154
0.0392336
0.047082
0.0363056
0.0392171
0.0230164
0.0428232
0.0341678
0.0414414
0.0553147
0.053684
0.0607176
0.0429111
0.0541444
0.0641269
0.0520733
0.0479575
0.0543365
0.0586722
0.0673515
0.0582919
0.0557215
0.0491709
0.0684341
0.0826623
0.0797869
0.0832468
0.0687894
0.0770185
0.0960099
0.0952725
0.103843
0.104567
0.100103
0.078994
0.0630862
0.0451182
0.0458923
0.0249127
0.0505526
0.0408741
0.0391519
0.0387768
0.0471452
0.0537611
0.0359324
0.0444681
0.0557761
0.0389614
0.0537009
0.0307977
0.0398828
0.0390304
0.0279943
0.0374534
0.0400597
0.0315685
0.0248777
0.0364371
0.0427116
0.0407397
0.0233168
0.0305294
0.0399936
0.0357437
0.0299543
0.0387266
0.0387688
0.0454651
0.0433319
0.0412747
0.045656
0.0471045
0.0417405
0.0361893
0.0392539
0.0449847
0.0350241
0.0356908
0.0377941
0.0459559
0.0364252
0.0335534
0.0367635
0.0373197
0.0337469
0.0469082
0.0500748
0.0393212
0.0425467
0.029719
0.0515329
0.0422853
0.0508604
0.0371851
0.0377477
0.0388509
0.0458731
0.0431455
0.0501515
0.0404742
0.0462613
0.0456908
0.0450945
0.0543963
0.0543469
0.043807
0.0528957
0.0452329
0.0491174
0.0537164
0.0490869
0.0490849
0.0522598
0.0519171
0.0492942
0.0472837
0.0431639
0.0442472
0.0401717
0.0416281
0.0461449
0.0364508
0.0427038
0.0404043
0.0374623
0.0365815
0.0499391
0.0381053
0.0511552
0.0414055
0.050468
0.0451317
0.0483884
0.0526104
0.054754
0.0500252
0.0616263
0.061268
0.0554679
0.063263
0.0666972
0.0653389
0.0730351
0.0751681
0.0697251
0.0772834
0.0971365
0.0770117
0.0812532
0.0699245
0.0595285
0.043
0.0544158
0.0501884
0.0467547
0.0457905
0.0424734
0.041388
0.0412039
0.050369
0.044943
0.0368908
0.0450811
0.0454338
0.0412741
0.0460678
0.042009
0.0485775
0.0427177
0.0470659
0.0452806
0.0488141
0.0467592
0.0579784
0.0522936
0.0553962
0.0522624
0.058693
0.0629241
0.0607451
0.0669136
0.0688153
0.0741851
0.0778602
0.0839989
0.086462
0.0798293
0.0840174
0.0846214
0.0767162
0.0794395
0.0542555
0.0700398
0.053652
0.0618445
0.0595395
0.0529754
0.0484779
0.05876
0.0550656
0.0488115
0.0545455
0.0633373
0.058506
0.0412361
0.046531
0.0524281
0.0605511
0.0528865
0.0509018
0.0577614
0.0577356
0.0533212
0.0659529
0.057308
0.0627269
0.0663669
0.0574178
0.063791
0.0676101
0.0738771
0.0641067
0.0655945
0.0771208
0.0724017
0.0782029
0.0789887
0.0802885
0.0818052
0.0808726
0.0817806
0.0790474
0.0662093
0.0638739
0.0624387
0.0581287
0.0529645
0.0486409
0.0459149
0.0541906
0.0510557
0.0555957
0.050326
0.0535239
0.0471985
0.0607278
0.0446331
0.0604908
0.043089
0.0368165
0.0397351
0.0495054
0.0409329
0.0420143
0.0462315
0.0453162
0.0267823
0.0442051
0.0548538
0.0388158
0.0477064
0.0464382
0.0357781
0.0500432
0.0356595
0.0458625
0.040713
0.0425162
0.0431575
0.033151
0.0462727
0.0403812
0.0512986
0.0300616
0.0384445
0.0426432
0.0462304
0.0321493
0.0394049
0.0431668
0.0363323
0.0465745
0.0335051
0.0321689
0.0270091
0.0370953
0.0286355
0.0283756
0.0379788
0.0309827
0.03672
0.0351424
0.0355514
0.0423087
0.0315062
0.0418034
0.0459155
0.0465941
0.0444911
0.0504438
0.0545468
0.058922
0.0484771
0.0591188
0.0547394
0.0562656
0.0531315
0.0533378
0.068158
0.0753627
0.0625082
0.0715948
0.0668717
0.0851865
0.0906157
0.0663432
0.055399
0.0622702
0.0771892
0.0852025
0.0315377
0.0739592
0.069069
0.0764961
0.0662907
0.0643844
0.084767
0.0879972
0.0672684
0.0344566
0.0739517
0.0611793
0.0649663
0.0656011
0.0651366
0.0583373
0.0923362
0.0601848
0.0901128
0.0665043
0.0647804
0.0875969
0.0768827
0.102411
0.078846
0.0884207
0.0866749
0.0987985
0.102328
0.0984551
0.0967758
0.101451
0.111725
0.0833174
0.092311
0.0869806
0.0665119
0.0919309
0.0759108
0.063115
0.0661341
0.0508498
0.0648725
0.048391
0.0826081
0.0589003
0.0769777
0.0752426
0.0807241
0.0578166
0.0787379
0.0505373
0.0497666
0.12026
0.0861147
0.0583953
0.0694605
0.100766
0.0918027
0.0907743
0.105418
0.118409
0.0975939
0.0713012
0.0855475
0.0964374
0.0969401
0.115655
0.102194
0.0916675
0.0991199
0.112448
0.112385
0.113948
0.115299
0.108752
0.125352
0.118327
0.107002
0.116033
0.111031
0.11229
0.112992
0.123455
0.115126
0.10804
0.10768
0.102631
0.0953638
0.083378
0.0928058
0.0781672
0.0388765
0.0560078
0.0602138
0.0999647
0.0568077
0.0664383
0.0511946
0.0566704
0.0442846
0.0659569
0.046665
0.0909898
0.0744005
0.0569554
0.0903437
0.0475768
0.0465058
0.124648
0.101455
0.0435126
0.0868642
0.0981739
0.0742184
0.11289
0.0988712
0.101312
0.0862552
0.0789199
0.0828554
0.0858702
0.0901807
0.117565
0.0933072
0.091829
0.116253
0.115816
0.123445
0.106423
0.121708
0.120171
0.130765
0.114965
0.107245
0.128576
0.12116
0.0999757
0.123778
0.125379
0.102389
0.116469
0.103482
0.0762435
0.143799
0.102706
0.0700215
0.0856789
0.089126
0.101954
0.0738707
0.0920624
0.0821137
0.0638507
0.0966433
0.0765672
0.1038
0.121842
0.061497
0.0856926
0.0975237
0.102743
0.0994746
0.101235
0.101282
0.0883004
0.0688196
0.0911462
0.0803042
0.0676471
0.08299
0.0828411
0.103771
0.0834984
0.0896968
0.121576
0.0957467
0.0603628
0.0492355
0.061582
0.141852
0.108526
0.0828879
0.0479476
0.0517551
0.0399514
0.0271622
0.0637045
0.0905286
0.0947394
0.0703237
0.0527092
0.0902013
0.132069
0.0746037
0.0842189
0.0995104
0.0995777
0.118201
0.101064
0.105314
0.0834714
0.0874758
0.101248
0.0712163
0.134551
0.094533
0.0892417
0.0887618
0.0803363
0.0896401
0.0740358
0.112294
0.0925668
0.111029
0.0708424
0.0512557
0.0761931
0.0780367
0.039348
0.114061
0.107826
0.0943853
0.12231
0.0444473
0.0736268
0.0913489
0.0872283
0.072044
0.118166
0.0921763
0.0362945
0.0565226
0.0914397
0.079611
0.0805115
0.105495
0.0595207
0.015383
0.0827633
0.135912
0.0598111
0.0978742
0.0542973
0.109794
0.113766
0.0599353
0.103407
0.0897602
0.0753606
0.0747283
0.120428
0.0969279
0.0485506
0.102003
0.0993799
0.102237
0.107668
0.10373
0.0945129
0.128155
0.0900661
0.0893834
0.0980742
0.109027
0.105042
0.0790525
0.0970168
0.105656
0.0921696
0.0837767
0.0875338
0.0956928
0.0713363
0.0191422
0.0660801
0.0988999
0.0766251
0.0931968
0.104957
0.0524055
0.0701197
0.0427554
0.0641213
0.0287829
