0.153147
0.155406
0.153407
0.158244
0.158255
0.149093
0.160249
0.163421
0.166328
0.173369
0.176743
0.179173
0.18027
0.185795
0.187412
0.190532
0.199576
0.195013
0.194394
0.198746
0.196054
0.193383
0.186656
0.197701
0.199647
0.205718
0.214778
0.220584
0.222945
0.230048
0.231601
0.236058
0.237943
0.242903
0.248401
0.248051
0.246377
0.248591
0.241889
0.246167
0.233427
0.219086
0.22272
0.237204
0.24704
0.248354
0.260566
0.25829
0.269488
0.270917
0.265919
0.253267
0.239679
0.237007
0.236514
0.23733
0.257933
0.289921
0.286812
0.276484
0.258297
0.222539
0.187422
0.172889
0.154994
0.15215
0.15405
0.144379
0.136688
0.131041
0.130923
0.126515
0.125
0.12746
0.12788
0.129604
0.127341
0.128133
0.127066
0.14133
0.135495
0.135991
0.133562
0.144193
0.138125
0.138364
0.146203
0.148256
0.157407
0.154838
0.166206
0.17066
0.182821
0.184854
0.191844
0.199461
0.217984
0.224619
0.238655
0.236009
0.248104
0.241838
0.240839
0.229257
0.206406
0.194078
0.185917
0.190371
0.19316
0.188346
0.198595
0.20325
0.20751
0.20299
0.20103
0.202095
0.197703
0.185598
0.183431
0.176719
0.177848
0.183497
0.195645
0.201466
0.200273
0.212519
0.208987
0.220764
0.221221
0.224287
0.22895
0.233635
0.23636
0.236208
0.23666
0.237754
0.245321
0.245854
0.245901
0.240222
0.223897
0.206907
0.203698
0.205845
0.193258
0.205087
0.219241
0.219729
0.22423
0.230694
0.24371
0.24737
0.24923
0.25694
0.266352
0.270026
0.269279
0.26841
0.276584
0.274659
0.278276
0.279853
0.281354
0.271261
0.248419
0.218669
0.174973
0.14733
0.131475
0.126999
0.124053
0.122907
0.121707
0.127251
0.128713
0.129459
0.135339
0.136789
0.135027
0.141589
0.14064
0.148266
0.15154
0.14731
0.150002
0.146782
0.140906
0.146086
0.136753
0.141651
0.142928
0.142822
0.150593
0.146956
0.149551
0.15562
0.153717
0.154572
0.14861
0.13716
0.128241
0.127921
0.107914
0.123584
0.119596
0.121081
0.126603
0.132553
0.142045
0.144676
0.156916
0.157318
0.159292
0.166311
0.172898
0.173059
0.181304
0.183846
0.185959
0.187603
0.190103
0.191058
0.186963
0.178193
0.164226
0.146026
0.149151
0.145818
0.149532
0.153824
0.14152
0.15528
0.148257
0.159705
0.169497
0.179763
0.175555
0.186367
0.195503
0.191599
0.203299
0.212685
0.215607
0.221955
0.227859
0.234611
0.237935
0.239109
0.243438
0.250821
0.253463
0.252802
0.251405
0.247318
0.249999
0.231857
0.206306
0.171289
0.166823
0.145015
0.167276
0.151162
0.159083
0.170016
0.171021
0.16048
0.167558
0.174786
0.19356
0.198441
0.196992
0.204523
0.209353
0.220478
0.223734
0.221382
0.225598
0.229346
0.229425
0.221732
0.210396
0.199693
0.183881
0.168241
0.147633
0.148968
0.14112
0.138437
0.139595
0.134991
0.132058
0.135834
0.144781
0.15152
0.149047
0.162748
0.155081
0.167391
0.146573
0.148533
0.147657
0.142861
0.136144
0.146571
0.139932
0.146822
0.138972
0.146173
0.151401
0.146444
0.150676
0.150952
0.150444
0.15229
0.13562
0.107046
0.116176
0.124718
0.105276
0.120355
0.120591
0.100985
0.120675
0.112008
0.126302
0.116689
0.132307
0.129176
0.127533
0.128633
0.138007
0.140753
0.146699
0.157427
0.158616
0.163063
0.15844
0.163147
0.163489
0.17802
0.181079
0.177191
0.174616
0.176344
0.175936
0.155356
0.143805
0.128809
0.134518
0.14002
0.128096
0.127192
0.123473
0.144318
0.130571
0.109371
0.133494
0.141507
0.137437
0.133775
0.132427
0.145435
0.146203
0.153121
0.151437
0.151283
0.150449
0.16059
0.177061
0.178729
0.192087
0.202428
0.208605
0.213724
0.213205
0.218472
0.214685
0.207809
0.189566
0.168172
0.143934
0.149792
0.124261
0.133897
0.107153
0.113811
0.117026
0.125166
0.12896
0.138651
0.120639
0.131335
0.128234
0.130408
0.128502
0.12445
0.124632
0.128323
0.124372
0.134816
0.132062
0.136728
0.136184
0.142369
0.13318
0.138329
0.149847
0.153719
0.169909
0.18138
0.196674
0.210662
0.217746
0.230095
0.224078
0.223528
0.220159
0.203057
0.180356
0.186896
0.173208
0.165293
0.169734
0.172025
0.174284
0.16416
0.177227
0.17282
0.177234
0.167885
0.176554
0.183529
0.183486
0.177077
0.183999
0.166555
0.159683
0.16222
0.16337
0.152596
0.167107
0.144478
0.161266
0.144357
0.159865
0.132601
0.129817
0.12756
0.127028
0.141735
0.138213
0.143733
0.175616
0.140796
0.13208
0.13834
0.128987
0.141158
0.149841
0.158371
0.152237
0.140565
0.150349
0.163942
0.163616
0.161143
0.148389
0.153115
0.171001
0.177068
0.18406
0.177188
0.184078
0.193947
0.185528
0.191722
0.198649
0.210448
0.210063
0.228417
0.241254
0.25774
0.240282
0.249823
0.2624
0.238732
0.202298
0.190378
0.160054
0.157614
0.180347
0.187468
0.228307
0.277689
0.346862
0.392436
0.415461
0.43437
0.416497
0.334229
0.256314
0.19023
0.146593
0.143525
0.12222
0.127279
0.132884
0.12861
0.139078
0.138307
0.1427
0.137196
0.151687
0.160991
0.152889
0.162912
0.166737
0.166146
0.171455
0.168804
0.182133
0.165641
0.157872
0.143018
0.120223
0.120363
0.136524
0.126518
0.146332
0.12666
0.127012
0.122265
0.102862
0.132984
0.107112
0.0958363
0.0976599
0.12003
0.107779
0.126151
0.114219
0.12293
0.120682
0.133307
0.129741
0.120029
0.141322
0.1516
0.148473
0.128148
0.131983
0.130068
0.134319
0.131872
0.124578
0.129601
0.124019
0.115764
0.121772
0.116907
0.134275
0.107705
0.121469
0.134782
0.142065
0.138363
0.150484
0.150872
0.13468
0.145232
0.138619
0.123691
0.117892
0.151197
0.113923
0.128547
0.14066
0.137727
0.108826
0.134056
0.129958
0.134348
0.144294
0.125829
0.131503
0.143478
0.128381
0.149391
0.131827
0.148712
0.133048
0.123848
0.127258
0.132237
0.113851
0.124789
0.0940611
0.116884
0.0974632
0.0944843
0.119544
0.112001
0.104622
0.106141
0.10689
0.0971207
0.0926815
0.105265
0.093873
0.0866092
0.107249
0.105605
0.0963595
0.104297
0.105402
0.0900337
0.103386
0.0865283
0.0780111
0.0867971
0.104821
0.0707925
0.0786029
0.0948801
0.078825
0.0908451
0.114827
0.102299
0.109834
0.115882
0.0951637
0.101953
0.118304
0.115326
0.119293
0.13049
0.12655
0.104145
0.12344
0.110239
0.0893507
0.0851293
0.0736543
0.04329
0.0749237
0.081543
0.0685315
0.0897897
0.111012
0.113155
0.123258
0.119627
0.124384
0.11743
0.100018
0.121298
0.0939879
0.115759
0.112474
0.104102
0.113887
0.120535
0.12328
0.115768
0.127474
0.137229
0.120658
0.135803
0.118778
0.130282
0.105962
0.109673
0.105395
0.104752
0.113415
0.127152
0.116012
0.140014
0.102375
0.123792
0.0884608
0.107935
0.113478
0.129093
0.118222
0.119834
0.127518
0.115736
0.107231
0.0935297
0.109506
0.104089
0.102946
0.0970776
0.0844704
0.101991
0.0834007
0.0790265
0.0831974
0.0835316
0.0602358
0.0647308
0.0618013
0.0621458
0.063448
0.0644679
0.0474638
0.0654081
0.0650365
0.0627414
0.0502433
0.0410328
0.0558334
0.0505117
0.0682111
0.0388152
0.0486108
0.0538253
0.0416208
0.0445908
0.0521881
0.0401221
0.0494991
0.0398243
0.0351188
0.0384693
0.0391847
0.0343001
0.056106
0.0521901
0.0500742
0.0484463
0.0536511
0.0655178
0.0474065
0.0591464
0.0529043
0.0459373
0.0622375
0.0698398
0.0626088
0.0521386
0.0716742
0.0708429
0.0713144
0.0509701
0.0473398
0.0563644
0.0529259
0.0440384
0.0308925
0.0444647
0.0548956
0.0304551
0.0482488
0.0458559
0.0444924
0.0393694
0.0473602
0.0425209
0.043358
0.0514187
0.0402037
0.049683
0.0421758
0.0466309
0.0385226
0.0470434
0.0502773
0.032152
0.0353435
0.0335085
0.0530748
0.0502919
0.0407479
0.0466759
0.0660181
0.0519738
0.0578538
0.0702982
0.0578779
0.0878996
0.0884238
0.0746668
0.0894194
0.100926
0.0728538
0.0739041
0.100123
0.0867621
0.0929158
0.0905143
0.105148
0.0853903
0.0743582
0.0763547
0.108469
0.0919737
0.103145
0.110215
0.114685
0.135358
0.120836
0.128739
0.158661
0.142167
0.137974
0.139929
0.172844
0.155836
0.162168
0.153529
0.114071
0.106352
0.0857391
0.0784984
0.119064
0.114959
0.0730245
0.097782
0.0916936
0.114822
0.12203
0.111207
0.0930963
0.121615
0.124355
0.111098
0.119684
0.11047
0.12253
0.105855
0.107666
0.102797
0.134604
0.122069
0.137752
0.163604
0.153885
0.14782
0.138399
0.139608
0.108952
0.127578
0.121172
0.111384
0.100056
0.109347
0.0744492
0.0706746
0.0834367
0.0631599
0.0583082
0.0569415
0.0543425
0.0459818
0.0379022
0.031578
0.0241805
0.0130975
0.0182121
0.0173923
0.0190986
0.0250391
0.0171952
0.0182629
0.0250956
0.019244
0.0132528
0.0148806
0.0184966
0.0219235
0.0175676
0.0265005
0.0284571
0.0222361
0.0234885
0.017541
0.0140797
0.00749177
0.00757291
0.0105627
0.0120052
0
0.0120941
0.013638
0.012093
0.0115669
0.0146153
0.00958912
0.00709696
0.00960277
0.00779406
0.0147775
0.0178432
0.0200712
0.0246583
0.0233241
0.0145216
0.0131961
0.0168964
0.0141545
0.0157394
0.0118134
0.0151431
0.0189012
0.0202181
0.0161582
0.0193143
0.013593
0.020088
0.0149623
0.0151955
0.0260491
0.0219193
0.0215584
0.0210546
0.022943
0.0209814
0.0323687
0.0237805
0.020095
0.020042
0.0162551
0.0247555
0.0213362
0.0224937
0.0235932
0.0283564
0.0251897
0.0193869
0.0233063
0.0217446
0.0217741
0.0283252
0.0248327
0.021908
0.0319356
0.0241782
0.0420919
0.0192134
0.0264542
0.0276273
0.0155651
0.025849
0.026983
0.0205373
0.0101569
0.0260304
0.0291634
0.0291823
0.0223818
0.024379
0.0229735
0.0236774
0.0279882
0.0223347
0.0211527
0.0208215
0.0226723
0.0260524
0.0372697
0.0346928
0.0437312
0.0473051
0.0392995
0.0367874
0.0433852
0.0481288
0.0406889
0.0389934
0.0422099
0.0348082
0.0524489
0.0411664
0.0408368
0.0485351
0.0500954
0.0436632
0.0482749
0.0545409
0.056874
0.0554824
0.0708191
0.0596371
0.0703492
0.0618279
0.0722794
0.0712533
0.0655027
0.0730203
0.0772551
0.0666876
0.078966
0.0778393
0.0666821
0.0768448
0.0717339
0.06922
0.0775219
0.0682802
0.0683296
0.0747787
0.0723504
0.0758106
0.0644802
0.0749214
0.0790335
0.0861764
0.081065
0.089727
0.0699301
0.0736692
0.068055
0.0627956
0.0590295
0.0606894
0.0713535
0.0780351
0.0706506
0.0834585
0.0682387
0.055
0.0857687
0.0791836
0.0723097
0.0725028
0.0633586
0.0675344
0.0677581
0.0619779
0.0718284
0.0744854
0.0567837
0.0641333
0.0539998
0.056682
0.056146
0.05533
0.0509573
0.0435467
0.0382529
0.0513021
0.0426241
0.0454589
0.0431959
0.0477585
0.038102
0.0391394
0.0520462
0.0331685
0.0316888
0.0472969
0.0309272
0.0511045
0.0402383
0.0548219
0.0393825
0.0412523
0.0502697
0.0466439
0.0575659
0.0529997
0.030779
0.039165
0.0352248
0.0408364
0.0107933
0.0199241
0.0199636
0.0243214
0.0126208
0.0227086
0.0225103
0.0149688
0.0132706
0.0157336
0.0246789
0.0184784
0.0135646
0.0080809
0.0128102
0.0137523
0.00864852
0.0248404
0.0284291
0.030365
0.0260211
0.0397307
0.0237112
0.0448563
0.0330826
0.0285692
0.028201
0.0208845
0.0205445
0.0340766
0.0247383
0.0202418
0.0203587
0.0292999
0.01768
0.0256816
0.0158777
0.0202321
0.0222156
0.0200348
0.0213559
0.0210018
0.0159067
0.0129228
0.0164995
0.0157372
0.00970713
0.0156793
0.014481
0.0235429
0.0158246
0.0173415
0.0244119
0.0106441
0.0102352
0.0259599
0.0110233
0.0115415
0.0188636
0.0179265
0.0129111
0.0215107
0.0103203
0.010261
0.0192612
0.0188479
0.00383662
0.0140217
0.0149848
0.0200229
0.0110272
0.0140135
0.0188335
0.0232731
0.0245023
0.0179859
0.0221082
0.0224294
0.0125322
0.0228995
0.0342464
0.0248809
0.0381642
0.0243813
0.0230737
0.0231283
0.027953
0.0183421
0.0363423
0.0261052
0.015745
0.0155294
0.0146233
0.0195794
0.0235856
0.0113824
0.0138977
0.0210592
0.0132478
0.0183502
0.0171922
0.0217264
0.0161801
0.0159916
0.0225384
0.0217225
0.0149177
0.0236935
0.0227402
0.0212907
0.0163611
0.0244589
0.0268903
0.0311
0.0280714
0.0293753
0.0307236
0.0343261
0.0330608
0.0329879
0.0367765
0.0323925
0.0384634
0.033267
0.0289344
0.0288541
0.0337932
0.0396397
0.0305897
0.0296229
0.0292102
0.034668
0.0335269
0.0367038
0.0373048
0.0351138
0.0337439
0.0336196
0.0377065
0.0387248
0.039683
0.0473727
0.0465649
0.0478154
0.0563838
0.0685008
0.0871411
0.156728
0.318059
0.507991
0.590146
0.606249
0.591165
0.509535
0.31331
0.153588
0.0946005
0.0739368
0.0638125
0.0526823
0.0601478
0.0570433
0.0525388
0.0527761
0.0497888
0.0530979
0.0488797
0.046122
0.0560959
0.0524038
0.0484905
0.0511993
0.0563327
0.0466422
0.051445
0.0467973
0.0425806
0.0483811
0.0528201
0.0477147
0.044594
0.0555179
0.041619
0.0490377
0.0355876
0.0405788
0.0519316
0.052933
0.0375461
0.0428989
0.0395133
0.0438486
0.0380081
0.0431909
0.0467542
0.0438953
0.0501243
0.0477595
0.0397714
0.0435147
0.0468559
0.0487861
0.0544555
0.0500736
0.0491986
0.0422366
0.0465087
0.0491966
0.0484869
0.0523161
0.0492805
0.0484605
0.049051
0.0505957
0.0425222
0.0568611
0.0469412
0.0505947
0.0454636
0.0450471
0.0463362
0.049947
0.0538343
0.040672
0.0401359
0.0562807
0.0504609
0.0423916
0.0451267
0.0460317
0.0401816
0.0433899
0.0476023
0.0473252
0.0481265
0.039561
0.0464792
0.0435962
0.0485172
0.0522277
0.0499783
0.0407177
0.0521803
0.044457
0.0403313
0.0413986
0.0512794
0.0511293
0.047971
0.0484067
0.0459979
0.0515858
0.0545774
0.0507789
0.0500778
0.060569
0.0537177
0.0556481
0.058239
0.056126
0.0679194
0.0507888
0.0671253
0.0616225
0.0676153
0.0611276
0.0470996
0.0585682
0.0581932
0.0665562
0.0681406
0.0519367
0.0598748
0.060622
0.0484047
0.068612
0.0512684
0.0561434
0.0610002
0.0612806
0.0671277
0.0647241
0.0634601
0.0619497
0.0655856
0.0768146
0.0477156
0.0445517
0.0550457
0.0564901
0.0676868
0.0505454
0.0644704
0.0639453
0.0715317
0.0758636
0.0513136
0.0786999
0.0901805
0.0389171
0.0678996
0.0738827
0.0826015
0.0584955
0.0935463
0.0651329
0.0719678
0.0429077
0.0813267
0.0706178
0.0833793
0.0878034
0.060893
0.0568092
0.0950368
0.0425266
0.0655623
0.0496631
0.0977001
0.104817
0.0753908
0.0789241
0.083493
0.117953
0.0962367
0.0987829
0.0865381
0.07932
0.103103
0.0971459
0.0791486
0.0630961
0.0757463
0.0749667
0.0605548
0.0795073
0.0612026
0.0797393
0.0977576
0.0898914
0.0656643
0.0772411
0.0739407
0.0772787
0.0403838
0.0660015
0.0876142
0.0658592
0.073272
0.058327
0.0351751
0.0614195
0.0821428
0.0626325
0.0623001
0.0834436
0.0479007
0.0721805
0.08175
0.0670483
0.0393186
0.0551836
0.0710251
0.0821111
0.068298
0.0287912
0.0851065
0.0595881
0.0849391
0.102233
0.0831524
0.0958071
0.104144
0.0770551
0.0729053
0.0712369
0.0594218
0.070901
0.0360712
0.05583
0.052505
0.0497261
0.0511625
0.0493854
0.0428334
0.0372451
0.055076
0.0612904
0.0673877
0.0591478
0.0656784
0.0521091
0.0807914
0.0588682
0.0724049
0.0780267
0.0860594
0.1029
0.0952175
0.105208
0.11248
0.112189
0.12171
0.138173
0.154818
0.161698
0.166606
0.169934
0.166313
0.148452
0.0888554
0.0716551
0.0579619
0.0562143
0.0603242
0.0500455
0.0375062
0.0555006
0.0389791
0.0358325
0.0512052
0.0462454
0.0533957
0.058415
0.0472345
0.0580669
0.0514888
0.0389192
0.0423859
0.0391533
0.0602857
0.0335906
0.0498146
0.0480021
0.0497777
0.0448251
0.0419515
0.0481508
0.0397405
0.0438212
0.0466277
0.047717
0.0560849
0.0504591
0.0352561
0.0489304
0.0412257
0.0480906
0.0393024
0.0517728
0.040757
0.0387218
0.0621441
0.0482357
0.0438352
0.0384879
0.0470635
0.0449082
0.0585048
0.0616678
0.0563038
0.0468318
0.0465293
0.0441896
0.0488394
0.0618377
0.0460177
0.0410653
0.0463649
0.0525183
0.0522335
0.0441414
0.0429017
0.0408418
0.0436806
0.0525278
0.0425724
0.0488528
0.0318844
0.0230183
0.0435783
0.0467482
0.0426132
0.0480311
0.0469038
0.0493106
0.0468892
0.0519607
0.0415071
0.0526071
0.0463671
0.0444974
0.0457323
0.0390544
0.0453881
0.0459619
0.0414835
0.0426368
0.0394109
0.0410093
0.0371014
0.0464011
0.049505
0.0445882
0.0420869
0.0481094
0.0409587
0.0489422
0.0543047
0.0563431
0.0592198
0.0470989
0.0593346
0.0614298
0.0597093
0.0745855
0.0644416
0.0735519
0.0818537
0.0726997
0.084855
0.0916383
0.0918395
0.0933322
0.0771498
0.0771685
0.0696696
0.0596543
0.0476215
0.0389947
0.0457852
0.0402237
0.0396793
0.0418116
0.0460656
0.043234
0.0433285
0.0395567
0.0431748
0.0494706
0.03647
0.0458698
0.0526453
0.0386194
0.0477774
0.0490713
0.047074
0.0509328
0.0550404
0.0579766
0.0638712
0.0619412
0.0694847
0.0694903
0.0745289
0.079201
0.0935797
0.0900695
0.107329
0.11001
0.117378
0.124158
0.119498
0.118625
0.118365
0.109908
0.0976004
0.092615
0.0830639
0.087463
0.0567736
0.0588156
0.0612009
0.0648054
0.0623283
0.0558367
0.0679222
0.0600007
0.0557308
0.0558574
0.0645498
0.0615058
0.0706263
0.073284
0.0711716
0.0615724
0.0610911
0.060571
0.0669336
0.0730108
0.0734272
0.0792945
0.0761349
0.0886724
0.094279
0.0901321
0.0958926
0.10345
0.107246
0.106689
0.117744
0.121262
0.127425
0.140941
0.134157
0.134212
0.135917
0.127164
0.116337
0.111097
0.0979424
0.0920129
0.0796568
0.0701078
0.0729061
0.0648486
0.0639374
0.0570158
0.0759747
0.0587374
0.0621792
0.073564
0.066721
0.0703725
0.073039
0.0561955
0.0580677
0.0499698
0.0618579
0.0537833
0.0543322
0.0698992
0.0459467
0.0618462
0.0560313
0.0599821
0.0551499
0.056355
0.0569204
0.0580786
0.0466593
0.0458647
0.0580497
0.0575231
0.0511905
0.0573845
0.0561511
0.0597538
0.0593173
0.0555264
0.0478143
0.0524483
0.0590365
0.0526538
0.0590166
0.0459465
0.0553432
0.0570038
0.062952
0.0596817
0.0565627
0.064425
0.0575225
0.0518929
0.0440088
0.0559002
0.0622801
0.0626046
0.0554275
0.0585197
0.0626098
0.0590694
0.0574208
0.0730143
0.0599798
0.0673275
0.0697372
0.0692498
0.0697384
0.0686323
0.0728037
0.0755836
0.0688187
0.0678852
0.0798278
0.0835233
0.0789924
0.0888717
0.0919779
0.0814826
0.0966065
0.109053
0.110429
0.119111
0.103918
0.0925564
0.116022
0.114939
0.121828
0.108789
0.134951
0.119673
0.133861
0.122149
0.11943
0.128056
0.116574
0.113151
0.0882921
0.1039
0.0684107
0.0886453
0.0825384
0.0871242
0.0894674
0.0964521
0.113028
0.100774
0.0934997
0.119759
0.116989
0.116023
0.120569
0.143757
0.135762
0.132035
0.158018
0.118612
0.115504
0.126092
0.116499
0.120647
0.125432
0.11655
0.114253
0.0861923
0.0827967
0.101023
0.0816273
0.0987436
0.101391
0.0977709
0.0826474
0.0931962
0.0972097
0.11226
0.110867
0.100637
0.113861
0.126978
0.113579
0.138715
0.117541
0.137792
0.111181
0.133605
0.100864
0.135212
0.125048
0.104106
0.152777
0.1307
0.147011
0.129431
0.168154
0.166531
0.15629
0.155683
0.160913
0.16219
0.174381
0.172999
0.174753
0.185708
0.179039
0.183135
0.161028
0.180151
0.156033
0.169346
0.158783
0.17277
0.154087
0.130363
0.143484
0.133932
0.109096
0.134691
0.123784
0.100859
0.0914296
0.0874299
0.0875483
0.0813154
0.0793196
0.0966027
0.0881101
0.0901782
0.0689864
0.102495
0.103109
0.080688
0.0999757
0.116628
0.151113
0.124879
0.0937485
0.108815
0.107871
0.117
0.146024
0.125578
0.176649
0.151085
0.158523
0.151516
0.179066
0.163139
0.178021
0.173609
0.184438
0.1821
0.198002
0.18247
0.195399
0.205334
0.199743
0.193654
0.215713
0.216314
0.204056
0.193596
0.207288
0.215219
0.20989
0.174548
0.178582
0.183505
0.20443
0.16598
0.147787
0.116099
0.173781
0.107598
0.0831329
0.0831957
0.0912501
0.0940584
0.0466389
0.0849564
0.100842
0.100452
0.107616
0.0827153
0.112883
0.0628615
0.0639298
0.0938801
0.0825619
0.100068
0.106666
0.0834915
0.0922995
0.096659
0.106931
0.0715437
0.0943841
0.0811997
0.111735
0.139861
0.11414
0.106227
0.141413
0.155183
0.0967157
0.104431
0.0892651
0.106558
0.158041
0.0951862
0.103394
0.0853313
0.10795
0.0845953
0.111445
0.112186
0.104163
0.103678
0.0979324
0.123377
0.0956586
0.132908
0.111499
0.143523
0.141637
0.111908
0.11784
0.121125
0.120156
0.132143
0.141158
0.109083
0.107092
0.0841533
0.129501
0.117788
0.139933
0.120267
0.109476
0.117749
0.120647
0.109636
0.116995
0.132558
0.101421
0.0818183
0.103103
0.104208
0.110576
0.104232
0.144297
0.107411
0.0937486
0.117146
0.0832702
0.0521298
0.111219
0.0769084
0.106218
0.0808244
0.109404
0.0751862
0.043923
0.0647946
0.0366697
0.110993
0.0478719
0.133077
0.146877
0.0990147
0.140272
0.0991613
0.0802739
0.0939401
0.0733807
0.0754796
0.146531
0.0982296
0.137107
0.158194
0.122804
0.0863332
0.0935968
0.0941492
0.122813
0.103791
0.147526
0.127552
0.131943
0.147935
0.145323
0.115463
0.137664
0.170325
0.121978
0.106903
0.0977581
0.131869
0.144773
0.105317
0.127949
0.120692
0.122756
0.102169
0.113659
0.116218
0.0823702
0.0669326
0.0641953
0.0528545
0.071336
