0.186773
0.189258
0.187994
0.192233
0.19336
0.203714
0.20189
0.205956
0.216161
0.225425
0.229978
0.233625
0.231535
0.242579
0.248516
0.253398
0.262132
0.261637
0.261244
0.264568
0.258256
0.264501
0.255812
0.266592
0.281225
0.280272
0.291529
0.299578
0.311348
0.315942
0.321553
0.322871
0.329485
0.336876
0.340742
0.344843
0.349813
0.35402
0.345778
0.345367
0.328801
0.323809
0.323659
0.341695
0.354791
0.360104
0.37247
0.379742
0.385655
0.389461
0.376889
0.340933
0.320651
0.316811
0.316319
0.316979
0.345533
0.416155
0.420948
0.403792
0.38013
0.324532
0.268091
0.238279
0.221416
0.206261
0.19868
0.177855
0.169872
0.159014
0.154625
0.150749
0.145712
0.147778
0.141619
0.146786
0.152546
0.153673
0.152579
0.166002
0.172183
0.171722
0.173013
0.178764
0.179125
0.175782
0.184866
0.185895
0.192575
0.198964
0.212816
0.221249
0.230579
0.247425
0.259098
0.289216
0.315545
0.337725
0.358725
0.356956
0.365886
0.365382
0.357218
0.330081
0.290138
0.26231
0.243297
0.243895
0.248956
0.245208
0.257382
0.264173
0.266525
0.266434
0.269093
0.266994
0.259342
0.25595
0.251135
0.244329
0.253641
0.25572
0.270358
0.272372
0.27475
0.287715
0.288757
0.300679
0.305033
0.312526
0.318171
0.32146
0.324041
0.318934
0.317219
0.320368
0.338817
0.347651
0.346637
0.342266
0.317234
0.297423
0.285451
0.280103
0.270639
0.290642
0.304633
0.311754
0.323624
0.335483
0.347702
0.355956
0.369305
0.377839
0.38155
0.389267
0.392853
0.388816
0.395829
0.394192
0.399108
0.404136
0.40715
0.40117
0.358945
0.297833
0.22904
0.183421
0.161348
0.146487
0.140261
0.135188
0.134324
0.142533
0.143116
0.141469
0.150979
0.160003
0.165185
0.175881
0.187075
0.190851
0.201482
0.194871
0.193953
0.194712
0.17491
0.177118
0.168544
0.168901
0.167792
0.172142
0.176302
0.175036
0.181354
0.184788
0.187152
0.190468
0.180799
0.175378
0.15967
0.165792
0.147662
0.152275
0.152275
0.157547
0.162382
0.170209
0.175999
0.186657
0.199222
0.203459
0.208848
0.215758
0.223086
0.222727
0.232829
0.235065
0.240234
0.24418
0.248004
0.24783
0.246685
0.239474
0.22169
0.204173
0.206553
0.202778
0.206364
0.207908
0.20532
0.214131
0.220267
0.22484
0.239069
0.244515
0.262785
0.266103
0.27637
0.279147
0.289735
0.302775
0.308118
0.319347
0.3298
0.335628
0.337998
0.342729
0.354726
0.358921
0.364316
0.373525
0.382706
0.371523
0.374425
0.348002
0.299204
0.257757
0.230565
0.211516
0.222688
0.2254
0.232086
0.233122
0.239117
0.236275
0.255211
0.25241
0.271116
0.279757
0.27486
0.280122
0.294907
0.295668
0.309296
0.310247
0.321471
0.313308
0.319759
0.311325
0.296868
0.273444
0.238858
0.207498
0.173381
0.169619
0.164412
0.166709
0.175508
0.189373
0.191552
0.188377
0.200139
0.207598
0.205649
0.220307
0.219371
0.225915
0.209481
0.211389
0.182248
0.181864
0.179806
0.169606
0.169367
0.172798
0.166908
0.170747
0.173286
0.182521
0.193927
0.196105
0.190858
0.188986
0.179918
0.165391
0.166072
0.173303
0.158422
0.153381
0.153809
0.155268
0.160453
0.149002
0.172126
0.14992
0.165232
0.169551
0.161615
0.177824
0.174863
0.180858
0.18848
0.196154
0.199106
0.204165
0.204112
0.215304
0.212341
0.23474
0.233042
0.23582
0.246085
0.234114
0.2273
0.213614
0.217383
0.209174
0.189866
0.192423
0.19369
0.176893
0.172337
0.197306
0.184101
0.171974
0.195777
0.198963
0.19649
0.191057
0.189002
0.205514
0.193578
0.198382
0.207767
0.218499
0.209305
0.222166
0.231793
0.242087
0.268717
0.277392
0.276923
0.290128
0.296233
0.300144
0.299786
0.293889
0.267941
0.236826
0.193371
0.19557
0.173768
0.176102
0.152032
0.148931
0.161111
0.166261
0.175347
0.17748
0.174185
0.178875
0.180533
0.18062
0.166572
0.168595
0.158989
0.160149
0.156847
0.163178
0.166698
0.162721
0.16225
0.174551
0.167937
0.186347
0.179056
0.200312
0.223227
0.243073
0.269741
0.304642
0.312689
0.326782
0.328462
0.32373
0.311198
0.308542
0.265078
0.242853
0.256041
0.246127
0.253231
0.252801
0.260215
0.249225
0.251727
0.243525
0.23923
0.240044
0.254228
0.253192
0.256378
0.251499
0.247377
0.226422
0.207111
0.197173
0.19474
0.193536
0.213136
0.20624
0.211372
0.210339
0.211448
0.219181
0.195077
0.217003
0.189287
0.214914
0.18864
0.190337
0.208161
0.188395
0.20756
0.189122
0.17219
0.20507
0.205042
0.218693
0.218571
0.20037
0.206288
0.203808
0.227388
0.222871
0.214786
0.228855
0.229668
0.235359
0.241165
0.237971
0.24927
0.2491
0.255153
0.2651
0.28048
0.292473
0.303027
0.332
0.371836
0.404343
0.415295
0.418089
0.424461
0.370477
0.339742
0.264661
0.246592
0.218325
0.238042
0.255415
0.315609
0.34739
0.419926
0.47038
0.50687
0.514794
0.491557
0.426028
0.31934
0.249892
0.205669
0.195439
0.187589
0.18324
0.175667
0.173603
0.180188
0.193365
0.194074
0.194168
0.228271
0.211109
0.221915
0.221045
0.22343
0.230937
0.242796
0.231048
0.251437
0.238031
0.206964
0.211203
0.178241
0.172289
0.166387
0.161565
0.171174
0.157267
0.160831
0.147528
0.147134
0.157145
0.134002
0.138039
0.133369
0.141468
0.13421
0.144073
0.142897
0.137878
0.139837
0.160043
0.150766
0.153208
0.182021
0.185418
0.200302
0.175044
0.188672
0.200746
0.192952
0.192353
0.180439
0.173132
0.171188
0.168692
0.172937
0.169264
0.169005
0.15867
0.16445
0.194157
0.207267
0.202711
0.202126
0.21303
0.203196
0.188244
0.190204
0.163867
0.152924
0.171881
0.174056
0.164633
0.17326
0.188578
0.162072
0.165927
0.173842
0.167258
0.185529
0.176693
0.180742
0.182154
0.178559
0.205089
0.174071
0.200141
0.186383
0.170097
0.187672
0.183128
0.170716
0.16238
0.134834
0.145391
0.129883
0.13513
0.150661
0.171577
0.125421
0.139801
0.133619
0.136
0.12935
0.127328
0.131599
0.120098
0.133044
0.13716
0.139866
0.151645
0.141911
0.14314
0.134262
0.130491
0.114671
0.122958
0.11869
0.107831
0.110932
0.112952
0.11845
0.118594
0.123272
0.129577
0.13736
0.150075
0.1398
0.143264
0.174998
0.164556
0.19136
0.198494
0.190769
0.183953
0.168191
0.136955
0.118458
0.101918
0.091591
0.0748673
0.0944997
0.103969
0.0949093
0.121093
0.128318
0.156583
0.145467
0.158231
0.173779
0.172505
0.127534
0.127693
0.150242
0.122687
0.155438
0.148076
0.181123
0.175586
0.200749
0.183032
0.19188
0.182961
0.145549
0.183117
0.160301
0.17496
0.165226
0.161586
0.170165
0.162559
0.16522
0.163163
0.183387
0.173589
0.166016
0.161844
0.146879
0.168585
0.16475
0.170743
0.167534
0.160013
0.176358
0.144321
0.148151
0.145011
0.138201
0.141057
0.154498
0.135182
0.110951
0.122009
0.120394
0.0967281
0.096674
0.0991735
0.0954853
0.092982
0.0868272
0.0893684
0.0754788
0.0918951
0.0812919
0.069625
0.0750932
0.0607885
0.0568289
0.051337
0.058165
0.0645436
0.0729935
0.0567905
0.0630101
0.0647749
0.0602046
0.0640302
0.0674031
0.0548184
0.0446364
0.0475031
0.0444542
0.0520253
0.0494871
0.0613515
0.0578041
0.0678065
0.0659945
0.0639434
0.0668007
0.0738178
0.0664291
0.0770701
0.0657534
0.0531802
0.0697483
0.0829671
0.0746287
0.0768814
0.0768824
0.0750756
0.0723336
0.0686162
0.0605238
0.0660787
0.0631957
0.0467872
0.0489182
0.0419208
0.0417462
0.0272451
0.0489638
0.0399364
0.0567317
0.0347225
0.0547063
0.0521637
0.0536713
0.0474269
0.052525
0.0522281
0.0518981
0.0472622
0.0681761
0.052942
0.05402
0.0421024
0.0532084
0.0495078
0.050592
0.051105
0.0533763
0.058392
0.0644268
0.0747594
0.0798122
0.100024
0.112126
0.117413
0.101691
0.11228
0.126106
0.117263
0.0959999
0.107623
0.126335
0.141296
0.123632
0.119917
0.125857
0.115639
0.125058
0.119935
0.149516
0.152054
0.145704
0.164863
0.169971
0.178958
0.178153
0.193656
0.209617
0.229476
0.220784
0.224646
0.265031
0.258046
0.238514
0.245897
0.175014
0.160713
0.133801
0.126765
0.15105
0.140236
0.134266
0.142591
0.174537
0.164744
0.16156
0.148951
0.134785
0.171257
0.167021
0.194881
0.167853
0.181415
0.161139
0.157697
0.136483
0.157008
0.202183
0.176963
0.186891
0.219708
0.234966
0.240174
0.214499
0.197233
0.182959
0.169423
0.164216
0.162035
0.142892
0.131743
0.125327
0.120852
0.120178
0.0824423
0.0771513
0.0658435
0.0699446
0.0564871
0.0435706
0.0203466
0.0295456
0.00965097
0.0156938
0.013678
0.0176321
0.019575
0.0133757
0.00652927
0.0227299
0.0155152
0.00895438
0.0111983
0.0122226
0.0174971
0.019496
0.0217924
0.0272998
0.0235172
0.0180907
0.0210758
0.0148245
0.0109239
0.00788993
0.00565866
0.00282873
0
0.00336913
0.00920009
0.00412501
0.0125149
0.00573055
0.00454089
0.000542573
0.00193197
0.00815115
0.00719761
0.00863903
0.0170519
0.0235051
0.0121594
0.0157974
0.0112293
0.0171591
0.0105578
0.0142193
0.00928555
0.0147688
0.0176345
0.0185746
0.0159152
0.0211492
0.0197177
0.0209044
0.0138246
0.0149493
0.017969
0.0209042
0.0222003
0.0198141
0.0286444
0.0235833
0.0354563
0.0300525
0.0252089
0.0198754
0.0225258
0.0294901
0.0198027
0.0244618
0.0320705
0.025827
0.0313348
0.029314
0.0290817
0.0269457
0.0304594
0.0301273
0.0263281
0.031446
0.0323994
0.0316359
0.048804
0.0298373
0.0306485
0.026884
0.0191617
0.0261744
0.0289208
0.0265881
0.0196466
0.0277507
0.032747
0.0330788
0.0266457
0.025088
0.0292522
0.029122
0.0300615
0.0310696
0.0266398
0.0318643
0.0363321
0.0401176
0.0462911
0.043759
0.0458948
0.0540642
0.0498715
0.0624965
0.0579672
0.0638832
0.0691901
0.0658503
0.0617566
0.0609217
0.0760995
0.0650896
0.0627311
0.0733152
0.0650398
0.0730651
0.0679921
0.0732689
0.0759724
0.0813509
0.0983187
0.091329
0.0961285
0.0987302
0.0974025
0.10381
0.101743
0.106383
0.110008
0.108482
0.112639
0.107482
0.106884
0.114811
0.113902
0.113568
0.115132
0.113332
0.103534
0.112135
0.111964
0.108846
0.100878
0.114704
0.121464
0.124361
0.142293
0.134064
0.120773
0.106952
0.111605
0.0958002
0.0826434
0.0928969
0.0999251
0.0981496
0.103679
0.100189
0.0998601
0.0849467
0.101903
0.107712
0.101881
0.0775499
0.0900233
0.0914034
0.0968602
0.0927633
0.0997808
0.0909952
0.0744058
0.0943319
0.0744803
0.0852332
0.0674205
0.0628092
0.069712
0.0690667
0.0530081
0.0701473
0.0432511
0.0568193
0.0586186
0.0571829
0.0550452
0.0578516
0.0601932
0.0602011
0.0536886
0.0582552
0.0420704
0.0540146
0.0539633
0.0730717
0.0482287
0.0603438
0.062682
0.0595195
0.0634226
0.061678
0.0610646
0.0310129
0.0294006
0.040065
0.0184955
0.0210389
0.0268041
0.0234347
0.0109724
0.01897
0.0161565
0.0234471
0.00797179
0.00696111
0.0192381
0.0102372
0.0165574
0.0112233
0.00639166
0.00534828
0.0222123
0.0295577
0.0217679
0.0326019
0.0372106
0.0502322
0.0484011
0.0660339
0.0425031
0.0322416
0.0317983
0.0364617
0.0318825
0.0270889
0.0332209
0.0213814
0.0196635
0.0234623
0.0162857
0.0181289
0.0182292
0.0188601
0.0257994
0.0163764
0.0141798
0.0147994
0.0156662
0.0120009
0.0119425
0.0133456
0.0129493
0.0140962
0.0182334
0.0271853
0.0158885
0.0253951
0.022427
0.0162326
0.0238195
0.0325347
0.0203204
0.0129741
0.0129535
0.0168902
0.0168112
0.0147102
0.0197916
0.0139351
0.01653
0.0179575
0.00703098
0.0144987
0.014015
0.0249596
0.0168702
0.0142065
0.0183544
0.0153427
0.0155476
0.0166655
0.0221078
0.0207632
0.0206876
0.0209415
0.0359306
0.0380608
0.0419306
0.0399602
0.0240736
0.0283175
0.0344864
0.0260225
0.0332588
0.0296725
0.0260893
0.0285468
0.023906
0.0210673
0.0257845
0.0271852
0.0152614
0.0175338
0.020009
0.0214337
0.0185327
0.0215701
0.0219038
0.0234504
0.0260422
0.0250649
0.0203566
0.026925
0.03208
0.0309069
0.0261373
0.0270155
0.038353
0.0481296
0.0353351
0.0419282
0.0462917
0.0422025
0.0440924
0.0448946
0.0460438
0.0429965
0.0422214
0.0472322
0.0411618
0.0472316
0.0416145
0.0443731
0.042657
0.046017
0.0438185
0.0479778
0.0445641
0.0482017
0.0472066
0.0501961
0.049073
0.0487712
0.0533696
0.0528933
0.0527127
0.0660105
0.0616263
0.0619966
0.0748072
0.0896399
0.113989
0.189691
0.390312
0.605134
0.696846
0.717158
0.696262
0.601205
0.385818
0.192845
0.119762
0.0948763
0.0904172
0.0793114
0.0850869
0.0792179
0.0739885
0.0729794
0.075461
0.0766346
0.0704205
0.0734736
0.0748437
0.0746911
0.0742893
0.0718014
0.071638
0.0694451
0.0690291
0.0698759
0.0688128
0.0680221
0.0673407
0.069226
0.0626634
0.0688251
0.0608566
0.0659437
0.0589807
0.0529281
0.066426
0.0650811
0.0606676
0.0573752
0.057231
0.0597454
0.0590044
0.061689
0.0608466
0.0647787
0.071227
0.0661963
0.06354
0.0671055
0.0635634
0.0697682
0.0694403
0.0685189
0.0684849
0.0644012
0.0677626
0.0736872
0.0757359
0.0737453
0.0729351
0.0731097
0.0696259
0.0698505
0.0630474
0.0741798
0.0741409
0.0637583
0.0603153
0.056387
0.0580013
0.0593412
0.0532742
0.0672832
0.0593772
0.0704382
0.0666368
0.0620256
0.0556331
0.0648057
0.062738
0.0614412
0.0678607
0.0662497
0.0681313
0.0674319
0.0637593
0.069871
0.0650389
0.0667498
0.070667
0.065888
0.0702454
0.0666742
0.0658997
0.0691403
0.0660775
0.0718759
0.0741552
0.0745822
0.0765921
0.0728461
0.0856209
0.0736102
0.078999
0.062761
0.0889715
0.0685806
0.0813419
0.0689559
0.0889686
0.0739359
0.0931054
0.0818166
0.0828105
0.0876133
0.090637
0.0904923
0.076479
0.0867141
0.0823137
0.0887042
0.0809485
0.0790941
0.0798561
0.0883424
0.0886384
0.103005
0.0849653
0.0816505
0.0932075
0.0890901
0.0835896
0.0878707
0.0913145
0.103142
0.0896649
0.0793587
0.0814097
0.0912888
0.0825785
0.0902133
0.0730695
0.103942
0.0904869
0.0853518
0.07692
0.0866816
0.101255
0.0920151
0.0812191
0.110764
0.107401
0.0910642
0.12255
0.0803641
0.0900445
0.0947942
0.107109
0.105935
0.109103
0.0952003
0.111482
0.0861469
0.121789
0.0806295
0.101765
0.0981529
0.11948
0.127708
0.119808
0.128304
0.120373
0.135884
0.125585
0.150338
0.139732
0.123271
0.140957
0.126582
0.124568
0.11723
0.0840554
0.119408
0.129302
0.114461
0.101167
0.114174
0.126208
0.115258
0.103228
0.107242
0.0772344
0.107767
0.0781744
0.0962001
0.0958304
0.107434
0.0959417
0.0802365
0.113189
0.0941116
0.0762594
0.103284
0.0880615
0.0982636
0.0864925
0.100148
0.096572
0.0890699
0.0966994
0.0874427
0.0876493
0.120859
0.0901133
0.0810022
0.112497
0.106876
0.121996
0.118482
0.140331
0.134142
0.150589
0.119111
0.116794
0.101717
0.0694252
0.0682644
0.0598792
0.0797631
0.0899207
0.0810333
0.0673761
0.0630623
0.0414678
0.054511
0.0653474
0.0788062
0.0734256
0.0854382
0.101497
0.0851635
0.101051
0.0833672
0.104287
0.100693
0.122463
0.134108
0.131081
0.151027
0.162284
0.169792
0.188834
0.193573
0.22056
0.243445
0.24426
0.248467
0.233276
0.212988
0.13142
0.0955913
0.0840901
0.0844918
0.0764874
0.056276
0.0593226
0.0661834
0.0563982
0.0555789
0.0586498
0.0687103
0.0686868
0.083983
0.0940208
0.0767778
0.0614713
0.0596157
0.0605955
0.0670847
0.0740561
0.0625398
0.0737544
0.0637309
0.0687721
0.0614143
0.0673044
0.0737084
0.0682985
0.0650626
0.0750244
0.0736829
0.0835243
0.0750503
0.0730472
0.0661759
0.0606454
0.0677503
0.0632566
0.0768157
0.0706908
0.0604451
0.0736729
0.0831138
0.0746201
0.0597702
0.0723882
0.0633789
0.0754886
0.0824662
0.0749923
0.0669803
0.0721175
0.0631563
0.0626206
0.0800753
0.066474
0.0616034
0.0548847
0.053684
0.0656527
0.0509317
0.0595689
0.0582162
0.0542434
0.0663133
0.052532
0.0620456
0.0527331
0.046843
0.0500752
0.0636024
0.0617047
0.0698263
0.0628278
0.0561556
0.0625966
0.0674345
0.058081
0.0667076
0.0665151
0.0630309
0.0593509
0.0576093
0.0631017
0.0617473
0.0618751
0.061299
0.0620015
0.0604823
0.0607556
0.0632744
0.0712752
0.0630245
0.0559745
0.0723253
0.0694985
0.0688971
0.0784134
0.0727891
0.075934
0.0676762
0.0855234
0.0831134
0.0864044
0.101961
0.0918677
0.0909362
0.0956721
0.10055
0.111666
0.107575
0.118519
0.116678
0.100384
0.0959392
0.0887727
0.0803436
0.0627356
0.0588207
0.0654076
0.058246
0.0605075
0.0582136
0.0572499
0.0580187
0.0627925
0.0526342
0.0573302
0.0621257
0.0586124
0.0627998
0.0665948
0.0672144
0.0676397
0.0709362
0.0720749
0.0709845
0.0812263
0.0810137
0.0885015
0.0928342
0.0943567
0.097619
0.108705
0.112511
0.127485
0.132366
0.145322
0.153345
0.165365
0.170047
0.169383
0.164197
0.159051
0.150502
0.134687
0.126949
0.113189
0.105081
0.103706
0.0747006
0.0843086
0.083052
0.101227
0.0709867
0.0807266
0.0687066
0.0859173
0.08512
0.0872594
0.0869586
0.0975636
0.0938749
0.101591
0.0926463
0.0945774
0.105619
0.104992
0.105039
0.103627
0.117161
0.119017
0.126276
0.132208
0.131946
0.135698
0.147182
0.154394
0.157842
0.166286
0.180054
0.184318
0.19889
0.197895
0.204619
0.201966
0.1975
0.172264
0.162123
0.1504
0.137699
0.115833
0.111138
0.104867
0.112257
0.102176
0.0991391
0.102618
0.0902823
0.0921494
0.105388
0.104508
0.0994606
0.0942362
0.0942737
0.0900043
0.0836675
0.0835921
0.0694039
0.0819579
0.0949514
0.0759617
0.091247
0.0752423
0.0878546
0.0787409
0.0840817
0.086555
0.0805584
0.0817247
0.0839068
0.0854784
0.083841
0.0847517
0.0884209
0.0867786
0.0863876
0.0833431
0.0874433
0.088806
0.0861786
0.0849561
0.0764771
0.0817758
0.082218
0.0852133
0.0786154
0.0824391
0.0929038
0.0866031
0.0939632
0.0914618
0.0915907
0.0796891
0.0858814
0.0873311
0.0867239
0.0860395
0.0881301
0.0965628
0.0845541
0.0836152
0.086684
0.0880624
0.0859284
0.0781541
0.079381
0.0753679
0.0778764
0.0715583
0.0886542
0.0730912
0.0741066
0.0768677
0.0904398
0.0964037
0.0936889
0.103609
0.11267
0.13726
0.145755
0.142071
0.136005
0.148647
0.13813
0.159939
0.170354
0.176959
0.158541
0.186876
0.184741
0.18159
0.18611
0.176024
0.163029
0.14702
0.156018
0.128973
0.140703
0.112065
0.112207
0.115056
0.118591
0.129237
0.12157
0.132792
0.131844
0.133733
0.138461
0.129576
0.153002
0.166056
0.169031
0.159951
0.163873
0.181821
0.151637
0.162394
0.150844
0.152456
0.164391
0.16617
0.13297
0.131944
0.125204
0.132775
0.138024
0.116461
0.113091
0.102743
0.1107
0.102329
0.137416
0.128712
0.180746
0.146504
0.125846
0.144183
0.150175
0.158635
0.177363
0.163093
0.184975
0.179396
0.183114
0.152092
0.198377
0.181104
0.154934
0.194526
0.181419
0.18463
0.168851
0.215167
0.21692
0.214589
0.222994
0.220625
0.221899
0.24077
0.241579
0.240736
0.252517
0.241528
0.244698
0.234588
0.233328
0.232855
0.22594
0.213888
0.210029
0.193008
0.190321
0.174309
0.178773
0.162976
0.153864
0.142604
0.142011
0.103775
0.112143
0.10649
0.0941508
0.103134
0.111878
0.113873
0.118861
0.131634
0.126474
0.120002
0.10439
0.148699
0.15504
0.153843
0.157959
0.131202
0.162606
0.183615
0.179065
0.214317
0.205506
0.217385
0.209417
0.208019
0.204594
0.231044
0.235561
0.251678
0.252428
0.257301
0.247801
0.265495
0.255307
0.264181
0.286192
0.282365
0.278587
0.299451
0.310536
0.29375
0.273303
0.314144
0.282993
0.272422
0.272195
0.23915
0.249968
0.245299
0.218966
0.177594
0.18358
0.202831
0.140036
0.0715647
0.121083
0.105101
0.0935157
0.0784064
0.0884518
0.109797
0.0981203
0.123727
0.0952071
0.0835523
0.0831467
0.0858873
0.0957324
0.0867353
0.0929167
0.10596
0.109136
0.0961526
0.111048
0.0888066
0.0903414
0.0970014
0.102014
0.0810442
0.143603
0.0862936
0.14748
0.122546
0.124192
0.0825995
0.148176
0.11198
0.113829
0.12251
0.126361
0.0603462
0.0730281
0.124106
0.114045
0.124394
0.169572
0.151125
0.138729
0.0784501
0.15598
0.119438
0.140699
0.156316
0.170916
0.164614
0.137639
0.148347
0.130965
0.15162
0.134493
0.126031
0.1162
0.119658
0.130295
0.149971
0.107345
0.142016
0.122213
0.148482
0.118823
0.0795522
0.110288
0.122789
0.0962924
0.119448
0.107693
0.161891
0.109514
0.1015
0.131262
0.151645
0.104499
0.0957309
0.099805
0.150594
0.13922
0.113253
0.137157
0.0703355
0.0971295
0.090516
0.0906076
0.069128
0.0932401
0.0791635
0.0749886
0.112853
0.160185
0.109259
0.126733
0.126576
0.0942091
0.105433
0.108185
0.150952
0.161133
0.16746
0.111366
0.123256
0.180697
0.104701
0.107132
0.177752
0.115339
0.161091
0.141253
0.166652
0.154043
0.179997
0.182359
0.154087
0.127009
0.180321
0.210292
0.155201
0.12555
0.13821
0.195105
0.153547
0.158579
0.152661
0.168203
0.110092
0.0955773
0.133397
0.0854925
0.0638113
0.0638854
0.0549972
0.0531101
0.0538379
