0.175284
0.186337
0.185144
0.188591
0.184336
0.189651
0.195105
0.188301
0.206666
0.203767
0.214713
0.216339
0.217418
0.232405
0.23315
0.234711
0.242199
0.245483
0.241774
0.245646
0.241519
0.243625
0.249033
0.246323
0.255216
0.259865
0.269417
0.282929
0.282531
0.290869
0.296109
0.300933
0.304148
0.308294
0.314088
0.320208
0.322232
0.326535
0.325021
0.314744
0.316886
0.295723
0.313807
0.321622
0.319891
0.33538
0.347891
0.352238
0.354598
0.358448
0.349514
0.311738
0.293739
0.291866
0.290797
0.292408
0.322321
0.385234
0.388219
0.376242
0.342796
0.295233
0.245925
0.22831
0.203683
0.191768
0.173091
0.169236
0.165973
0.155255
0.147601
0.143697
0.144454
0.132969
0.134957
0.136543
0.140842
0.144407
0.144973
0.151787
0.150175
0.16007
0.161261
0.160593
0.158809
0.165571
0.167067
0.171907
0.178885
0.187519
0.192854
0.200684
0.212619
0.224319
0.237244
0.257697
0.281306
0.302561
0.319311
0.326428
0.332728
0.323739
0.319676
0.296564
0.266938
0.237491
0.22776
0.225082
0.23181
0.231757
0.238059
0.242312
0.246485
0.248626
0.250139
0.247314
0.237658
0.237129
0.224322
0.233796
0.237561
0.238535
0.239238
0.250358
0.261866
0.254829
0.269345
0.279543
0.281169
0.287583
0.291006
0.291721
0.296058
0.294066
0.292328
0.295016
0.313118
0.323004
0.32422
0.312102
0.291291
0.274994
0.253093
0.249166
0.269196
0.267985
0.274607
0.27763
0.29954
0.305035
0.317898
0.340104
0.337776
0.346539
0.355263
0.357874
0.366809
0.367715
0.363972
0.364007
0.367479
0.371974
0.377264
0.366637
0.331492
0.275358
0.211104
0.16731
0.149723
0.135948
0.127115
0.129849
0.125911
0.125759
0.132525
0.136298
0.141413
0.144137
0.152469
0.169808
0.176405
0.177985
0.194513
0.191849
0.175684
0.173001
0.165493
0.164127
0.157033
0.156065
0.153528
0.153169
0.156317
0.166694
0.171533
0.171519
0.17021
0.176992
0.168979
0.16383
0.153966
0.149707
0.13722
0.135544
0.14704
0.143682
0.154899
0.154997
0.170097
0.171574
0.179217
0.184875
0.192209
0.194833
0.204113
0.206688
0.210973
0.219705
0.223284
0.227148
0.229536
0.231592
0.233422
0.223388
0.202159
0.191437
0.180879
0.188048
0.174085
0.194334
0.193807
0.19381
0.201601
0.211225
0.212493
0.222898
0.241436
0.246652
0.258987
0.254249
0.269428
0.275934
0.295642
0.295367
0.297087
0.304074
0.306918
0.320088
0.324022
0.32629
0.333869
0.339723
0.346432
0.355004
0.340278
0.317248
0.278963
0.24585
0.221455
0.210692
0.198688
0.20826
0.205689
0.210351
0.219212
0.228201
0.236131
0.248134
0.243411
0.260068
0.26214
0.272892
0.275924
0.278072
0.28667
0.286216
0.296705
0.299222
0.297794
0.287607
0.275789
0.246812
0.223549
0.183292
0.16297
0.152971
0.156451
0.161954
0.16405
0.184658
0.1943
0.190839
0.19729
0.193568
0.208599
0.200136
0.189538
0.193875
0.185903
0.193989
0.189363
0.17799
0.164325
0.167412
0.16453
0.161318
0.160347
0.164692
0.165037
0.171781
0.176299
0.176514
0.174939
0.170386
0.166573
0.155412
0.151893
0.171522
0.15444
0.159645
0.169818
0.162318
0.143812
0.146321
0.159434
0.149363
0.152672
0.157933
0.148175
0.162125
0.166449
0.161101
0.17076
0.184686
0.197932
0.198631
0.19602
0.200141
0.204578
0.21236
0.217983
0.226547
0.232114
0.225511
0.211021
0.208803
0.203978
0.215902
0.200376
0.212825
0.176485
0.176057
0.15442
0.154736
0.174429
0.175157
0.179859
0.183316
0.177053
0.194297
0.188701
0.18983
0.181672
0.189564
0.194999
0.193774
0.204183
0.219865
0.215842
0.234823
0.244545
0.253244
0.262169
0.271394
0.269905
0.287938
0.281732
0.260629
0.248481
0.225507
0.181537
0.172844
0.159917
0.145652
0.147979
0.136294
0.148366
0.161261
0.165221
0.168632
0.169372
0.177477
0.169961
0.180102
0.149161
0.15508
0.159002
0.167704
0.167421
0.148717
0.154224
0.152205
0.151143
0.154599
0.149339
0.162621
0.169766
0.190246
0.207415
0.222654
0.248956
0.26979
0.28129
0.310188
0.30722
0.300289
0.282352
0.270572
0.246241
0.231718
0.241538
0.243561
0.240132
0.236448
0.248351
0.229471
0.231691
0.232573
0.239623
0.228156
0.237227
0.237671
0.237837
0.23474
0.223008
0.207617
0.191426
0.182641
0.189388
0.189275
0.199636
0.205343
0.206251
0.204441
0.21242
0.196039
0.20252
0.192167
0.195432
0.200481
0.191062
0.196171
0.199818
0.194306
0.193314
0.189035
0.205515
0.221703
0.211216
0.194647
0.209102
0.200376
0.208963
0.206956
0.205441
0.213296
0.220668
0.205601
0.217159
0.24422
0.223779
0.232638
0.232763
0.241159
0.239589
0.258897
0.267455
0.267388
0.29214
0.3065
0.349303
0.404671
0.407817
0.395409
0.357768
0.34206
0.308518
0.266286
0.246147
0.221669
0.203294
0.250251
0.277571
0.299773
0.350616
0.409809
0.425504
0.430914
0.402267
0.362078
0.307691
0.226856
0.192221
0.198979
0.184167
0.167969
0.189925
0.179546
0.177736
0.190138
0.209316
0.206554
0.211533
0.196702
0.193721
0.209393
0.198674
0.209896
0.222067
0.228721
0.227714
0.223026
0.215293
0.183855
0.161684
0.155032
0.146323
0.143685
0.129404
0.141539
0.168053
0.128847
0.145084
0.148307
0.126763
0.127556
0.132309
0.125418
0.148536
0.121978
0.138977
0.140111
0.139456
0.133672
0.149921
0.167666
0.163281
0.180682
0.182762
0.183794
0.178645
0.181906
0.191127
0.180495
0.179746
0.174742
0.170422
0.154243
0.167561
0.159059
0.166212
0.176965
0.164179
0.179411
0.195969
0.196745
0.169533
0.201909
0.208017
0.201004
0.162357
0.173647
0.176344
0.1594
0.14793
0.162064
0.157533
0.15788
0.168707
0.178687
0.181107
0.14832
0.174069
0.166549
0.169996
0.189438
0.190508
0.173919
0.196377
0.191635
0.181653
0.187533
0.1854
0.163052
0.155922
0.1625
0.135288
0.130691
0.127999
0.12637
0.132051
0.13536
0.143002
0.13815
0.154584
0.127957
0.129531
0.121269
0.11615
0.125016
0.141373
0.124429
0.139468
0.140193
0.1362
0.123229
0.128929
0.120185
0.121059
0.10988
0.0964207
0.110599
0.117918
0.104032
0.111268
0.110374
0.127878
0.126599
0.126799
0.134419
0.151123
0.164066
0.166834
0.16188
0.169709
0.17793
0.182624
0.173093
0.138509
0.130891
0.0974273
0.103535
0.0917538
0.0889055
0.0876841
0.0926444
0.103558
0.114398
0.130905
0.13286
0.145718
0.14421
0.130692
0.134683
0.12818
0.142665
0.139708
0.151107
0.141529
0.130513
0.180283
0.164428
0.185239
0.210191
0.171578
0.164252
0.170947
0.172428
0.1519
0.159482
0.154656
0.152829
0.177069
0.157328
0.173221
0.151797
0.170039
0.182892
0.185425
0.181113
0.148855
0.154467
0.171727
0.170486
0.164191
0.172706
0.164164
0.131121
0.159917
0.122813
0.137817
0.130243
0.135623
0.133881
0.133476
0.125085
0.109482
0.112216
0.112752
0.086496
0.0982198
0.0856775
0.0987858
0.0851097
0.0904172
0.0761739
0.0820405
0.0691589
0.0632138
0.0653675
0.0629965
0.0728659
0.0779577
0.0726699
0.0677031
0.0574899
0.0705316
0.0656756
0.0596087
0.0657316
0.0572829
0.0624477
0.0453649
0.0467674
0.0547211
0.0617955
0.0642861
0.0609349
0.0653078
0.054456
0.0632585
0.0478061
0.0570397
0.0663503
0.0778387
0.0610503
0.0785171
0.073301
0.0594594
0.0790938
0.0576436
0.0629971
0.0699013
0.0767603
0.0747918
0.0650012
0.07693
0.0649692
0.0566979
0.0466382
0.0507005
0.0392822
0.0435074
0.0391976
0.0473744
0.0559164
0.0449183
0.0456944
0.0495776
0.0555585
0.0601474
0.0650207
0.0481086
0.0671808
0.0590596
0.052569
0.0597884
0.06027
0.0525064
0.0703108
0.0556671
0.0651651
0.0493951
0.0632813
0.0578777
0.0455321
0.0769786
0.0862025
0.0981142
0.103041
0.109836
0.0973578
0.116948
0.111232
0.114759
0.113761
0.103317
0.117714
0.120167
0.144184
0.115343
0.119961
0.101585
0.129753
0.13294
0.138076
0.140272
0.138545
0.160316
0.171605
0.163591
0.162289
0.187435
0.173127
0.205584
0.201778
0.226274
0.227776
0.238802
0.229757
0.228417
0.22224
0.154833
0.14502
0.147421
0.121195
0.146649
0.144887
0.124479
0.133713
0.130352
0.162232
0.155482
0.152057
0.169721
0.15739
0.169871
0.170796
0.197819
0.17573
0.171922
0.151009
0.147947
0.172821
0.173061
0.187917
0.212952
0.214402
0.239777
0.232636
0.214807
0.203644
0.176614
0.190055
0.172511
0.164816
0.144167
0.13071
0.125859
0.113172
0.0901051
0.0976323
0.0907353
0.0619236
0.0526226
0.0541743
0.0401472
0.0365918
0.0220602
0.0186787
0.0109927
0.0184694
0.0106634
0.0204601
0.0190352
0.0152071
0.018843
0.0144291
0.00765324
0.0191684
0.0180624
0.0194861
0.0169283
0.026398
0.0223879
0.0289644
0.0208634
0.0154201
0.0149414
0.0122321
0.0116359
0.00968313
0.00414643
0.00181838
0.0105044
0.01004
0.00893515
0.00924504
0
0.00801095
0.0025949
0.00532744
0.00962167
0.00976309
0.0140527
0.0179949
0.0221545
0.0190514
0.017187
0.0178196
0.0115191
0.0122016
0.0146438
0.00527879
0.0174025
0.0197157
0.0211631
0.019519
0.0183597
0.0200775
0.0150279
0.015737
0.0193334
0.0186916
0.0109516
0.0239426
0.0281284
0.0284416
0.0323954
0.0356333
0.0211732
0.0224381
0.0300617
0.0203841
0.023397
0.0229348
0.0262444
0.0275977
0.0310778
0.0347414
0.0323272
0.0285508
0.0309464
0.0330529
0.0256989
0.0268979
0.0388424
0.0312374
0.0358422
0.0364828
0.0347452
0.0298322
0.0301505
0.0337123
0.0294464
0.0294045
0.022791
0.0323791
0.0238969
0.0289246
0.0334307
0.0284932
0.0349609
0.0250622
0.03001
0.0316783
0.0294922
0.0302933
0.0344251
0.0368629
0.0410442
0.0423445
0.0413992
0.0535458
0.0492643
0.0478481
0.0574323
0.0634424
0.0602761
0.0589095
0.0630012
0.0678046
0.0609366
0.072705
0.0605268
0.0661255
0.066197
0.0697966
0.064103
0.0658448
0.0687745
0.0758493
0.0768398
0.0906211
0.0898331
0.0999015
0.0979912
0.100226
0.0994268
0.104403
0.107574
0.103871
0.114074
0.104154
0.102486
0.108809
0.105573
0.100969
0.113329
0.106554
0.103908
0.10341
0.103832
0.106469
0.0960499
0.106155
0.109462
0.120761
0.125957
0.131021
0.129361
0.129291
0.12533
0.109147
0.101233
0.102996
0.0924457
0.0995424
0.0940899
0.0940489
0.0894886
0.0961601
0.0943616
0.0913799
0.0858711
0.0892669
0.0888902
0.0908868
0.0930115
0.0790837
0.0878049
0.102335
0.0947659
0.0876452
0.0867378
0.0958583
0.082638
0.0766882
0.0646022
0.0694297
0.0507138
0.0501932
0.0591861
0.0524835
0.0680416
0.0563582
0.0480498
0.0528411
0.0679217
0.0431738
0.0417319
0.0547932
0.0471768
0.0505749
0.0632172
0.0515937
0.0418021
0.0526649
0.0640479
0.0498009
0.0457712
0.0602598
0.0527866
0.0587678
0.0408781
0.0235402
0.0338286
0.0216865
0.0315606
0.0160584
0.0254769
0.0153775
0.0162373
0.00844339
0.0168939
0.0168201
0.0128962
0.0184351
0.00721656
0.0191313
0.0140308
0.0151453
0.019985
0.0271519
0.0244509
0.0286132
0.0284441
0.0295827
0.0464241
0.0429024
0.049272
0.0346779
0.049317
0.040867
0.0396723
0.0417121
0.0187838
0.0287164
0.029493
0.0290824
0.0291998
0.0172996
0.0217955
0.0254799
0.0243112
0.0180523
0.0152534
0.0166771
0.0159867
0.0205879
0.0191635
0.0137116
0.0100372
0.0281267
0.0256968
0.0196122
0.021078
0.0274763
0.0163769
0.0217108
0.0101095
0.0241207
0.0108502
0.00981326
0.018376
0.0253473
0.00975462
0.0176586
0.0148859
0.0120286
0.0128173
0.0156245
0.0199094
0.0160923
0.0172529
0.0223158
0.0223166
0.0177176
0.021824
0.0188298
0.019534
0.0203452
0.0229039
0.0179482
0.0258957
0.0228341
0.0229442
0.034774
0.0342963
0.0503936
0.0316744
0.0385176
0.0347369
0.0242153
0.0428873
0.0502752
0.0397372
0.0406714
0.0314889
0.029797
0.025448
0.0237192
0.0224067
0.0179748
0.0221071
0.0236582
0.023841
0.0179628
0.0220566
0.0255094
0.0274635
0.0250006
0.027514
0.0285986
0.0251837
0.0329262
0.0313529
0.0317864
0.0346468
0.0369419
0.0412409
0.0407339
0.0425067
0.0388825
0.0447858
0.0454959
0.0467817
0.0443212
0.0425593
0.0502758
0.0467214
0.0428892
0.0398078
0.0432019
0.0411958
0.0410821
0.0438657
0.0431004
0.0462181
0.0436746
0.0447512
0.0505906
0.0482943
0.0449826
0.0505052
0.0464292
0.0484683
0.0526087
0.0570793
0.0610592
0.0615653
0.0710232
0.0849645
0.107526
0.164192
0.327736
0.488768
0.559849
0.579964
0.557863
0.475571
0.314896
0.153841
0.105224
0.0899919
0.0800235
0.0783149
0.0698254
0.0660423
0.0685335
0.0702498
0.0667272
0.0706463
0.0756137
0.0687053
0.0754624
0.0699707
0.0631201
0.0699331
0.0679758
0.0676139
0.0706649
0.0651659
0.0682826
0.0659645
0.0636593
0.0602227
0.0596961
0.0575379
0.0619624
0.0511101
0.0552926
0.057987
0.0519963
0.0467752
0.049137
0.0517321
0.0602626
0.0630058
0.0594599
0.0497912
0.0594123
0.0606982
0.0617186
0.0666281
0.0662541
0.0673267
0.0638897
0.0629299
0.0635536
0.0678908
0.0677168
0.0690434
0.07232
0.0675145
0.0652532
0.0660254
0.0766944
0.0715417
0.065919
0.0644264
0.0660157
0.0605117
0.0620072
0.0560905
0.0561799
0.064648
0.0511536
0.0478976
0.046245
0.0522677
0.0541206
0.0545972
0.0625338
0.0593576
0.0499621
0.0600637
0.0669749
0.063345
0.0657073
0.059902
0.0639666
0.0669346
0.0622469
0.0645985
0.0575553
0.0601702
0.0707713
0.0719277
0.0648287
0.0692318
0.0674249
0.0660365
0.0691115
0.0705351
0.0734304
0.0619082
0.0727411
0.0752251
0.0671986
0.0644975
0.0612498
0.0638515
0.0692562
0.0683191
0.0688768
0.0692712
0.0810631
0.0812228
0.0921367
0.0670188
0.0801103
0.0773892
0.0954182
0.0748235
0.0973398
0.0794792
0.0849582
0.0869602
0.0803948
0.0877869
0.0855741
0.08163
0.0858985
0.0863337
0.0822886
0.0866276
0.0839813
0.0870531
0.0804358
0.0873166
0.0842542
0.0801196
0.0871661
0.0883697
0.0824709
0.078475
0.0880564
0.0668514
0.0667922
0.090927
0.100171
0.0800347
0.0859643
0.0814659
0.0776992
0.0861422
0.0734009
0.0951225
0.0970119
0.0950872
0.0852312
0.110126
0.0972363
0.108729
0.109359
0.108662
0.104173
0.0965435
0.0915022
0.135091
0.110738
0.0918536
0.106487
0.109713
0.104878
0.154548
0.0970431
0.123259
0.144656
0.117465
0.137943
0.167393
0.132538
0.148204
0.135036
0.117667
0.135025
0.120605
0.132033
0.120594
0.125944
0.0749442
0.104433
0.119569
0.117437
0.129492
0.111713
0.115748
0.108244
0.0864642
0.113303
0.0823926
0.0940736
0.0918125
0.111995
0.121412
0.116396
0.0942003
0.091964
0.121433
0.0954364
0.0835906
0.0805545
0.103204
0.0745785
0.103349
0.0908576
0.0603197
0.075183
0.0823955
0.0848213
0.0901129
0.105346
0.104271
0.140681
0.11302
0.121676
0.118581
0.131157
0.108371
0.106768
0.0732498
0.0673734
0.0745288
0.0665203
0.087763
0.0976311
0.0725639
0.0560459
0.0640452
0.0539475
0.0693959
0.0788074
0.0675842
0.0637309
0.0875354
0.0774692
0.0785798
0.0976091
0.082158
0.0974973
0.112876
0.114032
0.11867
0.129549
0.139506
0.145431
0.151867
0.172487
0.183359
0.19421
0.221431
0.231597
0.222486
0.216166
0.187212
0.125561
0.0890724
0.075163
0.074113
0.0681651
0.0723413
0.0710455
0.049133
0.0673524
0.0584382
0.0683981
0.0650993
0.0570703
0.0479628
0.0746919
0.0792543
0.045189
0.0597657
0.0688412
0.068207
0.0672654
0.0716562
0.0622277
0.071711
0.0760078
0.0697595
0.0625513
0.0593645
0.0640974
0.0734606
0.057019
0.0653539
0.0739318
0.0690504
0.059468
0.0686405
0.0711839
0.0650649
0.0707154
0.0607908
0.065296
0.069736
0.0625984
0.0608704
0.0736914
0.065692
0.0714185
0.0662866
0.0680773
0.0631795
0.0644699
0.0728046
0.0684593
0.0686888
0.0665942
0.0723587
0.0625749
0.0688483
0.0497734
0.0565023
0.0559966
0.0614811
0.0565259
0.0568193
0.0569976
0.0519002
0.0417711
0.0620329
0.0545078
0.0581532
0.0512982
0.0465548
0.0563826
0.0543868
0.0558885
0.0607983
0.0569079
0.0648914
0.0667806
0.0591998
0.064508
0.0667633
0.0533231
0.0555754
0.0484529
0.0490486
0.0562074
0.0570713
0.0599461
0.061743
0.0606749
0.0613547
0.0676717
0.0600352
0.06435
0.063806
0.0674173
0.0717217
0.0721223
0.074857
0.0756428
0.0721939
0.0729087
0.0825242
0.0876135
0.0853855
0.0866338
0.0948724
0.0860358
0.0962283
0.0991265
0.105059
0.118025
0.107944
0.104294
0.0896732
0.0695888
0.0736536
0.0690709
0.0548348
0.0517577
0.048257
0.0524483
0.0579985
0.0468744
0.0556642
0.0617347
0.0545589
0.0586495
0.0564136
0.0608158
0.0592043
0.0620334
0.0597836
0.0656369
0.0656137
0.0669321
0.071985
0.0744918
0.0785405
0.0812044
0.0862665
0.0791561
0.0949917
0.100521
0.110253
0.112002
0.126424
0.134897
0.14444
0.150944
0.157026
0.160793
0.15124
0.147009
0.13497
0.12086
0.116481
0.109611
0.105158
0.0931453
0.0818183
0.0744791
0.0794232
0.0799041
0.0692501
0.0845433
0.0735229
0.0774114
0.0744553
0.0788472
0.0778939
0.0874648
0.0804791
0.0946598
0.0905172
0.0983121
0.0918694
0.0974439
0.0995515
0.106946
0.118743
0.11777
0.113295
0.123039
0.126319
0.128737
0.136811
0.14105
0.14589
0.150909
0.162609
0.174906
0.184407
0.191005
0.189431
0.18667
0.176663
0.163046
0.149049
0.141398
0.130016
0.11961
0.107095
0.0918353
0.0986904
0.0998276
0.0917142
0.0982299
0.108166
0.0976427
0.0926973
0.0927806
0.0958755
0.0877032
0.0932585
0.091621
0.0772807
0.0770817
0.0610046
0.0775479
0.075347
0.0755758
0.0848644
0.0746222
0.0781632
0.0826605
0.0743807
0.0855346
0.074858
0.0842036
0.0780107
0.0740494
0.0728536
0.0768443
0.0813115
0.0839266
0.0807785
0.0855814
0.0874418
0.0816773
0.0747063
0.0783729
0.0810754
0.0860536
0.0801794
0.0870008
0.0897053
0.0890236
0.0788945
0.08552
0.0809491
0.0841133
0.0846148
0.0823824
0.0900798
0.0890436
0.0766138
0.0868353
0.0858639
0.0878366
0.0908514
0.0823243
0.089443
0.0847095
0.0808143
0.0866373
0.0885627
0.0835705
0.0808838
0.0827754
0.0854862
0.0920647
0.091115
0.0915107
0.0966315
0.0947903
0.10278
0.095651
0.103728
0.142513
0.124433
0.123675
0.152592
0.148962
0.151437
0.153709
0.166295
0.141807
0.166007
0.178391
0.181538
0.178599
0.155925
0.156257
0.134191
0.144327
0.126084
0.126863
0.111542
0.125824
0.12122
0.0930973
0.119502
0.113091
0.106534
0.126317
0.122402
0.133772
0.134201
0.13261
0.148894
0.149081
0.145269
0.153864
0.148007
0.159469
0.151759
0.15762
0.153621
0.146845
0.149585
0.135858
0.130547
0.146267
0.127281
0.126278
0.148536
0.113941
0.143472
0.108319
0.0953208
0.119872
0.13486
0.134384
0.107372
0.134637
0.117919
0.152571
0.136689
0.174744
0.149828
0.174537
0.166024
0.153601
0.152256
0.157089
0.163845
0.190525
0.179788
0.174247
0.195005
0.20699
0.183978
0.206712
0.182644
0.19048
0.212502
0.210483
0.205597
0.227917
0.226432
0.237974
0.227827
0.237066
0.229871
0.229949
0.214504
0.21118
0.213433
0.190882
0.203328
0.187983
0.187325
0.175853
0.172251
0.14016
0.118902
0.147048
0.120841
0.10666
0.0879026
0.095228
0.103184
0.100625
0.097415
0.0940964
0.124041
0.104322
0.132906
0.134077
0.136588
0.131212
0.168543
0.182888
0.167271
0.160866
0.178475
0.150905
0.160806
0.176854
0.197204
0.17496
0.179631
0.199042
0.236191
0.229815
0.196931
0.217651
0.201755
0.229653
0.260387
0.260696
0.244692
0.25907
0.241748
0.244489
0.275389
0.289455
0.268858
0.273964
0.277379
0.271386
0.257463
0.256469
0.265319
0.255318
0.231381
0.219523
0.196142
0.187275
0.164662
0.114192
0.109955
0.131019
0.113834
0.166567
0.108492
0.106142
0.118916
0.0809325
0.0491995
0.106779
0.0968935
0.0870108
0.0882282
0.086255
0.106463
0.0603207
0.109059
0.0765764
0.0994959
0.0814913
0.0786918
0.0923874
0.0973436
0.123132
0.0811095
0.0953234
0.0883642
0.0910556
0.0884309
0.113815
0.130023
0.146137
0.109384
0.168461
0.123233
0.0890729
0.0644241
0.109164
0.103151
0.121033
0.115703
0.180713
0.0967444
0.14134
0.148798
0.110542
0.146552
0.149442
0.0824407
0.113898
0.156274
0.107598
0.1661
0.122634
0.179068
0.121899
0.151593
0.117608
0.133067
0.105667
0.128318
0.136824
0.140977
0.134751
0.120592
0.121926
0.128526
0.0862435
0.100451
0.107785
0.111295
0.142423
0.118097
0.133618
0.174439
0.131261
0.110389
0.0787972
0.121977
0.0763818
0.057725
0.114164
0.1
0.101627
0.113105
0.0455667
0.122242
0.0540573
0.105878
0.110024
0.1047
0.12752
0.099985
0.0511243
0.0728631
0.135011
0.104981
0.152202
0.128382
0.0861264
0.0881842
0.135814
0.123183
0.0914787
0.179776
0.11805
0.122342
0.135472
0.153558
0.159608
0.162441
0.148003
0.162198
0.129
0.185569
0.159527
0.156245
0.144866
0.155449
0.15643
0.157369
0.121191
0.152498
0.120097
0.174821
0.176223
0.145023
0.147186
0.108843
0.105905
0.141157
0.0806036
0.095155
0.0876455
0.0824634
0.0884156
0.0620228
0.0705952
