0.218144
0.21479
0.217213
0.225562
0.223398
0.222823
0.217561
0.2256
0.233179
0.233877
0.24782
0.253583
0.252895
0.273244
0.282696
0.286351
0.296343
0.305539
0.302692
0.307746
0.30127
0.29887
0.29249
0.288282
0.298274
0.305795
0.313326
0.322767
0.33018
0.338805
0.349641
0.357502
0.365936
0.372826
0.382211
0.395
0.398792
0.40768
0.408834
0.396538
0.388329
0.355158
0.35806
0.373775
0.38409
0.393936
0.403223
0.404928
0.413487
0.420729
0.413839
0.376487
0.35826
0.355359
0.354609
0.356591
0.388624
0.473381
0.487162
0.469824
0.429853
0.370227
0.299026
0.272429
0.250923
0.228541
0.213615
0.206978
0.191276
0.187465
0.172321
0.173533
0.171987
0.166101
0.158262
0.1657
0.166371
0.178449
0.184388
0.187512
0.188995
0.185694
0.188456
0.186064
0.186767
0.193005
0.189629
0.197642
0.205131
0.219057
0.225214
0.237475
0.253016
0.264808
0.283454
0.306153
0.331523
0.347736
0.363483
0.375452
0.38153
0.385136
0.374612
0.349595
0.321649
0.277726
0.264586
0.261831
0.269673
0.27385
0.2848
0.292764
0.301602
0.303731
0.313705
0.313834
0.305997
0.291956
0.278156
0.271959
0.278782
0.286537
0.280531
0.289891
0.306636
0.305545
0.320586
0.326565
0.330945
0.339272
0.344921
0.347887
0.357575
0.356729
0.356532
0.359253
0.38513
0.400793
0.408252
0.392141
0.360273
0.33393
0.310788
0.299501
0.306859
0.305294
0.330175
0.33224
0.350887
0.363828
0.371506
0.390005
0.39795
0.407704
0.414946
0.425067
0.432612
0.431163
0.433318
0.435062
0.442059
0.453349
0.465056
0.45212
0.414297
0.339787
0.259915
0.206753
0.177066
0.157524
0.148944
0.149794
0.149896
0.154233
0.164167
0.166141
0.178239
0.183057
0.197237
0.209406
0.216169
0.205019
0.223178
0.208376
0.201601
0.193243
0.193623
0.192361
0.18483
0.179462
0.183139
0.186207
0.191357
0.196587
0.207402
0.210613
0.216485
0.220988
0.215159
0.211493
0.182798
0.170506
0.170663
0.174702
0.180976
0.17813
0.187331
0.181817
0.199328
0.204513
0.201405
0.221212
0.228831
0.233594
0.23996
0.23804
0.24897
0.251457
0.263302
0.273385
0.279206
0.282779
0.287146
0.280108
0.245078
0.222126
0.211978
0.222193
0.211228
0.224058
0.22141
0.223702
0.227639
0.243043
0.246725
0.262046
0.275003
0.29293
0.300763
0.299472
0.320464
0.318686
0.339107
0.343574
0.34958
0.357691
0.365643
0.375691
0.386809
0.393903
0.398775
0.407863
0.412203
0.411896
0.407502
0.378564
0.342444
0.290608
0.260788
0.237075
0.248258
0.253493
0.249717
0.250308
0.262728
0.262783
0.2695
0.288979
0.28852
0.29657
0.308859
0.315792
0.322865
0.328585
0.340104
0.339344
0.348661
0.35465
0.349935
0.34814
0.331468
0.305247
0.272862
0.231106
0.201289
0.192022
0.198602
0.202655
0.215731
0.217392
0.219869
0.229606
0.233524
0.227277
0.254284
0.239627
0.225487
0.218967
0.227488
0.217843
0.218658
0.203748
0.186849
0.187391
0.188295
0.186423
0.187327
0.191315
0.199968
0.210677
0.216476
0.220174
0.218145
0.224572
0.19883
0.197665
0.188094
0.204933
0.180307
0.173141
0.191184
0.193692
0.17181
0.178989
0.192379
0.180386
0.173768
0.172099
0.171593
0.187322
0.184895
0.19432
0.205494
0.213067
0.226765
0.228675
0.232299
0.231158
0.250917
0.250405
0.262451
0.276392
0.291701
0.272337
0.264944
0.245493
0.24094
0.239103
0.220193
0.216017
0.202334
0.21259
0.195246
0.192677
0.20918
0.198043
0.201281
0.2101
0.212987
0.225141
0.223871
0.213711
0.218579
0.21713
0.219239
0.233983
0.239026
0.243966
0.249826
0.271422
0.284211
0.299281
0.302953
0.318118
0.322364
0.342454
0.332288
0.315977
0.303205
0.268793
0.227588
0.198791
0.178106
0.176471
0.16787
0.15569
0.164851
0.180332
0.186371
0.192054
0.193073
0.200607
0.19121
0.207591
0.1818
0.184958
0.186862
0.18446
0.184902
0.18296
0.185103
0.179798
0.184285
0.177915
0.182109
0.188891
0.196789
0.217404
0.24259
0.26581
0.295752
0.325121
0.33905
0.368113
0.363135
0.35645
0.344643
0.319898
0.295433
0.282745
0.263041
0.278236
0.285671
0.266236
0.271495
0.260064
0.265858
0.264596
0.273799
0.253077
0.264834
0.269932
0.275392
0.262141
0.258292
0.240541
0.230954
0.21866
0.225392
0.222933
0.241359
0.249602
0.24152
0.232683
0.240773
0.238569
0.224515
0.211589
0.23468
0.23867
0.241369
0.234262
0.227158
0.2289
0.225448
0.213346
0.236002
0.246206
0.21552
0.236817
0.24265
0.234241
0.231849
0.241315
0.236843
0.24315
0.24583
0.242074
0.253609
0.272722
0.257001
0.264024
0.279691
0.27739
0.280934
0.294875
0.311562
0.320657
0.344856
0.371254
0.392585
0.435567
0.456097
0.442823
0.420911
0.383347
0.344915
0.312992
0.258974
0.239271
0.233205
0.286517
0.32295
0.349531
0.426306
0.507556
0.531595
0.524459
0.517799
0.433596
0.355151
0.269304
0.212543
0.21938
0.212833
0.200664
0.204813
0.217546
0.216559
0.211294
0.234825
0.231579
0.242966
0.23136
0.235798
0.241789
0.22838
0.249409
0.25809
0.257089
0.277188
0.255419
0.255661
0.212461
0.191176
0.190683
0.186798
0.172634
0.175951
0.181711
0.171682
0.167967
0.165662
0.162443
0.144561
0.145986
0.155139
0.155633
0.165831
0.147957
0.15693
0.162274
0.155146
0.165371
0.177718
0.185968
0.198707
0.212868
0.205515
0.206806
0.212773
0.200778
0.211457
0.205237
0.195781
0.20752
0.198065
0.168239
0.174259
0.183546
0.174193
0.194883
0.197606
0.208954
0.216028
0.229013
0.206265
0.226732
0.227199
0.231384
0.195524
0.203551
0.208772
0.177895
0.167783
0.174894
0.195347
0.182431
0.181838
0.183426
0.194075
0.18523
0.192046
0.195922
0.195067
0.195193
0.212828
0.206846
0.216399
0.201612
0.204084
0.206807
0.200051
0.18103
0.151243
0.187591
0.173755
0.16636
0.160726
0.153693
0.167652
0.156053
0.157741
0.143009
0.159969
0.149847
0.142342
0.123023
0.137363
0.142341
0.15785
0.157716
0.145218
0.153881
0.152322
0.136447
0.149971
0.130259
0.146279
0.128093
0.125037
0.119634
0.131234
0.109942
0.119606
0.131184
0.143367
0.140502
0.155663
0.160336
0.177919
0.19013
0.191758
0.191433
0.207176
0.197262
0.215123
0.193054
0.174068
0.1563
0.125434
0.112115
0.103475
0.107578
0.0967748
0.110285
0.121619
0.147422
0.148807
0.162855
0.170219
0.174321
0.175367
0.164175
0.176638
0.166936
0.162502
0.175266
0.157467
0.181976
0.185122
0.193139
0.21902
0.217922
0.208943
0.192672
0.199912
0.164073
0.174432
0.198318
0.17922
0.185142
0.185435
0.191844
0.198279
0.173927
0.208063
0.191729
0.193583
0.211814
0.186617
0.195564
0.201091
0.190823
0.181807
0.189802
0.196972
0.162338
0.184671
0.139326
0.152908
0.157435
0.147689
0.140331
0.144079
0.13741
0.125713
0.111677
0.113192
0.10037
0.094739
0.0911535
0.0939666
0.0884644
0.0941379
0.0905011
0.0868543
0.0844975
0.0709057
0.0708603
0.0714443
0.0743199
0.0764895
0.0767344
0.0816248
0.0793318
0.0722552
0.0723136
0.0700889
0.0752273
0.0682501
0.0743658
0.0516405
0.0546137
0.063551
0.0643982
0.0653354
0.0610919
0.0777357
0.0790964
0.0720663
0.0633108
0.0769324
0.0803587
0.0825606
0.0769688
0.0748597
0.0687248
0.0714066
0.0754819
0.075362
0.0760743
0.0910284
0.090489
0.0873042
0.0917308
0.0783507
0.0730409
0.0735175
0.0661848
0.0607405
0.0518598
0.059965
0.0483321
0.051078
0.0584495
0.0565783
0.0540131
0.0603366
0.064453
0.067346
0.0691216
0.0614269
0.0720617
0.0697918
0.0688657
0.0643825
0.075006
0.0622642
0.0726895
0.060182
0.0655656
0.0704898
0.0688757
0.0668071
0.064161
0.0974684
0.106413
0.119711
0.112444
0.110101
0.122089
0.122586
0.105206
0.11716
0.128315
0.123044
0.140323
0.122704
0.154553
0.130429
0.128929
0.138295
0.142821
0.136862
0.14948
0.160867
0.153432
0.181438
0.177171
0.18671
0.177753
0.200413
0.207832
0.215015
0.228981
0.248353
0.248716
0.268398
0.267609
0.266553
0.246191
0.17259
0.16968
0.172312
0.152697
0.163796
0.17553
0.131214
0.164628
0.157525
0.168593
0.140719
0.163156
0.194345
0.179569
0.191548
0.200079
0.203459
0.179376
0.180269
0.165507
0.182726
0.179695
0.204111
0.194034
0.233867
0.2321
0.255394
0.232512
0.206923
0.221431
0.206898
0.186054
0.19567
0.157935
0.174254
0.130217
0.120459
0.112394
0.104881
0.101628
0.100235
0.0770694
0.0607009
0.0539248
0.0393756
0.0384532
0.0303969
0.0232963
0.0195908
0.0169871
0.0123316
0.0145646
0.0112602
0.0195215
0.0209741
0.011192
0.0131323
0.0176907
0.0151359
0.0178205
0.0285533
0.032253
0.0330788
0.0290405
0.0188313
0.0228944
0.0149432
0.0151959
0.00777537
0.010193
0.00934098
0.00497608
0.012554
0.00639451
0.00295587
0.00852536
0.00590963
0.00871651
0
0.00589646
0.00835222
0.0135047
0.0141377
0.0208598
0.0270124
0.0229957
0.0215697
0.0223123
0.0139787
0.020763
0.0174047
0.013886
0.0142699
0.0179844
0.0197953
0.017824
0.0235018
0.0226002
0.0141623
0.0141893
0.0149543
0.013016
0.0208063
0.0251609
0.0310327
0.0327197
0.0328502
0.0355017
0.0285101
0.036645
0.029733
0.0305057
0.0237153
0.0260011
0.0251232
0.0302061
0.0337921
0.0335096
0.0343439
0.0285703
0.0304215
0.0314491
0.0328609
0.0311497
0.0349249
0.0397607
0.0424507
0.0478182
0.0359062
0.0277629
0.0421677
0.0412328
0.032767
0.035285
0.0224097
0.0382565
0.02999
0.0333518
0.0382154
0.0334057
0.0442735
0.0275504
0.034023
0.0289539
0.036723
0.0299387
0.0348943
0.0444518
0.0473922
0.0496405
0.0595771
0.0523901
0.0608012
0.0595539
0.0607581
0.0668271
0.0642105
0.0687324
0.0694938
0.0680166
0.0659348
0.073282
0.0746152
0.0729883
0.0742626
0.0769249
0.0815789
0.0748225
0.078659
0.0771894
0.0851773
0.0903551
0.0954506
0.111106
0.114525
0.115159
0.100804
0.11284
0.103034
0.112501
0.123965
0.106225
0.108849
0.121283
0.113903
0.117825
0.119887
0.117327
0.114298
0.115735
0.113209
0.111523
0.11986
0.115295
0.128024
0.133412
0.146314
0.146758
0.140174
0.140155
0.135805
0.128966
0.112089
0.124217
0.100035
0.108691
0.102391
0.0931639
0.105928
0.113833
0.0984931
0.102321
0.102074
0.0758933
0.0983544
0.100298
0.107548
0.0975469
0.106858
0.0958356
0.10407
0.0984051
0.0984507
0.0928167
0.094469
0.080015
0.0694754
0.0859981
0.0615787
0.0660649
0.0603238
0.0559045
0.0679733
0.0559889
0.0545466
0.0548318
0.0662162
0.0590323
0.0487831
0.054825
0.0540695
0.0499416
0.057939
0.0665888
0.0569602
0.0688778
0.0755376
0.0512041
0.0463134
0.058757
0.0635523
0.066586
0.0511929
0.0325421
0.0411574
0.0240541
0.0304598
0.025492
0.0193699
0.0163568
0.0208087
0.0126813
0.018017
0.0168338
0.0229999
0.0160293
0.0190203
0.00894676
0.014668
0.026199
0.0126105
0.0292066
0.0228067
0.0248466
0.0398932
0.0436581
0.0494104
0.0463109
0.0524461
0.0434133
0.0546178
0.0422164
0.0403253
0.0439612
0.0260578
0.0417165
0.0323535
0.024005
0.0238478
0.025891
0.0187646
0.0235086
0.0240656
0.0171044
0.0176554
0.0161269
0.0129392
0.0158767
0.0236691
0.0204064
0.0153349
0.0184022
0.0287168
0.0237916
0.0276126
0.0231407
0.0159163
0.0287521
0.0153307
0.0262427
0.0191723
0.0124552
0.0241894
0.0262779
0.0222449
0.0240282
0.0160754
0.0155275
0.0209243
0.0187424
0.0151926
0.0235616
0.02601
0.0201488
0.0205881
0.0196981
0.0229703
0.013785
0.0172847
0.0296158
0.0223757
0.0211549
0.0224221
0.0327807
0.0208833
0.0445295
0.0418542
0.0384757
0.0326762
0.0350626
0.038999
0.0279987
0.0469468
0.044311
0.0311581
0.0324772
0.0292831
0.0288019
0.0265804
0.0213675
0.0207954
0.0249756
0.0212471
0.0262864
0.0287538
0.0236395
0.0286384
0.023298
0.0261155
0.031768
0.0274684
0.0308276
0.0302271
0.0288644
0.030071
0.0385043
0.0410269
0.0379721
0.0478268
0.0537806
0.0412988
0.0492675
0.0419062
0.0552195
0.0504248
0.0464522
0.0538855
0.0472897
0.0506788
0.0429738
0.047652
0.0436085
0.042463
0.0456271
0.044478
0.048313
0.0508465
0.0471698
0.0505713
0.0515851
0.0484818
0.0484919
0.053885
0.0572289
0.0559146
0.0585155
0.0657728
0.0630278
0.070302
0.078189
0.0958973
0.123207
0.205407
0.403433
0.607257
0.697058
0.722347
0.69841
0.59997
0.390642
0.18974
0.123043
0.105331
0.0893145
0.0853278
0.0783894
0.078463
0.0786802
0.0789196
0.0767093
0.078068
0.078325
0.0723026
0.0753189
0.0792404
0.0720206
0.0718161
0.0767254
0.0736314
0.076541
0.0688923
0.0671675
0.0717098
0.0748421
0.0672102
0.0631067
0.0719307
0.0639078
0.0596325
0.0634042
0.064213
0.0611425
0.0547525
0.0598707
0.0567129
0.0617888
0.0626776
0.0664651
0.0642997
0.0682198
0.066357
0.0674188
0.0692947
0.0694623
0.0699614
0.0730888
0.0742508
0.075657
0.0750374
0.0678726
0.0810412
0.071596
0.073906
0.0728925
0.0723422
0.0795537
0.0756227
0.0721664
0.073028
0.0720155
0.0680464
0.0725959
0.0738847
0.0695807
0.0647542
0.0617116
0.0591093
0.0625897
0.0644964
0.0620707
0.0621006
0.0662042
0.061948
0.0621598
0.067757
0.0720767
0.0689985
0.0722195
0.0687383
0.0653753
0.0703374
0.0639701
0.0686745
0.0665925
0.0668355
0.0670943
0.0722208
0.0702256
0.0761506
0.074781
0.0777461
0.0773973
0.078866
0.0719988
0.0709046
0.080817
0.0897444
0.079243
0.0712469
0.080924
0.0870951
0.0769207
0.0762794
0.0803416
0.0755723
0.0973506
0.0861526
0.0917434
0.0966104
0.0900203
0.0948302
0.0944713
0.084132
0.112877
0.088091
0.0854935
0.0932754
0.0798193
0.0945761
0.0863333
0.0828693
0.103306
0.0945637
0.0948532
0.0973702
0.0960909
0.0985099
0.0911121
0.0998537
0.0920947
0.0828926
0.107956
0.102323
0.0894337
0.0835865
0.0906824
0.0672358
0.0770002
0.0986386
0.103707
0.113215
0.107769
0.0919009
0.0911386
0.0831133
0.0887011
0.118711
0.0968856
0.105651
0.11646
0.133261
0.106245
0.142578
0.117046
0.113751
0.0989688
0.092807
0.0870221
0.124962
0.121622
0.115329
0.133378
0.102437
0.0914726
0.152235
0.114649
0.139598
0.139485
0.148584
0.146733
0.169222
0.144867
0.152846
0.153274
0.149144
0.13191
0.134204
0.143665
0.126648
0.1291
0.0790995
0.124902
0.133557
0.12204
0.113035
0.122788
0.128341
0.112444
0.116263
0.100423
0.113286
0.114523
0.100057
0.108629
0.106075
0.105882
0.112926
0.0958452
0.0890908
0.11743
0.108209
0.115719
0.10055
0.0857338
0.0926339
0.0872083
0.0973914
0.0924083
0.0995774
0.0979264
0.106973
0.136097
0.127436
0.126226
0.115354
0.1301
0.134328
0.136801
0.122515
0.109634
0.0925817
0.0846035
0.0704408
0.0626137
0.0887436
0.0971106
0.0965112
0.0680461
0.0902147
0.0930848
0.0720438
0.0855334
0.0824086
0.0764079
0.093433
0.093131
0.0891821
0.108742
0.101645
0.123385
0.124033
0.116603
0.129648
0.130114
0.153058
0.175659
0.179848
0.189358
0.204766
0.230825
0.253912
0.259368
0.247102
0.2392
0.216283
0.140525
0.0940294
0.0808577
0.0850589
0.0729209
0.0909249
0.0809975
0.0682862
0.0808064
0.0545788
0.0731882
0.0700717
0.0656012
0.0725294
0.0619131
0.0610941
0.061931
0.0593746
0.0690613
0.066448
0.0724186
0.0688993
0.0678155
0.0873151
0.0746946
0.0790564
0.0697028
0.0693586
0.0643702
0.0762752
0.0701578
0.062097
0.0794539
0.0778977
0.0713502
0.0710877
0.0730799
0.0684718
0.0723541
0.0635952
0.0706234
0.0746437
0.0744926
0.0721062
0.0727046
0.0671507
0.0721939
0.0710848
0.0771236
0.0659679
0.0710119
0.0709854
0.0752932
0.0720495
0.0635545
0.0632489
0.0663842
0.0606929
0.0705544
0.0677388
0.0540242
0.0562607
0.0516417
0.0684172
0.0600873
0.0433584
0.049193
0.0557962
0.0697586
0.0633198
0.0528042
0.0561369
0.0621316
0.0594462
0.0610983
0.0649324
0.059972
0.0573865
0.0692428
0.0637471
0.0658782
0.065392
0.0668033
0.0611687
0.057302
0.0587931
0.0578383
0.0566539
0.0645129
0.0603224
0.0647903
0.0677412
0.0694239
0.0663675
0.0696792
0.0732654
0.0752681
0.0747246
0.0774655
0.0733245
0.0786389
0.0736519
0.0849091
0.0961872
0.0980345
0.0895828
0.096436
0.110294
0.101166
0.110376
0.115053
0.120307
0.120734
0.111452
0.114833
0.10016
0.077037
0.0755647
0.0744392
0.0660011
0.0578383
0.0597331
0.0573611
0.0709272
0.0557379
0.0572922
0.0658361
0.0583345
0.0610731
0.0685753
0.059997
0.0691413
0.0682615
0.0627905
0.0736963
0.0708071
0.0773081
0.0768486
0.0824486
0.0850145
0.0890185
0.0972804
0.0964235
0.099829
0.111268
0.11733
0.117678
0.141033
0.146525
0.160492
0.166579
0.168184
0.173288
0.163553
0.160294
0.16042
0.131591
0.122151
0.123199
0.122086
0.0895714
0.0834692
0.0797668
0.0924876
0.0853484
0.0803927
0.0887641
0.08976
0.0827254
0.0867275
0.0862825
0.0849106
0.0925788
0.0955153
0.101924
0.0986193
0.0997908
0.109958
0.109387
0.113188
0.115284
0.11622
0.128852
0.126224
0.131737
0.137257
0.146983
0.158845
0.155191
0.16168
0.168903
0.184795
0.195007
0.209297
0.210686
0.215096
0.207917
0.196679
0.176622
0.164702
0.149473
0.141074
0.127104
0.112149
0.100133
0.102121
0.103118
0.105488
0.108509
0.110353
0.100204
0.11082
0.102795
0.110397
0.0945057
0.0829933
0.0931803
0.0823432
0.0863656
0.0878279
0.0820545
0.0896424
0.0785924
0.096551
0.0846206
0.088381
0.0839825
0.0785614
0.0903763
0.0838501
0.0963989
0.0811781
0.0797278
0.08627
0.0799782
0.0868338
0.0834885
0.0805546
0.0895066
0.0835442
0.0818048
0.08403
0.0875301
0.0877377
0.0876093
0.0898226
0.0873644
0.08976
0.0952399
0.0876927
0.086786
0.082853
0.0948316
0.0876683
0.0935067
0.0863383
0.0849949
0.0901999
0.0900245
0.0960861
0.0923216
0.0912678
0.0827917
0.0802132
0.0782798
0.0683189
0.0723862
0.0684778
0.0651184
0.0671269
0.0680095
0.0657509
0.0741383
0.0657856
0.0721791
0.0800286
0.0828316
0.0955776
0.0923074
0.120469
0.146332
0.134082
0.136389
0.153526
0.165936
0.143314
0.154657
0.175108
0.154762
0.201632
0.174933
0.180783
0.181137
0.173659
0.174762
0.146308
0.143867
0.122979
0.13708
0.146272
0.12153
0.122978
0.105038
0.130185
0.113707
0.101934
0.137258
0.128655
0.140608
0.1431
0.143453
0.158335
0.154083
0.162528
0.163218
0.161626
0.163046
0.1547
0.166405
0.167965
0.160021
0.166588
0.159099
0.147758
0.137201
0.142683
0.135913
0.171145
0.115147
0.157263
0.135796
0.148765
0.136841
0.13806
0.15174
0.112955
0.139518
0.158234
0.128047
0.164451
0.190425
0.173748
0.196798
0.193056
0.162949
0.156974
0.212506
0.190801
0.18806
0.190363
0.210259
0.215133
0.236345
0.206995
0.232212
0.215632
0.20736
0.227001
0.239833
0.234424
0.240439
0.261775
0.245838
0.256915
0.255296
0.261268
0.255927
0.242591
0.231802
0.240348
0.227505
0.216
0.207106
0.206086
0.190129
0.187162
0.160059
0.144925
0.159919
0.175426
0.160518
0.126807
0.127493
0.127687
0.1027
0.106982
0.105385
0.120888
0.151535
0.156275
0.156485
0.131105
0.16209
0.169547
0.141756
0.198979
0.180549
0.174491
0.178265
0.200949
0.214101
0.197612
0.236104
0.23199
0.241346
0.246417
0.256697
0.219842
0.275292
0.257952
0.279887
0.283831
0.285922
0.286807
0.297032
0.290406
0.293604
0.325829
0.337144
0.29923
0.303231
0.314682
0.296151
0.271795
0.299426
0.260406
0.28162
0.242734
0.254902
0.216077
0.210561
0.172886
0.152567
0.13645
0.182269
0.123471
0.133872
0.141576
0.132914
0.14038
0.106312
0.0976104
0.143358
0.101983
0.111281
0.105418
0.0895967
0.104232
0.0990986
0.113214
0.0997294
0.122838
0.105876
0.0975511
0.106839
0.108527
0.123192
0.1131
0.149956
0.155438
0.152697
0.142534
0.138193
0.134347
0.123604
0.162635
0.114135
0.125568
0.115257
0.131256
0.119866
0.128286
0.133574
0.0735751
0.208247
0.111825
0.170279
0.1987
0.168579
0.181926
0.171596
0.0849338
0.172227
0.149784
0.172625
0.160596
0.169308
0.126171
0.184144
0.149524
0.155095
0.156387
0.12366
0.140923
0.126196
0.159073
0.12828
0.102475
0.144724
0.134187
0.137789
0.0842891
0.14451
0.134714
0.126368
0.12288
0.108798
0.149931
0.154694
0.122454
0.0891183
0.135561
0.101089
0.129837
0.150892
0.0777983
0.0990669
0.124651
0.0993392
0.16498
0.127889
0.168806
0.101769
0.128674
0.151041
0.101111
0.108507
0.101355
0.173174
0.144879
0.153966
0.122264
0.136512
0.146915
0.12423
0.209458
0.0929376
0.163269
0.164575
0.184618
0.193387
0.139486
0.171549
0.153774
0.185549
0.168699
0.203675
0.147718
0.186886
0.18702
0.162411
0.155696
0.147624
0.183657
0.126911
0.167822
0.173165
0.166611
0.150988
0.141492
0.176045
0.140517
0.111514
0.0924104
0.0791777
0.0935724
0.0490242
0.0668154
0.0630496
0.0521054
0.0266503
