0.197449
0.19799
0.201735
0.209769
0.200811
0.21223
0.222569
0.214248
0.229415
0.22521
0.243615
0.243063
0.247106
0.256913
0.262844
0.262448
0.272386
0.281147
0.27425
0.275879
0.274929
0.276209
0.285116
0.283
0.289896
0.302255
0.311511
0.322194
0.326086
0.331605
0.340795
0.343868
0.350808
0.355984
0.361412
0.368671
0.36948
0.370766
0.370226
0.360496
0.358377
0.338054
0.351823
0.366549
0.376126
0.380395
0.399687
0.401632
0.408784
0.411117
0.402427
0.361054
0.342435
0.339143
0.339146
0.340405
0.370721
0.441014
0.445725
0.42617
0.391453
0.34252
0.286218
0.256582
0.220276
0.22175
0.20747
0.18577
0.190143
0.177627
0.165587
0.163239
0.156465
0.151259
0.150493
0.155876
0.156754
0.162619
0.162832
0.174033
0.176388
0.177287
0.187389
0.188128
0.183221
0.185042
0.19035
0.19477
0.204209
0.210069
0.220641
0.230572
0.244803
0.256724
0.27681
0.300656
0.331209
0.355199
0.377217
0.389101
0.392595
0.385893
0.373779
0.344571
0.308007
0.276066
0.260549
0.261293
0.26188
0.263084
0.271554
0.275919
0.280143
0.282628
0.284109
0.282239
0.273979
0.269543
0.255103
0.259592
0.27063
0.267172
0.265199
0.282849
0.299634
0.298799
0.311722
0.316183
0.320995
0.330977
0.332551
0.336949
0.342669
0.340934
0.340446
0.342574
0.36061
0.366897
0.37415
0.355537
0.329692
0.309705
0.294093
0.289705
0.299286
0.310243
0.317305
0.314004
0.337723
0.357704
0.365973
0.382966
0.393545
0.398987
0.409249
0.409069
0.418265
0.424111
0.418992
0.420219
0.422927
0.426511
0.436305
0.4205
0.37816
0.308625
0.248643
0.195144
0.163714
0.153312
0.147603
0.145647
0.141883
0.143894
0.146302
0.149323
0.154302
0.159961
0.173179
0.181999
0.200195
0.198722
0.21004
0.206624
0.192793
0.191099
0.188629
0.183921
0.175221
0.1756
0.173047
0.175344
0.178915
0.185693
0.191263
0.189021
0.190183
0.195693
0.194911
0.184801
0.172499
0.158549
0.156794
0.164195
0.164949
0.168251
0.176398
0.177441
0.19222
0.196249
0.206425
0.211886
0.223247
0.225411
0.232746
0.23052
0.24092
0.245858
0.249882
0.25787
0.264335
0.263221
0.259364
0.252256
0.234927
0.211971
0.200725
0.222602
0.206353
0.2223
0.218912
0.226622
0.230054
0.244502
0.245433
0.258324
0.277598
0.278905
0.2894
0.292017
0.308675
0.317709
0.339407
0.334818
0.344266
0.353478
0.357597
0.366538
0.377225
0.375879
0.385016
0.393594
0.407035
0.416119
0.398711
0.36441
0.320672
0.279211
0.247797
0.232908
0.222543
0.237882
0.23334
0.2352
0.245319
0.248796
0.267831
0.284321
0.285517
0.290219
0.301186
0.313425
0.314853
0.322231
0.3329
0.335975
0.338141
0.34336
0.341486
0.332928
0.307296
0.287538
0.250113
0.211055
0.18526
0.173825
0.17547
0.180975
0.194196
0.197592
0.205062
0.216099
0.213803
0.213231
0.237052
0.224143
0.211254
0.213618
0.214276
0.212836
0.198324
0.196956
0.181163
0.187211
0.182515
0.172198
0.172975
0.183368
0.185581
0.193804
0.195516
0.199262
0.200351
0.201527
0.183186
0.183291
0.183909
0.189617
0.175291
0.162035
0.172791
0.173348
0.163822
0.171644
0.173554
0.165012
0.162802
0.162188
0.166518
0.178406
0.180805
0.194956
0.20028
0.204504
0.220976
0.214313
0.225928
0.230856
0.235603
0.243166
0.247938
0.255222
0.253391
0.249944
0.248707
0.240781
0.230076
0.218713
0.217377
0.215861
0.198776
0.210955
0.185441
0.178954
0.199663
0.192258
0.201228
0.204702
0.197833
0.217592
0.220289
0.215628
0.20343
0.213305
0.222967
0.219854
0.230726
0.241754
0.24514
0.26314
0.273473
0.283072
0.294227
0.306244
0.312776
0.329583
0.320591
0.299969
0.282396
0.251011
0.205326
0.192355
0.174272
0.169798
0.165411
0.165602
0.165278
0.183043
0.184019
0.183464
0.183249
0.18552
0.174053
0.188099
0.175649
0.174747
0.170212
0.180467
0.172309
0.169109
0.177822
0.173742
0.179867
0.173381
0.176571
0.186586
0.192886
0.213821
0.234632
0.250026
0.283052
0.314058
0.324804
0.350013
0.347509
0.339881
0.321344
0.316488
0.280659
0.259531
0.272694
0.282963
0.279473
0.276775
0.286525
0.269794
0.262807
0.269662
0.275148
0.252997
0.263513
0.261753
0.268466
0.266515
0.254708
0.234163
0.21383
0.205501
0.209367
0.205552
0.218337
0.224584
0.227997
0.218887
0.232595
0.212874
0.216985
0.210693
0.22266
0.217916
0.216067
0.233212
0.21584
0.21167
0.219861
0.198371
0.222456
0.242972
0.232621
0.227393
0.225596
0.216069
0.229701
0.231108
0.23586
0.229383
0.244095
0.238032
0.260729
0.251436
0.247164
0.256728
0.268591
0.275009
0.274249
0.291745
0.301116
0.3041
0.316531
0.346485
0.388887
0.447281
0.457092
0.434917
0.40476
0.388501
0.34678
0.286711
0.264404
0.230373
0.220194
0.27052
0.341963
0.386546
0.455508
0.518177
0.551196
0.564706
0.529768
0.44491
0.350364
0.265373
0.221268
0.209354
0.19998
0.200256
0.198813
0.206055
0.20722
0.214909
0.230069
0.224706
0.227572
0.229913
0.22276
0.241222
0.229013
0.235908
0.246591
0.254482
0.258161
0.241783
0.228235
0.211522
0.183489
0.176897
0.181654
0.178062
0.167686
0.166266
0.174834
0.15664
0.158304
0.144335
0.14496
0.136995
0.143027
0.144189
0.154593
0.135649
0.151584
0.150232
0.152769
0.159549
0.167087
0.170938
0.200823
0.195489
0.184095
0.200259
0.193582
0.181809
0.20051
0.209165
0.19464
0.215859
0.186781
0.160786
0.168375
0.181443
0.177447
0.18447
0.187427
0.211655
0.219214
0.23445
0.20366
0.232315
0.216556
0.221049
0.197017
0.198808
0.180122
0.159957
0.167234
0.180503
0.189641
0.174832
0.189458
0.186151
0.192556
0.172087
0.196376
0.180362
0.186878
0.198027
0.214871
0.187293
0.207016
0.207049
0.215483
0.197882
0.192779
0.181256
0.170547
0.187056
0.160066
0.139329
0.160826
0.143372
0.147113
0.146278
0.14584
0.150183
0.163481
0.142856
0.160863
0.134966
0.138785
0.13505
0.152954
0.139205
0.161413
0.152724
0.138301
0.139481
0.125667
0.117119
0.145544
0.11714
0.119606
0.107377
0.122198
0.103035
0.110911
0.117772
0.133694
0.131673
0.146485
0.158209
0.159841
0.17165
0.194297
0.174991
0.200864
0.207867
0.208548
0.193678
0.158913
0.137819
0.116511
0.11335
0.0883852
0.101457
0.0963652
0.121355
0.122853
0.122113
0.146598
0.145821
0.171108
0.157471
0.162609
0.154481
0.148637
0.140204
0.145936
0.15251
0.161038
0.169621
0.180043
0.189767
0.195198
0.212139
0.192371
0.182345
0.200852
0.174854
0.16047
0.18093
0.169803
0.17505
0.19814
0.170045
0.188429
0.174544
0.198746
0.174352
0.180599
0.192158
0.170322
0.181852
0.206784
0.190536
0.18416
0.179169
0.182179
0.170733
0.181362
0.133303
0.159202
0.143429
0.151769
0.145414
0.126281
0.141655
0.114649
0.106229
0.124696
0.0854866
0.0904132
0.0920436
0.102329
0.0857159
0.089605
0.0821511
0.0927346
0.0725142
0.0753082
0.0669492
0.0682583
0.0764172
0.0771441
0.0748408
0.0676448
0.0752563
0.0669692
0.0617592
0.073568
0.0696872
0.0539411
0.0747136
0.051174
0.0588233
0.0600344
0.0656615
0.0637984
0.0685908
0.0649209
0.0694816
0.0704371
0.0719693
0.064535
0.0728104
0.0594667
0.0670162
0.0727338
0.0659248
0.0631557
0.081927
0.075267
0.0749732
0.0750658
0.0762683
0.0762705
0.0774005
0.0766452
0.073095
0.0573441
0.0523729
0.058256
0.0408217
0.0514871
0.0376787
0.0367509
0.0602672
0.0651421
0.0577929
0.0550883
0.0587841
0.0663191
0.0677399
0.0789517
0.0687169
0.0448212
0.0719378
0.0586043
0.0617861
0.0509424
0.0681067
0.0579403
0.0670684
0.0534076
0.0610355
0.0607841
0.0457813
0.0736238
0.0850411
0.0939819
0.104487
0.107553
0.115812
0.121839
0.114069
0.121139
0.121995
0.118964
0.132598
0.125572
0.132107
0.126655
0.125332
0.131538
0.135663
0.138618
0.142198
0.14929
0.160774
0.172453
0.180728
0.176465
0.183987
0.20466
0.1875
0.226834
0.224441
0.23149
0.252488
0.265933
0.271446
0.250954
0.230951
0.185959
0.176079
0.163073
0.1326
0.17791
0.174189
0.134151
0.154162
0.155103
0.173269
0.148418
0.157967
0.166827
0.173854
0.194965
0.19731
0.191652
0.197976
0.197115
0.177345
0.16935
0.149235
0.183565
0.201654
0.216033
0.223324
0.231805
0.224978
0.207314
0.218143
0.22759
0.192653
0.190627
0.165192
0.155298
0.135321
0.118076
0.1139
0.0892008
0.0969861
0.100733
0.0638736
0.069509
0.063326
0.050449
0.0340495
0.0259378
0.0219899
0.0195885
0.00847762
0.0112467
0.0104221
0.0143855
0.0197044
0.0226805
0.0134385
0.0140219
0.0169532
0.0120091
0.0164988
0.0247672
0.0263874
0.0245981
0.0254238
0.0136341
0.0127198
0.0137626
0.00853593
0.0117661
0.00468257
0.00552452
0.00421321
0.00324354
0.00918778
0.00287089
0.00505791
0
0.00504515
0.00428683
0.00202247
0.00590951
0.0122301
0.0088595
0.0193554
0.0252245
0.018656
0.0152014
0.0216189
0.0138956
0.00927483
0.0124109
0.00856477
0.0149222
0.0159452
0.0274993
0.0144525
0.0196951
0.0121596
0.00896864
0.0138253
0.0120846
0.0154385
0.0152242
0.0216647
0.0237095
0.0274412
0.0303527
0.0325786
0.0221946
0.0272404
0.0271166
0.0288207
0.025729
0.0210746
0.0274248
0.0295639
0.0312072
0.0293879
0.0288482
0.0296734
0.0300539
0.0272199
0.0232526
0.0283819
0.0407473
0.0352454
0.0442924
0.0400163
0.0329846
0.0259196
0.0423167
0.0325141
0.0304485
0.0354543
0.0278343
0.0248652
0.0263142
0.0298546
0.0362017
0.0370908
0.0353847
0.0318552
0.029662
0.0281042
0.034068
0.0301899
0.0346094
0.0377893
0.0386011
0.0487944
0.0456017
0.0536127
0.0574175
0.0552431
0.0631776
0.0613022
0.0647386
0.063966
0.072394
0.0670729
0.0610124
0.0703259
0.0680562
0.0703646
0.0777127
0.0818235
0.0726118
0.066138
0.0785022
0.0786018
0.0856795
0.0877837
0.100567
0.0999595
0.10175
0.103824
0.109331
0.107843
0.111093
0.108168
0.11822
0.104847
0.109392
0.117191
0.108249
0.117406
0.120146
0.114059
0.112948
0.109504
0.115721
0.108976
0.105048
0.113738
0.123085
0.136043
0.135959
0.151922
0.148645
0.136614
0.130877
0.110112
0.0971884
0.108765
0.123304
0.095498
0.10235
0.091629
0.100712
0.102899
0.105859
0.107462
0.0991824
0.0852111
0.102515
0.0984772
0.105612
0.0910501
0.0952828
0.0937612
0.101016
0.0933684
0.0981206
0.0771676
0.0819147
0.0667526
0.0690918
0.0774154
0.0560019
0.0657804
0.0543968
0.0517325
0.0675545
0.0621723
0.0616001
0.057447
0.0652129
0.0496075
0.0459265
0.0495326
0.0534412
0.054193
0.0482991
0.0649642
0.0521744
0.0638925
0.0667337
0.0527452
0.048771
0.0488245
0.0571391
0.0677107
0.0607122
0.0267275
0.0280955
0.0259708
0.0331997
0.0197987
0.0198267
0.0116854
0.0162886
0.0179263
0.0204033
0.0250215
0.0188559
0.0156663
0.00507799
0.0148737
0.0124808
0.0158726
0.00172885
0.0153355
0.0106341
0.0245151
0.0327759
0.045239
0.0536011
0.0439293
0.0478188
0.0414111
0.0536101
0.0403256
0.0390597
0.0381788
0.0307367
0.02995
0.0347575
0.0266733
0.0210263
0.0266104
0.0155012
0.0203288
0.0310706
0.0151113
0.0165209
0.0114772
0.00888434
0.0166386
0.0204933
0.0154654
0.0192241
0.0197473
0.0180575
0.0162757
0.026796
0.0387429
0.0186457
0.02722
0.019173
0.0217649
0.0250919
0.0152677
0.0116789
0.0263549
0.0164175
0.0192156
0.0171095
0.0142102
0.012108
0.0113422
0.0190555
0.0167599
0.0140662
0.0240801
0.0241613
0.0171889
0.0212457
0.0203527
0.0227692
0.0141924
0.017591
0.0160516
0.0240821
0.0268934
0.0221412
0.0414562
0.0432337
0.0436613
0.0418191
0.028
0.0270381
0.0302568
0.043484
0.0395672
0.0403833
0.0314366
0.0172792
0.0248914
0.0152297
0.0242536
0.0287126
0.0248685
0.0216306
0.0238128
0.0254206
0.0179856
0.0270427
0.0257032
0.029425
0.0261183
0.0259839
0.0221791
0.0245462
0.0343559
0.0331974
0.038503
0.0400946
0.0377566
0.0461267
0.0490588
0.0454158
0.0468055
0.0440268
0.0493065
0.0543344
0.048157
0.0445319
0.0464646
0.0453645
0.0423902
0.0483772
0.0431502
0.038623
0.042113
0.047185
0.0478625
0.050847
0.0461424
0.0523778
0.0449794
0.0456425
0.0471773
0.0550116
0.0515485
0.0541433
0.0617157
0.0606247
0.0671455
0.0734494
0.0760898
0.0884339
0.125538
0.216694
0.42998
0.654943
0.752603
0.776435
0.74325
0.640757
0.40154
0.196438
0.124298
0.107817
0.0941201
0.0852621
0.0751182
0.0797075
0.0799004
0.0780471
0.081325
0.0775529
0.0789289
0.0759174
0.0797092
0.0771401
0.0717791
0.0724226
0.0746164
0.0713382
0.0773885
0.0675614
0.0716807
0.0684349
0.0719882
0.0609532
0.0639385
0.0621444
0.0664602
0.0708047
0.0585421
0.0622659
0.0589662
0.0619395
0.0576939
0.0533377
0.0624136
0.0587592
0.0672339
0.0628601
0.0681006
0.0672622
0.0630516
0.0685002
0.0742458
0.0727286
0.072748
0.0713611
0.0699515
0.0717218
0.0729665
0.0753665
0.073451
0.0728297
0.06933
0.0738804
0.0748551
0.0758405
0.0657968
0.0739605
0.0678371
0.0660437
0.0725978
0.0681307
0.0666911
0.0609189
0.0641679
0.0630824
0.0569727
0.064457
0.0531389
0.0594512
0.0693363
0.0615568
0.0572372
0.0631805
0.0735131
0.0675015
0.0718018
0.0641472
0.0672404
0.0738493
0.0657423
0.0728459
0.0707831
0.0679427
0.0672456
0.0721198
0.069374
0.0700788
0.0745592
0.0736448
0.0780128
0.0767099
0.0746196
0.0753934
0.0797851
0.0818329
0.0781055
0.070425
0.0761326
0.0720366
0.0768219
0.0681458
0.0821818
0.0769203
0.105435
0.0837078
0.104981
0.0845851
0.0879846
0.075653
0.11438
0.0893513
0.097005
0.0984623
0.0840443
0.0995205
0.0908077
0.0955228
0.105318
0.0911012
0.0919486
0.0852377
0.0924312
0.0870278
0.103456
0.0999659
0.09008
0.0878147
0.0903945
0.0943658
0.104978
0.0892028
0.087731
0.0875876
0.0980847
0.0727381
0.0723763
0.0917249
0.100806
0.0937864
0.0751554
0.0998089
0.0896469
0.0781997
0.0828328
0.117339
0.114523
0.0723711
0.100959
0.128787
0.10727
0.1196
0.110176
0.122993
0.0883072
0.100538
0.100775
0.133807
0.115557
0.111742
0.108318
0.0951503
0.11381
0.143415
0.118023
0.147195
0.12195
0.162974
0.148816
0.168587
0.138157
0.149513
0.114879
0.120935
0.137873
0.12606
0.128949
0.143062
0.133892
0.109514
0.104329
0.122522
0.126824
0.112963
0.0932989
0.126949
0.108185
0.109899
0.110173
0.107606
0.113753
0.0910584
0.118561
0.123403
0.111885
0.101032
0.0916456
0.0815195
0.0957467
0.11235
0.112442
0.103523
0.101259
0.11254
0.101544
0.079664
0.081798
0.0802165
0.101595
0.0957725
0.132011
0.127714
0.129708
0.116072
0.133251
0.124908
0.136546
0.127665
0.121336
0.0901671
0.0904905
0.0647232
0.0884494
0.0829025
0.0782528
0.0864317
0.0622382
0.06913
0.0755708
0.0758659
0.0941949
0.0793489
0.0880788
0.0820814
0.0805023
0.0845306
0.114622
0.0980594
0.118302
0.120284
0.127859
0.146131
0.148741
0.153043
0.179378
0.174293
0.184616
0.213309
0.237625
0.252631
0.250376
0.257584
0.251414
0.210147
0.141278
0.106573
0.0850202
0.0697094
0.0792482
0.0771396
0.0677688
0.064629
0.101111
0.0636191
0.0638443
0.0794408
0.063503
0.0807285
0.0807349
0.0816282
0.0607753
0.0698361
0.0840833
0.069666
0.0798465
0.0717563
0.0722192
0.0709154
0.073768
0.0724
0.0672376
0.0674487
0.0642604
0.076089
0.071985
0.0725041
0.076658
0.0772699
0.069038
0.0692403
0.077851
0.0687515
0.0653581
0.0676195
0.0694745
0.0732702
0.0765573
0.0705714
0.0794813
0.0716864
0.0808337
0.0701308
0.0777571
0.0647157
0.0720237
0.0829517
0.0755197
0.0752127
0.0646873
0.0718217
0.0659847
0.0652365
0.0669519
0.0723768
0.0597298
0.0531047
0.0601012
0.0714197
0.0626886
0.059221
0.0589945
0.0611815
0.0675226
0.0635069
0.0599529
0.0636557
0.0661201
0.0603247
0.0611614
0.0643157
0.0609692
0.0705232
0.065564
0.0690636
0.0635595
0.0721558
0.0623035
0.0629198
0.0626499
0.0591701
0.0570168
0.0602078
0.0598667
0.0671146
0.0688581
0.0648826
0.0696443
0.0699047
0.0734775
0.0719828
0.0746469
0.0836564
0.0776051
0.0842614
0.0752833
0.0879006
0.0826621
0.0896344
0.0999727
0.0914787
0.0907532
0.109185
0.0976005
0.112242
0.121659
0.121496
0.119618
0.125177
0.110596
0.109313
0.0844558
0.0766457
0.0612057
0.0628751
0.0520137
0.0567417
0.0637946
0.0568765
0.0601429
0.062336
0.064983
0.067784
0.0580389
0.0676358
0.0639974
0.0668592
0.0714495
0.0727093
0.0744487
0.0743794
0.076651
0.0760483
0.0872077
0.0931661
0.0902858
0.0966378
0.0929345
0.105401
0.108724
0.12496
0.123848
0.14391
0.150988
0.161779
0.168642
0.177652
0.178448
0.173438
0.167351
0.152659
0.140577
0.138557
0.126297
0.120491
0.101994
0.0940381
0.0894473
0.0809447
0.0806683
0.0839945
0.093898
0.0863683
0.0892329
0.083739
0.0894725
0.0916566
0.0937429
0.0987082
0.107162
0.0985279
0.105326
0.100418
0.115964
0.111057
0.12178
0.126497
0.132966
0.132351
0.140216
0.140459
0.147366
0.162068
0.1647
0.16765
0.16957
0.186166
0.205015
0.212927
0.214856
0.215225
0.209779
0.200349
0.181865
0.170054
0.158874
0.148562
0.130902
0.118513
0.106665
0.103689
0.105967
0.103491
0.109127
0.111842
0.107381
0.10097
0.109128
0.110886
0.100485
0.0982098
0.0931745
0.093309
0.0854221
0.0809686
0.0794616
0.087068
0.0820275
0.0823695
0.0765564
0.0850143
0.0824514
0.0798361
0.0912648
0.0776197
0.0875396
0.0832396
0.0810355
0.0848784
0.0843019
0.0894731
0.0847299
0.0830744
0.0869402
0.0863881
0.0883859
0.0892243
0.0873275
0.0806649
0.0863464
0.0932495
0.0902963
0.0981167
0.0962716
0.0891975
0.0931533
0.0813911
0.0884317
0.0900499
0.0905023
0.0904724
0.0895847
0.0954481
0.0975376
0.0930657
0.102927
0.0919966
0.0935275
0.084786
0.0874455
0.0747708
0.0821341
0.0820991
0.0805949
0.0753335
0.078057
0.0815565
0.0877975
0.0862624
0.0930528
0.0914726
0.0992997
0.107296
0.105766
0.12325
0.142359
0.147439
0.134173
0.177057
0.171734
0.154218
0.159238
0.17781
0.172118
0.213209
0.198892
0.206737
0.204272
0.202224
0.17829
0.159778
0.165794
0.142887
0.141409
0.134538
0.141218
0.125983
0.119637
0.125838
0.120895
0.116888
0.142039
0.138949
0.15049
0.149374
0.159839
0.168908
0.160106
0.167061
0.175509
0.167266
0.175158
0.160062
0.168413
0.17176
0.155242
0.168599
0.168813
0.160976
0.152375
0.149667
0.129456
0.150759
0.116548
0.14056
0.129391
0.12601
0.123424
0.134543
0.138213
0.132867
0.139648
0.141411
0.138307
0.186571
0.184735
0.133307
0.193698
0.163457
0.178899
0.161245
0.169426
0.178717
0.200477
0.191249
0.20422
0.201834
0.22758
0.209953
0.232019
0.21527
0.220097
0.227648
0.240629
0.232765
0.239032
0.249319
0.256231
0.261682
0.253288
0.271688
0.258501
0.25151
0.249693
0.238871
0.223395
0.225356
0.211248
0.211473
0.20809
0.197811
0.165859
0.159011
0.155189
0.171981
0.141387
0.118847
0.0995832
0.146428
0.108691
0.104622
0.124501
0.122862
0.125526
0.129218
0.164953
0.134362
0.145357
0.158608
0.173814
0.203347
0.181822
0.179949
0.195447
0.163489
0.218877
0.209347
0.210384
0.229379
0.24834
0.26215
0.272953
0.247897
0.240754
0.24208
0.270849
0.290061
0.294349
0.274418
0.314299
0.279032
0.289276
0.311817
0.313569
0.315896
0.319153
0.326752
0.294617
0.285537
0.306154
0.274583
0.265022
0.283565
0.253102
0.228336
0.209927
0.192734
0.153564
0.126597
0.178096
0.145366
0.133545
0.128581
0.119355
0.132773
0.0576139
0.095247
0.100296
0.111153
0.1074
0.0999994
0.0920259
0.113587
0.0867288
0.114004
0.0830941
0.10389
0.104028
0.0754632
0.117057
0.101675
0.139879
0.110116
0.123587
0.143454
0.0978723
0.101576
0.10896
0.100148
0.124624
0.148046
0.139031
0.168292
0.139618
0.127377
0.0992151
0.14708
0.116149
0.122851
0.152083
0.0907098
0.168233
0.183584
0.174392
0.173462
0.169516
0.148512
0.151368
0.136219
0.116946
0.165735
0.140048
0.14809
0.161605
0.145336
0.176948
0.137494
0.133901
0.14391
0.143484
0.133866
0.11139
0.123601
0.152289
0.138562
0.121918
0.117737
0.127318
0.16489
0.148442
0.130299
0.134341
0.125086
0.182771
0.109707
0.110272
0.168636
0.11994
0.106161
0.124034
0.0864898
0.117996
0.112095
0.0595263
0.117422
0.0949681
0.140589
0.0950743
0.088333
0.130634
0.141561
0.125959
0.0957951
0.124303
0.116293
0.165652
0.164069
0.114719
0.131547
0.174262
0.16252
0.136819
0.170465
0.128805
0.143351
0.174263
0.145237
0.16401
0.161771
0.203036
0.162372
0.184341
0.187799
0.180851
0.178871
0.162066
0.162422
0.182352
0.156646
0.137742
0.149634
0.145974
0.177303
0.150455
0.135364
0.159944
0.129448
0.15978
0.109299
0.0744368
0.114639
0.102804
0.085455
0.0851682
0.073126
0.0552936
