0.178323
0.17285
0.163936
0.180423
0.170777
0.176226
0.183887
0.183264
0.188925
0.195361
0.202144
0.205214
0.216075
0.217031
0.220815
0.21958
0.220553
0.225501
0.227926
0.220317
0.218448
0.219115
0.226441
0.223088
0.232216
0.237046
0.239511
0.246311
0.255222
0.259624
0.263951
0.268387
0.268101
0.271799
0.272536
0.275403
0.281868
0.27902
0.278351
0.272233
0.26153
0.249283
0.263642
0.270825
0.28453
0.284
0.291458
0.301102
0.297858
0.298472
0.303543
0.285068
0.269373
0.266724
0.266586
0.267271
0.285497
0.317996
0.315205
0.309768
0.285449
0.25412
0.218222
0.194191
0.184207
0.165646
0.163621
0.169744
0.165656
0.165771
0.155274
0.150743
0.154639
0.150181
0.152696
0.150993
0.149112
0.145074
0.154087
0.163993
0.156758
0.164238
0.160214
0.165345
0.164581
0.168284
0.164733
0.176912
0.177949
0.184647
0.189723
0.199276
0.202943
0.208509
0.221034
0.224798
0.241491
0.25456
0.267235
0.270079
0.274357
0.275599
0.264809
0.256567
0.236582
0.22324
0.214934
0.214514
0.215187
0.220629
0.22709
0.226493
0.233374
0.233425
0.230618
0.227324
0.223783
0.213694
0.210705
0.205763
0.213473
0.207966
0.212778
0.223919
0.225835
0.2408
0.241605
0.247892
0.25885
0.255954
0.261998
0.266005
0.268184
0.26661
0.266913
0.268159
0.276881
0.278907
0.278499
0.271045
0.252016
0.227236
0.210401
0.214637
0.220084
0.22369
0.2335
0.248499
0.263029
0.254205
0.269165
0.274792
0.280495
0.289536
0.297624
0.297052
0.300716
0.304422
0.307513
0.306826
0.307046
0.313512
0.30725
0.301508
0.277967
0.240075
0.20341
0.173738
0.158567
0.152327
0.150494
0.156551
0.151423
0.150617
0.150234
0.161086
0.158074
0.160539
0.162803
0.166256
0.172778
0.166193
0.17431
0.176952
0.170853
0.162645
0.168402
0.170582
0.171427
0.168814
0.166029
0.176158
0.171855
0.176657
0.176828
0.181032
0.184074
0.175518
0.166536
0.15634
0.143618
0.134644
0.134675
0.132631
0.142632
0.141423
0.146969
0.157089
0.156742
0.171643
0.173389
0.181317
0.184833
0.194379
0.201186
0.204775
0.206573
0.205892
0.214232
0.218217
0.216314
0.217284
0.215488
0.201282
0.181041
0.1789
0.161424
0.16689
0.166398
0.162693
0.175581
0.177277
0.183265
0.193088
0.201093
0.202444
0.20932
0.21883
0.227783
0.228801
0.239839
0.249193
0.254176
0.257691
0.26436
0.264634
0.267554
0.273125
0.272498
0.280722
0.273235
0.285057
0.279991
0.276858
0.270853
0.24971
0.222153
0.188488
0.17501
0.182629
0.176051
0.193194
0.172169
0.18591
0.199194
0.188385
0.195756
0.202928
0.207184
0.230428
0.228828
0.225714
0.24182
0.249798
0.246795
0.261398
0.258215
0.260342
0.259457
0.254079
0.24882
0.231643
0.212767
0.184531
0.172374
0.159071
0.162915
0.166898
0.157309
0.155785
0.154249
0.172346
0.168123
0.176442
0.178605
0.187149
0.165677
0.177985
0.179031
0.180745
0.185225
0.169738
0.17022
0.156987
0.165082
0.17119
0.165402
0.174317
0.174646
0.172376
0.175353
0.168619
0.165345
0.157648
0.156545
0.143884
0.143358
0.141939
0.144926
0.129487
0.133277
0.13074
0.136846
0.119333
0.128392
0.137602
0.154975
0.145877
0.13516
0.147015
0.157717
0.165741
0.171348
0.17666
0.189534
0.187409
0.193301
0.191836
0.19743
0.202927
0.213685
0.196622
0.206311
0.204189
0.168174
0.169535
0.167427
0.156815
0.177537
0.169647
0.141277
0.145208
0.146864
0.135553
0.14609
0.1606
0.158921
0.157486
0.150692
0.164348
0.152843
0.1656
0.173346
0.176748
0.166358
0.176634
0.186896
0.196573
0.192133
0.208368
0.207959
0.22737
0.237272
0.234455
0.236732
0.242738
0.243441
0.231911
0.21397
0.183308
0.162119
0.162913
0.156047
0.133302
0.14081
0.142385
0.135343
0.162443
0.166151
0.15532
0.145438
0.153213
0.155172
0.147364
0.136858
0.146775
0.159735
0.143484
0.147554
0.147877
0.151445
0.161667
0.16643
0.166685
0.158611
0.166371
0.176297
0.183386
0.191624
0.210232
0.220036
0.23116
0.24436
0.252006
0.244537
0.251059
0.238074
0.225077
0.208238
0.192459
0.190297
0.19565
0.182458
0.201805
0.206186
0.199869
0.208085
0.205479
0.20448
0.212404
0.205351
0.195422
0.202333
0.208529
0.199606
0.193412
0.189338
0.179623
0.166434
0.185643
0.178376
0.181253
0.157034
0.179536
0.163514
0.166838
0.173862
0.142096
0.162401
0.168133
0.159301
0.150603
0.171815
0.149128
0.173896
0.168435
0.158173
0.166556
0.186375
0.147983
0.166352
0.160951
0.178429
0.184835
0.183261
0.19445
0.183116
0.197602
0.175704
0.196071
0.205959
0.210071
0.205978
0.218962
0.224108
0.229242
0.230279
0.225513
0.228188
0.247602
0.263807
0.280806
0.290174
0.295138
0.258572
0.257488
0.232857
0.205954
0.169268
0.156857
0.17759
0.23074
0.258732
0.322718
0.354587
0.410883
0.471217
0.469446
0.429379
0.359925
0.279584
0.201217
0.174108
0.161978
0.148593
0.155173
0.156284
0.152347
0.157637
0.150836
0.164686
0.171092
0.170221
0.182178
0.173161
0.186911
0.185505
0.185477
0.203422
0.191378
0.199417
0.197782
0.174659
0.155989
0.160155
0.132029
0.132249
0.13195
0.145269
0.153906
0.147088
0.136561
0.152745
0.107457
0.121532
0.140309
0.121491
0.129832
0.130999
0.133401
0.125837
0.14049
0.14568
0.150833
0.139833
0.158603
0.137211
0.16975
0.145381
0.137122
0.164153
0.133648
0.164744
0.146899
0.157623
0.138085
0.152719
0.154896
0.162944
0.120744
0.141669
0.142018
0.139653
0.152876
0.162165
0.162668
0.159504
0.148735
0.165524
0.166166
0.160312
0.138557
0.12624
0.151511
0.154147
0.153172
0.149542
0.151124
0.162832
0.150526
0.173388
0.160828
0.140032
0.153071
0.149284
0.160403
0.170062
0.160267
0.161168
0.172387
0.177614
0.142413
0.143352
0.136876
0.125871
0.125073
0.126849
0.122415
0.134716
0.114455
0.118898
0.113863
0.125133
0.124501
0.128734
0.115359
0.109014
0.122592
0.0999391
0.114082
0.122487
0.115894
0.123897
0.111063
0.110347
0.12608
0.120059
0.109426
0.113633
0.105561
0.115045
0.0957201
0.0884192
0.0993694
0.107758
0.0967887
0.111264
0.113121
0.11262
0.128785
0.131335
0.130953
0.141877
0.134732
0.148353
0.126281
0.152738
0.14404
0.113529
0.104755
0.0969336
0.0892148
0.0847838
0.0673897
0.0893541
0.0982034
0.101152
0.0960638
0.120617
0.144548
0.130693
0.109339
0.145491
0.115577
0.109448
0.125884
0.11244
0.119693
0.126202
0.127392
0.141477
0.124158
0.133693
0.137054
0.122816
0.144367
0.10572
0.144243
0.136757
0.132188
0.105308
0.126856
0.12318
0.116888
0.127301
0.114719
0.114598
0.138967
0.125699
0.115871
0.124814
0.124284
0.118578
0.155643
0.136235
0.13745
0.139694
0.121169
0.1176
0.122048
0.113638
0.12491
0.138359
0.133163
0.136668
0.110167
0.120697
0.0943701
0.0866142
0.0966021
0.0975326
0.081995
0.0832633
0.0951082
0.0851729
0.0802506
0.0868402
0.0749807
0.0665526
0.0726941
0.0704834
0.0692879
0.0682664
0.0727772
0.0726487
0.0579855
0.0733897
0.0579874
0.0660587
0.0785449
0.0736518
0.07047
0.072813
0.0675367
0.0734576
0.0702716
0.060158
0.0648474
0.0590578
0.060438
0.060608
0.0545085
0.0732377
0.076109
0.0663854
0.0747939
0.0612905
0.0681331
0.0760635
0.0760095
0.0761539
0.0981971
0.0651408
0.0860633
0.0783496
0.0656942
0.072338
0.0677024
0.0728715
0.0776857
0.0464689
0.0551177
0.0707085
0.0449935
0.062772
0.0747843
0.0589458
0.0553446
0.0625301
0.065336
0.0736336
0.0664141
0.0581062
0.0756785
0.0510672
0.0870229
0.0694129
0.06351
0.0617089
0.0563645
0.0740678
0.0584107
0.0817654
0.0739299
0.0522978
0.0730801
0.0739819
0.0733205
0.0776311
0.0920129
0.0982621
0.108568
0.0851397
0.0846604
0.106972
0.0840034
0.097362
0.0886002
0.0969283
0.096666
0.102481
0.123099
0.127312
0.101271
0.0905132
0.109936
0.110349
0.124928
0.122055
0.130004
0.127458
0.129902
0.131808
0.132115
0.146688
0.156867
0.158811
0.172713
0.160542
0.157497
0.160929
0.159779
0.120796
0.121738
0.124352
0.0849795
0.107329
0.109999
0.112522
0.117517
0.107742
0.137416
0.116499
0.0956366
0.120341
0.133847
0.147298
0.14894
0.166965
0.13731
0.131707
0.126729
0.115912
0.107689
0.1356
0.159071
0.159294
0.160982
0.175425
0.169703
0.166319
0.146946
0.138778
0.147856
0.136769
0.146877
0.130572
0.115049
0.101645
0.104522
0.0895485
0.0681452
0.0699399
0.0609897
0.0663515
0.0515628
0.049116
0.0390762
0.0447983
0.0384366
0.0378328
0.0380624
0.0389338
0.0370387
0.0384401
0.0399183
0.0365552
0.0385528
0.0423081
0.0459134
0.0478013
0.0400562
0.0446564
0.0500521
0.0479142
0.0511855
0.0442148
0.0351645
0.0303971
0.0353068
0.0351647
0.0316525
0.0255694
0.0347191
0.0335235
0.0335505
0.0324605
0.0339225
0.0309956
0.0270841
0.0315232
0.0252672
0.0348879
0.0316849
0.0342491
0.0400659
0.03989
0.0433051
0.0423001
0.037456
0.0382656
0.0361484
0.0367196
0.0395442
0.0366816
0.0295472
0.0386774
0.0442256
0.0407458
0.0390913
0.0423436
0.0407379
0.0376649
0.0379122
0.043693
0.0461696
0.0524651
0.0427624
0.0400766
0.04058
0.0368847
0.0392298
0.0460114
0.0434257
0.0463701
0.038887
0.043046
0.0437691
0.0512736
0.0494045
0.0511191
0.0450929
0.0487715
0.0558859
0.0402192
0.0491633
0.0487716
0.0507097
0.049522
0.0507237
0.0506814
0.0512692
0.0403764
0.032879
0.0420647
0.0472545
0.0431571
0.0462696
0.0365814
0.0410034
0.0481656
0.0454543
0.0469519
0.0464275
0.0417944
0.0424058
0.0400747
0.0455884
0.0419663
0.0515514
0.0467522
0.0570531
0.0541076
0.0517354
0.0544536
0.0554306
0.0662397
0.0666113
0.0623292
0.0611991
0.058623
0.0604467
0.0708802
0.0646936
0.0660651
0.0747301
0.0702195
0.0692492
0.064461
0.0672506
0.0771307
0.0751093
0.0743119
0.0941671
0.0873653
0.0929254
0.09125
0.0879976
0.0961336
0.0910254
0.0991757
0.0982373
0.0975848
0.0967005
0.0947826
0.0934886
0.094022
0.0924663
0.103941
0.10048
0.0897516
0.085522
0.0910426
0.0992703
0.0880677
0.0957158
0.0939206
0.0953768
0.101636
0.108019
0.120678
0.0975764
0.0994817
0.0980516
0.0855397
0.0886457
0.083281
0.0648574
0.0760458
0.0837981
0.078528
0.0888763
0.0817831
0.0869366
0.0853422
0.0953939
0.0812884
0.0781995
0.0807895
0.101694
0.0771596
0.0907824
0.0816341
0.0701756
0.0798099
0.0899055
0.091399
0.0556575
0.0715235
0.0785404
0.0642515
0.0566343
0.063114
0.0661584
0.0598874
0.0705667
0.0520834
0.0509657
0.0584169
0.0637707
0.0612182
0.041418
0.051247
0.0518285
0.050383
0.0631799
0.0633719
0.037903
0.0606817
0.0540767
0.0599223
0.0505948
0.05529
0.0613605
0.0505338
0.0332054
0.0565336
0.0439617
0.0423023
0.0314415
0.0425407
0.0318806
0.0327666
0.0342933
0.0309766
0.0343981
0.0299131
0.028088
0.0323712
0.0188055
0.0301892
0.0384438
0.0377242
0.0492687
0.0422262
0.0391464
0.0519926
0.0512008
0.0481341
0.0465948
0.0536305
0.0539682
0.0457333
0.0480483
0.0556755
0.0401747
0.0403999
0.0318775
0.0303723
0.0391041
0.039386
0.0369603
0.044042
0.0478418
0.0430581
0.0375008
0.0353183
0.0320569
0.0316818
0.0352526
0.0301836
0.0401789
0.0351098
0.0369834
0.0343658
0.0359953
0.0337417
0.0419559
0.0414147
0.0320051
0.0374244
0.0394318
0.0481335
0.029228
0.0423761
0.0296714
0.0316882
0.0395654
0.0372281
0.0343065
0.0377822
0.0394516
0.041766
0.0430085
0.0282232
0.0329813
0.0422544
0.0360633
0.0346508
0.0378493
0.0441042
0.041907
0.0371932
0.0413741
0.0350301
0.0408343
0.0457936
0.0498128
0.0505516
0.0516813
0.0548426
0.0437751
0.0434813
0.0449347
0.0372015
0.0463838
0.0329388
0.035029
0.046859
0.0441328
0.0380223
0.0462568
0.0356394
0.030717
0.0342412
0.0348421
0.0432843
0.0377826
0.0432665
0.0395781
0.0376993
0.0395535
0.0375777
0.0476952
0.0417739
0.0435989
0.0402916
0.0403865
0.0468254
0.0491646
0.0395098
0.0622871
0.0498302
0.0475544
0.0517675
0.0547773
0.054066
0.0536074
0.0544538
0.04692
0.0513167
0.0586288
0.0542286
0.0527026
0.0551313
0.051902
0.0577177
0.0527831
0.0572732
0.0527977
0.0559648
0.0539738
0.0646867
0.057865
0.0599497
0.0597679
0.0651889
0.0660962
0.0691415
0.0678434
0.0765718
0.0785078
0.0908463
0.121798
0.187283
0.361267
0.54062
0.639355
0.664575
0.641018
0.534777
0.341534
0.161041
0.111773
0.088964
0.0792799
0.0776316
0.0734074
0.0785256
0.0759351
0.0760222
0.0778356
0.0722255
0.0719652
0.0739471
0.0729539
0.0750338
0.0730566
0.069942
0.0682829
0.0657101
0.069592
0.0746917
0.0713737
0.0705829
0.0698165
0.0713584
0.0645806
0.0685152
0.0710299
0.0691445
0.0683161
0.0620503
0.0644767
0.0656765
0.0701505
0.0689805
0.0635401
0.0660686
0.0617283
0.0721232
0.0723049
0.0690666
0.062689
0.0662397
0.0745207
0.0677913
0.0684979
0.0732316
0.0695867
0.0739766
0.0743272
0.068675
0.0765825
0.0768737
0.0667759
0.0710042
0.0740034
0.0761152
0.0782629
0.0753429
0.0687982
0.0726213
0.0713331
0.0715807
0.0604615
0.0622968
0.063814
0.0609663
0.0640878
0.0703631
0.0782406
0.0580665
0.0622286
0.0653266
0.064527
0.0608299
0.0635086
0.0685868
0.0728459
0.0643454
0.0702449
0.066371
0.0684042
0.0657902
0.061403
0.0651494
0.0702846
0.0670986
0.0660769
0.067134
0.0696571
0.0720971
0.0723359
0.071011
0.0729183
0.0741959
0.0661588
0.0706676
0.071207
0.0670675
0.0711255
0.0725002
0.0738866
0.0522132
0.0607999
0.0787484
0.0566068
0.0640408
0.0903535
0.0676762
0.0748957
0.0709851
0.0672879
0.0738702
0.0688923
0.0619358
0.0837275
0.0821357
0.0756146
0.07276
0.0797337
0.0781492
0.0743587
0.0729981
0.0842978
0.0849133
0.0770343
0.0662397
0.0741
0.0907711
0.083544
0.0795504
0.0807673
0.0793419
0.0750384
0.0531381
0.059794
0.0752631
0.0549593
0.0667593
0.0714192
0.0861682
0.0724548
0.0746926
0.0855664
0.0887797
0.0429678
0.0600404
0.0714608
0.0640519
0.0588568
0.0969373
0.0650973
0.100236
0.0586243
0.0669162
0.0970716
0.0774122
0.0806162
0.0735995
0.0881036
0.0761776
0.0426131
0.0803164
0.0977559
0.101739
0.0882952
0.0683521
0.123349
0.0908777
0.112161
0.113472
0.100305
0.107674
0.0780889
0.106547
0.0913169
0.120253
0.0641717
0.111078
0.0919878
0.0732944
0.0825814
0.11562
0.0989304
0.0808678
0.0961598
0.0979316
0.0601733
0.0941155
0.0732916
0.0849313
0.0828341
0.0838429
0.0727559
0.065191
0.0798836
0.0611686
0.0648576
0.0713272
0.0701337
0.0779033
0.0792748
0.0946563
0.0677095
0.0869639
0.0887262
0.0798703
0.056076
0.0648801
0.0699608
0.0785795
0.0928226
0.0970391
0.119315
0.115977
0.11693
0.122747
0.0912314
0.102535
0.0963545
0.0675904
0.0850699
0.0701112
0.0810324
0.0651689
0.0552119
0.0472623
0.0777968
0.0670007
0.0636986
0.0737952
0.0811633
0.0685307
0.0836829
0.09106
0.0820824
0.0919719
0.0821829
0.0832872
0.100874
0.110545
0.102239
0.112158
0.126799
0.124385
0.126986
0.144572
0.149178
0.159062
0.181122
0.184396
0.188418
0.190691
0.188312
0.165913
0.108208
0.0732573
0.0749004
0.0736637
0.0770824
0.0763654
0.0601755
0.0498753
0.0540213
0.0534931
0.0548374
0.0608411
0.0640487
0.0722403
0.0836056
0.0688465
0.0660032
0.0744707
0.0644032
0.0650976
0.0578866
0.0678787
0.0598342
0.0554595
0.0630098
0.0754278
0.0623381
0.0636035
0.0605931
0.0686237
0.0650438
0.0652355
0.0700838
0.0633906
0.0637928
0.0667936
0.0695427
0.065401
0.0760883
0.0648752
0.0649029
0.07368
0.0744593
0.0673352
0.0633214
0.0604124
0.0740033
0.0774433
0.0721749
0.0742168
0.0726786
0.062074
0.0675838
0.0692147
0.0572915
0.0655954
0.0614256
0.0692448
0.0529315
0.0625807
0.0681454
0.0536144
0.0593109
0.0554098
0.049441
0.065559
0.0693295
0.0520682
0.0630405
0.052398
0.0649604
0.0668588
0.0634567
0.0648938
0.0733069
0.069906
0.0702361
0.0748471
0.0646928
0.0727707
0.0725319
0.0632799
0.0611609
0.0661943
0.0614477
0.0584674
0.0642363
0.0661166
0.0637409
0.0641405
0.063171
0.0745226
0.0638303
0.072079
0.0690158
0.0774065
0.0719053
0.0757006
0.0622596
0.075274
0.077629
0.0803902
0.080641
0.0902324
0.107167
0.0910778
0.0879008
0.101697
0.0934177
0.104541
0.109901
0.119344
0.105489
0.110523
0.109129
0.100986
0.0879456
0.0824511
0.0715285
0.0703068
0.066219
0.0659013
0.0622012
0.0609116
0.0652887
0.0673438
0.0651775
0.060865
0.0587372
0.0641729
0.0590625
0.0687012
0.0708022
0.0688698
0.0691657
0.0678796
0.0814097
0.0774906
0.0750218
0.0851414
0.0913688
0.0874819
0.0922938
0.0868773
0.0966548
0.100954
0.103104
0.121656
0.128587
0.135602
0.148026
0.149537
0.150046
0.144891
0.142763
0.133459
0.126179
0.1149
0.104606
0.10175
0.0877839
0.0825284
0.0814322
0.0853614
0.0880348
0.069649
0.0961882
0.0813461
0.0826275
0.0930983
0.0816276
0.0865837
0.0911262
0.0924059
0.0883737
0.0940447
0.0906016
0.0918603
0.0893455
0.0875086
0.0922295
0.100006
0.109953
0.110719
0.114656
0.113625
0.120658
0.125019
0.132793
0.129021
0.135197
0.140202
0.15632
0.164251
0.168328
0.165569
0.163578
0.156303
0.147482
0.138135
0.129307
0.105486
0.0996303
0.0958927
0.100621
0.0891201
0.0979003
0.0812246
0.0850161
0.0775628
0.0895395
0.10103
0.0767084
0.0860142
0.0844924
0.0784666
0.0771981
0.0753989
0.069889
0.0706585
0.0699232
0.0747176
0.0767284
0.0717316
0.0852153
0.0818338
0.0778158
0.0810978
0.0729564
0.0842862
0.0699592
0.0791569
0.0816786
0.081245
0.0813135
0.0722781
0.0785858
0.0827517
0.0819022
0.0846425
0.0763561
0.0792649
0.0710943
0.0727927
0.0688064
0.0850178
0.0850245
0.0742309
0.081402
0.0759948
0.0802943
0.0704689
0.0836356
0.075861
0.0807101
0.0903616
0.0810208
0.0758456
0.0721756
0.0828024
0.0891619
0.0860614
0.08701
0.0964417
0.0853487
0.0987724
0.0943601
0.0976159
0.0964767
0.0953716
0.100839
0.103745
0.0934214
0.0940104
0.10414
0.100618
0.113426
0.120069
0.110232
0.1195
0.129816
0.125951
0.117618
0.116927
0.0934629
0.111789
0.120603
0.138744
0.138593
0.140733
0.15381
0.138481
0.130606
0.134919
0.130385
0.13684
0.134589
0.130176
0.106322
0.0938513
0.0924437
0.1004
0.104513
0.113643
0.100998
0.115313
0.109268
0.117764
0.126613
0.113933
0.1253
0.135291
0.134693
0.149829
0.153197
0.154808
0.15219
0.153936
0.151187
0.153519
0.147401
0.146739
0.140876
0.117716
0.11242
0.137437
0.112115
0.113986
0.0979862
0.0980883
0.116947
0.133505
0.100367
0.107949
0.0959527
0.097131
0.108969
0.122985
0.109748
0.122252
0.110848
0.106859
0.13868
0.139281
0.125852
0.114851
0.152411
0.146591
0.15717
0.143566
0.179181
0.152964
0.154203
0.1766
0.158306
0.172897
0.173211
0.179191
0.191906
0.187069
0.205783
0.194123
0.194844
0.189163
0.20659
0.207927
0.196006
0.19974
0.190949
0.197678
0.185906
0.180435
0.168095
0.164494
0.132249
0.152601
0.125595
0.0995334
0.106928
0.105509
0.0957497
0.106901
0.0833475
0.0986951
0.0701946
0.0833187
0.0760853
0.0910639
0.056238
0.0563012
0.0937163
0.109394
0.107336
0.0701134
0.121648
0.105058
0.134263
0.124941
0.135842
0.12309
0.147942
0.148956
0.166074
0.148084
0.137436
0.162755
0.163698
0.189141
0.208703
0.171785
0.2217
0.15319
0.196629
0.227937
0.227782
0.225216
0.242573
0.242775
0.231009
0.257732
0.217932
0.240443
0.233811
0.22676
0.221828
0.238708
0.211805
0.232857
0.190003
0.16083
0.178111
0.132223
0.108245
0.122662
0.150455
0.068036
0.099194
0.0744456
0.0579403
0.133477
0.0874422
0.0832423
0.0652766
0.10426
0.0853024
0.0826073
0.12642
0.108049
0.103727
0.0862211
0.0888204
0.110631
0.101401
0.0967645
0.0671048
0.116878
0.0619405
0.0735908
0.0879376
0.0622335
0.0808049
0.119435
0.0825805
0.0730683
0.118464
0.0788505
0.0926286
0.130171
0.0699207
0.0652555
0.114331
0.0403561
0.12967
0.0499029
0.14101
0.0963342
0.0617402
0.109009
0.147974
0.0778055
0.0599053
0.07781
0.120246
0.130672
0.0927388
0.134688
0.0873397
0.121613
0.136367
0.108335
0.125977
0.117582
0.103075
0.103378
0.11962
0.133231
0.148082
0.0885523
0.139427
0.111927
0.107848
0.0873566
0.0947985
0.0878549
0.071453
0.111207
0.0854269
0.079496
0.0916174
0.12624
0
0.0748507
0.104101
0.102156
0.1072
0.0754409
0.0502667
0.100877
0.0550767
0.0636344
0.0906327
0.048159
0.0825485
0.10306
0.0886804
0.0501235
0.0418118
0.0891622
0.0509325
0.092695
0.126794
0.0810835
0.122039
0.0539281
0.114379
0.114875
0.103883
0.123745
0.130944
0.113026
0.13867
0.103705
0.0968666
0.130583
0.153723
0.134133
0.11207
0.148739
0.108492
0.152988
0.111784
0.112741
0.146499
0.132689
0.131099
0.106995
0.144231
0.127846
0.103532
0.124199
0.0698956
0.0385573
0.10868
0.05669
0.0890638
0.0648521
0.0990388
0.0947591
0.109861
0.0822081
0.089601
