0.179728
0.187903
0.173355
0.189718
0.183838
0.189362
0.208663
0.19869
0.207321
0.212321
0.224037
0.231091
0.236918
0.23596
0.241466
0.250254
0.253211
0.254826
0.258049
0.253504
0.255568
0.253209
0.263389
0.261728
0.267294
0.276377
0.284593
0.291725
0.299752
0.305711
0.31292
0.316196
0.320699
0.324878
0.330805
0.335337
0.342233
0.34006
0.335535
0.329309
0.326389
0.308666
0.318105
0.325648
0.345047
0.353977
0.363762
0.368468
0.372305
0.374483
0.370189
0.333444
0.311064
0.307735
0.307098
0.307729
0.332657
0.399521
0.40253
0.394494
0.359702
0.317179
0.265172
0.231711
0.2111
0.193596
0.180497
0.181733
0.173888
0.173981
0.158639
0.153498
0.146015
0.148238
0.149234
0.141373
0.149557
0.14557
0.15803
0.164481
0.161561
0.1641
0.168576
0.178712
0.170989
0.175727
0.178867
0.183444
0.186682
0.195757
0.20184
0.21502
0.221505
0.233459
0.253469
0.271324
0.299338
0.316662
0.336537
0.342561
0.347512
0.349343
0.342746
0.313185
0.282717
0.250916
0.243465
0.240863
0.235831
0.245047
0.252221
0.253155
0.262182
0.262589
0.263338
0.261462
0.260139
0.247286
0.245853
0.240035
0.244345
0.246084
0.25093
0.262187
0.26684
0.274682
0.284903
0.288106
0.300648
0.301364
0.312518
0.315582
0.314017
0.30975
0.308752
0.310368
0.331223
0.339063
0.338178
0.32507
0.30672
0.274785
0.258448
0.257779
0.266517
0.272446
0.286546
0.300691
0.318868
0.324256
0.33631
0.342327
0.353392
0.368728
0.369723
0.375929
0.381758
0.381199
0.384029
0.384409
0.383309
0.392697
0.391064
0.384453
0.349643
0.291544
0.231785
0.175135
0.15901
0.14867
0.137249
0.141291
0.135582
0.136409
0.139497
0.147138
0.147572
0.157069
0.163015
0.173684
0.187745
0.189369
0.188795
0.190467
0.180516
0.178259
0.179956
0.177231
0.172514
0.168601
0.166038
0.173779
0.174479
0.174029
0.179792
0.181412
0.184937
0.178071
0.176218
0.165786
0.161289
0.146426
0.141463
0.14768
0.156033
0.150742
0.15555
0.166126
0.172771
0.186001
0.189771
0.198225
0.204929
0.20945
0.2128
0.221782
0.223803
0.228393
0.238886
0.243057
0.244109
0.249161
0.247002
0.224999
0.21327
0.209158
0.180303
0.186104
0.190286
0.193846
0.198446
0.207419
0.211885
0.217693
0.230298
0.234107
0.25904
0.256996
0.269432
0.273464
0.288705
0.292129
0.298163
0.316812
0.321058
0.318662
0.325473
0.331457
0.337492
0.345835
0.347848
0.358286
0.356551
0.365119
0.351014
0.320589
0.287817
0.249912
0.215135
0.218942
0.203711
0.211964
0.217474
0.229882
0.246631
0.228621
0.232829
0.243694
0.238224
0.277085
0.267855
0.275288
0.284612
0.299014
0.303853
0.308001
0.308752
0.310885
0.305891
0.30492
0.292842
0.263164
0.236523
0.19683
0.173451
0.157396
0.165694
0.17195
0.17437
0.175387
0.179301
0.199579
0.203717
0.205151
0.210458
0.22238
0.215417
0.2086
0.204084
0.205499
0.196202
0.177488
0.178162
0.171325
0.165448
0.171015
0.170422
0.169517
0.176557
0.178962
0.192827
0.18163
0.1789
0.175301
0.17983
0.147272
0.169
0.173327
0.154899
0.137352
0.16029
0.160743
0.141277
0.14536
0.154557
0.168684
0.158648
0.170881
0.155006
0.163807
0.164561
0.183698
0.184838
0.196902
0.206508
0.197445
0.204724
0.214088
0.219183
0.22356
0.233006
0.230624
0.2353
0.227603
0.209815
0.216737
0.208873
0.197689
0.208566
0.206179
0.192612
0.183227
0.162327
0.174132
0.179979
0.189117
0.191689
0.176109
0.195241
0.191099
0.181663
0.202269
0.191421
0.199232
0.195324
0.199019
0.216755
0.215121
0.230386
0.245759
0.252733
0.271429
0.280805
0.282008
0.290745
0.285394
0.2913
0.275646
0.260204
0.219103
0.195126
0.1695
0.172944
0.158211
0.162873
0.148728
0.154194
0.167007
0.177939
0.183356
0.169121
0.171281
0.172338
0.160138
0.163498
0.160417
0.160228
0.160727
0.155271
0.161528
0.159081
0.167986
0.164455
0.169142
0.167369
0.167757
0.189457
0.193868
0.213222
0.240917
0.262215
0.285441
0.306528
0.322355
0.316285
0.314326
0.309057
0.293359
0.250048
0.240347
0.257056
0.239577
0.240498
0.243924
0.254356
0.249914
0.250638
0.247921
0.2433
0.246508
0.243255
0.239596
0.234791
0.239858
0.223284
0.219804
0.210131
0.196688
0.190637
0.197447
0.202864
0.207422
0.20172
0.205089
0.195345
0.206144
0.203604
0.194153
0.200213
0.206832
0.200352
0.169773
0.197597
0.193888
0.200987
0.196859
0.192668
0.222302
0.225673
0.192895
0.195191
0.20963
0.220935
0.217464
0.206607
0.230781
0.228887
0.214779
0.225834
0.237054
0.238102
0.240902
0.242267
0.257543
0.250264
0.269659
0.276625
0.281789
0.300963
0.324336
0.354264
0.387737
0.404967
0.414122
0.38286
0.347981
0.283811
0.300289
0.216521
0.203607
0.203043
0.240617
0.298214
0.351856
0.395773
0.457748
0.511823
0.519417
0.488554
0.4022
0.31553
0.236644
0.200343
0.184712
0.172638
0.189136
0.186906
0.189355
0.193025
0.198943
0.195827
0.205508
0.207237
0.218009
0.205982
0.219306
0.20799
0.222678
0.233225
0.222518
0.22686
0.231107
0.207951
0.19225
0.192146
0.174414
0.16351
0.165785
0.155227
0.177103
0.159091
0.14518
0.137544
0.145668
0.138887
0.132476
0.134109
0.132403
0.139113
0.13578
0.138047
0.132249
0.147986
0.150118
0.144962
0.150948
0.149447
0.178378
0.182195
0.168345
0.190933
0.182486
0.190995
0.181397
0.175675
0.181733
0.167332
0.16609
0.182176
0.15115
0.178482
0.157821
0.172837
0.17553
0.180757
0.198058
0.197251
0.189704
0.209763
0.193208
0.174394
0.153189
0.163089
0.168699
0.167837
0.169222
0.167777
0.161729
0.173237
0.165603
0.182082
0.16569
0.166658
0.178085
0.170496
0.185479
0.188308
0.197583
0.19796
0.193899
0.199539
0.166481
0.176757
0.17218
0.146721
0.148041
0.150852
0.133305
0.160245
0.133502
0.137135
0.133879
0.146028
0.143433
0.137493
0.148729
0.123158
0.138713
0.121884
0.131592
0.138712
0.124308
0.133437
0.133464
0.124121
0.133533
0.126816
0.132239
0.131369
0.114092
0.1193
0.10819
0.0958813
0.0975921
0.114697
0.106658
0.128779
0.125807
0.128268
0.143358
0.146011
0.153227
0.16319
0.165982
0.180118
0.174077
0.173704
0.17703
0.149881
0.128218
0.104609
0.0827653
0.0734711
0.0784742
0.0955266
0.116851
0.109948
0.123458
0.128236
0.134172
0.162205
0.138134
0.159975
0.132028
0.130485
0.156965
0.119751
0.138759
0.139481
0.13758
0.165135
0.1504
0.178168
0.180832
0.163524
0.162879
0.155844
0.186601
0.166401
0.163137
0.12821
0.151508
0.147886
0.148663
0.16141
0.14335
0.166147
0.167167
0.153669
0.157728
0.167461
0.155692
0.152302
0.171701
0.166435
0.163385
0.175753
0.164559
0.14366
0.138529
0.131198
0.145176
0.135667
0.14029
0.137314
0.129208
0.123781
0.111345
0.0956021
0.0964944
0.0890829
0.0858383
0.0873579
0.0965822
0.0825798
0.0690373
0.0804797
0.0698192
0.0621962
0.0683765
0.0718836
0.0643369
0.0546363
0.0654399
0.0527099
0.0588466
0.0597351
0.0464664
0.0746554
0.0708013
0.0491589
0.0631159
0.0601078
0.0594126
0.0610189
0.0591723
0.0523933
0.0606098
0.0643828
0.0662351
0.0597049
0.0702047
0.062839
0.0711925
0.0648709
0.0744457
0.0602248
0.0631681
0.0701931
0.0663136
0.0747083
0.0805099
0.0647995
0.0783518
0.0663791
0.0627307
0.0663776
0.0670621
0.0702895
0.0571054
0.0374842
0.0485011
0.0525179
0.0470025
0.0437158
0.0539998
0.0443034
0.0397661
0.0429898
0.0612126
0.0579649
0.0576628
0.0664499
0.0555838
0.0522342
0.074708
0.0522314
0.0562129
0.0598586
0.0626112
0.0547125
0.0549826
0.0655304
0.0604298
0.0515369
0.0664393
0.063972
0.0634993
0.0735887
0.0843977
0.115046
0.108959
0.103807
0.0920963
0.107061
0.105046
0.107257
0.0914878
0.117361
0.123073
0.11928
0.130068
0.131135
0.118217
0.115564
0.108696
0.132638
0.14972
0.1478
0.148411
0.153208
0.184825
0.1808
0.183757
0.191659
0.22834
0.200226
0.235982
0.238895
0.222502
0.222385
0.21431
0.173615
0.146645
0.156845
0.122596
0.149694
0.127707
0.151384
0.131037
0.137869
0.144083
0.158382
0.13312
0.157221
0.17714
0.164759
0.17179
0.212264
0.169643
0.189312
0.180241
0.147195
0.169128
0.179545
0.177446
0.214719
0.222533
0.195511
0.19457
0.207929
0.212462
0.183526
0.191252
0.168902
0.181005
0.157159
0.134625
0.118178
0.113481
0.0918548
0.101148
0.0818388
0.0719446
0.0514692
0.0455743
0.0488652
0.0207272
0.0226337
0.019559
0.0207447
0.0127627
0.00813336
0.0151928
0.0174877
0.00934687
0.0157545
0.0139486
0.0182496
0.0139123
0.0174407
0.0186774
0.0201663
0.0265677
0.033915
0.0345493
0.0210557
0.0168213
0.00493788
0.004102
0.00879129
0.00320245
0.00719961
0.00479902
0.0113479
0
0.00617147
0.00756169
0.00536687
0.00258333
0.00707402
0.00380802
0.0082112
0.00974994
0.00921055
0.0179565
0.0155374
0.0168726
0.020308
0.0106463
0.0201018
0.0167072
0.0057991
0.0136383
0.00972308
0.0077255
0.0127594
0.0188765
0.0180492
0.0139974
0.0179858
0.018755
0.0160859
0.0184195
0.0213539
0.0241891
0.0324055
0.0312548
0.032877
0.0302096
0.0214378
0.0254262
0.0294198
0.0272804
0.0182894
0.0163205
0.021485
0.0222974
0.0343291
0.0281451
0.031284
0.0245433
0.0282625
0.0299574
0.022485
0.0310249
0.0270876
0.0347054
0.0363245
0.0432937
0.0378416
0.0362814
0.0222975
0.0340867
0.0320203
0.0215158
0.02424
0.0264788
0.0273861
0.0275589
0.0265875
0.0302376
0.0304712
0.0308991
0.0298006
0.0227694
0.0222413
0.0260502
0.0286247
0.0378975
0.0372246
0.0462693
0.0396857
0.0482024
0.0454535
0.0442818
0.0586319
0.0539731
0.0611584
0.0568514
0.0567859
0.0619719
0.067155
0.0616521
0.0565444
0.0718051
0.0718506
0.072572
0.0674737
0.0764294
0.0839523
0.0792478
0.0776085
0.0839626
0.0923871
0.0943968
0.103647
0.102616
0.101908
0.0977645
0.100985
0.101684
0.108713
0.113824
0.10538
0.105578
0.103005
0.0967227
0.113606
0.105386
0.0971954
0.0977585
0.0972255
0.104227
0.10522
0.108267
0.118547
0.118557
0.121663
0.130705
0.13472
0.113226
0.127023
0.106346
0.0948509
0.0999897
0.0914325
0.0862534
0.0866247
0.0987739
0.0799044
0.0983741
0.0836264
0.0886443
0.0910252
0.0999497
0.0857855
0.0762874
0.0821086
0.100766
0.0840575
0.0966
0.089448
0.0856508
0.0838647
0.0867825
0.0943387
0.0624157
0.0650815
0.0681067
0.0516311
0.0536402
0.0596438
0.0548515
0.053414
0.0590327
0.0437418
0.0498963
0.0463528
0.0488329
0.0516306
0.0464256
0.0437924
0.0436293
0.0402016
0.0461699
0.061994
0.0507891
0.0554814
0.0561483
0.0404597
0.043517
0.0526815
0.0444697
0.0429522
0.0392877
0.0406948
0.023188
0.0219076
0.0221685
0.0158804
0.012795
0.0141745
0.0115832
0.00769576
0.00334203
0.0118295
0.00652417
0.0158371
0.00567606
0.013716
0.00639639
0.013875
0.0163718
0.0238623
0.0341593
0.0379353
0.041622
0.0387645
0.0399197
0.0387474
0.0376333
0.0459753
0.0456026
0.04584
0.0349009
0.0386623
0.0251146
0.0251184
0.0239214
0.0215773
0.0175432
0.0232604
0.0160901
0.0166074
0.0157457
0.020905
0.0153424
0.0157936
0.0119372
0.011711
0.0185327
0.0189634
0.0185755
0.0104319
0.00740774
0.0227545
0.02158
0.0179971
0.0277245
0.0203148
0.0227334
0.032035
0.0238522
0.0192837
0.0135629
0.0180819
0.00843789
0.0187573
0.0104068
0.0217225
0.0135795
0.0176809
0.00804022
0.0161788
0.0117262
0.0196125
0.0143174
0.0206801
0.0183065
0.0195655
0.0161384
0.015388
0.0159448
0.017898
0.0261339
0.0204979
0.0292
0.0458743
0.0404121
0.0300846
0.0384984
0.0405107
0.0256574
0.0329167
0.0260292
0.0215342
0.0279612
0.0291461
0.0264194
0.0273707
0.0247274
0.0172942
0.0138089
0.0151657
0.0181199
0.019895
0.0253165
0.0254342
0.0263416
0.0176196
0.0230152
0.0257306
0.0304521
0.0247566
0.0260117
0.0319431
0.0290615
0.0337232
0.036682
0.0386927
0.047397
0.043583
0.0436494
0.0349715
0.0435134
0.0446008
0.0427547
0.0449081
0.0444266
0.0407033
0.0417609
0.047721
0.0470145
0.038603
0.0428281
0.0469329
0.0439555
0.0462828
0.0434074
0.0449068
0.0456339
0.0460702
0.0481661
0.0471702
0.0475605
0.0540135
0.0547647
0.0594301
0.0592939
0.07279
0.075018
0.0804763
0.120223
0.181136
0.3781
0.593619
0.699556
0.729043
0.703054
0.58841
0.375494
0.172982
0.113261
0.0941689
0.0793
0.0785756
0.0678028
0.0770886
0.0719961
0.0676549
0.0746459
0.0732205
0.0758777
0.0695442
0.0637637
0.0691424
0.0768424
0.0708075
0.0640038
0.0631085
0.0733543
0.0690214
0.0689521
0.0672275
0.0637522
0.0563481
0.0530803
0.0512541
0.0521917
0.0611568
0.0596662
0.0574039
0.056385
0.0590011
0.0614323
0.0568903
0.054585
0.0529407
0.0577859
0.0639107
0.062053
0.0640228
0.0628881
0.0653099
0.064246
0.057601
0.0656038
0.0699483
0.0696298
0.0668282
0.0670499
0.0666077
0.06623
0.0669213
0.0671034
0.0710118
0.0671001
0.0663964
0.0749841
0.0735963
0.0729933
0.0639499
0.0602301
0.0690348
0.0595928
0.0596437
0.0633792
0.0530597
0.058785
0.0671913
0.0677662
0.0625482
0.059587
0.0630203
0.0665624
0.0579186
0.0624758
0.0638097
0.061582
0.0654984
0.0624029
0.0601535
0.061598
0.0654801
0.0653639
0.0521094
0.0608158
0.065169
0.066812
0.0647328
0.071792
0.0628678
0.0765936
0.0587316
0.0724575
0.0718277
0.0574448
0.0608075
0.071978
0.0684243
0.0828125
0.0581291
0.0876947
0.0585072
0.0601114
0.0706891
0.058994
0.0648692
0.080493
0.0752739
0.0734276
0.07766
0.0848475
0.085318
0.0867702
0.081208
0.0879304
0.0873847
0.0889231
0.0774384
0.0839218
0.0845855
0.0764594
0.080191
0.0814875
0.0938711
0.0861205
0.0856453
0.0776137
0.08007
0.0817271
0.082396
0.0887452
0.0924441
0.077892
0.07403
0.0551188
0.0689921
0.0764746
0.0937835
0.0969145
0.0789667
0.0892712
0.0978682
0.0905048
0.0919076
0.0756865
0.0983589
0.0709452
0.0830478
0.0958045
0.0933074
0.0874882
0.113907
0.08213
0.107655
0.113809
0.081944
0.102815
0.118059
0.104358
0.111843
0.0963603
0.122853
0.0852848
0.113338
0.11737
0.109458
0.114155
0.153415
0.158553
0.132125
0.123966
0.121962
0.11523
0.114232
0.113418
0.115556
0.11901
0.12288
0.11528
0.127393
0.107694
0.109638
0.10658
0.12413
0.0957616
0.11006
0.0804606
0.0938357
0.109496
0.0913001
0.103717
0.113979
0.102873
0.0856799
0.0926094
0.0693554
0.0730172
0.0847075
0.087216
0.0853851
0.106874
0.105899
0.0842915
0.0650971
0.096677
0.0974818
0.0556543
0.0722437
0.107828
0.0886306
0.0998735
0.116532
0.140621
0.124148
0.129564
0.123116
0.121569
0.114582
0.114165
0.0820372
0.0759701
0.070624
0.0541601
0.0650257
0.0899521
0.0817264
0.0722878
0.0533132
0.0729865
0.0652038
0.0683195
0.0842567
0.0716169
0.085835
0.0856444
0.0750345
0.0873071
0.0912907
0.102145
0.110121
0.109203
0.115238
0.149521
0.141989
0.156361
0.17316
0.168952
0.185208
0.198531
0.228852
0.235888
0.236854
0.230882
0.192804
0.128114
0.0794195
0.0837356
0.0743197
0.0737808
0.0638729
0.0575781
0.0509155
0.0589014
0.0643717
0.0510944
0.0602175
0.0809023
0.0827608
0.0890726
0.0678766
0.055038
0.0592632
0.0552674
0.0680208
0.0633414
0.0735322
0.0521332
0.0578432
0.0654815
0.0795207
0.0544385
0.0669759
0.0615571
0.0660402
0.0595565
0.0709542
0.0722682
0.0603373
0.0632348
0.0724076
0.0615788
0.0711231
0.0623849
0.0588384
0.0654735
0.0715514
0.0695465
0.0633448
0.0507147
0.0613875
0.0617899
0.0735815
0.0734693
0.066171
0.0729924
0.0558705
0.0621791
0.0645663
0.056087
0.0644724
0.0500201
0.0604933
0.0426145
0.0571161
0.0555177
0.0567091
0.0552403
0.0535846
0.0488947
0.0516666
0.0538925
0.0484409
0.05419
0.0524647
0.0577521
0.0589357
0.0587125
0.0577535
0.0636456
0.0560371
0.0624042
0.0676922
0.0605807
0.0682925
0.0591168
0.0643649
0.0556747
0.0604523
0.0549038
0.0533383
0.0616506
0.0621977
0.0552465
0.0624408
0.0528265
0.0594159
0.06269
0.0610454
0.0624471
0.0688248
0.0676973
0.066379
0.0648299
0.072498
0.0678001
0.079661
0.0784097
0.0831471
0.0954703
0.0869944
0.0855455
0.0938852
0.0948424
0.105351
0.106936
0.130124
0.109808
0.106474
0.104247
0.103581
0.0881834
0.0772717
0.0672554
0.0644511
0.0593718
0.0607959
0.0579031
0.0496533
0.0535554
0.0628079
0.0557499
0.0523921
0.0546711
0.0565515
0.0574243
0.0656029
0.0671434
0.061356
0.0637672
0.0629731
0.0708249
0.075432
0.0770201
0.0783584
0.0864002
0.0875513
0.092918
0.0947578
0.100851
0.105409
0.113077
0.129974
0.134546
0.147292
0.16414
0.167537
0.164024
0.156784
0.156714
0.143854
0.134666
0.116754
0.103913
0.103543
0.0844816
0.0853161
0.0867845
0.0780796
0.0776294
0.0706814
0.0953409
0.076175
0.0766336
0.0816336
0.0880658
0.0852214
0.0888594
0.0867546
0.080969
0.094417
0.101001
0.0976332
0.094661
0.104852
0.100197
0.105593
0.115207
0.1211
0.119336
0.127357
0.135753
0.140145
0.148248
0.145848
0.15073
0.168264
0.180678
0.188531
0.197028
0.192786
0.186218
0.185285
0.168981
0.157029
0.141142
0.123859
0.111978
0.106325
0.103861
0.0985983
0.0945999
0.0903449
0.0942118
0.0876664
0.101421
0.0930685
0.0911328
0.103898
0.0912406
0.082784
0.0725257
0.0739427
0.0791373
0.0815876
0.0810313
0.0783902
0.07636
0.0812602
0.0812106
0.0792988
0.0807101
0.076854
0.0818161
0.0861025
0.0761391
0.0864867
0.0788127
0.081973
0.0781486
0.0715069
0.0829985
0.0876221
0.0791871
0.0827943
0.0782897
0.074798
0.0821576
0.0784997
0.0800661
0.082311
0.0873617
0.0765005
0.0875905
0.0780333
0.0840586
0.0766242
0.0805678
0.073016
0.0773524
0.0915272
0.0883693
0.0859324
0.086205
0.0767243
0.0811852
0.0932132
0.0759111
0.0897773
0.0770148
0.0830653
0.0773617
0.0754741
0.0802996
0.0822296
0.0828631
0.0834386
0.0784508
0.0859286
0.0855919
0.0917843
0.0937013
0.104496
0.0929572
0.11742
0.136502
0.134131
0.127207
0.1302
0.132568
0.12667
0.152755
0.161106
0.181934
0.173972
0.183767
0.177251
0.170095
0.167118
0.160295
0.157486
0.165878
0.144032
0.131926
0.123256
0.115781
0.118424
0.120356
0.119386
0.0999085
0.101613
0.115118
0.136709
0.13698
0.138393
0.139314
0.146966
0.147411
0.162745
0.159572
0.155047
0.153443
0.164618
0.1702
0.149497
0.154973
0.152441
0.163435
0.130515
0.143632
0.146454
0.100327
0.145222
0.104219
0.137824
0.117159
0.143319
0.111326
0.132748
0.138503
0.112114
0.129974
0.151197
0.142821
0.150471
0.112052
0.150212
0.146072
0.167545
0.167845
0.165135
0.163362
0.181794
0.177217
0.152014
0.214168
0.19138
0.188975
0.186884
0.17945
0.207895
0.200694
0.219569
0.222146
0.225419
0.236301
0.242261
0.219909
0.232689
0.241382
0.249595
0.228749
0.231641
0.214483
0.235233
0.209103
0.197499
0.210027
0.186429
0.173992
0.179988
0.154968
0.130992
0.120768
0.0949466
0.115402
0.103955
0.0858257
0.0934936
0.12025
0.119502
0.101942
0.0844557
0.124662
0.0825564
0.14126
0.117006
0.11824
0.107035
0.15238
0.133508
0.139152
0.15637
0.174828
0.149454
0.186636
0.178125
0.200128
0.191244
0.187697
0.218678
0.206076
0.229867
0.238062
0.239251
0.239711
0.235677
0.270423
0.271636
0.26953
0.267262
0.282074
0.276726
0.29323
0.299506
0.290998
0.289755
0.308095
0.288866
0.275238
0.269282
0.249927
0.263382
0.219108
0.194169
0.179058
0.172573
0.131608
0.129202
0.141739
0.117439
0.111091
0.100525
0.0574739
0.116564
0.122116
0.161173
0.0663941
0.0927175
0.0826804
0.0834412
0.106253
0.111049
0.138257
0.102263
0.106911
0.1036
0.092207
0.100508
0.0954731
0.088937
0.07539
0.0694255
0.089274
0.0855221
0.0897316
0.100823
0.0832552
0.111478
0.135703
0.109241
0.141723
0.119428
0.106467
0.130651
0.111499
0.0886079
0.141943
0.105807
0.0929969
0.117966
0.123999
0.142347
0.0838316
0.110958
0.0999189
0.106489
0.119744
0.156669
0.121007
0.14338
0.153524
0.101604
0.175009
0.129164
0.135601
0.126052
0.12128
0.108265
0.0727355
0.130871
0.13614
0.121494
0.135401
0.156587
0.139821
0.14395
0.0891974
0.0789374
0.11976
0.116188
0.115211
0.100533
0.094773
0.163865
0.0817947
0.0942215
0.107494
0.126951
0.0887392
0.0965441
0.0542849
0.0696612
0.0981148
0.153537
0.120765
0.0776025
0.120241
0.122711
0.121754
0.0895677
0.0589415
0.051931
0.110808
0.108112
0.128801
0.125003
0.0868176
0.0843941
0.124021
0.0923576
0.122106
0.141357
0.114147
0.137866
0.121045
0.163638
0.153735
0.110651
0.15052
0.163214
0.172406
0.177003
0.107369
0.172135
0.158099
0.15619
0.138135
0.159275
0.166974
0.105367
0.157108
0.151504
0.129561
0.138824
0.0735652
0.070631
0.131501
0.110508
0.106336
0.0847625
0.110033
0.0817721
0.0822156
0.0729166
0.0762123
