0.190301
0.192663
0.192918
0.198122
0.204912
0.207546
0.199259
0.207676
0.216122
0.221054
0.226561
0.23568
0.246018
0.251767
0.256955
0.263052
0.271875
0.275965
0.283762
0.27559
0.273099
0.266233
0.267303
0.273526
0.279946
0.290722
0.306902
0.308264
0.319341
0.32698
0.328861
0.337647
0.343821
0.347546
0.355764
0.362729
0.370183
0.36748
0.369719
0.360202
0.348723
0.332572
0.347189
0.343968
0.363963
0.376783
0.38207
0.392246
0.397365
0.400407
0.392588
0.351069
0.333835
0.33036
0.330417
0.33102
0.356208
0.437192
0.445739
0.425238
0.397333
0.34451
0.279493
0.244153
0.234239
0.212323
0.194204
0.187127
0.173172
0.170481
0.157503
0.161365
0.152913
0.14925
0.14924
0.150522
0.152149
0.163077
0.156439
0.160586
0.171141
0.179891
0.170845
0.176942
0.177817
0.177512
0.18026
0.188472
0.191626
0.198725
0.210897
0.22315
0.232829
0.246041
0.268114
0.29082
0.31805
0.335979
0.352979
0.366095
0.369367
0.369181
0.356075
0.327974
0.293378
0.267386
0.25058
0.245694
0.252715
0.261069
0.268037
0.271737
0.278006
0.280241
0.283709
0.280264
0.277279
0.264575
0.255954
0.257993
0.257042
0.26968
0.277044
0.270145
0.284329
0.293901
0.303236
0.309004
0.317407
0.31835
0.325975
0.332573
0.335535
0.332164
0.331487
0.332936
0.35368
0.366341
0.370782
0.35232
0.326069
0.303461
0.284874
0.285101
0.288412
0.29461
0.304829
0.321091
0.33681
0.344774
0.35448
0.371941
0.38033
0.38264
0.396173
0.403207
0.407211
0.413371
0.411916
0.409254
0.41195
0.421297
0.428846
0.418755
0.385389
0.310954
0.23974
0.186412
0.166064
0.151385
0.146987
0.136813
0.134658
0.143565
0.142349
0.146965
0.15632
0.162507
0.168581
0.186308
0.192047
0.20719
0.202821
0.195762
0.199081
0.195902
0.181914
0.182338
0.179864
0.173237
0.173172
0.176466
0.176141
0.181852
0.187902
0.18986
0.191169
0.193498
0.191574
0.173193
0.167634
0.161637
0.159576
0.160853
0.158112
0.164892
0.159456
0.170415
0.176699
0.196872
0.203525
0.209779
0.213378
0.22388
0.223202
0.225946
0.234536
0.237043
0.247512
0.251965
0.255718
0.260292
0.260581
0.244716
0.223481
0.202452
0.196683
0.187355
0.188143
0.212722
0.212476
0.216239
0.216897
0.217526
0.23724
0.253001
0.263798
0.266498
0.285122
0.2905
0.30028
0.306457
0.317494
0.331944
0.332822
0.339136
0.344697
0.353411
0.360295
0.369936
0.371692
0.385844
0.389809
0.386147
0.385681
0.352669
0.315394
0.261258
0.239929
0.224558
0.234815
0.231151
0.227656
0.241702
0.244885
0.246637
0.253268
0.281956
0.269775
0.282615
0.299231
0.289026
0.296061
0.308107
0.316971
0.326666
0.331775
0.33806
0.333385
0.323333
0.310864
0.287994
0.250289
0.214876
0.184437
0.17195
0.173966
0.178599
0.191096
0.200184
0.211629
0.211424
0.216325
0.208698
0.24352
0.225826
0.236308
0.217388
0.217681
0.209818
0.203556
0.194681
0.184209
0.176402
0.177917
0.173376
0.174721
0.184019
0.178305
0.192163
0.192412
0.200006
0.199765
0.199654
0.181752
0.173649
0.182255
0.18522
0.172939
0.172142
0.167323
0.172659
0.169985
0.159719
0.159753
0.159445
0.154588
0.172768
0.16663
0.172583
0.170584
0.18046
0.194815
0.203085
0.211605
0.217805
0.220785
0.225781
0.225558
0.230817
0.244067
0.254416
0.252288
0.251954
0.238837
0.222947
0.222475
0.230629
0.211486
0.210149
0.206576
0.176886
0.171811
0.174452
0.186864
0.188557
0.194653
0.19966
0.19782
0.209149
0.18746
0.21835
0.206045
0.204701
0.201064
0.227974
0.219766
0.219716
0.252381
0.257831
0.275954
0.287488
0.289875
0.290435
0.308754
0.312961
0.310584
0.297465
0.272585
0.244295
0.205587
0.176279
0.156248
0.168593
0.169159
0.158418
0.15945
0.157943
0.185162
0.19161
0.188329
0.174833
0.197408
0.190904
0.190878
0.18458
0.175056
0.174585
0.164878
0.162428
0.163977
0.161902
0.166358
0.176001
0.167093
0.177442
0.185629
0.204515
0.229476
0.247008
0.277059
0.297694
0.313523
0.341523
0.354009
0.338203
0.329214
0.302452
0.271198
0.263238
0.264007
0.260948
0.254205
0.273093
0.264995
0.254228
0.248695
0.25861
0.253424
0.245555
0.246732
0.26731
0.256896
0.247814
0.235879
0.224909
0.212286
0.20587
0.204285
0.206632
0.216404
0.220983
0.229581
0.218429
0.241881
0.231577
0.219176
0.214273
0.216915
0.218071
0.210371
0.199197
0.228716
0.220748
0.205694
0.220168
0.223741
0.225507
0.217764
0.236275
0.249251
0.227311
0.232702
0.237616
0.230664
0.228992
0.230279
0.240715
0.24034
0.249571
0.244283
0.255193
0.262189
0.258724
0.273862
0.27932
0.295535
0.308225
0.333923
0.357205
0.396994
0.454486
0.448308
0.4449
0.435043
0.390059
0.355793
0.300392
0.260495
0.232849
0.218132
0.253385
0.301892
0.345355
0.439767
0.485772
0.506216
0.531729
0.505865
0.438726
0.330081
0.240866
0.20771
0.20471
0.191931
0.205796
0.193786
0.205736
0.200577
0.219317
0.252269
0.223168
0.218378
0.217122
0.232936
0.238743
0.235742
0.244131
0.254063
0.251199
0.253138
0.244298
0.229587
0.218857
0.198461
0.174175
0.173701
0.180066
0.172214
0.156832
0.142834
0.140193
0.155562
0.143379
0.14568
0.129474
0.147102
0.142923
0.155704
0.145675
0.148344
0.151456
0.153049
0.149657
0.161937
0.174933
0.189096
0.187702
0.183642
0.19762
0.201853
0.188142
0.19263
0.198038
0.20018
0.184973
0.17014
0.180196
0.162136
0.16491
0.164294
0.160398
0.189383
0.19911
0.203503
0.202032
0.197228
0.228542
0.216519
0.212832
0.205324
0.190367
0.164852
0.17637
0.181266
0.168733
0.163873
0.192938
0.185547
0.16512
0.172177
0.177265
0.168321
0.189627
0.177832
0.193778
0.190999
0.199363
0.201202
0.198299
0.215781
0.219266
0.205562
0.185045
0.174941
0.159209
0.159676
0.167764
0.160874
0.147862
0.155932
0.144181
0.118418
0.133468
0.172139
0.155353
0.153252
0.141163
0.132538
0.130326
0.149238
0.14549
0.140501
0.149751
0.143192
0.149312
0.146012
0.133208
0.131106
0.124545
0.118049
0.0990695
0.115305
0.110393
0.117469
0.131765
0.118082
0.124086
0.142615
0.151875
0.170679
0.181981
0.159305
0.194579
0.189462
0.205504
0.193936
0.198877
0.167291
0.151961
0.110914
0.11388
0.0788197
0.0912518
0.0848875
0.10925
0.135586
0.139202
0.141652
0.149947
0.162799
0.162122
0.169932
0.144944
0.153531
0.1494
0.14459
0.138107
0.16255
0.175045
0.163642
0.172511
0.196642
0.214818
0.18508
0.194949
0.169551
0.197488
0.181644
0.157461
0.194007
0.16803
0.177206
0.151842
0.181421
0.173111
0.155524
0.186946
0.16834
0.161502
0.167017
0.179912
0.175645
0.168158
0.184846
0.173595
0.15929
0.152911
0.155331
0.158524
0.146284
0.141816
0.155686
0.153839
0.138276
0.11788
0.118496
0.112108
0.108704
0.10565
0.104946
0.0755593
0.089806
0.0734172
0.0873331
0.0826608
0.0845319
0.0759799
0.0629193
0.0726394
0.059105
0.0665468
0.0548215
0.0695563
0.0533267
0.065438
0.0628942
0.0713466
0.0628917
0.0594124
0.0524891
0.0574875
0.0582377
0.0506441
0.0572915
0.0529801
0.0527054
0.0588884
0.051821
0.0592725
0.0722411
0.0823197
0.0648139
0.0602196
0.0646366
0.0821242
0.0634452
0.0663655
0.0617897
0.0775019
0.0808056
0.0801637
0.0710947
0.0820945
0.065919
0.070377
0.058984
0.0535973
0.0573243
0.0620967
0.0423302
0.0362303
0.0348356
0.0420996
0.0491282
0.0530501
0.0625708
0.04499
0.0428621
0.0558279
0.0628777
0.0663741
0.0559796
0.0628974
0.0633196
0.0605869
0.0526249
0.0723069
0.0513528
0.0615763
0.0599554
0.0510679
0.0626286
0.0487618
0.055029
0.0535827
0.0603516
0.0766863
0.0831068
0.0941405
0.102872
0.116844
0.101335
0.112727
0.11946
0.110279
0.129972
0.137363
0.124122
0.137762
0.126943
0.109583
0.133304
0.132629
0.105885
0.122027
0.153641
0.143203
0.153884
0.161337
0.170405
0.167691
0.19654
0.202332
0.198519
0.208735
0.243058
0.231685
0.246068
0.238465
0.219503
0.230132
0.176784
0.173534
0.150107
0.141511
0.140684
0.143027
0.13269
0.174457
0.168034
0.141999
0.194297
0.161527
0.160048
0.18431
0.1674
0.184664
0.187302
0.178623
0.15557
0.175439
0.18773
0.171952
0.187542
0.20483
0.244105
0.216179
0.230734
0.2385
0.2298
0.239809
0.197833
0.198807
0.186394
0.17641
0.171154
0.150279
0.142536
0.129741
0.105741
0.0993555
0.0913866
0.0758679
0.0621445
0.0490047
0.0451443
0.0393769
0.0210503
0.00718012
0.01197
0.0106945
0.0119672
0.00649478
0.0110463
0.0115936
0.0106942
0.0134705
0.0172243
0.00993468
0.0145539
0.0136404
0.0172907
0.0203442
0.0259865
0.0233669
0.0192778
0.0145842
0.0124193
0.00292991
0.0037101
0.00568775
0.00193956
0.000387469
0.00630209
0.00832599
0.00468927
0.00280552
0.00457742
0.00378991
0.0001754
0
0.00302923
0.00690526
0.0112141
0.0145293
0.0102129
0.0159699
0.0234321
0.0157152
0.0119594
0.0142148
0.0083424
0.0143173
0.00781386
0.0154647
0.0163869
0.0114945
0.0119693
0.0111713
0.00948326
0.012258
0.00866997
0.0114752
0.0244803
0.0229639
0.0220091
0.0302633
0.0225375
0.0213777
0.022457
0.0282548
0.0245699
0.0185153
0.0204883
0.0192018
0.019864
0.023536
0.0224177
0.028099
0.0245857
0.0173059
0.0198879
0.0263235
0.0258103
0.0295234
0.0365069
0.0297178
0.0427156
0.0348004
0.0323092
0.0385075
0.0259768
0.0235058
0.0325917
0.0251069
0.0229095
0.0228746
0.0236867
0.0274171
0.0318274
0.0297258
0.0261637
0.034674
0.0279334
0.0263409
0.027047
0.0277483
0.0281014
0.0364119
0.036212
0.0537428
0.0499726
0.0461822
0.0443544
0.0589059
0.053582
0.0627092
0.0567155
0.06382
0.0569986
0.0643379
0.066683
0.0724484
0.0707923
0.0681417
0.072777
0.0654087
0.0705377
0.0686106
0.0715351
0.0765965
0.0760494
0.0947027
0.108128
0.100876
0.0989401
0.0971589
0.0945667
0.104522
0.109595
0.111572
0.118192
0.113204
0.0935432
0.106283
0.118154
0.106408
0.108439
0.110553
0.107545
0.105765
0.11455
0.104149
0.11673
0.107014
0.119961
0.117636
0.126959
0.130283
0.142855
0.133303
0.112815
0.117282
0.0969549
0.0841195
0.0957812
0.099305
0.0928489
0.0825238
0.075761
0.0892293
0.108035
0.0963646
0.0923475
0.0784284
0.0898779
0.0874708
0.0936457
0.0866132
0.112539
0.100118
0.0865711
0.0897333
0.0951235
0.0897419
0.0870717
0.0763444
0.0730023
0.0711851
0.0587609
0.0458849
0.0563646
0.0588276
0.0390857
0.0578177
0.0494472
0.0466962
0.0435135
0.04654
0.0442076
0.0423576
0.0547886
0.0443772
0.0430137
0.0461421
0.0557114
0.0490683
0.0627918
0.0597255
0.0510195
0.0526084
0.0487132
0.0615918
0.0307366
0.0340044
0.027121
0.0173847
0.0226805
0.0164962
0.00896627
0.0090022
0.00755129
0.0126148
0.0157066
0.0119605
0.0150737
0.000199706
0.0089001
0.00687635
0.0133792
0.0149417
0.010364
0.0272068
0.0234369
0.0225227
0.0307113
0.0471946
0.0388107
0.0385157
0.0440033
0.0281486
0.0374826
0.0430946
0.0487679
0.038661
0.0260326
0.0358496
0.0237707
0.0198948
0.0213572
0.0247103
0.0166399
0.0228124
0.012933
0.0199333
0.0149166
0.0136401
0.0165972
0.0152052
0.0159462
0.0186723
0.0163306
0.0116602
0.00363078
0.0123431
0.0170415
0.0157236
0.0223975
0.00967194
0.0126999
0.0152651
0.0233479
0.00893721
0.0145588
0.0134415
0.029025
0.0151333
0.0141903
0.0152263
0.0093829
0.0108877
0.00374881
0.0136621
0.0171504
0.00921358
0.0181777
0.0207784
0.0125468
0.00843793
0.0202115
0.0197168
0.0179417
0.0139311
0.017912
0.0223149
0.0285702
0.02393
0.0397566
0.0364278
0.0340759
0.0257226
0.0333028
0.0299783
0.0302001
0.0388581
0.026869
0.0120613
0.026696
0.0188044
0.0280108
0.0173058
0.0220869
0.0171763
0.0203085
0.0233976
0.0183843
0.0152996
0.0177792
0.0138511
0.0216423
0.017857
0.0241388
0.0178011
0.0209426
0.0246169
0.026733
0.0320975
0.0369661
0.0295045
0.0341576
0.0418328
0.054715
0.0457422
0.0411501
0.0420104
0.0395598
0.042974
0.0396698
0.0417842
0.0443855
0.0438002
0.0400456
0.043769
0.0401643
0.0394985
0.0402182
0.0429012
0.0434427
0.041556
0.0450336
0.0459803
0.0453643
0.0446776
0.0518269
0.0472619
0.0473496
0.0547086
0.0539608
0.0586183
0.0664667
0.0700469
0.0827437
0.117439
0.18613
0.385835
0.611268
0.709635
0.736479
0.714161
0.595919
0.359189
0.187195
0.119352
0.0875378
0.0808634
0.076663
0.0758869
0.0712124
0.0681468
0.0774658
0.0745215
0.0668362
0.0706402
0.0708145
0.0668541
0.0698623
0.066831
0.0710245
0.067121
0.0738316
0.072129
0.063178
0.0661862
0.0692126
0.0663822
0.0634197
0.059289
0.0505341
0.0612107
0.0577358
0.0546866
0.0471662
0.0630438
0.0548301
0.0522015
0.0530746
0.0599336
0.0580151
0.0603517
0.0559331
0.0619198
0.0657704
0.0656328
0.0622452
0.0619939
0.0612564
0.0710311
0.064731
0.0691046
0.064794
0.0667375
0.0677304
0.0674565
0.0701634
0.0634867
0.0699102
0.0705033
0.0713473
0.0703516
0.0656689
0.070017
0.0597705
0.062154
0.0662165
0.0615798
0.0614748
0.0455607
0.0566255
0.0569165
0.0502002
0.0488879
0.0581498
0.0587764
0.0626987
0.0552895
0.0544185
0.0607835
0.0601502
0.0585713
0.0619531
0.0586654
0.0643556
0.067948
0.0700193
0.056437
0.0691935
0.0700641
0.0723126
0.060815
0.0684094
0.0659804
0.0655201
0.0677163
0.0732674
0.0611063
0.0629029
0.0750038
0.0731623
0.0770433
0.0654931
0.0804212
0.0704252
0.0720789
0.0687598
0.0648548
0.0766341
0.0745019
0.0793124
0.0814151
0.0991965
0.0797959
0.0934152
0.0847236
0.0820853
0.0730035
0.0879175
0.0879635
0.087151
0.0930944
0.0894033
0.082255
0.0927894
0.0844534
0.083486
0.0887732
0.0813707
0.096211
0.0768154
0.0818821
0.0856777
0.0918663
0.0737333
0.0876319
0.0757252
0.0780243
0.0694452
0.0846213
0.0801677
0.0641493
0.0960467
0.0683779
0.0908508
0.0929271
0.102289
0.0882643
0.0937378
0.112464
0.108726
0.107968
0.0774436
0.139931
0.1002
0.102259
0.0805333
0.0944049
0.08728
0.0941752
0.104848
0.0919978
0.0996444
0.132091
0.115908
0.11483
0.104965
0.109005
0.111453
0.107261
0.119364
0.127984
0.144298
0.158648
0.141848
0.141375
0.112415
0.13406
0.140347
0.138981
0.120595
0.119056
0.116366
0.119868
0.113829
0.124838
0.0924797
0.102554
0.120253
0.101507
0.0846832
0.0867109
0.0837983
0.124265
0.0993176
0.110346
0.0961574
0.0944783
0.0655463
0.102509
0.107839
0.0911882
0.100784
0.106387
0.0919604
0.10633
0.0990509
0.086444
0.103664
0.104571
0.0847743
0.084426
0.0667813
0.0783464
0.0990092
0.109695
0.11999
0.134493
0.110602
0.122151
0.12507
0.108848
0.103131
0.0840323
0.0806182
0.0775781
0.0952834
0.0545312
0.0689481
0.0645687
0.0841532
0.0774469
0.060869
0.0547525
0.0803878
0.0599717
0.0906653
0.0865149
0.0881472
0.0985759
0.0788085
0.0988422
0.0858552
0.107204
0.101627
0.117241
0.135576
0.14263
0.165114
0.162875
0.17027
0.172341
0.183817
0.221278
0.246051
0.242051
0.251471
0.234491
0.203397
0.133521
0.0853513
0.0807222
0.0679827
0.075975
0.0688898
0.0557902
0.0544718
0.0615731
0.0651751
0.0471634
0.0528565
0.0585603
0.0653115
0.06087
0.0528905
0.051631
0.069116
0.0604162
0.066192
0.0515829
0.060641
0.0584652
0.0703324
0.06401
0.0567517
0.0639157
0.0729669
0.0634609
0.0674246
0.0559992
0.0637439
0.054363
0.0659086
0.0653659
0.0740219
0.0653109
0.0671981
0.0685544
0.0681156
0.0669394
0.0690177
0.0621663
0.0663483
0.064657
0.073928
0.0719173
0.0685906
0.0634823
0.0585181
0.0682241
0.06833
0.0618359
0.0714403
0.0587746
0.061157
0.0610223
0.0578764
0.0504513
0.0503724
0.0465087
0.0506418
0.0627932
0.0508375
0.0537765
0.0621902
0.0476122
0.0605904
0.0444281
0.0565057
0.0600233
0.0658232
0.0541712
0.057452
0.0578376
0.0551671
0.0591979
0.0610812
0.0661091
0.0598044
0.0568132
0.0623848
0.0541316
0.0512634
0.0556235
0.0559414
0.0593116
0.0618616
0.055624
0.0595082
0.0561151
0.0652547
0.0600048
0.0564598
0.0668515
0.065093
0.0729666
0.0741698
0.0720352
0.0713483
0.068614
0.0764787
0.0789596
0.0768524
0.0841625
0.0825234
0.0874169
0.0923242
0.102184
0.105122
0.108922
0.119031
0.120373
0.113105
0.103783
0.0927174
0.0758465
0.0694275
0.0631228
0.0626314
0.056675
0.0620168
0.0591336
0.0551801
0.050418
0.0498781
0.0588584
0.055854
0.0593592
0.0562033
0.0531708
0.0625826
0.0599323
0.0641376
0.0681316
0.0610669
0.0721079
0.0780593
0.0780499
0.0779989
0.0848205
0.0899471
0.0912689
0.0940481
0.103661
0.11572
0.119022
0.138461
0.143303
0.147249
0.15835
0.165817
0.17229
0.166863
0.158024
0.142906
0.134331
0.122393
0.109391
0.0953806
0.0975716
0.0901788
0.0755955
0.0773364
0.0790502
0.0687917
0.0840674
0.0758208
0.0820967
0.0808397
0.0933401
0.0820211
0.0772533
0.0924258
0.0862421
0.0864518
0.0958221
0.101689
0.108783
0.101234
0.109352
0.121468
0.112346
0.121737
0.133472
0.13456
0.13499
0.143361
0.152664
0.151737
0.163959
0.17618
0.187687
0.195567
0.205222
0.202993
0.202775
0.183284
0.169423
0.163174
0.151972
0.12877
0.113194
0.106227
0.100885
0.100288
0.0942613
0.0903999
0.0933446
0.088568
0.0909796
0.0909978
0.10172
0.0991239
0.0981578
0.082067
0.0795292
0.0727121
0.0841592
0.100889
0.0875894
0.0791385
0.0791928
0.0704837
0.0894128
0.0745995
0.0812232
0.0908751
0.0848528
0.0812301
0.066892
0.0724437
0.0712335
0.0751283
0.0803295
0.0847761
0.0870361
0.0928032
0.0751604
0.0835444
0.0807937
0.081974
0.0839451
0.0828621
0.0863923
0.0819627
0.0836532
0.084041
0.0893566
0.0868538
0.0868975
0.0846212
0.0868437
0.0851285
0.0920352
0.0825746
0.080661
0.079375
0.0896695
0.0855938
0.0830603
0.0874669
0.0807032
0.0829127
0.0800431
0.0802811
0.0833733
0.0717143
0.0745709
0.0712407
0.076834
0.0854603
0.07062
0.0785553
0.07831
0.0816692
0.0941992
0.106145
0.0990852
0.110918
0.125886
0.132196
0.143612
0.132077
0.132927
0.156644
0.152949
0.158492
0.150211
0.16758
0.17749
0.17558
0.170175
0.177967
0.168361
0.165793
0.142468
0.13141
0.141353
0.111915
0.107303
0.120041
0.121893
0.114258
0.105411
0.117192
0.13296
0.12247
0.12824
0.133095
0.13896
0.139384
0.151432
0.158175
0.170543
0.165892
0.166259
0.164309
0.148232
0.161685
0.153152
0.141204
0.15801
0.157565
0.144964
0.110303
0.133242
0.155416
0.115879
0.0982201
0.137314
0.11338
0.128061
0.122813
0.117775
0.144266
0.155214
0.158337
0.149741
0.140056
0.15182
0.13579
0.156065
0.167693
0.164733
0.149935
0.153922
0.177882
0.201826
0.190539
0.163546
0.169227
0.215968
0.184604
0.195533
0.222855
0.205306
0.248929
0.211082
0.210262
0.238999
0.223602
0.246234
0.252677
0.242136
0.246972
0.242398
0.237481
0.222502
0.222051
0.225118
0.225189
0.206339
0.195524
0.192317
0.155529
0.176633
0.13425
0.143619
0.106408
0.118171
0.0999087
0.11498
0.0870059
0.0905567
0.0951122
0.105158
0.096184
0.101806
0.146318
0.150506
0.15315
0.166061
0.143752
0.120437
0.161612
0.133228
0.149467
0.164625
0.169454
0.214243
0.20377
0.18946
0.183934
0.21099
0.231061
0.218128
0.251219
0.26509
0.243728
0.244508
0.242181
0.267131
0.278519
0.267749
0.276414
0.286057
0.29996
0.294371
0.313726
0.296778
0.310785
0.292326
0.275926
0.302411
0.292724
0.241779
0.243124
0.225139
0.201143
0.203499
0.171619
0.135898
0.114716
0.0867651
0.106034
0.1129
0.100996
0.0990853
0.10286
0.0991238
0.100449
0.109529
0.115266
0.100687
0.0489186
0.0794356
0.0876996
0.0730002
0.102101
0.0929232
0.117657
0.0976717
0.0859975
0.0516608
0.0884978
0.0822818
0.102366
0.105118
0.108141
0.0840694
0.0632483
0.0928181
0.120966
0.0938754
0.127962
0.116017
0.12423
0.129908
0.0848992
0.155981
0.182847
0.116021
0.0793387
0.143961
0.124386
0.177395
0.114448
0.0792692
0.154272
0.128031
0.1023
0.143747
0.141797
0.147324
0.131306
0.122432
0.107945
0.121306
0.151056
0.085182
0.146933
0.107955
0.131629
0.0937873
0.117965
0.153625
0.113485
0.0968179
0.121855
0.139724
0.10552
0.0943389
0.107517
0.0931758
0.160534
0.146431
0.073578
0.0482373
0.153643
0.0670878
0.0924906
0.124244
0.155928
0.0976717
0.0277724
0.0733621
0.131109
0.109695
0.106213
0.0401962
0.0803713
0.0896781
0.125484
0.0895987
0.0710861
0.108588
0.122986
0.142848
0.11138
0.133325
0.130643
0.114655
0.0787358
0.161485
0.145303
0.111792
0.100093
0.141995
0.135768
0.142322
0.12667
0.144064
0.119923
0.149032
0.196972
0.12379
0.192882
0.150059
0.145276
0.179655
0.170907
0.138649
0.146604
0.12915
0.154694
0.174452
0.155978
0.128848
0.0969699
0.0785351
0.0948331
0.126702
0.0842657
0.121534
0.0874439
0.0921499
0.0770009
0.0630672
0.0663893
0.0410142
