0.110218
0.115085
0.11157
0.116778
0.120583
0.122974
0.117842
0.117765
0.131659
0.134429
0.132576
0.137075
0.153088
0.145788
0.147661
0.154576
0.155791
0.15505
0.158595
0.15275
0.148919
0.144208
0.148307
0.154931
0.156316
0.166271
0.168956
0.177159
0.17853
0.18158
0.180819
0.186163
0.187876
0.189373
0.190418
0.192903
0.193388
0.194613
0.191362
0.187233
0.177588
0.171403
0.182176
0.182845
0.191769
0.200483
0.200795
0.207114
0.210837
0.215222
0.211122
0.19682
0.18667
0.184085
0.183905
0.184638
0.199932
0.222639
0.221757
0.209826
0.198839
0.167502
0.14442
0.125679
0.122898
0.119725
0.115594
0.10641
0.105229
0.105397
0.0977628
0.09998
0.0987088
0.0969423
0.0994215
0.0999547
0.101085
0.108212
0.0999784
0.0977516
0.102442
0.104788
0.101167
0.104859
0.107414
0.108389
0.111734
0.116596
0.119358
0.117717
0.123566
0.129673
0.135347
0.13798
0.142196
0.155081
0.163926
0.175694
0.18055
0.186266
0.182186
0.185437
0.185839
0.173823
0.163464
0.152152
0.144912
0.143028
0.151948
0.151401
0.158343
0.153628
0.156854
0.155117
0.15673
0.153908
0.148754
0.139255
0.135012
0.146368
0.138669
0.147785
0.153902
0.15467
0.156815
0.15894
0.172645
0.174208
0.17801
0.177028
0.181755
0.183796
0.185211
0.184962
0.184282
0.184264
0.190119
0.191141
0.192613
0.181677
0.171524
0.16055
0.153675
0.161461
0.144037
0.159788
0.168363
0.172808
0.175556
0.190552
0.190627
0.197534
0.20011
0.210337
0.208133
0.212196
0.212574
0.214499
0.215642
0.215326
0.217767
0.218658
0.219298
0.212173
0.198555
0.166888
0.133711
0.112977
0.104867
0.0989795
0.101828
0.0974336
0.0967487
0.101594
0.0994448
0.100571
0.103544
0.103556
0.105895
0.113954
0.112794
0.119592
0.112682
0.111099
0.116078
0.121137
0.115518
0.108926
0.10999
0.110297
0.114702
0.113192
0.116087
0.115302
0.120839
0.122608
0.116308
0.114165
0.117071
0.101298
0.104809
0.0860128
0.0860611
0.0900106
0.0945549
0.0957265
0.0900722
0.102474
0.102231
0.111423
0.12144
0.123767
0.127198
0.131276
0.13466
0.137048
0.139189
0.139811
0.144855
0.149912
0.146342
0.146205
0.144173
0.135377
0.119049
0.112836
0.110493
0.103578
0.100776
0.110971
0.117493
0.120773
0.118825
0.129711
0.131379
0.13935
0.144632
0.138953
0.157032
0.160458
0.1638
0.167472
0.167538
0.176661
0.179554
0.181384
0.183107
0.183458
0.189986
0.190074
0.18873
0.194949
0.191186
0.185502
0.187741
0.168955
0.157793
0.128166
0.119749
0.115217
0.113831
0.123119
0.125396
0.118159
0.127057
0.124215
0.13797
0.152585
0.133431
0.153212
0.156875
0.159901
0.164096
0.168959
0.172199
0.183314
0.179623
0.181196
0.184199
0.174579
0.171691
0.158124
0.145629
0.127217
0.119591
0.107549
0.108658
0.106395
0.115416
0.107363
0.110964
0.113073
0.107569
0.118986
0.131151
0.10948
0.129136
0.119729
0.123942
0.114504
0.118278
0.121109
0.10422
0.106243
0.108008
0.104706
0.114503
0.117843
0.120704
0.119273
0.117701
0.129603
0.114579
0.119078
0.100766
0.0969013
0.0958831
0.104012
0.0834875
0.0881651
0.0894228
0.0973393
0.0890495
0.0993624
0.0893975
0.0838573
0.0936828
0.102021
0.0992873
0.098703
0.0981575
0.109736
0.107033
0.11936
0.124972
0.124158
0.126261
0.133202
0.134177
0.12882
0.13823
0.139899
0.14311
0.132018
0.142104
0.123663
0.121992
0.117364
0.109826
0.0997101
0.11474
0.0816027
0.0886416
0.0946655
0.0996304
0.109475
0.102075
0.104231
0.108526
0.101453
0.0944245
0.119225
0.110568
0.113911
0.10942
0.123141
0.130454
0.123707
0.14021
0.143163
0.145168
0.157584
0.157755
0.163768
0.169787
0.169125
0.165347
0.158756
0.145551
0.129542
0.107787
0.105351
0.0890093
0.0948284
0.0936574
0.0877424
0.0817523
0.0830082
0.108579
0.113023
0.112112
0.102443
0.113746
0.1105
0.100554
0.11246
0.101305
0.102717
0.107907
0.0985225
0.0937496
0.103313
0.104211
0.111214
0.0998769
0.113209
0.106552
0.122349
0.128537
0.135197
0.153941
0.161964
0.160941
0.176524
0.180686
0.174602
0.167978
0.143941
0.1321
0.14342
0.128263
0.130831
0.135449
0.131756
0.134159
0.137401
0.132931
0.133571
0.128872
0.13308
0.128474
0.14384
0.151421
0.144132
0.134244
0.135764
0.125035
0.122107
0.125275
0.116831
0.122022
0.125863
0.111743
0.119495
0.121764
0.114697
0.111595
0.113173
0.121649
0.117942
0.106658
0.0910156
0.123818
0.0991401
0.0988989
0.105265
0.12316
0.122975
0.103733
0.119257
0.148259
0.11784
0.117143
0.125594
0.135301
0.141367
0.120733
0.121084
0.132901
0.135052
0.136904
0.142642
0.143222
0.155015
0.149303
0.157884
0.153251
0.164137
0.17606
0.185751
0.18465
0.199577
0.223294
0.19608
0.209255
0.171587
0.165277
0.140808
0.129489
0.12297
0.10793
0.142538
0.172841
0.20417
0.260283
0.28993
0.299269
0.298219
0.285928
0.247329
0.193325
0.138866
0.111904
0.0999991
0.106587
0.104505
0.106659
0.117424
0.117288
0.115787
0.147069
0.119201
0.109819
0.121546
0.127831
0.133007
0.133387
0.130719
0.126973
0.129127
0.135418
0.135696
0.130713
0.108104
0.115312
0.0990495
0.0800145
0.109176
0.0891449
0.102786
0.0786541
0.08035
0.0929575
0.076793
0.0777018
0.0733371
0.0818709
0.0906498
0.0896297
0.0900057
0.091496
0.0955124
0.0936487
0.101327
0.0899691
0.110096
0.120679
0.101671
0.112038
0.0833872
0.103864
0.0834222
0.0944193
0.0908445
0.11611
0.0926627
0.105954
0.0831958
0.101255
0.0872315
0.0835464
0.0968824
0.0969442
0.111243
0.106984
0.115469
0.105682
0.117423
0.11586
0.111124
0.112344
0.109159
0.0997507
0.111967
0.102452
0.0994275
0.0866672
0.117663
0.116173
0.10679
0.111542
0.112714
0.0996311
0.108559
0.108959
0.102735
0.114721
0.119718
0.090726
0.10129
0.0963078
0.0972515
0.0946298
0.0853891
0.0889581
0.0904533
0.08538
0.100756
0.0775395
0.0682005
0.0814536
0.0755631
0.0707569
0.0693613
0.0903347
0.073514
0.0754595
0.0864242
0.071398
0.0706963
0.0790964
0.0784208
0.0679335
0.0712091
0.0818496
0.0790318
0.0841363
0.0636462
0.0724888
0.0846883
0.0528442
0.0526687
0.0642395
0.0678744
0.0629784
0.0603069
0.0721679
0.0850185
0.0748758
0.0866474
0.0856023
0.0888747
0.0786675
0.0911694
0.0882144
0.0942167
0.0915721
0.098505
0.0753009
0.0606934
0.0707442
0.0579256
0.0325783
0.0513661
0.0631283
0.0529415
0.0710268
0.0759418
0.0850914
0.0770548
0.0784441
0.105011
0.0909472
0.0853064
0.0777652
0.0802047
0.0855076
0.0576255
0.0868051
0.10485
0.100681
0.0966193
0.0986886
0.104557
0.0971737
0.101715
0.082192
0.096288
0.089435
0.0661742
0.108474
0.0750005
0.0769917
0.0640564
0.0938164
0.0892776
0.0924139
0.119053
0.101114
0.0951531
0.0971859
0.10683
0.0943429
0.0820793
0.103945
0.0955108
0.0775306
0.0912387
0.0933421
0.0851784
0.0590274
0.0777018
0.0945531
0.0863768
0.0647719
0.0675086
0.0817791
0.0649414
0.0781182
0.0723497
0.0545646
0.0444642
0.0448491
0.0402538
0.0496135
0.0467075
0.0505491
0.0446084
0.0558539
0.0355144
0.024206
0.0330772
0.0466535
0.0361434
0.0234381
0.0344808
0.0353161
0.0389188
0.0345387
0.0402426
0.0346729
0.0246893
0.0294092
0.0325007
0.0392655
0.0309737
0.0377515
0.0304443
0.0309713
0.0311862
0.0409783
0.0492883
0.0434098
0.034637
0.042322
0.0425975
0.0330369
0.0477442
0.0326407
0.0490586
0.0531402
0.0568832
0.0546195
0.0429968
0.0417325
0.0402691
0.0346734
0.0371642
0.030594
0.0468711
0.0229888
0.025415
0.010146
0.0306065
0.0400866
0.0410237
0.0302924
0.027152
0.0300325
0.0364056
0.0469468
0.0408672
0.0288812
0.032324
0.0374098
0.0374603
0.041214
0.0484044
0.0369455
0.0368914
0.0495195
0.0310322
0.0308597
0.0350676
0.0400805
0.0428516
0.0237989
0.0379648
0.0504933
0.0552646
0.0560608
0.0504506
0.0744543
0.0725414
0.0789243
0.0724495
0.0724013
0.0637131
0.0735843
0.0687717
0.070286
0.0630643
0.0650897
0.0644479
0.0541375
0.0624586
0.0708088
0.082021
0.0678497
0.0694253
0.0583817
0.0876091
0.0791919
0.0871498
0.10956
0.109114
0.123853
0.119333
0.107939
0.116148
0.0935783
0.114292
0.0786322
0.087206
0.0683781
0.0533808
0.0754501
0.0718837
0.0907038
0.0672297
0.0700616
0.0733983
0.101188
0.0796653
0.0746118
0.0945647
0.0837086
0.106402
0.0784239
0.10053
0.0793103
0.117127
0.102901
0.0943862
0.103068
0.11568
0.115203
0.110158
0.154018
0.131375
0.125706
0.117044
0.0933571
0.105473
0.093855
0.0866326
0.0945513
0.0704117
0.0712603
0.0710481
0.0468946
0.0646589
0.0532811
0.0434161
0.0346038
0.0276306
0.0226451
0.0216409
0.0259818
0.0153447
0.014012
0.00799474
0.0117401
0.0100748
0.0158869
0.0140956
0.0121339
0.00926524
0.0103484
0.0129328
0.0226115
0.013268
0.00857866
0.0238778
0.025473
0.0103403
0.0243467
0.0115668
0.00615848
0.00735925
0.00502866
0.0140121
0.00597511
0.0115639
0.00598584
0.00503618
0.0118999
0.00329821
0.0115145
0.00536678
0.00734486
0.00746892
0.00957769
0.0131401
0.00959516
0.0182709
0.00854993
0.0112205
0.0160864
0.0124455
0.0111362
0.0132424
0.00989445
0.0194605
0.0119781
0.0154457
0.0110402
0.0146403
0.0161586
0.0121433
0.00851218
0.0154468
0.00720531
0.0171346
0.0207714
0.0132225
0.00826009
0.0221081
0.0198244
0.023453
0.0205899
0.0227148
0.0210764
0.0172102
0.0127887
0.0187441
0.0156925
0.0155043
0.0146949
0.0218343
0.0105647
0.0147056
0.00974416
0.016582
0.0266003
0.0197526
0.016355
0.017545
0.0183674
0.0287767
0.0175059
0.0241256
0.00676978
0.0170327
0.0228523
0.0196251
0.0112759
0.0122714
0.0182576
0.0202308
0.0111492
0.0189357
0.0144582
0.0208757
0.0201018
0.0218849
0.0104887
0.0136496
0.0151114
0.0253258
0.0236407
0.0353552
0.0319306
0.0375577
0.0144178
0.0304539
0.0431533
0.0316911
0.0278169
0.0327185
0.0317147
0.037287
0.0366823
0.0362793
0.0389868
0.0461845
0.0339014
0.0312231
0.0405179
0.03033
0.0443322
0.0395669
0.0430106
0.0576877
0.0626332
0.0469874
0.0622387
0.0568846
0.0533734
0.0566684
0.0551585
0.0676278
0.0608235
0.0615577
0.0541216
0.0613256
0.0547905
0.0506839
0.0611942
0.0530715
0.0527629
0.0503714
0.0661879
0.0427201
0.0641345
0.052445
0.0545593
0.0646058
0.0797554
0.0539359
0.0660149
0.0579122
0.0523425
0.0614257
0.0572846
0.0479234
0.0515799
0.0531237
0.052518
0.045156
0.0343716
0.047269
0.0512682
0.0628346
0.0702169
0.0336843
0.0463521
0.0482447
0.0353019
0.0502767
0.0548894
0.0576712
0.0471207
0.0498364
0.0517043
0.0555837
0.0432546
0.043064
0.0479334
0.0509838
0.034397
0.0397435
0.0373964
0.0377725
0.0295271
0.027122
0.0244277
0.0282718
0.0337921
0.040017
0.0167507
0.0238531
0.0348947
0.0301865
0.0287623
0.0287153
0.0311776
0.0247661
0.0336931
0.0253738
0.0424956
0.0248737
0.0397334
0.0327288
0.0308216
0.0408899
0.0119329
0.00664036
0.0207882
0.00920151
0.0145791
0.0119786
0.0122029
0.00367438
0.012015
0.0185266
0.0172703
0
0.00664479
0.0140464
0.00818335
0.0222378
0.018666
0.0319163
0.0131576
0.009339
0.0184789
0.0214697
0.0171734
0.0173577
0.0201355
0.0239753
0.0236275
0.0322606
0.034129
0.0357237
0.0254973
0.0246718
0.0174104
0.0211918
0.0160405
0.0202511
0.0112434
0.0189109
0.014589
0.0226405
0.015468
0.0127254
0.0131984
0.0107657
0.0153752
0.025046
0.0162895
0.00952817
0.00904693
0.00949222
0.0153088
0.0173519
0.0166717
0.0127317
0.00716657
0.0113487
0.0251357
0.00988521
0.0026216
0.00635403
0.0130049
0.00794837
0.0100305
0.0102405
0.0062985
0.0104685
0.00453266
0.016637
0.012843
0.0117323
0.0198359
0.0188564
0.0153913
0.0132957
0.0225031
0.014052
0.0158098
0.0149288
0.0166521
0.0210703
0.0265956
0.0147336
0.0222105
0.0232418
0.0167748
0.0151099
0.0221035
0.0312179
0.0160925
0.0244172
0.0239937
0.0033593
0.0214463
0.0138222
0.0220909
0.0115453
0.0107208
0.0150932
0.0128308
0.0182696
0.00927784
0.0112689
0.0149618
0.00936028
0.0132841
0.0133586
0.0252642
0.00934708
0.018194
0.0234389
0.0165871
0.0178979
0.022434
0.0140971
0.0150362
0.0203833
0.0280011
0.0335335
0.0281616
0.0256028
0.0207852
0.0344399
0.0191574
0.0333853
0.0207955
0.0268317
0.0253247
0.0257543
0.0299827
0.0286273
0.0205998
0.0304102
0.0289406
0.0221506
0.0277281
0.023754
0.0274533
0.0246998
0.0288308
0.0295962
0.0232777
0.0344639
0.0312978
0.0334036
0.0399441
0.0357322
0.0503469
0.0617383
0.112492
0.223269
0.36946
0.429236
0.436903
0.42318
0.352578
0.217962
0.114042
0.07231
0.0490339
0.044974
0.0444469
0.0462358
0.035895
0.0412799
0.0448805
0.0445225
0.0339386
0.0367691
0.0405431
0.0355186
0.0364793
0.0327747
0.0390138
0.0341036
0.0415917
0.0396523
0.0348385
0.035325
0.032995
0.0348871
0.0350789
0.0372028
0.0268233
0.0351907
0.0268224
0.0337873
0.0343404
0.035151
0.0336976
0.0328817
0.0299549
0.0331772
0.0244806
0.0355011
0.0279069
0.0306516
0.0367306
0.040009
0.0388106
0.0384522
0.0322726
0.0389437
0.0432511
0.0384599
0.032514
0.0335397
0.0424849
0.0404157
0.0452695
0.0364584
0.035544
0.0416341
0.0345587
0.0350123
0.0384875
0.0355056
0.031915
0.0391185
0.0367367
0.0362153
0.0335434
0.0246193
0.0228371
0.0331456
0.0198015
0.0206726
0.0379746
0.034228
0.0349733
0.0298381
0.0370892
0.0339615
0.0350654
0.02854
0.0329831
0.0313949
0.0371191
0.0346187
0.0342827
0.0253029
0.0352988
0.0360852
0.033528
0.0283569
0.0327923
0.0317749
0.0369843
0.0399606
0.0506005
0.0276479
0.0278377
0.0458693
0.0373716
0.0373899
0.0335828
0.03337
0.0460578
0.0345874
0.0461731
0.0325491
0.0300115
0.0412161
0.030734
0.0426622
0.0520184
0.0440438
0.0467836
0.045036
0.0417551
0.0280397
0.0557335
0.0479603
0.0341851
0.0523689
0.0508824
0.0569247
0.0467078
0.0439982
0.0456376
0.0460154
0.038256
0.0390913
0.0340096
0.0450489
0.0442701
0.058209
0.0334552
0.0502985
0.0342349
0.0507968
0.0234814
0.0395008
0.0429658
0.0314779
0.049442
0.048218
0.0526288
0.0459708
0.0322804
0.0450171
0.0301918
0.0428656
0.0570161
0.0644851
0.0435646
0.0291896
0.023444
0.0588114
0.0389838
0.0753975
0.00670159
0.0508068
0.0511022
0.0548102
0.0535793
0.0576138
0.0881332
0.0769639
0.0637601
0.0459153
0.0551805
0.0267677
0.0817162
0.0574508
0.0895297
0.0768144
0.083839
0.0785155
0.0657377
0.0807536
0.0676934
0.0632041
0.061919
0.0674297
0.0720002
0.0988187
0.0627113
0.0666726
0.0554553
0.042606
0.0661557
0.0614139
0.0485914
0.0516743
0.0382789
0.0490237
0.0429483
0.0688229
0.0530668
0.0516239
0.0308697
0.0374601
0.0627718
0.0431033
0.0595867
0.0449895
0.058788
0.0587557
0.0410735
0.0407613
0.061319
0.0602451
0.0444535
0.0378553
0.0433384
0.0504415
0.0593603
0.0476795
0.0719755
0.081193
0.0637098
0.0814058
0.075653
0.0502831
0.0908174
0.0530487
0.0424171
0.0330383
0.0579249
0.0409831
0.0377863
0.0439778
0.0577961
0.0464664
0.0239517
0.0347309
0.0479088
0.0501611
0.0461069
0.0517456
0.0542559
0.054312
0.0365164
0.059385
0.0462265
0.0615571
0.0570942
0.0659039
0.0748691
0.0809958
0.0815708
0.0746594
0.0921165
0.0809181
0.0937449
0.122699
0.130671
0.131735
0.122221
0.136941
0.124533
0.0700835
0.0543031
0.0450091
0.0388911
0.0418785
0.0328211
0.044061
0.0403614
0.0287783
0.0493419
0.0183877
0.0365235
0.0489117
0.0373307
0.0375335
0.0391286
0.033569
0.0467851
0.0350618
0.0441988
0.0409302
0.0423881
0.026207
0.034487
0.0184911
0.0365881
0.0296349
0.0370938
0.0229146
0.0432003
0.0318783
0.0399498
0.02906
0.0259037
0.0396386
0.0439484
0.0320429
0.0356544
0.0461223
0.0395912
0.0440352
0.0347739
0.0357085
0.0405639
0.0374556
0.036931
0.038205
0.0380851
0.0290386
0.0388531
0.0374859
0.0338775
0.041627
0.0446202
0.0309853
0.0316641
0.0413384
0.0187804
0.0296322
0.0208682
0.0203309
0.0272582
0.0411929
0.027676
0.0405048
0.0334899
0.0380556
0.0435741
0.0323179
0.0415034
0.034965
0.0375621
0.0277995
0.0349965
0.0277317
0.0357911
0.0399782
0.0356358
0.0400617
0.0365781
0.0379014
0.0256578
0.029212
0.0331365
0.0334668
0.0352416
0.0345119
0.03612
0.0324056
0.0375224
0.0300868
0.0390094
0.0325156
0.0290902
0.0341226
0.0446248
0.0390654
0.0473866
0.0383389
0.0408917
0.0400392
0.0391056
0.0534991
0.0517967
0.0623944
0.0490547
0.0567775
0.065534
0.0620237
0.0564775
0.0685601
0.074331
0.0757847
0.0738792
0.0638865
0.0580575
0.0418231
0.0418637
0.0391881
0.0316491
0.0348384
0.0367791
0.0394158
0.0268638
0.0305546
0.0260693
0.0269269
0.0329597
0.0346626
0.0372737
0.0306746
0.0336025
0.0298747
0.0316801
0.0417492
0.0351042
0.039406
0.0469505
0.047853
0.0434298
0.0469582
0.0552483
0.0494802
0.059366
0.0570371
0.058045
0.0637291
0.0782627
0.0823336
0.0791483
0.0910242
0.0925782
0.0968241
0.097152
0.0870577
0.0819535
0.0763139
0.0728174
0.063996
0.060533
0.0523462
0.046982
0.0446704
0.0387701
0.0424829
0.0354785
0.0504655
0.0394401
0.0543364
0.0564656
0.0528185
0.0384361
0.0473036
0.0554173
0.0441674
0.0520094
0.0513038
0.0569123
0.0553562
0.0596992
0.0612177
0.0603177
0.0680544
0.0622252
0.0715972
0.0741229
0.0709171
0.0775838
0.0816165
0.0823927
0.0884997
0.093259
0.107689
0.10568
0.11141
0.110861
0.109354
0.0996248
0.0936839
0.0844373
0.0809141
0.0616101
0.0606492
0.0617881
0.0523289
0.0506374
0.0534699
0.0443558
0.0554762
0.0488962
0.0457626
0.0636209
0.0571548
0.0530422
0.0497482
0.0494256
0.0361573
0.0522366
0.0451846
0.0647503
0.0533893
0.0459884
0.0466069
0.0444095
0.042613
0.0257254
0.04796
0.0521069
0.0415349
0.0419935
0.0347806
0.0452545
0.0455876
0.0342168
0.0487003
0.0451411
0.0408695
0.0540604
0.0394058
0.0593079
0.0406821
0.038164
0.042613
0.043872
0.0481451
0.0361403
0.0482297
0.0445884
0.0429548
0.0502526
0.0384137
0.0402962
0.0517417
0.0397716
0.0414457
0.0431866
0.044202
0.0397092
0.0501113
0.049414
0.0390662
0.0419542
0.0530935
0.0571422
0.058986
0.0696111
0.0702296
0.0660948
0.0692845
0.0648014
0.0777996
0.0815634
0.0717676
0.0712073
0.0734852
0.0649252
0.0765232
0.0745093
0.0784803
0.0908925
0.0800596
0.0816507
0.0888196
0.064982
0.0661923
0.0799506
0.0725951
0.084634
0.0860995
0.0754109
0.0921269
0.101031
0.0765341
0.0693079
0.0729937
0.0952912
0.0696774
0.0718383
0.0853883
0.0707025
0.0665046
0.0774498
0.061459
0.0639827
0.0577216
0.0781477
0.0696461
0.0890037
0.0876385
0.082738
0.0821872
0.105416
0.0949654
0.0819954
0.097334
0.0977682
0.107028
0.101642
0.0837351
0.0975258
0.106149
0.0907395
0.0945177
0.101063
0.0893133
0.0649947
0.10155
0.0907148
0.101823
0.0742582
0.0816825
0.062277
0.0848618
0.0486507
0.0740845
0.0785843
0.083972
0.0889423
0.0783611
0.0890073
0.0895932
0.0879964
0.0920195
0.108492
0.0819806
0.0931984
0.0813689
0.0786483
0.104069
0.108778
0.112077
0.098759
0.119432
0.111618
0.112849
0.120226
0.141182
0.142416
0.1109
0.128814
0.127418
0.135833
0.130327
0.148835
0.141933
0.135313
0.142462
0.119354
0.121233
0.118475
0.116987
0.121705
0.13458
0.0902575
0.0959524
0.0705493
0.100876
0.0861748
0.0555627
0.0727161
0.0786137
0.0690752
0.054362
0.0399422
0.0340664
0.0769485
0.0503077
0.0676839
0.0708691
0.0749362
0.0523346
0.039752
0.0790686
0.083163
0.0481747
0.0987747
0.0828746
0.0742649
0.109969
0.0757101
0.116308
0.0956924
0.0791152
0.10664
0.083024
0.132615
0.106994
0.110554
0.15725
0.139081
0.119678
0.118572
0.140481
0.159129
0.164243
0.147358
0.162246
0.168052
0.150441
0.18285
0.163239
0.168235
0.161391
0.136741
0.187049
0.176212
0.125025
0.123733
0.122447
0.135332
0.102407
0.0737272
0.0562663
0.0358646
0.0474109
0.0416658
0.0411046
0.0440773
0.0501944
0.077877
0.0691828
0.0208994
0.0298426
0.0894318
0.0467896
0.058029
0.077211
0.073707
0.0426086
0.0776945
0.0665268
0.0694619
0.0516816
0.05465
0.0503456
0.0324429
0.0328309
0.0710345
0.0677277
0.125932
0.0495657
0.0336924
0.0663702
0.0490103
0.0158479
0.0859941
0.0344185
0.091518
0.0232113
0.0410552
0.12085
0.0877008
0.141485
0.0563885
0.0995452
0.108092
0.0841647
0.0699416
0.076816
0.102283
0.0574917
0.0390145
0.0756656
0.0550188
0.0843784
0.0756986
0.084621
0.0641122
0.0784737
0.0726213
0.0492603
0.100309
0.0542802
0.0875479
0.100233
0.0834288
0.088935
0.0645878
0.0440502
0.0783898
0.104428
0.0399197
0.0541711
0.0675832
0.0550508
0.0277787
0.0472932
0.0633221
0.0665008
0.0773053
0.0444831
0.0184949
0.0750098
0.0752624
0.00222217
0.0259146
0.0306671
0.0130579
0.0651774
0.057078
0.0492263
0.0613577
0.00347506
0.0508866
0.0714569
0.0219872
0.076825
0.0720635
0.0800935
0.0390635
0.0740404
0.0641027
0.0523958
0.0350113
0.0698863
0.0776012
0.0586287
0.0426122
0.0567507
0.0498394
0.0685127
0.0466852
0.0920054
0.0880644
0.0660828
0.135793
0.0622639
0.0991145
0.0916861
0.0766937
0.0969225
0.101154
0.0877445
0.113498
0.088622
0.0854753
0.117342
0.0754416
0.0900572
0.0539885
0.0754833
0.0392214
0.0753904
0.0639853
0.0733987
0.0961704
0.0655261
0.0539091
0.049907
0.0610521
0.0398104
