0.167338
0.169808
0.172127
0.186782
0.176706
0.180446
0.187824
0.186426
0.197337
0.19925
0.203749
0.214881
0.22482
0.226678
0.229365
0.233928
0.240907
0.244699
0.249984
0.243407
0.236451
0.23525
0.239062
0.250586
0.259318
0.262551
0.275447
0.280118
0.288132
0.293559
0.295679
0.299052
0.307195
0.310045
0.314925
0.320052
0.323276
0.324842
0.319995
0.317746
0.309518
0.292947
0.30835
0.312965
0.32665
0.342253
0.344989
0.35461
0.358125
0.360326
0.350658
0.310739
0.293582
0.29033
0.290288
0.291389
0.315622
0.384023
0.394425
0.374589
0.351084
0.298313
0.25381
0.215837
0.206695
0.18368
0.178265
0.172698
0.153402
0.149996
0.152047
0.14487
0.135726
0.131275
0.133977
0.134399
0.132327
0.137877
0.134243
0.141316
0.150723
0.154595
0.154708
0.152752
0.160901
0.159551
0.166465
0.168806
0.176637
0.176564
0.187791
0.199043
0.206967
0.219136
0.236088
0.260472
0.28592
0.303029
0.315026
0.32645
0.32871
0.326694
0.322216
0.295184
0.263328
0.238305
0.225754
0.220934
0.229315
0.235233
0.24248
0.240854
0.245566
0.247628
0.249825
0.246427
0.242365
0.232136
0.21992
0.230855
0.230377
0.248851
0.249225
0.247822
0.257197
0.260555
0.27782
0.280394
0.285319
0.285921
0.292246
0.299456
0.297582
0.293012
0.29125
0.292941
0.312121
0.321491
0.321811
0.30604
0.280923
0.27162
0.263625
0.259846
0.252979
0.260893
0.27885
0.286706
0.303038
0.317591
0.322296
0.335839
0.341414
0.354133
0.35919
0.366132
0.365942
0.368353
0.368464
0.36482
0.368769
0.374486
0.377902
0.365721
0.336283
0.271147
0.217006
0.168826
0.145229
0.137155
0.125086
0.121967
0.121166
0.125156
0.127251
0.129994
0.135306
0.14641
0.147879
0.165889
0.175728
0.180935
0.179934
0.177107
0.175292
0.1861
0.168039
0.164991
0.158868
0.15834
0.15883
0.154906
0.159298
0.161686
0.167865
0.170629
0.170178
0.173659
0.170682
0.156982
0.160411
0.14352
0.14526
0.140204
0.140565
0.137924
0.144843
0.153035
0.160341
0.175982
0.184653
0.185604
0.191979
0.203376
0.203968
0.206209
0.209272
0.214156
0.222721
0.228195
0.227978
0.231775
0.227187
0.21798
0.199927
0.188594
0.177542
0.175378
0.17726
0.181465
0.189232
0.187864
0.204222
0.20369
0.217994
0.230522
0.239417
0.249156
0.262889
0.260158
0.265894
0.273465
0.287963
0.294231
0.300178
0.302485
0.308719
0.317005
0.31956
0.330105
0.328673
0.339941
0.340187
0.346092
0.341664
0.312853
0.282142
0.239447
0.210571
0.208559
0.204219
0.203353
0.21292
0.222652
0.222818
0.228108
0.234082
0.262659
0.238788
0.253419
0.267072
0.266542
0.278597
0.276019
0.288182
0.294643
0.296235
0.296873
0.297106
0.285809
0.274282
0.249367
0.223002
0.189021
0.167007
0.149434
0.156787
0.156798
0.167527
0.175462
0.196397
0.190536
0.202318
0.206528
0.213398
0.202959
0.219773
0.198937
0.201845
0.19281
0.182733
0.176407
0.167373
0.155251
0.161262
0.157663
0.161755
0.164096
0.16037
0.171609
0.167205
0.17523
0.179091
0.174049
0.16151
0.155851
0.169862
0.15417
0.14297
0.162612
0.141016
0.156917
0.150838
0.152751
0.154704
0.150902
0.148461
0.163259
0.148235
0.15947
0.153746
0.161961
0.178413
0.183797
0.194392
0.191256
0.198638
0.205536
0.209829
0.210892
0.224176
0.220335
0.227898
0.230286
0.22264
0.210007
0.210799
0.205982
0.190312
0.177641
0.183351
0.161551
0.155463
0.163718
0.169586
0.181855
0.175249
0.188657
0.184848
0.192347
0.176138
0.19444
0.181006
0.191335
0.192237
0.20419
0.199139
0.19985
0.225809
0.235384
0.24595
0.259226
0.268642
0.270376
0.27708
0.281106
0.281601
0.263798
0.249069
0.217508
0.186744
0.167863
0.151488
0.159411
0.142262
0.145906
0.145163
0.145485
0.167248
0.178394
0.183935
0.169361
0.182064
0.178671
0.176315
0.165337
0.163428
0.153241
0.161047
0.146779
0.146032
0.156836
0.157849
0.152713
0.14552
0.159704
0.166345
0.178405
0.204935
0.216168
0.257836
0.268262
0.286743
0.300069
0.31034
0.307078
0.295129
0.25656
0.247432
0.247414
0.23526
0.234259
0.240603
0.24671
0.244217
0.226982
0.23055
0.229221
0.224922
0.225194
0.226106
0.228039
0.239732
0.224581
0.213841
0.204915
0.189203
0.188438
0.184779
0.19065
0.189931
0.207826
0.219684
0.218438
0.224583
0.217987
0.207683
0.199251
0.196213
0.194723
0.195097
0.191396
0.206641
0.196672
0.206868
0.205787
0.206815
0.21602
0.196827
0.194831
0.232054
0.208123
0.209906
0.220468
0.208913
0.213332
0.21444
0.221773
0.221255
0.22841
0.222633
0.233074
0.241028
0.238216
0.259563
0.256792
0.266516
0.281759
0.305879
0.334106
0.36204
0.407882
0.429657
0.418767
0.40528
0.36589
0.315356
0.262481
0.261649
0.231608
0.202114
0.224979
0.26303
0.273683
0.357035
0.394743
0.416751
0.410334
0.403428
0.356277
0.29
0.228821
0.19292
0.175968
0.181334
0.185297
0.187411
0.182096
0.184732
0.200258
0.233991
0.206488
0.198226
0.204871
0.206227
0.215151
0.207688
0.213041
0.225697
0.232541
0.237875
0.214623
0.203231
0.206582
0.187563
0.162682
0.138663
0.174104
0.160503
0.144864
0.1431
0.142787
0.138551
0.138676
0.14832
0.11044
0.129149
0.132105
0.12664
0.133356
0.130906
0.140647
0.146612
0.14688
0.151628
0.152679
0.163715
0.174185
0.173925
0.165387
0.179484
0.15796
0.175312
0.1722
0.190538
0.156683
0.16675
0.152026
0.166413
0.158248
0.164291
0.156717
0.166042
0.182181
0.182731
0.180052
0.17977
0.20281
0.193136
0.199738
0.199823
0.185957
0.160523
0.170036
0.162875
0.161955
0.160293
0.182
0.172147
0.161946
0.169575
0.167114
0.166649
0.179347
0.174171
0.171442
0.166502
0.183863
0.18929
0.202888
0.193741
0.174872
0.180015
0.16672
0.160809
0.150859
0.166401
0.161505
0.13193
0.144528
0.129611
0.132211
0.134362
0.127157
0.145406
0.130388
0.130626
0.142189
0.104279
0.144583
0.14106
0.129265
0.124876
0.147362
0.137561
0.127911
0.125913
0.120705
0.120498
0.124853
0.0991178
0.102922
0.0890765
0.100595
0.109408
0.110598
0.113759
0.124118
0.123161
0.138839
0.138345
0.160839
0.16199
0.171852
0.179296
0.195925
0.164647
0.162911
0.145889
0.119405
0.102846
0.102581
0.0675866
0.0734519
0.0940348
0.0943859
0.0998771
0.123602
0.131405
0.147719
0.146343
0.153092
0.156898
0.155095
0.152658
0.128126
0.137774
0.130512
0.133266
0.152371
0.158243
0.161971
0.189003
0.194939
0.160554
0.178982
0.149864
0.177596
0.149544
0.140366
0.183854
0.15634
0.155033
0.153882
0.15083
0.166711
0.155346
0.156286
0.146114
0.14773
0.157889
0.164939
0.163714
0.147604
0.183321
0.168339
0.144931
0.140648
0.134106
0.142771
0.127833
0.139646
0.135804
0.131941
0.110515
0.118901
0.128366
0.0938272
0.109297
0.104899
0.0823703
0.0730857
0.0863762
0.0676807
0.0787173
0.0694681
0.0738595
0.0619032
0.0826789
0.0660779
0.05601
0.0657923
0.070979
0.0634568
0.0568871
0.0570984
0.0572481
0.0723861
0.0631383
0.0538501
0.0638487
0.0543067
0.0604369
0.0492461
0.0488533
0.0483263
0.0576774
0.0617991
0.054745
0.0601881
0.0579675
0.0768449
0.0689239
0.0580965
0.0706902
0.0725341
0.0660439
0.0664204
0.0610277
0.0723461
0.0726699
0.0753524
0.0689386
0.0735302
0.0691531
0.0618246
0.0654681
0.0525951
0.0644821
0.0524859
0.0460566
0.0330641
0.0391317
0.0433728
0.0512843
0.0540443
0.0575155
0.0436585
0.0482922
0.0591887
0.0718678
0.0600233
0.0412612
0.0520227
0.0573725
0.0481582
0.0496047
0.0568746
0.0614317
0.0602815
0.0557102
0.0480447
0.0581958
0.0403747
0.0534068
0.0579418
0.0761331
0.0744225
0.0906814
0.08328
0.0940811
0.11528
0.130549
0.11202
0.107602
0.123989
0.105212
0.109147
0.107633
0.126803
0.108629
0.0966571
0.123314
0.125854
0.117685
0.121174
0.131681
0.130391
0.131722
0.146419
0.151754
0.166731
0.167085
0.171857
0.186673
0.216464
0.233545
0.230838
0.230494
0.236918
0.196989
0.208452
0.179498
0.16314
0.13904
0.116821
0.135772
0.151948
0.131507
0.153005
0.138954
0.129842
0.167767
0.146188
0.129668
0.160975
0.16487
0.192468
0.16971
0.162036
0.162867
0.169596
0.174512
0.15791
0.185584
0.211334
0.227286
0.208741
0.228208
0.238964
0.222196
0.21574
0.204551
0.192682
0.182141
0.16743
0.155155
0.12181
0.120716
0.116123
0.100301
0.0857649
0.0879392
0.059067
0.0637394
0.0617995
0.045311
0.0336217
0.0221185
0.0143328
0.0216702
0.00892104
0.0118953
0.00832869
0.0181328
0.0122185
0.0077239
0.0147441
0.0140451
0.0115072
0.0182404
0.0148281
0.0136528
0.022678
0.02687
0.0155506
0.0281016
0.0170802
0.00582376
0.0119853
0.00595953
0.0070856
0
0.00712437
0.00346189
0.00391831
0.00809599
0.00302606
0.00190431
0.00576633
0.00383359
0.00173936
0.00838209
0.0115851
0.0113886
0.0198133
0.0118463
0.018247
0.0194421
0.0194521
0.0136819
0.0124262
0.00918971
0.015082
0.0172416
0.0141607
0.0135852
0.0153162
0.0125214
0.0113005
0.0133443
0.0160998
0.0156015
0.0162659
0.023761
0.0187275
0.0212472
0.024794
0.0191548
0.0288248
0.0265271
0.0254028
0.0257601
0.0224466
0.0257151
0.0296359
0.0252867
0.0203596
0.0230268
0.0333275
0.027456
0.0224451
0.0184453
0.0234733
0.0375299
0.0284431
0.032179
0.0314279
0.0387065
0.0425338
0.0366748
0.037475
0.0237462
0.0240926
0.0333994
0.0327775
0.027526
0.0197074
0.0256742
0.0292145
0.0278025
0.0322666
0.0251147
0.0259049
0.0292215
0.0327804
0.0213264
0.0276846
0.0252835
0.033986
0.0342096
0.0518982
0.045426
0.0465995
0.0425794
0.0601202
0.0618249
0.0521587
0.0586124
0.059337
0.0579037
0.0600729
0.0694323
0.0667237
0.0671993
0.065576
0.0701277
0.0643729
0.064516
0.0676374
0.0753589
0.0782245
0.0790916
0.089431
0.103279
0.0999403
0.113807
0.110301
0.107579
0.101456
0.101765
0.109511
0.113385
0.108885
0.0940802
0.108458
0.105482
0.0994972
0.110222
0.100758
0.0996169
0.10214
0.10922
0.108964
0.104956
0.106091
0.100078
0.121199
0.12737
0.128622
0.132022
0.117982
0.103793
0.111946
0.0973367
0.101117
0.0847587
0.0913705
0.0895925
0.0801256
0.0807189
0.0870697
0.0939176
0.0970755
0.0967671
0.0815414
0.081249
0.0906402
0.0765794
0.0847363
0.105344
0.0926484
0.0930523
0.085009
0.0908626
0.0889397
0.0714798
0.0661223
0.076598
0.0755142
0.053068
0.0580476
0.063162
0.0583472
0.0450887
0.0534223
0.0466136
0.0455352
0.0348655
0.0473336
0.0486634
0.0446241
0.0419461
0.0472264
0.0462222
0.0486186
0.0631793
0.0421949
0.0495254
0.0400894
0.0485091
0.031031
0.0570322
0.0549479
0.0390993
0.0511797
0.0288261
0.0221557
0.0228236
0.0197403
0.0199216
0.0117061
0.0075705
0.00637722
0.0131575
0.0225791
0.00999099
0.00591664
0.00856384
0.00535284
0.0129728
0.0268029
0.0194694
0.0270896
0.0197786
0.014949
0.033183
0.0448023
0.0233226
0.0422161
0.0425029
0.0414799
0.0345195
0.0351275
0.0564371
0.0377079
0.0268319
0.0354368
0.0263682
0.0249933
0.0191195
0.0233303
0.0242027
0.0225042
0.0170031
0.0207579
0.0155869
0.0181723
0.0109616
0.0140808
0.0164938
0.0251001
0.0146045
0.0164201
0.00603109
0.0106149
0.0133083
0.0288257
0.0219038
0.0142068
0.00900573
0.0141426
0.0299737
0.0113477
0.00901478
0.0105104
0.022949
0.0133832
0.0201279
0.0137817
0.0152819
0.0148969
0.00620817
0.0180362
0.0222416
0.019965
0.0223097
0.0245683
0.0179677
0.011799
0.020328
0.0177814
0.0204197
0.0170204
0.0203915
0.0246808
0.0290201
0.0256879
0.0384231
0.0342647
0.032819
0.0352879
0.0265422
0.0329258
0.0263986
0.037167
0.0296235
0.020406
0.0330635
0.0216179
0.0317057
0.0252117
0.0242958
0.0201557
0.0211404
0.0224831
0.0204651
0.0248981
0.0122827
0.0202168
0.024696
0.0201013
0.0278824
0.0272502
0.0297531
0.0328257
0.0271369
0.0320278
0.0320819
0.037962
0.0364425
0.0374269
0.0419114
0.0508671
0.0460595
0.043026
0.0375535
0.0517216
0.036424
0.0473468
0.0414107
0.0445108
0.0469924
0.0431307
0.0430191
0.0465278
0.0410183
0.0501706
0.0425552
0.0413081
0.0436591
0.0373915
0.0459492
0.0408474
0.0490089
0.0469725
0.0478846
0.0538084
0.0559018
0.0578841
0.0606994
0.0624967
0.0727904
0.106108
0.159587
0.301035
0.476482
0.554384
0.573049
0.549223
0.471408
0.291325
0.152531
0.103845
0.0830969
0.0808379
0.0746455
0.0751961
0.0733515
0.0648825
0.0746361
0.0709182
0.0657512
0.0643192
0.0669561
0.0664654
0.066226
0.0667578
0.0701239
0.067013
0.0691821
0.0688027
0.0653826
0.066578
0.0606035
0.0687131
0.0633244
0.0607369
0.0551046
0.061458
0.056543
0.0523245
0.052587
0.0527787
0.0510403
0.0485487
0.0494683
0.0579005
0.0482773
0.0577924
0.0553004
0.0532893
0.0589373
0.0598244
0.0657501
0.0702815
0.0604575
0.0711073
0.0699577
0.0653643
0.062528
0.0610705
0.0687698
0.0641843
0.0663149
0.0664582
0.0679704
0.0701284
0.0684866
0.0670745
0.0681736
0.0670011
0.0691354
0.0639609
0.0507555
0.0620933
0.056784
0.0565721
0.0517007
0.0550717
0.0580734
0.0497537
0.0618996
0.0554797
0.0637032
0.0527333
0.0572209
0.0583909
0.058274
0.0620647
0.0618233
0.0552493
0.0678055
0.06436
0.0631198
0.0593202
0.0575464
0.0645951
0.0688911
0.0637728
0.06757
0.0706098
0.0653259
0.0685881
0.0720776
0.0631271
0.063318
0.0661057
0.0766498
0.072574
0.0698214
0.0755957
0.0693216
0.0631834
0.0574119
0.0690024
0.0763984
0.0746936
0.0644334
0.0799981
0.0838526
0.0893941
0.0872665
0.0787134
0.0831122
0.075808
0.0870125
0.0778161
0.0816959
0.0883953
0.0891977
0.0841504
0.0828342
0.0855165
0.0788603
0.0816855
0.0772451
0.0864409
0.0777878
0.0874883
0.0697057
0.0963187
0.0825368
0.0758016
0.0751609
0.0820528
0.0604147
0.0750652
0.0864339
0.0684743
0.0905763
0.0866145
0.0985633
0.0644423
0.0811081
0.0959238
0.0727263
0.0846224
0.0883929
0.0984936
0.0802279
0.0987304
0.10216
0.107034
0.0955622
0.0921237
0.0686734
0.120711
0.0895082
0.101985
0.109384
0.12526
0.123778
0.104076
0.0938739
0.0982687
0.09692
0.0972903
0.120213
0.138139
0.147735
0.145376
0.153123
0.134904
0.134437
0.127611
0.135182
0.103929
0.102547
0.126514
0.123194
0.124212
0.112821
0.116731
0.0857545
0.0740611
0.104894
0.100392
0.108068
0.0973094
0.103121
0.112708
0.0769565
0.114798
0.102804
0.106058
0.0749708
0.100527
0.113103
0.0745273
0.11036
0.0992073
0.111392
0.0970733
0.0873418
0.0805668
0.07882
0.0867744
0.0798024
0.0768015
0.0971641
0.0729596
0.0780004
0.0931092
0.109574
0.105612
0.0954214
0.123454
0.12597
0.103635
0.131057
0.0826167
0.0735464
0.0700251
0.089968
0.0567129
0.0496288
0.0606674
0.0689804
0.0728637
0.046151
0.0601293
0.0713489
0.064308
0.0725
0.0787763
0.076505
0.0948216
0.0683026
0.0976373
0.0905669
0.0980696
0.0920004
0.107035
0.126159
0.132502
0.135417
0.140797
0.163562
0.153904
0.174044
0.199152
0.224811
0.232569
0.223084
0.224558
0.192856
0.114182
0.0848755
0.0762758
0.0631624
0.0553933
0.0786112
0.0560095
0.0539841
0.0619822
0.078579
0.0385914
0.0658472
0.0565823
0.0717906
0.0791475
0.0701735
0.0571904
0.0677477
0.0648101
0.0615282
0.0597297
0.0655071
0.0635013
0.0714189
0.0554164
0.0576163
0.0663593
0.0702768
0.0619184
0.0723526
0.0614454
0.0684727
0.0646013
0.0598392
0.0667773
0.0738642
0.0698415
0.0587359
0.075663
0.0749759
0.0691617
0.0664274
0.062726
0.0622064
0.0604377
0.0728033
0.0678041
0.068629
0.0624278
0.0717711
0.0680095
0.0704109
0.0629611
0.0813006
0.0587273
0.0669817
0.0671252
0.0583008
0.054437
0.0572114
0.0552365
0.0478387
0.0656121
0.0431035
0.0584002
0.0593971
0.052646
0.0622793
0.0593902
0.0586707
0.0549089
0.0586924
0.0573639
0.0604114
0.0596558
0.0576659
0.0596167
0.0560596
0.0653238
0.0604184
0.0550322
0.0576207
0.0609505
0.0535397
0.0578827
0.0526939
0.0552616
0.0631728
0.0635873
0.0619069
0.054729
0.0676258
0.0638571
0.0667406
0.0647377
0.0706352
0.0725362
0.0683778
0.0703016
0.0705537
0.071695
0.070669
0.0803351
0.0781916
0.0889638
0.0829102
0.0873804
0.0876767
0.0947815
0.0886321
0.10367
0.114106
0.113994
0.110666
0.0981985
0.0934923
0.0793697
0.0677788
0.0595125
0.0539044
0.058663
0.0571187
0.054819
0.056034
0.0524514
0.0564684
0.0597303
0.0554072
0.0579554
0.0570816
0.0575257
0.0621115
0.0568909
0.0646921
0.0704109
0.0697294
0.0672383
0.0786379
0.0769013
0.0783767
0.0879785
0.0879606
0.0873176
0.0938966
0.0965931
0.104673
0.113224
0.126499
0.133736
0.138114
0.145839
0.156102
0.159144
0.153282
0.151194
0.132721
0.120717
0.114964
0.111715
0.0975841
0.0871986
0.080282
0.0825938
0.0827862
0.0844214
0.0627128
0.087969
0.0781279
0.0895494
0.0856914
0.0977254
0.0898565
0.0850371
0.0891538
0.0864649
0.0811389
0.0935057
0.092049
0.09744
0.103585
0.103494
0.102504
0.118865
0.118265
0.123765
0.13044
0.128794
0.135812
0.147362
0.147636
0.153741
0.158343
0.176138
0.180261
0.188829
0.190358
0.185757
0.169356
0.162279
0.150781
0.14021
0.122409
0.1145
0.10682
0.0960096
0.102162
0.0839126
0.0831513
0.0921834
0.0902762
0.0942601
0.0808203
0.0931013
0.0954263
0.093415
0.0813757
0.077067
0.0798987
0.0760178
0.0815684
0.0755989
0.0830556
0.0832633
0.0810368
0.0884819
0.0788544
0.0803184
0.089323
0.0779714
0.0791587
0.0796553
0.0725784
0.0777295
0.0779672
0.084348
0.0836529
0.0774448
0.0849627
0.0831988
0.0860912
0.0760237
0.0791327
0.0770386
0.0782805
0.0834017
0.0779165
0.0866663
0.0870598
0.0869512
0.0879083
0.0860276
0.0879273
0.0919717
0.0767714
0.0883641
0.0815731
0.0858616
0.0836769
0.0899408
0.0947317
0.0817888
0.0838011
0.0931833
0.0867986
0.0910275
0.0925829
0.0883151
0.0842543
0.0844894
0.08515
0.0885835
0.0919913
0.089834
0.088105
0.0847282
0.0883623
0.103029
0.10648
0.108529
0.118394
0.135782
0.109882
0.137372
0.117664
0.122471
0.144029
0.145645
0.152319
0.147796
0.158531
0.166577
0.172749
0.158959
0.145538
0.137785
0.157878
0.12886
0.122054
0.138943
0.0997798
0.113769
0.104226
0.103092
0.108382
0.0984442
0.104953
0.0928139
0.134578
0.127007
0.116175
0.117822
0.147147
0.148866
0.15131
0.147107
0.148418
0.1569
0.158639
0.133974
0.148563
0.152134
0.136414
0.133398
0.141227
0.126147
0.133779
0.136923
0.133787
0.116838
0.108145
0.124522
0.121069
0.140032
0.1272
0.13006
0.12799
0.13713
0.127449
0.146847
0.139506
0.129315
0.14845
0.138839
0.149328
0.152993
0.159746
0.146861
0.144374
0.175075
0.166808
0.167028
0.179676
0.175607
0.160347
0.191109
0.201007
0.205853
0.221738
0.197181
0.200674
0.212085
0.216825
0.21774
0.229064
0.231925
0.222111
0.23207
0.213195
0.212821
0.213053
0.193366
0.20223
0.197248
0.158307
0.186236
0.117287
0.14077
0.143941
0.126565
0.113732
0.0981877
0.10359
0.0922548
0.102987
0.0789212
0.115508
0.0828703
0.134014
0.109209
0.126964
0.0954479
0.137524
0.143437
0.123704
0.154694
0.14603
0.137254
0.111144
0.168613
0.171645
0.201203
0.161715
0.167726
0.188085
0.170605
0.202166
0.200555
0.214264
0.236462
0.219806
0.22032
0.236228
0.249069
0.263364
0.249098
0.2394
0.269317
0.27779
0.264966
0.297159
0.280011
0.274218
0.269481
0.252717
0.278053
0.266977
0.236582
0.235251
0.172058
0.200693
0.167289
0.17201
0.117163
0.107655
0.123352
0.0772357
0.0744421
0.0645258
0.0819759
0.0935355
0.0697029
0.0817205
0.0760099
0.111291
0.082859
0.0533765
0.101126
0.097046
0.0779738
0.0899661
0.0733072
0.104389
0.0892481
0.0987402
0.0847823
0.0956376
0.079478
0.0768934
0.0927876
0.12549
0.0800374
0.0879441
0.0784828
0.105113
0.103299
0.123954
0.0820265
0.136445
0.111252
0.0867157
0.127073
0.164264
0.124022
0.101226
0.107338
0.130369
0.083705
0.130382
0.121801
0.134101
0.100378
0.0557984
0.121975
0.0973622
0.137798
0.124965
0.152653
0.1217
0.107694
0.119869
0.0703737
0.139039
0.131313
0.122126
0.1061
0.111571
0.119682
0.10406
0.0934491
0.0891164
0.14506
0.0806446
0.0846949
0.093446
0.0708157
0.11303
0.0954556
0.0911461
0.0694211
0.123198
0.0351168
0.0592871
0.0721319
0.1291
0.0720909
0.0616849
0.0678317
0.0830623
0.130092
0.0987105
0.0801819
0.131971
0.0760793
0.0914728
0.103899
0.08289
0.0966467
0.108487
0.0863198
0.112566
0.104662
0.0866885
0.0918502
0.0643017
0.0926426
0.156382
0.128405
0.122797
0.0894824
0.0915536
0.114248
0.0921123
0.12225
0.122619
0.122408
0.138821
0.123826
0.154033
0.102627
0.131889
0.154905
0.160434
0.120873
0.16255
0.114654
0.157503
0.165867
0.171101
0.106682
0.120325
0.110835
0.074368
0.115567
0.107189
0.0932539
0.100444
0.0931665
0.0807501
0.0669491
0.062506
0.0669401
