0.13639
0.133417
0.136907
0.130926
0.13602
0.145333
0.140063
0.136069
0.148808
0.14837
0.152409
0.159403
0.1657
0.164963
0.164649
0.170206
0.17367
0.175019
0.176845
0.169984
0.165846
0.162173
0.162792
0.172061
0.178202
0.182025
0.189521
0.192608
0.197077
0.201357
0.19997
0.200276
0.204843
0.205895
0.206337
0.209044
0.210351
0.209675
0.206589
0.207386
0.207273
0.194939
0.196975
0.203989
0.208924
0.220073
0.220705
0.225646
0.225525
0.230041
0.227595
0.214049
0.202726
0.200626
0.200575
0.201451
0.216659
0.239008
0.23991
0.226504
0.215616
0.189184
0.167826
0.151898
0.143358
0.139172
0.127988
0.129786
0.125495
0.129057
0.126787
0.117386
0.117373
0.117188
0.119913
0.123086
0.117408
0.119815
0.117117
0.121935
0.121117
0.127239
0.123778
0.119102
0.127569
0.12766
0.131225
0.139715
0.141504
0.139862
0.144578
0.151582
0.153636
0.157299
0.164158
0.173489
0.18036
0.194029
0.197011
0.20488
0.205433
0.203764
0.202824
0.188939
0.18161
0.16717
0.16728
0.160263
0.16813
0.169199
0.174961
0.174618
0.175853
0.173287
0.176323
0.171925
0.168328
0.160032
0.150966
0.160731
0.158305
0.169518
0.177073
0.171515
0.17488
0.177743
0.190776
0.192029
0.191
0.195905
0.197423
0.200283
0.202449
0.201244
0.20082
0.201245
0.206653
0.206655
0.209164
0.192651
0.18366
0.171082
0.168798
0.173566
0.164525
0.17118
0.187217
0.184518
0.20041
0.209289
0.206376
0.209338
0.219185
0.223308
0.221512
0.229802
0.230484
0.231873
0.233333
0.229813
0.23409
0.234415
0.232815
0.229563
0.213947
0.181592
0.152164
0.137639
0.123551
0.11736
0.121562
0.115567
0.113937
0.121503
0.122073
0.1212
0.123252
0.124063
0.126684
0.130287
0.134464
0.138089
0.135056
0.127967
0.13729
0.14143
0.128136
0.127485
0.130445
0.129762
0.131706
0.132239
0.137093
0.136062
0.138462
0.138804
0.137091
0.140521
0.135048
0.116373
0.123938
0.107365
0.109299
0.106038
0.11483
0.109206
0.115124
0.12515
0.125782
0.138196
0.133511
0.144224
0.15103
0.155355
0.151456
0.150908
0.154335
0.155326
0.161404
0.166887
0.165938
0.165324
0.160051
0.150351
0.14483
0.130757
0.130918
0.117917
0.122049
0.130333
0.13494
0.139027
0.145897
0.146642
0.149613
0.157072
0.164771
0.162948
0.175559
0.177642
0.182465
0.180955
0.187141
0.195954
0.198813
0.197617
0.202197
0.20187
0.206612
0.20925
0.204999
0.2088
0.209837
0.205734
0.208364
0.187494
0.182742
0.160237
0.143554
0.137553
0.14205
0.148334
0.143827
0.147739
0.151965
0.143443
0.153921
0.176525
0.157455
0.168775
0.171598
0.177474
0.180462
0.183466
0.189524
0.194027
0.197392
0.201276
0.194269
0.190856
0.188995
0.173968
0.163941
0.1487
0.131847
0.129982
0.128126
0.122197
0.122812
0.134399
0.132949
0.135929
0.142417
0.139466
0.168157
0.139936
0.134674
0.130087
0.14114
0.132893
0.14311
0.143434
0.134447
0.127589
0.130878
0.123609
0.136705
0.134648
0.131438
0.13903
0.138375
0.141994
0.132273
0.132172
0.120254
0.117977
0.124278
0.106789
0.112161
0.118983
0.113058
0.11155
0.111411
0.114487
0.113728
0.106755
0.112589
0.123728
0.114095
0.13007
0.122018
0.125061
0.128799
0.137055
0.145055
0.148395
0.148927
0.153897
0.151084
0.148181
0.163312
0.161051
0.157639
0.146797
0.155192
0.137545
0.144257
0.137534
0.121787
0.121356
0.128542
0.111811
0.107739
0.111192
0.121123
0.124301
0.119887
0.122857
0.119654
0.136093
0.109691
0.132928
0.133542
0.140889
0.130496
0.150023
0.148471
0.131668
0.159066
0.163107
0.169805
0.172083
0.186022
0.176057
0.188676
0.182748
0.180174
0.176142
0.162298
0.145153
0.140516
0.124621
0.103987
0.106401
0.105944
0.104865
0.101055
0.108792
0.126019
0.121392
0.139531
0.123382
0.121739
0.133403
0.130913
0.130083
0.128608
0.120927
0.121355
0.109938
0.116966
0.123225
0.121268
0.12555
0.126278
0.126163
0.12826
0.139823
0.154514
0.160088
0.178457
0.181352
0.176665
0.191945
0.199914
0.194437
0.184036
0.1599
0.148411
0.161277
0.148509
0.150863
0.147966
0.162469
0.161055
0.154039
0.157062
0.157259
0.155109
0.146844
0.15261
0.166465
0.165432
0.161263
0.157949
0.147734
0.148531
0.139829
0.139073
0.139941
0.139423
0.13829
0.13008
0.151907
0.15755
0.133746
0.139203
0.13262
0.145407
0.13365
0.123013
0.131184
0.140627
0.125547
0.122173
0.145906
0.129465
0.152971
0.140435
0.130166
0.165564
0.159934
0.152457
0.147467
0.156328
0.156075
0.140108
0.141182
0.154574
0.161746
0.149235
0.162898
0.155306
0.164632
0.172364
0.179372
0.186085
0.187202
0.185054
0.211755
0.202753
0.227699
0.226296
0.222587
0.214783
0.197035
0.187867
0.172421
0.142806
0.144972
0.128258
0.162702
0.185434
0.205797
0.284714
0.301013
0.306033
0.315143
0.308818
0.259981
0.204164
0.165106
0.136099
0.130683
0.129205
0.119463
0.128522
0.126828
0.123157
0.133833
0.172976
0.134488
0.136503
0.140894
0.146842
0.151047
0.140043
0.152012
0.157681
0.164972
0.150281
0.148405
0.150389
0.131371
0.12253
0.124452
0.11576
0.12343
0.122105
0.103973
0.102279
0.10473
0.111363
0.106092
0.114268
0.103606
0.107654
0.123519
0.109374
0.110545
0.107527
0.107984
0.119644
0.130472
0.119087
0.128077
0.120792
0.111062
0.125124
0.120041
0.122357
0.114318
0.111339
0.101434
0.132941
0.109146
0.122116
0.113319
0.119714
0.104976
0.103009
0.111675
0.108093
0.132403
0.125028
0.143487
0.124065
0.139421
0.130388
0.146221
0.130678
0.120898
0.126169
0.123807
0.135978
0.134041
0.118081
0.13084
0.130275
0.107456
0.129059
0.128109
0.117658
0.132819
0.119766
0.134128
0.129084
0.145117
0.114698
0.131524
0.129343
0.147157
0.11294
0.118583
0.106268
0.114519
0.103013
0.113135
0.102949
0.102977
0.121035
0.0954903
0.0976952
0.0824523
0.106663
0.091839
0.0956989
0.11938
0.0880213
0.0900541
0.110724
0.0988474
0.0874418
0.106414
0.096073
0.10795
0.103288
0.0904992
0.113849
0.0939059
0.0818517
0.0721522
0.0839587
0.0827103
0.0810675
0.0917757
0.0939506
0.0790642
0.0880707
0.095623
0.108025
0.122754
0.112608
0.120199
0.119711
0.130284
0.103986
0.113318
0.0913679
0.0900531
0.0833454
0.0874868
0.0658068
0.0623237
0.0804754
0.0824888
0.0860755
0.10985
0.110088
0.106821
0.100221
0.139039
0.11016
0.10568
0.111262
0.0825392
0.104449
0.0805713
0.111546
0.105228
0.116596
0.131554
0.149624
0.130041
0.122376
0.1202
0.0892405
0.137155
0.117459
0.096746
0.118393
0.120719
0.117573
0.123129
0.110869
0.112199
0.0994538
0.125368
0.0989175
0.101727
0.129957
0.132268
0.116033
0.115356
0.139388
0.122172
0.098084
0.0927891
0.105068
0.117528
0.0983245
0.117798
0.101834
0.108444
0.097796
0.105271
0.109888
0.0811977
0.0841332
0.0922646
0.0860171
0.0629475
0.0692073
0.0580058
0.0739398
0.0631909
0.0691722
0.0700529
0.0643099
0.0636624
0.0554262
0.0541529
0.0681521
0.0617291
0.0471879
0.0573301
0.0689529
0.0742564
0.0580763
0.0593944
0.0612363
0.0439444
0.056278
0.0588494
0.0592105
0.0468811
0.0549169
0.0798015
0.0469244
0.0531746
0.0568741
0.0692773
0.0671399
0.067572
0.0595291
0.0706513
0.0635849
0.0633213
0.0515425
0.0719859
0.0676617
0.0760559
0.0552894
0.0635279
0.0732705
0.0720354
0.0557163
0.0584956
0.0630655
0.0604128
0.0440836
0.0501576
0.0381658
0.0515095
0.0635342
0.0609263
0.054754
0.0530964
0.0441592
0.0663616
0.0644013
0.0693309
0.0655731
0.0506075
0.0529799
0.0524444
0.0469447
0.0757768
0.0539102
0.0705488
0.0587527
0.0594514
0.0482357
0.0513379
0.0563422
0.0649692
0.0630586
0.0787029
0.0782894
0.0635552
0.0607027
0.0841426
0.0930005
0.0916699
0.0679789
0.0903828
0.103204
0.101195
0.103528
0.106056
0.0911521
0.0723157
0.100318
0.0975486
0.0872232
0.0904055
0.100941
0.100475
0.105918
0.0897361
0.100088
0.0983653
0.106221
0.115939
0.131055
0.135562
0.12427
0.136402
0.142651
0.143923
0.106868
0.124997
0.0961745
0.109318
0.10901
0.0941472
0.101649
0.111552
0.11381
0.112026
0.0914696
0.0998104
0.110478
0.107006
0.10069
0.113715
0.109103
0.138142
0.113254
0.123841
0.0945316
0.119129
0.120251
0.124667
0.130245
0.139807
0.123932
0.1309
0.154862
0.144747
0.153881
0.142445
0.126774
0.130131
0.120749
0.108102
0.11341
0.0996923
0.101232
0.0881787
0.0832563
0.0837557
0.0757036
0.0671525
0.0712052
0.0604127
0.0485699
0.0430891
0.0481401
0.033351
0.03371
0.0303747
0.0294269
0.0274916
0.0351096
0.0386116
0.0339611
0.0336364
0.036265
0.030087
0.0416357
0.0384413
0.0400828
0.0396155
0.0414606
0.0348194
0.043333
0.0366505
0.0321924
0.0315426
0.0314076
0.0309083
0.0246279
0.0257992
0.0303774
0.0292858
0.0328267
0.0334598
0.0273426
0.0318997
0.0281833
0.0280098
0.0304975
0.0298459
0.0273128
0.0392908
0.0379083
0.038474
0.042185
0.0412281
0.0421154
0.0336503
0.0294456
0.0418672
0.0340291
0.0338308
0.0308625
0.032953
0.0293946
0.0331571
0.0346546
0.0347126
0.0356749
0.0375489
0.039857
0.0409728
0.0420188
0.0467519
0.0302875
0.0419829
0.0394501
0.0442417
0.0403284
0.037045
0.0389708
0.0355969
0.0370032
0.0353106
0.0343661
0.0413639
0.0382894
0.0367643
0.0365863
0.0458907
0.0462286
0.0401809
0.0412326
0.0402425
0.0454485
0.0490393
0.0435829
0.0306319
0.0322227
0.0388755
0.0449144
0.0413339
0.0411406
0.0301348
0.0416182
0.0437625
0.0354797
0.0485272
0.0385527
0.0377177
0.0488332
0.0414535
0.0352155
0.0387721
0.0407724
0.0384724
0.0457866
0.0520599
0.0558182
0.049069
0.0449774
0.0509802
0.0603685
0.0553545
0.0546007
0.0514965
0.0546952
0.0596275
0.0557604
0.0603147
0.0633696
0.0598331
0.0638256
0.0561488
0.0583041
0.0588967
0.0623581
0.0684733
0.06362
0.0767676
0.0799108
0.0847166
0.0732085
0.0890164
0.07053
0.0772415
0.0752702
0.0743173
0.0781199
0.0835562
0.066477
0.0746598
0.071589
0.0731215
0.0822073
0.0774977
0.0771122
0.080373
0.0844219
0.0771195
0.0813026
0.0773517
0.0798224
0.0846296
0.08365
0.0912589
0.0948742
0.0775575
0.0704865
0.0913827
0.082442
0.0691064
0.0708031
0.0665086
0.0740286
0.0718347
0.0663495
0.072371
0.079561
0.0807419
0.0869092
0.05305
0.0629513
0.0643377
0.0632929
0.0758056
0.0839695
0.08623
0.0619908
0.0620209
0.0869638
0.0707242
0.0689148
0.0667861
0.0666527
0.0583209
0.0611299
0.060361
0.062353
0.0595414
0.038168
0.0586125
0.0491706
0.0600198
0.0497932
0.0582275
0.0496608
0.0457592
0.0378676
0.0475945
0.0400774
0.0608538
0.0477098
0.0457802
0.0512733
0.0379095
0.0493469
0.051238
0.058705
0.0547852
0.0366789
0.0567353
0.0313428
0.0332706
0.0413188
0.0270436
0.0390851
0.0282262
0.0325931
0.0263436
0.0387196
0.0350101
0.0356536
0.017923
0.0462685
0.0383443
0.0388734
0.0418048
0.0365241
0.0450065
0.0388561
0.033025
0.0403123
0.0457289
0.0417896
0.0525128
0.0419734
0.0410012
0.0415761
0.0557069
0.0489612
0.0531544
0.0386681
0.0485505
0.0371125
0.0420052
0.0424884
0.0411761
0.0392886
0.0430828
0.0358416
0.0430245
0.0300216
0.0307567
0.0385969
0.0419228
0.0393763
0.0408565
0.0339448
0.0333183
0.0270475
0.0314054
0.0398419
0.0308534
0.0302499
0.0364037
0.0258229
0.0308473
0.0421399
0.0362342
0.0340122
0.0239816
0.0404355
0.0402989
0.0415695
0.0287244
0.0409708
0.0292725
0.0281898
0.0320793
0.0263936
0.0338882
0.0405418
0.0359682
0.0386613
0.0257326
0.0423127
0.0381918
0.0351081
0.0403637
0.0354797
0.0419067
0.0469643
0.0418762
0.0525565
0.0430167
0.0519749
0.045115
0.045756
0.0555526
0.0323113
0.0429095
0.0408014
0.0341813
0.0372934
0.0379078
0.0437387
0.0385991
0.0367449
0.0375672
0.0323611
0.0362749
0.0291711
0.0322314
0.0315605
0.0347094
0.0425595
0.029842
0.0396461
0.0324846
0.0442926
0.0449223
0.0409129
0.0464144
0.0449409
0.0446813
0.0453562
0.0434867
0.0571784
0.0513248
0.0569127
0.0472021
0.0494102
0.0469306
0.0385808
0.0503501
0.0470057
0.0483036
0.0476183
0.0462349
0.0478205
0.0429514
0.0407822
0.0518384
0.0473969
0.044913
0.050565
0.0467288
0.049771
0.0455519
0.0472985
0.0502236
0.0525778
0.0522388
0.0522102
0.0573717
0.0625207
0.0541223
0.0719446
0.0912545
0.131235
0.237862
0.378462
0.43543
0.446768
0.425243
0.371647
0.231601
0.121634
0.0891047
0.0732847
0.0685801
0.0640187
0.0643175
0.0631365
0.0573109
0.060507
0.0586398
0.0591107
0.0506894
0.0583978
0.0555763
0.0562123
0.0561456
0.060904
0.0566317
0.0621285
0.0584402
0.0545797
0.0536733
0.0535731
0.0505364
0.0511024
0.057742
0.0468175
0.0607105
0.047344
0.0607991
0.0490557
0.0534567
0.0548747
0.0467322
0.050623
0.0583671
0.052636
0.0574936
0.0505405
0.0547553
0.0537488
0.0536039
0.0498283
0.0613266
0.0490464
0.0559231
0.0624332
0.0584062
0.0555026
0.0548412
0.0564372
0.0597133
0.0679466
0.0574351
0.0593097
0.0629856
0.0636127
0.0579398
0.0576873
0.0573011
0.0577742
0.0581085
0.0587986
0.0590938
0.055543
0.0429317
0.0491557
0.0570551
0.0460861
0.0463677
0.0653801
0.0556196
0.0567725
0.0495136
0.0527524
0.0582392
0.0546194
0.0634494
0.0570911
0.0509916
0.0546361
0.0559937
0.0618571
0.0477653
0.05429
0.0566385
0.0579864
0.0528577
0.0600602
0.060107
0.0562121
0.0591241
0.0594848
0.0474638
0.0532499
0.0668733
0.0624456
0.0655767
0.0553601
0.0573729
0.0754857
0.0537483
0.0548148
0.0529839
0.0606027
0.0705072
0.041263
0.0608151
0.0728898
0.0718398
0.0699216
0.0649723
0.0702385
0.0574699
0.0738674
0.0675705
0.061081
0.0798387
0.0736493
0.0650209
0.075053
0.06808
0.0655782
0.0619875
0.0592634
0.0682642
0.0571809
0.058741
0.0612593
0.0833667
0.0578173
0.0625091
0.063292
0.0699398
0.0541513
0.0732377
0.0659163
0.0669799
0.0561561
0.0627704
0.0647208
0.0532198
0.0752923
0.0740762
0.0769283
0.0872211
0.0706957
0.0693712
0.0533119
0.0853496
0.0671947
0.0848806
0.0706408
0.0968803
0.0557514
0.0692604
0.0699243
0.0794095
0.0713769
0.0956853
0.0962218
0.0859595
0.0667967
0.0713792
0.0824539
0.0774678
0.0776124
0.10975
0.111424
0.120554
0.100431
0.0766061
0.0962737
0.0861059
0.0940473
0.0897466
0.0801452
0.103262
0.0916848
0.093903
0.0835501
0.107357
0.0826357
0.0628385
0.100989
0.0709429
0.0760615
0.0715576
0.0709252
0.0917544
0.0751832
0.0747296
0.0548396
0.0804393
0.0575583
0.0721174
0.0857642
0.0645287
0.0713875
0.0861493
0.0642943
0.0690108
0.0874657
0.0577758
0.0862093
0.062358
0.0601059
0.0642477
0.0714806
0.0473967
0.0759416
0.0879452
0.0836534
0.102102
0.0839843
0.0915287
0.0879055
0.0736744
0.103905
0.0733804
0.0720073
0.0560881
0.0756106
0.0501593
0.0642242
0.0692518
0.0827649
0.0650534
0.0575977
0.0591488
0.0591789
0.0647688
0.0655461
0.081457
0.0719428
0.080653
0.0602932
0.0735005
0.0633378
0.0763677
0.0717637
0.0829848
0.0964328
0.107627
0.108913
0.0992772
0.11623
0.103895
0.118356
0.132673
0.158205
0.152858
0.146426
0.144564
0.12812
0.0967432
0.0598608
0.0686934
0.0564155
0.0470617
0.0665027
0.0433874
0.0631003
0.053611
0.0854901
0.0363539
0.0498764
0.0707761
0.0475032
0.0786884
0.0577341
0.0546751
0.0567854
0.0505001
0.049188
0.0566883
0.0625566
0.0512075
0.0571083
0.0550837
0.041633
0.0453839
0.0586015
0.0504867
0.0581844
0.0466648
0.0462579
0.0564968
0.054676
0.0576852
0.0628598
0.0524918
0.059927
0.0680059
0.0629325
0.0620397
0.0526662
0.0531132
0.0570999
0.065323
0.0653633
0.0567751
0.0597292
0.0613524
0.0624701
0.0740658
0.0631156
0.0590332
0.0627921
0.0517442
0.0482707
0.0611454
0.0496355
0.0507831
0.0537785
0.0448583
0.0579603
0.0656142
0.0514568
0.0584343
0.0570722
0.0579142
0.0611201
0.0491613
0.0473021
0.058754
0.054609
0.0497453
0.055518
0.0516517
0.0461453
0.0592855
0.0591098
0.0599518
0.0574942
0.0601645
0.054
0.0576135
0.052318
0.0529387
0.0572086
0.0509774
0.0630506
0.0545717
0.0593694
0.0477609
0.0570739
0.0463612
0.0601944
0.0605186
0.0594561
0.0612895
0.0626352
0.0555409
0.0649818
0.0658335
0.0714364
0.0754427
0.070641
0.0798287
0.0727706
0.080744
0.0797919
0.0764812
0.0805701
0.0871749
0.0991033
0.0921695
0.101484
0.0924028
0.0851546
0.0714499
0.0709372
0.0652229
0.0612795
0.058702
0.0597437
0.0642363
0.0585629
0.0475698
0.0479692
0.0541114
0.05606
0.0570831
0.0471317
0.0541382
0.0526982
0.0510933
0.0652315
0.063909
0.0587261
0.0682966
0.0646877
0.0653865
0.0638896
0.0662446
0.0732164
0.0709641
0.0739347
0.0766665
0.0816871
0.0892594
0.0969971
0.0970154
0.102741
0.109242
0.115513
0.119778
0.110925
0.11244
0.100078
0.0949053
0.0996027
0.0874122
0.0810375
0.0681592
0.073114
0.066777
0.0761505
0.0604182
0.0519217
0.0754592
0.0668301
0.077605
0.0664676
0.072018
0.0657154
0.0606301
0.0741013
0.0679109
0.0665764
0.0680227
0.0702133
0.0738571
0.0786288
0.0808124
0.0795563
0.0803812
0.0835249
0.0967144
0.0933993
0.0876959
0.0975178
0.104002
0.106866
0.10822
0.109742
0.120871
0.122209
0.130264
0.130132
0.131513
0.115747
0.115319
0.105575
0.1026
0.081931
0.0839677
0.0877017
0.0718373
0.0771557
0.0688068
0.06307
0.0685679
0.074426
0.068549
0.0720752
0.0792041
0.0797676
0.0688174
0.0661828
0.0560132
0.0620868
0.0580798
0.0695524
0.0772572
0.0559971
0.0688596
0.0506481
0.0720869
0.0607412
0.0658738
0.0670147
0.0590436
0.0660122
0.0580714
0.0605264
0.0615208
0.0545784
0.0686968
0.0671034
0.0640378
0.0741332
0.062735
0.070026
0.0585491
0.064641
0.0610995
0.0708846
0.0675399
0.0655544
0.0737506
0.0663183
0.0644778
0.0721416
0.0623282
0.0663983
0.0665807
0.0569336
0.0684765
0.0553824
0.0613293
0.0610078
0.0687644
0.0665062
0.0620765
0.0614041
0.0707797
0.0690536
0.0871636
0.0834847
0.0939987
0.0861412
0.0894722
0.0884505
0.0937457
0.09923
0.0888426
0.0901156
0.0876246
0.0867565
0.105737
0.0914593
0.0989017
0.0978644
0.105413
0.101852
0.11436
0.080302
0.0854034
0.105773
0.0976428
0.0989224
0.108836
0.120525
0.11853
0.11758
0.117676
0.105121
0.0983087
0.11122
0.0983849
0.0873863
0.100092
0.0918557
0.0963401
0.0986811
0.091032
0.0995956
0.0923177
0.0835208
0.0911114
0.110718
0.104479
0.1039
0.0964549
0.100393
0.116837
0.108089
0.129216
0.111272
0.116106
0.124814
0.118092
0.121109
0.112081
0.105954
0.107563
0.109507
0.10136
0.0893293
0.116396
0.0962994
0.0945182
0.0858629
0.102811
0.0891832
0.0793468
0.0815646
0.0856929
0.0984685
0.102543
0.130709
0.0795963
0.114668
0.109499
0.0912567
0.152623
0.101661
0.107044
0.118123
0.111108
0.0916106
0.125793
0.129431
0.136443
0.118512
0.140113
0.129347
0.139855
0.142463
0.153944
0.155969
0.140607
0.152248
0.160436
0.157491
0.165026
0.16867
0.150421
0.159133
0.170561
0.156569
0.1386
0.152289
0.147553
0.138316
0.14388
0.119979
0.122237
0.0840888
0.115521
0.0854292
0.0769536
0.076787
0.106172
0.0793068
0.0687686
0.0686938
0.0655293
0.0807997
0.0908373
0.0902082
0.0870193
0.0772726
0.0740846
0.0958641
0.109483
0.0897967
0.101828
0.10553
0.0852367
0.0837148
0.144012
0.103801
0.142825
0.132074
0.1094
0.132346
0.103462
0.131714
0.119824
0.14949
0.166861
0.151218
0.150492
0.139369
0.171762
0.170365
0.180425
0.173787
0.182912
0.186491
0.165305
0.194806
0.185805
0.199526
0.167658
0.167885
0.201299
0.174433
0.14574
0.149292
0.137958
0.139926
0.122018
0.113969
0.115812
0.0754039
0.0992045
0.0681784
0.0719955
0.0655027
0.0573263
0.0776191
0.0439757
0.0555234
0.0656397
0.0865592
0.0960397
0.0647137
0.101107
0.10211
0.0814598
0.0656238
0.0920713
0.103374
0.101323
0.105978
0.0797472
0.086942
0.0800941
0.0693458
0.104199
0.146632
0.0784212
0.072443
0.0525506
0.120126
0.0478175
0.106343
0.0562319
0.0872953
0.0654044
0.0555194
0.121638
0.131907
0.091788
0.0621781
0.117891
0.0716668
0.098844
0.0947056
0.0608787
0.0958696
0.110304
0.0506825
0.127411
0.0922319
0.10599
0.124473
0.122672
0.0854727
0.0898521
0.091884
0.0642069
0.109508
0.101297
0.0880912
0.0911871
0.0708035
0.123833
0.0936205
0.101288
0.0978499
0.120089
0.0621054
0.0524765
0.0473736
0.0890256
0.0852143
0.0808157
0.101979
0.103024
0.0699792
0.0366349
0.0633874
0.0730073
0.133232
0.0581037
0
0.0834009
0.0726613
0.0735033
0.0609066
0.0629102
0.0693521
0.0436826
0.123937
0.106819
0.0861032
0.0947589
0.137412
0.103857
0.102938
0.106256
0.106664
0.0696528
0.0452696
0.0901874
0.136261
0.103935
0.109781
0.0914361
0.0714892
0.079519
0.0515074
0.112799
0.092013
0.12597
0.166393
0.0988919
0.13532
0.123554
0.115538
0.123809
0.112527
0.0847999
0.139741
0.0985094
0.140283
0.120205
0.0700118
0.105246
0.0640842
0.0458263
0.0539611
0.0878033
0.0721728
0.113899
0.12352
0.067882
0.0844074
0.0909649
0.0787937
0.0717604
