0.182056
0.192107
0.186355
0.193872
0.198655
0.210596
0.199558
0.206318
0.218789
0.223099
0.227108
0.234549
0.247404
0.247765
0.253579
0.262775
0.268133
0.265875
0.277382
0.267552
0.261602
0.264038
0.264517
0.276611
0.279245
0.28785
0.304524
0.313925
0.314261
0.326215
0.330882
0.334838
0.340832
0.346725
0.34879
0.355504
0.359714
0.359919
0.358081
0.348575
0.342221
0.326991
0.336274
0.347756
0.360859
0.37975
0.381019
0.390363
0.394195
0.400066
0.390397
0.348296
0.331128
0.327713
0.327262
0.328475
0.353216
0.427023
0.439709
0.417038
0.388371
0.331474
0.274086
0.232974
0.2227
0.207624
0.201124
0.192739
0.165416
0.171317
0.159999
0.160637
0.153849
0.145066
0.146744
0.149237
0.147285
0.156381
0.153418
0.165804
0.167583
0.17538
0.172702
0.17857
0.179617
0.179878
0.184088
0.18788
0.194288
0.198194
0.208346
0.219461
0.231352
0.246107
0.265309
0.291958
0.322254
0.341187
0.355211
0.3716
0.372537
0.365021
0.363083
0.329875
0.294958
0.267421
0.251898
0.245718
0.251487
0.258983
0.265121
0.269886
0.271945
0.274094
0.276479
0.269503
0.270111
0.257373
0.242124
0.262625
0.256555
0.273305
0.279234
0.276196
0.280952
0.294587
0.306166
0.309095
0.314325
0.318268
0.324236
0.333705
0.333126
0.330226
0.329142
0.330636
0.348417
0.359696
0.357992
0.339654
0.313625
0.292348
0.28847
0.284162
0.286813
0.296198
0.307484
0.321899
0.332311
0.338039
0.353612
0.369062
0.378115
0.390938
0.395085
0.401824
0.406566
0.408261
0.410622
0.407632
0.410886
0.417145
0.417833
0.409926
0.37484
0.303326
0.240941
0.184031
0.161492
0.14847
0.144235
0.137106
0.136503
0.141248
0.14275
0.143211
0.146688
0.157735
0.165266
0.17985
0.193008
0.195743
0.194639
0.190323
0.194517
0.200397
0.181565
0.178801
0.176261
0.169931
0.169803
0.176693
0.175953
0.178205
0.184721
0.189182
0.188848
0.188322
0.184096
0.170318
0.168746
0.146594
0.150518
0.148851
0.162245
0.152983
0.15923
0.168826
0.182231
0.188989
0.204422
0.208357
0.214806
0.222719
0.225514
0.228813
0.234208
0.239146
0.243207
0.25462
0.252961
0.260264
0.249875
0.242198
0.220921
0.200399
0.200323
0.191657
0.193296
0.210755
0.210785
0.217458
0.223772
0.228761
0.232443
0.25423
0.269368
0.269263
0.284125
0.293506
0.303188
0.307627
0.317371
0.329679
0.334734
0.340801
0.347049
0.353291
0.359216
0.368472
0.36787
0.381117
0.381352
0.386613
0.381189
0.347307
0.306286
0.254796
0.239689
0.223449
0.217884
0.226806
0.230498
0.234568
0.241597
0.245151
0.25528
0.270297
0.267453
0.280907
0.283772
0.291788
0.306633
0.309653
0.316412
0.319428
0.335398
0.329541
0.336106
0.319031
0.307679
0.279091
0.246019
0.210598
0.175436
0.170589
0.166246
0.173011
0.178965
0.190985
0.20294
0.206124
0.206542
0.219573
0.235154
0.205302
0.211243
0.219167
0.20733
0.199451
0.203195
0.185282
0.187505
0.179841
0.171654
0.170138
0.175084
0.175007
0.177693
0.190778
0.192617
0.200531
0.195814
0.193355
0.174213
0.175225
0.174125
0.167322
0.167266
0.17187
0.152496
0.167834
0.169339
0.162281
0.161575
0.158276
0.157636
0.156766
0.171877
0.171441
0.174671
0.178285
0.192845
0.205615
0.210235
0.217162
0.22019
0.226789
0.23199
0.229099
0.246558
0.248839
0.255697
0.24009
0.24609
0.227537
0.23568
0.221132
0.214663
0.207981
0.199004
0.176877
0.177062
0.177343
0.185365
0.189316
0.195198
0.206771
0.190085
0.208785
0.187168
0.204697
0.208088
0.21446
0.199975
0.233631
0.223301
0.219924
0.249432
0.253874
0.269151
0.28069
0.289282
0.298461
0.301732
0.307325
0.315269
0.297444
0.268559
0.24443
0.213441
0.180439
0.163014
0.172442
0.165214
0.148144
0.162528
0.160294
0.181564
0.184816
0.184594
0.1911
0.182833
0.182354
0.178382
0.176792
0.165889
0.171818
0.164047
0.160604
0.165997
0.176647
0.16633
0.173178
0.163248
0.18726
0.182695
0.200215
0.229542
0.255808
0.287105
0.301779
0.318744
0.334905
0.350582
0.331737
0.321189
0.288185
0.266439
0.255889
0.258836
0.264489
0.261701
0.259492
0.262821
0.261307
0.245304
0.256938
0.253516
0.254999
0.247611
0.264355
0.265783
0.245859
0.242469
0.227822
0.212504
0.204504
0.207819
0.202796
0.207254
0.220033
0.227726
0.221138
0.247497
0.221843
0.228397
0.216361
0.21694
0.215455
0.210199
0.19824
0.234711
0.198927
0.211601
0.210743
0.21375
0.217285
0.219449
0.217378
0.244175
0.2228
0.224099
0.239264
0.227323
0.226762
0.223498
0.235058
0.254874
0.23994
0.245642
0.258986
0.25816
0.257118
0.267389
0.27749
0.304482
0.300436
0.328082
0.344276
0.378488
0.437676
0.44637
0.43631
0.43672
0.37777
0.35756
0.301612
0.257651
0.233711
0.221279
0.251154
0.323569
0.364011
0.448304
0.506979
0.527246
0.540809
0.509307
0.439497
0.337068
0.240481
0.206583
0.189856
0.208169
0.202685
0.203219
0.198145
0.20303
0.210022
0.236311
0.212327
0.223803
0.232225
0.225741
0.2345
0.241101
0.236272
0.241666
0.253947
0.250875
0.245298
0.226212
0.213067
0.182058
0.188233
0.163015
0.174176
0.168554
0.159066
0.159515
0.155945
0.166655
0.137027
0.148788
0.121214
0.137718
0.146917
0.147817
0.148354
0.140293
0.146492
0.151296
0.154065
0.160599
0.1632
0.180159
0.191501
0.198349
0.171581
0.192808
0.181717
0.187663
0.172953
0.191071
0.168586
0.190698
0.156914
0.171867
0.16461
0.168224
0.178374
0.174137
0.193455
0.202873
0.210803
0.195365
0.226007
0.206613
0.207016
0.19417
0.19341
0.173912
0.169246
0.163638
0.175348
0.167455
0.200799
0.179626
0.171208
0.181934
0.190266
0.176831
0.179788
0.194661
0.178598
0.184738
0.18879
0.194246
0.196249
0.208338
0.184998
0.189934
0.155737
0.170122
0.167007
0.166287
0.149826
0.149281
0.146246
0.151709
0.143282
0.129404
0.140453
0.14822
0.135282
0.146927
0.146904
0.127039
0.140154
0.133826
0.136891
0.14207
0.137718
0.139426
0.141645
0.142512
0.126098
0.129604
0.128214
0.108664
0.0963427
0.113035
0.113834
0.113064
0.118927
0.132226
0.12544
0.138101
0.148131
0.162318
0.173382
0.171218
0.196026
0.199394
0.201523
0.176534
0.178262
0.155411
0.148187
0.107059
0.099694
0.0675262
0.0715396
0.0954825
0.100394
0.134804
0.143332
0.13825
0.145683
0.15382
0.165054
0.172142
0.154278
0.133491
0.134555
0.126456
0.125031
0.16521
0.172064
0.171455
0.167243
0.197535
0.211197
0.171561
0.18082
0.174754
0.185313
0.18932
0.157079
0.199888
0.167107
0.159219
0.16343
0.185832
0.174981
0.168379
0.182845
0.159875
0.161536
0.162549
0.186111
0.185102
0.175969
0.169758
0.184531
0.157112
0.159705
0.14945
0.165975
0.153495
0.148382
0.149989
0.150201
0.136807
0.122172
0.129637
0.112071
0.10939
0.104812
0.0840246
0.0868443
0.0985646
0.0779961
0.0773033
0.0876804
0.0796519
0.0702198
0.0790424
0.0656277
0.0675811
0.0636659
0.0732323
0.0642739
0.0547113
0.0663737
0.062874
0.0777975
0.0611075
0.0530941
0.0625216
0.0441446
0.0591821
0.0532165
0.0484353
0.0553727
0.0616644
0.0613713
0.0589021
0.0589096
0.0695935
0.0809318
0.0725288
0.0705247
0.0681402
0.0807915
0.071771
0.0670944
0.0662062
0.0759395
0.0696831
0.0847961
0.0765797
0.0784449
0.0782815
0.0663351
0.0612063
0.0512178
0.0525577
0.0580505
0.0451407
0.0388737
0.0396629
0.0467132
0.0461639
0.0482259
0.0547006
0.0348184
0.0568854
0.0633045
0.0679967
0.0515651
0.0544366
0.0686048
0.0607267
0.056666
0.0603555
0.0639261
0.057006
0.0508583
0.0570158
0.0550572
0.0613095
0.0418656
0.0559877
0.064269
0.0660269
0.0764641
0.093168
0.104418
0.0982976
0.112518
0.125348
0.130332
0.137899
0.116992
0.117956
0.12171
0.134148
0.13191
0.129196
0.124674
0.135766
0.131507
0.119063
0.119605
0.164483
0.162455
0.167834
0.155577
0.162872
0.167447
0.192171
0.170695
0.214709
0.220536
0.245663
0.244656
0.244082
0.254056
0.241037
0.218198
0.184069
0.186092
0.146875
0.13928
0.120483
0.153565
0.128166
0.160142
0.156077
0.139267
0.181764
0.173721
0.163637
0.170155
0.164235
0.194002
0.169592
0.175198
0.157808
0.184335
0.176643
0.174582
0.213539
0.195281
0.21811
0.21173
0.241894
0.248222
0.235573
0.208046
0.191411
0.190546
0.188136
0.178636
0.173811
0.147936
0.12943
0.134942
0.097298
0.101745
0.0786963
0.0754243
0.0587007
0.0523651
0.0448667
0.037317
0.0280962
0.0175557
0.013219
0.0152111
0.0103232
0.0112234
0.0175316
0.0111187
0.0115451
0.00988535
0.0108334
0.0113302
0.0150725
0.0120204
0.0159525
0.0196269
0.0251477
0.01828
0.0238427
0.0179454
0.0116158
0.0113282
0.00395392
0.00748589
0
0.0084791
0.00588737
0.0044257
0.00849373
0.00489887
0.00372865
0.00464919
0.00233661
0.00807173
0.00874975
0.00741673
0.00892962
0.0190716
0.0127389
0.0232955
0.0247815
0.0186345
0.00815552
0.0122858
0.0106135
0.0192962
0.0119944
0.0161588
0.0191486
0.0187245
0.0163972
0.0104117
0.0126949
0.0170189
0.0142774
0.0213425
0.0226886
0.0184373
0.0259239
0.0315222
0.0202808
0.0283741
0.0315365
0.0298564
0.0222949
0.0214798
0.02645
0.0178735
0.0238172
0.0274208
0.0299632
0.0349189
0.0263814
0.022572
0.0244839
0.0262096
0.0278359
0.033061
0.0365751
0.0349519
0.0391368
0.0412736
0.0367165
0.0335796
0.0191736
0.0315553
0.0366465
0.0283528
0.0307206
0.0243513
0.0224496
0.0283635
0.0290912
0.0345601
0.0297247
0.0322524
0.0285078
0.0294401
0.0241091
0.0286801
0.024378
0.0333623
0.0359804
0.0512106
0.044246
0.0488159
0.0428729
0.0605797
0.0568129
0.0633647
0.0648828
0.0614615
0.0596346
0.0645922
0.0711241
0.0708106
0.0683318
0.0773206
0.0724735
0.0659079
0.0671482
0.072908
0.0786253
0.0819002
0.0855492
0.0961317
0.0924702
0.108575
0.0997765
0.106762
0.106834
0.105981
0.112903
0.116551
0.118367
0.114606
0.0984196
0.109869
0.116205
0.112519
0.113933
0.110334
0.103816
0.102613
0.119391
0.10387
0.115087
0.109963
0.118349
0.127054
0.131513
0.135932
0.144039
0.123667
0.111919
0.111308
0.100762
0.0915988
0.0925061
0.0980023
0.0944735
0.0958656
0.0802475
0.100036
0.102903
0.105125
0.10547
0.0797698
0.0883053
0.0912948
0.096416
0.0927027
0.0967231
0.0975263
0.088138
0.0947019
0.0850724
0.0939228
0.0927409
0.0597115
0.0761963
0.0724728
0.0663014
0.0574102
0.0608832
0.0559655
0.055028
0.0534266
0.0499124
0.0566296
0.0446429
0.0531525
0.0484256
0.0428194
0.0514953
0.0421316
0.0437725
0.0619465
0.0493395
0.043918
0.053022
0.0479944
0.0612811
0.0494682
0.0521565
0.0476262
0.0323474
0.0353574
0.0227804
0.0172528
0.0237692
0.0246418
0.0147463
0.00967996
0.00987586
0.00546469
0.0168344
0.015246
0.0198185
0.00477504
0.0174484
0.0161282
0.0158442
0.026191
0.0127369
0.019781
0.0250582
0.0249156
0.0342159
0.033521
0.0378014
0.0470395
0.0396693
0.0440737
0.0387728
0.0468779
0.0551377
0.0440238
0.0276764
0.0335302
0.0205754
0.0249652
0.0210292
0.0262312
0.0171569
0.02734
0.0146414
0.026488
0.0166052
0.0203559
0.0174793
0.0186012
0.0156793
0.0175716
0.0189383
0.0217751
0.0144381
0.0179943
0.0264447
0.0207042
0.0168382
0.0177988
0.0132809
0.0216112
0.0286975
0.0111376
0.0188897
0.0082941
0.0153416
0.0165505
0.0190511
0.0135025
0.0104433
0.0168323
0.0090794
0.0123779
0.0108512
0.0156402
0.0212371
0.0212559
0.0114746
0.016247
0.0210405
0.021823
0.0176807
0.0222434
0.0189556
0.0304333
0.029842
0.0297752
0.039625
0.0334137
0.0351988
0.0339972
0.0256305
0.0394865
0.0277123
0.0396888
0.0339403
0.0186213
0.0296338
0.02288
0.0273442
0.0182491
0.0263283
0.0201815
0.0229284
0.0236672
0.0203744
0.0221642
0.0165763
0.0152267
0.0187147
0.0194129
0.0226003
0.0200186
0.0277362
0.0302921
0.0296415
0.0289008
0.030589
0.0364607
0.0388749
0.03437
0.0443385
0.0472725
0.0468589
0.0408393
0.0469018
0.0521257
0.0393728
0.0489682
0.041343
0.0471388
0.0474671
0.0449246
0.0466325
0.0432832
0.0411733
0.0475472
0.0419549
0.0472931
0.0454615
0.0450932
0.0471748
0.0459803
0.0545671
0.0505936
0.0533201
0.056267
0.0602115
0.0633022
0.0693594
0.0705612
0.0877244
0.125886
0.194234
0.387733
0.629269
0.728738
0.75744
0.726361
0.610635
0.380236
0.191415
0.12371
0.0882646
0.0863656
0.0806821
0.0797476
0.0723348
0.0726728
0.0770967
0.0770973
0.0665033
0.0738948
0.0786388
0.0696998
0.0726163
0.0679942
0.072758
0.0660656
0.0786825
0.0766747
0.0730165
0.0712698
0.0712353
0.0667032
0.0685714
0.0625988
0.0565062
0.0627215
0.0619183
0.0539834
0.051571
0.0597794
0.0611894
0.0578943
0.0565276
0.0593965
0.0499557
0.060076
0.0551954
0.0630352
0.0644057
0.0714275
0.0691153
0.0659517
0.0668492
0.0705568
0.0724727
0.0670985
0.0645784
0.0697853
0.0739336
0.071692
0.0752154
0.071871
0.0714222
0.0759455
0.0721024
0.0707725
0.0700806
0.0649789
0.0665125
0.0699137
0.0617298
0.0622722
0.0610273
0.0569617
0.0561709
0.0603094
0.0598677
0.0563614
0.068909
0.0604713
0.0656426
0.0543606
0.0644477
0.0586776
0.0623251
0.0639398
0.0693642
0.0612013
0.069238
0.0594207
0.0702478
0.0606688
0.0627335
0.0664615
0.0678306
0.0622361
0.0712118
0.0711536
0.0670297
0.071079
0.0755519
0.0695097
0.0708981
0.0695876
0.0697139
0.0753169
0.0534079
0.0632308
0.0850383
0.0577919
0.0712539
0.065301
0.078548
0.0892284
0.0703824
0.0778583
0.0939131
0.0895248
0.0945133
0.0748885
0.0897841
0.0769203
0.0908381
0.0840827
0.0847702
0.100649
0.0839608
0.0954213
0.0993974
0.0915702
0.0783308
0.0869021
0.0851646
0.0817363
0.0762873
0.0940329
0.0826238
0.1042
0.0892807
0.0873718
0.0820041
0.0824138
0.0762158
0.0766567
0.0952404
0.085142
0.0778082
0.0839152
0.100684
0.0896465
0.0995263
0.0931785
0.0780142
0.103014
0.0963075
0.101362
0.0832277
0.101813
0.0963367
0.100206
0.100569
0.0958852
0.091348
0.100004
0.108335
0.106307
0.0833637
0.110811
0.12735
0.113531
0.100199
0.115944
0.110395
0.0972495
0.128758
0.125681
0.144294
0.149301
0.142358
0.13534
0.130052
0.118951
0.135211
0.12977
0.10921
0.115866
0.100647
0.108061
0.133184
0.117401
0.116168
0.0836591
0.11003
0.0994165
0.0944215
0.096614
0.105411
0.120324
0.115491
0.110485
0.101091
0.112054
0.076044
0.089249
0.0938095
0.0927416
0.101412
0.0995783
0.0828663
0.0858574
0.0965268
0.0772239
0.0858998
0.0848633
0.092013
0.104249
0.0843024
0.0716623
0.108716
0.0923736
0.131061
0.129542
0.116624
0.149632
0.120989
0.123943
0.117341
0.107632
0.0897499
0.0772778
0.09717
0.0753148
0.0704134
0.0688094
0.0807279
0.0758141
0.0603919
0.0635715
0.0564022
0.0757073
0.0736809
0.0822233
0.0928829
0.092625
0.0900548
0.0967509
0.0897129
0.10434
0.0990622
0.115463
0.130316
0.143057
0.1561
0.161775
0.170419
0.166844
0.182985
0.217509
0.257938
0.251027
0.251735
0.242252
0.204282
0.133242
0.0769323
0.0637757
0.06992
0.0718308
0.0664682
0.0627866
0.0834749
0.0569348
0.0666558
0.0540093
0.0483236
0.0609379
0.0686398
0.0756416
0.0691703
0.0738203
0.0760794
0.0728003
0.0866489
0.0529947
0.0743656
0.0636859
0.0717689
0.0660571
0.0704991
0.0587031
0.0730061
0.0585467
0.0702658
0.0603075
0.0726716
0.0688519
0.0631335
0.0670304
0.0792981
0.0654504
0.068208
0.0717771
0.0698406
0.0675863
0.0744752
0.068431
0.0688167
0.0763451
0.0754893
0.0717197
0.0635332
0.0597318
0.073824
0.0788848
0.066387
0.0634604
0.0772735
0.0670028
0.0649356
0.0617516
0.05771
0.0652355
0.0518839
0.0427691
0.0541902
0.0588999
0.0607062
0.0554866
0.0542689
0.053591
0.0710663
0.0624183
0.06389
0.0676966
0.0577367
0.0594922
0.0614139
0.0637082
0.0592387
0.06557
0.0621637
0.073141
0.0670496
0.0631336
0.0619397
0.0650381
0.0583719
0.062937
0.0636392
0.0588818
0.0698872
0.0610406
0.0633799
0.0586003
0.0624837
0.0621676
0.06438
0.0717271
0.0738549
0.0692018
0.0734389
0.0702125
0.0809316
0.0800335
0.0787535
0.0832621
0.0856844
0.0970912
0.0919777
0.0972456
0.096023
0.101994
0.09908
0.105826
0.118791
0.120762
0.115743
0.111618
0.0995205
0.0820434
0.0672819
0.0693716
0.0608523
0.0632021
0.0633474
0.0621702
0.0567137
0.0536621
0.0558924
0.0552732
0.0521657
0.0627163
0.0581281
0.0598321
0.0639658
0.0648
0.0716516
0.0752025
0.0696629
0.0724778
0.0799517
0.0753491
0.0864171
0.0897568
0.0919161
0.0941136
0.0985625
0.0998985
0.114285
0.124374
0.14007
0.143839
0.153967
0.166244
0.1683
0.172537
0.16777
0.16616
0.150529
0.140938
0.130299
0.116444
0.108341
0.0968083
0.0927504
0.0797278
0.0825904
0.0834847
0.0675772
0.087253
0.0766866
0.0871805
0.0814403
0.0927988
0.080183
0.0890229
0.0950626
0.0953779
0.0919197
0.102865
0.105874
0.103788
0.107981
0.108251
0.111722
0.120755
0.125371
0.130289
0.141024
0.138265
0.147523
0.152021
0.157582
0.169244
0.177765
0.192208
0.203208
0.205634
0.205805
0.207552
0.183065
0.172465
0.167881
0.151856
0.133599
0.125053
0.114614
0.107324
0.0990305
0.0982448
0.0898942
0.0953322
0.0985127
0.100174
0.0982824
0.112556
0.10521
0.0928056
0.0772719
0.07839
0.0786435
0.0857301
0.0858168
0.0760868
0.0854969
0.0728137
0.0789868
0.0795552
0.0654879
0.0809868
0.0868778
0.0791783
0.0870106
0.0751089
0.0821667
0.0770929
0.0758821
0.0839124
0.088323
0.0843497
0.08732
0.0853325
0.0886545
0.0871857
0.0752344
0.0887727
0.0878818
0.0889588
0.0824728
0.091032
0.0819757
0.0866124
0.0885273
0.0879979
0.0881649
0.0936638
0.0877751
0.0872624
0.084262
0.0948436
0.0881422
0.0866818
0.0871662
0.0823708
0.0860682
0.0915371
0.0870767
0.0943945
0.089436
0.0984775
0.085239
0.0822533
0.0833588
0.084604
0.0940284
0.0820099
0.0895501
0.088077
0.0937814
0.105289
0.103293
0.115883
0.130706
0.132675
0.135067
0.156215
0.126019
0.142932
0.160736
0.155354
0.158719
0.152939
0.162206
0.191098
0.190616
0.185228
0.157997
0.166074
0.171968
0.160373
0.139422
0.132183
0.12146
0.139773
0.122292
0.110989
0.124565
0.11488
0.117983
0.126139
0.134061
0.128082
0.142398
0.134378
0.147211
0.151655
0.156173
0.160155
0.15725
0.174813
0.170098
0.161561
0.16199
0.153705
0.142106
0.156249
0.158073
0.14338
0.134986
0.139115
0.150836
0.13633
0.110841
0.12415
0.133975
0.122851
0.133205
0.132337
0.1471
0.152792
0.153781
0.12896
0.141446
0.143021
0.160716
0.159574
0.163406
0.184282
0.168428
0.163913
0.161846
0.194733
0.193385
0.196494
0.185333
0.195078
0.203875
0.194531
0.217597
0.220882
0.217796
0.220215
0.22005
0.228664
0.248759
0.25029
0.265862
0.244034
0.248789
0.250402
0.244487
0.233332
0.219685
0.222157
0.223345
0.213708
0.194341
0.182089
0.155039
0.179836
0.152766
0.134779
0.1197
0.11739
0.106581
0.098317
0.087152
0.0910099
0.102481
0.107385
0.137907
0.107548
0.129585
0.119777
0.121096
0.14389
0.0972573
0.146965
0.179907
0.151902
0.157244
0.157383
0.182105
0.190733
0.153824
0.172913
0.212303
0.200812
0.249501
0.226084
0.254197
0.276555
0.244565
0.245343
0.245342
0.25583
0.280361
0.287361
0.284217
0.29836
0.301684
0.290403
0.312327
0.299932
0.321077
0.287721
0.282104
0.312829
0.285098
0.244105
0.229745
0.228063
0.226888
0.181866
0.185091
0.141021
0.136327
0.109899
0.128686
0.0794316
0.0877398
0.0590544
0.119126
0.0793787
0.0934922
0.112357
0.109681
0.0562119
0.0379454
0.0957221
0.11182
0.080005
0.0737073
0.0934698
0.102871
0.0736446
0.0977366
0.0714319
0.111306
0.0613923
0.0805251
0.0875598
0.1258
0.0805812
0.0812945
0.0762702
0.0974044
0.0792679
0.128117
0.126793
0.152072
0.129361
0.077682
0.1368
0.107723
0.13629
0.101595
0.163625
0.156711
0.153581
0.110565
0.0967803
0.120242
0.104577
0.126937
0.13364
0.0931482
0.14362
0.131369
0.126025
0.102147
0.112266
0.102313
0.0935186
0.141632
0.12784
0.135063
0.106884
0.122248
0.173301
0.112139
0.107027
0.125982
0.148195
0.100564
0.126159
0.102077
0.0919048
0.111786
0.12278
0.0722649
0.068146
0.100767
0.0781837
0.0592675
0.130332
0.132187
0.0763718
0.0456046
0.0805694
0.0924333
0.0993975
0.128293
0.107763
0.115018
0.0798082
0.0687022
0.0868953
0.0567563
0.105876
0.0708378
0.148784
0.133186
0.129635
0.097754
0.0851573
0.0606269
0.128266
0.145128
0.114135
0.0958447
0.102725
0.115368
0.141796
0.109314
0.134253
0.112926
0.150401
0.178175
0.160625
0.181832
0.138748
0.132107
0.155879
0.121252
0.133709
0.156292
0.150714
0.160215
0.170541
0.147235
0.13614
0.0881606
0.133188
0.084347
0.124507
0.0968665
0.103999
0.123854
0.0728716
0.0813119
0.0754127
0.0580637
0.0579468
