0.175027
0.17449
0.173525
0.189766
0.184397
0.197855
0.190777
0.193955
0.2092
0.207043
0.213324
0.219999
0.230211
0.229545
0.236319
0.244002
0.249888
0.255579
0.251033
0.247247
0.243845
0.242362
0.248749
0.255784
0.266535
0.272958
0.282236
0.294306
0.299469
0.302958
0.308696
0.313319
0.317525
0.321289
0.32504
0.330526
0.337372
0.337155
0.33682
0.330203
0.319757
0.309798
0.319449
0.320561
0.341344
0.353346
0.361197
0.366603
0.37153
0.371437
0.363358
0.322462
0.304565
0.301164
0.300957
0.301725
0.326461
0.39654
0.406139
0.391764
0.36097
0.311247
0.250533
0.218117
0.217057
0.204391
0.187244
0.174763
0.157729
0.161669
0.150089
0.150763
0.137065
0.132609
0.132677
0.141336
0.141002
0.143252
0.1442
0.150773
0.155157
0.160052
0.162964
0.159598
0.168659
0.166971
0.165727
0.177199
0.184271
0.185573
0.19363
0.205183
0.212848
0.228839
0.247397
0.270004
0.295624
0.317909
0.329162
0.344736
0.346472
0.344332
0.335032
0.310246
0.27296
0.247268
0.234478
0.231404
0.232559
0.241174
0.247699
0.249608
0.251762
0.252207
0.260414
0.255324
0.251648
0.23829
0.235367
0.240722
0.240087
0.24799
0.258539
0.265876
0.26814
0.270756
0.286775
0.289426
0.2958
0.299712
0.301649
0.310613
0.307635
0.30401
0.302234
0.303702
0.322955
0.332375
0.336212
0.320509
0.298683
0.276005
0.269824
0.274552
0.268863
0.274842
0.287722
0.299514
0.311713
0.329022
0.333135
0.344302
0.355844
0.365199
0.3704
0.375367
0.381542
0.384531
0.383122
0.38066
0.381159
0.388191
0.389593
0.38159
0.344942
0.276972
0.222352
0.17811
0.146547
0.140807
0.13669
0.126013
0.120907
0.125572
0.134024
0.135276
0.140029
0.146261
0.153396
0.175619
0.18293
0.183716
0.188192
0.18107
0.187093
0.191113
0.172209
0.172567
0.16752
0.15932
0.161035
0.161481
0.161942
0.164251
0.171808
0.175303
0.173687
0.176641
0.170444
0.158843
0.160432
0.143882
0.144503
0.137469
0.145392
0.14459
0.149827
0.159347
0.166323
0.184204
0.186313
0.191651
0.198684
0.206958
0.210521
0.215401
0.216282
0.219098
0.224081
0.235538
0.236504
0.238159
0.234626
0.225632
0.209193
0.191631
0.189454
0.178359
0.180633
0.193672
0.197984
0.206814
0.21172
0.202764
0.21926
0.239633
0.249312
0.253708
0.266479
0.267778
0.278359
0.287393
0.29731
0.306648
0.312181
0.316797
0.322753
0.329973
0.328372
0.34301
0.341297
0.35066
0.355258
0.357085
0.358386
0.322228
0.293254
0.239042
0.229548
0.215913
0.224509
0.213861
0.22257
0.2206
0.230056
0.226337
0.240741
0.261657
0.250457
0.264463
0.284651
0.274304
0.290521
0.290607
0.293504
0.306399
0.307334
0.306985
0.307035
0.298928
0.286568
0.254642
0.228368
0.199263
0.170252
0.152332
0.157644
0.166182
0.174478
0.179163
0.195432
0.205104
0.198983
0.218245
0.234648
0.217431
0.216887
0.207289
0.20179
0.197861
0.186817
0.189894
0.165187
0.16661
0.165266
0.159051
0.165679
0.172179
0.168306
0.18079
0.174617
0.184852
0.178286
0.170282
0.168754
0.166193
0.170831
0.159673
0.164979
0.148203
0.155713
0.167597
0.153823
0.160965
0.160186
0.151764
0.157503
0.156024
0.154459
0.160921
0.160229
0.174157
0.180151
0.184004
0.193863
0.201974
0.204929
0.211735
0.213694
0.220931
0.223108
0.230598
0.233572
0.231073
0.232146
0.223752
0.228102
0.208818
0.208531
0.190482
0.17905
0.169241
0.166947
0.171016
0.189888
0.190024
0.195315
0.191685
0.185616
0.195328
0.178802
0.189183
0.206473
0.193261
0.191214
0.207577
0.213895
0.215031
0.235236
0.249694
0.257632
0.267743
0.281154
0.281471
0.285563
0.291366
0.288211
0.278964
0.251673
0.219011
0.194363
0.17743
0.157623
0.161302
0.157968
0.154506
0.14855
0.157437
0.176031
0.181362
0.190761
0.180258
0.180506
0.183102
0.182771
0.178714
0.169368
0.155472
0.162217
0.154661
0.154721
0.153994
0.157741
0.154857
0.159327
0.170502
0.17199
0.187561
0.206145
0.234561
0.269857
0.288442
0.302729
0.317338
0.323717
0.312559
0.30914
0.277412
0.274256
0.256286
0.239998
0.253071
0.239376
0.258406
0.244242
0.245737
0.235393
0.242727
0.241135
0.232858
0.232097
0.239062
0.247103
0.232412
0.228072
0.216464
0.199025
0.193071
0.199055
0.185062
0.198925
0.201612
0.218707
0.214232
0.228768
0.197965
0.216187
0.203319
0.206981
0.210077
0.218332
0.2028
0.205078
0.198541
0.203991
0.202933
0.206959
0.226023
0.206141
0.203492
0.235615
0.227308
0.208539
0.23206
0.223816
0.231537
0.23059
0.209174
0.226397
0.23442
0.240152
0.244275
0.247453
0.247879
0.253175
0.264774
0.27782
0.288261
0.310081
0.346203
0.378042
0.426132
0.451763
0.421684
0.412655
0.370334
0.345154
0.27528
0.24624
0.228614
0.199292
0.229845
0.264275
0.304938
0.380934
0.429634
0.43579
0.451118
0.435595
0.375846
0.293587
0.230582
0.202286
0.180025
0.200916
0.193752
0.19099
0.189556
0.191126
0.211248
0.241717
0.215316
0.206404
0.21255
0.217381
0.223038
0.217743
0.228111
0.237409
0.235391
0.231451
0.234668
0.221795
0.207776
0.192172
0.1842
0.15338
0.171063
0.162598
0.169175
0.148095
0.14891
0.144682
0.145405
0.141926
0.113456
0.138676
0.141073
0.140228
0.144333
0.146235
0.15062
0.148064
0.154812
0.149594
0.169435
0.18719
0.177984
0.209042
0.184809
0.209601
0.172877
0.178807
0.176653
0.188489
0.149664
0.189426
0.157856
0.15976
0.161105
0.160444
0.154694
0.163758
0.199761
0.207952
0.195731
0.200424
0.215885
0.222279
0.210449
0.196365
0.186755
0.178548
0.187292
0.171691
0.181425
0.164526
0.191734
0.17159
0.170863
0.165737
0.168689
0.170386
0.183462
0.185979
0.179794
0.184088
0.196159
0.195729
0.192026
0.206313
0.192938
0.187212
0.171614
0.158271
0.15561
0.144158
0.147644
0.144499
0.150138
0.16192
0.12608
0.119352
0.147485
0.153846
0.136781
0.129388
0.15835
0.127009
0.149191
0.144626
0.136615
0.145233
0.136225
0.135135
0.13585
0.126292
0.128825
0.140513
0.120181
0.102246
0.0974174
0.106164
0.110442
0.108321
0.118578
0.118871
0.123817
0.121757
0.145596
0.15884
0.168927
0.150003
0.180163
0.193664
0.196525
0.174117
0.192469
0.159393
0.132995
0.10782
0.101525
0.0801755
0.0839224
0.09012
0.098654
0.106204
0.14157
0.15483
0.157181
0.144784
0.174485
0.150461
0.150303
0.149694
0.116376
0.177156
0.136825
0.142672
0.16798
0.17716
0.196489
0.193744
0.195305
0.175581
0.195152
0.149005
0.204066
0.15935
0.165037
0.184194
0.170106
0.164113
0.150734
0.170233
0.161244
0.169632
0.172371
0.162742
0.163057
0.165246
0.183407
0.160407
0.158293
0.167641
0.168929
0.148453
0.169676
0.159752
0.167641
0.159555
0.149433
0.137447
0.130395
0.140614
0.123905
0.128416
0.108682
0.103653
0.105952
0.0863743
0.0786828
0.0811511
0.0743137
0.087935
0.0899594
0.0815313
0.0668284
0.0694069
0.0726344
0.0601728
0.0702558
0.0695729
0.0671158
0.0601719
0.0624593
0.0624408
0.0796557
0.0703787
0.0564855
0.0452094
0.0533669
0.059218
0.0639843
0.0608018
0.0422235
0.0509265
0.0627575
0.0511037
0.0574391
0.0667915
0.0832978
0.0742231
0.0561373
0.0680695
0.0765862
0.0642506
0.0722679
0.0627054
0.0779156
0.0746939
0.0930858
0.0748817
0.0827514
0.0732497
0.0699209
0.0639926
0.0556901
0.0670638
0.058292
0.0466259
0.0426909
0.0327935
0.04016
0.0446412
0.0579735
0.0664344
0.0524633
0.050104
0.0625875
0.0742949
0.0654985
0.0570077
0.067087
0.0524427
0.0467651
0.0564423
0.0647708
0.0592581
0.065659
0.0539971
0.0486485
0.0542628
0.0529001
0.0568593
0.0635351
0.0661631
0.0875727
0.093127
0.0940475
0.0872658
0.117407
0.116181
0.128077
0.131578
0.139541
0.124285
0.131996
0.12419
0.132315
0.133787
0.123307
0.12216
0.130914
0.105982
0.131346
0.143143
0.15771
0.131656
0.144238
0.161203
0.173627
0.186127
0.177702
0.208496
0.205456
0.231706
0.251727
0.244052
0.253152
0.213435
0.206063
0.192824
0.151211
0.128182
0.134472
0.125554
0.145707
0.174654
0.172193
0.152969
0.154882
0.17645
0.150796
0.138221
0.178782
0.174683
0.196985
0.176828
0.181237
0.15043
0.185542
0.159572
0.181697
0.216155
0.211566
0.238054
0.228734
0.238358
0.241301
0.244355
0.231494
0.182289
0.211534
0.199849
0.178536
0.171083
0.155486
0.13997
0.123295
0.103622
0.085544
0.09249
0.0703924
0.0681416
0.0523299
0.0472013
0.0327827
0.0205668
0.0123031
0.0151053
0.0146175
0.0163494
0.00701469
0.0182084
0.0152341
0.00982285
0.0113958
0.00898551
0.0137139
0.0174067
0.0196473
0.0232548
0.0262904
0.0287884
0.0235318
0.0192809
0.0144813
0.0164926
0.00797344
0.00894721
0.0120279
0.00658465
0.0066113
0.00726492
0.00613369
0.00993625
0.00834626
0.0048074
0
0.000460066
0.00586742
0.0128994
0.00731169
0.00778768
0.0224284
0.00869047
0.0167602
0.0181462
0.0177135
0.0149686
0.0205664
0.00644083
0.0164124
0.0154174
0.0163904
0.0180654
0.0138656
0.0168623
0.0096965
0.0149887
0.0142235
0.0131956
0.0197985
0.0256125
0.0193033
0.028563
0.0305054
0.0224794
0.0309052
0.0231951
0.0243508
0.0269934
0.0152773
0.028638
0.0188172
0.0226372
0.0218089
0.0294815
0.0319692
0.0326984
0.0258555
0.0208672
0.0280589
0.0340968
0.0274039
0.0322115
0.0328329
0.042513
0.0456802
0.0366672
0.0345181
0.0203368
0.0292981
0.0347194
0.0314261
0.0273673
0.0226953
0.0216016
0.0294342
0.0264849
0.0315159
0.0270541
0.0266504
0.0298318
0.0302005
0.0270446
0.0263318
0.0347493
0.03625
0.0401432
0.0515354
0.0540158
0.0507005
0.0479475
0.0566849
0.0608078
0.0665759
0.0582803
0.0644416
0.05663
0.0696241
0.0641618
0.0714687
0.068243
0.0730262
0.0729773
0.0658877
0.0697744
0.0694955
0.0786712
0.0793216
0.0840273
0.091023
0.10223
0.106665
0.101392
0.111948
0.103688
0.109179
0.109048
0.11219
0.117648
0.110706
0.107493
0.10989
0.104008
0.102463
0.113194
0.108359
0.103653
0.106879
0.112252
0.108313
0.118982
0.108317
0.108441
0.122419
0.141284
0.131167
0.134865
0.115211
0.113079
0.116115
0.0988765
0.0902574
0.0972329
0.0844077
0.0897743
0.0941085
0.0726354
0.106175
0.0946956
0.0982522
0.0983001
0.0762161
0.0923252
0.0897752
0.0907178
0.093481
0.0989705
0.0894272
0.0977698
0.0834594
0.103686
0.0968536
0.0772516
0.090143
0.0763942
0.0739849
0.0623508
0.0586389
0.0635829
0.0534585
0.0581469
0.0580452
0.0507655
0.047321
0.0443617
0.0550454
0.0445564
0.033486
0.0450431
0.051213
0.0473599
0.0586057
0.0588773
0.0587287
0.0553027
0.0474984
0.0561656
0.053416
0.0568992
0.0525792
0.0332465
0.0448286
0.0363793
0.0236294
0.0245055
0.0155628
0.00866268
0.0135796
0.00832897
0.0151368
0.0178449
0.00696798
0.0117255
0.00433062
0.0241661
0.016249
0.01798
0.0137919
0.0157524
0.0286372
0.022278
0.0269105
0.0394647
0.0408417
0.0360381
0.0582334
0.0485852
0.0374023
0.0396216
0.046937
0.0538166
0.045304
0.0362819
0.041808
0.0298007
0.0335389
0.0226257
0.0273356
0.0241551
0.0183136
0.0158231
0.0253495
0.0171564
0.0158328
0.0154618
0.0157332
0.0177086
0.0277172
0.0108208
0.0160523
0.0173309
0.0267834
0.0160573
0.0220174
0.028759
0.0211065
0.013847
0.00923923
0.0303662
0.0196294
0.018048
0.0136392
0.017453
0.0243782
0.0228382
0.0106623
0.0116669
0.014713
0.0155101
0.0122437
0.0205497
0.0175499
0.0267639
0.0168466
0.0201625
0.0154851
0.0181498
0.0191047
0.0236744
0.0254766
0.0233725
0.0277587
0.0332163
0.0316707
0.0396944
0.0450651
0.0337478
0.0377137
0.03768
0.0398187
0.0316431
0.0372847
0.0341705
0.0228582
0.0294411
0.0257777
0.0282711
0.0265426
0.0239811
0.0213577
0.0239294
0.0229823
0.0185306
0.018947
0.015738
0.0233897
0.0163784
0.0210767
0.0256303
0.0235381
0.0309214
0.0318674
0.0299431
0.0304116
0.0298185
0.0394872
0.0458601
0.0340128
0.0518326
0.0458834
0.0500467
0.0414587
0.0464746
0.0541261
0.0355799
0.0440153
0.0407751
0.0418002
0.0452167
0.0414089
0.0424186
0.0443666
0.0448906
0.0483302
0.0445895
0.0431037
0.0418015
0.0457417
0.0472243
0.0503649
0.0535847
0.0483369
0.0494116
0.0520294
0.05622
0.0606473
0.0619378
0.069434
0.084154
0.11129
0.164995
0.326415
0.521373
0.599696
0.619929
0.59158
0.513825
0.311996
0.162867
0.113333
0.086097
0.0793847
0.0796717
0.0734849
0.0720805
0.0713737
0.0786325
0.0766989
0.065989
0.0636791
0.0742117
0.0645516
0.0668788
0.0664363
0.0711347
0.0698623
0.0731263
0.0743179
0.0668328
0.0662027
0.0632938
0.0615825
0.0624279
0.0660776
0.0495892
0.0632937
0.0558269
0.0531292
0.052365
0.0501755
0.0592701
0.0516981
0.048909
0.0595469
0.053683
0.0599761
0.0487742
0.0566686
0.0587918
0.0632494
0.0666909
0.0665441
0.0656846
0.0682066
0.0660186
0.067015
0.064484
0.0671552
0.0680815
0.0708961
0.073074
0.0658336
0.0662771
0.0725543
0.0723553
0.0672605
0.0682101
0.0663318
0.0632009
0.0727645
0.0605843
0.0639076
0.0684806
0.0509983
0.0585966
0.0584131
0.0534434
0.0474169
0.0563411
0.0565101
0.0591939
0.0589077
0.0618681
0.060634
0.0647613
0.0675677
0.068675
0.0633096
0.0656187
0.0590978
0.0704747
0.0615932
0.0619706
0.067786
0.0691793
0.0631866
0.0711478
0.0683602
0.059534
0.0729349
0.0776297
0.0657268
0.0682794
0.067285
0.0782449
0.0812943
0.0749589
0.0749714
0.0835057
0.074266
0.0736803
0.0640922
0.0819357
0.0797688
0.0791475
0.0870928
0.0799937
0.0868738
0.109308
0.0847586
0.0843857
0.0778095
0.0986921
0.0864991
0.0797643
0.0958912
0.0870358
0.081212
0.0942174
0.082421
0.0858491
0.0806555
0.0853769
0.0922361
0.0838819
0.0880756
0.0772277
0.0973835
0.0710964
0.0857145
0.0825605
0.0931447
0.0758869
0.0912976
0.0836038
0.0804081
0.104693
0.091975
0.100855
0.074136
0.108954
0.0901566
0.0909099
0.108114
0.122323
0.121098
0.0939348
0.109622
0.0958708
0.112026
0.0779248
0.102647
0.0925382
0.11781
0.122925
0.120744
0.0894463
0.121139
0.120809
0.115842
0.113524
0.112325
0.131748
0.114155
0.146208
0.128694
0.14699
0.157708
0.147713
0.144686
0.139198
0.128684
0.137683
0.117715
0.116302
0.116908
0.115001
0.121839
0.125082
0.14079
0.0988224
0.0963032
0.106871
0.113809
0.0887558
0.092671
0.086915
0.107315
0.0926463
0.116547
0.09713
0.108937
0.0782473
0.100784
0.0967501
0.0905591
0.0959719
0.112168
0.119792
0.112591
0.0867398
0.0872978
0.0812857
0.0757778
0.0768585
0.102331
0.091466
0.0808524
0.0912132
0.113523
0.10574
0.142213
0.110066
0.129431
0.118819
0.104699
0.120839
0.10328
0.0818867
0.0870558
0.0938223
0.0708378
0.0565093
0.0864252
0.0813903
0.0959022
0.070953
0.053292
0.0723218
0.0706487
0.0856466
0.0978547
0.0906295
0.0903158
0.0815969
0.0998145
0.0739142
0.0970782
0.114558
0.115688
0.132029
0.144204
0.149244
0.158212
0.163687
0.165317
0.18734
0.204436
0.233709
0.242988
0.238049
0.224958
0.196496
0.129624
0.0967118
0.0701797
0.0598775
0.0619576
0.0729688
0.0595491
0.0637948
0.0649176
0.0677687
0.0521762
0.0583416
0.0749123
0.0714789
0.0710444
0.0580615
0.0662651
0.0705503
0.0643717
0.067731
0.0589452
0.0706016
0.0558534
0.079775
0.0656047
0.0679185
0.0679093
0.0775923
0.0608302
0.0705138
0.0640162
0.0745719
0.0641409
0.0666644
0.0720051
0.0730436
0.0716591
0.0721997
0.0723196
0.0701936
0.0668158
0.0668894
0.0664392
0.0649289
0.063803
0.0745682
0.0722291
0.0655238
0.0631425
0.0690304
0.072089
0.0708857
0.0638617
0.0776597
0.0640921
0.0618996
0.0622245
0.0607991
0.0513849
0.0534955
0.0545515
0.0518615
0.0665241
0.0545112
0.0683
0.0505063
0.0585382
0.0644729
0.0566578
0.0603352
0.0644809
0.0563508
0.0626425
0.0653515
0.0517549
0.0577327
0.0678447
0.0575774
0.065275
0.0631711
0.0599074
0.0608711
0.0583059
0.0589455
0.0646059
0.0614591
0.0600897
0.0669695
0.0600144
0.0616431
0.0617622
0.0600627
0.0630181
0.0624139
0.0665437
0.0711088
0.0670569
0.0753079
0.0635221
0.0660017
0.0691222
0.0723809
0.087058
0.0857326
0.0909014
0.0821394
0.0914448
0.0971557
0.0904869
0.10005
0.111956
0.114352
0.113322
0.119087
0.103588
0.0966074
0.0754586
0.0810036
0.0657658
0.0646184
0.0573445
0.0650599
0.0557293
0.0538552
0.059394
0.055365
0.0577869
0.0547743
0.0571814
0.0610426
0.0563919
0.0608255
0.0652563
0.0645344
0.0680339
0.0648461
0.0759425
0.0782697
0.0747621
0.0775956
0.0892209
0.0871422
0.0939708
0.0988058
0.0973588
0.11223
0.11697
0.130796
0.136255
0.14954
0.160281
0.160393
0.164712
0.156943
0.154641
0.144217
0.129781
0.119505
0.116359
0.103724
0.0888983
0.0926638
0.0890179
0.0877668
0.0710308
0.0744461
0.0853348
0.0781435
0.0784451
0.0882661
0.0830385
0.0843491
0.0800198
0.0982637
0.0916272
0.0886709
0.0994937
0.0949373
0.0998494
0.106937
0.108401
0.111954
0.121693
0.118208
0.128374
0.130976
0.130756
0.137939
0.152699
0.146524
0.155299
0.172625
0.185278
0.184953
0.194149
0.198888
0.195297
0.178258
0.167738
0.155469
0.147519
0.120734
0.115095
0.110322
0.103001
0.101591
0.107142
0.0916092
0.0969305
0.0979674
0.0911676
0.0937646
0.0947083
0.0958279
0.0921156
0.0932386
0.0804247
0.0812323
0.0786487
0.0838173
0.0835722
0.0871031
0.07863
0.073264
0.082765
0.0761173
0.0769409
0.0812572
0.0778136
0.0810572
0.0818739
0.0769338
0.0788128
0.0806659
0.0903318
0.0869832
0.0860281
0.0887415
0.0816519
0.0869587
0.0840808
0.0832064
0.0833039
0.0845985
0.0909473
0.0877715
0.0920152
0.0836123
0.0887885
0.0919597
0.0867784
0.0926676
0.0928314
0.0874117
0.0851563
0.0814428
0.088051
0.088187
0.0944584
0.0854072
0.0865315
0.0879964
0.0917188
0.0874745
0.093814
0.0912519
0.094634
0.0920922
0.0843332
0.0842793
0.0944819
0.0981513
0.0869933
0.0960302
0.0900041
0.0952916
0.107732
0.109135
0.106069
0.124331
0.132392
0.129093
0.150877
0.120142
0.138619
0.162644
0.149328
0.15408
0.153046
0.168818
0.173272
0.186567
0.16332
0.166993
0.160283
0.171488
0.13872
0.134405
0.141924
0.1266
0.101742
0.118536
0.108667
0.123203
0.133408
0.118733
0.127326
0.13071
0.115788
0.131563
0.133077
0.129452
0.148708
0.139964
0.154581
0.14832
0.164626
0.151416
0.146766
0.155832
0.155268
0.138902
0.139869
0.140273
0.138505
0.131461
0.135795
0.170021
0.134663
0.145068
0.147192
0.139798
0.144293
0.100433
0.133437
0.133657
0.1373
0.173186
0.163371
0.152532
0.163569
0.125709
0.146135
0.1545
0.15219
0.170514
0.15811
0.160423
0.199628
0.173735
0.194806
0.185093
0.177793
0.186318
0.189601
0.212666
0.205381
0.22628
0.20147
0.215574
0.225451
0.229133
0.232455
0.232937
0.238189
0.223081
0.237505
0.225739
0.209142
0.219125
0.204314
0.205623
0.192872
0.185719
0.197264
0.143418
0.182149
0.138796
0.12563
0.117105
0.128097
0.10839
0.123642
0.110474
0.112688
0.11238
0.0962028
0.100017
0.114978
0.120952
0.139625
0.128656
0.161787
0.149664
0.129901
0.152474
0.16162
0.14477
0.169051
0.181027
0.202106
0.178239
0.180604
0.196508
0.199471
0.225784
0.205184
0.214373
0.274287
0.226364
0.240468
0.22289
0.26031
0.252266
0.254734
0.294781
0.288534
0.304905
0.28317
0.295001
0.287014
0.2977
0.28524
0.257833
0.318873
0.284519
0.243841
0.25111
0.195096
0.206648
0.166441
0.165245
0.153143
0.151443
0.111684
0.0846601
0.0793249
0.0958217
0.105957
0.102746
0.0795185
0.0939997
0.119217
0.1215
0.0924
0.0796438
0.105363
0.106701
0.084108
0.0893423
0.106571
0.109794
0.115619
0.117463
0.088097
0.109303
0.0642537
0.087839
0.110929
0.149711
0.0952844
0.0624993
0.104516
0.113742
0.0742085
0.0898877
0.091525
0.09412
0.112378
0.101522
0.171892
0.182953
0.165313
0.086493
0.147643
0.115867
0.102978
0.142367
0.0994269
0.147357
0.10995
0.116325
0.12144
0.103362
0.13489
0.134905
0.14683
0.117273
0.127537
0.111551
0.0678216
0.146249
0.115819
0.14005
0.091338
0.136566
0.117296
0.130783
0.112974
0.114966
0.139387
0.0802189
0.092926
0.121167
0.131756
0.130453
0.152871
0.114109
0.100515
0.0786936
0.0735202
0.0912866
0.153615
0.156289
0.0902455
0.101618
0.0887946
0.107837
0.112449
0.0965539
0.120905
0.137928
0.104226
0.100861
0.120302
0.0939411
0.162245
0.14225
0.108411
0.108424
0.129893
0.106751
0.108291
0.063117
0.100356
0.15542
0.096771
0.142468
0.127997
0.11472
0.175363
0.115973
0.154364
0.115878
0.145874
0.190244
0.144752
0.147896
0.13254
0.133642
0.153079
0.155868
0.126784
0.144039
0.156203
0.183958
0.166419
0.156794
0.136875
0.128229
0.0957988
0.0982131
0.118645
0.0746826
0.106092
0.110321
0.1057
0.106906
0.0863966
0.0689181
0.0702701
