0.16702
0.1872
0.173013
0.177361
0.173479
0.195939
0.198707
0.199925
0.203394
0.207005
0.22006
0.215271
0.223079
0.232627
0.22929
0.237306
0.236704
0.242613
0.241601
0.243823
0.239914
0.244534
0.249028
0.248839
0.253093
0.26922
0.272046
0.2786
0.287159
0.287083
0.298598
0.299394
0.303748
0.309444
0.31131
0.319543
0.318328
0.315351
0.321064
0.313826
0.306258
0.29104
0.30359
0.31161
0.324007
0.331898
0.343178
0.352959
0.354001
0.354263
0.352802
0.319878
0.297912
0.293211
0.293011
0.293224
0.318657
0.375793
0.383618
0.37029
0.341766
0.293799
0.240004
0.218931
0.204774
0.181563
0.182205
0.17785
0.158835
0.158633
0.15151
0.149165
0.147093
0.139477
0.136616
0.138998
0.144986
0.151231
0.139904
0.152907
0.159134
0.1602
0.160315
0.16599
0.16703
0.163272
0.171761
0.170072
0.18011
0.185961
0.188822
0.20143
0.212809
0.227197
0.236691
0.259192
0.285614
0.298912
0.321415
0.322393
0.334538
0.330282
0.314405
0.299816
0.268048
0.243585
0.236684
0.228282
0.232906
0.234979
0.23698
0.241773
0.248175
0.244227
0.251722
0.246734
0.239091
0.230633
0.236423
0.219788
0.224381
0.232005
0.242636
0.24731
0.266016
0.267296
0.269611
0.273078
0.280922
0.289772
0.296277
0.296469
0.298064
0.29535
0.294171
0.295538
0.310987
0.31533
0.316998
0.310255
0.284595
0.26698
0.256525
0.250059
0.259308
0.265232
0.27276
0.28173
0.293056
0.302707
0.313806
0.324902
0.344626
0.345036
0.351415
0.357163
0.357477
0.364999
0.360353
0.364656
0.364271
0.367969
0.369255
0.359792
0.330695
0.282303
0.221015
0.175681
0.14851
0.139545
0.130465
0.130994
0.126696
0.133611
0.132479
0.133053
0.141343
0.149802
0.154333
0.166281
0.175997
0.182657
0.180364
0.18773
0.167475
0.18201
0.173561
0.163167
0.164058
0.163836
0.16559
0.16071
0.156783
0.168538
0.166492
0.172066
0.175865
0.174932
0.166278
0.16336
0.154718
0.146917
0.146505
0.144357
0.146631
0.145918
0.157017
0.16572
0.167789
0.179075
0.188313
0.18496
0.195901
0.200594
0.203651
0.208339
0.213561
0.217131
0.2221
0.227845
0.233982
0.226326
0.228591
0.225632
0.207624
0.182907
0.187492
0.191839
0.183493
0.185132
0.203067
0.193559
0.198872
0.209245
0.215875
0.223465
0.237287
0.247408
0.253581
0.264
0.273409
0.280676
0.28865
0.291566
0.301863
0.302241
0.308726
0.319511
0.31876
0.324186
0.329973
0.338804
0.345958
0.340463
0.336867
0.300369
0.271409
0.222398
0.213868
0.19928
0.19982
0.201053
0.204974
0.212313
0.219646
0.222314
0.241947
0.231058
0.238925
0.245811
0.257401
0.262107
0.274739
0.276705
0.282222
0.28616
0.293905
0.293242
0.298604
0.294296
0.274875
0.252264
0.217479
0.19801
0.163024
0.151143
0.154727
0.171693
0.166493
0.172813
0.18924
0.178342
0.197002
0.201983
0.20941
0.193169
0.193245
0.187396
0.183314
0.190261
0.182404
0.175685
0.172336
0.163475
0.165224
0.16677
0.16961
0.165226
0.162984
0.168208
0.178029
0.175417
0.182301
0.171698
0.164619
0.15245
0.156392
0.168918
0.156105
0.159082
0.151588
0.157769
0.162601
0.163276
0.149483
0.162989
0.152899
0.164493
0.16207
0.169342
0.164125
0.171762
0.177212
0.187356
0.195834
0.201821
0.201257
0.206846
0.202652
0.208557
0.220557
0.222578
0.220454
0.223163
0.218397
0.207565
0.208275
0.190019
0.198877
0.190027
0.18936
0.175024
0.170997
0.158067
0.169232
0.171905
0.170624
0.175197
0.184719
0.198094
0.173818
0.182869
0.195266
0.200428
0.203222
0.196585
0.207409
0.219188
0.216139
0.239175
0.247153
0.253378
0.265299
0.270553
0.278926
0.273451
0.278772
0.270009
0.248259
0.214476
0.182208
0.182341
0.153824
0.151975
0.15222
0.143342
0.158143
0.157154
0.174081
0.173033
0.17815
0.178681
0.167848
0.175379
0.151996
0.1629
0.156985
0.163262
0.156618
0.154787
0.159763
0.159554
0.154558
0.160163
0.156692
0.162439
0.178297
0.194089
0.209628
0.2262
0.254082
0.275357
0.291784
0.305388
0.31695
0.303716
0.299489
0.259994
0.233862
0.229895
0.229085
0.238867
0.244461
0.235381
0.24017
0.247809
0.232478
0.223038
0.235475
0.24128
0.229128
0.236522
0.239837
0.2302
0.219571
0.208712
0.186055
0.176107
0.193754
0.198111
0.183421
0.200478
0.19468
0.20445
0.207957
0.196501
0.200786
0.211967
0.193418
0.20684
0.196099
0.192834
0.182407
0.17874
0.192148
0.214832
0.200209
0.210156
0.22358
0.210775
0.190849
0.187963
0.192236
0.201997
0.211277
0.2193
0.22223
0.231377
0.230662
0.235519
0.232179
0.227336
0.243719
0.236766
0.234679
0.24609
0.251936
0.27729
0.279588
0.30059
0.349672
0.358495
0.384769
0.367619
0.374753
0.345165
0.298242
0.26703
0.221781
0.191026
0.211648
0.262065
0.291033
0.351941
0.415632
0.464949
0.49587
0.507007
0.468752
0.416627
0.30935
0.227171
0.194868
0.178729
0.168549
0.181401
0.193106
0.188772
0.190021
0.189628
0.210919
0.205706
0.20222
0.20172
0.213755
0.205768
0.210666
0.218861
0.220587
0.222246
0.242399
0.222829
0.220419
0.186728
0.165797
0.164465
0.167749
0.156473
0.168868
0.162583
0.169211
0.149977
0.142392
0.12987
0.140899
0.135485
0.129979
0.14262
0.138501
0.148304
0.137471
0.148485
0.150788
0.152017
0.158833
0.149481
0.163356
0.174797
0.177394
0.191891
0.183692
0.19006
0.187066
0.17606
0.183599
0.170526
0.172606
0.157117
0.14785
0.152977
0.159587
0.16508
0.165713
0.189016
0.190402
0.185125
0.198826
0.207042
0.204293
0.196581
0.182657
0.171126
0.165246
0.161902
0.155491
0.169105
0.170795
0.17391
0.165079
0.165226
0.16514
0.180518
0.1709
0.186343
0.175908
0.192632
0.186919
0.181965
0.189628
0.18329
0.190848
0.200598
0.181799
0.142416
0.149312
0.137689
0.144187
0.148886
0.157709
0.151677
0.14624
0.148672
0.127218
0.129878
0.131574
0.145878
0.142987
0.142196
0.14168
0.137596
0.122449
0.130204
0.131267
0.154007
0.148428
0.131785
0.132718
0.139904
0.131652
0.09846
0.114181
0.0961281
0.110909
0.114553
0.0948746
0.114793
0.13168
0.121972
0.130667
0.140858
0.143115
0.150511
0.1346
0.182526
0.166789
0.1925
0.170903
0.157297
0.148642
0.135653
0.122488
0.0940372
0.087597
0.0848082
0.0884224
0.0984437
0.122035
0.120993
0.129842
0.140884
0.151396
0.152399
0.161518
0.15455
0.138831
0.147851
0.160876
0.152061
0.144277
0.165253
0.166097
0.17988
0.206393
0.173524
0.166479
0.166393
0.167761
0.178303
0.176989
0.161021
0.161136
0.179502
0.169547
0.150545
0.156
0.17949
0.176119
0.175469
0.172584
0.159988
0.185667
0.168603
0.166168
0.156551
0.161805
0.184174
0.18173
0.16521
0.155754
0.157107
0.150934
0.141159
0.155059
0.137918
0.129587
0.121292
0.118848
0.103884
0.116369
0.0788145
0.0950719
0.0930236
0.0819925
0.0946277
0.0924726
0.0785704
0.081749
0.0752307
0.0666138
0.0805188
0.0742327
0.0613869
0.071255
0.0716498
0.0703055
0.05947
0.0547417
0.0533755
0.0661411
0.0731205
0.0704344
0.0635304
0.0377036
0.0535824
0.0536825
0.0601978
0.0655802
0.0659908
0.0516453
0.0768536
0.0530656
0.0714083
0.0552431
0.0576818
0.0737729
0.067022
0.0659082
0.0802768
0.0832645
0.0698276
0.0627371
0.0831413
0.091665
0.0713391
0.073729
0.0706268
0.0595385
0.0651426
0.0522427
0.0485117
0.0619996
0.0380618
0.0401932
0.0365926
0.050768
0.0455065
0.0421413
0.057469
0.0643515
0.0542251
0.0536105
0.0643754
0.0464945
0.0718058
0.0393363
0.0519533
0.0639592
0.0487464
0.0622329
0.0383878
0.0542454
0.0636618
0.0563164
0.0585053
0.0503746
0.0678789
0.0600809
0.0730627
0.101526
0.0904744
0.11681
0.125257
0.122466
0.103861
0.125974
0.0999078
0.117935
0.104921
0.133734
0.13902
0.123381
0.14415
0.140348
0.135483
0.123307
0.125494
0.133459
0.161363
0.159232
0.174696
0.148205
0.169799
0.176655
0.210121
0.178238
0.204705
0.200072
0.235545
0.240267
0.23861
0.201485
0.209197
0.204182
0.134657
0.153934
0.126381
0.143073
0.174201
0.152323
0.160843
0.153315
0.16945
0.15422
0.146461
0.161883
0.156216
0.193014
0.203163
0.162827
0.186371
0.192652
0.159968
0.156517
0.189736
0.189049
0.178321
0.22024
0.239871
0.218071
0.223528
0.193919
0.234321
0.200043
0.186997
0.189528
0.180903
0.169501
0.143585
0.124649
0.12713
0.110366
0.0970333
0.0788784
0.0851227
0.0698418
0.0565245
0.0361096
0.0342343
0.0162361
0.00999459
0.0127111
0.0078709
0.0167456
0.0159737
0.0146615
0.017963
0.0158669
0.012275
0.00592561
0.011314
0.0167838
0.0219818
0.0193535
0.0322455
0.0240568
0.0137659
0.0218875
0.00970578
0.00514908
0.0135831
0.00669096
0.00538923
0.00522457
0.00513663
0.012544
0.00779303
0.00635972
0.00415021
0.00736676
0
0.0042896
0.00207637
0.0053219
0.0092326
0.0121583
0.0124669
0.0207377
0.0223361
0.0183014
0.0160712
0.0212829
0.017667
0.0163017
0.00948399
0.01505
0.012679
0.019178
0.0180378
0.0163413
0.0170831
0.0157621
0.0142991
0.0152682
0.0101277
0.0217982
0.0272792
0.026175
0.0208973
0.0210725
0.0333392
0.0254286
0.0211807
0.0247352
0.0199842
0.0216167
0.0277882
0.0248042
0.0253416
0.0314667
0.0318437
0.0225759
0.0236221
0.0260584
0.0253785
0.0298126
0.0288871
0.0345199
0.0306045
0.0313131
0.038607
0.033235
0.031571
0.0346668
0.0291537
0.0273848
0.0316708
0.0262649
0.0306566
0.0222653
0.0290928
0.03102
0.0289459
0.0267226
0.0260186
0.0270868
0.0263992
0.0217129
0.0241361
0.0318316
0.0366172
0.042312
0.0397429
0.0480687
0.0588866
0.0448328
0.047291
0.0531689
0.070385
0.0640485
0.0629235
0.0531725
0.059768
0.0588067
0.0641776
0.0641857
0.0656782
0.0597672
0.072601
0.0687348
0.0669532
0.0618603
0.069451
0.0691567
0.0794924
0.0889862
0.0856097
0.09779
0.103113
0.094101
0.10515
0.108366
0.103971
0.105228
0.097613
0.0975634
0.0949454
0.109973
0.093954
0.0991006
0.0999636
0.0939738
0.100663
0.0978468
0.105145
0.102846
0.103375
0.114387
0.115429
0.125189
0.124117
0.122458
0.126639
0.108777
0.102124
0.0919207
0.0867505
0.0780745
0.0783323
0.0933972
0.0872338
0.0876563
0.0953151
0.0913111
0.0862048
0.0913596
0.091667
0.0852104
0.0881944
0.0945834
0.085432
0.0817688
0.0880306
0.105204
0.0860605
0.0955944
0.080404
0.0841712
0.0896489
0.0802025
0.0751365
0.0643137
0.0639937
0.0606162
0.0491289
0.0464969
0.0531725
0.0484921
0.0453942
0.048296
0.0477098
0.0417279
0.0642322
0.0513718
0.0527278
0.0325675
0.0436419
0.0534962
0.0661613
0.063308
0.0450984
0.0723353
0.0419768
0.0539967
0.0545703
0.0588791
0.0463148
0.0429678
0.036228
0.0332113
0.025657
0.0164934
0.0187129
0.0152774
0.025284
0.0233265
0.0178558
0.0215949
0.0111602
0.0066234
0.0150837
0.00997387
0.0136511
0.0196586
0.0244895
0.0238914
0.0345272
0.0346013
0.0315954
0.0461534
0.043665
0.0517911
0.0399618
0.0514559
0.039368
0.0577396
0.0331897
0.0367954
0.0281618
0.0209913
0.0232944
0.0254819
0.025174
0.0231801
0.0152535
0.0290443
0.0233635
0.0154228
0.0167357
0.0115044
0.0230428
0.0211072
0.0169403
0.0165837
0.0163199
0.0175577
0.0213975
0.0161971
0.0254251
0.0174972
0.0132261
0.0112372
0.0189564
0.0246256
0.0202203
0.0231844
0.0105057
0.00743985
0.025938
0.0203756
0.0191302
0.0185905
0.023048
0.0133505
0.00905309
0.0200331
0.0189863
0.0147995
0.0202533
0.022943
0.0164886
0.0200735
0.0133338
0.0215055
0.0273362
0.0224972
0.0287153
0.0289909
0.0313235
0.0326356
0.0327037
0.0298475
0.0253375
0.0398298
0.0435126
0.0208212
0.0223302
0.02666
0.0340656
0.0255959
0.0269371
0.0125676
0.0186061
0.0213577
0.0165627
0.0178482
0.0215958
0.0217669
0.0170281
0.0209763
0.019146
0.0201973
0.018891
0.0235469
0.0236255
0.0145122
0.0228161
0.0253827
0.0261988
0.0280224
0.037225
0.0399941
0.039524
0.0406358
0.0412481
0.0357685
0.0341923
0.046722
0.0490976
0.0417799
0.0471163
0.0459956
0.0370462
0.0419334
0.0365441
0.0392586
0.0403788
0.038481
0.0417396
0.0430976
0.040711
0.0399692
0.0430416
0.0516957
0.0426998
0.0441083
0.0429204
0.0432418
0.0503622
0.0503396
0.055692
0.0591342
0.0658222
0.0831476
0.116475
0.17619
0.371504
0.573257
0.672376
0.683932
0.668061
0.558691
0.356287
0.176055
0.106719
0.0836758
0.0740679
0.070682
0.0699999
0.0706828
0.0640284
0.060602
0.0640375
0.0696583
0.0677225
0.0668822
0.0596055
0.06872
0.0632979
0.0607363
0.0629396
0.0613968
0.0552081
0.062485
0.0654024
0.0588741
0.0645685
0.05592
0.0517334
0.0524039
0.0562841
0.0536788
0.0583608
0.0550549
0.0600798
0.0516219
0.0510651
0.0508342
0.054161
0.052709
0.0552136
0.0547808
0.0564994
0.0531223
0.0613864
0.0581944
0.0636431
0.0668887
0.0599724
0.0588616
0.0585704
0.0623813
0.0621947
0.0662084
0.0652706
0.0633103
0.0644645
0.0595806
0.0650826
0.0616566
0.0567703
0.062425
0.073327
0.0682385
0.0533716
0.0612033
0.0596677
0.0549524
0.0536824
0.0547097
0.0576833
0.0659433
0.0558299
0.0583866
0.0539852
0.0542688
0.0515996
0.0639083
0.056448
0.0552077
0.0563062
0.0592528
0.0571781
0.0585619
0.0563608
0.05642
0.064064
0.0522296
0.0633046
0.0647207
0.057611
0.0595086
0.0620146
0.0628377
0.0617092
0.0690254
0.065989
0.0610821
0.0631476
0.0765851
0.0635403
0.0662658
0.065612
0.0763504
0.0787632
0.0915484
0.0745498
0.0764303
0.0916249
0.075623
0.07115
0.0826215
0.0987921
0.0797613
0.0683192
0.0738002
0.0942401
0.0858379
0.0887592
0.0981916
0.0798486
0.0800249
0.0833225
0.0869358
0.0718816
0.0717379
0.0907357
0.0743276
0.0752676
0.0901006
0.0751862
0.0823357
0.103527
0.0799773
0.0616633
0.0831169
0.0788964
0.086835
0.0907558
0.0895351
0.086053
0.0916075
0.0740579
0.0962669
0.0877979
0.121426
0.102004
0.0783245
0.0986477
0.0943022
0.106517
0.0917595
0.109047
0.0936427
0.112452
0.113341
0.098509
0.106236
0.118522
0.108214
0.120035
0.122105
0.115986
0.115312
0.1068
0.116132
0.118702
0.140979
0.118145
0.134978
0.129332
0.153085
0.121174
0.131422
0.13795
0.136362
0.164292
0.153397
0.112388
0.132452
0.118098
0.124089
0.124516
0.137907
0.138157
0.118708
0.123065
0.131086
0.0937918
0.0957295
0.112384
0.0996132
0.105363
0.0963925
0.0998889
0.111528
0.108097
0.107782
0.0944958
0.0711526
0.0964986
0.105948
0.112048
0.106437
0.112075
0.0931059
0.0797588
0.0826326
0.0987126
0.0857765
0.0822959
0.0989587
0.0845305
0.109223
0.126162
0.11539
0.101022
0.129055
0.13592
0.132729
0.13026
0.123198
0.110372
0.0934699
0.0875012
0.0934306
0.0776083
0.0703754
0.0758611
0.0768914
0.0699212
0.0871016
0.0815431
0.0809504
0.0680045
0.071143
0.0890702
0.0817486
0.0851727
0.0855831
0.0803481
0.0951084
0.0958389
0.108756
0.107042
0.110603
0.134621
0.144173
0.167092
0.157069
0.168227
0.183678
0.204789
0.235522
0.233545
0.223764
0.216338
0.18908
0.147643
0.0848313
0.0743088
0.0852062
0.072203
0.0565364
0.0667387
0.0716837
0.0726802
0.0793651
0.0623536
0.0661585
0.077553
0.0692156
0.0582739
0.0605012
0.068615
0.0827058
0.0548683
0.0652654
0.0725488
0.0725469
0.0558723
0.0654884
0.0499677
0.0620284
0.069529
0.0687792
0.0667002
0.0747763
0.0646394
0.0599578
0.0639503
0.0529575
0.0604851
0.062786
0.0544189
0.0736177
0.0623193
0.0580638
0.0609849
0.0607075
0.0693983
0.0682915
0.0668491
0.0726148
0.0647447
0.0712585
0.0651743
0.0584953
0.0695609
0.0632781
0.0773638
0.066496
0.0544438
0.0650827
0.0585873
0.0575175
0.0670384
0.0549207
0.0672559
0.0609541
0.050842
0.0560096
0.0368481
0.0498972
0.0524161
0.0490699
0.0508543
0.0533502
0.0661277
0.0548849
0.0538988
0.0632503
0.0622464
0.0545834
0.0591662
0.051688
0.0661901
0.0562177
0.0611226
0.0652418
0.0552748
0.0486244
0.0528597
0.0532671
0.0529523
0.0532508
0.0526785
0.0594577
0.0551875
0.0499751
0.0573598
0.0639231
0.063072
0.0642799
0.0598988
0.0675903
0.0675557
0.0675113
0.0665425
0.0747348
0.0838982
0.0734666
0.0915342
0.0882198
0.0853797
0.0935984
0.097093
0.109691
0.109969
0.10857
0.108196
0.102896
0.107449
0.101174
0.0772534
0.0729319
0.0633114
0.0572476
0.0567829
0.0529384
0.0626836
0.0555132
0.0531438
0.0537347
0.0527191
0.0577765
0.0547776
0.0562743
0.0520859
0.0618559
0.0607767
0.0626484
0.0613407
0.0721803
0.0663058
0.0664483
0.0729035
0.0739707
0.0785998
0.0821455
0.0909563
0.0940753
0.0942456
0.102847
0.11189
0.12144
0.13054
0.142198
0.147248
0.151815
0.154556
0.157579
0.146131
0.140462
0.128768
0.12608
0.112118
0.0882196
0.0926666
0.0835992
0.0818017
0.0742584
0.0879653
0.08508
0.0902572
0.0800899
0.0886885
0.0702599
0.0861525
0.0796961
0.0775464
0.0870062
0.0912083
0.0876736
0.0968766
0.0955621
0.0958979
0.0973313
0.103467
0.107696
0.11381
0.117159
0.121139
0.126845
0.124128
0.134091
0.13628
0.146017
0.153784
0.156112
0.172843
0.186207
0.187701
0.180538
0.18163
0.173301
0.163344
0.150477
0.136164
0.125449
0.110963
0.106464
0.105041
0.0940687
0.0947951
0.0955395
0.0885258
0.0947534
0.0918064
0.0979561
0.0956193
0.0991068
0.0899715
0.0896204
0.0873168
0.0774526
0.077014
0.0789985
0.0825599
0.068983
0.0698877
0.0802705
0.093784
0.0819826
0.0910558
0.0784752
0.0645851
0.079808
0.0770684
0.0810206
0.079623
0.074489
0.0757965
0.0785477
0.0742786
0.0753553
0.0750101
0.0778402
0.0737581
0.0738231
0.0810484
0.0747743
0.0742846
0.0775393
0.0790417
0.0852258
0.0767164
0.0810411
0.0843863
0.0735742
0.0804803
0.079929
0.0746651
0.0762134
0.0865934
0.0692512
0.0794731
0.077423
0.0855488
0.0776953
0.0793951
0.0829813
0.0823307
0.0835648
0.0678611
0.0697997
0.0666216
0.0658707
0.0749695
0.0784594
0.0750154
0.0815164
0.0768697
0.0892861
0.087278
0.0988054
0.105382
0.123112
0.141485
0.137088
0.134368
0.141115
0.149145
0.142647
0.15827
0.143266
0.158401
0.169627
0.16122
0.171686
0.17175
0.172117
0.167445
0.170405
0.179186
0.15843
0.135517
0.134751
0.119623
0.1012
0.126526
0.115054
0.105403
0.130917
0.121515
0.12574
0.136953
0.13552
0.127448
0.148552
0.146325
0.151454
0.162252
0.162193
0.151562
0.163619
0.16485
0.136604
0.162702
0.156743
0.148963
0.148893
0.147283
0.126531
0.117723
0.135164
0.140956
0.11036
0.122699
0.158491
0.150643
0.180771
0.113536
0.13494
0.128331
0.129283
0.147668
0.168798
0.173079
0.149186
0.149867
0.189759
0.200223
0.163367
0.172774
0.167909
0.199891
0.202318
0.188105
0.199303
0.19803
0.197573
0.204377
0.194081
0.210807
0.218245
0.231073
0.221371
0.222048
0.232628
0.233334
0.223563
0.244524
0.233416
0.23191
0.237861
0.231681
0.213154
0.206251
0.208383
0.203461
0.188858
0.160822
0.176165
0.158794
0.104382
0.125517
0.145077
0.144637
0.105769
0.0923383
0.116556
0.0814633
0.110704
0.122667
0.139781
0.151157
0.101109
0.127866
0.110216
0.145534
0.173922
0.146139
0.135457
0.137536
0.170098
0.206819
0.152544
0.211975
0.20136
0.197638
0.25027
0.21187
0.221456
0.219539
0.248307
0.220245
0.244252
0.244771
0.24862
0.251591
0.245735
0.264718
0.288272
0.274407
0.305679
0.281061
0.290648
0.289599
0.278607
0.269278
0.258503
0.259622
0.233381
0.272438
0.230929
0.240276
0.214209
0.160938
0.181265
0.192179
0.15092
0.154181
0.104266
0.138924
0.124231
0.104875
0.14287
0.1194
0.111266
0.150524
0.109124
0.137752
0.0787756
0.104387
0.124487
0.0978928
0.101816
0.149015
0.111243
0.124067
0.0844838
0.102878
0.114147
0.112969
0.122664
0.149572
0.0958512
0.139495
0.117434
0.154877
0.139008
0.136301
0.149752
0.120097
0.151984
0.133276
0.140462
0.169983
0.147838
0.15989
0.070996
0.156421
0.129369
0.143892
0.144377
0.168031
0.133169
0.120107
0.148288
0.152848
0.120147
0.106099
0.13816
0.160501
0.125368
0.152661
0.152153
0.129879
0.164801
0.170756
0.152235
0.148324
0.121982
0.161327
0.12536
0.160327
0.158336
0.117788
0.123403
0.125356
0.169387
0.148863
0.130437
0.155631
0.176845
0.115656
0.14214
0.0869888
0.121491
0.179109
0.0904712
0.15325
0.123502
0.137694
0.115569
0.110888
0.132387
0.142075
0.183166
0.100878
0.121333
0.115076
0.122368
0.116351
0.152903
0.16679
0.141224
0.143685
0.130191
0.137374
0.128893
0.138547
0.137509
0.153851
0.15372
0.0981724
0.154333
0.157753
0.179339
0.152365
0.180597
0.16361
0.163425
0.17589
0.154542
0.144011
0.144143
0.128863
0.185387
0.163922
0.174845
0.167631
0.178959
0.132981
0.181247
0.159184
0.178909
0.148655
0.116756
0.112657
0.135994
0.160105
0.0929109
0.0940654
0.0810645
0.0935405
0.0572447
0.0469233
