0.198316
0.201507
0.200938
0.206811
0.199937
0.216064
0.225775
0.230014
0.232415
0.23345
0.244485
0.254106
0.250393
0.263086
0.269044
0.2766
0.27364
0.27885
0.286663
0.277956
0.27926
0.280408
0.282856
0.287646
0.297617
0.304278
0.318574
0.324497
0.334218
0.336083
0.342495
0.350074
0.354775
0.361982
0.363933
0.373134
0.376036
0.374814
0.373437
0.369912
0.352707
0.347673
0.351066
0.356637
0.380345
0.385497
0.394012
0.404593
0.411427
0.414173
0.411824
0.37517
0.351289
0.347325
0.346131
0.347436
0.373792
0.442447
0.451511
0.432576
0.406525
0.354619
0.287013
0.259203
0.24838
0.212579
0.210635
0.2042
0.186713
0.178231
0.171852
0.1686
0.166061
0.165923
0.158614
0.159771
0.161438
0.163735
0.163417
0.173468
0.188493
0.184872
0.195686
0.193457
0.189318
0.194077
0.200288
0.198069
0.209063
0.215477
0.218218
0.231983
0.24628
0.264013
0.283347
0.311914
0.343545
0.360648
0.387767
0.390957
0.398988
0.393991
0.38291
0.355046
0.314125
0.284206
0.268961
0.261351
0.262847
0.272234
0.27513
0.277516
0.288137
0.285617
0.286486
0.284418
0.282365
0.271264
0.267335
0.267966
0.264519
0.273309
0.279536
0.290366
0.295981
0.301303
0.313257
0.314142
0.325811
0.336062
0.342011
0.344353
0.346701
0.348225
0.347496
0.34919
0.366208
0.374159
0.372902
0.362052
0.335111
0.308745
0.298404
0.290867
0.306191
0.303579
0.322465
0.321885
0.343556
0.356076
0.361013
0.378924
0.393534
0.399095
0.40997
0.413981
0.418276
0.424607
0.424172
0.427561
0.428832
0.434869
0.433682
0.425118
0.39259
0.330868
0.250599
0.202682
0.176972
0.156766
0.145871
0.14817
0.145662
0.149848
0.150715
0.150868
0.160035
0.166227
0.183702
0.185065
0.207441
0.209425
0.206644
0.214601
0.202144
0.204925
0.190492
0.18553
0.181903
0.183414
0.180687
0.177328
0.183133
0.19042
0.190568
0.197029
0.20708
0.199246
0.199612
0.190472
0.183867
0.173427
0.170324
0.166019
0.161503
0.168618
0.175215
0.184914
0.186309
0.198964
0.210156
0.213388
0.22462
0.232684
0.228841
0.240575
0.247113
0.252419
0.255654
0.264475
0.26954
0.271529
0.26173
0.261016
0.235809
0.214495
0.210535
0.213259
0.215235
0.219989
0.23281
0.22935
0.241603
0.23758
0.257438
0.259301
0.280158
0.287713
0.297425
0.30176
0.313202
0.319376
0.337107
0.340017
0.349491
0.354414
0.36251
0.372295
0.377704
0.383003
0.392278
0.405098
0.414969
0.407163
0.410517
0.3675
0.326575
0.269924
0.250749
0.22401
0.225548
0.232559
0.235855
0.243629
0.252512
0.250415
0.283324
0.268571
0.269612
0.278957
0.286593
0.311783
0.309978
0.327045
0.328495
0.337158
0.341443
0.341523
0.349319
0.332879
0.316125
0.296116
0.253908
0.222228
0.184497
0.175626
0.16932
0.190231
0.190409
0.191987
0.21232
0.210706
0.210551
0.226578
0.239247
0.241785
0.218715
0.221593
0.216457
0.215749
0.204497
0.197667
0.19748
0.187793
0.17974
0.184395
0.185512
0.186768
0.183714
0.193414
0.205302
0.200423
0.204864
0.201375
0.187969
0.183175
0.191473
0.180909
0.164482
0.1772
0.183715
0.184932
0.180472
0.173751
0.170674
0.173309
0.168705
0.166298
0.176299
0.192279
0.184084
0.194318
0.20556
0.208217
0.221012
0.230019
0.232854
0.240544
0.227896
0.241498
0.246628
0.258812
0.258558
0.251459
0.254984
0.229097
0.229193
0.225213
0.231997
0.218355
0.197622
0.186835
0.189785
0.166743
0.194674
0.204111
0.215197
0.204036
0.204825
0.210921
0.198577
0.206913
0.213068
0.211455
0.232982
0.232163
0.241942
0.244576
0.260066
0.27078
0.28199
0.288523
0.306199
0.312247
0.31962
0.31748
0.319447
0.312329
0.281048
0.253412
0.215752
0.198434
0.178466
0.17573
0.17467
0.174638
0.170144
0.182026
0.179407
0.190982
0.204566
0.192347
0.180667
0.187186
0.18133
0.184176
0.18039
0.18617
0.178396
0.176666
0.181032
0.179056
0.176463
0.188
0.183372
0.187066
0.20061
0.215476
0.242336
0.265486
0.289408
0.323095
0.331747
0.348599
0.361222
0.348693
0.345306
0.319837
0.283729
0.263135
0.258685
0.27298
0.271029
0.290514
0.281068
0.2621
0.270585
0.259543
0.264729
0.271106
0.27063
0.275151
0.274097
0.268344
0.256912
0.241151
0.217364
0.213479
0.215728
0.215619
0.219245
0.227658
0.225452
0.228509
0.24429
0.20614
0.215817
0.220752
0.233629
0.222371
0.220614
0.21068
0.217753
0.220238
0.207481
0.234853
0.20922
0.235742
0.229895
0.229488
0.217475
0.216756
0.219014
0.222064
0.233293
0.238095
0.243405
0.250547
0.249139
0.25773
0.248887
0.253767
0.267171
0.262731
0.269335
0.283318
0.29328
0.318923
0.327479
0.340389
0.400058
0.397051
0.432036
0.415997
0.402438
0.376585
0.331685
0.294123
0.249942
0.218152
0.243745
0.28794
0.358652
0.40502
0.500684
0.588147
0.622182
0.632172
0.590548
0.504817
0.377025
0.262912
0.217757
0.217403
0.206121
0.212194
0.214192
0.217159
0.215598
0.212254
0.235396
0.221219
0.226081
0.230534
0.235942
0.235289
0.235734
0.231821
0.251205
0.266764
0.264324
0.249002
0.246718
0.221602
0.203717
0.17448
0.18431
0.179985
0.186838
0.176529
0.168871
0.159414
0.168373
0.157055
0.148994
0.123441
0.143581
0.149942
0.155849
0.160075
0.143999
0.166926
0.166754
0.164655
0.169262
0.164459
0.182657
0.188058
0.195169
0.224123
0.197781
0.203323
0.19578
0.201555
0.194175
0.187193
0.201088
0.17993
0.159377
0.18124
0.185678
0.193956
0.179679
0.191987
0.200148
0.219238
0.232621
0.223062
0.218624
0.211588
0.20227
0.18314
0.160778
0.177892
0.179281
0.187931
0.200464
0.189181
0.180484
0.196172
0.174286
0.182334
0.185622
0.195317
0.197401
0.191981
0.216892
0.211224
0.211579
0.200349
0.206694
0.20195
0.203662
0.164214
0.159971
0.16502
0.167964
0.157589
0.148645
0.173285
0.14788
0.157518
0.152439
0.146083
0.136484
0.153573
0.138282
0.167842
0.133946
0.148952
0.13615
0.146941
0.165393
0.158697
0.146609
0.144028
0.156275
0.156328
0.144341
0.117135
0.133044
0.128879
0.11374
0.124079
0.108849
0.125549
0.13902
0.144157
0.143379
0.156545
0.156077
0.168625
0.168578
0.193448
0.190561
0.206274
0.196203
0.175033
0.182273
0.165065
0.116913
0.119638
0.104808
0.0979397
0.108988
0.103629
0.134651
0.137587
0.162599
0.16032
0.153691
0.18477
0.18934
0.156795
0.146805
0.150271
0.171278
0.161094
0.162367
0.16446
0.164419
0.202235
0.206029
0.196682
0.196015
0.176293
0.19943
0.175939
0.180229
0.181779
0.163738
0.188387
0.168015
0.144894
0.193979
0.208393
0.191041
0.188701
0.178087
0.178857
0.192607
0.197397
0.184542
0.171027
0.192515
0.197103
0.18537
0.178352
0.167185
0.16894
0.152466
0.148689
0.163165
0.149398
0.144186
0.120294
0.129781
0.0996411
0.122954
0.105457
0.095888
0.0850753
0.0885144
0.0889408
0.0891595
0.0810133
0.0793457
0.0751984
0.0670816
0.0944256
0.069889
0.0685804
0.0686449
0.0760928
0.0705821
0.0655959
0.0629445
0.067999
0.0692527
0.0678468
0.0736702
0.0600106
0.0437386
0.0536811
0.0631339
0.0670615
0.0674207
0.073058
0.0678423
0.0686584
0.0496711
0.0695854
0.0502258
0.0619607
0.0788896
0.0740161
0.0707622
0.0677964
0.081263
0.0690724
0.0735612
0.079234
0.0991921
0.0841511
0.079091
0.0682953
0.06553
0.0690576
0.0693307
0.0539145
0.0546581
0.0489147
0.0417655
0.0472875
0.050784
0.0516759
0.0420948
0.0561265
0.0651324
0.0602083
0.0495827
0.0629965
0.0480463
0.0587055
0.0570717
0.0509465
0.055974
0.0473507
0.0617623
0.0484794
0.0558167
0.0585676
0.0732599
0.0455668
0.0585268
0.0564518
0.0623499
0.0806995
0.0935839
0.0946151
0.113641
0.119843
0.129972
0.107046
0.137461
0.103088
0.12564
0.135299
0.131973
0.149894
0.121606
0.160162
0.129416
0.135626
0.12033
0.153714
0.147912
0.153569
0.17342
0.158613
0.18203
0.167952
0.176518
0.205012
0.201418
0.230033
0.220613
0.245484
0.2526
0.252908
0.222366
0.202901
0.21755
0.161246
0.175788
0.141944
0.141219
0.162795
0.180761
0.148245
0.153698
0.162674
0.168781
0.161306
0.193077
0.164541
0.179181
0.210413
0.196143
0.16066
0.186804
0.172055
0.177637
0.195893
0.185603
0.196876
0.203997
0.260581
0.212221
0.24995
0.216542
0.241827
0.176715
0.196947
0.178728
0.16989
0.164231
0.153977
0.139854
0.116917
0.110635
0.110513
0.0799017
0.0692969
0.0756077
0.0544918
0.0400797
0.0356791
0.0137506
0.00517004
0.0172535
0.0157136
0.016727
0.0195241
0.0220525
0.0227189
0.00989555
0.0101621
0.00724058
0.0165295
0.0143014
0.0162021
0.0219104
0.0290933
0.032338
0.0208368
0.0306602
0.021
0.0172688
0.00794284
0.00427602
0.00418239
0.00538907
0.00360151
0.0105873
0.00911394
0.00685024
0.00244147
0.00410035
0
0.00205093
0.00425898
0.00687375
0.00630923
0.0102673
0.016344
0.0152971
0.022341
0.0160125
0.0180946
0.0230195
0.0159618
0.0152761
0.0103521
0.0134596
0.0166401
0.016961
0.0216993
0.018799
0.0133983
0.0101605
0.0168103
0.0144689
0.0149226
0.0243142
0.0271471
0.0233398
0.0299756
0.0273095
0.0308311
0.0295843
0.0263332
0.0250684
0.0183875
0.0236624
0.0237779
0.026514
0.0318784
0.0288221
0.0282899
0.0334003
0.0239972
0.0273485
0.0259035
0.0302043
0.0330481
0.0388851
0.0404824
0.0374634
0.0422928
0.0353771
0.0442144
0.0425577
0.0325544
0.0286168
0.0292738
0.0275246
0.0306887
0.032211
0.0290179
0.0317431
0.0397746
0.029592
0.0301751
0.0311042
0.0277144
0.022678
0.0313158
0.0359078
0.0386842
0.0414686
0.0438807
0.0605384
0.062534
0.0524026
0.0549241
0.061458
0.0657113
0.068583
0.0649011
0.0599646
0.070747
0.0587821
0.0705536
0.0793325
0.0773359
0.0745773
0.0707046
0.0685965
0.0735991
0.0717757
0.0769626
0.0762529
0.0924256
0.0977893
0.1088
0.11052
0.113528
0.0998809
0.118296
0.108089
0.109183
0.108315
0.106981
0.110835
0.110743
0.108487
0.109348
0.103279
0.113073
0.101743
0.107587
0.10837
0.112147
0.106042
0.113077
0.132565
0.123878
0.134759
0.146123
0.146598
0.13363
0.117189
0.111156
0.108399
0.108651
0.10264
0.0919078
0.0975091
0.0988038
0.0885811
0.0969784
0.099494
0.0871888
0.100287
0.0990662
0.0929005
0.0878655
0.101469
0.0914267
0.102617
0.0982073
0.100122
0.096825
0.106515
0.0903928
0.0750618
0.102694
0.0843184
0.0735825
0.0771862
0.0608666
0.0625379
0.050544
0.046731
0.0522016
0.0588783
0.0616737
0.0612994
0.0447064
0.0394143
0.050825
0.054444
0.0530939
0.0515027
0.0470878
0.0410952
0.068298
0.0622223
0.0400566
0.0729745
0.0523461
0.0464669
0.0512678
0.0502945
0.0406429
0.0373703
0.0220302
0.0376647
0.0247287
0.0168759
0.016965
0.014548
0.0185241
0.0206018
0.020753
0.0260008
0.00473913
0.00597992
0.00983509
0.0112259
0.0158811
0.0134424
0.01907
0.025942
0.0364182
0.0366424
0.0293487
0.0404466
0.0416038
0.0551444
0.0463868
0.0471543
0.0437551
0.061061
0.0425891
0.0428968
0.0364845
0.0368919
0.0264766
0.0269697
0.024857
0.0238892
0.0181194
0.020394
0.0146418
0.00976368
0.022469
0.00680748
0.0167602
0.0169054
0.00688849
0.0145136
0.0186172
0.0105514
0.0211738
0.0270514
0.0223677
0.0281542
0.0219896
0.0168376
0.0333642
0.0236574
0.0284207
0.0266064
0.0157257
0.0162307
0.0305696
0.0177695
0.0247136
0.0260723
0.0220688
0.00940262
0.0158247
0.0234358
0.0190416
0.0171269
0.0199189
0.018339
0.0175597
0.0201794
0.0173894
0.0253611
0.0196213
0.0249499
0.0290205
0.0239008
0.0316125
0.0324736
0.0340782
0.0285296
0.0352677
0.0292256
0.0379241
0.0316016
0.0213684
0.0327715
0.029285
0.0223739
0.0340821
0.0173492
0.0227147
0.0181648
0.0231796
0.0261179
0.0167739
0.0235916
0.0278714
0.0148155
0.0209242
0.0177094
0.023885
0.0217196
0.0258766
0.021773
0.0285236
0.0293565
0.0271646
0.0321633
0.0349982
0.0485564
0.0375417
0.0440648
0.0386093
0.0365563
0.0476163
0.0482246
0.0515077
0.045587
0.0463635
0.044694
0.0455086
0.0443398
0.0422448
0.046958
0.0453022
0.0531163
0.0448341
0.0480456
0.051547
0.0575022
0.0439612
0.0528685
0.0554752
0.0522601
0.0565164
0.0535132
0.0610758
0.0646489
0.0665455
0.0691411
0.0827993
0.0958691
0.139158
0.217104
0.462896
0.730844
0.869154
0.886365
0.866676
0.723768
0.469275
0.225045
0.13161
0.0979427
0.0862457
0.0794842
0.078813
0.0801836
0.0763373
0.0806303
0.0798556
0.0870502
0.0735963
0.0769227
0.0729415
0.0802956
0.0712155
0.0745105
0.079443
0.0692878
0.0699076
0.0718027
0.0737354
0.0684965
0.0676672
0.0712575
0.061214
0.0644614
0.069762
0.0681487
0.0661583
0.0572628
0.0646188
0.0725865
0.0659773
0.0608514
0.0603083
0.0646678
0.0676247
0.0673621
0.0667229
0.0665578
0.0694187
0.0671805
0.0733667
0.0753177
0.0665187
0.065734
0.0707456
0.0707247
0.0725737
0.0760568
0.0737641
0.0730428
0.0724031
0.0710737
0.0769499
0.0757815
0.076277
0.0703447
0.0803032
0.079142
0.0682649
0.0761526
0.0727328
0.0614599
0.0624666
0.0588845
0.0652506
0.0697417
0.0695254
0.0721728
0.0587971
0.0644109
0.0549188
0.0664894
0.0686283
0.060499
0.064571
0.0673783
0.060778
0.0651532
0.0652894
0.0656394
0.0708827
0.0606948
0.0753895
0.0727642
0.0671106
0.0664994
0.0702187
0.0665434
0.0715787
0.0710952
0.0759486
0.0691836
0.0756739
0.0825389
0.0737549
0.0720355
0.0765937
0.0745099
0.0920968
0.0885374
0.086105
0.095649
0.0861673
0.096375
0.0790657
0.079561
0.0981242
0.0919219
0.0733803
0.0940648
0.0910579
0.0925404
0.0859701
0.104147
0.0955835
0.0855256
0.0945156
0.0934153
0.0849713
0.0880093
0.0943189
0.0910138
0.0921735
0.0945472
0.0887854
0.100633
0.100494
0.0889291
0.0853108
0.0965105
0.0891293
0.087367
0.0935306
0.0811671
0.0844247
0.0900516
0.0643673
0.104456
0.0933531
0.089717
0.0925026
0.077899
0.117827
0.0861759
0.120143
0.0916715
0.102207
0.123783
0.118085
0.102923
0.0855156
0.114387
0.112113
0.107197
0.0974459
0.123816
0.119494
0.111729
0.109012
0.125209
0.127307
0.127896
0.122167
0.121928
0.151553
0.150528
0.117138
0.139032
0.140682
0.155802
0.153695
0.120118
0.123143
0.125518
0.11086
0.120494
0.1409
0.122006
0.0973663
0.114155
0.102383
0.116287
0.0872814
0.0807219
0.0817367
0.111779
0.094845
0.0903507
0.0980707
0.110118
0.109345
0.105029
0.084216
0.0774596
0.0728887
0.0983899
0.112828
0.101818
0.105558
0.104248
0.0963318
0.0896853
0.0967805
0.0586795
0.0967291
0.096927
0.0986529
0.0904051
0.117945
0.113359
0.1128
0.137049
0.146013
0.146903
0.14319
0.132496
0.109183
0.10294
0.0972815
0.0796108
0.0646079
0.0631511
0.0850524
0.0725303
0.0619825
0.0846683
0.0669862
0.0901773
0.0834789
0.068261
0.102128
0.0852908
0.0886445
0.0999495
0.112084
0.0940766
0.114021
0.116339
0.127101
0.126632
0.153289
0.161202
0.174513
0.178596
0.198165
0.212635
0.232412
0.270247
0.277276
0.273669
0.25382
0.20881
0.14379
0.0960851
0.0906805
0.10294
0.0886345
0.0786442
0.0718553
0.0755095
0.0728863
0.0642881
0.0679592
0.0700083
0.0608016
0.0803385
0.0774284
0.0792997
0.0722871
0.0682043
0.0566154
0.0719455
0.0762953
0.0705814
0.0660308
0.0817883
0.05532
0.0890421
0.0767782
0.0758197
0.0798063
0.0758979
0.0670096
0.0694413
0.0643104
0.0564452
0.0687627
0.0796108
0.0634931
0.0694816
0.0682777
0.0615633
0.0640006
0.0665516
0.0691506
0.0793812
0.0789806
0.0785117
0.0673057
0.0800697
0.0665837
0.0716027
0.0693915
0.0648829
0.0731531
0.0788092
0.076214
0.0677167
0.0710675
0.0596482
0.0740266
0.0581044
0.0592683
0.0612875
0.0478334
0.0586772
0.053919
0.0467659
0.0625808
0.0691205
0.0484473
0.0595243
0.0613025
0.0643468
0.0595993
0.0575819
0.0689363
0.0642979
0.0648841
0.0691851
0.0623861
0.0625765
0.0696551
0.0641452
0.0626414
0.05361
0.0576381
0.0635675
0.0614164
0.0645808
0.0665272
0.0638518
0.0652747
0.0625319
0.0658746
0.0715879
0.0714388
0.0694804
0.0728221
0.0758959
0.0796865
0.0779112
0.0778258
0.0878879
0.0830501
0.0916272
0.0980114
0.0925719
0.093473
0.0999464
0.112162
0.115025
0.123264
0.12235
0.12551
0.119622
0.126827
0.106727
0.0890539
0.0759533
0.0732087
0.0640907
0.0621426
0.061497
0.0569381
0.0659652
0.0651813
0.0615821
0.0635558
0.0552829
0.0640802
0.0627092
0.0645734
0.0704176
0.0718001
0.0716776
0.0712747
0.0718759
0.0783435
0.0806504
0.0816714
0.0905698
0.0914646
0.0941441
0.0998432
0.105337
0.109467
0.126778
0.132314
0.138798
0.147644
0.165538
0.179781
0.181089
0.185358
0.182801
0.171416
0.163511
0.145571
0.14266
0.127608
0.108882
0.104893
0.100407
0.084724
0.0787101
0.0939197
0.0808287
0.092859
0.0887438
0.102411
0.0978022
0.0936274
0.0948998
0.095306
0.101312
0.100702
0.105204
0.104707
0.113396
0.105062
0.110543
0.116577
0.125015
0.126073
0.134712
0.132634
0.146597
0.147341
0.157364
0.163678
0.175171
0.178215
0.179353
0.194469
0.218068
0.215681
0.217391
0.212956
0.204059
0.191779
0.175847
0.158391
0.145541
0.133506
0.117767
0.114127
0.107449
0.10817
0.105136
0.108739
0.10794
0.0996213
0.106132
0.104494
0.110094
0.104559
0.0923558
0.100013
0.0896212
0.084671
0.0900785
0.086068
0.0775982
0.0806386
0.0864409
0.108284
0.0892018
0.0813218
0.0818324
0.077283
0.0815297
0.0833827
0.0871817
0.0813477
0.0863647
0.0826684
0.0892626
0.0815156
0.0886717
0.0870315
0.0818392
0.0847182
0.0837835
0.0884843
0.0825956
0.0852196
0.0916187
0.090616
0.0914924
0.0947939
0.0878533
0.0937453
0.0851239
0.0785691
0.0909724
0.0842149
0.0882576
0.0958819
0.0884573
0.0950247
0.0946582
0.0941614
0.0922376
0.0977021
0.0900488
0.0802331
0.0786327
0.0655066
0.0665858
0.0614926
0.0673993
0.0719995
0.0711706
0.0786908
0.0823449
0.0766396
0.0904882
0.091911
0.106614
0.104761
0.124996
0.143152
0.145614
0.147157
0.165374
0.167955
0.17061
0.165826
0.173426
0.181781
0.20526
0.194662
0.201813
0.203721
0.208305
0.197914
0.180837
0.185037
0.164977
0.15582
0.141092
0.122854
0.126701
0.131996
0.128791
0.121436
0.136282
0.145195
0.143961
0.141769
0.131151
0.148989
0.158777
0.153679
0.168363
0.183156
0.176686
0.177772
0.179151
0.176378
0.163225
0.178128
0.166912
0.154061
0.160908
0.164111
0.136784
0.146118
0.162718
0.114399
0.1473
0.126367
0.140308
0.127972
0.177574
0.137175
0.143895
0.179886
0.125095
0.168386
0.179667
0.189864
0.153037
0.156127
0.184337
0.185098
0.167849
0.198373
0.186374
0.193252
0.219391
0.225905
0.223736
0.211772
0.224474
0.235181
0.197647
0.24607
0.247867
0.255316
0.251544
0.254029
0.257678
0.267357
0.253137
0.263855
0.264725
0.265853
0.265962
0.257973
0.247087
0.251388
0.239133
0.227744
0.221529
0.188847
0.213048
0.169134
0.148516
0.141297
0.171976
0.15549
0.153778
0.113267
0.102194
0.0955043
0.109032
0.132316
0.121357
0.116863
0.142336
0.152509
0.134067
0.133018
0.169433
0.155071
0.17603
0.142777
0.186857
0.214459
0.209326
0.217992
0.167705
0.210492
0.269548
0.21268
0.238523
0.226217
0.252317
0.267477
0.263576
0.274228
0.296122
0.282442
0.301094
0.299969
0.307524
0.318099
0.343731
0.324259
0.316081
0.337023
0.326575
0.304812
0.291807
0.306286
0.278942
0.308617
0.273885
0.275028
0.243438
0.222363
0.184682
0.174353
0.146223
0.155454
0.130869
0.126558
0.133472
0.100491
0.163767
0.120989
0.122417
0.154912
0.0847676
0.141311
0.100632
0.0848936
0.111668
0.0644377
0.108121
0.130733
0.10813
0.117573
0.116294
0.118491
0.129506
0.0995525
0.0963675
0.153824
0.0876674
0.100337
0.125336
0.156424
0.130543
0.156576
0.110246
0.140569
0.179191
0.11836
0.127975
0.137419
0.18611
0.158821
0.0998508
0.1521
0.126699
0.167229
0.136977
0.153461
0.157078
0.144275
0.188352
0.147814
0.138137
0.11534
0.129787
0.14649
0.122204
0.144087
0.177419
0.152297
0.146918
0.146254
0.162511
0.141589
0.171342
0.150723
0.147494
0.143474
0.161897
0.124861
0.150271
0.128409
0.143225
0.171755
0.145482
0.153789
0.165091
0.110479
0.177117
0.0832124
0.0961308
0.122229
0.127565
0.129053
0.120053
0.121035
0.155594
0.116571
0.101647
0.175857
0.100281
0.107229
0.180765
0.103739
0.10773
0.152642
0.128027
0.164558
0.144027
0.192439
0.159536
0.118998
0.120013
0.13706
0.143345
0.174877
0.153612
0.123077
0.141778
0.169774
0.174027
0.164993
0.163541
0.202982
0.2166
0.161045
0.175149
0.20345
0.151791
0.174802
0.167363
0.177895
0.206062
0.199222
0.19892
0.150783
0.200061
0.161265
0.150205
0.162705
0.175935
0.15214
0.13782
0.115882
0.0972048
0.0827795
0.0603271
0.0715615
0.0540412
0.0480155
