0.161797
0.173812
0.17241
0.177729
0.162713
0.183244
0.181558
0.194859
0.192579
0.195956
0.208849
0.211406
0.20326
0.219912
0.220504
0.223883
0.227612
0.229092
0.228375
0.225578
0.22165
0.221498
0.232376
0.2244
0.23909
0.250161
0.251993
0.258716
0.266741
0.268542
0.276538
0.277595
0.280351
0.286386
0.287812
0.295523
0.292619
0.290361
0.294688
0.287231
0.275476
0.274775
0.27644
0.28204
0.295854
0.304169
0.314555
0.315159
0.318559
0.324322
0.322879
0.298475
0.280179
0.275964
0.275281
0.276056
0.298866
0.341765
0.345515
0.334156
0.305474
0.270995
0.220315
0.201154
0.187887
0.177207
0.17112
0.165334
0.15518
0.147543
0.149652
0.142548
0.141286
0.134957
0.13762
0.13701
0.145182
0.140531
0.14302
0.153992
0.151629
0.158848
0.15573
0.153025
0.154521
0.160849
0.166463
0.162507
0.173201
0.177602
0.181163
0.189489
0.199043
0.211737
0.223274
0.24077
0.258374
0.272832
0.290599
0.286626
0.297898
0.295365
0.285567
0.272264
0.246452
0.227245
0.225043
0.217805
0.219349
0.224315
0.224387
0.228034
0.231453
0.231779
0.23301
0.229171
0.230273
0.212786
0.211774
0.212241
0.216497
0.218746
0.223296
0.231208
0.242906
0.245305
0.257409
0.254613
0.262708
0.268672
0.272616
0.274258
0.275419
0.276691
0.27535
0.277102
0.289193
0.292411
0.293465
0.283638
0.261618
0.247891
0.235466
0.22611
0.240213
0.242824
0.249638
0.250969
0.27123
0.283719
0.286738
0.296549
0.306255
0.314286
0.32014
0.327203
0.326417
0.331486
0.331022
0.333274
0.332782
0.332177
0.335754
0.324815
0.305227
0.262243
0.200997
0.1698
0.152478
0.138228
0.135295
0.132808
0.131707
0.139766
0.137873
0.135211
0.144474
0.150106
0.159902
0.161766
0.174569
0.171615
0.169226
0.176113
0.164558
0.170715
0.158565
0.163234
0.160645
0.157243
0.159277
0.157401
0.155666
0.167276
0.166544
0.171785
0.176352
0.168641
0.167544
0.157387
0.148487
0.143293
0.134588
0.130893
0.137693
0.139164
0.147641
0.160313
0.160481
0.159952
0.177053
0.180746
0.19063
0.186102
0.190738
0.199744
0.205706
0.208824
0.211437
0.216922
0.220405
0.217056
0.211794
0.209491
0.189902
0.170479
0.169364
0.172987
0.163336
0.170499
0.181176
0.177053
0.186481
0.196253
0.199855
0.20639
0.222194
0.226718
0.231268
0.244193
0.247066
0.258164
0.266535
0.265309
0.275586
0.279039
0.287548
0.29307
0.293024
0.295163
0.298451
0.305946
0.315176
0.303073
0.302419
0.272089
0.249227
0.209658
0.20267
0.178989
0.17792
0.186584
0.182028
0.199946
0.203027
0.197848
0.219657
0.21494
0.214709
0.226542
0.231767
0.246283
0.247222
0.257411
0.257952
0.258306
0.268157
0.279105
0.272601
0.270163
0.257421
0.233338
0.209114
0.187641
0.15901
0.15004
0.150717
0.161592
0.157364
0.157218
0.175825
0.177295
0.166614
0.184396
0.192354
0.185612
0.181622
0.172793
0.179052
0.172625
0.166522
0.16664
0.169515
0.164294
0.157492
0.154281
0.166736
0.163363
0.16424
0.168146
0.172762
0.169675
0.169826
0.166433
0.151844
0.151229
0.142625
0.160508
0.124081
0.143215
0.141052
0.156231
0.147357
0.152387
0.137514
0.148332
0.141676
0.144337
0.148825
0.162304
0.153713
0.161616
0.176045
0.17899
0.184465
0.18136
0.188499
0.193537
0.19246
0.199466
0.210566
0.206788
0.207363
0.196891
0.199579
0.190493
0.181406
0.171309
0.188026
0.168902
0.154707
0.160048
0.160527
0.141894
0.15811
0.15861
0.175661
0.164039
0.172755
0.169266
0.168162
0.174008
0.180626
0.181946
0.187136
0.188128
0.194096
0.202206
0.206036
0.21988
0.225478
0.228898
0.250197
0.252286
0.250907
0.250497
0.251597
0.241058
0.222055
0.202258
0.175308
0.156641
0.136284
0.148769
0.142572
0.130651
0.137295
0.155021
0.157757
0.161915
0.149339
0.162724
0.146636
0.173196
0.154994
0.142086
0.144123
0.154164
0.146713
0.153732
0.157453
0.149476
0.152167
0.158929
0.156006
0.157349
0.172652
0.18645
0.198077
0.21525
0.229844
0.249584
0.271761
0.271567
0.283875
0.262291
0.280775
0.23383
0.219224
0.219476
0.215379
0.218393
0.221993
0.213232
0.227151
0.20915
0.22012
0.204901
0.220482
0.208266
0.205593
0.213896
0.217911
0.223804
0.212735
0.196984
0.179401
0.174626
0.186384
0.186888
0.182465
0.17882
0.18206
0.182239
0.190009
0.163875
0.167065
0.184233
0.178425
0.191418
0.158948
0.167909
0.183619
0.167721
0.169873
0.180775
0.177997
0.196092
0.204887
0.171269
0.175243
0.202543
0.170164
0.187049
0.183705
0.199493
0.198293
0.22219
0.217889
0.206302
0.215998
0.209149
0.218866
0.21015
0.22144
0.227349
0.235698
0.248503
0.264103
0.282429
0.300516
0.318158
0.358089
0.331298
0.325896
0.288949
0.278707
0.236537
0.189056
0.179111
0.189375
0.219247
0.272489
0.331938
0.391453
0.453472
0.471247
0.492273
0.452191
0.388426
0.294034
0.210577
0.188534
0.183083
0.190243
0.162925
0.170224
0.165639
0.168072
0.166512
0.175724
0.178975
0.180023
0.180643
0.187256
0.19499
0.184338
0.196239
0.201718
0.212198
0.214637
0.19294
0.2021
0.18313
0.16279
0.151978
0.156446
0.14681
0.151503
0.165591
0.148818
0.131364
0.133249
0.129135
0.136934
0.127717
0.122259
0.13988
0.135117
0.128334
0.132934
0.141145
0.147544
0.152555
0.145602
0.14255
0.151651
0.159631
0.161814
0.17436
0.15711
0.160561
0.153383
0.161608
0.170825
0.151235
0.151594
0.149829
0.143074
0.133078
0.15136
0.15131
0.161896
0.165387
0.181704
0.173845
0.172029
0.175711
0.179538
0.166704
0.16276
0.154434
0.140218
0.145562
0.140193
0.157534
0.169742
0.150413
0.160618
0.171057
0.159773
0.166354
0.167384
0.16102
0.163234
0.163643
0.174353
0.161205
0.168642
0.187865
0.155242
0.169427
0.159107
0.126462
0.131501
0.135461
0.15562
0.129327
0.134081
0.133187
0.121011
0.136624
0.131514
0.114103
0.120464
0.137705
0.1193
0.150211
0.116247
0.131862
0.122907
0.129998
0.125656
0.139314
0.142722
0.121273
0.123883
0.127908
0.124444
0.0979916
0.112378
0.101896
0.100744
0.109341
0.112665
0.1016
0.114471
0.115169
0.129189
0.129118
0.123403
0.135906
0.148561
0.148763
0.151788
0.163457
0.152507
0.13787
0.136987
0.136795
0.11361
0.10329
0.0831362
0.0732674
0.0866061
0.0934277
0.107987
0.114813
0.136285
0.130632
0.15159
0.134181
0.140314
0.136467
0.109141
0.151488
0.13116
0.143446
0.138988
0.144711
0.154758
0.127188
0.175392
0.149909
0.134629
0.144841
0.167505
0.156519
0.158486
0.157979
0.146826
0.150234
0.144253
0.122836
0.175229
0.153132
0.159891
0.133251
0.151026
0.146131
0.172543
0.143113
0.152148
0.139009
0.149252
0.148162
0.140541
0.143248
0.13765
0.137541
0.133106
0.121279
0.139194
0.124859
0.13472
0.114677
0.103895
0.0962331
0.105956
0.0862494
0.0896867
0.0849095
0.0810603
0.0841471
0.0736803
0.073182
0.0801662
0.0717545
0.0576519
0.0845804
0.066069
0.0751872
0.0595095
0.0563094
0.0547575
0.0595051
0.0622333
0.0494858
0.0648096
0.0561712
0.061803
0.0388475
0.0346688
0.0491892
0.0562184
0.0616567
0.0512745
0.0684922
0.0506846
0.0698382
0.054723
0.0644005
0.050635
0.052024
0.0756149
0.0656926
0.0600446
0.0698646
0.0609645
0.0764742
0.067696
0.0728007
0.0747371
0.0757925
0.0641838
0.0697946
0.0557727
0.0645933
0.0583966
0.0477052
0.0544575
0.053122
0.0481146
0.0464596
0.0437029
0.055427
0.054821
0.0501732
0.0615448
0.0556309
0.0550559
0.071283
0.0453796
0.0684096
0.0495036
0.0501925
0.0466017
0.0306289
0.0478342
0.0552882
0.0543375
0.0467931
0.0464196
0.0611799
0.0509085
0.0466084
0.0490909
0.0610802
0.0917914
0.0967251
0.0927204
0.0984869
0.101084
0.0924057
0.0992056
0.0893753
0.136822
0.110782
0.12383
0.118253
0.11155
0.133517
0.124012
0.116912
0.108938
0.130078
0.111218
0.126757
0.133706
0.150433
0.14259
0.132212
0.149851
0.157995
0.161826
0.174623
0.176951
0.196322
0.184737
0.201851
0.164927
0.174135
0.173513
0.126105
0.121861
0.119338
0.117717
0.114179
0.137007
0.139303
0.143383
0.14173
0.159101
0.14128
0.147476
0.127815
0.167287
0.160352
0.151471
0.145875
0.180195
0.146104
0.120257
0.171917
0.173172
0.169781
0.186286
0.204175
0.209612
0.218552
0.177635
0.201919
0.171814
0.16552
0.155751
0.13912
0.139914
0.138459
0.124997
0.116055
0.0979673
0.0878865
0.0653304
0.0624326
0.0533604
0.0571495
0.0455098
0.0404306
0.026036
0.0154718
0.0132944
0.0190523
0.0189033
0.017836
0.017074
0.0217049
0.0284618
0.0131417
0.0195321
0.019251
0.021768
0.0225255
0.0285682
0.0245336
0.0294049
0.0238775
0.0255517
0.0195355
0.0117938
0.0183739
0.00821992
0.0089421
0.0113193
0.0117618
0.0103412
0.0142662
0.0108488
0.0106159
0.00784566
0
0.00960994
0.0123918
0.00961597
0.00740969
0.0168078
0.0136527
0.0236426
0.0234269
0.0147067
0.0218199
0.0192378
0.0201514
0.0140436
0.013833
0.0181743
0.0157529
0.0191943
0.0210298
0.0193563
0.0170577
0.0120363
0.0185366
0.0218576
0.0144376
0.0270855
0.0302572
0.0305314
0.0329664
0.0224058
0.0322749
0.027272
0.0273793
0.0266798
0.0241193
0.0213714
0.0273162
0.0290617
0.029869
0.026894
0.0286437
0.0307316
0.0265482
0.0218259
0.0266077
0.0304422
0.0324685
0.0310813
0.0314476
0.0328965
0.0371685
0.034172
0.0296633
0.035606
0.0315418
0.0179864
0.0268017
0.0278768
0.0376178
0.0269188
0.0274798
0.0345693
0.0338231
0.0301849
0.0314999
0.0266299
0.0242582
0.0259584
0.0262375
0.0368574
0.0321659
0.0384697
0.0433079
0.0424746
0.048838
0.0434576
0.0489626
0.0520944
0.0600351
0.057855
0.0584859
0.0506235
0.0613669
0.050875
0.0588681
0.0663845
0.0620794
0.057888
0.0638707
0.059063
0.0617899
0.059578
0.0624859
0.0675055
0.0764189
0.074666
0.0791874
0.0889359
0.0861976
0.0851917
0.0993239
0.101103
0.0879619
0.088222
0.0993651
0.0947959
0.0876912
0.0946843
0.0899556
0.0934735
0.0880704
0.0796676
0.0898723
0.0874205
0.0923023
0.0902341
0.0950075
0.105441
0.105415
0.112207
0.114171
0.104976
0.118098
0.100166
0.0859529
0.0900773
0.101723
0.080908
0.0680514
0.0805701
0.0836868
0.0708788
0.0871542
0.0853098
0.0719851
0.0777256
0.07266
0.0787911
0.0817525
0.0818333
0.0745459
0.0767302
0.0949822
0.0936208
0.0702939
0.0874885
0.0686915
0.082442
0.0770477
0.0653488
0.0601904
0.0611953
0.0579541
0.0563554
0.059927
0.0439844
0.0597063
0.0449535
0.0482607
0.0543645
0.0462682
0.0461006
0.0488083
0.0493015
0.056146
0.0364086
0.0439182
0.0374372
0.0636839
0.044659
0.0429672
0.0626933
0.0508438
0.0483702
0.0535777
0.0573275
0.0478633
0.0298464
0.0331632
0.0361235
0.0237557
0.0151465
0.0202338
0.0173803
0.0273697
0.0228401
0.0221683
0.0127577
0.0134562
0.0123817
0.022715
0.00924595
0.0209437
0.0181501
0.0165577
0.0299141
0.0369737
0.0402094
0.0311042
0.0508454
0.0372865
0.0541827
0.0409251
0.0476975
0.0334042
0.0564944
0.042179
0.0232726
0.0410458
0.0369456
0.0304244
0.0291543
0.0210295
0.0242149
0.0244267
0.0293849
0.025367
0.0150967
0.0222442
0.0163117
0.0157657
0.0181192
0.0111702
0.0164811
0.0148264
0.0162722
0.0160864
0.0341777
0.025625
0.0257335
0.0300178
0.0223488
0.0216381
0.0268254
0.0319829
0.0190889
0.0153524
0.01876
0.0252442
0.0301333
0.0133237
0.0213248
0.0232864
0.0139201
0.0150547
0.0232544
0.0240284
0.023056
0.0248408
0.0209095
0.018493
0.0275222
0.0179088
0.023931
0.0186165
0.0285071
0.0226497
0.0321305
0.0283264
0.0252502
0.0312249
0.0286782
0.0239705
0.0248504
0.031252
0.028777
0.0311559
0.0335486
0.0358236
0.0250101
0.0300969
0.0188013
0.0224984
0.0203632
0.0194344
0.0227339
0.0228713
0.0267398
0.0214951
0.0219025
0.0254378
0.0201536
0.0214212
0.0202887
0.0209481
0.0176549
0.0254872
0.0253027
0.0259677
0.0323219
0.0295825
0.0359681
0.0406771
0.0447794
0.0396265
0.0360523
0.0423924
0.0472321
0.0500739
0.0458794
0.0432584
0.0412928
0.0432001
0.0442794
0.0388618
0.0428091
0.037609
0.0390379
0.0410497
0.0408249
0.0439899
0.0437053
0.0376462
0.0415202
0.0458287
0.0449711
0.0431723
0.0428942
0.0516087
0.0534584
0.0506218
0.0527934
0.0615363
0.0875302
0.113112
0.171049
0.361947
0.565152
0.661206
0.676613
0.655311
0.55339
0.361545
0.173618
0.100632
0.0800745
0.0696982
0.06087
0.0667111
0.0673596
0.0604125
0.0658069
0.0584755
0.0661674
0.0637634
0.0616555
0.0624896
0.0660387
0.0553565
0.0604478
0.0560105
0.0585947
0.0560087
0.056684
0.0602509
0.0568917
0.0552806
0.0521567
0.0523568
0.0560437
0.0562668
0.0529391
0.0510817
0.0509524
0.0570035
0.0538171
0.0555375
0.0462248
0.0600583
0.053822
0.0548857
0.0510865
0.0561306
0.0555405
0.0570276
0.0532142
0.0568988
0.0621662
0.0547326
0.0493861
0.0552703
0.0571116
0.0630851
0.061136
0.0596921
0.0639312
0.0669941
0.0530963
0.0650785
0.0614592
0.0582236
0.0557792
0.0659922
0.0640626
0.0527487
0.0586455
0.0513551
0.060601
0.052791
0.0573572
0.0468245
0.0575105
0.0593159
0.060078
0.0585867
0.0525022
0.0524542
0.0570121
0.0609614
0.0517834
0.0579022
0.0586665
0.0483184
0.0551364
0.0561696
0.0553026
0.059641
0.0561143
0.0631427
0.0606849
0.0547381
0.0558967
0.0620867
0.0618191
0.0594508
0.0603416
0.0610628
0.0629728
0.0529865
0.067519
0.0678177
0.0661166
0.0607832
0.0725874
0.0807937
0.076769
0.0622494
0.0586275
0.0680789
0.0773412
0.0720721
0.0726786
0.0789612
0.0879113
0.0625446
0.0800878
0.0697286
0.0781908
0.0693754
0.0831905
0.071496
0.0726383
0.0725784
0.085223
0.0704404
0.0791125
0.0832001
0.0694526
0.080559
0.0868195
0.0759161
0.0707517
0.0885104
0.0768441
0.0704581
0.076962
0.0682763
0.0725834
0.0764943
0.0757297
0.0624956
0.0880129
0.0549924
0.0793863
0.0902683
0.0972956
0.102023
0.0617508
0.126333
0.075519
0.113137
0.0666232
0.122163
0.0920393
0.109246
0.0861385
0.0984602
0.108124
0.106287
0.0996129
0.0713037
0.112898
0.0956245
0.104236
0.0982788
0.0954747
0.110639
0.112821
0.114936
0.0886719
0.138783
0.133202
0.122616
0.101717
0.124377
0.142738
0.142753
0.109899
0.104123
0.128837
0.107024
0.095775
0.106954
0.138048
0.110223
0.135831
0.0856876
0.09081
0.0926984
0.0849862
0.0755794
0.0977306
0.0964455
0.0829586
0.0767108
0.0946784
0.0966328
0.0775698
0.0974918
0.0526641
0.0992223
0.11416
0.107886
0.0810137
0.096541
0.0987299
0.0722304
0.0817005
0.0799022
0.0678425
0.0950274
0.0789987
0.0827349
0.0922246
0.112347
0.107512
0.085169
0.13035
0.129183
0.136172
0.121146
0.113592
0.115639
0.0865211
0.0770308
0.0744029
0.0591902
0.0488165
0.0616065
0.0491823
0.0631845
0.0917265
0.0847789
0.0679918
0.0609192
0.0677267
0.091011
0.0763956
0.0606441
0.0751066
0.0752244
0.0904501
0.0823926
0.0988845
0.107622
0.104141
0.120069
0.143467
0.147458
0.142241
0.161394
0.162231
0.196659
0.217098
0.217764
0.204814
0.190236
0.163418
0.119383
0.0846306
0.0609222
0.0709606
0.0746848
0.0672885
0.0728046
0.0682172
0.0701339
0.0752457
0.0470711
0.0790387
0.0683352
0.0651918
0.0585305
0.0637911
0.0640779
0.0577023
0.0710902
0.0644404
0.0597451
0.0584655
0.0548275
0.0579476
0.045938
0.0717598
0.0632825
0.0589867
0.0667948
0.057759
0.0558157
0.0626574
0.0571211
0.0499307
0.0552951
0.0638533
0.0563617
0.0539403
0.0495702
0.0537642
0.0580907
0.0658935
0.0616195
0.0581722
0.0680875
0.0643743
0.0545328
0.0703045
0.0526039
0.0599016
0.0525582
0.0586296
0.0634793
0.0656983
0.0615604
0.0697597
0.0525922
0.0554281
0.0618314
0.0545688
0.0576954
0.0570545
0.0519251
0.0597579
0.0490829
0.0451139
0.0406581
0.0537498
0.0498319
0.0442318
0.0680686
0.0542912
0.052595
0.051421
0.0591855
0.0564887
0.0587207
0.0540406
0.0556727
0.055162
0.0634585
0.0616216
0.0581093
0.0443054
0.0495092
0.0505686
0.0497451
0.0539492
0.049162
0.059108
0.050848
0.053609
0.0539349
0.061132
0.0637822
0.0573112
0.0582952
0.0646823
0.0691959
0.0664149
0.0555603
0.0669901
0.0746984
0.0737585
0.0802135
0.0813735
0.0846399
0.0886534
0.0932548
0.0977891
0.104239
0.100901
0.107566
0.105671
0.114122
0.0922225
0.0748649
0.0627822
0.0595868
0.0553316
0.053808
0.0565248
0.0591159
0.0534197
0.0525983
0.0576093
0.0533649
0.0551396
0.0477183
0.0578103
0.0546138
0.0578617
0.0548306
0.0576812
0.0554856
0.0606074
0.060329
0.0622685
0.0707311
0.0644834
0.0773155
0.0791724
0.0815134
0.0856197
0.0917627
0.100426
0.105172
0.105535
0.122983
0.129507
0.13805
0.142827
0.146316
0.143809
0.136701
0.129256
0.114335
0.111617
0.10361
0.0748075
0.0782778
0.0756085
0.0803325
0.0653119
0.0784353
0.0737214
0.0814821
0.0678991
0.0765354
0.0729901
0.0799708
0.0841785
0.0740847
0.0761609
0.0923685
0.0848821
0.0826942
0.0811836
0.0876062
0.0955133
0.0963739
0.106333
0.0983207
0.109173
0.104204
0.117218
0.114408
0.1236
0.130734
0.137265
0.140506
0.139908
0.155614
0.178179
0.170624
0.166633
0.163454
0.154067
0.148822
0.139803
0.114171
0.115016
0.100855
0.097861
0.0928721
0.0900312
0.0842347
0.0934544
0.0889402
0.0832471
0.0869871
0.0856167
0.0980362
0.0947432
0.0884685
0.0756319
0.0805599
0.0789357
0.0706713
0.0767221
0.0689187
0.0594425
0.0721597
0.0762329
0.0936592
0.0810084
0.0840815
0.0736842
0.066227
0.0718735
0.0724649
0.079922
0.0713931
0.0681855
0.0757299
0.0728471
0.0739294
0.0750224
0.0725323
0.0700345
0.067079
0.0741302
0.0640794
0.0700111
0.0699924
0.0735873
0.0695047
0.077759
0.0717152
0.0728277
0.0707844
0.0679866
0.0664482
0.0726959
0.0750053
0.072193
0.0800841
0.066201
0.0717675
0.0749236
0.0806536
0.0781581
0.077946
0.0861214
0.0708253
0.0784499
0.0743965
0.0770991
0.0711899
0.0703766
0.0732611
0.074643
0.0810771
0.0848879
0.0791184
0.0901551
0.0908556
0.104474
0.102401
0.107725
0.119199
0.126656
0.120759
0.12727
0.149661
0.134495
0.129266
0.13552
0.143675
0.140803
0.148002
0.150596
0.145693
0.153781
0.160131
0.138042
0.14631
0.121559
0.119968
0.113885
0.118579
0.111297
0.115749
0.108948
0.114349
0.12292
0.120609
0.131334
0.125585
0.108117
0.128604
0.149438
0.136913
0.139318
0.153143
0.160352
0.141004
0.143578
0.146739
0.129834
0.15509
0.145579
0.145982
0.157708
0.139568
0.122083
0.119225
0.141857
0.118537
0.122993
0.120047
0.141039
0.132527
0.173701
0.116176
0.127375
0.137598
0.159956
0.143504
0.147006
0.15512
0.153723
0.14758
0.164149
0.159608
0.160645
0.168349
0.159554
0.186688
0.176528
0.182589
0.180971
0.181979
0.173648
0.187943
0.185288
0.197593
0.215201
0.215316
0.19064
0.202092
0.211439
0.212467
0.207225
0.223055
0.210931
0.207428
0.217927
0.218713
0.19942
0.191885
0.185683
0.198389
0.197223
0.179709
0.186971
0.147827
0.101095
0.125824
0.13727
0.112817
0.109059
0.0741021
0.11052
0.096445
0.0827281
0.095967
0.121022
0.119119
0.123196
0.129756
0.105392
0.135022
0.152371
0.125148
0.127862
0.122554
0.161143
0.159428
0.150113
0.198047
0.188465
0.187272
0.208558
0.214803
0.204622
0.185623
0.194371
0.220693
0.234248
0.209136
0.214491
0.216376
0.229779
0.239017
0.256945
0.249579
0.247031
0.264906
0.267283
0.267681
0.26199
0.25301
0.242302
0.257338
0.211603
0.220106
0.221379
0.221941
0.191635
0.181215
0.144061
0.149507
0.125363
0.113507
0.117982
0.135095
0.120663
0.108851
0.120616
0.0995214
0.132076
0.125369
0.0777949
0.111713
0.0887372
0.0852812
0.140826
0.0967682
0.112451
0.105925
0.0988393
0.127659
0.11491
0.104407
0.119672
0.0985885
0.104249
0.154391
0.118202
0.113026
0.127722
0.141958
0.0824337
0.115948
0.0917059
0.135072
0.153385
0.130452
0.137665
0.152682
0.116989
0.102318
0.146848
0.131048
0.159712
0.11963
0.17303
0.201107
0.131233
0.100825
0.123956
0.157493
0.145228
0.12721
0.124215
0.135346
0.103277
0.135961
0.173268
0.116021
0.111322
0.137763
0.146526
0.133661
0.113702
0.143309
0.151464
0.135299
0.155757
0.127492
0.130431
0.119354
0.148357
0.151209
0.144292
0.143689
0.136577
0.121261
0.130614
0.0268083
0.0926519
0.122297
0.0928006
0.155075
0.129837
0.102386
0.104886
0.0823411
0.0626276
0.139797
0.163743
0.140068
0.111989
0.0841004
0.0839792
0.112351
0.119982
0.148639
0.0909683
0.160496
0.133315
0.12363
0.132414
0.160519
0.121968
0.139394
0.18209
0.119988
0.197732
0.137541
0.150934
0.17127
0.148628
0.187497
0.132993
0.170835
0.138142
0.153642
0.167735
0.155105
0.176898
0.16103
0.160981
0.166969
0.146928
0.166707
0.190037
0.140974
0.141564
0.157032
0.142044
0.13905
0.120387
0.123401
0.109265
0.122674
0.077589
0.0862566
0.0432196
0.0560484
