0.194736
0.203216
0.202368
0.209036
0.197845
0.214965
0.219314
0.223605
0.231945
0.237457
0.248395
0.255148
0.248663
0.261384
0.266721
0.269602
0.275314
0.282979
0.284098
0.276116
0.283379
0.280956
0.286614
0.290264
0.297825
0.304603
0.319761
0.322218
0.331141
0.334252
0.344637
0.348948
0.35417
0.361832
0.363987
0.372427
0.372076
0.370627
0.373233
0.367644
0.356037
0.340731
0.351092
0.359036
0.380379
0.388493
0.396447
0.405309
0.411432
0.412257
0.412161
0.374673
0.350855
0.346157
0.345569
0.346214
0.372766
0.44122
0.450548
0.433475
0.401818
0.347136
0.277974
0.26475
0.235715
0.214966
0.21122
0.196917
0.188675
0.179136
0.172923
0.171451
0.168801
0.161697
0.15461
0.154551
0.162038
0.168262
0.166515
0.175706
0.179605
0.186767
0.190801
0.186976
0.191929
0.18649
0.205358
0.197539
0.205259
0.212962
0.222558
0.234618
0.245314
0.262048
0.28349
0.311831
0.342736
0.362199
0.384809
0.391424
0.396428
0.400713
0.381498
0.354327
0.311526
0.285684
0.266835
0.26169
0.262597
0.271916
0.274363
0.277243
0.283491
0.281658
0.288233
0.279662
0.281168
0.266368
0.271517
0.259177
0.259336
0.270837
0.280375
0.283643
0.297991
0.306985
0.317514
0.316903
0.32604
0.334604
0.341228
0.346128
0.348119
0.347431
0.346795
0.348389
0.363098
0.371455
0.374116
0.364074
0.337407
0.309879
0.297194
0.292764
0.300937
0.30666
0.321888
0.324809
0.3465
0.356766
0.359976
0.378028
0.39085
0.401346
0.402099
0.416185
0.414386
0.426519
0.421757
0.426564
0.425868
0.433442
0.433591
0.42556
0.392881
0.325077
0.256582
0.197774
0.174185
0.16393
0.14648
0.148302
0.14263
0.151212
0.146912
0.153431
0.159216
0.168566
0.180849
0.187727
0.20361
0.20585
0.198956
0.21486
0.20089
0.199023
0.194185
0.184992
0.187027
0.180953
0.181447
0.176639
0.17961
0.188455
0.185886
0.194592
0.199528
0.201053
0.200457
0.187402
0.174432
0.165707
0.171222
0.169076
0.175796
0.177539
0.180138
0.188192
0.190656
0.204293
0.20897
0.21539
0.227275
0.230714
0.229077
0.240762
0.24647
0.251447
0.257332
0.263939
0.267858
0.266084
0.264184
0.257318
0.240334
0.213166
0.21417
0.223135
0.204613
0.209594
0.230177
0.231489
0.232412
0.240204
0.254296
0.260517
0.274241
0.29191
0.294308
0.305405
0.313687
0.324206
0.335527
0.33713
0.351039
0.351989
0.360094
0.369443
0.377098
0.3803
0.391415
0.404346
0.416737
0.408116
0.407518
0.371276
0.323156
0.264478
0.254725
0.229311
0.224448
0.230134
0.231092
0.240438
0.247561
0.248275
0.271793
0.272046
0.272725
0.288921
0.292435
0.311697
0.31475
0.31956
0.328628
0.330419
0.345072
0.341548
0.348775
0.336241
0.318385
0.296264
0.255123
0.221575
0.186478
0.178424
0.176342
0.194788
0.187485
0.197346
0.216518
0.205717
0.220674
0.230568
0.238451
0.219612
0.219188
0.222707
0.220418
0.216757
0.214397
0.199669
0.18858
0.187676
0.178388
0.175979
0.188643
0.18822
0.182194
0.190614
0.200759
0.213971
0.208559
0.201369
0.177738
0.188256
0.169178
0.185074
0.179602
0.180876
0.186121
0.182751
0.1749
0.175228
0.16627
0.175335
0.166694
0.188886
0.177412
0.188058
0.186793
0.200259
0.207203
0.203376
0.227802
0.230427
0.233083
0.239872
0.232755
0.241807
0.253976
0.254977
0.261191
0.248084
0.250065
0.230286
0.224135
0.228424
0.224358
0.218173
0.208722
0.192311
0.191569
0.181219
0.18194
0.199013
0.209306
0.2102
0.208534
0.211709
0.207669
0.222762
0.220639
0.210152
0.23233
0.234183
0.242063
0.245465
0.26012
0.274268
0.284464
0.283004
0.304797
0.304291
0.318864
0.322284
0.316171
0.312939
0.285123
0.251492
0.217778
0.203704
0.1816
0.176542
0.176652
0.17906
0.174205
0.182891
0.190521
0.190216
0.198551
0.2033
0.181013
0.19682
0.177033
0.174661
0.18
0.185615
0.17685
0.181417
0.180597
0.180256
0.185359
0.185854
0.188566
0.186788
0.194119
0.217587
0.236316
0.266115
0.286934
0.314056
0.346131
0.355225
0.363036
0.339647
0.341784
0.311448
0.282006
0.272428
0.267068
0.277274
0.289516
0.277117
0.280251
0.268851
0.268028
0.26864
0.266962
0.282189
0.268794
0.277842
0.268258
0.275771
0.257254
0.246623
0.210081
0.202768
0.218123
0.220404
0.221264
0.228952
0.238908
0.24266
0.231986
0.207423
0.21686
0.233695
0.227051
0.223151
0.211122
0.207012
0.231155
0.215401
0.225211
0.232231
0.224287
0.236686
0.237148
0.218357
0.212779
0.231543
0.22585
0.229827
0.230783
0.234024
0.245769
0.268126
0.258335
0.256703
0.26117
0.257938
0.272159
0.268869
0.272796
0.285714
0.290641
0.320146
0.332278
0.343969
0.391042
0.407425
0.441726
0.438474
0.413174
0.38864
0.338965
0.299387
0.24447
0.227836
0.245001
0.292821
0.34817
0.413354
0.515397
0.591293
0.615022
0.631566
0.596621
0.512759
0.384638
0.276013
0.24591
0.219952
0.20407
0.209039
0.227937
0.207693
0.217141
0.213267
0.247089
0.22206
0.222851
0.232479
0.242468
0.232906
0.235992
0.239383
0.252489
0.255297
0.280696
0.262386
0.245435
0.217533
0.202123
0.182439
0.185152
0.200331
0.182026
0.188721
0.1803
0.15196
0.146377
0.151671
0.160424
0.15113
0.145244
0.154531
0.161371
0.158276
0.147011
0.161071
0.164535
0.172804
0.171321
0.170752
0.175258
0.184241
0.191793
0.217992
0.207534
0.210189
0.210946
0.202086
0.209408
0.207573
0.203828
0.172057
0.173015
0.177155
0.177853
0.188821
0.185082
0.202565
0.219012
0.213442
0.226651
0.228449
0.225742
0.212712
0.204088
0.188648
0.166103
0.168236
0.177618
0.182035
0.186533
0.187708
0.185911
0.203237
0.185173
0.197013
0.187224
0.183039
0.192915
0.217274
0.214745
0.209007
0.213825
0.214628
0.209543
0.200244
0.202893
0.154679
0.170743
0.147406
0.178838
0.161156
0.173346
0.167077
0.131408
0.158651
0.167102
0.142787
0.151574
0.160538
0.15149
0.162405
0.139476
0.154224
0.143765
0.147548
0.163889
0.161438
0.154174
0.157207
0.167193
0.150682
0.151216
0.11371
0.133458
0.122378
0.107305
0.125403
0.118471
0.123013
0.138664
0.141538
0.149083
0.161919
0.163827
0.159533
0.162185
0.192719
0.197553
0.212476
0.197267
0.176337
0.179678
0.163328
0.122172
0.111061
0.102328
0.0974293
0.116974
0.11116
0.133778
0.149607
0.167742
0.165129
0.16336
0.166397
0.187463
0.166463
0.142994
0.167291
0.179403
0.169613
0.166586
0.17501
0.184063
0.204285
0.21733
0.190203
0.191368
0.193243
0.190943
0.206652
0.207008
0.188462
0.183693
0.215137
0.169376
0.15508
0.197337
0.204493
0.215614
0.1938
0.181354
0.188274
0.201014
0.199867
0.180145
0.183756
0.1831
0.188677
0.174514
0.161504
0.17366
0.158515
0.171995
0.146988
0.154858
0.1519
0.159412
0.137691
0.131935
0.119094
0.125369
0.102472
0.112912
0.0940105
0.0872462
0.102587
0.0870696
0.0910886
0.0836211
0.0775715
0.070778
0.0797826
0.0657752
0.080535
0.0670141
0.067595
0.0714164
0.0530605
0.0669142
0.0566153
0.0756285
0.0688968
0.0655829
0.0625252
0.0534938
0.0471833
0.0484009
0.066847
0.0662286
0.0727873
0.0604947
0.0723862
0.0568826
0.064603
0.0627208
0.0679604
0.079873
0.0616011
0.0761191
0.0780586
0.0812541
0.0710436
0.0742363
0.0735267
0.0837367
0.0839032
0.0760507
0.0697388
0.0780451
0.0696961
0.0588774
0.0634532
0.057175
0.0474053
0.0390214
0.0512317
0.0458331
0.0545684
0.0428539
0.0547582
0.0678509
0.0663677
0.0543085
0.0579639
0.0526129
0.0836355
0.0487051
0.0540917
0.0629626
0.0505004
0.064063
0.0524061
0.0712511
0.0627648
0.060434
0.0596367
0.0560262
0.0563677
0.0672926
0.0736999
0.109022
0.107097
0.126224
0.145518
0.145007
0.11828
0.131993
0.10827
0.136507
0.13569
0.141588
0.140915
0.127432
0.161976
0.136504
0.151132
0.119988
0.154511
0.145367
0.178773
0.187739
0.183562
0.161127
0.185545
0.196905
0.209642
0.21718
0.235387
0.237367
0.24764
0.280015
0.259122
0.242525
0.217645
0.21319
0.172495
0.188815
0.138998
0.166633
0.15562
0.170682
0.191649
0.162624
0.161413
0.18181
0.169028
0.168888
0.165651
0.181471
0.207954
0.1917
0.176999
0.20316
0.17825
0.17843
0.199602
0.195525
0.209863
0.23647
0.273581
0.234396
0.254586
0.227267
0.239648
0.192506
0.195764
0.184752
0.161614
0.180148
0.163874
0.142976
0.126148
0.113094
0.113715
0.077077
0.0813749
0.0827737
0.0555916
0.0526223
0.0390103
0.022435
0.0159855
0.0108553
0.0167727
0.0131288
0.0126935
0.0186893
0.0191688
0.0168657
0.013213
0.0087656
0.015606
0.0141712
0.0171284
0.0293977
0.0282923
0.0251267
0.0242178
0.0266741
0.0171811
0.0136403
0.0110457
0.0010694
0.00279842
9.22791e-05
0.00467014
0.00927396
0.00802017
0.00911594
0.00763235
0.000543343
0
0.000981135
0.00346494
0.00875805
0.00834754
0.0115255
0.0183758
0.0213389
0.0202908
0.0168582
0.021398
0.015011
0.0212
0.0165281
0.0112163
0.0125967
0.01308
0.0171304
0.0186845
0.015378
0.01496
0.0166303
0.0171948
0.0126672
0.0120069
0.0245125
0.0259965
0.0285302
0.0371051
0.026344
0.0340927
0.0303986
0.023622
0.0264926
0.0208465
0.0221309
0.0265251
0.0283525
0.0288579
0.0319401
0.0269967
0.0280747
0.0222883
0.0228501
0.0267102
0.0314299
0.0350406
0.0323013
0.0346502
0.0359085
0.0392425
0.0322454
0.0412969
0.0354369
0.0383395
0.0317673
0.0350538
0.0310733
0.0363323
0.0304009
0.0338272
0.0305451
0.0338422
0.029737
0.0283153
0.0350516
0.0253675
0.026518
0.0333454
0.0384063
0.037426
0.0428569
0.0443746
0.0529754
0.061252
0.0489534
0.0582185
0.0675829
0.0689194
0.0661777
0.0688346
0.0620145
0.0724869
0.0638576
0.0690873
0.0692646
0.0800122
0.0753018
0.0801574
0.0715878
0.0754612
0.0750819
0.0758944
0.0754292
0.0852552
0.0990598
0.10049
0.0999309
0.108367
0.112321
0.115567
0.122107
0.110454
0.110219
0.11962
0.115313
0.116531
0.110173
0.108708
0.104387
0.106858
0.104955
0.106656
0.11479
0.112571
0.111263
0.12807
0.125715
0.128967
0.142927
0.140373
0.142875
0.148205
0.11485
0.121791
0.101341
0.106952
0.0998531
0.0909755
0.100193
0.0992154
0.0856018
0.104135
0.100568
0.0886908
0.102672
0.0996952
0.0951993
0.0988735
0.0972813
0.0946461
0.10016
0.117144
0.106316
0.0965952
0.115505
0.0992321
0.0951257
0.0948014
0.0764594
0.0764007
0.0720857
0.0669271
0.0698043
0.0513908
0.0614269
0.0547513
0.0627489
0.0682939
0.0535905
0.0590173
0.0446808
0.0633121
0.0573565
0.0634087
0.0464061
0.0484237
0.0657119
0.0619348
0.0596745
0.0498693
0.0789513
0.0604822
0.0503887
0.0569471
0.0595785
0.0462619
0.0402321
0.0407986
0.0341461
0.0275924
0.0185955
0.0174058
0.0173329
0.022541
0.021437
0.0265664
0.0222338
0.0145642
0.0119839
0.0137835
0.0152713
0.0184033
0.0131775
0.0157932
0.0381262
0.0293964
0.0360363
0.029745
0.0498971
0.0446045
0.0652635
0.0416513
0.0634324
0.0514566
0.0618675
0.0364331
0.0404769
0.0260256
0.0300078
0.0329685
0.0219098
0.0187534
0.0188438
0.0261468
0.0279611
0.0166486
0.0165351
0.0179155
0.0112077
0.0137012
0.0143382
0.012904
0.0208645
0.0183505
0.0148775
0.0195416
0.0312573
0.0329547
0.0229834
0.0173207
0.0144882
0.0283365
0.0276261
0.0286333
0.0258541
0.0215537
0.0178955
0.0297955
0.0208042
0.0173681
0.013054
0.0227664
0.00916488
0.0158178
0.025396
0.0236698
0.0194896
0.0203417
0.0194332
0.0190529
0.0184247
0.02188
0.0247318
0.0261091
0.0219465
0.0267688
0.0340625
0.0313885
0.0394407
0.0382309
0.0343799
0.0308431
0.0303869
0.0340006
0.0315985
0.0314044
0.0297946
0.0345859
0.024193
0.0364696
0.019097
0.0238776
0.0190858
0.0208373
0.0234597
0.0264503
0.0249866
0.0250362
0.021652
0.0247016
0.020826
0.0202194
0.0240059
0.0216738
0.0147521
0.0279765
0.0287
0.0304671
0.0301411
0.0353207
0.0413686
0.0469647
0.0476055
0.0472585
0.0358014
0.042134
0.0495164
0.0507514
0.0492481
0.0475144
0.0506318
0.045133
0.0460386
0.0427237
0.0469077
0.0481374
0.049072
0.0457711
0.0448594
0.0545229
0.0562463
0.0455381
0.0520768
0.0537616
0.0548997
0.053779
0.0489354
0.058977
0.0636759
0.0654204
0.0675715
0.0828274
0.096836
0.136571
0.219028
0.464345
0.73504
0.866118
0.884997
0.857136
0.728725
0.464111
0.225954
0.129311
0.100554
0.0863654
0.0784924
0.0787253
0.0782158
0.0771118
0.0799839
0.0778603
0.0749948
0.0763019
0.0732035
0.0750491
0.0775418
0.0708336
0.0741793
0.0737327
0.0705606
0.070282
0.0731508
0.0703874
0.0711648
0.063882
0.064869
0.0626227
0.0657783
0.0648943
0.0630066
0.0644321
0.0615378
0.0675391
0.0639128
0.0599211
0.0675294
0.0582645
0.0641688
0.0628255
0.0608441
0.0582222
0.06455
0.066669
0.0653255
0.0732537
0.0751365
0.0683995
0.0649175
0.073418
0.0707332
0.0696192
0.0736091
0.0721421
0.0720057
0.0692309
0.0705287
0.0754497
0.0795932
0.0718233
0.0681144
0.0811042
0.0854199
0.0619461
0.069014
0.0700519
0.0657549
0.0660953
0.0650973
0.0594249
0.06943
0.0691763
0.0673005
0.0639969
0.0638562
0.0623332
0.0723697
0.0626781
0.0602362
0.0631846
0.0696398
0.0651353
0.0661767
0.0705226
0.0676003
0.0702909
0.0653232
0.0777715
0.0665622
0.0660108
0.0736553
0.0693371
0.0632228
0.0743076
0.0783235
0.0796428
0.0691432
0.0686114
0.0804991
0.0777117
0.0813162
0.0793828
0.0767223
0.0788784
0.0900598
0.0809204
0.0820235
0.0869297
0.0986502
0.0853992
0.0986535
0.0983603
0.0931553
0.0791772
0.0826227
0.095355
0.0876131
0.0836666
0.109168
0.0977203
0.0905749
0.0890962
0.094526
0.0967298
0.0903773
0.100837
0.0905765
0.0907646
0.0985679
0.0948316
0.0893141
0.0883879
0.0979601
0.100762
0.100744
0.0950432
0.100331
0.0842436
0.0847438
0.0801122
0.0903015
0.0719197
0.108554
0.110842
0.0965908
0.103764
0.0796826
0.0928217
0.0897483
0.124343
0.112166
0.122118
0.0954152
0.10857
0.0907761
0.116133
0.126284
0.098404
0.106341
0.11391
0.112299
0.11583
0.116586
0.117441
0.138298
0.144147
0.11244
0.144938
0.134748
0.149694
0.158666
0.140534
0.162584
0.170151
0.162129
0.139999
0.139026
0.126035
0.137309
0.120519
0.121657
0.138748
0.123973
0.124525
0.116585
0.0964735
0.110553
0.0933936
0.0704617
0.0959934
0.121534
0.0997646
0.113095
0.0979456
0.0993804
0.11782
0.110291
0.102918
0.0788979
0.0969451
0.111989
0.11599
0.0865425
0.109271
0.104684
0.0938655
0.080721
0.109427
0.0706023
0.112057
0.101089
0.0922195
0.100453
0.1107
0.127538
0.119032
0.130852
0.137714
0.157828
0.146821
0.137928
0.129422
0.109184
0.102639
0.0994694
0.0616147
0.0721369
0.102439
0.0817543
0.0705622
0.0707709
0.0833427
0.0834014
0.0742582
0.0748269
0.111602
0.0831433
0.0942566
0.0963855
0.101681
0.0990029
0.121964
0.107984
0.117216
0.138686
0.155616
0.168614
0.172084
0.172889
0.188485
0.209305
0.236637
0.263092
0.274144
0.265617
0.25835
0.215582
0.148129
0.103206
0.0850822
0.0760416
0.0759721
0.0639837
0.0773909
0.0812841
0.0777753
0.0681768
0.0746648
0.0825173
0.0854793
0.08465
0.0657405
0.0702184
0.0629664
0.0794
0.0647054
0.0796928
0.069359
0.0689615
0.0687504
0.0631484
0.0570371
0.0741978
0.0743462
0.0720656
0.0699224
0.0667097
0.0669501
0.0683596
0.0684314
0.0639464
0.0722221
0.0817749
0.0677317
0.068952
0.0616677
0.0708718
0.0704417
0.0713699
0.0692702
0.0704801
0.076706
0.0733519
0.0719014
0.0825427
0.0706557
0.0705141
0.0718021
0.0655306
0.0750176
0.0687489
0.0790556
0.0687904
0.0652387
0.0715554
0.0810861
0.0577387
0.0625064
0.0560768
0.0536746
0.0567816
0.0525507
0.0517552
0.0536816
0.067565
0.0496202
0.0554403
0.0609559
0.0645944
0.0654284
0.0569038
0.0667249
0.0633671
0.0681234
0.0659953
0.0658757
0.0677698
0.065003
0.0620104
0.0623889
0.0582212
0.0591038
0.0643933
0.0603788
0.0577122
0.0634632
0.0669512
0.0587886
0.0629082
0.0660585
0.069355
0.070502
0.0660049
0.0719039
0.0767419
0.0822052
0.0785196
0.072407
0.0803798
0.0880231
0.0890753
0.0935421
0.0831616
0.0958146
0.0993559
0.117843
0.112554
0.122897
0.124072
0.126013
0.124698
0.130202
0.106959
0.0906792
0.080323
0.0630905
0.0723277
0.0541398
0.0657935
0.0633066
0.0601918
0.0633072
0.0601166
0.0684961
0.0616317
0.0612372
0.0684651
0.0669427
0.0689762
0.0698065
0.0709569
0.0700041
0.0729546
0.0753574
0.0719622
0.0809289
0.0840683
0.091767
0.0924775
0.099618
0.103359
0.112475
0.117181
0.129713
0.132488
0.148575
0.160529
0.174122
0.178338
0.182493
0.180457
0.171311
0.162687
0.147201
0.144833
0.127276
0.112547
0.099593
0.0943062
0.0863466
0.0865195
0.0874961
0.0773261
0.0997297
0.0869763
0.0950367
0.0819876
0.0927936
0.0932643
0.0926345
0.0916396
0.103728
0.0977536
0.105369
0.11341
0.109293
0.1089
0.111917
0.125865
0.127929
0.132851
0.139478
0.147589
0.148437
0.152456
0.156948
0.170542
0.177438
0.178322
0.200332
0.21656
0.217721
0.212627
0.214797
0.195131
0.190397
0.171387
0.158942
0.140335
0.130862
0.11761
0.113909
0.106726
0.111338
0.112194
0.108597
0.108796
0.106335
0.114983
0.11177
0.104951
0.0877454
0.0898044
0.100385
0.0932041
0.085422
0.0905818
0.0927925
0.0809863
0.080549
0.0949376
0.109576
0.0924983
0.0906107
0.0873715
0.0710344
0.0865539
0.0865632
0.0921109
0.0948698
0.0791096
0.0854689
0.0797143
0.0786516
0.0892488
0.0880069
0.0749122
0.0812565
0.0862785
0.0840294
0.0862895
0.0846409
0.0848149
0.0882098
0.0912305
0.0923678
0.0907162
0.0944998
0.0842823
0.0900852
0.0863571
0.0848092
0.0920861
0.0944181
0.0911128
0.0869372
0.0929893
0.0976088
0.09132
0.0935193
0.0879611
0.0795532
0.0785123
0.0668659
0.0686917
0.0645578
0.061103
0.0772936
0.0674774
0.0819213
0.084356
0.0835765
0.0923454
0.0938982
0.100024
0.115
0.132266
0.144098
0.156938
0.157661
0.170379
0.170245
0.165148
0.177695
0.170335
0.186017
0.20695
0.19557
0.218993
0.194724
0.20397
0.199166
0.178119
0.187581
0.165476
0.152776
0.155653
0.127183
0.115278
0.153268
0.125155
0.113045
0.138551
0.143692
0.132835
0.146271
0.135891
0.148361
0.158453
0.155771
0.184228
0.180149
0.170805
0.175235
0.187325
0.168837
0.16259
0.189699
0.16736
0.157193
0.165026
0.156904
0.135223
0.135293
0.160341
0.132562
0.120151
0.114788
0.132025
0.139322
0.178804
0.145694
0.158169
0.166005
0.167971
0.164585
0.180694
0.184712
0.160467
0.180476
0.182553
0.184282
0.179351
0.222503
0.16981
0.206753
0.19875
0.203886
0.218656
0.223673
0.214485
0.214565
0.220904
0.233698
0.234766
0.260191
0.250627
0.246928
0.258394
0.27281
0.258076
0.260753
0.270299
0.277196
0.262315
0.262291
0.253543
0.235403
0.238028
0.223391
0.230929
0.207652
0.211879
0.173881
0.151169
0.135103
0.177031
0.159816
0.124806
0.133875
0.140176
0.108977
0.0969893
0.12994
0.134563
0.132161
0.150944
0.14992
0.113616
0.153089
0.160096
0.163479
0.128874
0.168528
0.174677
0.185523
0.162463
0.2413
0.210397
0.234327
0.280301
0.235882
0.248055
0.236524
0.263111
0.279897
0.270768
0.26922
0.286008
0.279246
0.294907
0.297356
0.313547
0.321435
0.314691
0.347422
0.331278
0.325751
0.321329
0.321242
0.305759
0.289071
0.297917
0.296761
0.264652
0.275209
0.23709
0.210125
0.191448
0.147217
0.145268
0.170089
0.130812
0.120409
0.138047
0.101676
0.130613
0.111492
0.123278
0.130789
0.12738
0.124699
0.0885072
0.0956148
0.109128
0.0964027
0.129638
0.128539
0.126505
0.132191
0.12193
0.082203
0.137558
0.122463
0.12806
0.153707
0.113206
0.148934
0.123484
0.138989
0.123529
0.142167
0.150162
0.127339
0.15997
0.117827
0.16448
0.143275
0.151303
0.187866
0.105241
0.170214
0.123715
0.12811
0.125141
0.149938
0.140345
0.121119
0.182463
0.169824
0.152829
0.152599
0.124014
0.147881
0.117962
0.160748
0.185206
0.141507
0.169438
0.156995
0.131068
0.119992
0.11908
0.151507
0.126294
0.178045
0.156902
0.111627
0.120743
0.119131
0.168205
0.172402
0.151766
0.114612
0.142266
0.145195
0.157512
0.0420945
0.102134
0.150024
0.130239
0.175347
0.117775
0.111285
0.127751
0.140866
0.0868204
0.148511
0.176815
0.106461
0.119567
0.107608
0.122865
0.172132
0.167212
0.154411
0.0845824
0.169314
0.191664
0.149367
0.0975517
0.137009
0.154301
0.192645
0.16271
0.10261
0.141075
0.189907
0.170482
0.169341
0.166487
0.203868
0.18212
0.172823
0.178466
0.154812
0.149882
0.179574
0.161956
0.173068
0.183312
0.183743
0.168296
0.167577
0.211513
0.160351
0.153425
0.181975
0.161814
0.138963
0.153159
0.115405
0.0939771
0.0667409
0.0832271
0.0695824
0.032505
0.039904
