0.176911
0.184011
0.191523
0.195599
0.199288
0.199895
0.197655
0.197998
0.208957
0.220615
0.224874
0.22519
0.238362
0.242169
0.245264
0.249849
0.257812
0.258171
0.259824
0.258185
0.257716
0.253831
0.257566
0.270815
0.277038
0.278703
0.287583
0.295849
0.303513
0.315219
0.316239
0.32276
0.322447
0.330936
0.334462
0.345179
0.346653
0.345955
0.344703
0.334233
0.324223
0.323336
0.325344
0.338747
0.350041
0.362515
0.370255
0.375259
0.384198
0.381996
0.372618
0.332891
0.317043
0.313574
0.314538
0.314569
0.34001
0.413161
0.417822
0.40282
0.370276
0.324689
0.27726
0.239757
0.215931
0.200018
0.192225
0.181938
0.164114
0.166552
0.160092
0.149204
0.155959
0.139559
0.138643
0.143944
0.14377
0.153022
0.152704
0.159015
0.160586
0.164344
0.168928
0.179664
0.172032
0.178922
0.17788
0.174
0.185164
0.19539
0.20011
0.209932
0.218343
0.23339
0.255455
0.280271
0.30364
0.331294
0.343953
0.3532
0.360593
0.352993
0.338398
0.317453
0.284711
0.254897
0.242878
0.238993
0.241485
0.246276
0.251951
0.257909
0.261696
0.264128
0.264779
0.267484
0.259028
0.256332
0.254062
0.250929
0.247563
0.25466
0.270352
0.272924
0.277685
0.281256
0.28881
0.298057
0.303181
0.307944
0.31308
0.317347
0.316246
0.31562
0.314625
0.317023
0.333953
0.346622
0.346383
0.332612
0.317179
0.292027
0.273779
0.265926
0.278465
0.288928
0.29801
0.308426
0.316316
0.342943
0.344582
0.356216
0.366052
0.374075
0.38649
0.387301
0.389142
0.391207
0.389291
0.392331
0.396127
0.398988
0.40239
0.392526
0.357348
0.292044
0.224199
0.179445
0.164673
0.142134
0.136834
0.132396
0.127547
0.1368
0.137873
0.143858
0.150633
0.150658
0.164042
0.173685
0.190831
0.199131
0.197961
0.198697
0.198498
0.19341
0.181535
0.179581
0.169328
0.159957
0.164259
0.168391
0.165715
0.170106
0.173141
0.180123
0.182065
0.18411
0.170918
0.167861
0.160399
0.162792
0.155038
0.153319
0.1564
0.152767
0.15937
0.165262
0.164494
0.181797
0.191384
0.199424
0.199815
0.207504
0.219608
0.216095
0.226145
0.228957
0.231972
0.239091
0.243095
0.251646
0.241152
0.231847
0.2166
0.202947
0.198805
0.199952
0.190237
0.206091
0.208311
0.21739
0.212324
0.221967
0.233814
0.235658
0.255596
0.2595
0.275195
0.282783
0.290737
0.296599
0.31332
0.310858
0.322236
0.326835
0.336427
0.337673
0.34803
0.351444
0.359991
0.3647
0.376336
0.376256
0.359187
0.344003
0.288874
0.254091
0.225398
0.22345
0.23964
0.224356
0.217381
0.224863
0.229805
0.239792
0.250363
0.262299
0.262387
0.266884
0.279302
0.278144
0.297779
0.299936
0.313777
0.313088
0.325504
0.313977
0.321226
0.306825
0.287646
0.269109
0.239924
0.196309
0.175544
0.158598
0.16055
0.17555
0.176418
0.179133
0.192459
0.199672
0.209432
0.212751
0.213768
0.221063
0.232125
0.203247
0.197085
0.200974
0.189832
0.177579
0.173116
0.174513
0.170275
0.173334
0.170809
0.175563
0.174395
0.178272
0.184134
0.185173
0.182894
0.185623
0.179874
0.160623
0.165339
0.168119
0.16257
0.169273
0.147708
0.158324
0.166094
0.161675
0.160459
0.165145
0.158032
0.16255
0.158333
0.162434
0.182612
0.175933
0.183797
0.190068
0.207715
0.199755
0.202739
0.216521
0.218669
0.223683
0.233794
0.23824
0.236259
0.238688
0.221219
0.217376
0.212292
0.224008
0.21435
0.200592
0.189822
0.18066
0.170916
0.173073
0.186593
0.180004
0.202824
0.194813
0.204173
0.19798
0.197785
0.192146
0.19831
0.195608
0.207174
0.204537
0.221339
0.226644
0.230103
0.253779
0.259494
0.28179
0.290653
0.287512
0.293832
0.291587
0.293891
0.281301
0.274608
0.242621
0.192745
0.169492
0.164107
0.173688
0.157988
0.15608
0.166363
0.172135
0.184271
0.176871
0.18855
0.184176
0.173924
0.179432
0.171239
0.176253
0.177659
0.16409
0.161148
0.161309
0.158169
0.157906
0.159593
0.171262
0.165316
0.172908
0.182233
0.191831
0.219705
0.249297
0.271109
0.297116
0.326638
0.330581
0.336001
0.32641
0.311919
0.289259
0.272397
0.246803
0.264196
0.246684
0.26079
0.273964
0.252153
0.255219
0.24155
0.244999
0.243982
0.241205
0.251351
0.243576
0.255943
0.25073
0.235291
0.214112
0.21201
0.190781
0.193044
0.203167
0.206134
0.212461
0.23077
0.230777
0.220758
0.216805
0.227839
0.210428
0.209613
0.21175
0.206621
0.213853
0.211662
0.233149
0.206185
0.232057
0.204193
0.206883
0.228445
0.237137
0.22553
0.219416
0.228609
0.21095
0.223122
0.230722
0.245432
0.234158
0.228515
0.243221
0.239272
0.24683
0.246137
0.261997
0.260681
0.282442
0.286989
0.293379
0.32158
0.347681
0.375994
0.410431
0.448963
0.439917
0.440752
0.380877
0.322584
0.304699
0.263093
0.216749
0.211207
0.240889
0.295348
0.339382
0.411361
0.477869
0.506842
0.505193
0.476961
0.415949
0.297068
0.265486
0.201266
0.190026
0.195858
0.194743
0.187713
0.198954
0.206513
0.206432
0.210498
0.213537
0.219974
0.214743
0.211453
0.219716
0.223475
0.22284
0.224451
0.230003
0.240197
0.246757
0.230498
0.201951
0.20786
0.182093
0.165325
0.166333
0.172602
0.171231
0.166471
0.15522
0.147583
0.142543
0.132235
0.145036
0.128818
0.136143
0.130956
0.146342
0.140252
0.148936
0.147321
0.156452
0.143771
0.153126
0.176902
0.189442
0.19268
0.199669
0.187907
0.212375
0.180651
0.188846
0.184981
0.173141
0.18918
0.173604
0.173644
0.168937
0.169815
0.185427
0.181466
0.195494
0.210697
0.21178
0.221523
0.208771
0.219145
0.205351
0.202908
0.188271
0.185884
0.160462
0.16673
0.174771
0.181149
0.183778
0.172793
0.179064
0.179739
0.180639
0.187238
0.192465
0.181432
0.198566
0.188848
0.21157
0.183354
0.212058
0.197553
0.20123
0.202894
0.199906
0.162601
0.154317
0.172026
0.159992
0.153609
0.155768
0.131772
0.164284
0.156655
0.129809
0.142509
0.146985
0.161338
0.125742
0.141952
0.162134
0.162466
0.126817
0.147569
0.162194
0.140222
0.147116
0.1345
0.133591
0.114547
0.119125
0.124751
0.116793
0.108716
0.111281
0.103805
0.11909
0.138344
0.1314
0.137156
0.142489
0.151124
0.171954
0.172951
0.187785
0.196652
0.204806
0.202795
0.189644
0.155026
0.137903
0.132979
0.10438
0.0895793
0.0952677
0.0695753
0.0938852
0.107408
0.136875
0.143183
0.146767
0.151129
0.160379
0.174855
0.136473
0.164508
0.145847
0.153459
0.153325
0.161542
0.170496
0.160232
0.180323
0.182811
0.189546
0.199513
0.19111
0.199006
0.195709
0.18804
0.15549
0.164664
0.163955
0.173521
0.171064
0.175304
0.160251
0.189467
0.190411
0.190638
0.167928
0.170073
0.178491
0.180811
0.193338
0.190101
0.192259
0.177445
0.179691
0.164923
0.166133
0.140441
0.164379
0.152349
0.133364
0.119113
0.142815
0.135992
0.109403
0.106638
0.0901583
0.0942769
0.0847687
0.0947962
0.0950064
0.0901583
0.085802
0.0770056
0.0811822
0.06564
0.0647629
0.0531287
0.0696686
0.0798943
0.0756729
0.0647552
0.0715006
0.0744785
0.0602795
0.0843456
0.0690583
0.0617307
0.056997
0.0607697
0.0525029
0.0434963
0.0643292
0.0648341
0.063975
0.0687652
0.0668195
0.064717
0.0697232
0.06563
0.0717419
0.0789078
0.0686222
0.0804182
0.0683922
0.0699056
0.0768065
0.0766024
0.0861642
0.0887514
0.071053
0.0684149
0.0747897
0.0630996
0.069937
0.0611227
0.0549129
0.0525608
0.0407796
0.0448859
0.0564387
0.0362056
0.0561739
0.0433839
0.0552887
0.0474477
0.0555622
0.0660548
0.0552754
0.0853945
0.0678855
0.0488278
0.0496279
0.049667
0.0540049
0.0529699
0.0640623
0.0645117
0.0635817
0.0590778
0.0495245
0.076029
0.0553817
0.0734832
0.0769375
0.0906119
0.115954
0.118236
0.123024
0.0977998
0.100342
0.127401
0.117632
0.132313
0.135248
0.139594
0.137279
0.137542
0.121996
0.126336
0.123635
0.130773
0.139879
0.157021
0.142801
0.16482
0.175956
0.187142
0.177355
0.215595
0.203592
0.186878
0.20409
0.245684
0.242014
0.259741
0.240897
0.248853
0.222451
0.172981
0.161493
0.147114
0.133326
0.148246
0.162041
0.146468
0.13802
0.159318
0.146293
0.148901
0.170304
0.185975
0.181735
0.18997
0.200385
0.192664
0.179753
0.182257
0.172293
0.174022
0.181444
0.194306
0.215341
0.240515
0.235374
0.216417
0.233354
0.211649
0.223189
0.210424
0.193405
0.195726
0.198466
0.150228
0.159806
0.146983
0.122637
0.116978
0.111152
0.0935591
0.0844533
0.0636679
0.0507345
0.042369
0.0348496
0.0223012
0.0142646
0.0143963
0.0111939
0.0125433
0.0125859
0.0163815
0.0156268
0.0124715
0.0118427
0.00627842
0.018777
0.0141114
0.0147156
0.0144512
0.0185875
0.0241589
0.0311179
0.0228533
0.0103164
0.0148859
0.0086203
0.00776323
0.00966953
0.00339833
0.00321196
0.00430129
0.00670248
0.00681738
0.00201398
0.000688279
0.00141498
0.002339
0
0.0025251
0.0045625
0.0124257
0.0203583
0.015924
0.0149662
0.0163133
0.0183831
0.0153856
0.0114801
0.0114366
0.0098094
0.00709246
0.0105429
0.0120963
0.0175909
0.0174658
0.0153426
0.0115782
0.0175653
0.0153853
0.0116736
0.0289844
0.020604
0.0278365
0.0331884
0.0331624
0.0281986
0.0262743
0.0229191
0.0233532
0.0257494
0.0200396
0.021765
0.0246761
0.02497
0.0285917
0.0252019
0.0264558
0.0276185
0.0222124
0.0232401
0.0221114
0.0248337
0.0312127
0.0301079
0.0436676
0.038303
0.0364328
0.0338855
0.026132
0.0319374
0.0341242
0.027371
0.0271927
0.0280555
0.0271849
0.0252521
0.0248272
0.0335796
0.030169
0.0337223
0.0271149
0.0332381
0.029212
0.0282601
0.0352872
0.0352573
0.0340892
0.0428744
0.0430676
0.0439424
0.0515088
0.0511707
0.0613258
0.063653
0.0589896
0.0507843
0.067414
0.0635512
0.0586507
0.0657393
0.0695991
0.0732504
0.0735717
0.0677244
0.069265
0.064763
0.0747714
0.0766839
0.0902955
0.0872854
0.0985339
0.0946108
0.106005
0.11432
0.106673
0.117494
0.107227
0.110145
0.114232
0.116266
0.104606
0.110257
0.112037
0.110401
0.102685
0.116908
0.113021
0.111233
0.119633
0.112523
0.117645
0.110258
0.110746
0.126129
0.137269
0.135369
0.136365
0.12749
0.113742
0.122034
0.108046
0.0997183
0.0880695
0.0838694
0.089575
0.0970305
0.0880285
0.0889835
0.0996278
0.0979685
0.0931668
0.090342
0.0896867
0.091051
0.0888064
0.0956253
0.0938951
0.101337
0.0935613
0.0974702
0.090806
0.084648
0.0812787
0.0735694
0.0715913
0.0656868
0.0690423
0.0491333
0.0724265
0.0604803
0.0593665
0.0602093
0.0537284
0.054886
0.0607777
0.0513401
0.0517434
0.0463662
0.0434323
0.0461231
0.0529479
0.0541258
0.0588723
0.0480076
0.0527507
0.062475
0.0518217
0.0601402
0.0599822
0.0619699
0.0446606
0.0315117
0.0223334
0.0295993
0.0309343
0.0240253
0.0218747
0.00460578
0.0105656
0.00302732
0.0128688
0.0115139
0.0185621
0.0125911
0.00464946
0.00410581
0.0167924
0.0237513
0.0205961
0.0167002
0.0284115
0.0217885
0.0355422
0.0377406
0.0457236
0.0391378
0.0522531
0.044422
0.0444371
0.0422158
0.0417987
0.0424347
0.0324242
0.0531492
0.0212869
0.0245783
0.0266246
0.0184788
0.0211263
0.0206969
0.0304796
0.0159609
0.0187024
0.0219952
0.0195769
0.0177774
0.0145537
0.0153472
0.0190136
0.0167
0.0257324
0.00970759
0.0190372
0.0286098
0.0284566
0.0222809
0.0216055
0.0270725
0.0276696
0.0245509
0.0245381
0.0202161
0.0176735
0.0147266
0.0138797
0.0164004
0.0103776
0.00735743
0.0177233
0.0112208
0.016243
0.0154422
0.0140165
0.0148593
0.0149153
0.0158028
0.0176361
0.0152679
0.0274082
0.020289
0.017368
0.023381
0.024861
0.0302479
0.0281714
0.0360784
0.0334628
0.0233265
0.0374036
0.0363244
0.027517
0.0205783
0.0220801
0.0245786
0.0243504
0.0209096
0.017453
0.0285013
0.0234602
0.0217425
0.016845
0.0179127
0.0171342
0.0164214
0.0312314
0.0236233
0.0199291
0.0248047
0.0274505
0.0244261
0.0234596
0.0188552
0.0318826
0.0329531
0.0363573
0.0459041
0.0437688
0.0406204
0.0496648
0.0444648
0.0434946
0.0383387
0.0448385
0.0531812
0.0452376
0.0429088
0.0418924
0.047403
0.0360262
0.0405305
0.0462957
0.0425733
0.0459579
0.0499817
0.048478
0.0451535
0.0475351
0.0492795
0.0437489
0.0432862
0.0444328
0.048844
0.0517048
0.0583025
0.0557134
0.060194
0.0571871
0.0725344
0.0901752
0.114616
0.188529
0.376312
0.590651
0.68682
0.703633
0.667826
0.571466
0.35597
0.177818
0.113451
0.0881144
0.0771997
0.079011
0.0733129
0.0743902
0.071188
0.0716462
0.076848
0.0664597
0.0732594
0.0713674
0.0652901
0.0749709
0.0730148
0.0682358
0.0655686
0.0676659
0.0659058
0.0652263
0.0679471
0.0614713
0.0640993
0.0637012
0.0605413
0.0601723
0.057967
0.0563573
0.0564015
0.0557675
0.058932
0.0540524
0.0512857
0.0573022
0.0587969
0.0590308
0.0579998
0.064446
0.0648424
0.0622602
0.0640804
0.0637583
0.0631521
0.0616943
0.0676913
0.0634867
0.0614777
0.0763779
0.0700288
0.0653388
0.0658501
0.0751213
0.0687436
0.0681851
0.0733152
0.071253
0.0696185
0.0655552
0.0635508
0.0657733
0.064693
0.0661486
0.0665853
0.0558742
0.0540351
0.0595208
0.0545519
0.0530543
0.0594348
0.0585438
0.0560901
0.0616148
0.0624472
0.0611773
0.0634494
0.058995
0.0613847
0.0660735
0.0622681
0.0650485
0.0624969
0.0589447
0.0615995
0.058895
0.0636206
0.0641285
0.0720661
0.0671704
0.0698982
0.0630671
0.0636731
0.0607098
0.0708283
0.0760938
0.0697134
0.0751674
0.0696565
0.0710289
0.0879651
0.0599708
0.0829552
0.0631721
0.069971
0.0838667
0.076827
0.0905797
0.0742818
0.0761617
0.0765707
0.0900918
0.095003
0.0930186
0.0844518
0.0967585
0.0856391
0.0866837
0.084945
0.0874423
0.0813083
0.0876442
0.0999313
0.0925455
0.0705462
0.0867968
0.0852218
0.0922029
0.0909185
0.086023
0.0930304
0.0928202
0.0913044
0.0873762
0.0999581
0.0891908
0.104823
0.0929581
0.0805225
0.099896
0.0909642
0.0937585
0.0907915
0.0905277
0.0789882
0.0856585
0.0707719
0.101317
0.103133
0.104695
0.0894346
0.0848908
0.127253
0.112107
0.107806
0.127352
0.112278
0.122487
0.0962604
0.116032
0.129989
0.100975
0.125018
0.109778
0.128186
0.109252
0.117924
0.127348
0.148074
0.138392
0.166345
0.13807
0.142859
0.145323
0.168442
0.130508
0.120222
0.120199
0.140562
0.122518
0.111207
0.127413
0.107214
0.119047
0.10776
0.133327
0.112126
0.0882135
0.107224
0.0994299
0.11532
0.108316
0.102464
0.122886
0.116373
0.122188
0.0999369
0.103135
0.103155
0.111052
0.0948786
0.0883043
0.0870657
0.102048
0.100175
0.0899978
0.0885323
0.101545
0.117853
0.090298
0.090531
0.0819643
0.119993
0.150276
0.127762
0.131345
0.117952
0.145722
0.144991
0.124443
0.104557
0.101187
0.0894675
0.0934522
0.0798389
0.073603
0.0565862
0.0625899
0.0819052
0.0738627
0.0670522
0.0725354
0.0758474
0.0787809
0.0837537
0.0727778
0.0826732
0.0824885
0.0998482
0.100857
0.0948921
0.11955
0.116115
0.130896
0.138175
0.134299
0.154195
0.159858
0.178529
0.201451
0.208144
0.246725
0.240815
0.243545
0.231266
0.206928
0.137907
0.0843273
0.0758614
0.0715138
0.0820701
0.0715902
0.0588398
0.0698703
0.0781747
0.0579738
0.0781847
0.0672797
0.0732047
0.0675216
0.068353
0.0376564
0.0598666
0.0585345
0.0681341
0.0591832
0.0676308
0.0750599
0.0666312
0.0688911
0.069277
0.0615861
0.064838
0.07213
0.0740189
0.0630085
0.0719447
0.0671505
0.0776084
0.0695372
0.074082
0.0714375
0.0662752
0.0679795
0.0587766
0.0649063
0.0607675
0.0695012
0.0720279
0.0767519
0.0621646
0.0569761
0.0693785
0.0570017
0.0729305
0.0656832
0.0796204
0.0832079
0.07185
0.0676624
0.0654028
0.0655854
0.0649674
0.0803796
0.0649298
0.0604788
0.0692288
0.0503989
0.0566928
0.0653869
0.0589406
0.0527876
0.0622364
0.0514497
0.0553281
0.0702249
0.0584342
0.053545
0.0634981
0.0602109
0.0542735
0.0593444
0.0597332
0.0590962
0.0690112
0.0659433
0.0583691
0.0584104
0.0620114
0.0551981
0.0575415
0.0516423
0.0577322
0.0599622
0.0544698
0.0664115
0.0596014
0.0623393
0.0589005
0.0605215
0.0671911
0.0624138
0.0682009
0.0758261
0.0786085
0.0673312
0.0698105
0.0682207
0.0786946
0.0819171
0.0895163
0.0901278
0.0932149
0.0981934
0.0948507
0.107036
0.104993
0.116613
0.117003
0.116204
0.109877
0.0976374
0.0801884
0.0755986
0.0668955
0.0563694
0.0584412
0.0541786
0.0645307
0.059129
0.0553433
0.0604852
0.0613101
0.0637313
0.0588104
0.0618709
0.0598461
0.0555842
0.0688781
0.0697033
0.065865
0.0692196
0.0742425
0.0711254
0.0739879
0.0774846
0.086598
0.093254
0.0930063
0.097989
0.10527
0.111039
0.121777
0.129376
0.138245
0.14894
0.156138
0.159784
0.169411
0.165797
0.156034
0.149005
0.141025
0.128268
0.114808
0.0937029
0.0924906
0.0908566
0.0801218
0.0800813
0.0863142
0.0849718
0.0891271
0.0748854
0.0815187
0.0766183
0.0827108
0.0804809
0.0934695
0.0976938
0.0913384
0.0893849
0.0958454
0.104034
0.106493
0.101366
0.105546
0.116096
0.122819
0.127052
0.127407
0.124138
0.138089
0.139179
0.147882
0.150996
0.168056
0.169343
0.179797
0.192039
0.200273
0.204279
0.19315
0.182066
0.168221
0.150914
0.140961
0.137162
0.121349
0.110571
0.104383
0.0978138
0.0940962
0.103346
0.105401
0.102948
0.0931168
0.104598
0.0998483
0.0995058
0.0931175
0.0857138
0.0885237
0.0737934
0.0963471
0.0836206
0.0824065
0.0922716
0.084832
0.0827371
0.0660099
0.0811495
0.0790411
0.0718391
0.0849789
0.0751731
0.0687691
0.0834564
0.078206
0.0828688
0.0798298
0.0826918
0.0859911
0.0850963
0.08134
0.0872744
0.0792818
0.0885105
0.0791039
0.0784554
0.0825867
0.0914597
0.0868682
0.08986
0.0835175
0.0845962
0.0866972
0.0919991
0.0891708
0.0862117
0.0781
0.0882102
0.0936016
0.0909732
0.0940911
0.081912
0.0902985
0.0951427
0.0836629
0.0934041
0.0853556
0.0833465
0.0838222
0.0839012
0.0833076
0.0843197
0.084002
0.0905284
0.0884769
0.0913899
0.0877914
0.087044
0.0973326
0.100077
0.109737
0.128604
0.152206
0.135798
0.134531
0.142107
0.14585
0.142619
0.150262
0.158917
0.185884
0.178398
0.183182
0.194929
0.170482
0.176609
0.171179
0.161734
0.157586
0.155784
0.137618
0.131543
0.127696
0.114198
0.100922
0.112816
0.117215
0.117904
0.134651
0.138603
0.121455
0.138417
0.136639
0.14341
0.14659
0.162481
0.162918
0.163434
0.161202
0.167262
0.155422
0.161505
0.150977
0.165473
0.160276
0.141812
0.142937
0.141263
0.147252
0.143251
0.14321
0.109824
0.130968
0.154477
0.149041
0.131664
0.135781
0.138192
0.12921
0.148263
0.137588
0.156262
0.138172
0.180595
0.167973
0.200956
0.157317
0.174458
0.200125
0.21123
0.187382
0.175295
0.194457
0.183691
0.192209
0.191059
0.213754
0.21407
0.218344
0.217093
0.21959
0.23121
0.23083
0.224368
0.236432
0.229501
0.250631
0.248925
0.232433
0.231995
0.220901
0.238293
0.217899
0.209647
0.208191
0.197859
0.204766
0.180522
0.156262
0.130388
0.123385
0.134356
0.120845
0.114421
0.108155
0.12538
0.0938134
0.126117
0.115088
0.147455
0.106209
0.104841
0.127144
0.136058
0.129285
0.173657
0.150527
0.136598
0.148768
0.177605
0.188078
0.152766
0.202641
0.20934
0.19646
0.205499
0.224676
0.225526
0.194751
0.215652
0.263618
0.264143
0.221042
0.254938
0.272153
0.265651
0.27716
0.292511
0.280102
0.300947
0.300603
0.289712
0.296164
0.300971
0.310404
0.29037
0.304888
0.273437
0.260253
0.230188
0.262317
0.18493
0.15049
0.180118
0.140947
0.165212
0.0946702
0.119599
0.0762522
0.0892046
0.106267
0.0801408
0.097881
0.132177
0.0958601
0.0940038
0.0784706
0.0986053
0.0962923
0.0921329
0.0830055
0.112851
0.0824985
0.114919
0.137258
0.0945107
0.0957083
0.111833
0.0849779
0.0884252
0.111928
0.0912402
0.117428
0.159677
0.158067
0.152673
0.0808768
0.129071
0.125065
0.124396
0.105614
0.151563
0.111714
0.0664382
0.139749
0.104259
0.103737
0.146088
0.148649
0.115862
0.152715
0.147519
0.169387
0.102994
0.140412
0.134323
0.152674
0.134408
0.127382
0.142625
0.13536
0.146771
0.13945
0.134088
0.160915
0.161785
0.114412
0.14145
0.108194
0.107318
0.113716
0.0939298
0.14508
0.137725
0.124586
0.0684261
0.127253
0.129328
0.108254
0.0982167
0.0399868
0.132224
0.131972
0.10488
0.101679
0.126437
0.14476
0.06016
0.121166
0.0821199
0.100322
0.11668
0.126008
0.11449
0.0368964
0.113545
0.121315
0.180207
0.127518
0.132917
0.124024
0.12762
0.130616
0.133949
0.108243
0.138436
0.167888
0.128208
0.18154
0.11903
0.150975
0.0806129
0.185827
0.158246
0.151382
0.136382
0.188944
0.125455
0.185541
0.161711
0.169501
0.191588
0.156209
0.167976
0.144491
0.158014
0.175544
0.139127
0.132618
0.119525
0.176726
0.133652
0.120903
0.137561
0.0990892
0.0923707
0.100552
0.117783
0.101201
0.109588
0.0801387
0.0743081
0.0721285
