0.115888
0.120608
0.122437
0.118717
0.123732
0.117386
0.118962
0.119429
0.127185
0.136754
0.139729
0.133916
0.141595
0.138057
0.143828
0.14736
0.149687
0.146072
0.145041
0.152493
0.147131
0.139535
0.144142
0.15587
0.153159
0.155822
0.165895
0.168931
0.169557
0.176567
0.179227
0.178684
0.179854
0.183875
0.186224
0.18699
0.189217
0.186237
0.17973
0.172924
0.173802
0.176182
0.179214
0.181177
0.189023
0.191768
0.201627
0.199887
0.203304
0.202877
0.201842
0.189651
0.181293
0.179746
0.180024
0.180281
0.195218
0.215235
0.217156
0.209178
0.191181
0.168755
0.14317
0.135171
0.119264
0.108056
0.110353
0.112778
0.0993809
0.109541
0.105153
0.0964657
0.102031
0.0974234
0.0953538
0.0946269
0.0974363
0.0982675
0.100155
0.0976941
0.0954795
0.103836
0.102783
0.107867
0.110935
0.110086
0.110162
0.111923
0.116408
0.122268
0.123487
0.126222
0.130635
0.136248
0.137477
0.15186
0.160536
0.168804
0.168845
0.177795
0.17948
0.174047
0.176302
0.166479
0.157131
0.147412
0.143575
0.143613
0.146159
0.146851
0.15173
0.152768
0.153146
0.15154
0.154505
0.151685
0.145559
0.143961
0.145772
0.136699
0.137996
0.139786
0.147951
0.154915
0.158542
0.158569
0.160326
0.167026
0.171723
0.167079
0.174057
0.176329
0.178759
0.179851
0.179647
0.181144
0.184421
0.187291
0.181498
0.175985
0.175728
0.158033
0.15345
0.142164
0.145717
0.160957
0.15376
0.171174
0.176372
0.180851
0.183607
0.189863
0.191691
0.203426
0.202191
0.208317
0.207045
0.206799
0.207998
0.206074
0.211946
0.210145
0.205111
0.206813
0.193568
0.16393
0.1316
0.113913
0.104786
0.0991795
0.095177
0.0948829
0.0969548
0.104539
0.100154
0.10273
0.102563
0.100308
0.106989
0.114188
0.115134
0.121063
0.1127
0.120498
0.106896
0.116587
0.103956
0.112192
0.10866
0.107423
0.107511
0.11386
0.112924
0.113655
0.111703
0.117152
0.114537
0.11834
0.104056
0.106833
0.0983728
0.0941306
0.0914073
0.090897
0.091313
0.0858671
0.0936338
0.0971749
0.101062
0.106809
0.119723
0.118983
0.120154
0.120033
0.130829
0.125911
0.141615
0.138194
0.140273
0.141155
0.141254
0.146701
0.142631
0.136468
0.127515
0.109818
0.108237
0.1011
0.0993017
0.111052
0.108668
0.113583
0.114496
0.117481
0.135346
0.133946
0.144229
0.143667
0.147512
0.153016
0.163446
0.158998
0.172366
0.168708
0.176044
0.178878
0.183392
0.180847
0.180866
0.183305
0.191384
0.183994
0.187648
0.186959
0.181817
0.163848
0.15395
0.131755
0.1131
0.111294
0.123641
0.117279
0.117863
0.113787
0.11959
0.12811
0.139553
0.132002
0.142246
0.146671
0.150119
0.153664
0.15342
0.172407
0.172056
0.170652
0.18061
0.166971
0.180559
0.170254
0.164422
0.148204
0.144213
0.124951
0.113346
0.105458
0.102685
0.104278
0.107716
0.0954626
0.0978027
0.112253
0.116283
0.116934
0.117124
0.125986
0.125449
0.105939
0.122074
0.111762
0.101776
0.116538
0.108443
0.109349
0.107794
0.10947
0.10702
0.113199
0.112056
0.119005
0.115967
0.116571
0.111398
0.109511
0.0952436
0.0940319
0.093313
0.0888136
0.0821153
0.084405
0.0845315
0.0856113
0.0943457
0.0874325
0.0866824
0.0884376
0.0827613
0.0948079
0.083894
0.102885
0.106267
0.108606
0.110098
0.120204
0.117354
0.121795
0.127089
0.127447
0.132304
0.135311
0.139077
0.133301
0.136048
0.138185
0.116429
0.110785
0.11085
0.127002
0.101874
0.100046
0.0967741
0.10351
0.107357
0.094878
0.0990675
0.0935988
0.109821
0.111695
0.112149
0.0945358
0.101854
0.109532
0.106644
0.107393
0.11518
0.111618
0.121018
0.127563
0.133341
0.132949
0.147903
0.156943
0.161629
0.15996
0.160978
0.158081
0.16213
0.148377
0.144266
0.133308
0.107678
0.0968524
0.0901788
0.0927771
0.0970595
0.0882431
0.0989134
0.0943468
0.107635
0.0942503
0.095276
0.10895
0.100014
0.0991213
0.0931027
0.103364
0.107678
0.100032
0.0894702
0.100804
0.10293
0.102444
0.102924
0.108416
0.109515
0.107488
0.109875
0.115355
0.124065
0.138624
0.147301
0.164175
0.1724
0.171134
0.169576
0.167483
0.162992
0.143118
0.140608
0.119452
0.130934
0.125947
0.128328
0.148643
0.116211
0.148615
0.130598
0.137803
0.134274
0.139268
0.142697
0.127377
0.140132
0.14706
0.138449
0.123105
0.120733
0.116784
0.125929
0.119484
0.119385
0.124765
0.121895
0.102174
0.131163
0.109453
0.111164
0.108867
0.108626
0.105794
0.113949
0.12194
0.123494
0.134541
0.10883
0.112954
0.118773
0.113367
0.115509
0.130789
0.123196
0.115795
0.115486
0.123746
0.118459
0.124353
0.150307
0.131268
0.120377
0.122731
0.141886
0.146028
0.139423
0.152761
0.140098
0.157036
0.160451
0.153687
0.168469
0.173699
0.183449
0.197792
0.208409
0.185154
0.21392
0.168284
0.166961
0.147363
0.127475
0.101804
0.114493
0.137678
0.168292
0.199584
0.263237
0.301236
0.311958
0.318289
0.283245
0.243883
0.173961
0.135728
0.105309
0.115977
0.103576
0.0892459
0.105832
0.11407
0.107114
0.116663
0.0963615
0.112138
0.125957
0.127562
0.105956
0.114731
0.122163
0.115788
0.116955
0.122606
0.136232
0.125685
0.117953
0.0896152
0.115687
0.0995103
0.108242
0.109394
0.0994488
0.0854052
0.0848311
0.0847267
0.0722391
0.0911893
0.0777421
0.0936861
0.0853418
0.094774
0.0896235
0.0978823
0.0859947
0.104603
0.0968397
0.0982341
0.100509
0.105065
0.109653
0.0908846
0.11133
0.102179
0.0882665
0.131008
0.101143
0.107858
0.098288
0.104687
0.0934409
0.0751755
0.0955585
0.0928389
0.0962003
0.10553
0.112374
0.108251
0.109059
0.116148
0.123444
0.10916
0.119477
0.0968664
0.0947585
0.106688
0.0985179
0.0815281
0.0921203
0.0991444
0.0945146
0.115059
0.0988254
0.107904
0.0978453
0.119483
0.0939751
0.101947
0.0981193
0.101891
0.107566
0.128394
0.116022
0.097857
0.112615
0.11526
0.11209
0.12153
0.0991893
0.0890049
0.0880257
0.0856674
0.0786806
0.0820564
0.0756743
0.094853
0.0807384
0.0620761
0.0833855
0.0882206
0.0852374
0.0685802
0.0863326
0.079858
0.0951937
0.0608433
0.0741111
0.0960807
0.0705109
0.0648713
0.0665035
0.0712311
0.0652687
0.0569506
0.0731429
0.0619144
0.063408
0.0645838
0.0605163
0.0739638
0.0774379
0.0821663
0.0752152
0.0885672
0.0772952
0.0973647
0.0837062
0.100659
0.104148
0.0982973
0.101486
0.106316
0.0646731
0.0542411
0.0724366
0.0483407
0.0500909
0.0515426
0.04664
0.0599251
0.0565709
0.0815136
0.0689551
0.0850339
0.080004
0.0745214
0.0988198
0.0654447
0.0918696
0.0936068
0.0800742
0.0775321
0.0839781
0.0817926
0.110893
0.0888938
0.100747
0.110406
0.102595
0.0762159
0.107503
0.0902678
0.0874239
0.0569402
0.0874528
0.0880494
0.0923982
0.0805753
0.098115
0.0828091
0.0877006
0.111469
0.0892236
0.0881386
0.095287
0.119262
0.0916319
0.0984606
0.092475
0.122609
0.0780076
0.107307
0.0968773
0.0993844
0.0733486
0.0842488
0.0848739
0.0646408
0.0729638
0.0902506
0.0643084
0.0607457
0.0438515
0.0677588
0.0488826
0.0558124
0.0501438
0.0583158
0.0500117
0.0530453
0.0418564
0.036057
0.0469443
0.0334338
0.035201
0.041181
0.0469263
0.0437708
0.0339525
0.0238923
0.0485988
0.0427481
0.0538806
0.0317434
0.024773
0.0375412
0.032346
0.0258486
0.028265
0.030878
0.0300481
0.0290457
0.030835
0.0442121
0.0399987
0.036443
0.0410295
0.0416061
0.0457293
0.0379573
0.0404399
0.039798
0.042923
0.0546006
0.0507386
0.0478282
0.0633184
0.0499938
0.0428065
0.0548856
0.0415746
0.0449796
0.0305061
0.0324173
0.0333236
0.0206729
0.0336361
0.0278963
0.0349671
0.0314468
0.0271871
0.0181176
0.0239099
0.0412166
0.0346938
0.0206924
0.0508967
0.032603
0.0313894
0.0187437
0.0318544
0.0262841
0.0380243
0.0321861
0.0374148
0.0267726
0.0454407
0.0340414
0.0549772
0.0305265
0.032768
0.0403873
0.046409
0.0595824
0.0730327
0.0823208
0.0634878
0.054368
0.0636906
0.0619896
0.0716974
0.0818336
0.0802872
0.0698368
0.0772904
0.0747209
0.0898836
0.0876812
0.0813705
0.0766093
0.0797433
0.0939101
0.10244
0.0927702
0.116873
0.0887595
0.110038
0.0928111
0.0775382
0.0987813
0.121011
0.122741
0.111988
0.134229
0.137436
0.119451
0.0793353
0.0612015
0.0815155
0.0524805
0.0704545
0.082961
0.076376
0.0626046
0.0911102
0.0790664
0.0796615
0.103091
0.0826667
0.109401
0.0734284
0.105728
0.10411
0.0880923
0.0876459
0.0795297
0.118391
0.0894773
0.10982
0.120643
0.13397
0.120444
0.111892
0.115278
0.0769229
0.125367
0.103333
0.08935
0.100013
0.0939409
0.0888346
0.052313
0.0742915
0.0614248
0.0656565
0.0693267
0.0527681
0.0633652
0.0435226
0.0228657
0.0295471
0.0289296
0.0173645
0.0129906
0.0125059
0.011024
0.0191779
0.0184763
0.0140267
0.0193881
0.00738378
0.0126005
0.00596522
0.0136913
0.011194
0.0144418
0.0196998
0.0134678
0.0145122
0.0150435
0.00705959
0.00576373
0.012928
0.0154605
0.00825474
0.00949051
0.00796134
0.00803261
0.00706332
0.00203808
0.00466547
0.000709604
0.00396285
0.0024652
0.00722805
0
0.00516955
0.0102096
0.00903064
0.0133083
0.0137752
0.0101043
0.0151379
0.00753313
0.0113309
0.00745724
0.00414234
0.00936329
0.00808682
0.00801858
0.011496
0.00847953
0.0148423
0.0196545
0.0105689
0.0112785
0.0141108
0.0084304
0.0210843
0.0121718
0.0129707
0.0159867
0.0266407
0.0129401
0.013748
0.0198988
0.0201786
0.0167406
0.0185322
0.0130318
0.0184198
0.0135781
0.018714
0.0207927
0.0198597
0.0188848
0.0126101
0.0164868
0.0151241
0.0199825
0.0213979
0.0188839
0.0244972
0.0233706
0.0182597
0.0215294
0.0204132
0.0173978
0.017244
0.0151151
0.0148266
0.01823
0.0153265
0.0117204
0.0128807
0.0164619
0.0143577
0.0131502
0.0227584
0.0206774
0.0199031
0.0157386
0.0184654
0.0213291
0.0236892
0.0274981
0.0235218
0.0245286
0.0278995
0.0237193
0.0267168
0.0298735
0.0332322
0.0280818
0.0352136
0.0389284
0.0290462
0.0402911
0.0364401
0.03196
0.0357209
0.03183
0.0368307
0.0368779
0.0388094
0.0435136
0.0480306
0.0469979
0.0515489
0.0508784
0.0531843
0.0642104
0.0436356
0.0520854
0.0480681
0.0588834
0.0561236
0.0544982
0.0495423
0.0552326
0.0579113
0.0571344
0.0463735
0.057937
0.0516975
0.0544547
0.0504433
0.0628963
0.0543116
0.061659
0.0473041
0.0679297
0.0688719
0.0688233
0.0696856
0.0630363
0.0555962
0.0628168
0.0687882
0.0564192
0.035933
0.0479604
0.0559574
0.0521702
0.0531496
0.0446038
0.0493689
0.0539578
0.0413676
0.0407751
0.0483686
0.0421748
0.0519161
0.040752
0.0455099
0.0511926
0.0489705
0.0452551
0.0563783
0.0516761
0.059478
0.0393748
0.0455173
0.0337159
0.0434171
0.0277448
0.029345
0.0301181
0.0363262
0.0370615
0.0353219
0.0314951
0.0364748
0.0294326
0.0278826
0.0312786
0.0299499
0.0413837
0.0368858
0.0225397
0.0328869
0.0238909
0.0199076
0.0362457
0.0238323
0.0595447
0.0290874
0.0298545
0.0380735
0.0274668
0.0235224
0.00990131
0.035182
0.0180646
0.0119564
0.00890858
0.00567916
0.00515137
0.00336267
0.00597916
0.00930106
0.0187134
0.012501
0.00766365
0.0124095
0.000106437
0.0123652
0.0154794
0.0219224
0.0168819
0.0198193
0.0232038
0.0184299
0.0219541
0.0319066
0.0300848
0.0194378
0.0229182
0.0305825
0.0315079
0.0246662
0.0318243
0.0140835
0.0163776
0.0187127
0.0103643
0.0130087
0.0160663
0.0148485
0.0138445
0.0159505
0.00487358
0.0147207
0.0120099
0.014344
0.0154203
0.0161626
0.0161064
0.0180815
0.0128897
0.015707
0.0126777
0.0199655
0.0189387
0.0108901
0.0167558
0.0214972
0.0121725
0.0188026
0.0150989
0.00979815
0.0082485
0.0103878
0.0186309
0.00978074
0.0106642
0.0141096
0.00729097
0.00817624
0.0163998
0.0158301
0.0108456
0.013695
0.00689462
0.00921797
0.0174627
0.0149993
0.0137985
0.0152255
0.0228794
0.0167297
0.017752
0.00970175
0.02272
0.022246
0.0191259
0.0256731
0.0172386
0.00730726
0.00681492
0.00504699
0.0235593
0.0206776
0.0121263
0.0131899
0.0144198
0.0197885
0.0126213
0.0162657
0.0125785
0.00716562
0.00140224
0.0221032
0.0131347
0.0042916
0.0192142
0.0212666
0.00876353
0.0139296
0.0123683
0.0174695
0.0156443
0.018581
0.0277483
0.0262476
0.024345
0.0309242
0.0199412
0.0324899
0.0196462
0.0277927
0.0288827
0.0187522
0.0196079
0.0215748
0.0246199
0.0202978
0.0234665
0.0267903
0.0259879
0.0264442
0.0211067
0.0240895
0.0288165
0.0287215
0.0257779
0.0243439
0.0261901
0.0310007
0.0248486
0.0244563
0.0272476
0.0334783
0.0295789
0.0343329
0.0463369
0.0523989
0.0643873
0.110246
0.240994
0.38349
0.435662
0.454331
0.432957
0.365128
0.218349
0.103134
0.0567699
0.0509597
0.0403416
0.0319959
0.0385128
0.0356476
0.0354428
0.0334925
0.0317282
0.0393404
0.0353848
0.0325768
0.0280903
0.0400754
0.0367796
0.0353002
0.0315492
0.0350096
0.0317433
0.0333993
0.0337724
0.0331143
0.0332297
0.0349792
0.0341841
0.0368139
0.0293098
0.0275825
0.0387313
0.0358806
0.0269733
0.0265606
0.0274333
0.0345019
0.0408324
0.0353227
0.0329563
0.033076
0.0351675
0.0337351
0.0380004
0.0336046
0.039212
0.0265187
0.0345174
0.0307048
0.0325786
0.0380086
0.0373701
0.0341176
0.0385174
0.0424684
0.0280978
0.0347571
0.0384282
0.0376704
0.0387618
0.0307595
0.0288561
0.0311575
0.0358678
0.0446388
0.0323713
0.0275217
0.0292062
0.0287276
0.0288102
0.0270326
0.0323342
0.0309313
0.0293072
0.0369631
0.032684
0.0413386
0.0347743
0.0365134
0.0297087
0.0344844
0.0399502
0.0370059
0.0313403
0.0216102
0.0226473
0.0263112
0.0271729
0.0418649
0.0402861
0.0359992
0.0341535
0.0325812
0.0338373
0.0400789
0.0328794
0.0372202
0.0396658
0.0345793
0.0406846
0.0371893
0.0415951
0.0336361
0.0317192
0.0257712
0.0272609
0.0350955
0.0456828
0.0629193
0.019558
0.0354477
0.0322021
0.0433904
0.0526722
0.0445044
0.0411795
0.0561742
0.0530928
0.0459116
0.0497063
0.0508084
0.039703
0.0483107
0.0575387
0.0399732
0.0329811
0.0446877
0.0515091
0.0453138
0.0509338
0.0428998
0.051817
0.0499196
0.0488892
0.0497236
0.0453558
0.0393764
0.0605808
0.0516653
0.0407762
0.0350082
0.0597872
0.0685175
0.0649543
0.0269401
0.0328495
0.0659535
0.0145957
0.0476263
0.0537115
0.0443624
0.0563189
0.0333027
0.10649
0.0652359
0.0606903
0.0529127
0.0680755
0.0814041
0.0536394
0.0657555
0.0707364
0.0422074
0.0429429
0.070675
0.0438299
0.0558483
0.0704402
0.105776
0.0727188
0.0800391
0.0905515
0.0675622
0.0723604
0.056528
0.0789009
0.0524125
0.0755327
0.0787
0.100865
0.07722
0.0462993
0.0779277
0.068894
0.0438705
0.0597416
0.0702115
0.0576984
0.0597071
0.0678697
0.0552273
0.0725518
0.052947
0.0622602
0.0571382
0.0620381
0.0756248
0.0203053
0.0481224
0.0449879
0.0408937
0.059148
0.0604492
0.0559263
0.0397209
0.0658113
0.0301047
0.0670777
0.0745874
0.062374
0.0490922
0.0611828
0.0607747
0.0610748
0.0921729
0.0815034
0.0770622
0.0586012
0.0986605
0.0982678
0.0880545
0.0556718
0.0375924
0.0566286
0.0379407
0.0469262
0.0352361
0.0508163
0.0239504
0.0463428
0.0415055
0.0375397
0.0429387
0.0440614
0.0375831
0.0336188
0.048474
0.0392895
0.0354522
0.0451509
0.057674
0.0480875
0.0608126
0.0560488
0.0662696
0.0702621
0.0647075
0.0819234
0.0829936
0.107541
0.102182
0.114025
0.134987
0.131927
0.121202
0.13109
0.0982548
0.0808458
0.0365075
0.0428223
0.0384446
0.0360534
0.0446883
0.0432375
0.0299329
0.0476709
0.0416666
0.0375872
0.0306052
0.0302699
0.0281308
0.0369676
0.0189144
0.0305715
0.0221198
0.0402621
0.0255352
0.0479829
0.0317937
0.0431963
0.0306949
0.0336418
0.0304666
0.041954
0.0329746
0.0386977
0.0277563
0.0269429
0.0364267
0.0396224
0.0305488
0.0285619
0.0388361
0.0359499
0.0300499
0.0293816
0.0293762
0.0234113
0.0355009
0.0421737
0.0358604
0.0281642
0.0314323
0.0479493
0.0314698
0.0364979
0.038537
0.0426814
0.0443901
0.0297197
0.0329116
0.0330167
0.0393511
0.0251983
0.0584204
0.0244699
0.0323962
0.040636
0.0268475
0.0299539
0.0305508
0.0397095
0.0353313
0.0377981
0.0306271
0.0405086
0.0377692
0.0368938
0.0294537
0.0332299
0.0382175
0.0413415
0.033339
0.0342183
0.0322548
0.0313218
0.0433346
0.0317446
0.0319605
0.024427
0.0284613
0.0285924
0.0227447
0.0282489
0.0315208
0.0324419
0.0386917
0.0267116
0.0305804
0.0336148
0.0313857
0.0427337
0.0361279
0.0413741
0.0472373
0.0392437
0.0368853
0.0396099
0.0338552
0.0475957
0.0525505
0.0547267
0.0534898
0.050159
0.0601754
0.0628154
0.0639412
0.0622191
0.0791147
0.0675753
0.0679247
0.0625038
0.0656028
0.0474806
0.0405921
0.0317585
0.0276602
0.0300597
0.0303268
0.0220729
0.0312341
0.0321891
0.0311427
0.0362148
0.0365325
0.0382087
0.0303907
0.0329104
0.0268571
0.0377841
0.0373411
0.0318484
0.0393007
0.0389444
0.0431964
0.0372286
0.0427851
0.0508531
0.0452221
0.0517892
0.0543394
0.053371
0.0663479
0.0674867
0.0774048
0.0741413
0.0864492
0.0861466
0.0912918
0.0966347
0.0965098
0.0872522
0.0803263
0.0838016
0.0713337
0.0522676
0.0534412
0.0499211
0.0530622
0.0435807
0.0555775
0.0482305
0.0502523
0.0391002
0.0314477
0.0427544
0.0429661
0.0512162
0.0602461
0.0530316
0.0602293
0.0414596
0.0460786
0.0455393
0.0507544
0.0529335
0.0465293
0.0549033
0.0602326
0.0606775
0.0693744
0.064077
0.0589709
0.0697965
0.0722311
0.0781525
0.0773937
0.0891585
0.0900587
0.0949712
0.101899
0.106408
0.104416
0.0997066
0.0999814
0.0841147
0.0778933
0.0734151
0.0692887
0.0621908
0.0537739
0.0541508
0.048953
0.0491812
0.0495744
0.0515512
0.054187
0.0493246
0.0528404
0.0583822
0.0554045
0.0408559
0.0547164
0.0525425
0.0363287
0.0458578
0.0413142
0.0420281
0.0547128
0.0550161
0.0369797
0.0241136
0.0471551
0.0376814
0.0434981
0.0421347
0.0385469
0.0295058
0.0438107
0.0343279
0.0465649
0.0377699
0.0462915
0.0438241
0.0387994
0.0369661
0.0420764
0.0421334
0.0433397
0.0388546
0.0467215
0.0419982
0.0441717
0.0491394
0.0474784
0.0439814
0.0441229
0.0407664
0.0483694
0.0457738
0.0495628
0.0414311
0.0412267
0.0447225
0.0367583
0.0465227
0.0366369
0.0593036
0.0353853
0.0449564
0.0561767
0.0558334
0.060128
0.0657038
0.0650777
0.0613061
0.0616049
0.0648668
0.0662741
0.0614504
0.0716095
0.0683376
0.0695655
0.0672691
0.0827826
0.075451
0.0716837
0.0815175
0.0775098
0.0832263
0.0685789
0.0756659
0.0875541
0.0719134
0.0843801
0.102223
0.099905
0.0848237
0.0901118
0.0931691
0.0887277
0.098734
0.0797829
0.0960283
0.086879
0.0770081
0.0807006
0.0784864
0.0638797
0.0569035
0.0792558
0.073528
0.0741969
0.0792363
0.0858553
0.0996378
0.0871864
0.0922895
0.0905401
0.0906953
0.113073
0.0984978
0.105473
0.102601
0.0998561
0.0920987
0.101471
0.0972969
0.108281
0.104348
0.0853381
0.106776
0.101711
0.0821819
0.101165
0.0733006
0.101843
0.07871
0.0733633
0.08553
0.0801918
0.0925987
0.0714066
0.0733846
0.0720163
0.0658169
0.0841202
0.0682294
0.102793
0.0836601
0.109047
0.106347
0.109806
0.124865
0.126075
0.106662
0.0915327
0.124474
0.115996
0.1081
0.107064
0.136509
0.136302
0.111444
0.135919
0.143691
0.121264
0.118627
0.130797
0.136266
0.124945
0.145949
0.144749
0.137585
0.122182
0.139203
0.136412
0.118712
0.116318
0.117616
0.115803
0.107759
0.113873
0.0917479
0.0709077
0.068599
0.0845161
0.0813431
0.0593018
0.0526547
0.0953377
0.0615641
0.0599051
0.0758407
0.0719725
0.054525
0.0891891
0.0768869
0.0813789
0.0560931
0.119495
0.115491
0.0905632
0.0923067
0.111326
0.105632
0.0828169
0.0891097
0.109973
0.118897
0.118574
0.144261
0.126259
0.077894
0.0912569
0.137063
0.131935
0.127038
0.120462
0.155942
0.143317
0.153327
0.158116
0.167507
0.171807
0.169528
0.162841
0.179692
0.167274
0.192098
0.178582
0.173051
0.136623
0.153881
0.133561
0.1579
0.0977815
0.118552
0.123654
0.0858756
0.100383
0.0900687
0.0619315
0.0442024
0.0771519
0.0916944
0.0624019
0.0603839
0.0698746
0.0423324
0.0698954
0.052754
0.0649805
0.0736935
0.059827
0.0678787
0.0798315
0.080739
0.0665963
0.0671454
0.0760019
0.101426
0.0608235
0.0787715
0.0777724
0.0757402
0.0549761
0.0520473
0.132822
0.120231
0.0937115
0.0109316
0.0505125
0.0510507
0.0566634
0.0924644
0.0858593
0.0674036
0.0650898
0.110654
0.089712
0.0721036
0.058263
0.0674911
0.0912984
0.0886917
0.0706388
0.125863
0.0828986
0.118133
0.0676001
0.0732983
0.0955005
0.119539
0.100546
0.0995331
0.117229
0.0952836
0.054769
0.085269
0.0955779
0.0646865
0.1198
0.100564
0.0820562
0.0855593
0.0968415
0.0782006
0.0869646
0.0540914
0.0770794
0.0908593
0.0761213
0.110423
0.0750194
0.0421339
0.0824816
0.0852089
0.0815389
0.101071
0.158167
0.0854789
0.0471803
0.0462466
0.0602082
0.0454472
0.0404985
0.0658068
0.0688246
0.00759804
0.121922
0.0925702
0.0926653
0.0732917
0.0522146
0.0883944
0.114324
0.0851114
0.0768105
0.077215
0.0670446
0.058504
0.04904
0.116585
0.0478108
0.100503
0.0801161
0.129091
0.118977
0.104617
0.100514
0.104145
0.0776668
0.100392
0.134555
0.0792558
0.113025
0.0897568
0.113112
0.0980468
0.109413
0.0917205
0.0694711
0.113311
0.104297
0.090713
0.0537542
0.0803864
0.0754282
0.10875
0.0623993
0.0690607
0.0586242
0.0679273
0.0931603
0.051658
0.055212
0.0969161
