0.214557
0.224222
0.223438
0.227191
0.231315
0.224269
0.216728
0.220178
0.227436
0.242753
0.248387
0.250424
0.263357
0.276978
0.279372
0.291192
0.297555
0.304899
0.30676
0.309536
0.301933
0.289538
0.287154
0.293897
0.297301
0.307165
0.316046
0.323379
0.330761
0.337377
0.35047
0.355473
0.363812
0.37559
0.381923
0.39438
0.403063
0.410792
0.410962
0.384288
0.377174
0.355789
0.360857
0.372534
0.381276
0.390566
0.399176
0.407221
0.413529
0.417401
0.409656
0.374107
0.357791
0.355186
0.355475
0.355564
0.381882
0.475748
0.490263
0.474688
0.437807
0.37163
0.313794
0.272655
0.243936
0.229981
0.213486
0.212639
0.18774
0.188193
0.182579
0.17126
0.169824
0.159852
0.163214
0.168951
0.170787
0.174531
0.181832
0.184608
0.190736
0.18488
0.192958
0.187003
0.187264
0.190196
0.189928
0.19735
0.204383
0.219493
0.223578
0.237152
0.249401
0.259465
0.278672
0.302293
0.323257
0.347674
0.354187
0.367008
0.374567
0.375401
0.369901
0.345185
0.311291
0.283072
0.268404
0.265638
0.266259
0.274335
0.285925
0.292188
0.301878
0.307261
0.314924
0.316059
0.308146
0.29665
0.28914
0.268244
0.284479
0.274716
0.291926
0.294588
0.300425
0.306452
0.31417
0.324192
0.33413
0.336549
0.343802
0.34898
0.3543
0.356167
0.35609
0.359058
0.380726
0.402663
0.404353
0.389842
0.364144
0.321791
0.305858
0.304583
0.307777
0.315603
0.321947
0.342662
0.349607
0.370124
0.375931
0.387506
0.393864
0.408447
0.416582
0.42425
0.422644
0.427112
0.430264
0.434034
0.442124
0.455699
0.4572
0.455418
0.412623
0.339686
0.260337
0.204832
0.184509
0.168473
0.157477
0.152298
0.151056
0.159055
0.165274
0.170353
0.180718
0.183165
0.198426
0.20639
0.218118
0.219766
0.218506
0.228953
0.210724
0.203956
0.192086
0.192758
0.186681
0.181463
0.180247
0.187064
0.18899
0.197582
0.199725
0.211507
0.216801
0.221134
0.21466
0.202808
0.190973
0.178657
0.173532
0.16734
0.173977
0.167884
0.173589
0.187357
0.190109
0.204711
0.212442
0.222035
0.221128
0.226555
0.236231
0.238933
0.250832
0.255492
0.261886
0.270399
0.279943
0.291093
0.28769
0.277735
0.258248
0.218128
0.209834
0.208213
0.207273
0.215889
0.213402
0.219891
0.226965
0.232511
0.242386
0.253472
0.270507
0.280304
0.298484
0.308219
0.324246
0.32204
0.333718
0.338234
0.350808
0.358446
0.369152
0.371486
0.382876
0.390326
0.396148
0.40017
0.406703
0.408135
0.401048
0.364719
0.324758
0.28313
0.255743
0.246079
0.241588
0.243316
0.244915
0.259943
0.253511
0.273445
0.277588
0.272971
0.284634
0.295721
0.302159
0.308129
0.31873
0.330582
0.338913
0.342429
0.346112
0.345461
0.357936
0.346187
0.32861
0.304771
0.277124
0.233598
0.200436
0.188721
0.1886
0.192251
0.203738
0.213401
0.216304
0.221927
0.230022
0.237876
0.243561
0.230914
0.238138
0.234378
0.22206
0.220756
0.206873
0.210948
0.195312
0.191517
0.194712
0.194403
0.187059
0.19907
0.194368
0.206999
0.21926
0.221058
0.220563
0.218593
0.215322
0.185581
0.18132
0.189988
0.185928
0.190149
0.186063
0.185007
0.174689
0.177948
0.184538
0.187342
0.177508
0.189845
0.175602
0.189338
0.200607
0.209495
0.211417
0.215179
0.230377
0.225975
0.228037
0.235538
0.249099
0.25597
0.26815
0.270017
0.269702
0.280569
0.263398
0.248931
0.242636
0.247704
0.236547
0.224238
0.212817
0.213501
0.197918
0.20039
0.193513
0.207781
0.217982
0.227405
0.215423
0.211449
0.217251
0.213029
0.211296
0.220716
0.222707
0.227911
0.232773
0.245473
0.257886
0.275037
0.289119
0.304707
0.307301
0.311334
0.322252
0.327347
0.329053
0.328265
0.308352
0.277779
0.221383
0.195546
0.184174
0.181448
0.165237
0.165429
0.175716
0.188131
0.191957
0.189452
0.199172
0.220196
0.196788
0.192483
0.202021
0.199368
0.190456
0.179787
0.172315
0.178677
0.174178
0.173687
0.174292
0.186306
0.184427
0.192737
0.202579
0.216052
0.233566
0.267425
0.297812
0.325702
0.341929
0.359924
0.362197
0.359027
0.347476
0.318342
0.294564
0.273964
0.277578
0.257936
0.270155
0.278065
0.275276
0.270419
0.265243
0.262216
0.258743
0.265277
0.262616
0.256506
0.264552
0.265255
0.254382
0.235595
0.229633
0.214418
0.227334
0.225846
0.243876
0.241475
0.250041
0.234614
0.242385
0.231858
0.247364
0.223579
0.243858
0.227288
0.223005
0.23496
0.226735
0.251368
0.222471
0.242903
0.225517
0.218892
0.241413
0.245675
0.247244
0.24166
0.26582
0.239009
0.231365
0.242995
0.268342
0.251877
0.252922
0.261804
0.267459
0.263594
0.273419
0.282923
0.287599
0.306425
0.320218
0.322347
0.346731
0.378139
0.420055
0.445035
0.453683
0.465066
0.447749
0.38544
0.355875
0.318877
0.273892
0.242378
0.239284
0.26828
0.319116
0.34741
0.430441
0.502451
0.531681
0.543773
0.527187
0.461451
0.34521
0.285414
0.222504
0.210145
0.203174
0.206396
0.206102
0.218251
0.222916
0.229727
0.236833
0.219806
0.221967
0.228132
0.225447
0.229043
0.248455
0.238379
0.242002
0.255968
0.260946
0.265104
0.247709
0.224319
0.222053
0.210894
0.208408
0.182299
0.181538
0.178344
0.176365
0.168657
0.155271
0.152941
0.159309
0.146779
0.148863
0.149211
0.143878
0.158874
0.159429
0.175869
0.165115
0.174618
0.159386
0.188002
0.194555
0.209438
0.218266
0.202026
0.182575
0.225516
0.203064
0.208194
0.202841
0.185301
0.188911
0.175702
0.181371
0.174945
0.19562
0.196787
0.202666
0.215166
0.22732
0.238187
0.225563
0.224087
0.234378
0.224208
0.21396
0.202624
0.195548
0.189541
0.170052
0.191989
0.183456
0.201462
0.190284
0.194432
0.18665
0.199137
0.18923
0.1791
0.200017
0.199913
0.211007
0.228014
0.191395
0.201204
0.217688
0.193763
0.220418
0.193951
0.175425
0.188554
0.157991
0.171503
0.162792
0.173934
0.144913
0.182151
0.164505
0.140567
0.143831
0.163086
0.162887
0.147516
0.154429
0.14612
0.156919
0.13287
0.15613
0.155316
0.155259
0.144771
0.160395
0.142358
0.139645
0.135326
0.117338
0.123402
0.122482
0.118274
0.117178
0.131462
0.152932
0.145838
0.150723
0.157589
0.172064
0.194555
0.181471
0.205996
0.206103
0.218817
0.221891
0.203024
0.184546
0.145304
0.146774
0.105909
0.0934957
0.0977635
0.0875164
0.123033
0.129914
0.148024
0.16067
0.169352
0.187981
0.146227
0.189741
0.151585
0.164039
0.175645
0.173567
0.190357
0.172553
0.165931
0.180763
0.172926
0.200665
0.202088
0.211945
0.194341
0.217041
0.197098
0.18455
0.181407
0.17961
0.173692
0.206595
0.176666
0.208564
0.201011
0.183189
0.193825
0.182074
0.190318
0.190882
0.199082
0.205068
0.214369
0.195984
0.217744
0.187471
0.185726
0.164051
0.167695
0.164624
0.173775
0.164022
0.144614
0.148533
0.154802
0.136951
0.119754
0.113881
0.119286
0.112294
0.0898707
0.0937796
0.0864173
0.098514
0.0950106
0.0835327
0.0752397
0.0746774
0.0688359
0.0687511
0.0867276
0.0803937
0.0752684
0.0642018
0.0677793
0.0824915
0.074934
0.0812392
0.0733671
0.067934
0.051738
0.0640658
0.0597415
0.0579802
0.0667076
0.0682477
0.0643693
0.0713615
0.0735102
0.0708833
0.0759373
0.0768956
0.0868762
0.0773182
0.0819691
0.0833797
0.0796733
0.0799672
0.0851049
0.0905914
0.0946355
0.0962016
0.0934773
0.0771244
0.0942742
0.086682
0.0721445
0.0650364
0.0633519
0.0626437
0.0529805
0.0546348
0.0667961
0.0501141
0.0608174
0.044295
0.0515293
0.0560962
0.0737943
0.0722183
0.0644572
0.0835799
0.0730899
0.0619712
0.0575951
0.0697449
0.0675799
0.0564454
0.0706344
0.0733667
0.060567
0.0716137
0.0524687
0.0805575
0.0673315
0.0788849
0.0928791
0.112854
0.104415
0.119923
0.13829
0.124756
0.11794
0.126593
0.129581
0.134859
0.149692
0.140885
0.151225
0.144339
0.149896
0.135486
0.144411
0.139083
0.154718
0.158012
0.165231
0.171717
0.185191
0.216372
0.185987
0.230619
0.212486
0.204313
0.246121
0.246018
0.268588
0.271929
0.26543
0.285211
0.25328
0.200075
0.172543
0.175456
0.134808
0.152464
0.167542
0.162551
0.155506
0.189398
0.17784
0.171672
0.188716
0.199158
0.198574
0.195959
0.197898
0.202019
0.180798
0.195025
0.181697
0.18259
0.163404
0.223468
0.234788
0.244499
0.244872
0.219197
0.241331
0.23347
0.241965
0.213127
0.223059
0.20908
0.194438
0.174137
0.153224
0.152994
0.14013
0.113812
0.123051
0.0983091
0.0943845
0.06774
0.0560303
0.0344052
0.0383246
0.0251954
0.0215036
0.0219152
0.0139361
0.0150374
0.0193069
0.0207005
0.0181564
0.0155439
0.0135216
0.0137821
0.0189419
0.0150289
0.0205566
0.0252748
0.0278482
0.0272861
0.0278217
0.0263301
0.0151833
0.0152587
0.0142389
0.00775623
0.0132581
0.00909432
0.0121929
0.00885443
0
0.00853653
0.00467775
0.00993042
0.00794116
0.00894226
0.00544914
0.00128058
0.0139706
0.0170492
0.0228689
0.0269448
0.0160062
0.0133329
0.0204645
0.0192768
0.0154437
0.0161022
0.0121868
0.0158483
0.0155263
0.0170992
0.0158843
0.0215453
0.0195615
0.0156842
0.0235436
0.0189554
0.0121073
0.0308504
0.0246227
0.0305819
0.0384031
0.0431156
0.0346677
0.0284981
0.0258474
0.0300324
0.0298129
0.0215871
0.0237258
0.0362707
0.0330951
0.0325357
0.0317758
0.0352559
0.0289791
0.0268252
0.0286099
0.0266852
0.0305776
0.0350948
0.0418218
0.0397805
0.046387
0.0380707
0.0470885
0.0348614
0.0310661
0.0328967
0.0340074
0.0356374
0.0344493
0.0294087
0.035584
0.0377196
0.0379481
0.0349551
0.0336004
0.0347998
0.0395133
0.0332515
0.0288255
0.0432926
0.039155
0.0449179
0.0511645
0.054827
0.0539158
0.0520217
0.0574902
0.0645025
0.0672036
0.0712593
0.0615864
0.0675782
0.0716606
0.0613075
0.0696022
0.0749264
0.0736574
0.0768467
0.0771246
0.079448
0.0744477
0.0815535
0.0799452
0.089947
0.0938078
0.102716
0.112542
0.114668
0.112258
0.115679
0.114238
0.108694
0.108723
0.116899
0.118365
0.110232
0.114412
0.117426
0.117202
0.105796
0.111991
0.107942
0.115319
0.116291
0.12595
0.12188
0.116431
0.1168
0.132615
0.1403
0.147359
0.146435
0.137844
0.119498
0.127128
0.121857
0.100139
0.102197
0.105435
0.100371
0.0990141
0.0964671
0.1075
0.099266
0.106535
0.0881295
0.0935083
0.104669
0.0988794
0.109557
0.102677
0.0981108
0.102892
0.098268
0.0931462
0.093683
0.0950861
0.0995221
0.0859936
0.0829049
0.0759707
0.0789946
0.0586469
0.0605413
0.0621788
0.058489
0.0500428
0.0543693
0.0488505
0.0591239
0.068299
0.0622122
0.0560231
0.0609125
0.063066
0.0550963
0.0546255
0.0645724
0.0580193
0.0565765
0.0525444
0.0512087
0.0708348
0.0592519
0.0562043
0.0535805
0.038633
0.0337579
0.0246942
0.0377655
0.0259906
0.0180468
0.0157186
0.00756264
0.0150841
0.0224693
0.0202704
0.0147831
0.0240917
0.021183
0.00980143
0.0225956
0.0129216
0.0144688
0.0213124
0.0309397
0.0344687
0.0400835
0.0515709
0.0502486
0.0476965
0.0507705
0.0591333
0.0483414
0.0483025
0.0476043
0.054626
0.0328535
0.0479318
0.0362699
0.023512
0.0309531
0.0190428
0.0251753
0.0220208
0.0229618
0.0272601
0.0208783
0.020061
0.0187669
0.0184047
0.0178202
0.0138993
0.0178012
0.0114612
0.0253031
0.0165016
0.0213502
0.0372887
0.0286748
0.0198125
0.0143322
0.0247908
0.0298573
0.02606
0.0291972
0.0211762
0.0213498
0.0173142
0.0167734
0.019171
0.0174096
0.0110364
0.0159253
0.01744
0.0166156
0.0229462
0.0166968
0.0167628
0.0168703
0.0181532
0.0167559
0.0235737
0.0300421
0.0235517
0.0227419
0.0269643
0.0304406
0.0374583
0.0421597
0.0503359
0.0344527
0.0293843
0.0406867
0.0360966
0.0344225
0.0288273
0.0205383
0.0240148
0.0253323
0.0285985
0.0257616
0.0272427
0.0267449
0.0268016
0.0247974
0.0184278
0.0227426
0.022736
0.0243451
0.0214485
0.02247
0.0289733
0.0269429
0.0227232
0.0265332
0.0282813
0.0348301
0.0347641
0.0358113
0.0437935
0.0433988
0.0489073
0.0546835
0.0490185
0.0438253
0.0390874
0.0544416
0.0484827
0.049464
0.0446053
0.0385526
0.0467935
0.0391855
0.04056
0.0427052
0.0519937
0.0487317
0.0466407
0.0519233
0.0524728
0.0504665
0.0516402
0.0499806
0.0518811
0.049722
0.0458686
0.0545902
0.0544
0.0670518
0.0606254
0.0656224
0.0788611
0.0879758
0.121577
0.192697
0.394488
0.613052
0.717538
0.740451
0.705536
0.605063
0.382025
0.187448
0.117382
0.0939997
0.0798226
0.0759076
0.0800402
0.0783145
0.0786153
0.0746965
0.0758057
0.0759652
0.0730549
0.0740193
0.0695547
0.0726605
0.0741951
0.0727228
0.0728828
0.0731639
0.0706676
0.0726024
0.0717847
0.0653715
0.0663601
0.0645155
0.0657263
0.068002
0.0655542
0.0560536
0.0644073
0.0676687
0.0639361
0.0598983
0.0585958
0.0658145
0.0652834
0.0621343
0.0557378
0.0644847
0.065384
0.0655133
0.0672534
0.0669963
0.0725857
0.0660549
0.0658726
0.0707831
0.068978
0.0753216
0.0745488
0.07252
0.0714059
0.076341
0.0651012
0.0692532
0.0759961
0.0755477
0.0741629
0.0639575
0.073304
0.0712353
0.0697722
0.0815526
0.0703839
0.0684331
0.0551611
0.0636808
0.0663621
0.0677238
0.0642255
0.0698573
0.0640592
0.0637796
0.0628019
0.0683764
0.0696028
0.0662105
0.0673942
0.0726187
0.0696766
0.0674888
0.0689164
0.0614126
0.0634534
0.0660103
0.0702404
0.0738706
0.0775529
0.0772317
0.0675987
0.0719437
0.0695456
0.0719246
0.0740038
0.0829188
0.0704941
0.0837368
0.073682
0.0786681
0.0961925
0.0646894
0.0856414
0.0630275
0.0721884
0.0785861
0.103184
0.10417
0.076415
0.0939045
0.0836753
0.104521
0.0949305
0.101024
0.0954757
0.0964375
0.0904882
0.0824586
0.0948694
0.0885093
0.0859988
0.093906
0.103339
0.0895761
0.0824191
0.0976859
0.0894981
0.0981716
0.099862
0.086058
0.102112
0.100626
0.104822
0.100983
0.0920211
0.0880788
0.110783
0.109635
0.0882168
0.0980624
0.102888
0.104177
0.108608
0.0808353
0.0935248
0.116131
0.0882762
0.116268
0.125011
0.110149
0.103844
0.0799037
0.118807
0.132617
0.12903
0.131036
0.117277
0.103739
0.0986584
0.106559
0.145772
0.103625
0.11125
0.127102
0.0966401
0.148608
0.149402
0.152663
0.158458
0.148517
0.171194
0.155656
0.157694
0.141164
0.151906
0.13625
0.125839
0.137174
0.130043
0.12389
0.102179
0.121422
0.138265
0.138985
0.106363
0.107281
0.112431
0.100369
0.125853
0.110318
0.115269
0.131911
0.123518
0.0836784
0.109609
0.0865122
0.10441
0.106621
0.119634
0.104221
0.097294
0.099482
0.107986
0.122903
0.112177
0.101543
0.108445
0.121122
0.107658
0.0951266
0.0979678
0.112414
0.130616
0.134888
0.130551
0.122261
0.126616
0.15351
0.143878
0.139268
0.118117
0.0970418
0.0779104
0.09913
0.0831325
0.0815243
0.0713964
0.0639292
0.0846166
0.0928355
0.0703205
0.0887077
0.0882525
0.0802843
0.0816266
0.0928911
0.0928258
0.0930498
0.0987345
0.101121
0.100623
0.114131
0.119519
0.135351
0.13402
0.144423
0.162541
0.170852
0.186635
0.202798
0.227683
0.255841
0.250643
0.243486
0.243805
0.212522
0.14867
0.0793217
0.0821379
0.0713396
0.0735861
0.0768637
0.0840628
0.0950561
0.0722548
0.0707391
0.0759391
0.0754349
0.0875116
0.0779034
0.0700961
0.0680519
0.0651957
0.058798
0.0616588
0.0654909
0.067582
0.0789012
0.0738922
0.0717299
0.0756446
0.0714976
0.0668856
0.0698238
0.0716357
0.063745
0.0654408
0.0706929
0.0754776
0.0731525
0.0714365
0.0770513
0.0699767
0.0682153
0.0648328
0.0712203
0.0623128
0.0690618
0.078047
0.0692364
0.0684594
0.0642476
0.0813063
0.062431
0.0654543
0.0772507
0.0736382
0.0677437
0.0708769
0.0720538
0.0657382
0.0697535
0.0625729
0.070888
0.06434
0.0619086
0.0683764
0.0610194
0.0609391
0.0566185
0.0689826
0.0537321
0.0603416
0.0541524
0.0682942
0.0641867
0.060774
0.0616065
0.0639773
0.0572622
0.0633258
0.0591754
0.0659184
0.0674403
0.069926
0.0637751
0.0612714
0.0604368
0.0606479
0.055873
0.0641453
0.0507293
0.0636889
0.0592345
0.0616936
0.0634945
0.063885
0.0666701
0.0609385
0.0626153
0.0653594
0.0678748
0.068253
0.0799618
0.0712935
0.0737984
0.0728663
0.0698933
0.0872681
0.0876185
0.0998506
0.0871395
0.0988305
0.0999341
0.0952573
0.105795
0.111143
0.135173
0.124201
0.119468
0.10372
0.106421
0.0907516
0.0729614
0.067489
0.0683417
0.0616879
0.0592901
0.0593944
0.0653302
0.0619387
0.0631991
0.0650029
0.065017
0.0631982
0.0601829
0.0573051
0.0564537
0.0658915
0.0674623
0.0691337
0.0729311
0.0707655
0.0762002
0.0781092
0.0835726
0.0866583
0.0921977
0.0981253
0.0980592
0.103413
0.114558
0.124967
0.132387
0.141513
0.15158
0.158606
0.166691
0.172056
0.168833
0.16
0.149523
0.142382
0.136758
0.110161
0.107309
0.0906555
0.0872255
0.0897414
0.0910721
0.0889333
0.0749566
0.0859015
0.0797296
0.0781083
0.0870668
0.0883928
0.0921044
0.10182
0.0917656
0.0878592
0.0875511
0.0966142
0.111906
0.113683
0.0995589
0.109113
0.117651
0.126103
0.13354
0.133663
0.13287
0.139081
0.141571
0.158608
0.154655
0.174457
0.172284
0.186178
0.202341
0.205585
0.205376
0.196551
0.187775
0.169761
0.157525
0.149692
0.134411
0.126053
0.112113
0.104097
0.0958099
0.1097
0.0975773
0.108365
0.0982561
0.100457
0.105142
0.101799
0.102321
0.0875032
0.0988482
0.0895442
0.0851341
0.0941138
0.0947102
0.0825964
0.0999075
0.0914333
0.0851435
0.0812875
0.0852334
0.0734746
0.0833321
0.0902136
0.0878832
0.074519
0.0914394
0.075839
0.0871192
0.0863248
0.0880516
0.083111
0.0880423
0.0847013
0.0840745
0.0854972
0.086833
0.0800423
0.0858332
0.0880873
0.0844142
0.0941944
0.0922903
0.0860339
0.0912846
0.0894087
0.0952152
0.0946175
0.0906456
0.0833153
0.0872954
0.0918731
0.0867937
0.0927382
0.0818786
0.0916032
0.0854873
0.0855261
0.0883655
0.0727457
0.0690214
0.0687437
0.0643468
0.0608909
0.0677407
0.0685835
0.0669123
0.0640382
0.0747052
0.0710914
0.0742083
0.083013
0.0966332
0.100994
0.109988
0.133201
0.12069
0.14579
0.138874
0.152549
0.153177
0.142516
0.168572
0.186802
0.196252
0.179515
0.180234
0.16841
0.163029
0.164259
0.15244
0.153496
0.139531
0.128679
0.146088
0.128812
0.123354
0.113789
0.132596
0.118683
0.125207
0.133024
0.149196
0.136066
0.146404
0.156352
0.150066
0.15182
0.1673
0.169347
0.164797
0.17357
0.172578
0.16436
0.163455
0.154228
0.164117
0.174309
0.150468
0.163954
0.149096
0.142988
0.183179
0.138165
0.132783
0.152232
0.147586
0.142245
0.166342
0.184539
0.150219
0.163793
0.153374
0.154298
0.161762
0.171319
0.196184
0.158661
0.183178
0.182811
0.18966
0.205217
0.210449
0.19721
0.173366
0.197928
0.20669
0.211552
0.21956
0.221245
0.238916
0.21651
0.234086
0.25203
0.251921
0.232835
0.2306
0.257123
0.249315
0.269518
0.253503
0.250246
0.239738
0.236319
0.236228
0.222069
0.216987
0.229701
0.202229
0.180507
0.197257
0.170224
0.167591
0.136609
0.142305
0.149578
0.125339
0.110659
0.135177
0.139599
0.141248
0.12393
0.150145
0.120604
0.1303
0.131486
0.163433
0.154802
0.191502
0.152739
0.125707
0.168473
0.198984
0.203956
0.179342
0.216172
0.206242
0.201964
0.232496
0.226224
0.233236
0.209165
0.254625
0.263496
0.24987
0.250409
0.25811
0.294802
0.28788
0.28215
0.306811
0.30175
0.31489
0.314221
0.307191
0.320458
0.289716
0.325316
0.301968
0.310807
0.279027
0.277156
0.257434
0.26307
0.235027
0.191279
0.204519
0.178478
0.172236
0.160762
0.129809
0.101557
0.134294
0.123355
0.105265
0.109582
0.133596
0.107132
0.142174
0.0972619
0.139652
0.0739777
0.0988363
0.0958321
0.154391
0.099372
0.12945
0.140342
0.115444
0.106403
0.125851
0.103724
0.139242
0.128743
0.119792
0.139444
0.136043
0.162558
0.179521
0.077601
0.167997
0.158266
0.150008
0.166371
0.150435
0.142425
0.153491
0.182561
0.177225
0.179817
0.186284
0.16993
0.140372
0.115017
0.139267
0.164209
0.183236
0.180278
0.166603
0.144967
0.176692
0.167791
0.146804
0.165613
0.150526
0.178005
0.12999
0.148138
0.178043
0.135285
0.134813
0.139034
0.137346
0.163168
0.148995
0.110417
0.115785
0.112549
0.130274
0.167291
0.174096
0.140122
0.139167
0.115143
0.135723
0.161802
0.115364
0.106013
0.137743
0.172224
0.106312
0.111194
0.110213
0.0971313
0.0944554
0.145913
0.119002
0.0963076
0.127777
0.181241
0.182351
0.133426
0.0902825
0.171031
0.207754
0.156702
0.143518
0.156964
0.163164
0.149128
0.107806
0.207599
0.162472
0.186662
0.159122
0.155205
0.163308
0.163117
0.128723
0.218395
0.176682
0.202776
0.176051
0.158654
0.181422
0.169269
0.187454
0.145844
0.165396
0.178653
0.174681
0.145672
0.147575
0.207277
0.147909
0.158364
0.152173
0.132157
0.120388
0.0905044
0.099761
0.113905
0.0885987
0.066843
0.0451395
0.0579751
