0.125651
0.135302
0.136436
0.132499
0.132061
0.131765
0.130223
0.135865
0.137961
0.153005
0.156884
0.15473
0.160853
0.160477
0.162039
0.166547
0.16573
0.168953
0.166927
0.173523
0.168832
0.159924
0.158893
0.170365
0.170207
0.176648
0.185859
0.18996
0.192095
0.199094
0.197567
0.203188
0.202457
0.205384
0.208063
0.211685
0.210989
0.212709
0.204275
0.200458
0.197993
0.1964
0.198088
0.20421
0.217834
0.215999
0.219693
0.227011
0.232795
0.23056
0.226364
0.214515
0.204899
0.203197
0.203463
0.204246
0.218894
0.243114
0.240661
0.235832
0.209091
0.195091
0.166167
0.15347
0.144334
0.120542
0.122337
0.125676
0.110502
0.117759
0.113607
0.107463
0.116781
0.105687
0.109598
0.109452
0.110665
0.114238
0.112606
0.118451
0.11395
0.110425
0.119999
0.123027
0.117729
0.123088
0.125809
0.128905
0.132434
0.136974
0.139215
0.140845
0.149976
0.152042
0.159153
0.169565
0.179703
0.191652
0.195481
0.207636
0.20792
0.201145
0.204556
0.189875
0.177203
0.169616
0.163135
0.163728
0.163226
0.166653
0.168793
0.171844
0.172199
0.171575
0.170974
0.16929
0.165312
0.170562
0.157129
0.150402
0.158605
0.167058
0.173033
0.165501
0.174247
0.177629
0.178452
0.188922
0.190649
0.193974
0.197226
0.200285
0.200922
0.20334
0.203439
0.204278
0.208131
0.211226
0.209924
0.203435
0.193751
0.174402
0.167722
0.158968
0.167931
0.170363
0.173991
0.18829
0.194065
0.205044
0.212513
0.211557
0.215677
0.225428
0.224341
0.234927
0.232689
0.233674
0.232804
0.234273
0.237303
0.238276
0.231904
0.232479
0.213293
0.179762
0.146543
0.125264
0.122335
0.110688
0.109184
0.108878
0.108948
0.112117
0.114171
0.110088
0.11495
0.112565
0.122321
0.119337
0.12619
0.130986
0.127729
0.122169
0.133367
0.125802
0.125955
0.129708
0.116402
0.119075
0.123399
0.12559
0.122337
0.12551
0.127001
0.129955
0.129021
0.128885
0.119605
0.116189
0.110179
0.101746
0.100538
0.0963521
0.103538
0.103279
0.103556
0.112135
0.10902
0.12801
0.129562
0.133402
0.134105
0.140528
0.149121
0.146839
0.155107
0.156233
0.160916
0.159704
0.16069
0.16375
0.157767
0.148658
0.14381
0.12404
0.123401
0.116882
0.11756
0.118493
0.125362
0.132074
0.132703
0.136444
0.14769
0.144827
0.15613
0.160715
0.166604
0.16956
0.181887
0.182104
0.193629
0.193498
0.195568
0.204266
0.204767
0.203135
0.207011
0.210821
0.212041
0.209576
0.211756
0.213225
0.207439
0.196335
0.156238
0.154697
0.141543
0.123818
0.138124
0.125497
0.132541
0.138552
0.139879
0.153269
0.152362
0.145218
0.154186
0.155816
0.166882
0.176656
0.175708
0.182163
0.194661
0.188476
0.202864
0.192852
0.201334
0.189685
0.181075
0.171121
0.158626
0.136558
0.127604
0.118123
0.119356
0.115328
0.119927
0.1101
0.112123
0.127372
0.136171
0.129569
0.141947
0.134999
0.139672
0.128197
0.12005
0.132313
0.12928
0.127499
0.120426
0.12044
0.124137
0.123753
0.121646
0.12551
0.129259
0.13092
0.129173
0.126131
0.122811
0.121717
0.120977
0.101571
0.106401
0.0978261
0.0966675
0.104052
0.1011
0.104621
0.104949
0.10163
0.101424
0.103535
0.106648
0.111607
0.0915403
0.110366
0.125746
0.117599
0.115629
0.127991
0.144668
0.137403
0.134788
0.144966
0.148995
0.149502
0.157427
0.150593
0.152857
0.141251
0.135504
0.12764
0.12528
0.133888
0.11985
0.11188
0.110152
0.105948
0.102714
0.105469
0.0978148
0.0967984
0.116446
0.117188
0.130166
0.112452
0.114643
0.117574
0.119381
0.122873
0.131496
0.130924
0.133366
0.140842
0.150513
0.153025
0.166928
0.179361
0.172477
0.174835
0.182737
0.180089
0.178561
0.167081
0.167363
0.141792
0.108721
0.101989
0.0972707
0.108853
0.103422
0.0993316
0.110388
0.113404
0.112429
0.109811
0.121969
0.121824
0.110428
0.105829
0.109837
0.116584
0.113417
0.113431
0.104203
0.113373
0.119795
0.114018
0.108557
0.118116
0.119949
0.124899
0.128542
0.131769
0.139307
0.155143
0.17346
0.173033
0.192095
0.186568
0.194186
0.191734
0.186778
0.168705
0.15918
0.141126
0.160506
0.132353
0.142905
0.160686
0.145692
0.156304
0.151674
0.147466
0.150712
0.147991
0.149502
0.149168
0.151902
0.161715
0.149724
0.136866
0.141324
0.121596
0.13257
0.128265
0.139669
0.140456
0.13455
0.126496
0.128938
0.117202
0.133359
0.119031
0.127332
0.126832
0.12021
0.135695
0.135599
0.144042
0.117395
0.131682
0.123572
0.120073
0.133438
0.136289
0.124502
0.135743
0.132154
0.140934
0.13831
0.13238
0.154956
0.14288
0.140474
0.146287
0.156218
0.152801
0.164592
0.172331
0.169484
0.171362
0.180354
0.174616
0.179304
0.199221
0.200634
0.237081
0.226395
0.225774
0.225178
0.185937
0.165507
0.169424
0.146421
0.113608
0.131739
0.156202
0.195502
0.238051
0.301024
0.349313
0.373649
0.36705
0.343205
0.294072
0.202027
0.173557
0.118977
0.128767
0.111986
0.117428
0.11359
0.133758
0.118349
0.129907
0.109877
0.12782
0.131628
0.136098
0.12583
0.13387
0.138341
0.132736
0.130442
0.132524
0.161026
0.158359
0.121075
0.117887
0.122374
0.126634
0.112701
0.102806
0.112488
0.1106
0.100388
0.0978897
0.0844653
0.0997669
0.0948921
0.0937786
0.0901244
0.100368
0.0928541
0.0987974
0.0939456
0.111936
0.116332
0.115235
0.0968778
0.111047
0.115325
0.121685
0.124669
0.100265
0.100495
0.126022
0.105518
0.116495
0.101155
0.0971775
0.114691
0.0888869
0.107089
0.0991
0.104106
0.115613
0.13311
0.126112
0.129985
0.138314
0.134414
0.121699
0.129642
0.126114
0.119464
0.121225
0.109975
0.0941606
0.110473
0.108216
0.106362
0.119036
0.105205
0.119748
0.119872
0.11577
0.125855
0.118081
0.112618
0.117147
0.120772
0.123098
0.115063
0.121041
0.116249
0.110026
0.121692
0.111287
0.0827952
0.0830257
0.101892
0.0990436
0.0982925
0.102729
0.0934355
0.1101
0.088739
0.0766064
0.0925841
0.0837183
0.0919885
0.0745335
0.10659
0.0943463
0.0982765
0.0775339
0.0885352
0.108559
0.0881309
0.0795835
0.0833507
0.076985
0.0823938
0.0703583
0.0756435
0.0600061
0.0718468
0.0721402
0.0691126
0.0750094
0.0830392
0.0822462
0.0808699
0.0920789
0.0948711
0.0940488
0.0994787
0.123114
0.105652
0.11342
0.115245
0.122096
0.0844056
0.0761498
0.0841306
0.066816
0.0670902
0.0661647
0.0576093
0.0590593
0.0644449
0.09562
0.0846218
0.0863249
0.0926558
0.0853775
0.0944626
0.0742887
0.0977402
0.0826042
0.0905175
0.0796538
0.107442
0.11225
0.105489
0.0951732
0.0872185
0.11398
0.11411
0.0924683
0.134316
0.105875
0.0972865
0.0903935
0.0941798
0.100672
0.124299
0.0990417
0.1089
0.116235
0.115184
0.10692
0.100561
0.114512
0.10071
0.12218
0.108772
0.111758
0.112068
0.131801
0.100742
0.107458
0.0948257
0.116865
0.0848371
0.122858
0.0800305
0.0669849
0.0764288
0.08533
0.0972972
0.0696869
0.0616709
0.078897
0.071326
0.063618
0.0493308
0.0569386
0.0598273
0.0634001
0.050449
0.0436675
0.0374971
0.037491
0.0401639
0.0455354
0.0529218
0.0505333
0.0419108
0.0397237
0.04171
0.0426445
0.0517098
0.036223
0.029353
0.0291885
0.037058
0.0251952
0.0211446
0.031702
0.0411415
0.0303678
0.0395355
0.0458093
0.0492579
0.0412265
0.0389022
0.045658
0.0411769
0.0389738
0.0506311
0.04881
0.0521884
0.0522083
0.0513665
0.0629532
0.055861
0.0537406
0.0495867
0.0567851
0.0395978
0.0439552
0.0394863
0.0419077
0.0328485
0.0379203
0.0358753
0.0407221
0.0445481
0.0328864
0.035402
0.0258489
0.0150935
0.0332475
0.0374931
0.0368573
0.0425264
0.0441507
0.0304631
0.0158759
0.0243149
0.0286895
0.0282398
0.0324789
0.0451235
0.0216663
0.0514852
0.0422294
0.042953
0.0432234
0.0513234
0.0624125
0.0547234
0.0521908
0.0735348
0.0922627
0.0650682
0.0625934
0.0868132
0.0684233
0.0618511
0.0858043
0.0866535
0.0656772
0.0766111
0.0763267
0.0750753
0.0784397
0.0935174
0.0911939
0.0793884
0.0873394
0.0998149
0.112827
0.119918
0.106315
0.113544
0.114835
0.106137
0.114081
0.142171
0.149413
0.12391
0.13505
0.15226
0.116109
0.0965303
0.084935
0.0922754
0.0652653
0.0957591
0.0925715
0.0836548
0.0599399
0.0942602
0.098097
0.0851647
0.106293
0.103299
0.105786
0.0780904
0.11559
0.134928
0.0939553
0.0987501
0.0967583
0.118687
0.0802894
0.120913
0.136938
0.148109
0.152372
0.106231
0.151366
0.100381
0.116628
0.124345
0.104561
0.100252
0.12994
0.0932004
0.0799715
0.0768239
0.0691326
0.0595722
0.0699833
0.0643673
0.0673405
0.0421679
0.0358408
0.0279649
0.0272171
0.0204222
0.00870048
0.0151013
0.011299
0.0157359
0.0195345
0.0135838
0.015314
0.0108608
0.0177986
0.00540071
0.00863435
0.010925
0.0204722
0.0180444
0.0192083
0.0155024
0.0193248
0.0141354
0.0108136
0.0123647
0.01629
0.00950768
0.00855246
0.0129967
0.00972543
0.00208887
0.0053653
0.0106193
0.00527613
0.00594875
0.00178562
0.00990182
0.0022169
0
0.00927055
0.00691653
0.0148037
0.0153882
0.0125763
0.0100518
0.00851523
0.0155178
0.0116389
0.00534275
0.00636468
0.0120038
0.0119654
0.0144069
0.0091772
0.0199194
0.0164911
0.0154518
0.0170599
0.00945752
0.0120297
0.0264354
0.0198389
0.0194821
0.0272704
0.0235858
0.0182089
0.0231566
0.0269191
0.0159482
0.0156621
0.0174077
0.0145259
0.0180176
0.0201844
0.0194265
0.020947
0.0258036
0.0217552
0.0181451
0.0222732
0.0190515
0.0210862
0.0204582
0.0246079
0.0283319
0.0280131
0.0245433
0.0262976
0.00970991
0.0131433
0.0224282
0.0167012
0.0168131
0.0181047
0.0178693
0.0196391
0.0173252
0.0149532
0.0184279
0.0224724
0.010021
0.0202369
0.0228576
0.0159646
0.0277216
0.0201403
0.0244248
0.0264482
0.0260169
0.0336352
0.0280306
0.0257942
0.0334054
0.0315552
0.0360708
0.0303345
0.0428455
0.0406176
0.0320114
0.0411254
0.0429154
0.0375477
0.04453
0.0363565
0.0421098
0.0393051
0.043969
0.0451952
0.0491249
0.0495113
0.0533782
0.0507193
0.0660727
0.0608662
0.056644
0.0650438
0.063758
0.0654669
0.0599921
0.0722115
0.0522535
0.0586682
0.0543393
0.0635109
0.0538054
0.0565354
0.0584364
0.0558766
0.0612476
0.06845
0.066915
0.0655285
0.0519317
0.0709034
0.0699104
0.0734076
0.0873297
0.0732446
0.0631801
0.085219
0.0696902
0.0471368
0.0528363
0.0616843
0.0663117
0.061645
0.050868
0.0550394
0.0501363
0.0668074
0.0494599
0.0499972
0.0487834
0.0493623
0.0519777
0.0546085
0.0578317
0.0496514
0.0440851
0.0389257
0.0576513
0.0572428
0.065386
0.0365703
0.0411311
0.0413195
0.0473407
0.0287372
0.0340772
0.045776
0.0391797
0.0323831
0.0398533
0.0367753
0.0457216
0.032741
0.0285743
0.0368056
0.0291455
0.0303949
0.0369752
0.0218768
0.0441274
0.034474
0.0385421
0.0289867
0.0231387
0.0352649
0.0310134
0.0269758
0.0272283
0.0204143
0.00304177
0.00960391
0.0304051
0.0138512
0.0133777
0.0055747
0.0112456
0.00775956
0.00734968
0.00602938
0.0122034
0.0252863
0.00524498
0.00505701
0.0129466
0.0137979
0.0168777
0.0158908
0.0201173
0.0184828
0.0296999
0.0250593
0.0214373
0.0330125
0.0355271
0.0382093
0.0271929
0.0400155
0.0331598
0.0394724
0.0194176
0.0343432
0.0266879
0.0172308
0.0237117
0.00808715
0.016861
0.0116244
0.0237084
0.0185823
0.019087
0.01854
0.0127709
0.0148069
0.0118035
0.013533
0.0136569
0.00697272
0.0190644
0.012401
0.0209623
0.0259266
0.0166187
0.0154005
0.0157697
0.0186955
0.0203785
0.0205746
0.0216803
0.0133766
0.00842286
0.00776629
0.01345
0.0215126
0.0136348
0.00823933
0.020548
0.0159941
0.0126906
0.016851
0.0143584
0.0133175
0.01816
0.0145403
0.0108348
0.016589
0.0237339
0.0158805
0.0149933
0.0221853
0.017675
0.0234046
0.0238246
0.0387765
0.0176046
0.0176501
0.0198283
0.0163722
0.0111838
0.00794416
0.0280191
0.0246732
0.013244
0.0107363
0.0144382
0.0158607
0.0120414
0.0161863
0.0181377
0.0152043
0.0110647
0.00856129
0.0212941
0.0202913
0.0192694
0.0255618
0.0186913
0.0166622
0.0202029
0.0127583
0.0250719
0.0210911
0.0206467
0.0314857
0.0245319
0.0231732
0.0281733
0.0307158
0.0196979
0.0230888
0.0290639
0.0226163
0.0289473
0.0188377
0.0282645
0.0265299
0.0196458
0.0284576
0.0253023
0.0240287
0.0292564
0.0269401
0.0320562
0.0277033
0.0270772
0.029161
0.0265441
0.0307728
0.0303789
0.0260809
0.0237991
0.0263056
0.0361917
0.0414844
0.0377324
0.0549637
0.0543561
0.074352
0.126862
0.277901
0.448904
0.516733
0.527436
0.497277
0.424511
0.264977
0.127405
0.0744194
0.0595188
0.0424206
0.0431009
0.0475151
0.0425039
0.0397574
0.039181
0.0416416
0.0330277
0.044515
0.0393358
0.0345856
0.0451258
0.0398858
0.0407721
0.03682
0.039065
0.0384565
0.037048
0.0453774
0.0365306
0.0388697
0.0296275
0.0326897
0.0438225
0.0333329
0.0316293
0.0336199
0.0349963
0.0282944
0.0353772
0.0303418
0.0332261
0.0420144
0.0336865
0.0290054
0.0380488
0.0397313
0.0343349
0.0420136
0.0395635
0.0398684
0.0371979
0.0321676
0.0348055
0.0335149
0.0425631
0.0387033
0.0383983
0.0379472
0.0460135
0.0404145
0.0442454
0.0428262
0.0377883
0.0447448
0.0268199
0.0378739
0.0348112
0.0342142
0.0430725
0.033608
0.0289967
0.0356094
0.0360617
0.0322689
0.0336163
0.035098
0.0349806
0.0307336
0.0390484
0.0393127
0.0356804
0.0380336
0.0339379
0.0370107
0.0432053
0.0342841
0.032993
0.0412223
0.0320962
0.0338927
0.0302424
0.0315395
0.043229
0.0412122
0.0335905
0.0307154
0.0420514
0.0416234
0.0281115
0.040306
0.0481151
0.0388484
0.0401278
0.0469096
0.0337539
0.0623249
0.0276447
0.0527799
0.0245491
0.0311208
0.0308007
0.0522514
0.0550997
0.0391381
0.0374011
0.0369953
0.0556562
0.0571222
0.0504968
0.0374282
0.0649935
0.0418539
0.0548193
0.046687
0.050484
0.0419919
0.0486772
0.0504612
0.043992
0.0467255
0.0524984
0.049039
0.0562912
0.0523086
0.0504687
0.0508518
0.0459582
0.0475147
0.0555511
0.0649236
0.0510215
0.069918
0.0548301
0.0518581
0.0552587
0.0685928
0.0562793
0.0591342
0.0388055
0.0492412
0.0726576
0.0605785
0.0389049
0.0701316
0.0731867
0.0532972
0.0476394
0.0832411
0.0648465
0.0443585
0.0891894
0.0458148
0.0472176
0.0588275
0.0712296
0.0823178
0.0497193
0.0595467
0.0932244
0.0494135
0.0657895
0.0942528
0.08221
0.100546
0.104617
0.0898542
0.0867317
0.0860186
0.0920519
0.0872812
0.0759685
0.0744342
0.0989714
0.0833036
0.0904743
0.0600248
0.0732004
0.0636333
0.0618722
0.0486924
0.0648078
0.0665437
0.0555998
0.0645208
0.0533388
0.0660366
0.0629462
0.0455749
0.0483244
0.0620399
0.0511428
0.0519932
0.0751292
0.0593445
0.0534583
0.0608172
0.0508299
0.0571735
0.052678
0.0554855
0.0324128
0.0661507
0.0530441
0.0647253
0.061503
0.0734745
0.0530594
0.0763273
0.0929505
0.0797294
0.0757226
0.0717363
0.0942088
0.0843542
0.0804284
0.0695713
0.0544441
0.0510505
0.0648637
0.0564172
0.0445983
0.0267445
0.0248134
0.0570306
0.0564682
0.0353216
0.0504991
0.042727
0.0599134
0.044953
0.0468289
0.0469457
0.0387912
0.0634963
0.0587752
0.0629639
0.0671396
0.055804
0.067851
0.0852317
0.0811148
0.0848867
0.0917492
0.109952
0.113522
0.128643
0.145455
0.135854
0.136001
0.141222
0.115884
0.0931436
0.0429524
0.0416225
0.0323802
0.0557428
0.0419716
0.0403864
0.0534888
0.0552365
0.0427667
0.0378316
0.048661
0.0401093
0.0427014
0.0469953
0.0209996
0.0298078
0.0395489
0.0408943
0.0344588
0.0492235
0.0305053
0.0395218
0.0312165
0.0395362
0.0395473
0.0310006
0.0364893
0.0392404
0.0300034
0.0376832
0.0399597
0.0408891
0.0332475
0.0327484
0.0372679
0.0360303
0.040439
0.0299438
0.03247
0.0303432
0.0382225
0.0373497
0.0438668
0.0349293
0.0352265
0.0369713
0.0333966
0.0446778
0.0531608
0.0470393
0.0438984
0.044785
0.0307892
0.037253
0.0341455
0.0338981
0.0558925
0.0382803
0.0328517
0.0432901
0.040716
0.0411822
0.0390731
0.0324051
0.0279995
0.036583
0.0262521
0.0444504
0.0453702
0.0415881
0.03774
0.04268
0.0383512
0.0303638
0.0377039
0.0374437
0.0373128
0.0480194
0.0417121
0.0381822
0.0402511
0.026403
0.031039
0.0301658
0.0245883
0.0346724
0.0309608
0.0360801
0.0467533
0.0391168
0.0368047
0.0353029
0.0308007
0.0459425
0.0388762
0.0420844
0.0591047
0.04971
0.0355809
0.0336763
0.0443691
0.0616481
0.0627275
0.0622388
0.0543606
0.0693393
0.0722943
0.0600341
0.0745738
0.0741359
0.0808731
0.0811033
0.0790616
0.0717641
0.0709356
0.0603265
0.0461177
0.0370832
0.0388974
0.0326817
0.0350889
0.0370764
0.0352771
0.0396892
0.0374207
0.0332007
0.0377822
0.0298679
0.0378413
0.0336443
0.0314409
0.0391973
0.0408316
0.0421658
0.0447469
0.0487
0.0451536
0.0398881
0.0496077
0.0445067
0.0537294
0.0589418
0.0568172
0.0615773
0.0688518
0.0772376
0.0783755
0.0880084
0.0924886
0.100198
0.101961
0.108038
0.107939
0.0960018
0.0927557
0.090407
0.0853649
0.0694094
0.0614532
0.0609313
0.0531769
0.0495542
0.0562241
0.0596955
0.0403614
0.0553918
0.0382903
0.0336443
0.0513306
0.054371
0.0514958
0.0583991
0.068821
0.0488449
0.0538098
0.0551957
0.0611665
0.0671048
0.0544323
0.0585312
0.0676965
0.0635639
0.0730183
0.0767527
0.0723937
0.0834414
0.0840313
0.0859657
0.0857085
0.10314
0.100431
0.110193
0.114075
0.116869
0.117123
0.113842
0.1142
0.097442
0.0933275
0.0851051
0.0817756
0.0664783
0.0619284
0.0669564
0.0508344
0.0554953
0.0512135
0.0672937
0.0617728
0.0568626
0.0547139
0.0630967
0.0643069
0.0483853
0.0652841
0.0506983
0.0491541
0.0486517
0.0537393
0.0506831
0.0652265
0.0517509
0.0446268
0.0325273
0.0523893
0.0388482
0.0412061
0.0544623
0.0503109
0.0397256
0.0458839
0.0371014
0.0529371
0.0449483
0.0496563
0.0552999
0.0504534
0.0511
0.0547719
0.0458733
0.0466541
0.0444021
0.0482395
0.0504218
0.0518504
0.048274
0.0550759
0.0491467
0.0431462
0.0379647
0.0536458
0.0461971
0.0427374
0.0305035
0.0507948
0.0551731
0.040104
0.0394298
0.0479615
0.0519058
0.0483904
0.0501686
0.0641986
0.0616908
0.0651534
0.065787
0.0720909
0.0677709
0.074458
0.0719565
0.0801024
0.0747237
0.0802858
0.0728879
0.0760631
0.0694646
0.0864435
0.0834792
0.0962413
0.1041
0.0878136
0.0933618
0.0780514
0.0910837
0.0786486
0.0984963
0.078019
0.108354
0.110698
0.0932836
0.107024
0.103818
0.101442
0.0968153
0.106009
0.0868298
0.0829971
0.0934391
0.0787516
0.0806037
0.0690973
0.049656
0.0746157
0.0836682
0.0747336
0.0786003
0.0961128
0.0945456
0.0954265
0.101351
0.0945288
0.106218
0.124397
0.104964
0.118001
0.101885
0.116954
0.100981
0.11553
0.106716
0.123444
0.116009
0.0990551
0.0991243
0.104524
0.102534
0.102053
0.0856424
0.0852045
0.0858913
0.0931734
0.110015
0.0823749
0.116475
0.0903272
0.0841221
0.0828436
0.0884418
0.110116
0.094073
0.114987
0.103606
0.138476
0.0926623
0.135939
0.149778
0.140889
0.12549
0.119632
0.123786
0.123513
0.139386
0.102758
0.154201
0.155049
0.138784
0.155134
0.152372
0.152202
0.136537
0.150507
0.148394
0.14925
0.156237
0.154795
0.143309
0.150219
0.142131
0.140802
0.138183
0.119935
0.147201
0.113776
0.112766
0.11646
0.0876141
0.0771753
0.0905441
0.0980077
0.0833391
0.0710778
0.0839556
0.0770808
0.0700859
0.102875
0.0840046
0.0982027
0.0664858
0.0582824
0.0919827
0.0829845
0.101443
0.115162
0.106352
0.112529
0.0591493
0.124502
0.108872
0.09632
0.116527
0.117276
0.104769
0.135092
0.133604
0.163253
0.104117
0.153735
0.149125
0.163128
0.151368
0.150213
0.169912
0.155363
0.157262
0.172757
0.168315
0.188463
0.18403
0.195694
0.199759
0.185758
0.205666
0.189848
0.178907
0.161137
0.164645
0.159539
0.154885
0.126464
0.105011
0.121307
0.109062
0.08752
0.0660714
0.0909738
0.0437712
0.0771603
0.0929509
0.0627369
0.0786399
0.108212
0.0504501
0.0859481
0.0650026
0.0863459
0.0564367
0.068631
0.0907964
0.0872057
0.0877454
0.0891254
0.127761
0.0826442
0.0517995
0.0878024
0.0708505
0.0839623
0.0821086
0.0883285
0.0996757
0.146565
0.138888
0.116276
0.0369739
0.106318
0.0821176
0.116659
0.0940513
0.0946823
0.0781324
0.0768626
0.0919938
0.0733133
0.106843
0.0929359
0.131456
0.115581
0.118066
0.0905743
0.147423
0.0780174
0.108288
0.102023
0.10728
0.133613
0.0858407
0.117191
0.11866
0.0883573
0.0922751
0.0709346
0.114951
0.124757
0.102711
0.0981762
0.0955047
0.0685751
0.0846206
0.096736
0.11799
0.0940323
0.0647144
0.0607728
0.0700979
0.133297
0.0645959
0.0935587
0.0702135
0.102293
0.0986319
0.0834815
0.091538
0.139546
0.0929752
0.058978
0.086679
0.076375
0.0739387
0.0437807
0.103011
0.0623389
0.0303519
0.0603125
0.0608854
0.134261
0.0890306
0.0691278
0.0573286
0.105004
0.0973095
0.0892983
0.0754545
0.0624208
0.130464
0.0582074
0.124473
0.0749074
0.134451
0.0760195
0.138409
0.096389
0.104698
0.102431
0.0998961
0.0690856
0.1273
0.108696
0.111289
0.134285
0.107964
0.101189
0.117415
0.126343
0.111243
0.0910701
0.103996
0.0866668
0.138741
0.0853352
0.0970702
0.0879855
0.118024
0.11534
0.086182
0.0873248
0.0921353
0.0705084
0.0632587
0.0629841
0.0661261
