0.20099
0.202816
0.205092
0.210567
0.206902
0.217302
0.211956
0.219115
0.221617
0.23363
0.241568
0.241124
0.250835
0.261282
0.258311
0.269732
0.277893
0.278554
0.280555
0.284644
0.276902
0.262467
0.276533
0.289688
0.285707
0.296329
0.3153
0.315492
0.325162
0.332692
0.338442
0.345728
0.350104
0.356485
0.360505
0.366512
0.37276
0.377533
0.373368
0.355992
0.352935
0.341207
0.349201
0.35416
0.373737
0.384411
0.397899
0.403409
0.405939
0.408755
0.396935
0.358258
0.342033
0.339425
0.339443
0.340074
0.365365
0.441302
0.450076
0.431648
0.403433
0.345812
0.2922
0.259751
0.231353
0.220746
0.197294
0.194689
0.175554
0.180467
0.175222
0.162185
0.161614
0.15436
0.148125
0.154744
0.159087
0.161503
0.167405
0.171075
0.173978
0.181942
0.186689
0.187974
0.184906
0.188711
0.187811
0.193039
0.200416
0.209334
0.219803
0.227056
0.240028
0.252066
0.270004
0.301828
0.324586
0.355641
0.366142
0.378979
0.38446
0.380083
0.365862
0.34091
0.303776
0.275084
0.256112
0.256861
0.258125
0.263129
0.270097
0.276348
0.280713
0.284362
0.287049
0.28776
0.276603
0.277274
0.268398
0.262465
0.271931
0.264807
0.280372
0.287449
0.296015
0.299999
0.306502
0.31871
0.324961
0.328916
0.333012
0.340163
0.341008
0.341218
0.340304
0.342912
0.358579
0.371727
0.372536
0.353377
0.336733
0.304168
0.297092
0.287434
0.297451
0.31227
0.31342
0.331378
0.337775
0.354471
0.367255
0.375411
0.390216
0.399949
0.407233
0.414339
0.416263
0.414499
0.418044
0.416609
0.422176
0.429142
0.426598
0.421952
0.382879
0.319592
0.237379
0.190901
0.170636
0.16135
0.146416
0.148065
0.144206
0.144207
0.146572
0.15283
0.161814
0.161635
0.176209
0.186467
0.203698
0.20911
0.202844
0.214233
0.207849
0.201514
0.190246
0.187773
0.178495
0.176525
0.173908
0.179996
0.182519
0.185284
0.18983
0.194148
0.193483
0.194901
0.191014
0.183761
0.17822
0.173306
0.163109
0.161387
0.161701
0.155892
0.171928
0.177292
0.185469
0.195102
0.202998
0.214327
0.218086
0.222156
0.231579
0.234793
0.245557
0.245694
0.253043
0.255983
0.265971
0.271348
0.265275
0.254372
0.232401
0.220251
0.204969
0.209289
0.207793
0.213781
0.216253
0.219935
0.227119
0.23078
0.246269
0.251715
0.271925
0.27843
0.293032
0.297068
0.311269
0.31363
0.331787
0.331958
0.344112
0.351649
0.357838
0.362502
0.371393
0.380076
0.380532
0.387646
0.399187
0.396719
0.389044
0.357674
0.314201
0.268206
0.241076
0.233494
0.234458
0.238601
0.238603
0.244022
0.246295
0.255502
0.269241
0.264267
0.279558
0.290714
0.296022
0.301952
0.30393
0.321667
0.331443
0.330656
0.342661
0.330454
0.346487
0.329571
0.313185
0.286329
0.256957
0.215695
0.192177
0.170507
0.169943
0.182928
0.189207
0.196367
0.20021
0.212396
0.214024
0.216171
0.232422
0.230394
0.231079
0.217431
0.209252
0.213524
0.200299
0.191683
0.183677
0.181905
0.179016
0.19063
0.176101
0.183723
0.184018
0.190815
0.196615
0.197495
0.193044
0.202768
0.191429
0.169652
0.174343
0.17929
0.170232
0.169603
0.177053
0.154434
0.163715
0.178622
0.174349
0.172815
0.162542
0.174686
0.164149
0.18133
0.179936
0.197621
0.197668
0.211734
0.217505
0.21537
0.219699
0.22823
0.235166
0.239965
0.252867
0.25502
0.254965
0.256472
0.233374
0.233936
0.22567
0.241871
0.222251
0.21451
0.193072
0.192898
0.190823
0.190483
0.186756
0.203049
0.208051
0.203303
0.20381
0.201235
0.214567
0.204053
0.209279
0.216225
0.22571
0.21473
0.229617
0.23298
0.247909
0.270183
0.275257
0.290457
0.304841
0.302229
0.306918
0.313545
0.316034
0.300157
0.289396
0.256008
0.206193
0.184305
0.173849
0.181418
0.172717
0.165412
0.166299
0.183165
0.19063
0.180428
0.194394
0.193305
0.185607
0.185366
0.176902
0.183011
0.185123
0.182829
0.170345
0.172258
0.171751
0.170038
0.175788
0.17434
0.182087
0.186893
0.199483
0.207459
0.226577
0.257364
0.281802
0.317615
0.338228
0.342476
0.353244
0.350797
0.32988
0.297255
0.284258
0.268276
0.269278
0.256127
0.266701
0.29138
0.266197
0.274705
0.259648
0.262402
0.263179
0.259435
0.2585
0.255677
0.263443
0.264376
0.251862
0.226092
0.221239
0.208072
0.207641
0.215206
0.218914
0.232448
0.246335
0.233884
0.23619
0.218105
0.23067
0.228948
0.226001
0.216279
0.228773
0.236113
0.221095
0.222044
0.206117
0.230659
0.242147
0.211699
0.231898
0.244469
0.231599
0.212842
0.236768
0.225362
0.241558
0.231292
0.253506
0.239697
0.22843
0.251043
0.258207
0.252332
0.265073
0.285368
0.27842
0.290225
0.301385
0.308737
0.327089
0.34857
0.393341
0.44346
0.447975
0.459633
0.451257
0.380245
0.33752
0.303756
0.280547
0.234054
0.235441
0.273201
0.328089
0.377721
0.460376
0.540975
0.546639
0.568014
0.530304
0.464796
0.343309
0.281793
0.212437
0.207741
0.20064
0.191456
0.196858
0.209143
0.210972
0.215155
0.230627
0.227435
0.220264
0.225991
0.21515
0.221823
0.23063
0.238346
0.235403
0.250692
0.259075
0.247605
0.230397
0.211583
0.198173
0.178731
0.174409
0.188584
0.186063
0.17594
0.18569
0.153498
0.146444
0.153952
0.142684
0.160117
0.144783
0.14426
0.13814
0.156698
0.142576
0.156761
0.146073
0.170716
0.159031
0.185281
0.191573
0.187796
0.206878
0.18647
0.189161
0.212825
0.200128
0.206926
0.192112
0.189457
0.205213
0.181048
0.17531
0.185984
0.180851
0.185065
0.190497
0.197275
0.221747
0.220943
0.230959
0.225279
0.217476
0.232599
0.193338
0.197264
0.19417
0.169125
0.176502
0.169079
0.174859
0.183397
0.193284
0.1932
0.190657
0.18917
0.188464
0.191398
0.195743
0.197525
0.205673
0.215778
0.192314
0.20648
0.207276
0.195127
0.20727
0.191919
0.16657
0.14533
0.162365
0.168566
0.154443
0.156129
0.146319
0.174796
0.144391
0.13071
0.147409
0.148677
0.155918
0.133892
0.158741
0.152243
0.155957
0.126493
0.135329
0.175873
0.145861
0.137519
0.133391
0.151109
0.124365
0.120255
0.133979
0.120723
0.116974
0.108678
0.112771
0.12905
0.142255
0.146169
0.137009
0.143489
0.156474
0.181453
0.182372
0.195748
0.204531
0.219593
0.215991
0.206196
0.174828
0.158327
0.133691
0.095656
0.0838243
0.101077
0.091032
0.117907
0.107212
0.14957
0.149058
0.154789
0.159673
0.149621
0.164414
0.142119
0.168384
0.166378
0.152249
0.160465
0.166553
0.17522
0.200085
0.179527
0.193221
0.208122
0.203534
0.170519
0.1871
0.185156
0.18741
0.172609
0.163142
0.175833
0.199321
0.173114
0.204657
0.183985
0.162057
0.172142
0.174181
0.1734
0.174023
0.198955
0.187947
0.190526
0.192379
0.204601
0.164007
0.185302
0.153405
0.17684
0.139839
0.164199
0.154167
0.145613
0.142905
0.136339
0.126696
0.126769
0.112888
0.111686
0.0981232
0.0930434
0.0929799
0.0968285
0.085431
0.0845642
0.0799329
0.0781101
0.0643815
0.0796955
0.0705576
0.0720252
0.081369
0.0705178
0.0711317
0.0767536
0.0735237
0.0584171
0.0806124
0.0704392
0.075923
0.0599398
0.0559261
0.0631147
0.0491705
0.0599705
0.0601942
0.0677241
0.0766824
0.0698545
0.0661814
0.0765799
0.0669123
0.0794784
0.0801801
0.0724272
0.0725898
0.0722137
0.072139
0.0849002
0.0776484
0.0930459
0.094198
0.0923841
0.0869093
0.0817247
0.0670002
0.0665234
0.0656461
0.0596012
0.0496815
0.0408008
0.050364
0.0405046
0.0388692
0.0434687
0.048425
0.0502448
0.0489466
0.0597257
0.0622008
0.0614226
0.0692567
0.0601924
0.058478
0.0561568
0.0564437
0.0459536
0.0515336
0.0513968
0.0659825
0.0582613
0.0621345
0.0646354
0.0751972
0.0597296
0.0760229
0.0808515
0.0898346
0.110079
0.126841
0.140885
0.110857
0.116067
0.132928
0.106189
0.125234
0.140622
0.130451
0.111929
0.140975
0.133185
0.141177
0.129507
0.137484
0.145664
0.158309
0.14683
0.152267
0.195852
0.198399
0.187681
0.196899
0.197152
0.206865
0.22157
0.254725
0.258224
0.259744
0.252672
0.253241
0.230952
0.192957
0.148333
0.173281
0.123096
0.141987
0.152717
0.171215
0.148637
0.15492
0.154929
0.156744
0.196949
0.161626
0.166445
0.174575
0.207846
0.20353
0.181658
0.172872
0.170707
0.178111
0.16692
0.191319
0.2385
0.236466
0.242251
0.218674
0.237317
0.222449
0.221472
0.212394
0.187806
0.209525
0.193252
0.176123
0.133709
0.140039
0.123445
0.110883
0.109821
0.0879018
0.0925669
0.0704048
0.0519411
0.0426033
0.0425926
0.0175908
0.0158777
0.0084275
0.00954516
0.0137772
0.0142475
0.0238749
0.0217236
0.00755247
0.00889499
0.0100703
0.0142047
0.0128304
0.0188447
0.023721
0.0252522
0.0234718
0.0318848
0.0257198
0.0129692
0.00933948
0.0175809
0.00750225
0.00443652
0.00801356
0.00104003
0.00399181
0.00383081
0.00788899
0.00746644
0.00232069
0.000264594
0.00718743
0
0.000639183
0.00771457
0.0125592
0.0217012
0.0182085
0.0201374
0.01871
0.0179924
0.0203171
0.0126305
0.008078
0.0103431
0.0151417
0.0144755
0.0172928
0.0185016
0.0225056
0.0227733
0.0155377
0.0177446
0.0152996
0.0128503
0.0262268
0.0237966
0.0256585
0.0303616
0.0358779
0.0305104
0.0195947
0.0247418
0.0229612
0.0300619
0.0255476
0.0233555
0.0300278
0.024859
0.0306877
0.0272561
0.0329942
0.0293904
0.0229821
0.023868
0.0288463
0.0298397
0.0380692
0.0326528
0.038402
0.0449313
0.0364551
0.0413274
0.0338099
0.0317435
0.0327274
0.0346132
0.0263699
0.0283585
0.0309117
0.0308715
0.0281454
0.0344103
0.0322103
0.0291511
0.0266093
0.0326984
0.031159
0.0250688
0.0368796
0.0368549
0.0452989
0.0514668
0.0457681
0.0570249
0.047549
0.0584683
0.0628291
0.06458
0.0646355
0.0557113
0.0718747
0.0689348
0.0704401
0.0649035
0.0690709
0.0668987
0.0710211
0.0761052
0.0740833
0.0746822
0.0793388
0.0800627
0.0890299
0.0876199
0.100289
0.103289
0.104684
0.113721
0.0981439
0.117584
0.110447
0.12121
0.113283
0.117687
0.103296
0.114662
0.105559
0.121972
0.103192
0.115375
0.114258
0.112976
0.112554
0.113859
0.116935
0.120618
0.118963
0.133202
0.13676
0.139392
0.139857
0.138465
0.11801
0.119501
0.107971
0.09692
0.101776
0.0898001
0.100953
0.10001
0.0911679
0.0922454
0.0921859
0.10312
0.103806
0.089256
0.0923245
0.0977262
0.0924213
0.0961647
0.0954301
0.0942765
0.0930246
0.0895633
0.105185
0.0946512
0.0793949
0.0758679
0.0631563
0.0553866
0.0578383
0.0561805
0.0653059
0.0609889
0.0716552
0.0667575
0.0617681
0.0505319
0.0547219
0.0637077
0.0525184
0.0574116
0.0502061
0.0429537
0.0624213
0.0433964
0.0637043
0.0657368
0.0691859
0.0580908
0.0597083
0.057322
0.0516598
0.0499643
0.0463376
0.0437744
0.0214427
0.0273289
0.0268767
0.0185474
0.0084793
0.00855239
0.0168273
0.00456936
0.00892322
0.0113651
0.00966028
0.00672388
0.0147422
0.00889208
0.0213342
0.0102562
0.019253
0.0213516
0.0312182
0.0299183
0.0372681
0.039109
0.0418455
0.0448108
0.0510864
0.04325
0.0490039
0.0603229
0.0484933
0.044448
0.0382768
0.0427893
0.0333146
0.0223425
0.0246713
0.0156736
0.0242439
0.0212024
0.0230425
0.0190856
0.0147231
0.0206255
0.012332
0.0120648
0.0145197
0.0117691
0.0206566
0.0143906
0.0208366
0.0140201
0.0247237
0.0315888
0.0190615
0.0270768
0.025838
0.0236686
0.0255076
0.0283405
0.0228376
0.0182276
0.0170131
0.00940916
0.0196418
0.0220915
0.0182346
0.0165683
0.0205683
0.0149142
0.0171956
0.0272302
0.0161538
0.014954
0.0155416
0.0173941
0.0200683
0.0199871
0.0290487
0.0267108
0.0187211
0.0231474
0.0255807
0.0334373
0.0343541
0.0378636
0.0307991
0.0298123
0.0369841
0.0363133
0.0296193
0.0228535
0.0319765
0.0329774
0.0288065
0.0185534
0.0212811
0.0249284
0.0291219
0.0245913
0.0185063
0.0218753
0.0159874
0.0195243
0.0213017
0.025869
0.0201686
0.0256822
0.0298157
0.0214182
0.0305404
0.0296792
0.0357737
0.032286
0.0388746
0.0461064
0.0361247
0.0426792
0.0495347
0.0495199
0.0373637
0.0406792
0.0449602
0.0512944
0.0461498
0.0454511
0.0484974
0.0483498
0.038373
0.050673
0.0461686
0.0487036
0.0463804
0.0468123
0.0473565
0.0527145
0.0500429
0.0494494
0.0477691
0.0524573
0.056281
0.0541729
0.0544711
0.0550212
0.0674429
0.0624518
0.0645666
0.0847405
0.0932195
0.127502
0.207829
0.421487
0.675501
0.772313
0.795199
0.761842
0.639966
0.402658
0.193865
0.121541
0.103485
0.0844346
0.0803194
0.0837719
0.0805507
0.0759288
0.0747016
0.076485
0.078904
0.0806012
0.0724567
0.0697054
0.0778318
0.0711855
0.0750834
0.0671046
0.0746359
0.0708971
0.0695392
0.0733534
0.0655393
0.068391
0.0644865
0.0679676
0.0626087
0.0588853
0.056918
0.0606057
0.0642507
0.055393
0.0599076
0.052803
0.0625011
0.0649473
0.0663654
0.0568506
0.0662691
0.0679719
0.0637114
0.0706631
0.0692942
0.0672907
0.0684078
0.0688455
0.0701727
0.0679222
0.0746429
0.0742682
0.0716246
0.0725987
0.0723485
0.0699346
0.0726305
0.0761488
0.0743531
0.0717546
0.068386
0.075166
0.0694528
0.062334
0.0703291
0.0629257
0.0604112
0.0614259
0.0649749
0.0657536
0.0601158
0.061337
0.057803
0.0678216
0.0684501
0.0636793
0.0704484
0.0670972
0.0717033
0.0613128
0.0757507
0.0661536
0.0682797
0.0634552
0.0553835
0.0599923
0.0650006
0.0685147
0.0723911
0.0837738
0.0698092
0.0727286
0.0679082
0.0690176
0.0692891
0.0739399
0.0829607
0.0699344
0.0734696
0.0652034
0.0874731
0.0889723
0.0684107
0.0732274
0.0645797
0.0579311
0.0696792
0.0848892
0.0878493
0.0646594
0.0828408
0.07784
0.083487
0.0980331
0.0979354
0.0953124
0.0981074
0.0852089
0.0826706
0.0925224
0.0971763
0.0904736
0.102536
0.0993594
0.092378
0.0824084
0.0877854
0.0978459
0.086246
0.0885946
0.0796481
0.0951586
0.105918
0.104355
0.101662
0.0885864
0.0790633
0.104902
0.0997941
0.0828259
0.0867685
0.0971273
0.0986046
0.088857
0.0913557
0.0789997
0.101514
0.0764833
0.090015
0.0935911
0.113683
0.0955485
0.0905516
0.119824
0.127829
0.107475
0.12867
0.12286
0.106163
0.0802426
0.122013
0.130314
0.0832694
0.110317
0.129131
0.137755
0.119035
0.128037
0.161947
0.147395
0.139086
0.158443
0.139038
0.149069
0.127185
0.153094
0.137341
0.120218
0.13902
0.130977
0.113707
0.121988
0.111007
0.113612
0.111154
0.0969875
0.111439
0.120878
0.122571
0.104169
0.123303
0.129467
0.111838
0.109828
0.0936773
0.0946071
0.101061
0.0885343
0.0820124
0.0955387
0.102142
0.0808819
0.0925496
0.0878112
0.100263
0.103771
0.104332
0.118016
0.116456
0.117626
0.0775431
0.0866567
0.101256
0.11702
0.137926
0.120479
0.119462
0.12903
0.150215
0.122579
0.138265
0.110676
0.0764611
0.0879546
0.0748834
0.0651242
0.070827
0.0964683
0.0595872
0.063669
0.0896181
0.0819134
0.0754225
0.0846449
0.0828307
0.0800848
0.0879895
0.0799009
0.0792007
0.0993066
0.111082
0.107281
0.108348
0.117022
0.124574
0.14738
0.153982
0.157935
0.173096
0.185321
0.197899
0.221891
0.251787
0.250996
0.249628
0.246963
0.205347
0.151507
0.0708439
0.0808097
0.0746243
0.0731662
0.0613162
0.0752937
0.0772936
0.0766473
0.0726789
0.0624041
0.0778481
0.069551
0.068937
0.0681531
0.0595466
0.0602201
0.0556577
0.0558426
0.069576
0.0706347
0.0661927
0.0703148
0.0689003
0.0717634
0.0677284
0.0655688
0.0608204
0.0670842
0.0667755
0.0700391
0.0786957
0.0780027
0.0647072
0.074024
0.0742518
0.0688879
0.0652608
0.0713683
0.0673748
0.0715762
0.0679129
0.0767442
0.0729016
0.0635236
0.062357
0.081587
0.0670689
0.0701586
0.0820978
0.0736823
0.0716615
0.0735274
0.0701562
0.0664975
0.0672801
0.0687503
0.0796487
0.0674449
0.0679124
0.0717197
0.0678348
0.0560329
0.060227
0.0560194
0.0516467
0.0648245
0.0480447
0.0705841
0.0637183
0.0705
0.0631371
0.0707451
0.0647019
0.0587836
0.0579513
0.0687023
0.0664936
0.072557
0.0682852
0.067581
0.0663933
0.0573214
0.0640098
0.0602044
0.0543826
0.0634178
0.0581305
0.0655864
0.0694428
0.0659469
0.0639227
0.0676724
0.0643349
0.0685745
0.0675918
0.0760216
0.0794155
0.0783245
0.0745655
0.0706036
0.0726746
0.0884896
0.0958821
0.0999913
0.0937879
0.0980145
0.098582
0.103129
0.109647
0.115835
0.131404
0.129389
0.121247
0.104397
0.10497
0.0906016
0.0793408
0.0721161
0.0578927
0.0565781
0.0603405
0.0606864
0.0651009
0.0631733
0.0622635
0.0668063
0.0678393
0.0678807
0.0622851
0.0572103
0.0631997
0.0691069
0.070517
0.0696235
0.0697019
0.0850155
0.083109
0.0775179
0.0854822
0.0849999
0.0929123
0.100122
0.100534
0.108449
0.118762
0.129225
0.138558
0.149471
0.158896
0.167428
0.175194
0.184593
0.170408
0.161524
0.155287
0.144427
0.128078
0.118096
0.112033
0.0965719
0.0935729
0.085923
0.0948826
0.0868993
0.0887721
0.0879784
0.0745005
0.0835414
0.0930733
0.0889264
0.100683
0.0990778
0.102462
0.0878714
0.0935743
0.0961609
0.110865
0.109133
0.114617
0.113384
0.119093
0.129198
0.134061
0.135883
0.129567
0.145193
0.146466
0.156178
0.163057
0.181163
0.178256
0.185758
0.205056
0.215736
0.209491
0.203532
0.195415
0.178096
0.166013
0.151242
0.135146
0.126001
0.114607
0.112871
0.100922
0.106193
0.0979095
0.103076
0.11113
0.104781
0.108025
0.110172
0.103876
0.0974026
0.106359
0.0817344
0.0838625
0.0975524
0.0851196
0.0745396
0.0888222
0.0934373
0.0791198
0.0814021
0.0943285
0.081321
0.0769228
0.0916156
0.0819232
0.0857632
0.0867134
0.0801618
0.0813695
0.0875911
0.0846742
0.0816084
0.0850504
0.0818437
0.0882739
0.0862886
0.0926685
0.0852243
0.0868506
0.093311
0.0877239
0.0939176
0.0922765
0.0838591
0.0916141
0.0914088
0.0930716
0.0962475
0.0917531
0.08261
0.0898749
0.0923352
0.0930453
0.0925987
0.0875749
0.100895
0.087132
0.0905258
0.0852726
0.087136
0.0852043
0.0803767
0.0791266
0.0820276
0.0798016
0.0820612
0.0872766
0.0783087
0.0869045
0.0823742
0.0905359
0.0850992
0.107778
0.115257
0.136671
0.144148
0.124135
0.146102
0.152297
0.153263
0.148119
0.151088
0.161
0.194055
0.193819
0.188949
0.183219
0.191538
0.180022
0.18403
0.1649
0.158422
0.151925
0.140743
0.134587
0.137232
0.109134
0.115329
0.120458
0.128235
0.134967
0.131998
0.146228
0.143531
0.144646
0.153827
0.160927
0.157312
0.169697
0.16889
0.171037
0.172623
0.174527
0.168312
0.189774
0.166887
0.166373
0.165056
0.160626
0.158007
0.158215
0.130964
0.155915
0.122187
0.118126
0.119518
0.128219
0.131094
0.153504
0.148061
0.150336
0.129152
0.143927
0.151379
0.180292
0.150799
0.159508
0.16802
0.195435
0.181376
0.208213
0.216523
0.199971
0.19662
0.191023
0.190228
0.202713
0.203389
0.20289
0.230726
0.225131
0.22373
0.238503
0.222227
0.222886
0.233379
0.244385
0.237711
0.241151
0.253953
0.261903
0.234302
0.234647
0.234388
0.232168
0.218387
0.222866
0.231817
0.208124
0.20471
0.18259
0.178352
0.147994
0.136517
0.138915
0.132458
0.140891
0.125858
0.117796
0.102397
0.127665
0.121262
0.132136
0.107589
0.13984
0.177743
0.160154
0.130007
0.164909
0.154024
0.191822
0.131786
0.17764
0.220398
0.171846
0.185059
0.192385
0.182225
0.213096
0.225888
0.264859
0.186672
0.22942
0.27017
0.257582
0.258154
0.24581
0.267989
0.271134
0.295547
0.298002
0.299165
0.347777
0.325227
0.313864
0.316899
0.297978
0.317988
0.307006
0.293375
0.263885
0.286882
0.266764
0.248109
0.204729
0.165388
0.173016
0.16185
0.148653
0.147006
0.122916
0.131174
0.0957988
0.087563
0.103415
0.0951942
0.126539
0.0993332
0.117273
0.107723
0.118112
0.0899852
0.0899367
0.0784238
0.11494
0.105428
0.126292
0.0986477
0.129266
0.104511
0.116849
0.100496
0.133858
0.124737
0.0967745
0.161212
0.132916
0.184697
0.170138
0.089368
0.137818
0.129464
0.11203
0.120389
0.1401
0.0827098
0.109092
0.163533
0.152257
0.0940016
0.100112
0.148969
0.0971729
0.149013
0.115244
0.193037
0.153331
0.13336
0.165119
0.131974
0.144902
0.103616
0.127438
0.136415
0.130762
0.13789
0.14898
0.132805
0.136581
0.107669
0.150886
0.135282
0.150558
0.144065
0.120828
0.153321
0.153556
0.120012
0.100507
0.111213
0.11124
0.143235
0.0967989
0.0808667
0.158984
0.0628709
0.064718
0.0982923
0.18368
0.133374
0.0786724
0.115311
0.123615
0.109766
0.104661
0.0938998
0.114238
0.0865886
0.125803
0.11095
0.176638
0.109117
0.122554
0.125235
0.12831
0.127991
0.17014
0.158422
0.124727
0.160571
0.15746
0.18182
0.112839
0.156778
0.109991
0.128699
0.157328
0.12491
0.127414
0.181436
0.151886
0.189912
0.162987
0.146261
0.174566
0.161423
0.135215
0.166745
0.187133
0.155857
0.15152
0.115026
0.148303
0.145002
0.116302
0.150123
0.108023
0.142668
0.142868
0.0797954
0.0984416
0.0811304
0.105989
0.0691627
0.0678611
0.0680429
