0.17042
0.176959
0.171785
0.176101
0.182787
0.181342
0.194036
0.194366
0.195806
0.209248
0.21446
0.211649
0.219773
0.219019
0.22988
0.227903
0.238948
0.235082
0.24085
0.239784
0.236066
0.228422
0.239216
0.240997
0.251487
0.259438
0.270604
0.273403
0.282394
0.283537
0.284554
0.294739
0.295524
0.30317
0.30297
0.309746
0.306771
0.309907
0.306797
0.297899
0.288138
0.290915
0.296787
0.303194
0.312818
0.325724
0.328963
0.337675
0.341384
0.34443
0.337782
0.308326
0.289527
0.285772
0.285505
0.287166
0.308996
0.362962
0.371049
0.350007
0.332797
0.277982
0.242476
0.227555
0.197178
0.191878
0.169595
0.1661
0.159355
0.154324
0.157717
0.144028
0.149172
0.145543
0.142931
0.141177
0.142803
0.13881
0.143551
0.162998
0.157227
0.166159
0.162333
0.16156
0.163291
0.161852
0.168224
0.172016
0.177756
0.183479
0.190605
0.200985
0.206728
0.221105
0.238299
0.252116
0.276011
0.295409
0.299937
0.316768
0.320468
0.313863
0.31329
0.28659
0.261003
0.234417
0.231636
0.224561
0.226284
0.231951
0.237504
0.238998
0.245445
0.245035
0.242661
0.24247
0.236097
0.223911
0.230392
0.215019
0.218795
0.22942
0.236553
0.244216
0.255532
0.26127
0.265615
0.26813
0.277304
0.281502
0.287359
0.288431
0.290785
0.288324
0.287289
0.288589
0.306059
0.308836
0.308534
0.298683
0.286165
0.263323
0.256801
0.244664
0.247047
0.256999
0.269807
0.282466
0.282658
0.295452
0.305895
0.316269
0.325131
0.334245
0.338674
0.345698
0.349786
0.352018
0.351884
0.352484
0.352676
0.359808
0.359202
0.348753
0.320489
0.268087
0.211961
0.180613
0.150892
0.143627
0.142064
0.135243
0.133824
0.135941
0.132752
0.140668
0.143428
0.146008
0.152893
0.166146
0.168646
0.180512
0.187059
0.177107
0.17738
0.1738
0.169561
0.164503
0.165781
0.161519
0.15481
0.16122
0.1645
0.164313
0.170096
0.169774
0.180073
0.169449
0.168894
0.166267
0.153276
0.144529
0.132939
0.133784
0.135867
0.142174
0.154948
0.15974
0.163137
0.168841
0.180704
0.184398
0.197693
0.206771
0.201815
0.204133
0.209637
0.214102
0.22112
0.225363
0.230621
0.227167
0.229833
0.216183
0.193691
0.180668
0.169892
0.184692
0.177731
0.186957
0.18363
0.192801
0.196622
0.197112
0.210394
0.217515
0.227033
0.241086
0.250949
0.260818
0.262313
0.268702
0.275314
0.288436
0.290235
0.297794
0.306373
0.305256
0.310617
0.3154
0.316271
0.325348
0.327463
0.331721
0.326858
0.29491
0.263406
0.2284
0.2012
0.210687
0.207856
0.199453
0.192372
0.211777
0.215844
0.208899
0.213632
0.222227
0.231054
0.24396
0.254803
0.259277
0.26386
0.274736
0.275003
0.288243
0.273357
0.290563
0.285396
0.287563
0.269803
0.246762
0.221357
0.185871
0.164573
0.147755
0.1633
0.161738
0.16314
0.175914
0.189011
0.183028
0.181866
0.206652
0.203623
0.197173
0.186232
0.189096
0.197294
0.194064
0.180609
0.181904
0.172044
0.169609
0.165782
0.15941
0.160669
0.159692
0.165543
0.175674
0.170642
0.176045
0.179987
0.177555
0.167221
0.155815
0.151171
0.154697
0.160888
0.151159
0.1448
0.153444
0.152603
0.143666
0.142409
0.165144
0.156636
0.157025
0.166087
0.158825
0.156938
0.179471
0.167853
0.180014
0.18183
0.196246
0.189791
0.2004
0.198088
0.210325
0.215977
0.213724
0.217974
0.215485
0.202336
0.201107
0.181226
0.191447
0.182457
0.174201
0.17522
0.151977
0.162386
0.167194
0.172259
0.174302
0.16625
0.176857
0.162718
0.179978
0.175367
0.183107
0.18214
0.188266
0.201851
0.20137
0.1984
0.212095
0.215749
0.226598
0.231739
0.253165
0.267569
0.259236
0.262168
0.268228
0.271142
0.264008
0.226923
0.210945
0.196459
0.173097
0.15237
0.146335
0.136386
0.145866
0.151251
0.146741
0.151539
0.169583
0.17376
0.153104
0.176044
0.157787
0.163375
0.165758
0.157423
0.157201
0.151423
0.157121
0.15619
0.160303
0.15226
0.162769
0.162366
0.165221
0.167771
0.183002
0.208562
0.220255
0.252574
0.267468
0.275018
0.280366
0.290449
0.292887
0.275348
0.263346
0.241407
0.210752
0.229518
0.219717
0.230877
0.215578
0.222425
0.23413
0.223459
0.22575
0.216295
0.231838
0.224925
0.228391
0.232386
0.224514
0.221245
0.208985
0.189717
0.176146
0.179577
0.186982
0.199416
0.191084
0.196183
0.200924
0.188722
0.201397
0.189866
0.199883
0.1923
0.189599
0.192782
0.182617
0.181411
0.192772
0.199122
0.1988
0.191997
0.184793
0.208684
0.189077
0.209623
0.181736
0.206217
0.206576
0.200004
0.224419
0.210333
0.21758
0.218235
0.220428
0.221734
0.223484
0.223819
0.230861
0.245295
0.256796
0.253619
0.26599
0.274728
0.307589
0.340607
0.362533
0.359325
0.369455
0.342671
0.337392
0.280121
0.234825
0.238228
0.190368
0.217019
0.269838
0.282642
0.332549
0.409879
0.443099
0.479011
0.4779
0.455921
0.392225
0.320478
0.229802
0.187756
0.189968
0.187096
0.172364
0.166657
0.170426
0.178136
0.199081
0.186454
0.19463
0.200981
0.190098
0.191117
0.209167
0.195996
0.212819
0.224546
0.211294
0.216401
0.206096
0.203034
0.191874
0.169022
0.154966
0.152941
0.152312
0.162095
0.168221
0.170539
0.138269
0.133179
0.130791
0.115514
0.134437
0.120154
0.136636
0.133367
0.157754
0.132027
0.149974
0.138303
0.135414
0.16402
0.153696
0.153463
0.186338
0.162471
0.147904
0.183877
0.185879
0.169172
0.18653
0.180315
0.156861
0.172387
0.153884
0.158956
0.151139
0.164408
0.162619
0.165964
0.17392
0.177137
0.184841
0.185078
0.203557
0.20309
0.180716
0.167967
0.168182
0.161727
0.169315
0.145523
0.152042
0.162904
0.171429
0.157117
0.151768
0.162036
0.162102
0.170718
0.175935
0.168685
0.169392
0.174151
0.173143
0.169059
0.174862
0.196827
0.18816
0.156315
0.150854
0.143949
0.142507
0.146371
0.151038
0.133019
0.138296
0.120205
0.155804
0.149377
0.141302
0.145848
0.155078
0.10526
0.140543
0.133924
0.135736
0.141762
0.122555
0.130738
0.141788
0.133297
0.135595
0.12291
0.117961
0.10809
0.114936
0.106151
0.105872
0.0946521
0.105021
0.100789
0.102777
0.114799
0.11985
0.131747
0.131866
0.141767
0.147109
0.14965
0.147277
0.165166
0.175472
0.177587
0.163112
0.161454
0.13536
0.116057
0.0822311
0.0922797
0.0753736
0.0781731
0.0868795
0.099812
0.0987795
0.130595
0.123258
0.143251
0.16089
0.167314
0.135725
0.143156
0.133426
0.150082
0.129965
0.133832
0.140566
0.139325
0.145958
0.172978
0.176795
0.165271
0.160331
0.16228
0.158133
0.162164
0.163537
0.156913
0.1479
0.160881
0.166798
0.145417
0.174289
0.153606
0.171793
0.145184
0.144376
0.165599
0.158298
0.150995
0.17381
0.155094
0.15668
0.13058
0.155261
0.137202
0.119133
0.134521
0.14479
0.125304
0.139612
0.138679
0.115882
0.118479
0.112771
0.0996631
0.0901235
0.0944113
0.087353
0.0813319
0.0917055
0.0687144
0.0874
0.0945448
0.0707822
0.0672078
0.0769614
0.0582737
0.061107
0.0692468
0.0605853
0.0643901
0.0699129
0.0561774
0.0614696
0.0713525
0.0680364
0.0449863
0.0483487
0.0451736
0.049359
0.0491515
0.0579792
0.0545499
0.0622821
0.0751994
0.0666528
0.0603654
0.0589105
0.0597463
0.0635318
0.0565865
0.0668961
0.0697099
0.065639
0.0664837
0.0748266
0.0650572
0.0735908
0.0724138
0.0750976
0.0704839
0.0697508
0.0655235
0.0652149
0.0587731
0.0557071
0.0448442
0.0420447
0.0376584
0.0477521
0.0394458
0.0442656
0.053385
0.052029
0.0640405
0.0656616
0.0413325
0.0665882
0.0752287
0.05207
0.0587213
0.0518983
0.0598221
0.0509747
0.0493783
0.0528807
0.042678
0.0475886
0.0559082
0.0675627
0.0569305
0.0747059
0.0688228
0.0589546
0.0727748
0.0985673
0.104145
0.125623
0.11298
0.101766
0.107479
0.105832
0.112122
0.107028
0.11025
0.112948
0.116374
0.124702
0.116508
0.106043
0.125458
0.109045
0.125258
0.14501
0.148661
0.148759
0.146639
0.144788
0.158633
0.171864
0.168084
0.196111
0.189561
0.194393
0.211641
0.225156
0.197778
0.200483
0.177998
0.122937
0.142582
0.108234
0.126199
0.159987
0.164692
0.133431
0.145104
0.130769
0.152905
0.164411
0.149124
0.137349
0.178829
0.14863
0.169621
0.150838
0.161398
0.165199
0.179289
0.161826
0.165482
0.166562
0.182612
0.217029
0.226463
0.214409
0.191861
0.200783
0.164078
0.176238
0.177098
0.151087
0.153862
0.13619
0.128237
0.121575
0.104117
0.0775549
0.083988
0.0682016
0.0642891
0.0631439
0.0480251
0.0367742
0.0206179
0.026613
0.0102726
0.0234215
0.0102783
0.0191061
0.0245436
0.019622
0.0137925
0.0194668
0.016273
0.0212444
0.0198733
0.0258609
0.0211032
0.0278404
0.0277476
0.0365946
0.0287692
0.0253772
0.0162637
0.0111991
0.00926132
0.0119904
0
0.00695899
0.00696687
0.00831426
0.0120126
0.0140885
0.00916578
0.0157994
0.00494422
0.00575075
0.00905514
0.0110628
0.0145007
0.0191097
0.0180771
0.0197595
0.0187569
0.0186445
0.0163782
0.0122654
0.014512
0.0121585
0.0193642
0.0163775
0.018807
0.0196322
0.0114961
0.0212244
0.0214412
0.0156254
0.0140193
0.0210827
0.023712
0.0223993
0.0278529
0.0263567
0.0340993
0.0350279
0.0330713
0.0351794
0.0295506
0.0273331
0.0258544
0.0272644
0.0226776
0.0261941
0.0291187
0.0341847
0.0315019
0.0277303
0.030954
0.0224176
0.0290627
0.0344103
0.032878
0.0376957
0.0347103
0.0344626
0.0370427
0.0332107
0.0351264
0.0263252
0.0297825
0.0236499
0.0248806
0.0250733
0.0249507
0.0282574
0.0283628
0.0321492
0.0304104
0.0326437
0.0291217
0.0287357
0.0332436
0.0240312
0.030198
0.035645
0.0352587
0.0425153
0.0476493
0.0462018
0.050782
0.0476599
0.0611203
0.0499127
0.0607226
0.0641021
0.0571397
0.0554396
0.0580875
0.0569057
0.0611356
0.0618216
0.060396
0.0650536
0.0648185
0.0717429
0.0683371
0.0717501
0.0779932
0.0787668
0.0826932
0.0919999
0.0889962
0.0878617
0.106693
0.102321
0.108252
0.0986333
0.104995
0.0968531
0.0907954
0.103974
0.0938789
0.101366
0.102803
0.0954127
0.0988173
0.0970513
0.0989125
0.0979318
0.0958225
0.0943641
0.0965706
0.106243
0.118299
0.124447
0.133748
0.109506
0.108023
0.099313
0.0832261
0.0939735
0.0856991
0.0887183
0.0877844
0.0827853
0.0820741
0.0819362
0.0838833
0.0851253
0.0855422
0.0761027
0.0890569
0.0861071
0.0659853
0.0831474
0.0968324
0.0850786
0.0854379
0.101069
0.0815657
0.0723326
0.0744046
0.0726188
0.0766282
0.0662617
0.0513258
0.043061
0.0601545
0.0613318
0.0371093
0.0452699
0.0553876
0.0440442
0.0468817
0.0479854
0.0494682
0.0515204
0.0528531
0.0352587
0.0464478
0.0530865
0.0486518
0.0395874
0.045139
0.045227
0.0501754
0.0552385
0.0509161
0.056178
0.0497158
0.0432866
0.0389703
0.0217869
0.0175746
0.0242987
0.0300968
0.0240445
0.0160162
0.0174134
0.0173259
0.0205986
0.0122199
0.00613633
0.0145934
0.0102833
0.0164394
0.00917424
0.0334387
0.0262681
0.0186023
0.00877576
0.0327874
0.0400091
0.0483181
0.0332232
0.0592994
0.0461239
0.0408903
0.0437852
0.0309412
0.0505314
0.0349076
0.0306843
0.0355536
0.0240651
0.0287845
0.0259021
0.0244797
0.0197889
0.0172041
0.028336
0.026614
0.0223986
0.019833
0.0110456
0.0150184
0.0195304
0.0164275
0.00656724
0.0137669
0.0149126
0.0182909
0.0219096
0.0204793
0.0195245
0.0249403
0.0214455
0.0200594
0.0308678
0.0160196
0.0305328
0.0155765
0.0275584
0.0186604
0.017199
0.0257839
0.00919003
0.0130772
0.0217548
0.0211615
0.0229064
0.0186556
0.018774
0.0190879
0.0162066
0.0223776
0.0134024
0.0267316
0.0266909
0.0276418
0.0266351
0.0205417
0.0216278
0.0364282
0.0397569
0.0431288
0.037217
0.0471694
0.0299373
0.036311
0.0359676
0.0317125
0.0250613
0.0301008
0.024718
0.0276179
0.0214726
0.0271547
0.0233869
0.0199437
0.0233806
0.0226088
0.0177099
0.0251861
0.0225255
0.0281598
0.0182735
0.0218366
0.0312895
0.0263633
0.0309376
0.0331022
0.0375163
0.0389023
0.0347087
0.0338544
0.0360265
0.039532
0.0456588
0.0458169
0.0501815
0.0454307
0.0370165
0.0437542
0.0418136
0.0361218
0.0455743
0.0434717
0.0448173
0.0356279
0.0340979
0.0445403
0.0421154
0.0404848
0.0437552
0.0406355
0.0479629
0.0422955
0.0461686
0.0432255
0.0421461
0.0515029
0.0477118
0.0556546
0.0580137
0.0595128
0.0630805
0.0851789
0.104462
0.17203
0.350196
0.547505
0.653211
0.667546
0.647037
0.551726
0.344943
0.1757
0.112236
0.0899084
0.0805472
0.0737443
0.0714715
0.0673265
0.0717701
0.0665519
0.0677637
0.0650888
0.0689639
0.0670185
0.0629602
0.0560572
0.0592521
0.0625561
0.063997
0.0661597
0.0560262
0.0619509
0.0619737
0.0606108
0.0590282
0.0569579
0.0543403
0.0443863
0.054692
0.0592718
0.0586663
0.0570594
0.0533815
0.0598743
0.0510951
0.0519869
0.064163
0.0574395
0.0514006
0.0584406
0.0593056
0.0608832
0.0662953
0.0684539
0.0605179
0.0661389
0.0627773
0.0663475
0.0583914
0.068242
0.0620877
0.0646825
0.0619647
0.0619943
0.0633624
0.0598935
0.0673213
0.0630806
0.0611372
0.0655911
0.0654887
0.0590228
0.0590812
0.0660163
0.0576703
0.0595374
0.0476445
0.0536634
0.0680114
0.0606141
0.0612863
0.060682
0.0529998
0.0580498
0.0554432
0.062105
0.0560689
0.0605832
0.0633966
0.0574121
0.0567802
0.0575355
0.0606959
0.0497477
0.0518959
0.0529904
0.0640022
0.055952
0.0613844
0.0583946
0.0624363
0.0607536
0.0640551
0.0610436
0.0701814
0.0640885
0.0590004
0.0629174
0.0712015
0.0644239
0.0733762
0.0685077
0.0584698
0.074439
0.0644632
0.0639336
0.0774408
0.0707033
0.0849151
0.0713919
0.0796851
0.0783488
0.0718856
0.086618
0.0785844
0.0674428
0.0832657
0.0833515
0.0822447
0.0830858
0.0783555
0.0863189
0.0877331
0.086153
0.0709438
0.0762474
0.0761417
0.0812733
0.0819437
0.0742068
0.0884245
0.0693561
0.0925694
0.0692075
0.0752044
0.0853141
0.080455
0.0716534
0.0825566
0.0884913
0.0929636
0.0972147
0.091708
0.0683454
0.102925
0.0894742
0.0901101
0.0922342
0.121367
0.0812198
0.0771414
0.0969724
0.103646
0.10142
0.0897858
0.0892139
0.097992
0.119189
0.121983
0.0928318
0.135392
0.0998744
0.105858
0.0905503
0.10009
0.121991
0.139214
0.151955
0.110011
0.110529
0.131132
0.13603
0.140717
0.136134
0.125625
0.105109
0.105338
0.0959514
0.0968234
0.119359
0.107955
0.105041
0.109112
0.11643
0.0985915
0.116643
0.105112
0.0838362
0.104628
0.113186
0.100812
0.107353
0.0878612
0.09761
0.0878667
0.0737551
0.0795221
0.0994799
0.111866
0.0962014
0.0941654
0.103932
0.0965499
0.0961842
0.0997094
0.0850049
0.0756581
0.086007
0.0716362
0.0616388
0.106376
0.107419
0.118163
0.107202
0.100246
0.116465
0.124019
0.131026
0.131995
0.116049
0.0991655
0.0812296
0.0779774
0.0837741
0.0819488
0.0796875
0.0714046
0.0619986
0.075157
0.0769675
0.0750729
0.0638031
0.0676699
0.0764221
0.0684766
0.0751279
0.0727456
0.0787168
0.0785889
0.0987027
0.103636
0.0990553
0.103694
0.119011
0.115273
0.125875
0.145433
0.15157
0.170024
0.177886
0.192995
0.217625
0.230198
0.226821
0.21551
0.183643
0.117679
0.0716808
0.0707603
0.079476
0.0578029
0.0531277
0.0610767
0.0692881
0.0469343
0.0616475
0.0527398
0.0616079
0.0524576
0.0597985
0.0585993
0.0494041
0.0832934
0.0575812
0.0616373
0.0663026
0.0679919
0.0551152
0.0711138
0.069617
0.0612945
0.0639898
0.0690438
0.0611775
0.0599034
0.0602219
0.062999
0.0592502
0.0679573
0.0583451
0.0733295
0.0650597
0.070261
0.0580144
0.0582942
0.0688687
0.0625723
0.0595575
0.0583075
0.0693755
0.0626184
0.0685169
0.061036
0.0682917
0.0651535
0.0633345
0.0645041
0.0628305
0.059221
0.0589538
0.0636159
0.0584464
0.0554796
0.0524062
0.0522253
0.0552027
0.0541436
0.059584
0.053747
0.0543374
0.0417036
0.0587927
0.0581436
0.0539982
0.0496322
0.0601312
0.0618569
0.0503597
0.0533138
0.0555782
0.0607598
0.0501997
0.0564119
0.0638421
0.0643344
0.0582399
0.0628866
0.0491932
0.0586446
0.0468323
0.0554492
0.0488965
0.0428598
0.0590004
0.0609965
0.0587582
0.0560361
0.0551549
0.0601588
0.057772
0.0573029
0.0643294
0.0679378
0.0683019
0.0702304
0.0704821
0.0628461
0.07164
0.0696928
0.081586
0.0859163
0.0916612
0.0854781
0.0943352
0.0933174
0.100633
0.101548
0.109574
0.111948
0.11644
0.101778
0.0998232
0.0779689
0.0693923
0.067713
0.0474186
0.0555239
0.0513347
0.0595077
0.0546992
0.0602774
0.0550606
0.0587045
0.0516085
0.0618725
0.0533982
0.0593977
0.0589009
0.0671496
0.0630024
0.0650717
0.0688386
0.0675787
0.064234
0.0718026
0.0750315
0.0843854
0.0900037
0.0929339
0.0836748
0.0965192
0.0968647
0.110586
0.118324
0.129292
0.149046
0.145833
0.154585
0.16366
0.143724
0.146052
0.129673
0.124643
0.109643
0.111985
0.0834224
0.0946849
0.0777263
0.0848849
0.0855421
0.074741
0.0799816
0.0840591
0.0838571
0.0749468
0.0777216
0.0771124
0.0810153
0.0791434
0.0885293
0.0894166
0.0963503
0.0943239
0.097478
0.086004
0.102997
0.095077
0.101926
0.103466
0.107351
0.117731
0.12395
0.117382
0.130525
0.134139
0.137474
0.147636
0.149776
0.169506
0.172897
0.180924
0.171437
0.175913
0.172827
0.158126
0.144679
0.130587
0.115307
0.110473
0.0942718
0.0899527
0.0836367
0.0833681
0.0967753
0.0912741
0.0836381
0.08532
0.0946931
0.0899632
0.0869403
0.0907946
0.094301
0.0720997
0.0814773
0.0677464
0.0696337
0.0789597
0.0785056
0.0776433
0.0890364
0.078149
0.0745254
0.0711585
0.078013
0.0690604
0.0842382
0.0749468
0.0723378
0.0717371
0.0802328
0.0711392
0.072825
0.0763696
0.0760038
0.080098
0.0734358
0.071207
0.0766692
0.0804482
0.0779008
0.069712
0.0759399
0.0740604
0.0786152
0.0788762
0.0766279
0.0774434
0.0736382
0.0796989
0.0792476
0.0736468
0.0694752
0.0783658
0.08107
0.0837085
0.0706436
0.0834894
0.0863034
0.0764072
0.0715557
0.0838088
0.0841708
0.0790042
0.0843268
0.0816894
0.0835887
0.0882797
0.0789655
0.0867221
0.0850376
0.0963835
0.0922291
0.0965778
0.0928593
0.10611
0.118087
0.11551
0.114323
0.118675
0.126426
0.129482
0.161111
0.143221
0.129282
0.145719
0.16667
0.158879
0.156277
0.160086
0.17333
0.158474
0.148338
0.140979
0.125711
0.119672
0.117208
0.109569
0.0979335
0.0962041
0.106323
0.114562
0.11997
0.131146
0.120536
0.13001
0.129101
0.132523
0.153536
0.144775
0.151019
0.161748
0.163662
0.146076
0.143661
0.149594
0.159546
0.169268
0.146675
0.148666
0.128903
0.127036
0.127137
0.127204
0.14446
0.0959576
0.110018
0.125132
0.14968
0.118906
0.145878
0.137292
0.141164
0.0950328
0.138462
0.184566
0.135979
0.146138
0.173382
0.182702
0.164403
0.130905
0.149647
0.161935
0.164047
0.150052
0.165835
0.159015
0.183721
0.17788
0.171322
0.20362
0.187512
0.200742
0.213144
0.217043
0.222062
0.198853
0.216318
0.22134
0.221954
0.216311
0.227295
0.222948
0.211878
0.210464
0.21048
0.206122
0.20784
0.188427
0.168982
0.174758
0.170683
0.141296
0.113041
0.122617
0.154116
0.121416
0.0929361
0.0897172
0.117707
0.111607
0.102943
0.127563
0.115051
0.0873774
0.107579
0.106979
0.0986487
0.110585
0.151391
0.118207
0.156154
0.15155
0.175805
0.138292
0.14919
0.157463
0.238558
0.184887
0.194325
0.176569
0.229977
0.203871
0.214086
0.2114
0.24096
0.225181
0.23106
0.238416
0.239739
0.266635
0.246069
0.253589
0.243385
0.283305
0.271923
0.273075
0.280618
0.266073
0.256532
0.253482
0.263333
0.23469
0.231576
0.198375
0.173565
0.167334
0.160898
0.124684
0.133489
0.162133
0.0626571
0.0984324
0.112951
0.0999903
0.132779
0.105112
0.0730044
0.0811529
0.11938
0.0705743
0.0347362
0.0827609
0.103821
0.12614
0.121359
0.129773
0.136031
0.0842907
0.0912702
0.0833796
0.104179
0.118327
0.130242
0.0998895
0.146441
0.149206
0.15834
0.0979759
0.100188
0.115844
0.144733
0.101093
0.168495
0.130488
0.156189
0.125348
0.106564
0.123563
0.0689241
0.0725103
0.175482
0.129298
0.160931
0.10979
0.111923
0.1244
0.0689875
0.116239
0.118154
0.128286
0.122576
0.166442
0.163889
0.133154
0.1303
0.124044
0.131342
0.15112
0.128898
0.121833
0.14506
0.174878
0.125319
0.121403
0.134023
0.119002
0.148246
0.120406
0.0992018
0.130656
0.139503
0.11981
0.154138
0.114788
0.127533
0.0628055
0.0586629
0.146264
0.111449
0.116755
0.103241
0.121308
0.115477
0.126507
0.120407
0.146517
0.157061
0.148789
0.113902
0.14153
0.0814694
0.0774665
0.107267
0.102064
0.127922
0.102478
0.0995608
0.0911091
0.115368
0.124197
0.134894
0.193494
0.125846
0.133505
0.128342
0.167987
0.0734229
0.163757
0.164062
0.134639
0.127909
0.140036
0.154377
0.166233
0.144923
0.167542
0.184051
0.104815
0.185166
0.121887
0.160557
0.141308
0.117546
0.159179
0.135751
0.107147
0.139483
0.15966
0.10251
0.120492
0.0734817
0.0943603
0.0815852
0.107381
0.0718763
0.0660743
