0.225179
0.224474
0.224435
0.229492
0.227327
0.223306
0.234378
0.230283
0.227656
0.242553
0.250457
0.253438
0.264607
0.273005
0.281895
0.291215
0.298188
0.305313
0.307748
0.312484
0.30809
0.297524
0.293187
0.293461
0.295192
0.307785
0.316549
0.324622
0.334859
0.33883
0.34791
0.358756
0.36512
0.374304
0.381229
0.393759
0.400351
0.407447
0.405878
0.393282
0.374756
0.363499
0.358071
0.366719
0.374053
0.388714
0.394775
0.409334
0.413167
0.415555
0.410812
0.37925
0.357734
0.354098
0.35423
0.355123
0.380333
0.469529
0.486305
0.465836
0.438305
0.370635
0.297425
0.283901
0.243999
0.23797
0.21458
0.210949
0.197471
0.191026
0.188405
0.175397
0.172474
0.171843
0.173353
0.173967
0.178211
0.178859
0.184345
0.190199
0.194556
0.190911
0.19581
0.188554
0.192177
0.190078
0.192619
0.196135
0.203941
0.218674
0.226036
0.241182
0.251215
0.271239
0.282054
0.30555
0.32555
0.338723
0.35711
0.365304
0.375339
0.374174
0.375821
0.34741
0.313228
0.286614
0.267823
0.266396
0.274419
0.279228
0.289127
0.297354
0.306831
0.313508
0.317099
0.316591
0.30888
0.291734
0.279633
0.276886
0.27708
0.277279
0.291104
0.301917
0.304335
0.312851
0.321989
0.322851
0.333789
0.339554
0.346349
0.35203
0.357583
0.356528
0.356978
0.358594
0.384984
0.401096
0.405051
0.391172
0.368193
0.331565
0.307377
0.299921
0.2993
0.32254
0.339467
0.345128
0.346807
0.355738
0.374747
0.38371
0.395323
0.403094
0.410603
0.415475
0.420128
0.429546
0.432463
0.436487
0.441649
0.45407
0.46002
0.451567
0.415242
0.346465
0.265534
0.216878
0.1854
0.167797
0.166421
0.158323
0.157982
0.162953
0.161744
0.177192
0.179005
0.1905
0.196773
0.208393
0.214449
0.221125
0.219013
0.215067
0.204277
0.1994
0.194462
0.19454
0.192519
0.192142
0.184231
0.188076
0.196917
0.198833
0.210186
0.214681
0.227652
0.22556
0.216867
0.20981
0.187012
0.181569
0.160731
0.171668
0.173515
0.170158
0.186506
0.19203
0.193109
0.202757
0.213311
0.217568
0.235821
0.239817
0.239113
0.242669
0.24821
0.259932
0.269045
0.275642
0.284608
0.288788
0.29206
0.28151
0.254027
0.230499
0.212524
0.204748
0.202005
0.21271
0.215156
0.224489
0.226603
0.233549
0.243288
0.255392
0.272766
0.292154
0.297024
0.307258
0.315934
0.319772
0.331081
0.339975
0.352142
0.354444
0.365911
0.37055
0.38144
0.39205
0.391507
0.401162
0.401912
0.401472
0.40125
0.365384
0.326846
0.283705
0.251635
0.26708
0.259207
0.250455
0.247476
0.246602
0.26419
0.26809
0.269573
0.279037
0.286065
0.303319
0.307652
0.322789
0.317927
0.329555
0.32858
0.346816
0.339439
0.35031
0.348292
0.352943
0.339582
0.309054
0.279264
0.235506
0.209865
0.193269
0.200495
0.19603
0.20523
0.219425
0.223725
0.233134
0.213418
0.245735
0.246772
0.242758
0.243553
0.223587
0.234066
0.228623
0.2167
0.204726
0.202854
0.203071
0.196872
0.194946
0.190458
0.198733
0.197616
0.214593
0.219599
0.219532
0.228047
0.225218
0.210064
0.184747
0.197641
0.20347
0.187646
0.193769
0.173319
0.184758
0.187176
0.183094
0.178625
0.195837
0.19199
0.191401
0.191759
0.196325
0.193502
0.215733
0.209863
0.217214
0.224612
0.233891
0.233011
0.239007
0.248423
0.259513
0.265999
0.266335
0.273814
0.274079
0.271456
0.247224
0.217004
0.238206
0.218876
0.213359
0.207174
0.201352
0.196902
0.200854
0.197822
0.211764
0.210311
0.212316
0.216367
0.208448
0.213374
0.2183
0.214156
0.224571
0.241475
0.236737
0.238804
0.24839
0.24979
0.268701
0.286601
0.302546
0.309275
0.320225
0.324549
0.338404
0.345506
0.324713
0.299283
0.268221
0.225721
0.1944
0.193211
0.181768
0.156486
0.166861
0.16855
0.181209
0.175974
0.189423
0.197126
0.192469
0.199819
0.181154
0.179527
0.191039
0.190745
0.18287
0.177334
0.181596
0.177428
0.170507
0.177838
0.180735
0.185417
0.191557
0.201271
0.22235
0.243634
0.263212
0.305027
0.318784
0.3361
0.353104
0.357181
0.371233
0.333418
0.328437
0.29753
0.259736
0.269183
0.277177
0.263257
0.27344
0.272255
0.25317
0.253745
0.25935
0.24658
0.258053
0.27125
0.265741
0.268571
0.252418
0.254896
0.237593
0.229144
0.212251
0.221795
0.229241
0.249005
0.237789
0.247556
0.235733
0.241259
0.235572
0.234903
0.240771
0.240716
0.230633
0.244379
0.229269
0.212721
0.226604
0.230166
0.202151
0.23704
0.235377
0.231158
0.257897
0.246098
0.236026
0.245044
0.235696
0.234573
0.254266
0.240941
0.255887
0.250864
0.261864
0.263372
0.252669
0.273462
0.274477
0.281888
0.291477
0.311509
0.31882
0.339817
0.369554
0.391041
0.433882
0.423131
0.434272
0.396717
0.383274
0.365481
0.285604
0.262252
0.242998
0.251918
0.290533
0.322707
0.358692
0.457349
0.513911
0.539562
0.565918
0.549526
0.469873
0.369681
0.270837
0.229271
0.215432
0.212697
0.206684
0.210509
0.212575
0.205108
0.224564
0.23661
0.239998
0.23757
0.235324
0.245784
0.247439
0.239628
0.258067
0.25148
0.249557
0.263065
0.261509
0.249593
0.235082
0.211518
0.19271
0.180986
0.171526
0.193407
0.187554
0.184766
0.17261
0.171972
0.156552
0.147314
0.151949
0.151885
0.161421
0.151782
0.168324
0.159693
0.174049
0.165324
0.158027
0.18216
0.190348
0.183732
0.210745
0.187111
0.18754
0.21527
0.193801
0.190248
0.210288
0.212222
0.187286
0.197832
0.180199
0.18546
0.196388
0.188642
0.184293
0.200027
0.206309
0.212771
0.234758
0.22007
0.224995
0.228078
0.22777
0.207462
0.198647
0.181968
0.185337
0.178691
0.179308
0.18382
0.192877
0.178052
0.182689
0.183629
0.19804
0.21079
0.198798
0.198548
0.195943
0.20548
0.195447
0.20434
0.211176
0.229832
0.205116
0.180183
0.191822
0.183586
0.174118
0.167842
0.175983
0.166332
0.168518
0.161506
0.160021
0.172771
0.156436
0.155093
0.173669
0.135816
0.158265
0.150473
0.144223
0.154464
0.149833
0.160465
0.172936
0.145915
0.145449
0.151703
0.137518
0.138171
0.131802
0.119693
0.1318
0.116555
0.124528
0.126654
0.139943
0.152787
0.14674
0.153902
0.15444
0.162398
0.172615
0.179812
0.193228
0.188649
0.203042
0.204234
0.186478
0.184678
0.162154
0.140027
0.118799
0.0978423
0.114618
0.0998331
0.110833
0.125758
0.143099
0.160697
0.168318
0.176887
0.193762
0.183786
0.162283
0.186427
0.151874
0.162455
0.167824
0.178973
0.180512
0.175455
0.193594
0.209926
0.225502
0.203604
0.191222
0.202333
0.207745
0.191526
0.195916
0.181192
0.181082
0.19524
0.189007
0.183364
0.185502
0.187325
0.198841
0.184478
0.173133
0.179098
0.191155
0.176845
0.194375
0.184253
0.20042
0.183812
0.18124
0.158126
0.171621
0.154122
0.155747
0.146403
0.148214
0.15236
0.135827
0.144387
0.113646
0.109873
0.110602
0.102251
0.0946375
0.0868374
0.107186
0.0824486
0.108519
0.105888
0.0772661
0.0681219
0.0761352
0.066836
0.0734869
0.0715122
0.0861983
0.0780062
0.0711324
0.0712871
0.0788717
0.0767459
0.0663289
0.0594647
0.0547763
0.0575859
0.0644408
0.0621673
0.063072
0.0643221
0.0686923
0.0755848
0.0666548
0.0770751
0.070663
0.0854353
0.0685086
0.0646455
0.0712108
0.0681189
0.070461
0.0798644
0.0837265
0.0833125
0.0931935
0.0928442
0.090356
0.0899009
0.085411
0.0671395
0.0755214
0.0664829
0.0695318
0.0601253
0.0532895
0.0583274
0.0521418
0.0505819
0.0545091
0.0579539
0.0507065
0.0703783
0.0707973
0.0792962
0.0747143
0.086919
0.0722971
0.0687326
0.0686691
0.0635699
0.0777322
0.0587206
0.0536301
0.0686535
0.0663803
0.0710252
0.0594971
0.0752621
0.0739422
0.0804827
0.0716069
0.0981393
0.111879
0.118622
0.125969
0.130464
0.122943
0.140134
0.132364
0.140438
0.138665
0.134031
0.145217
0.122061
0.129988
0.120802
0.138837
0.130207
0.128728
0.157198
0.16856
0.175875
0.192357
0.173408
0.188614
0.193034
0.203932
0.202266
0.235491
0.218046
0.221526
0.235915
0.257219
0.247062
0.212888
0.210182
0.168111
0.169861
0.155161
0.165741
0.157126
0.192304
0.14817
0.173183
0.158631
0.184631
0.184097
0.169951
0.184074
0.18383
0.171091
0.199469
0.184294
0.178576
0.189034
0.181427
0.182598
0.181421
0.175683
0.215238
0.221196
0.252123
0.242808
0.20096
0.206311
0.195727
0.197669
0.196021
0.183082
0.177294
0.158925
0.141149
0.138375
0.10996
0.108827
0.100394
0.0696259
0.0752612
0.0592256
0.0444571
0.0376057
0.0231551
0.0286881
0.014309
0.0154239
0.0135587
0.0135265
0.0215582
0.0178256
0.0267165
0.0152448
0.0118376
0.0217824
0.0188392
0.0245564
0.0270567
0.0249593
0.0305171
0.032562
0.0283369
0.0223978
0.0164362
0.00698218
0.00429325
0.00780398
0
0.00838858
0.00479516
0.0112528
0.010783
0.0133239
0.0068704
0.00926443
0.00280276
0.00173416
0.00912753
0.0112012
0.0150323
0.0208612
0.0247403
0.0167066
0.0187911
0.0178233
0.0187075
0.00981872
0.0175052
0.0101789
0.0186601
0.0192665
0.016815
0.0222344
0.0196884
0.0185133
0.0185287
0.0135312
0.0225892
0.0193232
0.0247622
0.0254068
0.0337115
0.0303028
0.0310618
0.0422282
0.0349993
0.0369608
0.0385814
0.0327699
0.0277688
0.02509
0.0280483
0.0278856
0.0323595
0.0328492
0.0384771
0.0267735
0.0286233
0.0291656
0.0278739
0.0365569
0.0332072
0.0381903
0.0394014
0.0409529
0.0375397
0.0405824
0.0353781
0.0297476
0.0320205
0.0302063
0.0317931
0.0291502
0.0332161
0.0348874
0.0355211
0.0336404
0.0331459
0.029705
0.0353205
0.0320465
0.0325346
0.0329801
0.0348027
0.0441106
0.0423601
0.0446643
0.0564078
0.0551478
0.0537961
0.0595424
0.0700344
0.0621263
0.0669515
0.0666195
0.0697533
0.0595939
0.0654827
0.068037
0.0724407
0.0682444
0.0698893
0.0741971
0.0700865
0.0724476
0.0728086
0.0781453
0.0794119
0.0878905
0.101599
0.102693
0.105003
0.102905
0.119214
0.108137
0.115931
0.106389
0.120669
0.109965
0.104058
0.113858
0.114173
0.104406
0.107109
0.109206
0.107678
0.106121
0.107313
0.113075
0.112299
0.111417
0.109013
0.126786
0.138085
0.148129
0.136772
0.131494
0.125374
0.115138
0.106449
0.10832
0.113807
0.102096
0.0930693
0.104196
0.0993735
0.101036
0.098886
0.107923
0.0942105
0.0991845
0.0956093
0.103913
0.0856119
0.0994936
0.100969
0.101183
0.10226
0.102156
0.0965308
0.101247
0.0911807
0.0877976
0.0781789
0.0726227
0.0746554
0.0554893
0.0646602
0.0700031
0.0513769
0.0478703
0.0600635
0.0526493
0.0597178
0.0556054
0.0491214
0.0563793
0.0614933
0.0670121
0.0591471
0.0661467
0.0511927
0.060682
0.0646672
0.0655216
0.0607595
0.0477214
0.0674931
0.0578191
0.0638503
0.0468166
0.0454958
0.0289068
0.0264264
0.0158912
0.0179161
0.0199471
0.0153987
0.0246983
0.0178749
0.0101351
0.0147645
0.0197478
0.00752201
0.0116224
0.0172641
0.0188913
0.0229463
0.0207015
0.020547
0.0169925
0.027477
0.0375643
0.0458558
0.0435249
0.0650107
0.0575936
0.0500135
0.0529089
0.0423577
0.0493046
0.0460863
0.0348663
0.0355533
0.0228894
0.0284973
0.0182998
0.0190411
0.0175767
0.0203415
0.0259383
0.0193884
0.0248483
0.0211439
0.0204967
0.0146888
0.0201362
0.0160019
0.00907955
0.020639
0.0190275
0.0221803
0.0274694
0.0309454
0.0279459
0.029306
0.02629
0.0292893
0.0309602
0.0451874
0.0328065
0.0195399
0.0207869
0.01978
0.0158882
0.0206014
0.0117305
0.0135322
0.0229883
0.0200095
0.0236837
0.0155716
0.0142845
0.0175172
0.0171857
0.0172429
0.0191679
0.0219372
0.0289561
0.0286735
0.0310982
0.0262479
0.0315394
0.0373173
0.0495782
0.0430323
0.0358542
0.037971
0.0382126
0.0486476
0.03227
0.0315146
0.0254304
0.0295348
0.0193348
0.0290206
0.020272
0.0254613
0.0209959
0.0177826
0.021779
0.0324193
0.0217998
0.0218221
0.0187567
0.023504
0.0205951
0.0211467
0.0291448
0.0279876
0.0294514
0.0268951
0.0323567
0.0347336
0.0389209
0.0461393
0.0349114
0.0382742
0.0444121
0.0550555
0.0535424
0.0440587
0.0457122
0.0582747
0.054976
0.0446399
0.0455182
0.0496541
0.0525116
0.0416456
0.0447276
0.0475937
0.0448785
0.0445096
0.0496979
0.0460195
0.0501562
0.048872
0.0464991
0.0500131
0.053398
0.0587113
0.052651
0.0596254
0.0591037
0.0680543
0.0736006
0.0937969
0.132359
0.205602
0.412406
0.636518
0.749854
0.771121
0.757114
0.627586
0.39464
0.200281
0.127543
0.0997061
0.0876393
0.079667
0.0819897
0.0765184
0.0737586
0.0766759
0.0778285
0.073583
0.0747839
0.0714091
0.0707483
0.0700655
0.0685687
0.0702033
0.0684224
0.0684482
0.0653266
0.0684823
0.0673871
0.063892
0.0660961
0.0618579
0.0663005
0.0564934
0.0564039
0.0671424
0.0677752
0.0614157
0.0591006
0.0684535
0.0530033
0.0547985
0.064598
0.064427
0.0616641
0.0639292
0.0611088
0.0678187
0.0710157
0.0740349
0.0686336
0.0660047
0.0685914
0.0709742
0.0656282
0.0736314
0.0662553
0.0735701
0.0730166
0.0711997
0.0702133
0.0728177
0.0708824
0.0673744
0.0707471
0.070719
0.074443
0.0674646
0.0606516
0.0766501
0.0641175
0.0560528
0.0564586
0.0598433
0.0695589
0.0696252
0.0628986
0.0693647
0.0665312
0.0610249
0.057475
0.0644748
0.0685208
0.0626446
0.0724179
0.0660944
0.0676207
0.0675827
0.0641339
0.0666026
0.0607658
0.0597546
0.0785977
0.0575359
0.0668658
0.0619685
0.0661232
0.0683585
0.0700636
0.0602002
0.068517
0.0726215
0.07541
0.0751485
0.0772011
0.0667546
0.0630762
0.0866771
0.0744749
0.0771262
0.0737219
0.0822985
0.102805
0.0791796
0.0854283
0.105547
0.10336
0.0984345
0.0875908
0.099291
0.0880714
0.0903098
0.0925739
0.0969174
0.0847885
0.0943956
0.0784935
0.120966
0.0943259
0.102201
0.0867149
0.089106
0.0935672
0.092785
0.0895849
0.10378
0.0964508
0.0858286
0.105164
0.0905463
0.090023
0.0813192
0.0998381
0.097053
0.0887877
0.0910525
0.101811
0.0864555
0.102672
0.100352
0.120006
0.0967172
0.107073
0.113501
0.143839
0.0687067
0.104635
0.126548
0.113283
0.10763
0.102403
0.117263
0.131668
0.126074
0.119129
0.118062
0.141768
0.0985912
0.134608
0.120008
0.116016
0.137405
0.148987
0.154809
0.137652
0.126911
0.133714
0.159314
0.16197
0.177777
0.152091
0.114977
0.123751
0.132859
0.12302
0.134744
0.137399
0.122053
0.109742
0.148619
0.136151
0.11962
0.111083
0.0855934
0.105779
0.126803
0.109652
0.117189
0.0874871
0.104553
0.109932
0.0914221
0.0818071
0.119159
0.110698
0.112779
0.100305
0.123397
0.133597
0.0837071
0.113227
0.101346
0.0939109
0.0916426
0.0921418
0.0776701
0.130351
0.116939
0.121098
0.131494
0.134714
0.136072
0.138151
0.14915
0.116538
0.119552
0.104117
0.0841743
0.0831704
0.0857119
0.0886212
0.100877
0.0816938
0.0936162
0.0952161
0.0737186
0.0884212
0.0789252
0.0800168
0.0904692
0.0878521
0.106167
0.0958318
0.103936
0.0972103
0.125796
0.113876
0.116241
0.127656
0.141362
0.137769
0.152289
0.169553
0.185639
0.197193
0.191469
0.228719
0.242688
0.254445
0.262585
0.254753
0.210079
0.127103
0.0846618
0.0751359
0.0883703
0.0683851
0.0743512
0.0690969
0.0995567
0.0738207
0.0687268
0.0666182
0.0826789
0.0661477
0.0594404
0.0721755
0.0759432
0.0691558
0.0683994
0.0699126
0.0676215
0.0635707
0.0645571
0.0800361
0.0705069
0.070322
0.0724538
0.0675853
0.068332
0.0654626
0.0718586
0.0703012
0.0696265
0.0716309
0.0725333
0.070511
0.0667766
0.0729137
0.0653507
0.066035
0.0651286
0.0706323
0.0602133
0.0664974
0.0702713
0.0681399
0.0611428
0.0719138
0.0763241
0.064887
0.0707854
0.0629545
0.0652687
0.0671012
0.0633856
0.0749037
0.0663813
0.080207
0.0577468
0.0536248
0.0558
0.067174
0.0574536
0.0598541
0.0688739
0.0542271
0.0757243
0.0573016
0.0651463
0.050471
0.0559714
0.0560665
0.0686216
0.0630273
0.0588522
0.064541
0.0570468
0.0658283
0.0669507
0.0679348
0.0662936
0.0683115
0.0627314
0.0604557
0.0528746
0.061724
0.0558076
0.0575957
0.0596084
0.0598735
0.0621355
0.0565383
0.0611932
0.0677911
0.0630501
0.0681572
0.064233
0.0714377
0.0657306
0.0732939
0.0746223
0.0686386
0.0726038
0.0822337
0.0882031
0.091247
0.102755
0.0930699
0.0984726
0.106262
0.10684
0.117333
0.119233
0.123397
0.12211
0.106784
0.102116
0.0841424
0.0859658
0.0739476
0.0613301
0.0580638
0.0588568
0.0599921
0.0587005
0.0601697
0.0574175
0.0633795
0.0591683
0.063197
0.0606738
0.0634502
0.0617098
0.0687412
0.0697907
0.0689487
0.0681423
0.0694313
0.0689097
0.0733639
0.0889464
0.0919661
0.0965107
0.0975242
0.0982613
0.102497
0.115666
0.122764
0.134345
0.146334
0.157368
0.161122
0.168963
0.175737
0.1624
0.157914
0.145395
0.135686
0.133851
0.116169
0.101039
0.101529
0.0825918
0.0889106
0.0903978
0.0917902
0.0856821
0.0898341
0.0959698
0.0809432
0.0850138
0.0912997
0.0923801
0.0978697
0.102287
0.101346
0.106324
0.107804
0.104267
0.0978009
0.114387
0.103015
0.1127
0.119321
0.118824
0.129038
0.13543
0.140596
0.142201
0.152342
0.158627
0.162859
0.175794
0.187779
0.197684
0.203
0.199227
0.200389
0.190677
0.172254
0.160748
0.149358
0.128948
0.119358
0.0993883
0.103633
0.097278
0.101511
0.10137
0.102398
0.100747
0.0987908
0.0963558
0.100048
0.104137
0.0986182
0.088798
0.0912583
0.0986486
0.0743075
0.0873326
0.0839089
0.0843663
0.0974992
0.101789
0.0906273
0.0716417
0.0835403
0.0847238
0.070983
0.0938091
0.085605
0.0803175
0.0852571
0.0896343
0.0785296
0.0876406
0.0856946
0.0885211
0.0814541
0.0865664
0.0892957
0.0786308
0.0769225
0.0858812
0.0833874
0.0844919
0.0790936
0.0780623
0.0818099
0.0849927
0.0874451
0.082549
0.0863194
0.0901363
0.0847418
0.0782906
0.0920898
0.0868063
0.0820425
0.0839139
0.0865618
0.0786673
0.0766183
0.074025
0.0759737
0.0643133
0.0581347
0.051621
0.0553583
0.0516008
0.058449
0.0572499
0.0591411
0.0552611
0.0645259
0.0688855
0.081043
0.0790907
0.100327
0.1211
0.123141
0.140416
0.132614
0.132669
0.126274
0.160794
0.161876
0.144655
0.161692
0.173334
0.1816
0.178175
0.162277
0.158205
0.154405
0.135429
0.155774
0.143185
0.132663
0.134971
0.112137
0.121273
0.115993
0.135453
0.14642
0.13345
0.130391
0.141849
0.154626
0.15044
0.147649
0.159684
0.157159
0.164888
0.169811
0.169025
0.170694
0.17324
0.168748
0.160546
0.16921
0.151896
0.162576
0.15236
0.138872
0.139293
0.151881
0.144347
0.133004
0.141062
0.140267
0.180729
0.141858
0.136488
0.180016
0.181723
0.176732
0.175696
0.189151
0.177374
0.194989
0.193414
0.193122
0.193512
0.194545
0.183209
0.178439
0.189201
0.201118
0.196886
0.196578
0.214593
0.210039
0.214562
0.226607
0.235922
0.222983
0.235177
0.254376
0.249721
0.225138
0.247316
0.250463
0.260274
0.256303
0.252491
0.248324
0.233523
0.233617
0.251209
0.217564
0.240026
0.201581
0.203598
0.177095
0.210935
0.158397
0.162453
0.146963
0.153865
0.149803
0.139607
0.131915
0.147008
0.130445
0.137479
0.156172
0.128575
0.130581
0.153418
0.157753
0.134013
0.178649
0.151063
0.16341
0.180846
0.174079
0.208911
0.164052
0.186461
0.223313
0.238785
0.258556
0.230201
0.237959
0.248577
0.241005
0.260184
0.252827
0.28781
0.270029
0.268746
0.271961
0.298566
0.304627
0.295421
0.301073
0.306436
0.309529
0.298181
0.307994
0.325049
0.312742
0.273766
0.294947
0.279152
0.259315
0.28619
0.229557
0.21384
0.219797
0.219769
0.184053
0.167397
0.193251
0.139096
0.127674
0.151307
0.152031
0.178597
0.141551
0.121336
0.144696
0.136474
0.12786
0.0995056
0.10854
0.128095
0.127046
0.119126
0.106067
0.147297
0.10581
0.142254
0.136814
0.151039
0.137527
0.164499
0.12309
0.152183
0.147707
0.150925
0.184755
0.148268
0.169424
0.172439
0.169335
0.175616
0.130875
0.198804
0.183552
0.19157
0.219959
0.113139
0.125775
0.195007
0.167972
0.175133
0.118236
0.175086
0.16105
0.141275
0.138754
0.177531
0.191146
0.155027
0.208686
0.171776
0.153227
0.133635
0.182471
0.177815
0.16362
0.149259
0.140302
0.179154
0.187263
0.150728
0.170247
0.147396
0.159093
0.184987
0.158268
0.153128
0.162113
0.193425
0.137067
0.166038
0.217307
0.155098
0.136512
0.127215
0.213873
0.170039
0.12846
0.140215
0.188927
0.178711
0.148506
0.140677
0.206637
0.243704
0.1151
0.13378
0.165638
0.151517
0.131729
0.195246
0.197067
0.171353
0.150741
0.147185
0.131968
0.208885
0.156706
0.18673
0.241521
0.177542
0.177977
0.183309
0.200806
0.152967
0.18042
0.237931
0.168745
0.14929
0.194347
0.219183
0.200836
0.153839
0.198152
0.212603
0.189367
0.188947
0.196217
0.201878
0.197175
0.139022
0.147914
0.19575
0.146804
0.162144
0.147375
0.0917328
0.12862
0.131634
0.115344
0.0902596
0.0575987
0.037809
0.0324392
