0.197122
0.196366
0.211199
0.212161
0.214506
0.215561
0.221441
0.214329
0.224159
0.237587
0.244018
0.245952
0.254557
0.26172
0.268279
0.274542
0.276269
0.275143
0.285124
0.284035
0.280846
0.274868
0.280001
0.280842
0.292264
0.303102
0.313016
0.319387
0.326228
0.330178
0.334397
0.3456
0.348388
0.356057
0.358118
0.367051
0.367194
0.368873
0.369766
0.355588
0.344159
0.342654
0.352738
0.351244
0.367015
0.382086
0.389343
0.400999
0.402042
0.405076
0.399183
0.363912
0.342709
0.338149
0.338938
0.339468
0.363741
0.432958
0.443511
0.421851
0.397834
0.342009
0.281333
0.261223
0.239016
0.22438
0.208187
0.201553
0.184754
0.182824
0.182439
0.164597
0.159857
0.163336
0.164842
0.158167
0.164105
0.165118
0.17247
0.180447
0.185107
0.188292
0.194058
0.186947
0.190381
0.186193
0.191592
0.199547
0.204576
0.212364
0.222775
0.235269
0.243992
0.258358
0.276261
0.302937
0.326337
0.350262
0.364318
0.376411
0.381794
0.377694
0.371111
0.3456
0.305598
0.274796
0.2633
0.258757
0.264185
0.271042
0.275405
0.280304
0.286771
0.28511
0.287014
0.285974
0.280787
0.268855
0.260039
0.264041
0.262623
0.272348
0.276224
0.280318
0.296835
0.308041
0.312908
0.315043
0.323528
0.329761
0.336908
0.337118
0.340839
0.341112
0.340457
0.34229
0.360234
0.367606
0.368807
0.354006
0.337684
0.31196
0.292448
0.289073
0.295702
0.304741
0.319341
0.33262
0.334278
0.343874
0.358834
0.374262
0.386014
0.391792
0.397599
0.408931
0.41392
0.415502
0.415654
0.418389
0.417901
0.428905
0.428408
0.422245
0.381957
0.324952
0.250417
0.202277
0.174403
0.162243
0.154709
0.152764
0.152965
0.156199
0.152278
0.155769
0.16312
0.172765
0.181206
0.192378
0.203736
0.207049
0.215206
0.203799
0.199938
0.196232
0.190607
0.185415
0.184174
0.182601
0.177921
0.182276
0.190161
0.188839
0.198947
0.198297
0.203273
0.195819
0.19485
0.190537
0.175238
0.170726
0.160519
0.163688
0.164119
0.166208
0.175215
0.188316
0.189844
0.197096
0.211632
0.214468
0.225246
0.2302
0.231265
0.237549
0.239881
0.2534
0.255821
0.260809
0.271236
0.265221
0.266295
0.252801
0.236543
0.226338
0.205212
0.207575
0.211536
0.216895
0.221929
0.226481
0.231403
0.23606
0.250403
0.257942
0.266987
0.285054
0.290156
0.305312
0.313169
0.315402
0.321475
0.337922
0.34269
0.345798
0.357426
0.362717
0.36604
0.373914
0.372213
0.388783
0.398302
0.39283
0.391906
0.363752
0.319242
0.260689
0.243724
0.238686
0.228655
0.231905
0.239978
0.232303
0.241321
0.251769
0.25744
0.26888
0.271644
0.280427
0.299547
0.306704
0.306753
0.317493
0.324847
0.334032
0.327649
0.341568
0.337469
0.338843
0.323431
0.28663
0.256368
0.214915
0.195482
0.178061
0.187616
0.187399
0.190748
0.212177
0.203563
0.223193
0.220523
0.224567
0.225528
0.2267
0.220961
0.21384
0.219141
0.21936
0.201599
0.201717
0.198207
0.190929
0.189968
0.186334
0.188697
0.18629
0.191685
0.201286
0.198005
0.207148
0.199345
0.205265
0.179976
0.172766
0.175903
0.182269
0.172964
0.175312
0.165557
0.168845
0.170886
0.167752
0.162428
0.179625
0.166245
0.18028
0.189041
0.183706
0.182773
0.207409
0.193838
0.214614
0.224315
0.228552
0.22099
0.231802
0.243708
0.245356
0.256186
0.25612
0.25658
0.247251
0.244949
0.235505
0.219601
0.220155
0.21201
0.217395
0.20489
0.175346
0.188214
0.184115
0.183735
0.203484
0.195754
0.209951
0.19709
0.214119
0.217895
0.22554
0.213593
0.224413
0.241058
0.239475
0.23526
0.234614
0.25497
0.258537
0.276855
0.296151
0.30387
0.310212
0.309963
0.326628
0.320485
0.300837
0.277235
0.240002
0.210369
0.19632
0.180733
0.172516
0.163519
0.162808
0.161061
0.188443
0.187221
0.186498
0.193467
0.184448
0.186237
0.177493
0.184265
0.182407
0.180959
0.170397
0.1723
0.17891
0.180761
0.177849
0.177145
0.186603
0.186955
0.194448
0.202012
0.213644
0.235339
0.259846
0.294095
0.317909
0.327561
0.339099
0.349968
0.337826
0.329251
0.301252
0.287387
0.246023
0.260914
0.266565
0.264423
0.274371
0.270365
0.259872
0.267237
0.263863
0.262872
0.258049
0.273327
0.269891
0.27115
0.25711
0.252435
0.235825
0.21981
0.206393
0.209804
0.220656
0.219745
0.221724
0.236988
0.21832
0.221591
0.227681
0.234773
0.227736
0.21249
0.227725
0.230085
0.21614
0.212908
0.206788
0.225294
0.221308
0.229326
0.221763
0.223479
0.238815
0.242434
0.225131
0.216487
0.226699
0.219766
0.248402
0.233489
0.249473
0.252496
0.261976
0.264132
0.256599
0.259678
0.280731
0.280853
0.285102
0.301039
0.302025
0.324632
0.355167
0.380892
0.424477
0.43377
0.437759
0.395274
0.381565
0.358507
0.273078
0.257235
0.220712
0.255713
0.301625
0.345839
0.379188
0.500463
0.557449
0.586252
0.600112
0.551051
0.491891
0.376193
0.272988
0.224075
0.222692
0.210489
0.202684
0.196484
0.202454
0.202273
0.222158
0.216059
0.224276
0.22496
0.229692
0.232442
0.240335
0.230719
0.246331
0.247261
0.259764
0.258089
0.24914
0.243329
0.22054
0.199691
0.17257
0.180752
0.185377
0.196607
0.187554
0.175991
0.160521
0.166112
0.15658
0.145387
0.149194
0.142787
0.155725
0.151484
0.164999
0.162596
0.166821
0.163693
0.16748
0.17848
0.179743
0.184542
0.219259
0.186836
0.176808
0.202302
0.209111
0.187895
0.214609
0.204021
0.180159
0.187492
0.161042
0.168809
0.196311
0.184
0.19221
0.191193
0.199597
0.191059
0.224989
0.223117
0.221905
0.232126
0.216239
0.217029
0.190777
0.167811
0.190266
0.172979
0.16976
0.187413
0.196507
0.176917
0.182629
0.178203
0.193739
0.196609
0.212084
0.201731
0.208259
0.195202
0.207352
0.207451
0.215393
0.201717
0.204174
0.189614
0.19232
0.181996
0.170735
0.167784
0.170902
0.149247
0.177463
0.169946
0.162133
0.155659
0.178899
0.156592
0.172441
0.14448
0.152126
0.158512
0.138908
0.147706
0.138101
0.157767
0.159582
0.137404
0.150113
0.160621
0.148118
0.137152
0.132615
0.12439
0.118533
0.116474
0.119578
0.12399
0.127934
0.134258
0.136825
0.149954
0.149946
0.157088
0.167748
0.178032
0.184848
0.197009
0.203164
0.2064
0.177048
0.200367
0.164318
0.130197
0.109865
0.107367
0.10011
0.0935878
0.113861
0.124894
0.127529
0.134787
0.152579
0.184613
0.192298
0.183116
0.164895
0.160211
0.163137
0.137882
0.167726
0.178699
0.172847
0.170028
0.204476
0.198986
0.217338
0.179125
0.189526
0.183283
0.194686
0.168933
0.192122
0.180226
0.176002
0.189872
0.179894
0.183848
0.176039
0.192997
0.183893
0.171948
0.179294
0.186331
0.186565
0.171102
0.187231
0.185326
0.206547
0.16772
0.181806
0.143491
0.164568
0.146054
0.162904
0.151284
0.140942
0.142101
0.148047
0.133851
0.103594
0.114292
0.11035
0.108226
0.0963989
0.102756
0.106216
0.0959002
0.0981561
0.0939309
0.0795502
0.072586
0.0809504
0.0705966
0.0626419
0.0748189
0.0693152
0.0706089
0.0624717
0.0701382
0.0706234
0.0749452
0.0691815
0.051732
0.0568369
0.061836
0.0574795
0.0595439
0.0674152
0.0753237
0.0706895
0.0738675
0.0641336
0.0697987
0.0781401
0.0739032
0.0669113
0.0710594
0.0789943
0.0821066
0.0767911
0.0640956
0.085331
0.0831271
0.0900837
0.0855639
0.0879894
0.084571
0.0873937
0.0781744
0.0722383
0.0659739
0.0723199
0.04411
0.0498145
0.0535351
0.0501959
0.0583015
0.0554819
0.0470872
0.0608072
0.0717222
0.0497625
0.0604682
0.0783298
0.0883922
0.0708366
0.0483577
0.055914
0.0586319
0.0504073
0.0570043
0.0666398
0.0650126
0.0582632
0.0670183
0.0705851
0.0577712
0.0771767
0.0667865
0.0741538
0.102838
0.126275
0.115821
0.143287
0.126955
0.120234
0.120038
0.140054
0.118627
0.138668
0.133476
0.138896
0.12118
0.13631
0.126451
0.116555
0.146639
0.124724
0.140523
0.16376
0.177729
0.182735
0.173557
0.201702
0.197897
0.197343
0.203911
0.236771
0.219706
0.243427
0.262343
0.251411
0.239147
0.211016
0.221754
0.166325
0.167872
0.13696
0.159316
0.158675
0.18833
0.143149
0.166827
0.156559
0.167396
0.168015
0.169493
0.181146
0.206615
0.17241
0.202214
0.183156
0.191621
0.184882
0.176721
0.185291
0.192299
0.199085
0.220316
0.206618
0.239379
0.230067
0.220337
0.218366
0.203874
0.201432
0.208254
0.157991
0.167071
0.151535
0.144898
0.154544
0.115024
0.0985282
0.0903446
0.0693701
0.0714985
0.0606078
0.0411796
0.0431219
0.0245334
0.0221475
0.0172725
0.0247861
0.0124569
0.0223918
0.0190834
0.0230713
0.0123413
0.0228168
0.0222875
0.0204785
0.0193534
0.0147881
0.0267286
0.0306448
0.0315666
0.0335997
0.0281702
0.0223585
0.0183151
0.0110615
0.00802879
0.0119217
0
0.00849951
0.00801639
0.00621182
0.00878086
0.0119151
0.00589449
0.011927
0.00700145
0.000575866
0.00717063
0.00665235
0.0128018
0.016684
0.0226533
0.0184555
0.0187599
0.0195828
0.0184512
0.0168021
0.0177584
0.0116907
0.0146054
0.0170486
0.0163704
0.0190218
0.0159845
0.0221987
0.0236031
0.0150818
0.0168233
0.0198734
0.0255581
0.0234805
0.0275803
0.0361396
0.0332513
0.0393886
0.0357603
0.0250759
0.0341643
0.0386652
0.0216852
0.0197542
0.0245697
0.0275397
0.0317299
0.0301477
0.0332003
0.0258887
0.030852
0.0311465
0.0292503
0.0340856
0.0349108
0.0389623
0.0384422
0.043144
0.0420721
0.0409689
0.0326551
0.0251332
0.0306013
0.032263
0.0317002
0.0272511
0.0309793
0.0350866
0.0326526
0.0294001
0.0313295
0.0322752
0.0334127
0.0332914
0.0313426
0.0315916
0.030318
0.0453833
0.0396866
0.0418872
0.0518166
0.0457283
0.0591478
0.0542629
0.0698856
0.0556762
0.0669157
0.0720401
0.070558
0.0691202
0.0740499
0.0629448
0.0691854
0.0722202
0.0736986
0.0768538
0.0665311
0.0736274
0.075146
0.078205
0.0781881
0.0859856
0.0898889
0.103529
0.114244
0.112028
0.108626
0.111136
0.114554
0.116127
0.115432
0.109789
0.113795
0.114164
0.11246
0.10745
0.113262
0.114641
0.114028
0.105632
0.113498
0.113141
0.113733
0.106215
0.112688
0.12133
0.137521
0.139924
0.145239
0.135055
0.116857
0.10918
0.0975151
0.101323
0.0986542
0.106128
0.0929467
0.0937867
0.106505
0.0964639
0.0952149
0.100135
0.0930156
0.102219
0.0972959
0.0957494
0.0868369
0.09548
0.100886
0.101296
0.0952225
0.111939
0.101584
0.101282
0.0952675
0.0838603
0.0869226
0.0742663
0.0731467
0.0554911
0.0643772
0.0700481
0.0606371
0.0480569
0.0663791
0.0467437
0.063613
0.041649
0.0528024
0.0452995
0.0535797
0.042241
0.0444461
0.0578643
0.0579288
0.0530712
0.0583515
0.0772157
0.0630046
0.0689815
0.0619494
0.060316
0.0579634
0.0532848
0.0337854
0.0300134
0.0326437
0.0248316
0.0211565
0.0194265
0.0242671
0.0151699
0.0156149
0.0217859
0.0188215
0.0168927
0.0179973
0.0142896
0.0104753
0.0224147
0.0297661
0.0256218
0.0195693
0.0166993
0.0419142
0.0256918
0.0427639
0.0394075
0.0627159
0.0458278
0.0485517
0.0437523
0.038745
0.0474693
0.0401844
0.0370793
0.0398849
0.0238793
0.0272869
0.0169962
0.0243093
0.0239545
0.0197923
0.0268087
0.0239836
0.0221784
0.0197757
0.0141364
0.0188623
0.021821
0.0181405
0.0141996
0.0156909
0.0153954
0.0230396
0.027777
0.0234201
0.021436
0.0276819
0.0292981
0.0295925
0.0296155
0.0246288
0.0325295
0.0145571
0.0307052
0.0137218
0.0219205
0.0192272
0.0146836
0.0162698
0.020599
0.019165
0.0197413
0.0177681
0.0275442
0.023742
0.0200026
0.0203336
0.0148487
0.0289236
0.0224208
0.0305035
0.0291909
0.0317883
0.0310728
0.036832
0.0380633
0.0426354
0.03641
0.0427686
0.0273287
0.0327794
0.0404576
0.0320146
0.0374684
0.0332492
0.0296264
0.0255659
0.0268143
0.0266199
0.0231472
0.0189181
0.0230541
0.02652
0.0212875
0.0224157
0.0173524
0.0334958
0.0164065
0.0248786
0.0259336
0.0265649
0.0351075
0.0299488
0.0357922
0.031292
0.0366477
0.0463788
0.0352082
0.0395709
0.0481193
0.0519079
0.0585025
0.0436387
0.0402568
0.0524689
0.0521251
0.0429401
0.0491139
0.0485396
0.0457745
0.0416451
0.0449586
0.0464958
0.0479317
0.0459633
0.0499629
0.0476697
0.0510975
0.0526707
0.0536369
0.0524819
0.0541823
0.0552539
0.0595429
0.0609472
0.0647469
0.066975
0.0825988
0.102817
0.136699
0.217118
0.441889
0.699515
0.826743
0.842574
0.823923
0.691917
0.431395
0.212851
0.132633
0.103426
0.0924141
0.0819766
0.0836613
0.0724271
0.0853158
0.0766446
0.0751027
0.0738417
0.0791382
0.0738758
0.0730838
0.0695094
0.0734629
0.0747821
0.0749577
0.068756
0.061752
0.0680853
0.0741648
0.0675155
0.0697548
0.0681655
0.0663248
0.0632099
0.0634152
0.0619398
0.0638136
0.0588996
0.0622727
0.0690242
0.0580777
0.0582855
0.0637151
0.0656787
0.0637998
0.0600185
0.0604755
0.0708596
0.0721618
0.0795046
0.0698806
0.0707762
0.0689991
0.069808
0.0666162
0.07093
0.0698345
0.0664353
0.0742015
0.0703998
0.0710525
0.0733665
0.0760956
0.0642305
0.0708822
0.0694066
0.069927
0.0560483
0.0640848
0.0764773
0.0596055
0.0623014
0.0626215
0.0562258
0.0681728
0.0703827
0.0619979
0.069573
0.0606325
0.0638271
0.0631156
0.0656196
0.0680597
0.063192
0.0646165
0.0655635
0.0641778
0.0655428
0.0660528
0.070596
0.0707246
0.0621898
0.0741939
0.0579664
0.0660385
0.0704193
0.0706178
0.0694399
0.0757411
0.0679393
0.0715479
0.073145
0.0695412
0.081266
0.071424
0.0691109
0.0795458
0.0748492
0.0752666
0.0838924
0.0722817
0.0766805
0.0862953
0.0807695
0.0972732
0.107036
0.105798
0.1082
0.0827344
0.0904469
0.0838309
0.0955889
0.104671
0.0953077
0.086071
0.0943895
0.0795808
0.10141
0.0880553
0.0936356
0.0890608
0.0887123
0.0847405
0.0895932
0.0838574
0.0918073
0.0994323
0.0876756
0.113227
0.0902622
0.0874324
0.0807881
0.109407
0.0899934
0.0868871
0.0918135
0.0763715
0.0892139
0.106943
0.0845798
0.141645
0.107001
0.092266
0.107
0.125126
0.0816079
0.0862628
0.109095
0.1341
0.112629
0.117171
0.103202
0.119686
0.129951
0.110167
0.131229
0.142069
0.126683
0.12085
0.12264
0.130577
0.154579
0.150604
0.128424
0.134884
0.134393
0.139094
0.163882
0.14105
0.168445
0.14392
0.130135
0.131411
0.120901
0.128877
0.115292
0.140859
0.1135
0.138378
0.138503
0.109622
0.112165
0.124046
0.0817213
0.109679
0.131433
0.100368
0.122623
0.101983
0.0918892
0.116291
0.0641503
0.100635
0.112533
0.107143
0.141558
0.108963
0.102749
0.118831
0.0982902
0.122173
0.107066
0.0721445
0.0974417
0.0912227
0.0829008
0.110835
0.116625
0.1125
0.105479
0.120828
0.136118
0.121475
0.137789
0.128336
0.114201
0.110513
0.0912791
0.0827666
0.0918179
0.0769676
0.0827992
0.0946244
0.078559
0.0910188
0.0687319
0.0805121
0.0805339
0.0797314
0.0950453
0.0772788
0.0963957
0.0875234
0.0852561
0.103306
0.111931
0.117468
0.109423
0.109288
0.138137
0.134684
0.155468
0.176464
0.186731
0.188378
0.193909
0.225066
0.246253
0.254089
0.264911
0.247228
0.213435
0.142585
0.094399
0.0831263
0.0831247
0.0831527
0.048276
0.0708885
0.0894477
0.0698455
0.0727624
0.0821694
0.0875665
0.0785145
0.0847692
0.0684593
0.0547239
0.0880555
0.0820598
0.0738086
0.0699457
0.0695827
0.061848
0.0775334
0.062103
0.0724747
0.0739371
0.0739722
0.0704347
0.0713222
0.0724204
0.0662211
0.0575701
0.0705791
0.0739582
0.0775067
0.0720952
0.075623
0.0643454
0.0691876
0.080367
0.0710851
0.064982
0.0628796
0.0715279
0.0739837
0.0755805
0.0733113
0.077036
0.0791498
0.0725966
0.0729676
0.0675572
0.0662585
0.0723718
0.0679517
0.065114
0.0808555
0.0683872
0.0594297
0.0579841
0.0583103
0.0622214
0.0638684
0.0657644
0.0553065
0.0678564
0.0644071
0.0703342
0.0483155
0.0630108
0.0646857
0.0610275
0.0737136
0.0642649
0.0633106
0.0630183
0.0654787
0.0691983
0.0696956
0.0707151
0.0676156
0.0655025
0.0635328
0.0533527
0.0622322
0.052247
0.0620722
0.0630329
0.0560061
0.061183
0.060056
0.0616242
0.0635693
0.0645588
0.0683915
0.0720288
0.0721466
0.0763091
0.0773733
0.0802567
0.0762102
0.0760184
0.0809758
0.0861606
0.0926863
0.101465
0.0943748
0.106645
0.110387
0.112874
0.121284
0.118783
0.132076
0.122075
0.110648
0.108283
0.0868045
0.0716315
0.0724487
0.0593861
0.0554414
0.0672867
0.0561624
0.0583351
0.0647477
0.0632922
0.0670982
0.0603127
0.0639337
0.0583741
0.0675563
0.0678077
0.0692777
0.0687743
0.0740581
0.0750929
0.0732654
0.0744206
0.0819958
0.0911239
0.0916831
0.0984094
0.103329
0.102693
0.110359
0.115626
0.120248
0.13687
0.144205
0.164497
0.167544
0.177282
0.183692
0.175252
0.173488
0.152265
0.144778
0.135792
0.11957
0.110215
0.111409
0.0906365
0.100037
0.0783755
0.0991495
0.0900881
0.0914966
0.084853
0.0767663
0.0840636
0.102321
0.0995863
0.0943826
0.0965261
0.0989203
0.108911
0.100603
0.106984
0.0961347
0.121974
0.112157
0.112882
0.122451
0.123609
0.129492
0.142986
0.143556
0.150041
0.153119
0.163704
0.169153
0.177887
0.192874
0.199582
0.209657
0.206038
0.203283
0.195629
0.18252
0.164818
0.153385
0.128103
0.12462
0.110124
0.106198
0.10028
0.100212
0.11804
0.110367
0.0967803
0.0971426
0.0966048
0.115484
0.107483
0.0925826
0.0852897
0.103839
0.0877192
0.0863073
0.098219
0.0746266
0.0863938
0.0865933
0.10311
0.0945981
0.0789225
0.0826696
0.0818707
0.0726724
0.0827084
0.0806996
0.0749161
0.0863157
0.0888524
0.0870068
0.0781542
0.0821604
0.0864408
0.0865012
0.0832641
0.08237
0.087325
0.0812625
0.0853801
0.083748
0.0849076
0.0834754
0.0825165
0.0866337
0.0810228
0.0830857
0.0879348
0.0838715
0.0899765
0.0844116
0.0793538
0.0825843
0.0891925
0.0970704
0.0935275
0.0902225
0.0901167
0.0893087
0.0775127
0.0858486
0.0782418
0.0720456
0.0786319
0.0796673
0.0742599
0.074239
0.0773251
0.0769069
0.0783754
0.085262
0.089935
0.0891935
0.0953699
0.114503
0.124114
0.121038
0.145227
0.154325
0.150285
0.144192
0.160371
0.178145
0.151418
0.171455
0.190463
0.188065
0.195938
0.185057
0.174891
0.172483
0.171876
0.165685
0.156728
0.141935
0.131829
0.132005
0.121245
0.116892
0.113656
0.148969
0.125759
0.130755
0.135772
0.16303
0.155243
0.155686
0.164775
0.180483
0.182461
0.17833
0.164743
0.17415
0.163525
0.182958
0.178742
0.180759
0.165337
0.169306
0.155871
0.133145
0.139919
0.147738
0.156131
0.145708
0.131414
0.117742
0.160184
0.137479
0.169424
0.168071
0.175687
0.172937
0.192307
0.201007
0.171738
0.17716
0.197718
0.191443
0.218199
0.154797
0.190384
0.189254
0.179706
0.188326
0.200337
0.197819
0.219385
0.224284
0.202115
0.215389
0.250369
0.241303
0.234663
0.247802
0.264913
0.227027
0.261418
0.25923
0.262368
0.266135
0.260042
0.267625
0.235646
0.248091
0.240744
0.235482
0.23735
0.213161
0.213113
0.217653
0.198641
0.165904
0.144826
0.136928
0.159611
0.12964
0.133947
0.117246
0.146317
0.133526
0.118813
0.120763
0.136306
0.149798
0.143085
0.155991
0.119845
0.142342
0.155645
0.149813
0.158805
0.164702
0.199122
0.188465
0.130431
0.17918
0.241148
0.219729
0.21081
0.233369
0.273924
0.266096
0.270254
0.262043
0.281227
0.235728
0.277871
0.266466
0.297651
0.300456
0.302066
0.30521
0.30446
0.315798
0.319538
0.319727
0.311426
0.31496
0.294475
0.288016
0.293104
0.274816
0.278094
0.234097
0.21219
0.203134
0.236547
0.156861
0.15485
0.139635
0.0881517
0.133581
0.16072
0.125521
0.160703
0.136661
0.135386
0.132599
0.135525
0.137635
0.059222
0.130615
0.106949
0.119661
0.13164
0.119549
0.14244
0.101179
0.138943
0.0997854
0.106633
0.147626
0.135783
0.117345
0.159373
0.167948
0.161784
0.169831
0.148825
0.104145
0.167215
0.163467
0.181122
0.168066
0.199086
0.136114
0.172676
0.167371
0.140906
0.141374
0.210351
0.132568
0.213748
0.17533
0.154582
0.158809
0.127754
0.167439
0.179393
0.142081
0.158462
0.156905
0.172095
0.146279
0.134152
0.150564
0.152289
0.165489
0.144046
0.142516
0.158356
0.207746
0.146799
0.130618
0.136578
0.154638
0.204282
0.137509
0.150826
0.151475
0.156114
0.110937
0.178031
0.13207
0.12839
0.123658
0.119217
0.17344
0.123611
0.159265
0.152782
0.139535
0.120268
0.0848149
0.156377
0.167782
0.237797
0.115425
0.141399
0.15821
0.122249
0.0581008
0.13317
0.162768
0.170982
0.131473
0.14339
0.139018
0.170933
0.164838
0.160538
0.212349
0.150366
0.162787
0.153738
0.188681
0.18233
0.162679
0.172084
0.184496
0.130204
0.161733
0.191278
0.182352
0.16781
0.206365
0.230442
0.181338
0.210006
0.171764
0.17672
0.168506
0.126757
0.158693
0.17984
0.149902
0.147649
0.177826
0.0824917
0.14391
0.136007
0.118134
0.0775355
0.0857516
0.0482143
0.0576759
