0.186213
0.191238
0.189567
0.193587
0.190525
0.196292
0.206942
0.208989
0.215535
0.22235
0.232177
0.228823
0.239888
0.246812
0.247588
0.25183
0.25926
0.253138
0.258782
0.257269
0.259575
0.253481
0.261641
0.264121
0.271665
0.283614
0.291228
0.300105
0.306764
0.311707
0.313365
0.322531
0.321553
0.330315
0.330617
0.338384
0.336822
0.339304
0.333776
0.332426
0.319103
0.320321
0.332084
0.332155
0.341911
0.35886
0.358199
0.371074
0.378056
0.377312
0.370768
0.335774
0.314018
0.311021
0.310879
0.311235
0.334912
0.401733
0.408038
0.39012
0.370775
0.314555
0.268139
0.238
0.227452
0.210644
0.201824
0.180593
0.167501
0.175468
0.166138
0.154208
0.150484
0.148992
0.14819
0.145944
0.154328
0.149786
0.157164
0.165017
0.172361
0.177296
0.176235
0.172027
0.181796
0.176861
0.184948
0.185783
0.185395
0.196657
0.207174
0.217573
0.224982
0.23943
0.252851
0.280909
0.306981
0.327923
0.343557
0.35706
0.353663
0.35547
0.351638
0.318512
0.285626
0.256829
0.245293
0.239375
0.244509
0.249878
0.251741
0.261466
0.262327
0.266709
0.265137
0.261133
0.258497
0.247814
0.249507
0.244126
0.240421
0.25496
0.260022
0.269075
0.280291
0.286537
0.292271
0.295549
0.304137
0.30796
0.312475
0.315711
0.315493
0.314274
0.31287
0.3143
0.333951
0.340322
0.339464
0.323909
0.308333
0.283603
0.269366
0.268424
0.276161
0.286329
0.299297
0.310098
0.316976
0.329631
0.338299
0.352177
0.363954
0.369861
0.378548
0.379757
0.382937
0.391776
0.387832
0.387318
0.389577
0.400155
0.397297
0.388176
0.3538
0.296975
0.237666
0.190324
0.164288
0.150075
0.139449
0.137681
0.138008
0.141857
0.138467
0.147529
0.148626
0.159321
0.165057
0.178176
0.183826
0.19537
0.202659
0.194244
0.187607
0.18558
0.176545
0.175496
0.174213
0.173558
0.166761
0.167605
0.173278
0.174557
0.17875
0.182846
0.187644
0.179475
0.181121
0.180091
0.158038
0.155379
0.151169
0.145934
0.153153
0.164081
0.164212
0.174542
0.172384
0.183602
0.197638
0.199339
0.207803
0.21761
0.215862
0.221105
0.228741
0.23144
0.237484
0.241499
0.248794
0.24731
0.245914
0.230212
0.218751
0.20647
0.193918
0.197101
0.20057
0.206644
0.207485
0.215414
0.218842
0.217416
0.234023
0.248291
0.251553
0.269669
0.270255
0.282176
0.294276
0.295084
0.30363
0.320987
0.321244
0.321003
0.33384
0.337386
0.341756
0.347607
0.346163
0.362487
0.367123
0.361853
0.367116
0.339167
0.293505
0.251661
0.238474
0.230312
0.222135
0.22271
0.221434
0.223488
0.233859
0.236825
0.22269
0.249056
0.257653
0.275598
0.284125
0.29499
0.28924
0.296945
0.306737
0.317239
0.306063
0.316138
0.31595
0.316719
0.29282
0.266411
0.237342
0.197902
0.174467
0.160087
0.166775
0.174138
0.183244
0.200337
0.206616
0.212367
0.200154
0.22187
0.216371
0.215166
0.218464
0.201129
0.212401
0.205965
0.19886
0.196
0.190628
0.177991
0.17113
0.172051
0.167593
0.169323
0.174306
0.189894
0.181763
0.188241
0.184928
0.187384
0.166736
0.165955
0.175482
0.164465
0.178825
0.176018
0.16363
0.156876
0.16139
0.157159
0.169715
0.169943
0.170058
0.179035
0.173081
0.175939
0.168412
0.196498
0.190824
0.192856
0.205365
0.209424
0.212819
0.222935
0.229605
0.228887
0.235303
0.234598
0.240634
0.231868
0.23631
0.229077
0.20163
0.228649
0.203151
0.19109
0.182607
0.174634
0.19477
0.17932
0.188336
0.191284
0.190882
0.19188
0.203974
0.20259
0.201856
0.207091
0.20818
0.211488
0.224348
0.218053
0.218936
0.226907
0.23407
0.241654
0.26412
0.273137
0.294966
0.290032
0.29099
0.305635
0.296212
0.283773
0.257317
0.238973
0.216654
0.171971
0.174016
0.175363
0.162237
0.155411
0.160223
0.169792
0.170866
0.179958
0.183552
0.159936
0.189495
0.172276
0.172923
0.169397
0.179678
0.179811
0.167837
0.172215
0.172578
0.166336
0.177487
0.167431
0.173978
0.176338
0.186912
0.197333
0.223675
0.237808
0.27953
0.289632
0.307854
0.32154
0.326799
0.315906
0.302571
0.293025
0.269465
0.243027
0.249583
0.264836
0.252303
0.253651
0.261669
0.246415
0.24694
0.249701
0.249647
0.25405
0.257043
0.2546
0.253737
0.247902
0.239945
0.224911
0.207515
0.192756
0.202195
0.196299
0.204844
0.207109
0.212674
0.217864
0.219183
0.232834
0.218312
0.213614
0.219614
0.210071
0.206281
0.213147
0.204657
0.211366
0.218072
0.233351
0.211328
0.210521
0.218853
0.229746
0.232529
0.225472
0.2279
0.21773
0.217336
0.234338
0.233188
0.241968
0.242376
0.231453
0.236996
0.248529
0.248973
0.259624
0.269222
0.272421
0.288223
0.287403
0.313424
0.337693
0.37067
0.404508
0.410757
0.43009
0.394804
0.383276
0.345015
0.260555
0.250043
0.22309
0.233221
0.266836
0.331558
0.369365
0.44134
0.486804
0.534605
0.539274
0.504868
0.440373
0.349427
0.244578
0.217492
0.200336
0.209687
0.187099
0.188904
0.198266
0.20444
0.215901
0.207933
0.217379
0.220945
0.222937
0.221204
0.236486
0.215412
0.233713
0.228107
0.242314
0.249991
0.235063
0.232692
0.21712
0.199539
0.191019
0.183144
0.182344
0.185767
0.1864
0.178832
0.178473
0.160507
0.155577
0.147508
0.146668
0.141001
0.15008
0.142787
0.147647
0.153186
0.151761
0.149141
0.156037
0.163643
0.16765
0.182446
0.196015
0.198519
0.180677
0.210211
0.197034
0.178228
0.203553
0.190604
0.178344
0.189281
0.177571
0.184275
0.183321
0.170066
0.190262
0.173184
0.192513
0.188105
0.207141
0.208702
0.220208
0.214657
0.199884
0.194502
0.182677
0.173999
0.190268
0.179723
0.166806
0.181644
0.198434
0.176056
0.172025
0.1763
0.193016
0.191538
0.186783
0.189566
0.193654
0.199571
0.197643
0.204255
0.193291
0.221941
0.200333
0.166169
0.199691
0.192073
0.170218
0.164808
0.159138
0.125364
0.165258
0.141997
0.164708
0.173317
0.169654
0.17064
0.167419
0.134202
0.146178
0.138227
0.150298
0.151875
0.138239
0.155888
0.163697
0.147597
0.159575
0.154078
0.138762
0.13832
0.133968
0.119876
0.112508
0.108796
0.104582
0.113509
0.125575
0.129072
0.124743
0.141716
0.145844
0.159089
0.165982
0.173634
0.179589
0.195178
0.196462
0.195759
0.169229
0.189149
0.154895
0.128834
0.10586
0.101454
0.105464
0.08768
0.098452
0.128647
0.123008
0.145594
0.149855
0.154392
0.200564
0.177426
0.154722
0.166859
0.143959
0.14822
0.150109
0.173655
0.154634
0.183024
0.189515
0.193547
0.225271
0.188086
0.183465
0.182298
0.192646
0.19556
0.183933
0.176002
0.178504
0.198331
0.188545
0.150077
0.181641
0.191024
0.177196
0.165466
0.172835
0.189686
0.174953
0.167809
0.178903
0.179565
0.193841
0.171125
0.170283
0.155745
0.161369
0.162416
0.160277
0.142779
0.14936
0.152379
0.122124
0.122263
0.103808
0.119445
0.100436
0.0945758
0.0802929
0.089406
0.0997186
0.0962912
0.100855
0.0871566
0.0698887
0.0819753
0.0734984
0.0727834
0.0701774
0.0793088
0.0724168
0.0727027
0.0665155
0.0753224
0.0660508
0.0820203
0.0534003
0.0605545
0.0412921
0.0574233
0.058967
0.0611354
0.069794
0.058865
0.0637043
0.0735547
0.0673575
0.0725843
0.0767839
0.0783148
0.0753331
0.0667658
0.0748892
0.0815078
0.0635172
0.0710875
0.0759801
0.0833903
0.0775126
0.0826398
0.0917646
0.0808429
0.0690155
0.0646633
0.0665325
0.0534584
0.0575468
0.0582233
0.047577
0.0507396
0.0579182
0.0574768
0.0602728
0.051132
0.051403
0.0779396
0.0565076
0.0611511
0.0753132
0.0839528
0.0823104
0.0624186
0.0738388
0.0520778
0.0638083
0.0673941
0.0543868
0.0492982
0.0569635
0.0672434
0.0607421
0.0599973
0.0754819
0.0698655
0.0674833
0.101672
0.112477
0.12516
0.131831
0.120523
0.13199
0.144293
0.126783
0.130321
0.123611
0.150963
0.14434
0.129527
0.145968
0.115533
0.104445
0.146473
0.129761
0.142559
0.166879
0.173528
0.176991
0.15991
0.191313
0.193063
0.197228
0.204148
0.233881
0.203423
0.215898
0.260383
0.265037
0.244343
0.21414
0.210346
0.166563
0.170426
0.150732
0.145451
0.160099
0.18678
0.137895
0.175346
0.159246
0.171043
0.178755
0.162604
0.178927
0.19049
0.177715
0.204017
0.198463
0.192529
0.186426
0.184489
0.186676
0.182472
0.194413
0.230603
0.237638
0.239723
0.23967
0.208062
0.212583
0.190075
0.198501
0.196232
0.173968
0.169415
0.162207
0.154049
0.133146
0.10226
0.101481
0.101243
0.070141
0.0652516
0.0576534
0.0483351
0.0403121
0.0280114
0.0256444
0.0189844
0.0204568
0.0172692
0.0220617
0.0181831
0.019426
0.0163355
0.0187863
0.0138581
0.0228078
0.0181726
0.019805
0.0285702
0.0264035
0.0354491
0.034004
0.0303568
0.0162523
0.00964526
0.0116257
0.00987709
0.0102585
0.00448032
0.0105294
0.0071554
0.00547529
0.0099123
0.0135404
0.00348248
0.00972999
0.00956357
0
0.00346954
0.00993053
0.0135898
0.0182329
0.0277094
0.0163107
0.0234154
0.0163598
0.0174928
0.00908121
0.015977
0.0136497
0.0173072
0.0130139
0.0165221
0.0207147
0.0206202
0.0231773
0.0203241
0.0144198
0.016571
0.0198529
0.0250755
0.0230281
0.0317955
0.0363342
0.0326814
0.0365018
0.0296143
0.0368824
0.0279584
0.0315598
0.0225226
0.0252906
0.0213895
0.0259845
0.0363653
0.0331958
0.0341417
0.0221846
0.0253721
0.0277572
0.027056
0.0382563
0.0285883
0.0301357
0.039361
0.0391732
0.0466107
0.0319225
0.0391049
0.0300892
0.0325234
0.0272933
0.0269573
0.0276227
0.0313344
0.0318695
0.0361287
0.0337388
0.0315508
0.0308022
0.0344251
0.0364723
0.0333654
0.0284762
0.0339316
0.0438986
0.0394835
0.0390085
0.0514511
0.0484274
0.0543495
0.0590129
0.0698423
0.0627198
0.0654128
0.0695645
0.066599
0.0591614
0.0668664
0.0581123
0.0657189
0.0698505
0.0708563
0.0640279
0.0665186
0.0759428
0.0736827
0.0780379
0.0832719
0.086597
0.0925905
0.101648
0.102971
0.107471
0.11349
0.10512
0.11396
0.113089
0.113824
0.107744
0.104644
0.118081
0.111564
0.105917
0.108867
0.111929
0.113021
0.100771
0.107578
0.107802
0.106174
0.109713
0.106716
0.130048
0.133769
0.140937
0.134265
0.128556
0.121461
0.120616
0.106216
0.101787
0.0920151
0.098946
0.097059
0.102921
0.0869219
0.0882071
0.0980161
0.104476
0.100474
0.0934314
0.0899411
0.0931221
0.084104
0.102238
0.10314
0.097445
0.100908
0.10968
0.102575
0.0849837
0.0738697
0.0841131
0.0873344
0.0783213
0.0573489
0.0565919
0.0714823
0.067224
0.0509485
0.0474625
0.0715186
0.0597321
0.0499129
0.0603852
0.0557977
0.0500476
0.0655981
0.0542182
0.0535188
0.0599709
0.0519801
0.0477638
0.0573705
0.0617496
0.0603914
0.056366
0.0677549
0.0615308
0.0607004
0.0459143
0.0348962
0.0300228
0.0384259
0.032453
0.0251905
0.0232422
0.0234314
0.0255023
0.0250458
0.0247301
0.0208741
0.0138252
0.0145862
0.0127494
0.0159082
0.0159652
0.0282373
0.0200299
0.020049
0.0214977
0.0347069
0.0346003
0.0470551
0.055673
0.0737465
0.0482546
0.0497185
0.0475196
0.0388451
0.052608
0.0391929
0.0419211
0.0325082
0.0301449
0.0273911
0.0181295
0.0272631
0.0224628
0.0210041
0.0343013
0.0284176
0.0196708
0.0201477
0.0165037
0.0176437
0.0167189
0.0243113
0.00943192
0.0189313
0.0121833
0.0217391
0.0266077
0.0279801
0.0181278
0.0235921
0.0253594
0.0288354
0.0296698
0.0375617
0.0303186
0.0176691
0.0248412
0.0188521
0.0148949
0.0223895
0.0123917
0.0108433
0.0229544
0.0223064
0.0271231
0.0224037
0.0249866
0.0159933
0.0240804
0.0214449
0.0117464
0.0225947
0.0283412
0.0245352
0.0246851
0.0303287
0.0318893
0.0358034
0.049842
0.0428976
0.042081
0.0450996
0.0408863
0.0428999
0.0359459
0.0324011
0.0320254
0.032623
0.0311163
0.0219483
0.026413
0.031835
0.0273774
0.0284297
0.0185401
0.0228755
0.0262041
0.0235627
0.0176285
0.0281964
0.0239821
0.0217317
0.0260021
0.0320491
0.0252771
0.0266704
0.0346354
0.0354917
0.0375093
0.0493113
0.041459
0.0391024
0.053065
0.0534266
0.059734
0.049793
0.0479009
0.0533858
0.0545408
0.0456348
0.0542028
0.0515389
0.0496655
0.045286
0.0452197
0.0419271
0.046666
0.0475997
0.0509108
0.0467475
0.0535519
0.0476034
0.0463322
0.0496099
0.0506956
0.0516826
0.0486284
0.0601285
0.0650201
0.064963
0.0703672
0.089975
0.121608
0.192768
0.398444
0.614206
0.732792
0.745123
0.731726
0.616998
0.386076
0.191713
0.123927
0.0963327
0.0871716
0.0811881
0.0750456
0.0759855
0.0771849
0.0696732
0.0773879
0.0717843
0.0741134
0.0719459
0.0757265
0.0690656
0.0702373
0.0771675
0.0664219
0.0660009
0.0635027
0.068062
0.0697976
0.0705538
0.0650812
0.0666251
0.0614698
0.0613479
0.0561115
0.0627493
0.060624
0.0561925
0.0641306
0.0701859
0.0595069
0.0597979
0.0608344
0.0625905
0.0666701
0.0630283
0.0581006
0.0680323
0.0694929
0.0717018
0.0669119
0.0659625
0.0666304
0.0680843
0.065147
0.0692277
0.0685952
0.0702168
0.0703539
0.0694368
0.0680731
0.0678144
0.0704602
0.0669862
0.0658557
0.0727987
0.0663313
0.0628796
0.0613032
0.0772516
0.0657175
0.0654912
0.0552224
0.0652795
0.067997
0.0617524
0.0749545
0.0533454
0.0676981
0.056628
0.0560125
0.0628025
0.0653952
0.0670261
0.0708059
0.0651121
0.0669644
0.0683
0.0624622
0.0644876
0.0604772
0.0648679
0.0704058
0.057742
0.0640127
0.0696052
0.0689435
0.0640717
0.0662235
0.0631568
0.074161
0.0724968
0.0698211
0.0832477
0.0801119
0.0692002
0.0797148
0.0714855
0.0772664
0.0868553
0.0785374
0.08202
0.0788927
0.0923937
0.0933809
0.0857156
0.0837246
0.0873408
0.0813941
0.0860859
0.0836724
0.0849408
0.0907807
0.0889612
0.0777452
0.0927
0.079524
0.103978
0.0914064
0.092136
0.0908809
0.0975013
0.0948166
0.0988017
0.0838369
0.0897501
0.0833131
0.0962425
0.105287
0.082604
0.0886242
0.0935841
0.10323
0.0966049
0.0930634
0.0945432
0.105643
0.111585
0.112698
0.091792
0.104909
0.12631
0.0970213
0.106526
0.129503
0.0838084
0.122339
0.123699
0.130782
0.121171
0.130398
0.135627
0.110444
0.128418
0.116686
0.107554
0.145397
0.12343
0.130425
0.116265
0.103477
0.128646
0.117495
0.135681
0.156816
0.151644
0.151497
0.156784
0.148174
0.170343
0.143697
0.117075
0.121838
0.132718
0.154087
0.148841
0.127639
0.115374
0.137102
0.160767
0.115663
0.123459
0.120219
0.102139
0.102787
0.111767
0.0990773
0.125201
0.13441
0.0928509
0.100905
0.109186
0.0872915
0.130335
0.116243
0.109016
0.119563
0.112106
0.112604
0.102106
0.11026
0.107821
0.0956424
0.108292
0.109242
0.10434
0.127656
0.122634
0.127679
0.116129
0.12574
0.144084
0.158475
0.157163
0.131583
0.135744
0.121661
0.0982059
0.0889294
0.0806544
0.102415
0.0810635
0.0888136
0.0829932
0.0805701
0.0837612
0.0864276
0.0732546
0.0699881
0.0857107
0.0745053
0.0955817
0.0956112
0.0944365
0.0996934
0.106549
0.10897
0.117356
0.129019
0.131484
0.129956
0.157949
0.175874
0.185919
0.192472
0.195024
0.213817
0.243933
0.257953
0.257568
0.238633
0.209628
0.13354
0.0929001
0.0835084
0.0825381
0.0742977
0.0628652
0.0755938
0.0788224
0.0666128
0.0748608
0.0790078
0.0770048
0.0744604
0.0682164
0.075298
0.0678206
0.0782275
0.0593638
0.0766336
0.0689278
0.0752297
0.0663647
0.0715554
0.075472
0.0757839
0.0721923
0.0659566
0.0763759
0.0669874
0.0763743
0.0674997
0.0612139
0.0808373
0.0686431
0.0828086
0.0676782
0.0778689
0.0668917
0.0704768
0.0691755
0.0609893
0.0706587
0.0686467
0.0803089
0.0757266
0.0682082
0.0679969
0.0859829
0.0731908
0.0719144
0.0694917
0.0698953
0.0719478
0.0699398
0.0852901
0.0700752
0.0796319
0.0676283
0.0561784
0.0686513
0.0628315
0.0641559
0.0597078
0.0682047
0.055983
0.0739992
0.0644279
0.0644537
0.0451357
0.0605434
0.0670031
0.0749182
0.0626092
0.0734856
0.0661484
0.0595712
0.0661918
0.0693226
0.0654115
0.0701099
0.0696189
0.0665875
0.064411
0.0579228
0.0607343
0.0540434
0.0633344
0.0597865
0.0601637
0.0685124
0.0638418
0.0624925
0.0659811
0.06358
0.0683327
0.0720031
0.0726235
0.063603
0.0817305
0.0725278
0.0762533
0.0818409
0.0827702
0.0904033
0.0958496
0.0966497
0.0958091
0.0936389
0.103808
0.113785
0.114139
0.116213
0.119307
0.122302
0.113869
0.111196
0.091128
0.0829303
0.0732802
0.0579432
0.0591027
0.0607189
0.0632704
0.0574456
0.0535622
0.0612181
0.0664733
0.0612753
0.0621786
0.0547359
0.06252
0.0673106
0.0662073
0.0716359
0.0721664
0.0729234
0.0741319
0.0702252
0.0747509
0.0905221
0.0924932
0.0917579
0.103891
0.102046
0.101842
0.113239
0.122122
0.128795
0.139066
0.162191
0.16057
0.168364
0.172644
0.168846
0.161259
0.14699
0.14251
0.133541
0.112999
0.104883
0.111817
0.0928159
0.0902302
0.0999976
0.096922
0.0977103
0.0915601
0.0948461
0.08637
0.0932312
0.082414
0.0918636
0.0963939
0.102677
0.0946505
0.100622
0.103187
0.107094
0.0957046
0.112876
0.109627
0.108496
0.116218
0.124906
0.128404
0.140662
0.133377
0.143662
0.14641
0.154628
0.155386
0.169819
0.187731
0.193786
0.19896
0.197429
0.199528
0.186094
0.173372
0.163373
0.145446
0.124157
0.120147
0.10553
0.0978741
0.0964756
0.10055
0.104662
0.105285
0.0873045
0.099324
0.102229
0.108972
0.0947096
0.109296
0.0872869
0.0974444
0.0899609
0.0775071
0.0891253
0.0822093
0.088697
0.101465
0.0988028
0.0980228
0.0746528
0.0736683
0.0885312
0.0806054
0.0896099
0.0890224
0.0724385
0.0744297
0.0879757
0.0846307
0.0760005
0.0818241
0.0850522
0.0904729
0.0798405
0.0777011
0.0880272
0.0896302
0.0910455
0.0862235
0.0846554
0.0819076
0.0804141
0.0823719
0.0834779
0.0886039
0.0840241
0.0915045
0.0842979
0.0834141
0.0785523
0.0839435
0.0862205
0.0868975
0.0866721
0.0892522
0.0902796
0.0887759
0.0793575
0.0878755
0.0776841
0.0862885
0.0799322
0.0816844
0.0854795
0.0844986
0.0874103
0.0882323
0.086427
0.0925128
0.0995547
0.102324
0.097954
0.112048
0.125935
0.139481
0.130703
0.141543
0.143438
0.145906
0.182756
0.172345
0.162037
0.172864
0.182229
0.18363
0.187972
0.169201
0.172008
0.168209
0.160832
0.162301
0.142177
0.148977
0.152271
0.143589
0.113252
0.120488
0.125269
0.148211
0.13843
0.127835
0.128297
0.143658
0.149617
0.141568
0.167847
0.170491
0.176691
0.173412
0.16562
0.172459
0.175025
0.179814
0.168372
0.179061
0.153336
0.168709
0.162496
0.151307
0.148458
0.167683
0.17461
0.146506
0.120316
0.147864
0.174481
0.135967
0.15174
0.178151
0.192827
0.167168
0.165641
0.19844
0.173093
0.170128
0.205334
0.182552
0.187957
0.186358
0.194081
0.187382
0.199166
0.187599
0.201236
0.207321
0.202649
0.21336
0.215499
0.216721
0.229972
0.221893
0.230788
0.230931
0.252291
0.223213
0.254803
0.246858
0.245892
0.253611
0.251324
0.243179
0.225428
0.238826
0.245583
0.227266
0.223429
0.236362
0.199431
0.184916
0.179682
0.164202
0.174065
0.156297
0.172011
0.131736
0.134795
0.111792
0.131532
0.127775
0.133566
0.13453
0.145237
0.137196
0.148824
0.137119
0.144441
0.161594
0.123504
0.1651
0.170999
0.151244
0.191926
0.183691
0.188594
0.213003
0.223049
0.224084
0.210392
0.241992
0.237967
0.254315
0.269341
0.250847
0.290013
0.275389
0.28474
0.277366
0.272776
0.281469
0.305529
0.287084
0.298932
0.31153
0.294897
0.303972
0.284237
0.294714
0.287702
0.283604
0.308957
0.2654
0.279775
0.233808
0.195178
0.186562
0.180568
0.185901
0.180233
0.197752
0.132796
0.144931
0.139922
0.130271
0.143947
0.126088
0.0969799
0.140567
0.132172
0.128214
0.0967925
0.124257
0.119783
0.122951
0.110681
0.130064
0.128512
0.140699
0.133314
0.120875
0.128953
0.137992
0.148928
0.10153
0.146722
0.191877
0.175677
0.181044
0.150711
0.146927
0.16351
0.137514
0.152978
0.160327
0.139256
0.17553
0.206372
0.181172
0.100169
0.162453
0.18277
0.143062
0.180946
0.125581
0.170648
0.178456
0.157956
0.171906
0.195189
0.196745
0.152243
0.157152
0.172893
0.162345
0.169676
0.18381
0.19635
0.165662
0.141796
0.140497
0.13621
0.181694
0.153979
0.17127
0.176985
0.188251
0.192282
0.186174
0.18977
0.209022
0.170399
0.162508
0.196866
0.168985
0.177128
0.154617
0.12385
0.174065
0.160384
0.105193
0.173458
0.151869
0.18433
0.161285
0.152783
0.200522
0.265769
0.135702
0.143121
0.127975
0.119963
0.126669
0.157936
0.204199
0.189395
0.145104
0.146717
0.121486
0.168617
0.163971
0.172663
0.220602
0.18557
0.192347
0.197037
0.186338
0.167022
0.148709
0.186417
0.174981
0.165308
0.172225
0.200128
0.200179
0.173082
0.182471
0.217319
0.158783
0.216545
0.18379
0.216571
0.19101
0.139338
0.155239
0.178399
0.147191
0.155365
0.159477
0.157237
0.15049
0.16925
0.134091
0.0926044
0.10788
0.0768724
0.0627316
