0.134776
0.133775
0.137763
0.133375
0.135076
0.13738
0.140964
0.144156
0.149621
0.15925
0.16501
0.158741
0.161736
0.171643
0.166274
0.174852
0.181089
0.177449
0.174287
0.173885
0.176006
0.165042
0.175802
0.176293
0.182137
0.190115
0.195284
0.20179
0.203948
0.204451
0.203602
0.210898
0.210031
0.214954
0.21554
0.218676
0.218292
0.218412
0.215533
0.210826
0.206212
0.206214
0.210601
0.211354
0.224172
0.226977
0.224477
0.235864
0.240267
0.235671
0.235986
0.224475
0.213456
0.210825
0.211094
0.211463
0.2257
0.250772
0.252117
0.237512
0.221779
0.189617
0.170837
0.157941
0.139696
0.146032
0.129205
0.12055
0.115474
0.126054
0.11977
0.118576
0.114093
0.113934
0.115048
0.116055
0.111592
0.114983
0.113399
0.120396
0.120954
0.119942
0.125094
0.12134
0.126183
0.128728
0.123048
0.133611
0.134356
0.145364
0.146312
0.156706
0.15444
0.162592
0.168207
0.180831
0.193258
0.197505
0.201132
0.208912
0.214113
0.214102
0.214827
0.199126
0.186918
0.171194
0.169612
0.16944
0.170728
0.173989
0.176472
0.180443
0.181243
0.181527
0.182325
0.176694
0.171159
0.166017
0.165738
0.159167
0.165432
0.162558
0.1748
0.174636
0.180964
0.193408
0.19254
0.191438
0.201758
0.200697
0.204823
0.210406
0.210767
0.211454
0.21105
0.211032
0.219712
0.218576
0.215745
0.208711
0.196839
0.193186
0.188619
0.179075
0.170458
0.185383
0.191093
0.200087
0.190351
0.207271
0.211813
0.21839
0.227947
0.2315
0.237663
0.235043
0.245826
0.243891
0.242164
0.247408
0.242613
0.248921
0.24613
0.240469
0.219086
0.195964
0.160582
0.139468
0.125368
0.113232
0.111724
0.117124
0.109536
0.119559
0.113708
0.117904
0.116981
0.12506
0.127545
0.127063
0.1263
0.139417
0.13411
0.124399
0.126233
0.134458
0.125468
0.124228
0.127302
0.131317
0.123738
0.131236
0.132595
0.132895
0.136735
0.134058
0.144381
0.132688
0.132959
0.127228
0.106155
0.113839
0.102812
0.0974909
0.105966
0.107867
0.114762
0.123835
0.130016
0.123615
0.136711
0.136268
0.142762
0.148528
0.154954
0.155402
0.157769
0.163962
0.167928
0.168703
0.16944
0.166854
0.167424
0.148429
0.142451
0.131361
0.128064
0.127156
0.125132
0.136029
0.133248
0.133976
0.138257
0.142021
0.149279
0.148972
0.161782
0.176061
0.179351
0.180776
0.18312
0.188696
0.192238
0.207478
0.206327
0.205217
0.213185
0.215508
0.217992
0.216389
0.211702
0.21988
0.222372
0.218114
0.216349
0.191303
0.178371
0.158587
0.136309
0.15568
0.13374
0.141997
0.131985
0.144957
0.146204
0.147735
0.143328
0.157879
0.158796
0.175149
0.177142
0.187127
0.176189
0.190701
0.189661
0.208288
0.19586
0.203598
0.207476
0.206471
0.1979
0.176017
0.166331
0.14494
0.133602
0.124284
0.128449
0.132622
0.129345
0.130015
0.133484
0.132352
0.12971
0.138569
0.143245
0.133954
0.144341
0.130892
0.137362
0.13809
0.133202
0.135877
0.130699
0.127042
0.12219
0.133248
0.129162
0.132563
0.13435
0.135755
0.125241
0.133757
0.1413
0.133553
0.118221
0.110296
0.118324
0.111299
0.107467
0.114079
0.111135
0.102693
0.110783
0.112316
0.0961416
0.118992
0.11861
0.116689
0.12695
0.121027
0.119875
0.140659
0.125098
0.134278
0.147272
0.140608
0.143258
0.149278
0.15398
0.161403
0.159208
0.157047
0.161296
0.149845
0.147737
0.144259
0.117374
0.12317
0.131715
0.116741
0.106563
0.112065
0.110884
0.107763
0.102058
0.121267
0.127068
0.11718
0.127933
0.138339
0.126342
0.137215
0.129076
0.136446
0.148501
0.134784
0.147491
0.147471
0.150443
0.160504
0.167785
0.183296
0.188856
0.19231
0.195678
0.192149
0.188939
0.181917
0.164273
0.145717
0.127918
0.106076
0.104569
0.120839
0.0984333
0.102492
0.0973886
0.112731
0.116327
0.117942
0.113134
0.101435
0.113495
0.107568
0.121738
0.112933
0.124709
0.114399
0.113778
0.122988
0.123979
0.118276
0.12126
0.129738
0.125377
0.134788
0.135518
0.137419
0.154863
0.158632
0.177974
0.183218
0.188009
0.195229
0.206035
0.196537
0.184793
0.17455
0.168875
0.143619
0.157003
0.158069
0.14819
0.162802
0.147877
0.158494
0.153425
0.161036
0.142111
0.155147
0.170244
0.169855
0.159412
0.16082
0.15824
0.153269
0.144229
0.132765
0.137983
0.136828
0.134107
0.141861
0.151902
0.128812
0.129606
0.135554
0.141286
0.140999
0.133433
0.130725
0.136941
0.135427
0.125879
0.125492
0.123381
0.136934
0.137502
0.117218
0.122374
0.138956
0.146756
0.141281
0.127656
0.131859
0.141133
0.14776
0.145017
0.161931
0.155708
0.159921
0.160952
0.159409
0.167967
0.172412
0.175532
0.182515
0.178865
0.176807
0.193058
0.204909
0.208726
0.240785
0.226421
0.231268
0.223912
0.204143
0.18653
0.137953
0.152505
0.121155
0.151021
0.188031
0.219977
0.263078
0.344089
0.368125
0.395646
0.405945
0.382653
0.322592
0.245694
0.157041
0.137179
0.132908
0.120027
0.122444
0.11597
0.118841
0.126662
0.12374
0.130124
0.14999
0.132532
0.144898
0.137817
0.147814
0.147462
0.15472
0.158103
0.147279
0.157014
0.135796
0.14206
0.134367
0.126574
0.102643
0.11069
0.112611
0.122222
0.134283
0.109578
0.107058
0.115918
0.110961
0.110313
0.107952
0.099409
0.115923
0.110555
0.108831
0.107747
0.118117
0.10864
0.107778
0.126595
0.12435
0.119004
0.136421
0.107788
0.109596
0.129491
0.11843
0.114343
0.118399
0.131252
0.100478
0.123459
0.0972761
0.105707
0.114065
0.111849
0.117104
0.123684
0.123821
0.109186
0.134292
0.133285
0.134322
0.13912
0.115682
0.117195
0.121284
0.113169
0.111817
0.10234
0.102964
0.112645
0.127812
0.11244
0.114728
0.131141
0.120457
0.129337
0.130312
0.13252
0.129516
0.114594
0.120615
0.124628
0.127279
0.141583
0.108846
0.0955272
0.0989241
0.097246
0.0825094
0.109907
0.0919209
0.0960506
0.106876
0.0875632
0.098457
0.118921
0.0992878
0.106889
0.110334
0.0676181
0.102954
0.0978099
0.0786317
0.101339
0.0847404
0.0934408
0.0968778
0.0861323
0.101619
0.088114
0.0786927
0.0838492
0.0817078
0.0730459
0.0734592
0.0680451
0.069794
0.0858108
0.0763788
0.0839052
0.0889199
0.09305
0.0880907
0.0998007
0.100245
0.0876849
0.104936
0.111762
0.11513
0.12683
0.107063
0.116063
0.0870128
0.079235
0.0618609
0.0622805
0.0592197
0.0465841
0.0830428
0.0684033
0.0793307
0.0939273
0.0938787
0.107034
0.120191
0.0931048
0.108222
0.0924406
0.0884542
0.0910711
0.102333
0.131152
0.096438
0.0824198
0.112786
0.117666
0.134846
0.120499
0.099479
0.120115
0.112426
0.113495
0.114339
0.115929
0.104629
0.114607
0.111823
0.099398
0.113928
0.113532
0.112929
0.110266
0.117342
0.119946
0.105762
0.0964524
0.121518
0.109123
0.110231
0.103478
0.103661
0.0850554
0.0968236
0.0992773
0.105772
0.113147
0.101673
0.100169
0.0795844
0.0786884
0.0757887
0.0823667
0.0702164
0.0664842
0.0636777
0.0523074
0.056734
0.0587439
0.0713257
0.0529848
0.0467343
0.0472484
0.0519866
0.0499461
0.0468797
0.0424372
0.0457359
0.0522501
0.0410014
0.0382243
0.0430127
0.0599328
0.0394103
0.0322352
0.0371423
0.0326781
0.0544033
0.0390229
0.0405
0.0478884
0.0367471
0.0444452
0.0404004
0.0562751
0.0556644
0.0403173
0.0413841
0.0373722
0.0455533
0.0542916
0.0457808
0.041868
0.0549621
0.0549212
0.0501918
0.067522
0.0673328
0.0602567
0.0573837
0.0432575
0.0521697
0.0411262
0.0493126
0.03758
0.0362487
0.0418798
0.0441369
0.0356009
0.0359055
0.0321259
0.0323225
0.0487744
0.0415433
0.0362335
0.0429587
0.0461598
0.0460594
0.0370022
0.0520627
0.0456751
0.0436672
0.0306851
0.0352423
0.044838
0.0504279
0.0432094
0.0439524
0.0366469
0.0533369
0.0455726
0.0662472
0.0598402
0.0734795
0.0804266
0.0881495
0.0863788
0.0863532
0.085679
0.0889566
0.0891281
0.0785748
0.0756632
0.0720394
0.0719147
0.0908063
0.0757349
0.0730267
0.091046
0.0811319
0.0883943
0.0960807
0.112933
0.118623
0.0900368
0.110209
0.111935
0.122665
0.106406
0.125527
0.104902
0.123797
0.12354
0.137816
0.119505
0.106987
0.11088
0.0973022
0.0908387
0.0924355
0.105615
0.0981441
0.116564
0.0754265
0.112436
0.101287
0.0995268
0.107462
0.102319
0.116475
0.129418
0.11264
0.105003
0.101526
0.114477
0.110215
0.095075
0.122772
0.126676
0.131749
0.136052
0.136426
0.158122
0.148402
0.123918
0.146314
0.123507
0.127123
0.124323
0.0973479
0.105494
0.0976293
0.0865347
0.0978359
0.0653565
0.058699
0.060997
0.0530154
0.0403699
0.0390253
0.0343029
0.0284918
0.0213645
0.0231106
0.014616
0.0195899
0.00935525
0.0166994
0.0233042
0.0185222
0.0194475
0.0215663
0.0157782
0.0203957
0.0194764
0.020589
0.0228152
0.022195
0.024558
0.0248187
0.019393
0.0116723
0.0114818
0.00797485
0.00611642
0.00865036
0
0.0086749
0.00460328
0.00255557
0.00875094
0.0110992
0.00711646
0.0137547
0.00334128
0.0058585
0.00511362
0.00631493
0.019809
0.015571
0.01679
0.0141001
0.00734137
0.0139876
0.0141251
0.0046075
0.0169098
0.00555831
0.0146916
0.0107297
0.0149653
0.0149648
0.00995103
0.010887
0.0159893
0.00966552
0.0158515
0.00736774
0.0209964
0.022098
0.0267628
0.0170153
0.0236765
0.0347581
0.0211778
0.0188887
0.0260885
0.0210009
0.0145555
0.0108336
0.0144219
0.0112978
0.0158128
0.0245477
0.0279585
0.0142643
0.0156075
0.0164656
0.0158455
0.0198077
0.0186759
0.0219843
0.0246556
0.019609
0.0229705
0.024654
0.0202942
0.0187297
0.0151661
0.0200783
0.0207736
0.0153096
0.0167636
0.019882
0.0210096
0.0172608
0.0129167
0.0224254
0.0157119
0.0203016
0.0202026
0.0165077
0.0194158
0.0213052
0.0215756
0.0191748
0.0274022
0.0277945
0.0318829
0.0295606
0.0444826
0.0291704
0.0416143
0.0420436
0.0400777
0.0345605
0.0430803
0.0345916
0.0381799
0.0413827
0.0351966
0.0397364
0.033902
0.045084
0.0471324
0.0456635
0.0489524
0.0531041
0.0547092
0.0567124
0.0611463
0.059022
0.0691869
0.0633471
0.0682537
0.0593527
0.0696313
0.0518244
0.053015
0.0588636
0.0610432
0.056048
0.064288
0.0729196
0.0708973
0.0584801
0.0551913
0.064294
0.0606485
0.0554777
0.0680286
0.0771171
0.0763534
0.0827114
0.0838401
0.0775836
0.0618775
0.0521389
0.061721
0.0703165
0.0559949
0.0569545
0.0583929
0.0585856
0.052303
0.0515147
0.0466616
0.0537344
0.060633
0.0468325
0.0461442
0.049239
0.0436049
0.0511157
0.0633836
0.0568964
0.056367
0.0583178
0.0486245
0.0683735
0.0515897
0.0527677
0.0608596
0.0342305
0.0374608
0.0314053
0.0428895
0.057735
0.041084
0.0424563
0.0430762
0.0261506
0.0340383
0.0272698
0.0303183
0.0265443
0.0432945
0.0341574
0.0329011
0.0459897
0.0178459
0.0293036
0.0369662
0.06123
0.0437109
0.0439876
0.038982
0.0482999
0.0426795
0.0371493
0.0269919
0.0138115
0.0272745
0.0221645
0.0164232
0.0217429
0.010058
0.015049
0.00936858
0.0177607
0.0270561
0.00574892
0.00688296
0.01034
0.00279941
0.00518533
0.0166948
0.0127998
0.0139028
0.011836
0.0248756
0.0323055
0.0283101
0.0338921
0.0465005
0.0310113
0.0385364
0.0320221
0.0235771
0.0403052
0.0281915
0.0272216
0.0207676
0.0181656
0.0282786
0.0127158
0.0129544
0.00979014
0.00892515
0.0202338
0.0232758
0.0150929
0.0109434
0.0108824
0.0112648
0.0128357
0.0110796
0.0150525
0.00815178
0.00490566
0.0144874
0.0172898
0.0233771
0.00872019
0.0130373
0.0143134
0.0234523
0.0279153
0.0280572
0.0213033
0.012485
0.0187366
0.0114255
0.0149572
0.0147506
0.00853932
0.00637292
0.0161212
0.0140473
0.0278096
0.0105339
0.0151186
0.0155504
0.0150287
0.0140178
0.0108651
0.0229099
0.0198968
0.0197396
0.0231974
0.0193628
0.0200332
0.0205975
0.0283843
0.0324203
0.0214666
0.0328853
0.022899
0.0308919
0.0159861
0.0265283
0.0197034
0.0168228
0.0165896
0.0168363
0.0207828
0.0177678
0.0185313
0.0159235
0.0114306
0.0205036
0.0111799
0.0122937
0.0131558
0.0193378
0.0122933
0.0155469
0.0221182
0.0136626
0.0186463
0.0199354
0.0220244
0.0303866
0.0247779
0.0345822
0.0213873
0.0265962
0.032934
0.0352952
0.0318781
0.0263585
0.0329602
0.0227194
0.0358671
0.0222522
0.031203
0.0324734
0.0265336
0.0222681
0.0212762
0.0263092
0.0300168
0.0198426
0.0254246
0.0287891
0.0275881
0.0234319
0.0316972
0.0279421
0.0280358
0.0316025
0.0309512
0.0385272
0.0330609
0.0380083
0.046499
0.0657276
0.0849846
0.144108
0.295366
0.469173
0.566731
0.577372
0.561078
0.467244
0.287968
0.134305
0.0819747
0.0631238
0.0546251
0.0460244
0.048563
0.0450943
0.0450088
0.0374137
0.0433882
0.038231
0.0430691
0.0405197
0.0393015
0.0344392
0.0326417
0.0450944
0.0361581
0.0374283
0.0371375
0.0335402
0.0406315
0.0452291
0.0363045
0.038172
0.0336361
0.0377561
0.035215
0.0371943
0.0381577
0.027688
0.0419922
0.0436423
0.0339473
0.0366003
0.0468167
0.0413926
0.0399376
0.0388834
0.0315313
0.0409946
0.0441364
0.0451595
0.038255
0.0445193
0.0377994
0.0454355
0.0377387
0.0402934
0.0457863
0.0408386
0.0375337
0.0446263
0.0441345
0.0376484
0.0406807
0.0430234
0.0399435
0.040291
0.0344832
0.0336784
0.0327169
0.0532946
0.0309399
0.0346182
0.0278833
0.0307209
0.0491225
0.0430538
0.0316582
0.0503452
0.0347643
0.0373205
0.031052
0.032703
0.0366749
0.0413579
0.0374902
0.0314893
0.0386619
0.032202
0.032879
0.0361159
0.035118
0.0340159
0.041563
0.0315152
0.0423707
0.0435329
0.0359505
0.0364039
0.0381767
0.0391708
0.0435198
0.0420043
0.0372311
0.0391801
0.0466764
0.0404483
0.0431634
0.0524473
0.0431556
0.0474169
0.0357431
0.0373159
0.0447116
0.0406971
0.060931
0.0578132
0.0571119
0.0527336
0.0384567
0.0599799
0.0569793
0.0428597
0.054324
0.0471514
0.0430823
0.0567909
0.0509557
0.0626068
0.0481482
0.0582977
0.0490926
0.0447701
0.0448323
0.0444585
0.0561316
0.0492129
0.0491842
0.0493566
0.0662607
0.0400317
0.0448836
0.0344844
0.063299
0.0403726
0.0558832
0.0602017
0.0486117
0.0661976
0.0774988
0.0574809
0.0683858
0.0519417
0.0599562
0.0748615
0.10022
0.0473348
0.08542
0.0769819
0.0847955
0.0744875
0.0693995
0.0727595
0.0589499
0.0693599
0.0904029
0.0384064
0.0785741
0.0645744
0.0798268
0.0689472
0.075225
0.0710733
0.0917288
0.0895259
0.0662951
0.0989013
0.0673215
0.120794
0.111476
0.0912479
0.110528
0.0551036
0.0763735
0.0610058
0.058145
0.0931786
0.0888262
0.0720169
0.0705661
0.0977261
0.0866254
0.102981
0.0803654
0.0744564
0.0651012
0.0744244
0.0916938
0.0540043
0.0812563
0.0791652
0.0537134
0.0454596
0.038559
0.0871935
0.0781303
0.0746523
0.0727992
0.0853819
0.0808708
0.0528771
0.0717956
0.0429062
0.0474874
0.0564516
0.063316
0.0533939
0.100306
0.0753339
0.0937445
0.0790808
0.0676471
0.102042
0.0933237
0.105584
0.0859411
0.0880332
0.0751979
0.0586834
0.0431507
0.0643284
0.0331607
0.0568665
0.0619207
0.0406713
0.0513738
0.0491889
0.0461311
0.0509197
0.045317
0.0691166
0.0537576
0.0571097
0.0505643
0.0651419
0.0667625
0.0653981
0.080549
0.0664738
0.0745384
0.0841491
0.0767491
0.0883736
0.0960942
0.107278
0.126356
0.125379
0.14315
0.151841
0.163078
0.163584
0.157418
0.119571
0.081122
0.0527805
0.0458052
0.0451776
0.0447026
0.0367818
0.0297942
0.0627569
0.0393951
0.044297
0.0498763
0.0375064
0.0476806
0.0486565
0.0440948
0.0314494
0.0447536
0.0464741
0.0310512
0.0417648
0.0457703
0.0444532
0.046013
0.0396347
0.0382975
0.0416661
0.048879
0.0362745
0.0342612
0.0483569
0.0425132
0.0416661
0.0448967
0.0283116
0.0464384
0.0440709
0.0402615
0.0333111
0.0401577
0.0424611
0.0445671
0.0359516
0.0360496
0.0505375
0.0477116
0.0316056
0.0419317
0.038161
0.035257
0.0390792
0.0473484
0.0400501
0.0422324
0.0369425
0.0596353
0.0415729
0.058745
0.0428223
0.0264769
0.0324844
0.0310969
0.0468649
0.0315254
0.054536
0.0349893
0.0399129
0.0414037
0.0422144
0.0251737
0.0435553
0.049509
0.0394857
0.0402191
0.0355258
0.0399378
0.0317575
0.0465106
0.0436843
0.0429049
0.0411176
0.0437258
0.0270953
0.0369294
0.0329612
0.039874
0.0213086
0.0295843
0.0404119
0.0362208
0.0340491
0.0410619
0.0346671
0.0406813
0.0325762
0.0367933
0.0378382
0.0480932
0.0356694
0.045851
0.0452311
0.0356315
0.0499411
0.0529564
0.060741
0.0616263
0.0622423
0.061312
0.070331
0.0760965
0.079542
0.0781889
0.0804443
0.086621
0.0799582
0.0805605
0.0792804
0.0582542
0.0524712
0.0377875
0.0385638
0.0342926
0.0395563
0.0386905
0.0423633
0.0357676
0.0409732
0.0420979
0.0300182
0.0335751
0.0345741
0.0416311
0.0374146
0.0402497
0.0424517
0.0454096
0.0449212
0.0431738
0.0437681
0.0443082
0.0524096
0.0573423
0.05975
0.0567183
0.0610512
0.065354
0.0677459
0.0728645
0.0820483
0.0942384
0.104037
0.100464
0.111581
0.111706
0.102145
0.105
0.0905842
0.0855523
0.0864237
0.0782793
0.0778819
0.0726917
0.0604472
0.0553256
0.0494856
0.0614706
0.0684326
0.0601565
0.0632677
0.0496164
0.045161
0.0538889
0.0606858
0.0556002
0.0657068
0.0556065
0.0581822
0.0584013
0.0740333
0.0543867
0.0660608
0.0600973
0.068939
0.0726062
0.0751968
0.081836
0.0851713
0.0812277
0.0818368
0.0933247
0.0919722
0.0981064
0.103462
0.112146
0.117112
0.120918
0.112056
0.119692
0.117745
0.0984786
0.0934487
0.0850803
0.074245
0.0785359
0.0637541
0.0567491
0.0564054
0.0587099
0.0727337
0.064867
0.0534806
0.0611653
0.0615348
0.0599252
0.0700413
0.0618498
0.0448867
0.0525885
0.0471066
0.0540339
0.0564731
0.060974
0.0501461
0.052865
0.0591878
0.0546374
0.0490781
0.0586805
0.0501513
0.0412776
0.0542686
0.0488749
0.0420541
0.0496132
0.0551044
0.0489465
0.0378873
0.0416687
0.0506839
0.0468503
0.0501578
0.0422363
0.0482604
0.0488967
0.0438733
0.0470504
0.0451818
0.0439199
0.0465224
0.0482336
0.0397014
0.0434374
0.0451967
0.0466546
0.0474435
0.0449401
0.0417598
0.0389772
0.0432538
0.0486388
0.0541673
0.0518381
0.0524787
0.054361
0.0594254
0.0723962
0.063099
0.0694287
0.067315
0.0685834
0.0723678
0.0696631
0.0732218
0.08447
0.0714768
0.0837659
0.0787568
0.0886355
0.0759218
0.0959425
0.0998025
0.0835906
0.0863587
0.104271
0.0918413
0.0855603
0.105505
0.110461
0.0834719
0.110547
0.109934
0.114455
0.117292
0.106911
0.113381
0.105995
0.114558
0.0878734
0.0978644
0.0971861
0.0900328
0.0844885
0.0728827
0.0755607
0.0889359
0.109838
0.118147
0.0924194
0.0980395
0.0999755
0.102067
0.0952461
0.0972036
0.11913
0.122631
0.110355
0.117741
0.107702
0.121998
0.128712
0.116808
0.119052
0.115153
0.120275
0.102937
0.0829499
0.0746111
0.110966
0.101541
0.0930641
0.097837
0.0753957
0.127499
0.0814211
0.102175
0.0925653
0.113876
0.0839468
0.124911
0.131508
0.128879
0.119491
0.141776
0.108864
0.132986
0.075742
0.118015
0.117625
0.131768
0.147995
0.122299
0.135087
0.139264
0.131423
0.129654
0.136808
0.15528
0.170851
0.144682
0.151978
0.163464
0.14347
0.155583
0.153714
0.160874
0.172391
0.166345
0.169449
0.148197
0.137499
0.161091
0.162371
0.16257
0.148737
0.13601
0.133535
0.128486
0.101942
0.106511
0.0957375
0.0921007
0.0836004
0.0918024
0.0558691
0.0871772
0.0629147
0.0841278
0.0874837
0.0939341
0.0773194
0.0893826
0.100929
0.095989
0.0994172
0.0594074
0.0663618
0.12335
0.110818
0.115953
0.109944
0.12403
0.111287
0.174661
0.132218
0.117537
0.122717
0.181704
0.169503
0.155665
0.169275
0.197451
0.142322
0.158657
0.175138
0.175267
0.196397
0.193443
0.197499
0.188479
0.206746
0.189419
0.188136
0.187331
0.224071
0.170303
0.193002
0.17203
0.179962
0.18578
0.135345
0.102716
0.140872
0.151613
0.110178
0.104863
0.139521
0.0726828
0.103704
0.0903695
0.112934
0.110353
0.121661
0.117582
0.079306
0.12035
0.0946677
0.0658658
0.0863696
0.0933373
0.106533
0.0913664
0.125933
0.123025
0.0638401
0.0897351
0.0980427
0.0794802
0.101055
0.120101
0.0919752
0.099929
0.14111
0.137743
0.109014
0.0872662
0.0990781
0.150118
0.040955
0.135755
0.167737
0.106105
0.0895307
0.116363
0.164389
0.106168
0.0829433
0.131653
0.0991665
0.13567
0.094448
0.0941743
0.121407
0.0493154
0.0942418
0.121284
0.130325
0.125703
0.10572
0.12655
0.0813915
0.110266
0.107123
0.11602
0.105619
0.126507
0.11244
0.118712
0.136629
0.113109
0.0732141
0.143328
0.116774
0.147632
0.13875
0.101149
0.0819752
0.0843437
0.0773208
0.128968
0.139589
0.11114
0.0708531
0.0512503
0.141339
0.0798527
0.0583607
0.129608
0.120279
0.0951012
0.0865938
0.112057
0.138487
0.161492
0.112241
0.0609243
0.0565754
0.0827215
0.0405283
0.0889018
0.129434
0.0906742
0.0603812
0.0563977
0.0448999
0.06988
0.104368
0.121533
0.205942
0.163432
0.117223
0.0972016
0.109605
0.0918835
0.0949784
0.151286
0.105137
0.114346
0.129925
0.145689
0.129125
0.123309
0.11762
0.139029
0.129875
0.150925
0.137702
0.165814
0.111148
0.0909033
0.0898944
0.131412
0.100637
0.0685524
0.164327
0.0887807
0.105283
0.0819787
0.0799678
0.0837556
0.107669
0.0695207
0.0827466
