0.147584
0.149868
0.153557
0.157664
0.143863
0.154231
0.160335
0.161979
0.164587
0.170533
0.174816
0.17703
0.183568
0.186841
0.190184
0.193446
0.196709
0.195626
0.194732
0.193245
0.198204
0.191869
0.192752
0.193286
0.202446
0.210187
0.218517
0.22234
0.22831
0.228599
0.232208
0.238132
0.237644
0.243348
0.241775
0.247391
0.245654
0.247117
0.244936
0.240317
0.229252
0.22834
0.235699
0.243615
0.246906
0.256719
0.263185
0.266445
0.271726
0.269265
0.268986
0.253377
0.238763
0.236091
0.236074
0.237097
0.253751
0.280373
0.284829
0.274189
0.261379
0.221869
0.186024
0.178192
0.163935
0.161725
0.138708
0.139875
0.136934
0.137905
0.132336
0.124499
0.126482
0.127211
0.125455
0.1233
0.126347
0.119919
0.127106
0.136614
0.1314
0.143418
0.134525
0.133779
0.137831
0.137143
0.138887
0.146749
0.150494
0.155689
0.160304
0.169744
0.171472
0.181307
0.191589
0.203111
0.217078
0.227905
0.236362
0.241734
0.245403
0.243501
0.244732
0.229073
0.212831
0.197268
0.186417
0.187018
0.189015
0.193265
0.1958
0.199847
0.201355
0.199587
0.199808
0.198079
0.188313
0.185867
0.186388
0.179625
0.179385
0.184083
0.19124
0.195612
0.205591
0.215141
0.214423
0.215765
0.223277
0.225818
0.231218
0.232601
0.236374
0.236297
0.236727
0.236742
0.245816
0.249413
0.246922
0.235962
0.225101
0.208929
0.211023
0.187584
0.199601
0.210687
0.212663
0.217543
0.222904
0.231793
0.242608
0.2496
0.261647
0.263687
0.271136
0.271523
0.27199
0.277753
0.277379
0.279875
0.276791
0.282864
0.278946
0.27289
0.250162
0.215341
0.17637
0.15402
0.135952
0.127514
0.12147
0.123622
0.120292
0.125197
0.120761
0.125078
0.12162
0.134461
0.139809
0.133555
0.14212
0.144698
0.160272
0.142822
0.141569
0.140613
0.140887
0.141389
0.140629
0.145356
0.130377
0.142933
0.140682
0.141796
0.147292
0.148374
0.151462
0.143384
0.141412
0.142911
0.122263
0.120113
0.110027
0.114089
0.12018
0.119695
0.129725
0.132492
0.141205
0.145142
0.150939
0.146465
0.167149
0.168233
0.166281
0.168791
0.176087
0.178226
0.183901
0.183672
0.190533
0.189467
0.186525
0.171799
0.158107
0.14969
0.131448
0.146092
0.138171
0.150728
0.148363
0.1602
0.1547
0.153158
0.1612
0.17678
0.186097
0.198239
0.204968
0.20386
0.207686
0.211314
0.216964
0.229248
0.231919
0.231199
0.239678
0.24288
0.245137
0.249096
0.242859
0.25243
0.253199
0.250106
0.245105
0.232609
0.212228
0.186887
0.168152
0.169665
0.166515
0.15669
0.153526
0.170381
0.169624
0.169607
0.167994
0.185972
0.188106
0.197814
0.208635
0.211979
0.20239
0.214887
0.219111
0.226512
0.221186
0.232999
0.230577
0.231755
0.219987
0.197249
0.180226
0.16166
0.142183
0.12861
0.137682
0.141306
0.133482
0.149403
0.160461
0.148885
0.143923
0.166723
0.161672
0.164766
0.156139
0.145819
0.157157
0.150253
0.155515
0.158366
0.152076
0.142094
0.1395
0.138812
0.140356
0.140183
0.142153
0.153754
0.152829
0.146815
0.148028
0.143872
0.12916
0.123684
0.126087
0.12649
0.117293
0.129489
0.121445
0.119178
0.136101
0.107159
0.116165
0.133913
0.134056
0.141379
0.133962
0.129566
0.131987
0.149486
0.141012
0.145819
0.158946
0.165498
0.156404
0.169626
0.168176
0.172662
0.17979
0.178837
0.181581
0.172705
0.17274
0.1538
0.137994
0.142986
0.140719
0.144229
0.135439
0.119052
0.129688
0.130073
0.12036
0.135191
0.138361
0.144678
0.132358
0.139147
0.156149
0.14383
0.154146
0.146361
0.161526
0.163
0.165575
0.160171
0.173024
0.178838
0.193202
0.205428
0.210914
0.211538
0.213299
0.218686
0.214875
0.204264
0.185052
0.167038
0.150515
0.132893
0.125511
0.127462
0.118451
0.12022
0.111102
0.131253
0.140322
0.128092
0.134194
0.119705
0.125527
0.112901
0.130822
0.135545
0.139024
0.123976
0.132669
0.130333
0.135622
0.133532
0.129419
0.144373
0.138117
0.140807
0.145554
0.155866
0.172067
0.179697
0.210742
0.216585
0.217615
0.226011
0.225266
0.228459
0.208041
0.204528
0.194485
0.175737
0.187145
0.170547
0.176788
0.16915
0.175607
0.184445
0.180254
0.172299
0.170161
0.175701
0.19861
0.190592
0.182769
0.183521
0.176436
0.176578
0.156714
0.141105
0.160457
0.156359
0.154246
0.154258
0.166295
0.152155
0.144158
0.16621
0.154776
0.149831
0.151761
0.156212
0.16457
0.148769
0.140734
0.140027
0.15309
0.157159
0.149191
0.156139
0.157199
0.165953
0.163261
0.144024
0.149922
0.147526
0.165603
0.18509
0.163643
0.175598
0.166462
0.180806
0.179762
0.180822
0.186317
0.197698
0.195956
0.20384
0.204036
0.21242
0.224211
0.235857
0.268984
0.265994
0.278793
0.281185
0.235366
0.265944
0.233288
0.187702
0.176082
0.149652
0.180142
0.188821
0.240251
0.269949
0.364679
0.421884
0.425418
0.445554
0.406399
0.364037
0.272209
0.189951
0.160501
0.147175
0.14366
0.133675
0.119472
0.137241
0.148697
0.154868
0.152585
0.156609
0.162932
0.15448
0.165273
0.176341
0.158639
0.179118
0.180368
0.166997
0.182384
0.165139
0.167141
0.151567
0.133346
0.112805
0.13362
0.13266
0.139996
0.150373
0.143704
0.117841
0.128401
0.111568
0.111097
0.115747
0.101995
0.123309
0.121141
0.120883
0.125836
0.122622
0.121652
0.120576
0.146051
0.134723
0.130241
0.162264
0.131657
0.126141
0.155931
0.154524
0.134179
0.143574
0.172284
0.128654
0.129598
0.116963
0.125784
0.127232
0.13027
0.133281
0.138486
0.136414
0.12997
0.142691
0.145414
0.154251
0.168369
0.142226
0.12936
0.135013
0.119181
0.134609
0.126241
0.116471
0.131625
0.147705
0.132225
0.124157
0.138261
0.148784
0.144817
0.140026
0.145209
0.132348
0.13551
0.158615
0.140354
0.156955
0.160616
0.139347
0.119477
0.124054
0.130101
0.103364
0.114563
0.105276
0.118095
0.116085
0.1027
0.12605
0.122971
0.124626
0.12447
0.129783
0.092133
0.0987926
0.102612
0.102302
0.121823
0.0880881
0.112571
0.128107
0.111558
0.113665
0.103534
0.102892
0.0999132
0.102599
0.0866108
0.0883005
0.0747226
0.0811417
0.0851369
0.100793
0.104439
0.0974602
0.107954
0.109822
0.105464
0.117207
0.124342
0.121943
0.124827
0.135596
0.138492
0.116168
0.120851
0.106754
0.0962234
0.0737265
0.0845073
0.0702502
0.0468227
0.0830904
0.0802202
0.0903992
0.123689
0.115818
0.114911
0.139396
0.122025
0.132244
0.123496
0.107358
0.122164
0.114365
0.130079
0.121089
0.146591
0.145156
0.139587
0.15819
0.141102
0.131922
0.155254
0.140144
0.14287
0.135313
0.14479
0.119799
0.149813
0.148621
0.10576
0.124734
0.136365
0.132051
0.135474
0.133705
0.117936
0.123695
0.119843
0.143794
0.136773
0.134762
0.124092
0.126447
0.106701
0.122901
0.114903
0.115527
0.114847
0.100847
0.11661
0.0972184
0.123666
0.0888316
0.0890573
0.0723577
0.0770978
0.0678931
0.0601415
0.0645033
0.055666
0.0749226
0.0692435
0.0556393
0.0438051
0.0597894
0.0532173
0.0553228
0.0566306
0.0512401
0.0637455
0.0610961
0.041286
0.0472672
0.06294
0.0539021
0.0478107
0.0393662
0.0298982
0.0369509
0.0382833
0.0371152
0.0448272
0.0455327
0.0582466
0.0540676
0.0566585
0.0496452
0.0535934
0.0496185
0.0516175
0.0624752
0.0537672
0.0561278
0.0496221
0.0729103
0.0605649
0.0625547
0.0661195
0.0773306
0.0516759
0.0668488
0.0463959
0.0568924
0.0493195
0.0497663
0.0365783
0.0488989
0.0451186
0.0507801
0.0292608
0.0419645
0.0374743
0.0361141
0.0549567
0.0498113
0.0393191
0.0561888
0.0690018
0.0448144
0.0488497
0.0426268
0.0516472
0.0471282
0.0446486
0.0357348
0.0392465
0.0547374
0.0477416
0.053529
0.0448237
0.0571078
0.0443614
0.0539261
0.0746058
0.0994642
0.0837778
0.088053
0.0892355
0.0899403
0.107081
0.0912463
0.11166
0.0955189
0.097428
0.0950742
0.0809211
0.100208
0.101188
0.0919962
0.108507
0.0735801
0.097928
0.121989
0.131937
0.125495
0.11872
0.133238
0.135388
0.138691
0.13343
0.155766
0.148901
0.155394
0.156983
0.175189
0.153123
0.120241
0.143846
0.126796
0.101862
0.10679
0.121582
0.110402
0.151942
0.103403
0.125682
0.122876
0.138586
0.118378
0.122862
0.135408
0.136619
0.13298
0.144153
0.134279
0.130131
0.141542
0.116564
0.154022
0.14026
0.140481
0.165069
0.159098
0.171978
0.166163
0.149592
0.150659
0.144642
0.149451
0.150659
0.135696
0.116519
0.122816
0.109493
0.0943261
0.0834703
0.0800506
0.0694057
0.0589624
0.0512729
0.0443554
0.0460609
0.034514
0.0179869
0.0188998
0.014723
0.0198961
0.0142807
0.0138181
0.0192452
0.012088
0.0215663
0.0118737
0.0123722
0.00936893
0.0116084
0.0197197
0.0214598
0.0168346
0.0251821
0.0280459
0.0253347
0.0212757
0.0050435
0.0058647
0.00555582
0.0012426
0
0.00478932
0.00747488
0.0026566
0.00301175
0.0114651
0.00605689
0.00500464
0.00880547
0.00174288
0.000625468
0.00347696
0.0092897
0.0139237
0.0127636
0.0181059
0.0166927
0.0138077
0.0102128
0.00733174
0.0195272
0.00452693
0.0143853
0.00939302
0.01111
0.00923115
0.0132334
0.0116532
0.0102412
0.00740466
0.0119294
0.0138845
0.0170077
0.0196978
0.021741
0.0162304
0.019296
0.0211535
0.0248578
0.0237051
0.0289464
0.0209116
0.0174802
0.0174504
0.0170978
0.0168515
0.0260306
0.0248262
0.0272475
0.0167183
0.0173747
0.0169929
0.0202912
0.0202475
0.0220725
0.0198241
0.0282032
0.0300761
0.0333986
0.0275587
0.0248494
0.015898
0.0207429
0.0159123
0.0157138
0.0186183
0.0186247
0.0219403
0.0253632
0.0221311
0.0135769
0.0218112
0.021218
0.0239052
0.0260713
0.0126076
0.0255487
0.0271656
0.0243765
0.0258079
0.0325376
0.0307608
0.0311962
0.0331846
0.0434749
0.0362644
0.0461071
0.0489458
0.0439679
0.0412678
0.0398968
0.0419293
0.0400265
0.0454954
0.0452131
0.0451164
0.0414221
0.0447232
0.0489702
0.0489501
0.052138
0.0559093
0.0564225
0.0692992
0.0641343
0.0748353
0.0745824
0.0678349
0.0753255
0.0710683
0.0773402
0.0640365
0.0616236
0.0691204
0.0695796
0.0669931
0.073065
0.0688046
0.0770049
0.0586227
0.0706752
0.0756271
0.0741965
0.0683313
0.0639161
0.0752233
0.0839232
0.095201
0.0940254
0.0792578
0.0819615
0.065145
0.0665206
0.0637321
0.0658627
0.0685696
0.0656276
0.0641718
0.0581344
0.0603885
0.065538
0.0783137
0.0580971
0.058797
0.0649391
0.0605109
0.0503792
0.0673315
0.0705968
0.0653823
0.0744889
0.0800944
0.0719512
0.0608047
0.0653786
0.0590823
0.0659662
0.0629293
0.0487385
0.0294772
0.0436536
0.0522341
0.0425516
0.0451823
0.0566349
0.0410407
0.0381436
0.0334325
0.0404658
0.0317296
0.041907
0.0340644
0.0351325
0.0475744
0.036049
0.0387189
0.0475023
0.0382602
0.0462498
0.0418359
0.0476727
0.0350883
0.0343435
0.035965
0.0305556
0.0182484
0.0246306
0.015138
0.0239474
0.0173405
0.024701
0.0174515
0.010238
0.019996
0.014085
0.00394805
0.00800677
0.00932556
0.0111085
0.0122484
0.0190574
0.0161671
0.0145817
0.00907361
0.0178807
0.0306495
0.0268121
0.0334419
0.0565974
0.0298129
0.0399992
0.0270228
0.0210079
0.0405734
0.0316224
0.0219022
0.0300864
0.0207709
0.0246219
0.0168946
0.0155712
0.0186727
0.0129907
0.022188
0.0215214
0.0155563
0.00850339
0.00960912
0.0112781
0.00717847
0.0182302
0.00906905
0.0105331
0.0121164
0.0080771
0.0167049
0.00914815
0.0092465
0.0204683
0.0196367
0.0226212
0.0248053
0.027907
0.0154087
0.0158397
0.0166556
0.0187159
0.0182945
0.019127
0.00418757
0.00743814
0.013787
0.0161521
0.0199998
0.00987028
0.0095652
0.00634276
0.00933509
0.0200025
0.0123921
0.0181478
0.0161589
0.024187
0.0237342
0.0121971
0.0203644
0.0217552
0.0279402
0.0341094
0.0182176
0.0249509
0.0168526
0.0270847
0.0292755
0.0175151
0.0193342
0.0196827
0.0182454
0.0170578
0.0154499
0.0154328
0.0176208
0.0172357
0.0167832
0.0171542
0.00950745
0.0153134
0.0117349
0.01717
0.0182675
0.0174384
0.0223133
0.0162298
0.0123525
0.0173583
0.0228669
0.0273478
0.027617
0.0265291
0.0221853
0.0230838
0.0343593
0.0443815
0.0327213
0.0327421
0.0270897
0.0293489
0.0357387
0.0290024
0.0264122
0.0274886
0.034634
0.0291382
0.02746
0.0302424
0.0320605
0.0284879
0.0329738
0.0240355
0.0343542
0.0275055
0.0247718
0.0287001
0.0317304
0.0313305
0.0294325
0.0416327
0.0403915
0.0433036
0.0435923
0.0669815
0.0994576
0.155201
0.322215
0.516159
0.613847
0.627245
0.607294
0.512101
0.316181
0.153451
0.0929409
0.0736483
0.0569638
0.0485536
0.0529587
0.0516941
0.0491802
0.0462166
0.0496607
0.0435212
0.0458962
0.047085
0.0432662
0.0430343
0.0414541
0.0405007
0.0448645
0.0440013
0.0367708
0.0384718
0.0442773
0.0417576
0.0443974
0.0507857
0.0419556
0.03955
0.046057
0.0453594
0.0383358
0.0394874
0.039458
0.0435558
0.0410745
0.0444655
0.0409876
0.0460474
0.0437222
0.041015
0.0365828
0.0484701
0.0506365
0.0481202
0.0414017
0.0450797
0.0487646
0.0480512
0.0407648
0.0462901
0.0433654
0.0416432
0.0458411
0.0435632
0.0436899
0.0434127
0.0444094
0.0414539
0.0384913
0.0428207
0.0504121
0.0401721
0.0413119
0.0468549
0.0386276
0.0429283
0.0376662
0.0401294
0.0507609
0.0443389
0.0414089
0.0425408
0.0464293
0.0364959
0.0319243
0.0428825
0.0374237
0.0446236
0.0438272
0.0468988
0.0403537
0.0413188
0.0477434
0.0373011
0.0392597
0.036835
0.0475855
0.0333606
0.0433313
0.0443109
0.0413015
0.0405085
0.0417536
0.0347709
0.0502989
0.0497291
0.0439127
0.0500309
0.0619836
0.0433151
0.0487337
0.0573687
0.0507169
0.0489327
0.0408806
0.0409475
0.0671264
0.0451422
0.060226
0.0561937
0.0522752
0.0672581
0.0465086
0.0692548
0.0642211
0.0559374
0.056767
0.0758725
0.0534116
0.0667204
0.0494037
0.0760145
0.0610514
0.0693993
0.0566513
0.0648769
0.0541113
0.0581264
0.0534447
0.0602012
0.0519041
0.0589053
0.0698762
0.0563159
0.0414313
0.0648092
0.0717022
0.0616132
0.0690257
0.0521025
0.0574674
0.0872773
0.08998
0.0599679
0.107457
0.0649094
0.0782687
0.0883213
0.100816
0.0477238
0.0903099
0.109336
0.0982386
0.117375
0.123083
0.0808755
0.0862507
0.0870799
0.065649
0.0856968
0.136214
0.0791724
0.0866275
0.0933143
0.0947433
0.0973731
0.0889591
0.0901042
0.110485
0.0991986
0.0934783
0.124616
0.11476
0.11667
0.122888
0.0882085
0.0748796
0.101811
0.108855
0.0830629
0.0979055
0.0922605
0.0908815
0.108882
0.0736239
0.12342
0.11721
0.0870523
0.0838682
0.0964646
0.0911614
0.0763419
0.0670407
0.0911621
0.101566
0.0845209
0.0640346
0.103764
0.0846362
0.0834309
0.0665051
0.0776379
0.0952422
0.0879092
0.0866358
0.0597978
0.0716431
0.0626873
0.0520864
0.0683152
0.0884828
0.0820539
0.10693
0.0945453
0.0925575
0.102492
0.0997652
0.124702
0.104897
0.0891853
0.0752877
0.0776672
0.0704813
0.0668623
0.0657847
0.0571668
0.0709164
0.0533517
0.069729
0.063556
0.0503985
0.06568
0.0509503
0.0603931
0.0544192
0.0607867
0.0648695
0.0670211
0.068382
0.0798679
0.0808444
0.0782236
0.097551
0.104449
0.0850739
0.100913
0.11645
0.12652
0.131634
0.127956
0.169306
0.156285
0.170111
0.179895
0.165891
0.145783
0.098659
0.058667
0.0551812
0.0654196
0.0437692
0.0553531
0.0579625
0.0672258
0.0451558
0.053914
0.0582905
0.0428395
0.0477941
0.0386508
0.051392
0.0475297
0.0703995
0.0606892
0.0375696
0.0542989
0.0326886
0.0454087
0.0581727
0.0504956
0.0419946
0.0462932
0.0508679
0.0553659
0.0375061
0.0503545
0.0446319
0.0399878
0.0451769
0.0408335
0.0471748
0.0488651
0.0551094
0.0339665
0.0357812
0.0544923
0.0470885
0.0427414
0.0439877
0.0513346
0.0457301
0.0453426
0.0458055
0.0476388
0.0482598
0.0372516
0.0425399
0.038919
0.0460314
0.0508259
0.0461127
0.0393362
0.0525628
0.0484547
0.035408
0.0330882
0.0427625
0.0398931
0.0534681
0.0436271
0.0359437
0.0610979
0.0480598
0.0429653
0.0335079
0.0429895
0.0493568
0.0446529
0.0484989
0.0448719
0.049279
0.0377697
0.0433924
0.0496701
0.047121
0.047134
0.0492181
0.0363806
0.037793
0.0373398
0.0407871
0.0336121
0.0362972
0.0391621
0.035651
0.0427117
0.0376839
0.0355736
0.0480858
0.0406405
0.0403425
0.0500059
0.0544753
0.0425479
0.0492459
0.0511146
0.0520576
0.0494074
0.0578051
0.0610937
0.0718017
0.0736565
0.0635286
0.0730029
0.0725303
0.0764342
0.089017
0.0885427
0.0895034
0.0949776
0.0882959
0.0802976
0.0662932
0.0554939
0.0575406
0.035752
0.0381439
0.0398469
0.0398662
0.0381936
0.0410511
0.043115
0.0449461
0.0398614
0.0387056
0.0376121
0.0418561
0.0392364
0.0429212
0.0426831
0.0505046
0.047324
0.0484319
0.0419615
0.0514782
0.0550564
0.0642852
0.0627101
0.0707541
0.0645116
0.0716983
0.0796833
0.0839646
0.0963536
0.100663
0.113763
0.112587
0.12181
0.122627
0.119226
0.122293
0.100383
0.0989676
0.0952477
0.0852586
0.0721517
0.0819265
0.062491
0.0630631
0.0665956
0.0718196
0.0681672
0.0601815
0.0758663
0.056921
0.0578084
0.0552254
0.071182
0.058596
0.069664
0.067493
0.0707725
0.0675195
0.0776766
0.0630054
0.0754532
0.0679762
0.0736412
0.0804603
0.0829493
0.0902031
0.093781
0.0856659
0.092847
0.100234
0.103581
0.108284
0.119643
0.125892
0.132704
0.138458
0.132448
0.134636
0.131077
0.120547
0.112878
0.0986355
0.0801967
0.0806987
0.0627521
0.0679506
0.0626034
0.066579
0.0706758
0.0701751
0.0601358
0.0781218
0.0643134
0.0741505
0.0708298
0.0666039
0.0595333
0.0738602
0.0632902
0.0566852
0.0691923
0.0534177
0.0529215
0.0679478
0.074141
0.0602946
0.0551871
0.0571502
0.055945
0.0459628
0.0593964
0.0562484
0.0520716
0.0439839
0.0568117
0.0508216
0.0522149
0.0575999
0.0559502
0.0556648
0.0576232
0.0517147
0.0477986
0.0545653
0.0532188
0.0549087
0.0536486
0.0585807
0.0556285
0.0525561
0.0534594
0.0564702
0.0557317
0.0561903
0.0593265
0.0510459
0.0420423
0.0489777
0.0540255
0.0561513
0.0551269
0.0542421
0.0522784
0.0636913
0.0602659
0.0670698
0.0633903
0.072147
0.0728343
0.069074
0.0752415
0.0778323
0.0755185
0.0784729
0.073675
0.0949412
0.0846207
0.0860105
0.0801737
0.104296
0.111381
0.0976348
0.108341
0.110752
0.0913332
0.106777
0.117047
0.11846
0.104396
0.119181
0.140798
0.12945
0.137361
0.131938
0.112969
0.126872
0.114783
0.0943058
0.107528
0.0934022
0.0896096
0.105606
0.0782874
0.088501
0.11301
0.111737
0.116825
0.104048
0.106094
0.118293
0.108927
0.114671
0.128991
0.125523
0.136383
0.134812
0.127118
0.128624
0.12591
0.136514
0.127737
0.128895
0.12378
0.129508
0.10679
0.0912373
0.0908566
0.109194
0.117502
0.114232
0.103323
0.104349
0.129881
0.101212
0.136564
0.132011
0.131767
0.109643
0.152362
0.152898
0.121356
0.115973
0.15055
0.140851
0.155396
0.092878
0.130822
0.156597
0.140764
0.139499
0.175543
0.154252
0.147703
0.164882
0.162144
0.161948
0.168528
0.165973
0.166761
0.173925
0.179428
0.152591
0.179894
0.182301
0.190163
0.183007
0.198648
0.191264
0.168301
0.171779
0.178652
0.182194
0.180895
0.161756
0.147708
0.131859
0.137488
0.121464
0.131735
0.109965
0.106228
0.0924993
0.0916832
0.0870502
0.0871871
0.108769
0.085484
0.0983621
0.0983171
0.121409
0.0998325
0.11907
0.0763389
0.123427
0.0894175
0.111208
0.126953
0.121845
0.137126
0.126908
0.117599
0.147274
0.191529
0.169812
0.146822
0.142463
0.205293
0.188862
0.17639
0.201034
0.202565
0.185697
0.18864
0.202615
0.19764
0.202387
0.218278
0.213409
0.206632
0.219848
0.209024
0.217274
0.215003
0.218845
0.208872
0.23519
0.208365
0.195371
0.188503
0.187664
0.122909
0.17514
0.14497
0.127987
0.102092
0.139352
0.0741412
0.136043
0.119381
0.105965
0.152618
0.094945
0.0982244
0.0915329
0.0987803
0.0879903
0.0895018
0.135185
0.091879
0.117667
0.10663
0.120739
0.108795
0.104707
0.106137
0.107079
0.112683
0.128886
0.122634
0.103897
0.151434
0.10823
0.148354
0.156427
0.126632
0.109849
0.143613
0.151614
0.109885
0.157889
0.148108
0.110371
0.151423
0.138925
0.116519
0.123625
0.187644
0.123534
0.144708
0.133319
0.11524
0.104729
0.120565
0.117916
0.159614
0.166354
0.11728
0.12438
0.148293
0.112117
0.122296
0.164082
0.164768
0.146608
0.136811
0.128948
0.158333
0.148663
0.137846
0.159336
0.124972
0.112575
0.148315
0.120446
0.0787495
0.150182
0.115196
0.104787
0.146104
0.140686
0.174403
0.118364
0.0923305
0.137533
0.0980776
0.138676
0.126578
0.155553
0.105031
0.120209
0.0910212
0.163792
0.208067
0.0920318
0.13138
0.0939757
0.0709767
0.0686044
0.101307
0.168167
0.146823
0.107802
0.119887
0.0765003
0.135456
0.138794
0.151796
0.194729
0.138639
0.157123
0.141808
0.159055
0.130901
0.118082
0.160072
0.166008
0.122788
0.165872
0.141841
0.167344
0.124515
0.155792
0.210835
0.144001
0.187201
0.146952
0.160775
0.180674
0.12475
0.111574
0.163294
0.13438
0.135943
0.14111
0.0948244
0.146983
0.129571
0.0952268
0.0829592
0.090153
0.0569146
0.0523046
