0.17693
0.179314
0.185794
0.192856
0.183871
0.193469
0.197563
0.203098
0.20494
0.220559
0.221988
0.220078
0.225517
0.232667
0.238084
0.240725
0.247377
0.24923
0.253778
0.251838
0.253538
0.245535
0.256739
0.254547
0.263421
0.279129
0.283925
0.290597
0.298183
0.30223
0.303143
0.311323
0.311299
0.316801
0.321193
0.33033
0.328145
0.32933
0.329562
0.324984
0.316253
0.316838
0.320645
0.327276
0.333327
0.349972
0.354328
0.360736
0.371832
0.367377
0.360968
0.324909
0.303531
0.299952
0.300376
0.301034
0.323845
0.392043
0.398715
0.380278
0.353318
0.302307
0.263736
0.240829
0.21407
0.199946
0.193655
0.181847
0.167325
0.165602
0.163372
0.148517
0.1473
0.144173
0.140634
0.139209
0.151087
0.142707
0.153392
0.156968
0.164679
0.171315
0.173514
0.168336
0.169771
0.17056
0.175989
0.180534
0.178735
0.19204
0.196888
0.211328
0.214872
0.229389
0.249716
0.272292
0.293994
0.313706
0.330696
0.343497
0.347441
0.342963
0.335843
0.309165
0.276129
0.251551
0.236611
0.233895
0.237459
0.240018
0.24254
0.252424
0.254448
0.259648
0.255666
0.254401
0.246714
0.248124
0.242115
0.231987
0.238543
0.243809
0.251896
0.257224
0.26837
0.280383
0.284084
0.28396
0.295035
0.298102
0.303962
0.307468
0.306646
0.303715
0.302155
0.303531
0.323288
0.33163
0.32968
0.31615
0.304993
0.287676
0.280065
0.263297
0.269497
0.274674
0.29548
0.302677
0.304914
0.317086
0.3365
0.340141
0.350934
0.357987
0.3677
0.373173
0.372526
0.377943
0.374298
0.376499
0.378167
0.386322
0.384473
0.380101
0.346698
0.287368
0.221479
0.187557
0.156792
0.147701
0.140817
0.132314
0.128793
0.136413
0.13246
0.140504
0.142327
0.153243
0.156169
0.174369
0.181199
0.188095
0.19495
0.190877
0.184432
0.179288
0.178404
0.173884
0.167335
0.16827
0.159369
0.161874
0.165152
0.167292
0.17466
0.17448
0.180275
0.174481
0.171579
0.171719
0.151484
0.153884
0.143382
0.139932
0.15378
0.15419
0.162362
0.16853
0.16894
0.175309
0.189633
0.1897
0.205462
0.207469
0.214418
0.213666
0.219119
0.224115
0.230347
0.230883
0.236388
0.238781
0.239397
0.226677
0.207253
0.200729
0.188062
0.191748
0.195541
0.203898
0.200201
0.207969
0.210533
0.20872
0.229342
0.230201
0.248076
0.260131
0.267126
0.279418
0.285952
0.287579
0.291905
0.308209
0.314237
0.31381
0.326272
0.327593
0.32989
0.338131
0.338597
0.34959
0.355853
0.357454
0.354384
0.323498
0.286998
0.241088
0.231569
0.220814
0.222343
0.217357
0.224678
0.217323
0.224533
0.236178
0.229651
0.255972
0.253163
0.265057
0.278314
0.283772
0.279916
0.287899
0.293061
0.306838
0.299924
0.307207
0.305296
0.305386
0.286828
0.258707
0.23236
0.19328
0.168698
0.152916
0.163631
0.168599
0.17816
0.184378
0.19875
0.199481
0.20057
0.213139
0.223706
0.202379
0.206159
0.194574
0.194076
0.196294
0.194009
0.191884
0.185136
0.174282
0.168113
0.170266
0.165484
0.164375
0.170791
0.182465
0.178275
0.186762
0.189536
0.187565
0.177545
0.168885
0.169208
0.17015
0.165746
0.170911
0.156726
0.157141
0.160179
0.149572
0.159191
0.165077
0.162725
0.168581
0.172966
0.161796
0.166289
0.192571
0.178962
0.187525
0.201901
0.204091
0.200398
0.212747
0.219072
0.225391
0.225524
0.225009
0.229028
0.22455
0.22976
0.214445
0.197729
0.208831
0.2013
0.191901
0.186145
0.169522
0.181096
0.174687
0.158935
0.186664
0.191827
0.19011
0.194367
0.18698
0.205395
0.192929
0.20587
0.204587
0.212007
0.214361
0.212897
0.224087
0.22273
0.241599
0.251482
0.267158
0.280219
0.280753
0.283405
0.288228
0.295397
0.279703
0.257257
0.222489
0.201047
0.177243
0.163566
0.173678
0.149701
0.156227
0.147265
0.160163
0.166722
0.18097
0.181078
0.161022
0.180709
0.165629
0.168916
0.176613
0.172752
0.165657
0.158549
0.166941
0.172263
0.157358
0.165222
0.165472
0.165023
0.172764
0.179511
0.192299
0.216175
0.23185
0.273256
0.283489
0.309006
0.315371
0.314686
0.317328
0.300249
0.288056
0.265187
0.236933
0.245299
0.25442
0.24465
0.246172
0.257673
0.249381
0.24017
0.234085
0.246134
0.243681
0.250973
0.244985
0.2428
0.236991
0.235328
0.212345
0.196546
0.18203
0.194671
0.195046
0.203664
0.200143
0.217179
0.214666
0.199468
0.225523
0.202717
0.20801
0.217037
0.21174
0.203023
0.202823
0.199909
0.194946
0.206366
0.201003
0.219693
0.198378
0.207681
0.218512
0.22673
0.223623
0.219911
0.213641
0.209216
0.220236
0.220198
0.228347
0.236997
0.247897
0.249973
0.235481
0.242068
0.245855
0.260754
0.262552
0.274234
0.279465
0.306791
0.325848
0.369385
0.416444
0.421744
0.423381
0.383313
0.373355
0.334021
0.27933
0.243573
0.214272
0.236357
0.261735
0.310744
0.342278
0.430988
0.468472
0.487958
0.50861
0.480633
0.41514
0.325686
0.229811
0.214782
0.198507
0.200936
0.198194
0.182933
0.19613
0.201052
0.210808
0.208944
0.212333
0.213314
0.212888
0.218867
0.223946
0.218988
0.233501
0.233722
0.229594
0.239692
0.220376
0.222516
0.207498
0.186273
0.171635
0.174671
0.17213
0.185415
0.169532
0.177183
0.159343
0.165542
0.151651
0.149785
0.145094
0.130345
0.138202
0.139883
0.147741
0.154472
0.144664
0.145769
0.155949
0.16612
0.168314
0.171434
0.20641
0.191297
0.190314
0.19299
0.197529
0.189365
0.207753
0.200926
0.172869
0.187613
0.171591
0.181455
0.179821
0.17239
0.177951
0.189632
0.185726
0.180429
0.214676
0.199008
0.209648
0.213286
0.205471
0.195094
0.181137
0.164479
0.172574
0.167885
0.164241
0.174753
0.177952
0.17595
0.175356
0.186551
0.185415
0.182066
0.184818
0.190638
0.202802
0.182813
0.195193
0.198493
0.201933
0.207132
0.19434
0.17317
0.175714
0.171463
0.155355
0.163397
0.154462
0.152265
0.163956
0.152768
0.165854
0.177222
0.165039
0.154681
0.161963
0.135397
0.143798
0.147666
0.130664
0.151704
0.135315
0.141791
0.151036
0.135939
0.13598
0.128007
0.140364
0.13154
0.124803
0.114376
0.107501
0.0999865
0.107401
0.113206
0.129282
0.131777
0.127781
0.149004
0.145537
0.140871
0.154447
0.162978
0.176889
0.188659
0.198737
0.186437
0.179031
0.175183
0.143741
0.128192
0.0961535
0.0931127
0.100182
0.0818553
0.105727
0.118352
0.123796
0.140139
0.156393
0.158572
0.183031
0.150725
0.163809
0.175452
0.147081
0.172884
0.151051
0.145597
0.15817
0.176214
0.187468
0.20441
0.224548
0.201652
0.160402
0.197625
0.200131
0.187165
0.179287
0.180589
0.162865
0.17928
0.198478
0.164949
0.175409
0.177202
0.183512
0.178429
0.187351
0.161367
0.188823
0.178116
0.180114
0.184974
0.194711
0.157941
0.166288
0.133396
0.160603
0.154509
0.151753
0.146254
0.15489
0.145776
0.131345
0.132334
0.119305
0.121437
0.107218
0.0973265
0.097335
0.0875126
0.0893078
0.074178
0.103064
0.0856347
0.0776033
0.0686892
0.0660663
0.0712729
0.0679754
0.0764942
0.0733628
0.0767437
0.065413
0.0659579
0.0653442
0.07772
0.0598765
0.0542283
0.0522054
0.0567443
0.0526211
0.0629642
0.0616486
0.0618174
0.0570764
0.0634345
0.0711578
0.0710882
0.0600742
0.0688694
0.061321
0.0706437
0.0712557
0.0794281
0.0760939
0.06363
0.0837331
0.0793341
0.0841811
0.0880351
0.0876089
0.0714166
0.0655505
0.0673905
0.0731598
0.0625992
0.0579199
0.0530926
0.0481183
0.0459405
0.0523866
0.0448864
0.0514737
0.0481749
0.0445764
0.0648041
0.0597946
0.0723336
0.0621891
0.0701147
0.0689063
0.0661857
0.0556613
0.065849
0.0688984
0.0626683
0.0540535
0.0559427
0.0527294
0.064811
0.0659437
0.05127
0.0764862
0.0802425
0.0891084
0.0924675
0.105285
0.0935184
0.133102
0.105805
0.127034
0.135742
0.115564
0.131876
0.132702
0.137735
0.132381
0.121795
0.134013
0.129307
0.127659
0.131689
0.125644
0.147012
0.159031
0.172978
0.163619
0.172168
0.182304
0.196848
0.201246
0.203284
0.225844
0.217381
0.224805
0.230943
0.247502
0.244759
0.21829
0.214105
0.158552
0.151646
0.137009
0.168202
0.162602
0.172078
0.163352
0.169032
0.148184
0.16424
0.16714
0.171858
0.20144
0.198248
0.17916
0.195016
0.199313
0.17935
0.189203
0.189719
0.173297
0.199135
0.214005
0.213942
0.232191
0.240995
0.237492
0.212502
0.225093
0.206505
0.214442
0.18771
0.182882
0.169643
0.160624
0.150635
0.151884
0.117688
0.0939494
0.0983736
0.0666705
0.0643113
0.0600962
0.04702
0.0449755
0.0222704
0.0278063
0.0117026
0.014513
0.0137509
0.0116252
0.0192927
0.0200095
0.0152404
0.0111131
0.0147184
0.0166989
0.0164506
0.018053
0.028851
0.027223
0.0358225
0.0279777
0.0146359
0.0168839
0.011855
0.0124723
0.00274881
0.00776088
0
0.00202128
0.00390831
0.00116223
0.010843
0.00925721
0.00413174
0.00704178
0.00489552
0.00214801
0.00284356
0.0064401
0.0155636
0.0088387
0.0203508
0.0161805
0.0198952
0.0155052
0.0165941
0.00644001
0.0124042
0.0102498
0.0183571
0.0127337
0.0117943
0.0223429
0.01661
0.0150801
0.0133882
0.0146747
0.0163046
0.0142588
0.0238037
0.020005
0.0291403
0.0369661
0.0307977
0.0300483
0.0268173
0.0284922
0.0348993
0.0309245
0.0218545
0.0211581
0.0262154
0.0254184
0.0276028
0.0306055
0.0319831
0.0280078
0.0319342
0.023441
0.0262658
0.0303574
0.0269292
0.0335117
0.0363658
0.0350224
0.0351119
0.033854
0.0295832
0.0284056
0.0282122
0.026315
0.02247
0.0300879
0.0281272
0.0295932
0.0264245
0.0266867
0.0250123
0.0334021
0.0289866
0.0288915
0.0328816
0.0293892
0.0323988
0.0440843
0.0352505
0.0365844
0.0523175
0.0480393
0.0517508
0.0515105
0.0611317
0.0557659
0.0642394
0.0665329
0.0637854
0.0607504
0.061326
0.062234
0.069525
0.0618052
0.0620777
0.0663506
0.0696995
0.0674797
0.0673397
0.0770972
0.0846532
0.091058
0.0914883
0.0988597
0.108141
0.111059
0.112001
0.106575
0.112113
0.111812
0.111478
0.10343
0.106923
0.108259
0.109963
0.107374
0.107498
0.117163
0.113072
0.0937756
0.10184
0.110011
0.10379
0.102615
0.105694
0.115199
0.125118
0.139093
0.131907
0.129694
0.113329
0.103764
0.0978893
0.0943565
0.0924385
0.0984828
0.0892042
0.0973294
0.0845167
0.096039
0.0979047
0.100416
0.0985082
0.101331
0.0874309
0.0950907
0.0818552
0.086343
0.103486
0.0958852
0.0999053
0.103564
0.102841
0.0908364
0.0777098
0.0935049
0.0774459
0.0684523
0.0648446
0.0557362
0.0609372
0.0733306
0.0595067
0.0568173
0.0631544
0.0558417
0.066274
0.0480231
0.0578918
0.0537278
0.057745
0.0464101
0.0488263
0.0594395
0.0440666
0.0617131
0.0467994
0.0667204
0.0715542
0.0597871
0.0624569
0.0605681
0.0658625
0.0560445
0.0321706
0.0287717
0.0284647
0.0211408
0.0202841
0.019811
0.0178237
0.0210805
0.0213629
0.0143522
0.0164968
0.0122928
0.0150394
0.0174549
0.0166186
0.0144708
0.0265341
0.0243284
0.027828
0.0180408
0.0299805
0.0507436
0.0505369
0.0473759
0.0560104
0.0532635
0.048413
0.0409624
0.0252668
0.063157
0.0332407
0.0457593
0.0336535
0.0307694
0.027481
0.020043
0.0220177
0.0233272
0.020856
0.0230464
0.0183635
0.0256847
0.0208158
0.0140024
0.0173666
0.0225028
0.0148517
0.0152872
0.0122353
0.0109651
0.0262004
0.0228422
0.0172099
0.0198561
0.0303307
0.022649
0.0244487
0.0352348
0.0337233
0.0281608
0.00920807
0.0150968
0.0180546
0.0121491
0.0272096
0.0124795
0.00734984
0.0201867
0.0174544
0.0241547
0.0158734
0.017968
0.0235863
0.0190147
0.0134975
0.0180669
0.0208449
0.0261431
0.0323988
0.0252246
0.0262919
0.0238335
0.0341461
0.0498143
0.0367536
0.0323957
0.0415324
0.0386386
0.0337545
0.035786
0.025721
0.0297709
0.0281042
0.0230923
0.0211295
0.0228867
0.0252502
0.0242296
0.0226142
0.0221261
0.0313769
0.0174975
0.0249676
0.0139891
0.0256256
0.0249727
0.0239872
0.0301847
0.0249039
0.0273149
0.0307218
0.0292744
0.0347548
0.0370438
0.0473987
0.0352227
0.0433289
0.0507868
0.05303
0.0482399
0.0533194
0.0449734
0.0488736
0.0470047
0.0482154
0.0436816
0.0496626
0.044984
0.0408873
0.0372549
0.0437378
0.0408128
0.0461547
0.0484981
0.0449946
0.048362
0.0482754
0.0437678
0.0450983
0.0432195
0.0491795
0.0474868
0.0579709
0.0608865
0.0583643
0.0704415
0.0889395
0.123072
0.180391
0.371472
0.579482
0.679973
0.702592
0.684748
0.574714
0.361718
0.182314
0.114364
0.0968703
0.0857911
0.0702725
0.0734048
0.0684811
0.0737378
0.0664629
0.0699714
0.0712018
0.0719322
0.0680237
0.0661704
0.0665487
0.0602673
0.0683887
0.0676907
0.0714139
0.0606225
0.0666334
0.0691927
0.0737636
0.0620771
0.0630206
0.0626374
0.0587972
0.0614423
0.0565939
0.060243
0.0575015
0.060915
0.0557978
0.050999
0.0615984
0.0610409
0.0587477
0.0567797
0.0544254
0.0575757
0.0669436
0.0672815
0.0699507
0.0656423
0.0652474
0.0642723
0.0664038
0.0587676
0.0692887
0.0591786
0.0641193
0.0683487
0.0659615
0.0664033
0.0644495
0.0695915
0.0658086
0.0648164
0.0664715
0.0688831
0.0642247
0.0611522
0.0682956
0.0637006
0.0629649
0.0530756
0.0607642
0.0642164
0.0723324
0.0660015
0.0649262
0.0613704
0.0572185
0.0578919
0.0605606
0.0540055
0.0599244
0.0629019
0.0608112
0.065949
0.0565971
0.0585261
0.0576942
0.0613427
0.059867
0.0667505
0.0560654
0.0636773
0.072587
0.0634251
0.0655231
0.0711822
0.0636151
0.0738649
0.0667248
0.07051
0.0694454
0.0634585
0.0701915
0.0727264
0.0785268
0.0713416
0.0833237
0.0753286
0.0820994
0.0934958
0.0787798
0.0919427
0.0856891
0.101165
0.10007
0.0693652
0.0989394
0.0989989
0.0869941
0.094676
0.0988777
0.078426
0.093344
0.0862147
0.102361
0.104681
0.0857504
0.0880151
0.0938066
0.0879913
0.0912705
0.0966291
0.090338
0.090061
0.0854409
0.0936637
0.0772765
0.0845511
0.0838523
0.100443
0.0853336
0.11
0.0994129
0.0921438
0.0838878
0.10332
0.0841846
0.117635
0.100303
0.0879024
0.0950578
0.152792
0.100168
0.0917567
0.137571
0.127002
0.14267
0.118797
0.114606
0.133396
0.127796
0.118376
0.105702
0.132338
0.119433
0.1424
0.146362
0.0981149
0.153489
0.138634
0.120348
0.117068
0.14533
0.129798
0.161952
0.163006
0.153987
0.150609
0.0910562
0.123478
0.135096
0.138307
0.130441
0.134647
0.103525
0.127393
0.136213
0.116395
0.12289
0.125739
0.104696
0.100063
0.118092
0.125634
0.110631
0.120299
0.10111
0.110252
0.0924141
0.0838698
0.127283
0.109464
0.113645
0.108603
0.100702
0.106369
0.106732
0.110821
0.097399
0.0937769
0.112162
0.094278
0.0824884
0.124255
0.114625
0.135235
0.110247
0.113262
0.132702
0.125032
0.15605
0.140349
0.115434
0.11289
0.0911453
0.0779784
0.0922425
0.093707
0.0925133
0.0983963
0.0934934
0.0784738
0.0694913
0.0818283
0.0813772
0.0841431
0.0895688
0.0790443
0.0874315
0.0912658
0.0916359
0.0875065
0.097583
0.106529
0.106654
0.119618
0.125165
0.126203
0.153014
0.160845
0.172385
0.187373
0.182304
0.226381
0.239725
0.245433
0.241631
0.235158
0.202617
0.132273
0.0851213
0.076872
0.0904517
0.0687606
0.062956
0.0729435
0.074581
0.0631463
0.0708078
0.0670748
0.0699176
0.0840318
0.074699
0.0672707
0.0495608
0.0813779
0.0691926
0.0571255
0.0627675
0.0708174
0.0715837
0.076681
0.0652045
0.0753548
0.0720708
0.0739387
0.0689632
0.0650561
0.0612809
0.0687033
0.0640106
0.077484
0.0683048
0.0703563
0.0655563
0.0758331
0.0679263
0.0696842
0.0739432
0.0597046
0.0640919
0.0630605
0.0675497
0.0707723
0.0669484
0.0713293
0.0737728
0.0715039
0.0777152
0.0696247
0.0692181
0.0674834
0.0727159
0.0777186
0.0650316
0.0821484
0.0669162
0.0704536
0.0651871
0.0549823
0.066365
0.0665478
0.0742902
0.0601496
0.0649005
0.0568305
0.0640969
0.0559185
0.0633951
0.0643613
0.0566011
0.0616499
0.0578752
0.0579723
0.0615276
0.0598696
0.0662295
0.0624749
0.0630176
0.0628169
0.0603779
0.0632571
0.0508098
0.0546564
0.0476619
0.0522862
0.0549609
0.0562388
0.0586779
0.0607498
0.0564172
0.0650025
0.061421
0.0641397
0.0705016
0.0713467
0.0606584
0.0794417
0.0685915
0.0739882
0.0728907
0.0714627
0.0886901
0.0915041
0.0965613
0.0882126
0.101781
0.0930493
0.105654
0.106716
0.114909
0.120112
0.116485
0.104261
0.0984569
0.0879209
0.0685287
0.0695211
0.0599544
0.0567199
0.0589202
0.0592672
0.0595241
0.0616089
0.0552268
0.0654123
0.0563949
0.059781
0.0492385
0.0560877
0.0620045
0.0698128
0.0620134
0.0721815
0.0669997
0.0694614
0.0675776
0.0735679
0.0798065
0.0893078
0.0829956
0.0938032
0.0909153
0.102159
0.106458
0.118548
0.121415
0.141983
0.152561
0.155774
0.161697
0.163635
0.159588
0.157128
0.140494
0.129976
0.116603
0.118304
0.101114
0.0985426
0.0934345
0.0877557
0.0893948
0.0986026
0.101182
0.0803083
0.091936
0.0772692
0.085395
0.0829748
0.0874857
0.0834728
0.103712
0.0930324
0.100626
0.101066
0.0993665
0.0937245
0.107608
0.102617
0.104671
0.112087
0.12216
0.124619
0.131682
0.126285
0.142736
0.143724
0.153222
0.150989
0.165599
0.172632
0.185634
0.192169
0.184598
0.187595
0.18346
0.163665
0.155235
0.136967
0.125971
0.115749
0.103487
0.097418
0.0937019
0.095377
0.11256
0.107035
0.0901324
0.106025
0.101285
0.105928
0.103426
0.0968239
0.0954118
0.0972574
0.0806275
0.0743047
0.0881044
0.0886817
0.0822363
0.084967
0.0957594
0.0998912
0.0693958
0.0769675
0.0816706
0.0707549
0.0894874
0.0861039
0.077073
0.0800649
0.0841814
0.0777866
0.0800697
0.0767638
0.086717
0.0817587
0.0755526
0.0770979
0.0805528
0.0854539
0.0818332
0.0746323
0.0778162
0.0792262
0.0812721
0.0843066
0.0861897
0.0870042
0.0759627
0.0863438
0.0839926
0.0864563
0.0804167
0.0852618
0.0798956
0.0845718
0.0811622
0.0878051
0.0923044
0.080146
0.0862139
0.0891911
0.0808333
0.0783009
0.0757597
0.0783962
0.0835181
0.0818095
0.0831384
0.0866331
0.0803725
0.0852174
0.0883071
0.102371
0.10102
0.112095
0.118784
0.124538
0.137127
0.150016
0.141436
0.142202
0.152953
0.170643
0.161977
0.189473
0.178866
0.17171
0.184461
0.181381
0.171411
0.174112
0.169972
0.14462
0.141131
0.148938
0.133483
0.123369
0.120304
0.123292
0.138957
0.148162
0.138216
0.137088
0.137399
0.128104
0.140779
0.136286
0.150123
0.161933
0.160559
0.173855
0.158087
0.161655
0.159823
0.168611
0.160475
0.172708
0.157915
0.169995
0.138122
0.147094
0.131016
0.160967
0.153364
0.134057
0.127644
0.136572
0.171914
0.129221
0.163322
0.169456
0.173884
0.164793
0.19077
0.176843
0.167287
0.182356
0.197509
0.186196
0.187311
0.163151
0.17388
0.181979
0.184323
0.196332
0.230837
0.200825
0.213854
0.214475
0.198422
0.218496
0.218791
0.225162
0.230716
0.225752
0.253754
0.22247
0.234839
0.248568
0.238325
0.235138
0.251318
0.245094
0.223453
0.21556
0.24056
0.222988
0.223868
0.219049
0.206033
0.181242
0.202303
0.163151
0.129345
0.147373
0.141929
0.139003
0.12759
0.118054
0.121435
0.114574
0.132278
0.146662
0.113293
0.121031
0.129829
0.148754
0.120297
0.135753
0.160022
0.164674
0.200944
0.161206
0.182204
0.190822
0.190477
0.195831
0.242197
0.191359
0.216043
0.226044
0.236299
0.240432
0.239553
0.255797
0.264617
0.267996
0.241768
0.261133
0.252734
0.302419
0.279624
0.303657
0.290758
0.319559
0.291448
0.295179
0.2972
0.295013
0.287105
0.282635
0.295636
0.26159
0.26091
0.228949
0.177093
0.1983
0.182668
0.188941
0.168768
0.195224
0.120055
0.166403
0.116149
0.142872
0.165602
0.13452
0.105261
0.1399
0.140817
0.114809
0.0914271
0.0990695
0.130183
0.119137
0.103442
0.151062
0.12961
0.113505
0.125121
0.101664
0.123583
0.111282
0.138649
0.133945
0.166095
0.162173
0.150581
0.149403
0.146747
0.137678
0.169306
0.134311
0.165015
0.199794
0.200052
0.152202
0.177315
0.176799
0.190006
0.149732
0.221779
0.16631
0.230632
0.157735
0.125518
0.166115
0.144728
0.134268
0.183232
0.189933
0.150181
0.155603
0.185662
0.153808
0.130359
0.169072
0.160771
0.16623
0.158069
0.138206
0.17043
0.188618
0.145726
0.14476
0.162786
0.163326
0.147173
0.163498
0.140506
0.188347
0.165765
0.142082
0.151971
0.18801
0.125008
0.156304
0.108049
0.136625
0.1548
0.142636
0.136701
0.199917
0.171713
0.11691
0.172488
0.147812
0.223194
0.14625
0.154178
0.145266
0.113026
0.0964194
0.129144
0.146307
0.141746
0.108128
0.155694
0.10237
0.176174
0.177738
0.163096
0.188729
0.155776
0.168083
0.13831
0.171749
0.125198
0.194702
0.183792
0.187218
0.157205
0.183992
0.173182
0.178356
0.168468
0.185994
0.22915
0.169933
0.190951
0.166642
0.215455
0.182332
0.150608
0.150438
0.156399
0.147776
0.208237
0.182304
0.12921
0.139641
0.128894
0.125133
0.0924181
0.0915841
0.0889166
0.0575772
