0.14181
0.138911
0.13827
0.138668
0.139038
0.13921
0.149766
0.150164
0.151398
0.159976
0.161784
0.166022
0.170538
0.175496
0.176088
0.179359
0.183389
0.178009
0.184766
0.17491
0.184212
0.174943
0.18001
0.177914
0.185319
0.192614
0.199947
0.202109
0.212101
0.207061
0.210165
0.216519
0.215793
0.221435
0.221418
0.22574
0.222502
0.223994
0.21945
0.213056
0.210943
0.211944
0.215473
0.222
0.225537
0.235175
0.231959
0.240842
0.246945
0.248377
0.24361
0.231182
0.219518
0.217149
0.21687
0.217308
0.232259
0.256018
0.259177
0.240548
0.228674
0.191377
0.175924
0.164561
0.138475
0.149461
0.127248
0.132487
0.131889
0.127069
0.122638
0.119961
0.117102
0.124206
0.118428
0.118377
0.121432
0.118003
0.119909
0.121139
0.123547
0.133109
0.130042
0.12438
0.132521
0.129497
0.131299
0.1369
0.136421
0.145027
0.148969
0.157714
0.159187
0.16167
0.173955
0.183919
0.193565
0.207587
0.210725
0.221276
0.223908
0.22042
0.220771
0.205264
0.194366
0.180123
0.173331
0.171971
0.175405
0.182766
0.178396
0.184302
0.187033
0.18685
0.185942
0.17959
0.176047
0.173216
0.16571
0.166186
0.162231
0.167594
0.17264
0.178829
0.188217
0.1979
0.200891
0.197487
0.207901
0.204386
0.210746
0.211474
0.216514
0.21699
0.217091
0.216792
0.224223
0.225618
0.224273
0.213137
0.204984
0.194395
0.184443
0.175482
0.174321
0.188219
0.202548
0.198235
0.199963
0.213876
0.218766
0.226722
0.233302
0.236212
0.242165
0.244554
0.250201
0.253106
0.250605
0.251266
0.254674
0.256238
0.251833
0.248453
0.228643
0.197349
0.164542
0.139382
0.122726
0.116314
0.116399
0.119032
0.11573
0.118256
0.11354
0.116647
0.116242
0.124831
0.129981
0.125712
0.137977
0.135593
0.133112
0.13789
0.130416
0.128908
0.129438
0.126951
0.130159
0.135562
0.129272
0.130834
0.135374
0.133936
0.139535
0.140014
0.143576
0.135237
0.137283
0.127242
0.104195
0.11321
0.0967413
0.10287
0.109656
0.111836
0.117402
0.124346
0.122312
0.134616
0.140251
0.136107
0.149386
0.15749
0.157755
0.160577
0.16299
0.167163
0.167669
0.171005
0.176015
0.171373
0.169937
0.160025
0.144348
0.14338
0.12603
0.130714
0.129111
0.138583
0.138322
0.140248
0.139083
0.143067
0.155999
0.162783
0.165939
0.178587
0.183815
0.193585
0.192983
0.200589
0.195292
0.207929
0.212895
0.215955
0.219578
0.22149
0.216668
0.227556
0.22261
0.227291
0.226721
0.224878
0.227202
0.207702
0.187377
0.169536
0.143128
0.145466
0.153902
0.136359
0.145387
0.140412
0.14934
0.150891
0.14923
0.163413
0.160906
0.181251
0.181951
0.18853
0.187877
0.195347
0.201489
0.208553
0.200944
0.207685
0.211716
0.214556
0.199714
0.181025
0.168761
0.145659
0.135031
0.122528
0.132296
0.125649
0.124784
0.133912
0.139885
0.136119
0.130198
0.151335
0.136642
0.134458
0.138534
0.130062
0.14524
0.144779
0.139801
0.145671
0.136541
0.134507
0.134213
0.128801
0.13175
0.133577
0.134692
0.143358
0.138937
0.139435
0.137115
0.133997
0.111121
0.117043
0.116344
0.123103
0.104669
0.107519
0.117068
0.107738
0.109105
0.102393
0.0937847
0.121096
0.107101
0.116433
0.118113
0.118757
0.117381
0.14362
0.121958
0.144711
0.141952
0.146367
0.144124
0.154137
0.161783
0.162682
0.166864
0.163272
0.160008
0.157037
0.151158
0.143643
0.123133
0.126081
0.138172
0.110361
0.119019
0.110811
0.118987
0.115313
0.114055
0.124728
0.131676
0.123156
0.122307
0.116805
0.134866
0.137177
0.126731
0.137982
0.155276
0.144932
0.148313
0.148729
0.158919
0.167453
0.172519
0.183396
0.187944
0.185712
0.198101
0.196938
0.198812
0.186011
0.168767
0.149336
0.132433
0.121085
0.120409
0.111927
0.0974519
0.105254
0.102659
0.114557
0.113118
0.118872
0.117559
0.107539
0.120478
0.120554
0.12454
0.122582
0.118994
0.118573
0.116029
0.124252
0.119531
0.116247
0.126866
0.128698
0.127465
0.132162
0.138621
0.14171
0.158815
0.161896
0.193189
0.194703
0.195722
0.202938
0.199546
0.196551
0.176677
0.183006
0.163531
0.153266
0.176073
0.164778
0.147406
0.149143
0.152543
0.157093
0.155299
0.167545
0.160129
0.167118
0.16814
0.170762
0.167582
0.163968
0.161289
0.155557
0.14915
0.138444
0.138211
0.136782
0.144955
0.13097
0.155656
0.147305
0.136652
0.143493
0.118518
0.135157
0.144528
0.137621
0.14032
0.133854
0.127261
0.132383
0.136149
0.144946
0.143933
0.130823
0.130863
0.135368
0.157776
0.141989
0.13951
0.137202
0.136215
0.16489
0.143888
0.161275
0.161227
0.153521
0.155333
0.156767
0.169635
0.173091
0.17994
0.178428
0.184967
0.183592
0.203733
0.211488
0.221494
0.246498
0.225956
0.222552
0.230754
0.225845
0.210285
0.150866
0.163516
0.14723
0.159688
0.200405
0.238633
0.267171
0.351522
0.393577
0.408889
0.413713
0.385719
0.333686
0.241742
0.182418
0.131088
0.137941
0.132793
0.12426
0.121233
0.126151
0.128587
0.131227
0.134695
0.141642
0.14123
0.143577
0.151166
0.163499
0.148054
0.15924
0.156616
0.154813
0.165897
0.156103
0.148406
0.144234
0.123535
0.1095
0.100591
0.110642
0.139009
0.124888
0.122631
0.112066
0.118224
0.0932647
0.109806
0.0968673
0.090763
0.131028
0.105175
0.120424
0.119952
0.11882
0.110284
0.111557
0.129619
0.123359
0.117928
0.152596
0.12309
0.107915
0.131802
0.137915
0.110306
0.1227
0.137952
0.11047
0.122235
0.108747
0.12154
0.118189
0.123403
0.135349
0.116637
0.116476
0.132714
0.145202
0.134163
0.132844
0.151396
0.135785
0.13354
0.121324
0.114604
0.138681
0.107601
0.118155
0.13003
0.125338
0.112074
0.122704
0.124874
0.127011
0.134779
0.137574
0.143499
0.136313
0.132078
0.131045
0.121551
0.129482
0.143546
0.134198
0.114548
0.110357
0.0959584
0.0901918
0.092698
0.106606
0.0906925
0.106187
0.1038
0.100743
0.118357
0.107721
0.104908
0.0975374
0.0795199
0.0968356
0.0822821
0.091377
0.105379
0.0801739
0.0964328
0.109647
0.0990758
0.0879175
0.093666
0.0819552
0.0990395
0.0821194
0.0725871
0.0743546
0.0554843
0.0740403
0.0790365
0.0842337
0.0990112
0.0913678
0.0996811
0.0870634
0.101065
0.101379
0.100834
0.109675
0.115693
0.124579
0.12687
0.107394
0.111555
0.11574
0.0899966
0.0684848
0.0705079
0.0657963
0.0681194
0.072211
0.0738298
0.0869078
0.10562
0.0894612
0.106459
0.116895
0.106536
0.11605
0.116655
0.0887442
0.0882149
0.103096
0.102015
0.115813
0.103357
0.120129
0.133804
0.153678
0.115456
0.126723
0.108239
0.1092
0.120712
0.111555
0.12392
0.112291
0.125039
0.0845487
0.0992388
0.101497
0.122827
0.131358
0.100608
0.119587
0.12821
0.105848
0.100261
0.11924
0.119931
0.132136
0.111155
0.10678
0.105559
0.0885322
0.076212
0.10107
0.107184
0.103329
0.105021
0.086657
0.107184
0.0742936
0.0823726
0.0627555
0.0702739
0.0629872
0.05195
0.0597534
0.0507923
0.071538
0.0683886
0.0465088
0.0372925
0.0523365
0.0517562
0.0420634
0.0524279
0.0470725
0.0483603
0.0476895
0.0485636
0.0357477
0.047448
0.0447764
0.0334283
0.041757
0.0357395
0.0412749
0.0292463
0.0439771
0.0483759
0.0430835
0.0420902
0.050284
0.0542465
0.0439694
0.0486949
0.038279
0.0475916
0.0540154
0.0532832
0.0452945
0.0415719
0.0560887
0.0546677
0.0563011
0.0577647
0.0641887
0.0515067
0.0601384
0.0535965
0.0512906
0.0429795
0.040816
0.0338922
0.0277601
0.026594
0.0509588
0.0360353
0.0365304
0.0376253
0.0381134
0.0553791
0.0441324
0.0391923
0.0441309
0.0654235
0.0410272
0.0494248
0.0363167
0.0455729
0.0385927
0.0462811
0.0354515
0.0391056
0.043361
0.0379551
0.0406467
0.0364041
0.0422213
0.0490898
0.04823
0.0566073
0.071093
0.0678524
0.079916
0.0802281
0.0856826
0.0707623
0.0756111
0.0714109
0.0932959
0.0814313
0.104455
0.0743437
0.093184
0.0689036
0.0714293
0.0968885
0.0925716
0.0908798
0.100139
0.116392
0.113531
0.107983
0.103675
0.101232
0.107778
0.109027
0.133685
0.128733
0.1404
0.144803
0.15813
0.117105
0.113733
0.139282
0.106257
0.114597
0.0951057
0.0947577
0.0939473
0.102697
0.0831798
0.0878315
0.0860844
0.103985
0.123366
0.0896973
0.110363
0.147887
0.11329
0.10099
0.117929
0.128324
0.130664
0.112431
0.111104
0.138766
0.130758
0.129846
0.123628
0.156564
0.158477
0.138712
0.133607
0.126403
0.126106
0.122199
0.107333
0.101435
0.108145
0.0879947
0.0911896
0.0718643
0.0601992
0.0697822
0.0426048
0.0394804
0.0452109
0.0211934
0.0318388
0.0173687
0.021815
0.0184866
0.0233937
0.00614247
0.0133277
0.0220041
0.0143592
0.0105171
0.0166779
0.0177911
0.020957
0.0165481
0.0147589
0.0233955
0.0179848
0.0254775
0.0165472
0.0201419
0.0134376
0.00839058
0.00730961
0.000814187
0.00755425
0.00384426
0.00290972
0.00605757
0.00430647
0.00803252
0.00944981
0.00491965
0.0129131
0.0125446
0
0.00500374
0.00139315
0.0158988
0.0108589
0.0161426
0.00650372
0.0109136
0.00937805
0.0125456
0.00169297
0.0196385
0.00357589
0.0192135
0.011035
0.010702
0.0123223
0.0128112
0.0117328
0.0121496
0.0101197
0.0112285
0.0130518
0.0213067
0.0173473
0.0189097
0.0245007
0.0216903
0.0255706
0.0233453
0.0187126
0.0239848
0.0186095
0.012347
0.0129282
0.0158744
0.0147276
0.0194954
0.0218928
0.0272458
0.0154497
0.01912
0.0170905
0.0202611
0.0226148
0.0192758
0.0187337
0.030813
0.0185855
0.0298483
0.0206505
0.0267765
0.0144241
0.0197531
0.0143203
0.0212641
0.0121169
0.0147802
0.0172856
0.0186548
0.0161597
0.0162912
0.0232507
0.0153232
0.0255004
0.0233505
0.0107336
0.0202356
0.0272208
0.0210622
0.0248625
0.0362772
0.0275749
0.0301099
0.0309677
0.0399691
0.0342146
0.0387831
0.0412748
0.0378052
0.036795
0.0396758
0.0385291
0.0340633
0.0434262
0.0376625
0.0403603
0.0361948
0.0449433
0.0415427
0.0440888
0.0465074
0.0495796
0.0504431
0.0629212
0.0705308
0.0644829
0.0624968
0.0689775
0.0648287
0.0689179
0.0628531
0.0568005
0.0588342
0.0677656
0.0652229
0.0608902
0.0705912
0.0719529
0.0596942
0.0597745
0.0667409
0.0643543
0.0612598
0.0648077
0.0633855
0.0657562
0.0713367
0.0838572
0.0813723
0.0816876
0.0725098
0.0529013
0.0584569
0.0660915
0.0550196
0.0624464
0.0557523
0.0600138
0.0635735
0.054896
0.0544157
0.0694636
0.0529609
0.0562186
0.0468492
0.0591688
0.0465414
0.0562207
0.0631457
0.0586723
0.0671783
0.0760669
0.0750003
0.0627055
0.0489367
0.0510063
0.0662753
0.0488911
0.0391673
0.0435108
0.0443498
0.0401039
0.04141
0.0430283
0.0477591
0.0316089
0.0361602
0.0438837
0.0349282
0.0398927
0.0312519
0.0318167
0.0276984
0.0295166
0.0299504
0.029676
0.0378096
0.0508253
0.0316996
0.0352539
0.0451905
0.0396891
0.0496575
0.0276072
0.0290205
0.0281496
0.0219152
0.0239139
0.00874037
0.0263376
0.0204824
0.0133381
0.0172109
0.0161026
0.0229712
0.013441
0.00845355
0.0158246
0.00686864
0.0128096
0.0200961
0.0136161
0.00984469
0.0148147
0.0154744
0.0126786
0.0343024
0.0205712
0.0408971
0.0330418
0.0303149
0.0298117
0.0117455
0.0383399
0.0199223
0.0204256
0.0273419
0.0163207
0.023778
0.00486447
0.0215987
0.0123609
0.0134676
0.0204921
0.0181981
0.021063
0.0146157
0.0137591
0.0196899
0.00699512
0.015657
0.0165989
0.00788713
0.00867211
0.0124077
0.0122047
0.0103146
0.0169906
0.0196126
0.0117734
0.017346
0.023821
0.0328271
0.0123815
0.00603846
0.019057
0.0148736
0.0127918
0.0140773
0.00258182
0.00672341
0.0137252
0.0142942
0.0192626
0.0170313
0.0158748
0.0163083
0.0132251
0.0157181
0.0123711
0.0213632
0.0149956
0.0269767
0.0259686
0.0143734
0.0105411
0.0276389
0.0318671
0.0261453
0.0263167
0.029065
0.0246474
0.0257304
0.0252944
0.0131464
0.0252429
0.0188025
0.0231101
0.00954379
0.0135082
0.0173891
0.0125525
0.014478
0.0189237
0.0192886
0.00689225
0.0134801
0.0129657
0.0234631
0.0126643
0.0114805
0.0183559
0.0181406
0.0160334
0.0181386
0.0269492
0.0167378
0.0203756
0.0276588
0.0113389
0.0278963
0.0273778
0.0354847
0.0385419
0.0317142
0.035962
0.0383596
0.0297884
0.0271007
0.0292598
0.027848
0.0296015
0.0257611
0.0266792
0.0229066
0.0277774
0.0263502
0.0276943
0.0291603
0.0327371
0.0249017
0.0277633
0.0250725
0.0238113
0.0330532
0.0276058
0.0390712
0.0364899
0.0398155
0.0500545
0.066066
0.0968734
0.144776
0.306788
0.481926
0.58215
0.591483
0.570358
0.48893
0.296467
0.14314
0.0878524
0.0670144
0.0609432
0.0444362
0.0481839
0.046524
0.0423733
0.0417136
0.0397383
0.0462077
0.0417354
0.0349569
0.0372529
0.0345929
0.0354876
0.043988
0.042661
0.0377351
0.0343339
0.0338297
0.0350399
0.0406606
0.0407777
0.0368697
0.0371833
0.0353827
0.0348216
0.0398221
0.0337315
0.0308211
0.0417513
0.0376487
0.033117
0.0355618
0.0434815
0.0371584
0.0365854
0.0352927
0.0361805
0.0413974
0.0456849
0.0442827
0.0424126
0.0423869
0.0419315
0.042585
0.0375075
0.0400039
0.0406819
0.0357604
0.0446687
0.0424747
0.0404264
0.0378937
0.0437836
0.0379445
0.0355122
0.0406528
0.0462726
0.0328154
0.0357084
0.0487676
0.0376824
0.0368435
0.0331497
0.0319804
0.0352192
0.0393583
0.0404668
0.0414874
0.0392613
0.0361234
0.0339986
0.039447
0.0368682
0.035448
0.0378586
0.0341538
0.0396049
0.0356741
0.0339523
0.0335369
0.034945
0.0360963
0.0364025
0.0333404
0.038428
0.0420565
0.039469
0.0368569
0.0327839
0.0325246
0.0441972
0.0395009
0.0366637
0.0435633
0.0533033
0.0412042
0.0316798
0.0565397
0.0386149
0.0565581
0.0446286
0.0647346
0.0428173
0.0461852
0.0508373
0.0585361
0.0678928
0.057742
0.0338328
0.0622597
0.0575775
0.0454331
0.0570467
0.0595249
0.0502598
0.0571528
0.0550319
0.0711048
0.0632691
0.0631484
0.0521672
0.0505322
0.0436337
0.053121
0.0510693
0.0574722
0.0498061
0.0437786
0.0643601
0.0499156
0.0434944
0.0500826
0.066239
0.0638761
0.0447048
0.0504192
0.0691803
0.0583767
0.0755306
0.0579981
0.0882032
0.0525696
0.0640688
0.0798364
0.107706
0.0515622
0.093569
0.0849796
0.0821558
0.0734798
0.094786
0.0635915
0.0697669
0.104219
0.082414
0.0871377
0.0937745
0.062424
0.0965681
0.103274
0.0318139
0.0849045
0.0939007
0.0816681
0.0697493
0.0986973
0.0785331
0.102446
0.0963472
0.0931064
0.0942319
0.0602179
0.0810806
0.064922
0.0988954
0.0858069
0.0938979
0.0422477
0.0770416
0.106285
0.0885281
0.100968
0.0915879
0.0529419
0.076434
0.077386
0.085254
0.068867
0.0493035
0.0740733
0.0592155
0.0740838
0.0390806
0.0728756
0.0847641
0.0918521
0.0388379
0.0721133
0.089679
0.0585105
0.0765304
0.0639131
0.041493
0.0540816
0.0408664
0.0509324
0.0755179
0.077221
0.101467
0.0646815
0.0671513
0.0827223
0.0979156
0.0941558
0.0900082
0.0749533
0.0786788
0.0569494
0.0479714
0.0767108
0.0652009
0.0608426
0.064708
0.0438452
0.0671182
0.0451191
0.0434439
0.0585383
0.0477186
0.0405449
0.0610557
0.0572977
0.0551184
0.0712211
0.0682005
0.0715633
0.0773834
0.0795053
0.0777185
0.0929031
0.0834731
0.0951658
0.106792
0.116253
0.132237
0.117355
0.140376
0.153699
0.166117
0.164112
0.156073
0.129878
0.0816085
0.0618134
0.047745
0.0536149
0.0451635
0.0379152
0.0459222
0.0757385
0.0379306
0.0398685
0.064005
0.0461325
0.0364202
0.052251
0.0429542
0.0346644
0.0574611
0.0389882
0.0432556
0.0509004
0.0475169
0.0342772
0.049805
0.0470425
0.0429541
0.0428827
0.0383435
0.0392709
0.0391599
0.037066
0.0385723
0.0468574
0.0426822
0.0422177
0.0513526
0.0322365
0.0534482
0.0412215
0.0392322
0.0318466
0.0415381
0.034261
0.0365226
0.0452139
0.0417108
0.0437495
0.0378473
0.046868
0.0424797
0.0443039
0.036374
0.0398381
0.0498886
0.0360482
0.0519686
0.0414014
0.0562398
0.0420126
0.0330611
0.0410725
0.0344554
0.0404423
0.0444614
0.0467431
0.0380189
0.0468691
0.0381038
0.0282964
0.041632
0.0429947
0.0470428
0.0460841
0.031133
0.0414665
0.0345502
0.0351129
0.0432425
0.0514884
0.0423694
0.0442507
0.036723
0.0350033
0.0433864
0.034387
0.039416
0.0340783
0.0314936
0.0386709
0.0369605
0.0331714
0.0399727
0.0281502
0.042598
0.0404797
0.0409534
0.0440303
0.0429615
0.0381707
0.0525291
0.0472094
0.044297
0.0475564
0.0474854
0.0588369
0.0571902
0.0739988
0.0583646
0.0637805
0.0734961
0.074221
0.080633
0.0842177
0.0837798
0.0819777
0.0882003
0.0789194
0.0585166
0.0490542
0.0437988
0.0382464
0.0305784
0.039226
0.0365231
0.0365756
0.034378
0.0389703
0.0431005
0.0298922
0.0375825
0.0327805
0.0345371
0.0334961
0.0421617
0.0393757
0.0474781
0.0446861
0.0436718
0.0399883
0.0462576
0.0524156
0.0582385
0.0576454
0.0658757
0.0613245
0.0655373
0.0753948
0.077807
0.0846953
0.0895726
0.103629
0.105765
0.112325
0.11096
0.106056
0.107071
0.0924987
0.0964062
0.0818356
0.0767496
0.0692092
0.0627865
0.0573833
0.0624382
0.0502851
0.0607382
0.0630026
0.0583014
0.0702272
0.0473267
0.0591229
0.058851
0.0643382
0.0537725
0.0569791
0.0624048
0.0671292
0.0581539
0.0717255
0.0564579
0.0662632
0.0684258
0.0686254
0.0680931
0.0726221
0.0795426
0.0883361
0.0807272
0.0888285
0.0931341
0.098363
0.102391
0.109703
0.113596
0.124776
0.124392
0.11894
0.118716
0.118842
0.107828
0.101193
0.084087
0.0758391
0.0757708
0.0600782
0.063858
0.0662854
0.0536042
0.067914
0.0628531
0.0519611
0.0670079
0.0494172
0.0571313
0.0625059
0.0595312
0.0637211
0.0587749
0.0553233
0.0530966
0.0552436
0.0481358
0.0388847
0.0613601
0.0715585
0.0584214
0.0396702
0.0517166
0.0475997
0.0345337
0.0472736
0.0534227
0.0413035
0.0427002
0.0560569
0.048316
0.047642
0.0507645
0.0500884
0.0476712
0.043564
0.0426491
0.053892
0.0481055
0.0474948
0.0496107
0.0518341
0.0501175
0.0489915
0.0442378
0.0478143
0.0445934
0.0448357
0.046198
0.0447908
0.0487313
0.0393012
0.053056
0.04822
0.0458625
0.0454018
0.0501027
0.0525006
0.0579845
0.0529007
0.0703131
0.0576016
0.0673253
0.0718288
0.0740004
0.0794109
0.0751931
0.0739059
0.0774861
0.0669315
0.0875414
0.0748958
0.0712101
0.0885554
0.0971088
0.104258
0.0949118
0.0862074
0.11313
0.108571
0.0880224
0.106105
0.107077
0.0983427
0.103001
0.108856
0.1209
0.13629
0.0976428
0.0955985
0.104788
0.117233
0.092079
0.0836631
0.0799823
0.0905577
0.0845118
0.0777392
0.073909
0.0913359
0.113579
0.0928452
0.0935515
0.099302
0.0997689
0.0999843
0.105974
0.10943
0.108322
0.124535
0.121866
0.117349
0.116587
0.120351
0.126196
0.111321
0.131004
0.115023
0.141729
0.0922484
0.0807951
0.0961234
0.100276
0.0903503
0.109305
0.10847
0.0836051
0.119638
0.0602792
0.113108
0.112161
0.120366
0.110058
0.12767
0.134374
0.112621
0.124372
0.132503
0.120981
0.1317
0.113139
0.122299
0.126933
0.128291
0.1346
0.131063
0.149422
0.161239
0.143965
0.122047
0.150465
0.16162
0.151715
0.154732
0.155193
0.168069
0.152149
0.161817
0.160894
0.170722
0.164155
0.169189
0.175147
0.162864
0.16855
0.172759
0.143897
0.152742
0.147325
0.135637
0.144338
0.121312
0.104231
0.101838
0.103762
0.09822
0.0852623
0.0765109
0.0782167
0.0859532
0.0792654
0.0972625
0.100653
0.078365
0.0715001
0.0645054
0.0936276
0.0641025
0.102404
0.0722609
0.123768
0.150876
0.0721924
0.129312
0.124777
0.119894
0.136952
0.123475
0.155697
0.15987
0.13318
0.137593
0.128911
0.158302
0.193815
0.214702
0.157602
0.161758
0.170332
0.184654
0.196768
0.173381
0.198216
0.192748
0.203683
0.210649
0.204621
0.20369
0.210505
0.20186
0.196998
0.202205
0.17322
0.168833
0.182116
0.12289
0.127841
0.111792
0.108498
0.100426
0.111013
0.0825186
0.0690376
0.110348
0.116219
0.108584
0.0603202
0.0777478
0.113541
0.115191
0.081153
0.0846859
0.119786
0.0900265
0.11405
0.0926571
0.127202
0.113704
0.067678
0.110513
0.10284
0.0793146
0.107445
0.110375
0.0681851
0.124069
0.108561
0.126145
0.158944
0.0955676
0.117717
0.109517
0.0986817
0.0908019
0.176167
0.121868
0.0788241
0.110355
0.147709
0.0711069
0.0599011
0.178521
0.164412
0.13086
0.0934203
0.0883358
0.121777
0.109894
0.0952344
0.114494
0.137738
0.132617
0.135871
0.137439
0.0791415
0.0789094
0.146669
0.123952
0.128419
0.115943
0.142732
0.121434
0.135035
0.109309
0.129955
0.115034
0.0880479
0.13255
0.119315
0.0890963
0.144507
0.110991
0.0665436
0.170363
0.142916
0.0682893
0.0763742
0.0567833
0.140534
0.106169
0.12928
0.1152
0.118643
0.10006
0.0753843
0.121897
0.164949
0.138147
0.126702
0.113709
0.118698
0.0891659
0.0754721
0.0498879
0.126825
0.119656
0.0941438
0.116959
0.0520341
0.118305
0.12371
0.130195
0.179439
0.131625
0.142835
0.0965153
0.13547
0.0876799
0.147768
0.115796
0.0993383
0.091084
0.141557
0.11988
0.103847
0.123094
0.142373
0.149219
0.104046
0.160737
0.129687
0.141836
0.107438
0.111913
0.12418
0.112527
0.0879565
0.0660228
0.101356
0.0895843
0.0959877
0.106096
0.113478
0.0824898
0.104191
0.0563195
0.0720396
