0.0798627
0.0831724
0.06995
0.0695815
0.0820965
0.0829549
0.0748631
0.0795175
0.0774316
0.0781536
0.0816729
0.0870305
0.085132
0.0838727
0.0851981
0.0797324
0.0828698
0.0772962
0.0806698
0.074866
0.0729223
0.0765106
0.0847773
0.0825609
0.0910631
0.083866
0.0885571
0.090249
0.0906598
0.0952662
0.0907197
0.0928616
0.0889199
0.0885505
0.0930218
0.088234
0.0861002
0.0857596
0.0824063
0.0770315
0.084094
0.0878356
0.079388
0.0926871
0.0869304
0.0949041
0.0871451
0.0858336
0.0939913
0.0922296
0.0955434
0.095068
0.0989513
0.0995536
0.0996229
0.0980549
0.0899727
0.0884115
0.0832902
0.0826793
0.0796699
0.0784207
0.0719809
0.0652797
0.0773219
0.0703374
0.0725772
0.0634548
0.0640495
0.0759241
0.0754713
0.0814393
0.0782539
0.0714174
0.0684948
0.0786278
0.0777053
0.0786865
0.0695623
0.0768608
0.0747781
0.081488
0.0675594
0.0739465
0.0740488
0.0759547
0.0762983
0.0834324
0.0815118
0.0815271
0.0838516
0.0793588
0.0830553
0.079473
0.0847204
0.0820829
0.0852375
0.0863619
0.0867522
0.0810377
0.0852533
0.0904829
0.0848425
0.0882404
0.0871213
0.0847136
0.082127
0.0894673
0.0903352
0.0854058
0.086709
0.0876378
0.08412
0.0836051
0.0827585
0.078621
0.086683
0.0750133
0.0778867
0.0675719
0.0881879
0.0692461
0.0854099
0.0852768
0.0834187
0.0837431
0.0845516
0.0831981
0.0910393
0.0915476
0.090302
0.0942682
0.0925206
0.0935893
0.0960897
0.0937464
0.0881845
0.0912557
0.0775882
0.0849121
0.0779481
0.0714283
0.0747723
0.063124
0.0750611
0.0807203
0.0729744
0.0701922
0.0891471
0.0787884
0.0831232
0.0845211
0.0844027
0.0925501
0.0880158
0.0876973
0.0909729
0.0920768
0.0916431
0.0930616
0.0903091
0.0901086
0.0877564
0.0835645
0.0816253
0.087755
0.0770169
0.0791569
0.081556
0.0780473
0.0702199
0.0815811
0.0839411
0.0829982
0.078231
0.0792645
0.0835054
0.0796125
0.0772162
0.0717243
0.0674502
0.0654737
0.0589778
0.0666325
0.0766524
0.0723087
0.0770104
0.070865
0.0745404
0.0792586
0.0805533
0.0794239
0.084854
0.0847127
0.0829677
0.0810623
0.0803368
0.0698141
0.0728195
0.0772814
0.0634136
0.0548683
0.0604382
0.0678277
0.0572661
0.0629256
0.072274
0.0673462
0.0701616
0.0775114
0.0787766
0.0801958
0.0773914
0.0866758
0.081706
0.0847431
0.0845115
0.0809435
0.0807921
0.0806447
0.0820459
0.0816662
0.0818351
0.0734762
0.0661937
0.0641618
0.0650372
0.0641944
0.0583535
0.0660541
0.0634952
0.0672208
0.0689411
0.0787569
0.0778909
0.0790143
0.0765568
0.0733672
0.0819612
0.0810171
0.0794582
0.0900719
0.0867671
0.0888307
0.0848012
0.0864094
0.0883839
0.0877743
0.0863816
0.0847417
0.0842509
0.0809147
0.0851531
0.0810127
0.0859881
0.0688066
0.0634409
0.0612183
0.0575183
0.0531374
0.0579245
0.07368
0.0665915
0.0529058
0.0647303
0.0615691
0.0585281
0.0657549
0.0659348
0.0747293
0.0912365
0.0835375
0.0738689
0.0817722
0.0819568
0.0883902
0.0852949
0.0860949
0.0853211
0.0883397
0.0864234
0.0863303
0.0764823
0.0763375
0.0739755
0.0756088
0.0802877
0.0737569
0.0705614
0.056224
0.066724
0.062849
0.0576006
0.0667282
0.0653256
0.0615738
0.0633282
0.0741964
0.0680232
0.0563209
0.0728949
0.079134
0.0703115
0.0797957
0.0713232
0.0720818
0.0751149
0.077216
0.0735813
0.0796844
0.0739854
0.0658694
0.081612
0.082274
0.0568489
0.0427625
0.0498432
0.038021
0.0461457
0.0373118
0.0639011
0.0704905
0.0566331
0.0617679
0.0605763
0.0671433
0.0676941
0.0598279
0.0550622
0.0509988
0.0729506
0.0614247
0.0749342
0.0695599
0.0797972
0.0726847
0.0756061
0.0810525
0.0769499
0.0773994
0.0778047
0.075778
0.0736625
0.0604381
0.0663813
0.0561949
0.0501308
0.0491581
0.0537117
0.046584
0.0443694
0.0498187
0.039127
0.059776
0.0594206
0.0728379
0.06547
0.0642355
0.0615852
0.0565068
0.0570199
0.0673814
0.0632146
0.0607011
0.0676874
0.0743372
0.0558651
0.0648916
0.0792151
0.0780249
0.0748244
0.0818762
0.0753968
0.0780468
0.0736449
0.0767833
0.0778543
0.0757955
0.0658229
0.0634513
0.0488173
0.0404145
0.0613043
0.0549536
0.0524657
0.0569288
0.0646778
0.0617784
0.048808
0.0481382
0.0537621
0.0636763
0.0603966
0.0648047
0.0635066
0.0589475
0.060424
0.0740369
0.0680249
0.0708178
0.0757837
0.0762959
0.0696001
0.0766509
0.0784289
0.0845549
0.0766872
0.0803782
0.0723048
0.0755772
0.0829267
0.0807922
0.069209
0.0750181
0.0851661
0.0801212
0.0630229
0.0704033
0.066986
0.0562388
0.0688377
0.0545003
0.0588783
0.0678086
0.0589257
0.0616655
0.0843997
0.0634084
0.0695581
0.0646554
0.0789062
0.08263
0.0735703
0.0728159
0.081743
0.0779738
0.0774899
0.0727617
0.063425
0.0845846
0.0599254
0.065593
0.0822965
0.041186
0.0685136
0.0469513
0.0591389
0.0610133
0.0509294
0.043866
0.041963
0.0472513
0.0507222
0.0481245
0.0510694
0.0518627
0.0413296
0.0683751
0.0508764
0.0680998
0.0628485
0.0408708
0.0804557
0.0755097
0.0778548
0.0480253
0.056908
0.0680925
0.064434
0.0827927
0.0751399
0.0622414
0.076875
0.0762018
0.0759684
0.0718396
0.0790863
0.0794193
0.080585
0.0590201
0.058842
0.0485605
0.0449378
0.0580136
0.0423049
0.0466222
0.0504606
0.0485552
0.0545577
0.0639815
0.074708
0.0889727
0.131586
0.170298
0.197333
0.23862
0.259026
0.251907
0.220764
0.171422
0.129938
0.0976828
0.0658555
0.0358251
0.051162
0.0571819
0.0608343
0.0604298
0.0663086
0.0689968
0.0646238
0.0553518
0.0524667
0.0514549
0.0648879
0.0625462
0.0610052
0.0695643
0.0737377
0.069486
0.0754015
0.0643393
0.0610027
0.0486517
0.0574203
0.0644593
0.0663709
0.058588
0.0356369
0.0660411
0.0543246
0.0530924
0.0581488
0.0546153
0.0628336
0.0573538
0.056788
0.0583738
0.0653602
0.0650513
0.0761638
0.0703531
0.073688
0.0728921
0.0921794
0.0530965
0.0652472
0.0704083
0.0401678
0.0684306
0.057474
0.0634995
0.0574884
0.0475717
0.0576743
0.0709325
0.0484918
0.0611086
0.0500843
0.0828197
0.0519072
0.0611224
0.0495384
0.0692486
0.0465674
0.0469068
0.0452396
0.0491645
0.0552962
0.0642931
0.0587795
0.0454329
0.0493636
0.0587994
0.0588063
0.0697736
0.0494435
0.0569672
0.0704534
0.0553067
0.0655596
0.0702844
0.0565309
0.058061
0.0642463
0.0676124
0.0557029
0.0623642
0.0655391
0.0600119
0.086655
0.0644952
0.0613822
0.057408
0.0543881
0.0387975
0.0542436
0.0547516
0.0373799
0.0411132
0.0743004
0.0443347
0.0528113
0.0470705
0.0670166
0.0272055
0.0453128
0.0576164
0.0575853
0.0736979
0.0474109
0.0409427
0.0534414
0.0421775
0.0594766
0.0462159
0.0512144
0.0465297
0.0587971
0.0674604
0.0504901
0.0315706
0.0417089
0.0649341
0.0352606
0.0430585
0.0575889
0.0503898
0.0547006
0.058415
0.0508636
0.0488605
0.0645377
0.0454985
0.0585779
0.0516285
0.0467253
0.0375325
0.0399651
0.0561613
0.0495537
0.0447134
0.0388494
0.0500356
0.0514119
0.0554041
0.0376309
0.0464388
0.0529607
0.0594341
0.0397412
0.0568149
0.0686736
0.0504858
0.0672241
0.0285885
0.0489186
0.0659841
0.0504759
0.0594842
0.0599294
0.0361227
0.0486453
0.0370327
0.056791
0.0367276
0.0414666
0.034521
0.0359863
0.0457432
0.0521933
0.059445
0.0169987
0.056223
0.0483938
0.0177791
0.0449032
0.0564141
0.062359
0.0325072
0.0771185
0.0443652
0.0374926
0.0734926
0.0642777
0.0528361
0.053541
0.0584509
0.0471942
0.0520211
0.0525838
0.0255068
0.0373982
0.0509998
0.0428668
0.0508955
0.062719
0.0475297
0.0390263
0.0381199
0.0290344
0.0398173
0.0473605
0.0591677
0.0415549
0.0350653
0.0289753
0.0506316
0.0534367
0.0383681
0.0329333
0.0290982
0.0474921
0.0326835
0.0290865
0.0403779
0.0348612
0.0323948
0.0508106
0.0386835
0.0303095
0.0445244
0.0467581
0.0395013
0.0429354
0.0428084
0.0337967
0.0267825
0.0255876
0.039024
0.0435961
0.0497071
0.0447682
0.0422428
0.0364815
0.0344208
0.0464913
0.0123086
0.0275585
0.0573641
0.0367557
0.0435566
0.0364984
0.0406065
0.0469539
0.0494091
0.0418953
0.0508349
0.0309805
0.0366862
0.0334334
0.0297108
0.0408204
0.0390939
0.0376993
0.028696
0.0400321
0.045371
0.0347438
0.0529387
0.0483847
0.0407616
0.0253272
0.0291241
0.0321931
0.0191361
0.0423577
0.0366208
0.0294222
0.05336
0.0354248
0.0378845
0.0637228
0.041225
0.0370392
0.0247578
0.0339931
0.0415371
0.0475706
0.0194542
0.0360798
0.0204444
0.0608678
0.0361476
0.0332371
0.0406101
0.0279763
0.0433891
0.0417626
0.0613674
0.0422422
0.0570282
0.056136
0.0450929
0.0203618
0.0770433
0.0499037
0.0380184
0.0560084
0.0527597
0.0436594
0.0516514
0.0638447
0.0570171
0.0560728
0.0542261
0.0606487
0.0417673
0.053252
0.0408439
0.048827
0.0454515
0.0272415
0.0709464
0.0284949
0.0616237
0.0598321
0.0233434
0.0287682
0.0404618
0.0619977
0.0272264
0.063589
0.0458659
0.0275451
0.0456945
0.0441456
0.046321
0.066464
0.0467559
0.0479739
0.0619131
0.0563914
0.0638632
0.0600067
0.0218817
0.0340891
0.0583563
0.026431
0.0719973
0.0354071
0.045775
0.0547369
0.0470473
0.0343349
0.0564552
0.0593827
0.0314423
0.0413481
0.0392132
0.0461017
0.0354048
0.0336884
0.0417442
0.0525982
0.0385885
0.0417649
0.0248632
0.0450799
0.0327918
0.0447212
0.040364
0.0330674
0.0353788
0.0320879
0.0366469
0.039984
0.0244677
0.0357694
0.0441889
0.0336732
0.038297
0.0378253
0.0341763
0.0407279
0.0350805
0.0284819
0.0304836
0.0363897
0.0301226
0.0280049
0.0262931
0.0279285
0.0342543
0.0304869
0.0324774
0.0325996
0.0378909
0.0335582
0.0339855
0.0321045
0.0371189
0.030485
0.0352099
0.0323762
0.0258099
0.0311772
0.0324663
0.0277677
0.0375444
0.030796
0.0258346
0.0359452
0.0297234
0.027666
0.0326649
0.0281241
0.0351855
0.0360487
0.0278479
0.0296593
0.03383
0.0315265
0.0286103
0.0258942
0.0384804
0.0240302
0.0299919
0.0305036
0.0311626
0.0210117
0.0368199
0.0302605
0.0344109
0.0332068
0.0347669
0.0322799
0.0319934
0.0387271
0.0323952
0.030714
0.0387893
0.029792
0.0305571
0.0280721
0.0341055
0.0337802
0.0301034
0.0312935
0.027262
0.0397549
0.0373704
0.0295925
0.0332176
0.0372056
0.0280967
0.0256364
0.0343981
0.0333529
0.0361662
0.0339357
0.0367693
0.0268333
0.0353442
0.0283658
0.0384739
0.0316687
0.0353039
0.0329864
0.0287355
0.036333
0.0331444
0.034131
0.0380424
0.0368041
0.0377009
0.0343612
0.0363644
0.0334213
0.0297756
0.031622
0.024522
0.0420329
0.0307415
0.0353136
0.0322522
0.0269068
0.0286544
0.0333228
0.0381408
0.0319065
0.032788
0.0349131
0.0406901
0.0332432
0.0322522
0.0453488
0.0296807
0.0420873
0.0409983
0.0366239
0.0386045
0.0403716
0.0304421
0.0288166
0.0335143
0.0281305
0.0358691
0.0324073
0.0353948
0.0390467
0.0431565
0.0383317
0.0376757
0.0271878
0.0220718
0.0321457
0.0301409
0.0338521
0.0454647
0.0239898
0.0345445
0.0342549
0.0457371
0.0397011
0.0417213
0.0224733
0.0354503
0.0465629
0.0457032
0.037698
0.0303329
0.0393608
0.0420201
0.0530441
0.0538068
0.0298148
0.0309476
0.0434398
0.0339861
0.0447001
0.0421911
0.0489899
0.0400914
0.0385808
0.0400633
0.0268514
0.0284376
0.045512
0.0455787
0.0422964
0.0389338
0.0478383
0.0320207
0.0514808
0.0497588
0.0432087
0.0370926
0.0470402
0.0213768
0.0295509
0.0284143
0.0459286
0.0409686
0.0380384
0.0437769
0.0381947
0.0282843
0.0457697
0.0322183
0.0376936
0.0349177
0.0244679
0.0209474
0.047197
0.0475162
0.0441105
0.0422711
0.0360525
0.0472004
0.0286906
0.0351689
0.0423332
0.0239682
0.0251217
0.0464567
0.0380592
0.0365279
0.0326649
0.0313207
0.0425077
0.0362729
0.0328003
0.0368691
0.0299086
0.0408861
0.0497547
0.0332888
0.0270232
0.0324845
0.0406296
0.0381174
0.0380412
0.028607
0.0307224
0.0375115
0.0301519
0.0313506
0.0373828
0.0407101
0.0371443
0.034125
0.0361961
0.0269862
0.0353757
0.0293321
0.0346168
0.0349257
0.0237485
0.0343237
0.0362867
0.0365935
0.0270511
0.0232897
0.0344299
0.0297342
0.0320732
0.030197
0.0420335
0.0254366
0.0485297
0.0372413
0.0363685
0.0358082
0.0481754
0.0325445
0.024871
0.0292101
0.0298093
0.0307043
0.0314389
0.0297069
0.0267786
0.032163
0.0389971
0.0294754
0.0332123
0.0415563
0.0285419
0.0299704
0.0282396
0.0388496
0.0306194
0.0327831
0.0307533
0.0403175
0.0390201
0.0400963
0.0353977
0.0256722
0.0358778
0.0374458
0.0337122
0.0292027
0.0304587
0.0388418
0.03773
0.0275631
0.0384196
0.0261129
0.0271179
0.0321286
0.0310908
0.0251152
0.0282554
0.0334108
0.029495
0.0201545
0.0263413
0.0379809
0.0283795
0.0272716
0.0404447
0.0350775
0.0348829
0.0283248
0.0266382
0.0293943
0.0338091
0.0334419
0.0399605
0.0226248
0.0405835
0.0312582
0.0369807
0.0340892
0.0381093
0.02801
0.0390016
0.0364033
0.0390264
0.0383779
0.0292012
0.0375924
0.0398986
0.0338872
0.0321576
0.0239187
0.0315822
0.0291791
0.0415484
0.0250096
0.0333093
0.033716
0.0272309
0.034304
0.0348902
0.0386619
0.0464741
0.032407
0.0452649
0.0510222
0.048284
0.0676267
0.115861
0.215764
0.321238
0.379593
0.377836
0.355165
0.297848
0.173348
0.0881118
0.0608605
0.0437149
0.0394856
0.0379756
0.0368754
0.0363825
0.0362194
0.03558
0.0362741
0.030025
0.0354107
0.0286349
0.0330528
0.0300305
0.0260943
0.0347351
0.0304497
0.0341909
0.0311731
0.0320532
0.0291262
0.0330057
0.0378608
0.0375724
0.0247832
0.0364126
0.0458453
0.0417732
0.0387878
0.0400715
0.0362636
0.0480482
0.0369294
0.0470132
0.0386794
0.0383623
0.0383743
0.0370993
0.044903
0.0348571
0.0281257
0.033027
0.038377
0.0379238
0.0388103
0.032889
0.0333251
0.0340923
0.0344737
0.0376788
0.0331619
0.0350071
0.0302354
0.0387098
0.0304396
0.0371285
0.0285914
0.0358883
0.0428422
0.0285038
0.0331345
0.0454674
0.0289216
0.0462623
0.0219181
0.0344866
0.0434095
0.0347317
0.0353822
0.0325333
0.0360217
0.0402776
0.0328925
0.0452912
0.0441619
0.0295197
0.0268039
0.0382393
0.0357352
0.0373823
0.0367216
0.0332176
0.0227424
0.0343828
0.0421806
0.0353988
0.0236364
0.0324536
0.0336547
0.0359341
0.0341715
0.0369223
0.0417371
0.0303314
0.0352511
0.0351224
0.0518206
0.0265037
0.0270423
0.0349854
0.0415476
0.0302551
0.0345658
0.0237178
0.0320261
0.0410112
0.0267007
0.0396019
0.0483261
0.0380615
0.0277586
0.0348317
0.033931
0.0473421
0.0494089
0.029862
0.0466641
0.0444736
0.0265187
0.0379828
0.0250924
0.0405823
0.0348676
0.028666
0.0320317
0.0401652
0.0393891
0.038697
0.0263295
0.0378182
0.0214246
0.0504092
0.0277439
0.0366992
0.0257538
0.0191873
0.0339498
0.0576848
0.0303561
0.0282935
0.0220291
0.0336931
0.0423031
0.0473241
0.0336943
0.00722713
0.033123
0.0230808
0.0794913
0.0379653
0.0244647
0.0635738
0.00951014
0.0496061
0.026178
0.0424318
0.016459
0.050991
0.0285671
0.048986
0.0631371
0.0623124
0.0567383
0.0246096
0.0394621
0.0578999
0.0498438
0.0516696
0.0633185
0.0545884
0.0454387
0.0396574
0.0673949
0.0373025
0.0205962
0.0333058
0.0736326
0.0535018
0.0447796
0.0337457
0.0234077
0.0444916
0.0518366
0.0439514
0.0512386
0.0406121
0.0329647
0.0369557
0.0384076
0.0397724
0.0188603
0.0622993
0.0145616
0.0473052
0.0241522
0.0425093
0.0318015
0.057483
0.0570056
0.017658
0.0278435
0.0376478
0.0609931
0.0146286
0.0258864
0.0548235
0.0244364
0.0187996
0.0402311
0.0420069
0.0281777
0.0517871
0.0378268
0.0566185
0.0446256
0.0547295
0.0703558
0.0338756
0.0230852
0.0324434
0.0468372
0.022503
0.0357935
0.0192523
0.0337929
0.0300335
0.0398435
0.050934
0.0335184
0.0557053
0.0319083
0.0269006
0.0260437
0.0417688
0.0341163
0.0439362
0.0531711
0.04831
0.0532927
0.0530518
0.0422605
0.0467186
0.0494575
0.0426574
0.0488667
0.0502551
0.0711559
0.0616448
0.065866
0.061007
0.0742312
0.0528253
0.0571809
0.0617172
0.0571591
0.0451692
0.043093
0.0370649
0.0445226
0.0344003
0.0262884
0.0408701
0.0604671
0.030311
0.0452634
0.0504067
0.0380623
0.0401117
0.032499
0.0440289
0.0320898
0.0444841
0.0293878
0.0445705
0.0418324
0.042744
0.053164
0.0396447
0.0485233
0.042253
0.0389031
0.0231735
0.0395233
0.0380995
0.02358
0.0269962
0.0386411
0.0383018
0.0167594
0.019346
0.0304221
0.0317561
0.0355282
0.0297839
0.027507
0.0307637
0.0385524
0.0369434
0.0326647
0.0239965
0.0241784
0.040373
0.0321576
0.0397945
0.030522
0.039786
0.0399717
0.039894
0.0404588
0.0471764
0.0403812
0.0382107
0.0523277
0.0462438
0.0387875
0.0247296
0.0482046
0.0434206
0.0338115
0.0323672
0.0427429
0.0376658
0.0510551
0.0289605
0.0380424
0.0417893
0.0566122
0.0379026
0.0271453
0.0356169
0.0462772
0.036735
0.0414453
0.0393014
0.0421616
0.0360379
0.0352254
0.0486847
0.0384987
0.0330518
0.0284914
0.0358767
0.0395069
0.0412515
0.0395858
0.0316795
0.0376291
0.0394907
0.0434416
0.0348592
0.0457472
0.0411924
0.034067
0.0382142
0.0395211
0.0452735
0.0425659
0.0434597
0.0505652
0.035892
0.0422977
0.0463085
0.05445
0.0643075
0.0519334
0.0645689
0.0659643
0.0667564
0.056001
0.05938
0.0544598
0.0385119
0.0431558
0.0383432
0.0321382
0.0531828
0.0231127
0.030589
0.036371
0.0434759
0.0370833
0.0306825
0.0365137
0.038715
0.0331076
0.0329377
0.038413
0.0367269
0.0339615
0.0350742
0.0332959
0.0324878
0.036224
0.0377456
0.0430619
0.0515509
0.0416244
0.0403779
0.0467599
0.0389706
0.0460141
0.0522003
0.0537347
0.0556432
0.0597175
0.0568723
0.0643509
0.0509351
0.0666111
0.0568165
0.058938
0.0582612
0.0402723
0.032445
0.0521252
0.0524275
0.0298605
0.0384232
0.0474855
0.0558072
0.0499269
0.0416616
0.0386221
0.0459224
0.0397877
0.0367698
0.051698
0.0462651
0.0309169
0.0333922
0.0625336
0.0373535
0.0379265
0.0361315
0.0460357
0.0488779
0.0429891
0.0454253
0.0447119
0.0541933
0.0516151
0.0499354
0.0454809
0.0446941
0.0559001
0.050312
0.054145
0.0590973
0.0572562
0.0617103
0.0546764
0.0549262
0.0518179
0.0498681
0.046024
0.0466495
0.0407623
0.0329363
0.0349156
0.0368066
0.0396507
0.0440097
0.0417883
0.0393611
0.0456952
0.0283706
0.0445991
0.0417606
0.0354343
0.0264451
0.0347225
0.0374375
0.0470537
0.0390587
0.0314621
0.0424618
0.0233624
0.0329856
0.0376245
0.0432007
0.0461483
0.0387248
0.0335298
0.0396004
0.0375868
0.0399801
0.0289895
0.0406357
0.0332782
0.024962
0.0322393
0.0355438
0.0300631
0.0345265
0.0342359
0.0397623
0.0352037
0.022292
0.0260404
0.039013
0.0284781
0.0305688
0.0341256
0.0327817
0.0295126
0.0334703
0.0324148
0.0244179
0.0285641
0.0239227
0.0265546
0.0290935
0.0218926
0.0266632
0.0372832
0.0331409
0.0335103
0.0391679
0.0492677
0.0559519
0.0482724
0.0550311
0.064239
0.0582226
0.0596884
0.0675885
0.0684131
0.0749404
0.0640167
0.0667481
0.0582554
0.0583216
0.059747
0.0671617
0.0483377
0.0524052
0.0713774
0.0661248
0.0579758
0.0664782
0.0363878
0.0446819
0.0506839
0.0297987
0.0540362
0.0656085
0.048325
0.0535815
0.0755033
0.0499162
0.0441182
0.0748128
0.081305
0.0442096
0.0427202
0.0525793
0.0605638
0.048096
0.0644266
0.0660796
0.0572073
0.0662658
0.0606561
0.0396287
0.0591116
0.0683939
0.0774629
0.0794244
0.0934855
0.0759323
0.0660065
0.0713451
0.0649254
0.0752704
0.0558405
0.0699634
0.0674803
0.0801867
0.0509722
0.0470572
0.0424116
0.070195
0.0641366
0.0506789
0.0390881
0.071242
0.0194705
0.0197209
0.03034
0.0948104
0.053147
0.054471
0.0723762
0.0460928
0.0426804
0.0514163
0.0460653
0.073068
0.0585842
0.0516679
0.0797843
0.0870216
0.0594444
0.0715147
0.0892625
0.0747433
0.0566482
0.0702249
0.0749747
0.0800693
0.0757103
0.0702876
0.0870547
0.0630269
0.0748255
0.0798693
0.0827012
0.0826914
0.0614908
0.0688697
0.0873096
0.0812708
0.0675271
0.0719706
0.0674998
0.0767062
0.0757584
0.0644674
0.0851076
0.0506017
0.0570307
0.0343859
0.0776803
0.0693744
0.0284618
0.0351255
0.0687393
0.0286285
0.0601709
0.0740476
0.0379471
0.0663853
0.0313111
0.0497857
0.021997
0.0559548
0.0378342
0.0249526
0.0219671
0.0780618
0.0277667
0.046591
0.0591119
0.0481467
0.0603638
0.0767987
0.0848087
0.0570777
0.0745353
0.076041
0.0856582
0.0519205
0.0920369
0.0825391
0.0493765
0.0846228
0.093826
0.0754483
0.0554122
0.0805253
0.0782335
0.0743346
0.0800032
0.0797925
0.0822184
0.0698949
0.0902261
0.0885356
0.0828761
0.0764466
0.0750904
0.0832866
0.0626484
0.0436328
0.0796369
0.0820728
0.0257533
0.0648501
0.0700171
0.0710526
0.0475424
0.0609035
0.0639073
0.038428
0.0481929
0.0714492
0.0905234
0.107009
0.107154
0.0748469
0.034968
0.0954727
0.0390861
0.0975778
0.10386
0.0704692
0.0838999
0.0569787
0.0680056
0.121143
0.0524842
0.0514014
0.0375045
0.0612023
0.0300281
0.0514231
0.0669406
0.0270365
0.0827706
0.0495599
0.0764508
0.0538441
0.0863315
0.0464942
0.0350332
0.0863727
0.0804909
0.108826
0.0581736
0.0531978
0.113904
0.0345648
0.0801775
0.0730296
0.0700224
0.116698
0.0724763
0.045562
0.0999847
0.0434417
0.055459
0.0638059
0.0700624
0.0851701
0.0488097
0.0822791
0.0442802
0.0859688
0.060137
0.0610155
0.101886
0.0276693
0.042148
0.0717178
0.0641248
0.0355856
0.0527145
0.0568854
0.0972429
0.0135584
0.018666
0.0631458
0.0959013
0.0293915
0.0792106
0.035669
0.0421339
0.0423012
0
0.0311426
0.0653454
0.0594683
0.0321533
0.0233267
0.124808
0.0208968
0.0531155
0.0372029
0.0613894
0.0582491
0.0656472
0.0690793
0.0150808
0.0292422
0.0464477
0.131641
0.0271299
0.0599326
0.0482664
0.0648633
0.0390731
0.0664133
0.0608047
0.0653381
0.071336
0.0745533
0.0590258
0.0389699
0.0829822
0.0740377
0.0621955
0.0451068
0.0912555
0.102596
0.0900661
0.0603763
0.112542
0.0979755
0.0755838
0.0622891
0.106225
0.114281
0.0804695
0.033238
0.0816558
0.0734105
0.0779044
0.082656
0.0484922
0.0692306
0.0593175
0.0630606
0.0583048
0.0570536
0.0657636
