0.167093
0.163175
0.15524
0.153512
0.155704
0.148001
0.139386
0.131149
0.129185
0.140978
0.144882
0.151283
0.153507
0.16458
0.168749
0.168952
0.1818
0.185142
0.189189
0.182213
0.17111
0.159187
0.154058
0.144896
0.150596
0.15026
0.149896
0.154672
0.155765
0.161662
0.162634
0.17105
0.174795
0.182082
0.191192
0.194085
0.197378
0.206123
0.197492
0.188251
0.174082
0.154051
0.152756
0.15938
0.151512
0.152602
0.155764
0.150988
0.161696
0.162635
0.170092
0.176071
0.186338
0.188666
0.189079
0.190069
0.198786
0.206685
0.202805
0.206363
0.184334
0.161559
0.144921
0.125786
0.140419
0.125209
0.130975
0.125956
0.127942
0.138873
0.136683
0.140837
0.140688
0.139528
0.13697
0.152428
0.155191
0.158023
0.152985
0.149738
0.136526
0.134193
0.120182
0.113966
0.119366
0.11993
0.122121
0.135338
0.134688
0.139259
0.148605
0.146265
0.161489
0.15281
0.152743
0.142168
0.131548
0.121383
0.117082
0.116208
0.126784
0.139004
0.143417
0.148027
0.148757
0.14914
0.147459
0.153051
0.16273
0.160509
0.170627
0.178943
0.18264
0.187325
0.183641
0.18425
0.182433
0.158228
0.144817
0.138452
0.146848
0.133175
0.154417
0.150298
0.147
0.150156
0.156841
0.152545
0.157945
0.162741
0.16358
0.164907
0.171567
0.182011
0.186051
0.188151
0.19345
0.204115
0.196847
0.186385
0.177575
0.152544
0.142542
0.138005
0.150283
0.147303
0.142849
0.143545
0.146986
0.151873
0.156946
0.157575
0.15511
0.160756
0.160704
0.160033
0.167707
0.170886
0.175648
0.184593
0.187057
0.191915
0.195277
0.197746
0.184954
0.173158
0.15478
0.151794
0.149367
0.146518
0.139751
0.143988
0.153775
0.15473
0.158733
0.164036
0.173374
0.168933
0.173818
0.15452
0.147328
0.128907
0.125178
0.13059
0.134852
0.127653
0.134566
0.128148
0.132838
0.138116
0.144422
0.150901
0.1492
0.158279
0.165969
0.172313
0.181071
0.167841
0.170242
0.146764
0.125287
0.108296
0.108509
0.114948
0.112918
0.120514
0.120476
0.122504
0.127211
0.125872
0.131531
0.135157
0.139053
0.147595
0.146896
0.150327
0.14756
0.153799
0.159151
0.161986
0.171677
0.176001
0.175542
0.16272
0.133345
0.115268
0.0998553
0.104489
0.0953866
0.102852
0.0945665
0.0971333
0.103371
0.111827
0.116065
0.123434
0.128436
0.130145
0.143096
0.142434
0.141615
0.148129
0.150208
0.150959
0.150366
0.155452
0.155624
0.161769
0.166426
0.169832
0.162237
0.160807
0.145407
0.136469
0.144011
0.127714
0.119227
0.130411
0.112593
0.123853
0.126451
0.126981
0.122204
0.121076
0.107996
0.119273
0.122165
0.128038
0.138593
0.142957
0.151215
0.152377
0.147044
0.15387
0.150942
0.158095
0.157768
0.162705
0.16576
0.172973
0.16756
0.177154
0.157523
0.157694
0.158005
0.162612
0.163519
0.157923
0.13743
0.128077
0.10687
0.118959
0.115055
0.125598
0.121822
0.124272
0.115033
0.126051
0.111614
0.127957
0.121098
0.140919
0.127333
0.143618
0.137148
0.137851
0.144996
0.148161
0.152015
0.154912
0.165294
0.160198
0.163844
0.160155
0.121405
0.10423
0.121558
0.107273
0.113191
0.107219
0.118442
0.114156
0.11442
0.115696
0.121271
0.121181
0.120617
0.124196
0.103234
0.121263
0.12164
0.131178
0.139442
0.126077
0.13877
0.143849
0.136402
0.146983
0.141314
0.148606
0.157343
0.157203
0.154731
0.146444
0.135232
0.11471
0.0993785
0.110008
0.0893357
0.0933831
0.0900344
0.110274
0.0904471
0.0935673
0.10113
0.113772
0.111283
0.122078
0.0939444
0.11257
0.106649
0.115911
0.117282
0.108465
0.111472
0.112644
0.112238
0.12963
0.130889
0.135863
0.13797
0.144921
0.13737
0.144395
0.153306
0.151582
0.155743
0.158089
0.144165
0.12832
0.109794
0.0809843
0.0924143
0.0830552
0.0932378
0.07876
0.102257
0.0969246
0.0876561
0.105789
0.110248
0.0934225
0.110157
0.100599
0.110369
0.115968
0.106795
0.112514
0.119949
0.116727
0.116843
0.127259
0.116814
0.12657
0.136523
0.134667
0.13182
0.146743
0.141273
0.13415
0.144813
0.146544
0.139407
0.144297
0.151639
0.154551
0.136179
0.132836
0.121936
0.0985843
0.112627
0.097357
0.100355
0.103148
0.100939
0.104384
0.120695
0.118746
0.115866
0.110743
0.113572
0.120457
0.123927
0.12772
0.141206
0.143808
0.146847
0.141496
0.14675
0.157197
0.152737
0.14988
0.135655
0.102359
0.110453
0.111516
0.110041
0.105354
0.0911427
0.107882
0.100282
0.0929243
0.107896
0.0899825
0.117494
0.108933
0.101033
0.116715
0.105609
0.117736
0.120635
0.107652
0.128504
0.133577
0.117874
0.102387
0.12057
0.126826
0.131173
0.142941
0.140021
0.124935
0.128302
0.132248
0.135672
0.145109
0.151669
0.154481
0.150981
0.146853
0.119456
0.105798
0.091074
0.0924389
0.0968558
0.0943929
0.112984
0.101321
0.108196
0.104131
0.12184
0.146759
0.196592
0.23921
0.293345
0.331069
0.388066
0.376362
0.352863
0.296884
0.218278
0.153622
0.113297
0.0888159
0.10416
0.109802
0.109643
0.100141
0.114383
0.122162
0.120964
0.106983
0.116964
0.106936
0.106472
0.11453
0.110569
0.115785
0.117938
0.131563
0.151433
0.130993
0.126547
0.124176
0.115414
0.120472
0.111851
0.113099
0.0989745
0.120818
0.0896349
0.0987681
0.0997942
0.0937209
0.10498
0.0987056
0.101098
0.113241
0.124639
0.110606
0.119804
0.130353
0.135216
0.128
0.127215
0.134224
0.128229
0.126849
0.0995349
0.0967255
0.0955737
0.118056
0.0943133
0.109011
0.097505
0.0865347
0.0979407
0.0898193
0.0806152
0.105553
0.100138
0.10715
0.108372
0.096322
0.0867347
0.0998313
0.11035
0.102862
0.120374
0.116798
0.105933
0.0930728
0.100378
0.105095
0.110549
0.102653
0.103979
0.0962764
0.111328
0.101573
0.106717
0.112865
0.112559
0.113735
0.117701
0.108745
0.0976188
0.117106
0.101653
0.104254
0.122405
0.126896
0.0852256
0.103667
0.10606
0.0880861
0.109307
0.0835278
0.0857204
0.0886178
0.110728
0.101766
0.101752
0.0862689
0.0952639
0.0669107
0.0876164
0.094359
0.107674
0.132589
0.0990151
0.0966052
0.107372
0.0821997
0.101892
0.0792264
0.109826
0.0886784
0.11341
0.108248
0.0865579
0.0847501
0.0849369
0.108646
0.0866381
0.082925
0.0850931
0.0987595
0.0978255
0.106597
0.0948398
0.100168
0.101726
0.0957866
0.107607
0.107992
0.0886569
0.0870326
0.09633
0.101762
0.0878614
0.0806444
0.0742892
0.0874469
0.0955769
0.0906898
0.0808831
0.106013
0.112949
0.103341
0.107442
0.0939046
0.105336
0.0970065
0.10188
0.111999
0.108006
0.098873
0.0741105
0.0893088
0.0873211
0.077979
0.0914715
0.078864
0.0844609
0.094507
0.0976076
0.0768287
0.0903442
0.0927347
0.106592
0.0989563
0.0731962
0.11478
0.0857161
0.0792186
0.112301
0.0947527
0.12847
0.0991527
0.126383
0.0936497
0.0925604
0.102345
0.0960432
0.122739
0.0936363
0.0857454
0.0821365
0.0896361
0.0991792
0.0490794
0.0729045
0.0832207
0.0764532
0.0916679
0.0939348
0.0758906
0.0604663
0.090147
0.0751377
0.0662633
0.0763269
0.079608
0.0687153
0.0628773
0.0731966
0.0818725
0.0658451
0.0659346
0.0715359
0.0706556
0.06797
0.067657
0.0591463
0.0569707
0.0619886
0.0589622
0.071187
0.0669558
0.0647984
0.0766337
0.0644033
0.0609185
0.0694701
0.0758165
0.0708877
0.0765284
0.064253
0.0681399
0.0699921
0.0738025
0.0733184
0.0634045
0.0667887
0.0642896
0.0729454
0.0531698
0.0560948
0.0795956
0.0629678
0.072573
0.0723492
0.0719644
0.0802912
0.0692612
0.0732038
0.0790503
0.0667128
0.0674102
0.0594269
0.064837
0.0779979
0.0518444
0.0729528
0.0621173
0.0783728
0.0739909
0.0717852
0.0706613
0.077794
0.0646811
0.0691223
0.0816141
0.0786688
0.0612673
0.0641562
0.0788362
0.069276
0.0865396
0.0741649
0.0819827
0.0916287
0.064315
0.0803991
0.0713801
0.0668153
0.0844145
0.0547649
0.071439
0.0768975
0.0704699
0.0861286
0.0708771
0.0792484
0.058607
0.0698341
0.0762231
0.0891209
0.0983938
0.0809157
0.0800368
0.0873917
0.0778224
0.0540644
0.0901234
0.0791287
0.0554154
0.0743345
0.0753068
0.0779957
0.121727
0.0868316
0.0967402
0.0692605
0.0760562
0.084997
0.0899248
0.0843706
0.0787503
0.0831408
0.0706618
0.0404869
0.0898233
0.0826751
0.104844
0.0933762
0.0655812
0.0503404
0.0821322
0.0665065
0.0841431
0.100603
0.0717154
0.0784224
0.0891272
0.0867954
0.0702331
0.0778239
0.0659085
0.0756147
0.102398
0.0678401
0.0867889
0.082147
0.0502936
0.0682877
0.0859369
0.0700168
0.098088
0.0571381
0.0867939
0.0784579
0.0657394
0.0466833
0.0853336
0.0761401
0.0664664
0.0795454
0.0708346
0.0692176
0.0718411
0.079269
0.0634207
0.0698436
0.0657054
0.0692746
0.0477396
0.060301
0.0567264
0.0542927
0.0611256
0.0513356
0.0666559
0.0620232
0.0639263
0.0663077
0.0480101
0.0568778
0.0649599
0.0573064
0.0650669
0.0581429
0.0649545
0.0635594
0.0611511
0.0570387
0.049264
0.0516524
0.04901
0.0563895
0.0519387
0.0550146
0.0544815
0.0580218
0.0605433
0.0504137
0.0624837
0.0523954
0.0559842
0.0550557
0.0566301
0.0533525
0.0603195
0.0574613
0.0522226
0.05
0.0607789
0.0547095
0.0560235
0.0437784
0.050239
0.0509419
0.044575
0.0553259
0.0580437
0.0550123
0.0595678
0.0578951
0.0521097
0.0479894
0.0524674
0.0506567
0.0607607
0.048602
0.062625
0.0517588
0.062336
0.0516653
0.0508215
0.0466208
0.0532085
0.0568358
0.0574865
0.0536472
0.0603854
0.0593381
0.0566202
0.0541859
0.0539151
0.0496087
0.0602397
0.0505765
0.0609711
0.0501503
0.0582853
0.060801
0.0612905
0.0621042
0.051989
0.0634305
0.0637589
0.0487817
0.0560834
0.0528234
0.0535522
0.0451516
0.055514
0.0555604
0.0554186
0.0580982
0.0560501
0.0490022
0.0557167
0.0505542
0.058722
0.0508996
0.0565082
0.0613084
0.0517087
0.0581863
0.0567756
0.0645261
0.061528
0.0513495
0.0613035
0.0573372
0.0658428
0.0574123
0.0591634
0.0532365
0.050458
0.0621562
0.05751
0.0627234
0.0601579
0.0532058
0.053701
0.0597514
0.0658002
0.0579155
0.0532154
0.0605636
0.0604767
0.0653035
0.0578638
0.0582253
0.0541302
0.0603248
0.0577742
0.0670328
0.0575127
0.0626364
0.057852
0.0592372
0.0536536
0.0575359
0.0544576
0.0570642
0.0576745
0.0666722
0.0619196
0.0526634
0.0604122
0.0610384
0.0629538
0.0600047
0.0675999
0.0655778
0.0761984
0.0578306
0.058017
0.0564449
0.0797494
0.0758745
0.0706858
0.0664813
0.0622136
0.070155
0.0816672
0.0668114
0.0517507
0.0700065
0.0701791
0.0691088
0.0773459
0.0571582
0.0658744
0.0684675
0.066049
0.0705865
0.0676643
0.0586676
0.071134
0.0633774
0.0666751
0.054829
0.061236
0.06267
0.0530803
0.067111
0.0586409
0.0553396
0.0485006
0.0567995
0.0612003
0.0667658
0.0694722
0.0652335
0.0488631
0.0401986
0.0597789
0.0608351
0.0659143
0.0521794
0.0572232
0.0570917
0.0524863
0.0701553
0.0727434
0.0625976
0.0725503
0.0560422
0.0527907
0.0580062
0.0573242
0.0612625
0.0569555
0.0660044
0.066855
0.051842
0.0501954
0.0590755
0.0577491
0.0598544
0.0618329
0.0537552
0.0481462
0.057724
0.0510604
0.0653991
0.0604158
0.0575742
0.0527147
0.0447251
0.054689
0.065198
0.0494165
0.0557873
0.0333387
0.0673495
0.0680218
0.0533463
0.0463009
0.0604586
0.0635284
0.0554232
0.0488737
0.0483485
0.0599158
0.056431
0.0488444
0.0513077
0.0434543
0.0554706
0.0495871
0.0394176
0.0579751
0.0507715
0.0445276
0.051229
0.0432789
0.0485243
0.0432262
0.0497066
0.0509299
0.0452233
0.0485332
0.0421157
0.0529289
0.0533758
0.0609152
0.0530924
0.0584517
0.0532208
0.0453125
0.0377938
0.0489531
0.0426403
0.0469021
0.0465432
0.0473456
0.039415
0.0546589
0.048612
0.0484932
0.0444887
0.0566024
0.0397632
0.0477221
0.0549792
0.0552185
0.0527205
0.0534406
0.0500138
0.0497176
0.0512445
0.0553984
0.0514901
0.0586775
0.0472156
0.0512341
0.0520018
0.0521037
0.0520402
0.0491579
0.0462307
0.0448278
0.0552239
0.0489869
0.0431719
0.0469127
0.0540248
0.0466697
0.0448632
0.0493014
0.0470454
0.0447148
0.0464828
0.0512516
0.0489271
0.0554012
0.04717
0.0496305
0.0480247
0.0456745
0.0513089
0.0527981
0.049736
0.054907
0.0471371
0.0474297
0.0490063
0.0499486
0.0617159
0.0497114
0.0621501
0.05766
0.0557476
0.0587594
0.0534995
0.0534355
0.0560288
0.0578028
0.0565144
0.059567
0.0555309
0.0437631
0.0488458
0.0557521
0.0551887
0.0491569
0.0512027
0.0529324
0.052526
0.0519622
0.0553878
0.0627385
0.0584181
0.056348
0.0651857
0.0672996
0.0835298
0.108309
0.171137
0.323208
0.469885
0.530969
0.534142
0.512585
0.422151
0.248281
0.134427
0.0898072
0.0721337
0.0603696
0.0603641
0.0595275
0.0569282
0.0588381
0.0577848
0.0562099
0.05195
0.058234
0.050534
0.0581998
0.0551144
0.0536207
0.0577417
0.0573616
0.054375
0.0496426
0.0511248
0.0500357
0.0531264
0.0572935
0.0514797
0.0494771
0.0560691
0.0715437
0.0611773
0.0619945
0.0694375
0.0531534
0.0630466
0.0626463
0.0675728
0.0607646
0.062299
0.0585656
0.059535
0.065301
0.0611483
0.0545292
0.0594114
0.0635012
0.0582958
0.0612778
0.0599362
0.0557407
0.0596134
0.0673589
0.0598731
0.0582808
0.0570504
0.0502821
0.0579106
0.0544403
0.0607211
0.0541788
0.0583127
0.0663526
0.0551891
0.0541004
0.0610691
0.0553471
0.0612737
0.0529174
0.0568857
0.0669728
0.0608192
0.061594
0.0603477
0.0561208
0.0536844
0.0675152
0.0605661
0.0580068
0.0547669
0.0616648
0.0610414
0.0570174
0.0529698
0.0579286
0.056209
0.0475426
0.0555205
0.0571066
0.0549551
0.0461284
0.0587571
0.0528317
0.0559005
0.0522672
0.058321
0.0559508
0.0477397
0.0593834
0.0514758
0.0644511
0.0589933
0.0584716
0.0629834
0.0499117
0.05832
0.0483181
0.0512746
0.0486368
0.0748984
0.0482039
0.0603833
0.0736399
0.0481702
0.0637427
0.0522499
0.0504657
0.0729418
0.0554625
0.0527881
0.0633916
0.0641604
0.0541027
0.0488543
0.0543744
0.0554167
0.0516497
0.0512058
0.0444794
0.0583295
0.053684
0.0683607
0.0507731
0.0659404
0.0465012
0.0639886
0.0543837
0.0427285
0.0611324
0.0519996
0.0460764
0.0606505
0.0643549
0.0334289
0.0500316
0.0382986
0.0711497
0.0614654
0.0596997
0.0626725
0.0286818
0.0662875
0.0417155
0.0788966
0.0496158
0.0617403
0.0455232
0.0497365
0.0397295
0.0813365
0.0410573
0.0474999
0.034083
0.0586547
0.0419352
0.0659239
0.0516206
0.0487853
0.0506506
0.0655761
0.0670916
0.080061
0.0697954
0.0756206
0.0667935
0.0711423
0.0748118
0.0740537
0.05801
0.0648886
0.071217
0.0626499
0.0608094
0.0622583
0.0366267
0.0515672
0.0660441
0.0560021
0.038547
0.0558874
0.0506027
0.054028
0.0392981
0.0611753
0.0379092
0.049242
0.0573137
0.054704
0.050945
0.0432242
0.0425768
0.0657986
0.0298438
0.066121
0.0637756
0.0606798
0.0786789
0.0404788
0.0510412
0.042769
0.0543484
0.0410387
0.0456655
0.0504191
0.0686973
0.078368
0.0489428
0.0549527
0.0672545
0.0921545
0.0654167
0.0784274
0.0495288
0.0598263
0.0464028
0.0282423
0.0428055
0.050952
0.0603154
0.0413802
0.0425242
0.07576
0.0405669
0.0638106
0.0517877
0.0553747
0.0568583
0.060397
0.0444439
0.0508531
0.0577502
0.0667865
0.0555805
0.0639576
0.0585604
0.0648063
0.0754861
0.0738227
0.0721975
0.082166
0.0914808
0.0876339
0.0933689
0.100845
0.109418
0.0883454
0.0894243
0.0795095
0.0592237
0.0349482
0.0592995
0.0503416
0.0555822
0.0557021
0.0476307
0.033372
0.068064
0.0416248
0.0574989
0.052487
0.0430796
0.0562265
0.0462906
0.0448638
0.0406799
0.0647918
0.0611587
0.0601809
0.056628
0.0494286
0.0692321
0.0560375
0.0654782
0.0617758
0.0599051
0.0516665
0.0493914
0.0469032
0.037327
0.0444401
0.0545776
0.059804
0.0447355
0.0376598
0.0467304
0.0436809
0.0451587
0.048143
0.0490586
0.0421237
0.0489391
0.0475359
0.0399927
0.0394861
0.0400888
0.0507562
0.05049
0.0460905
0.0448265
0.0554451
0.0413913
0.0481246
0.0469592
0.0469189
0.0467847
0.0603891
0.0613133
0.0497128
0.0568936
0.0465183
0.0561954
0.046639
0.0420227
0.0465837
0.0599149
0.0627144
0.0694144
0.0546175
0.0530116
0.0549951
0.0710526
0.0605632
0.0546265
0.0609413
0.063707
0.0524064
0.0609229
0.0614343
0.0557853
0.0529929
0.0531007
0.0571576
0.0566671
0.0496932
0.0515503
0.048726
0.0566389
0.0580311
0.0589942
0.0476877
0.0421202
0.0520552
0.0620302
0.0588162
0.0532394
0.0628733
0.0444006
0.0552041
0.0609135
0.0586977
0.061842
0.0643315
0.0725203
0.0586597
0.0655892
0.0747445
0.0784769
0.0848251
0.0851392
0.0815345
0.0879641
0.0820764
0.0758117
0.0734506
0.0762346
0.0603465
0.0667541
0.0542275
0.0437375
0.0634148
0.0486442
0.0518471
0.054505
0.0582228
0.0542752
0.0450764
0.0561139
0.0532169
0.0548662
0.0538687
0.0548426
0.0552081
0.0535001
0.0552674
0.0539119
0.0518594
0.0489793
0.061846
0.0623559
0.0653799
0.0629407
0.0648016
0.0592278
0.0601043
0.0745643
0.0712854
0.0763561
0.0740908
0.0783223
0.0795265
0.086354
0.0738242
0.0789948
0.0771512
0.080391
0.0753772
0.0559013
0.0564159
0.0557859
0.0612963
0.0553368
0.060303
0.0736768
0.0621333
0.0543092
0.0557205
0.0617312
0.07184
0.0625528
0.0559095
0.0606365
0.0694606
0.0625174
0.0517636
0.069543
0.0576342
0.0649488
0.0600725
0.0665266
0.063287
0.0689742
0.0704531
0.0715899
0.0763903
0.0735177
0.06677
0.0717854
0.0779823
0.0795756
0.0820884
0.0810497
0.0877376
0.0821091
0.0819795
0.07916
0.0830004
0.0740976
0.0700286
0.0610953
0.0644039
0.0707641
0.0510374
0.048068
0.054094
0.0507718
0.0524947
0.0601506
0.047013
0.0681487
0.0547294
0.0578413
0.0592359
0.0491685
0.0510946
0.0527125
0.0569139
0.0741039
0.0575787
0.0497968
0.0496153
0.0467477
0.0591621
0.0562022
0.0544802
0.0602221
0.0553347
0.0570523
0.057125
0.0539755
0.0543388
0.0521411
0.0704602
0.0445869
0.0473054
0.0523472
0.0492068
0.0515432
0.0529348
0.046827
0.0573986
0.0522948
0.0513455
0.0424523
0.0527273
0.0530314
0.0504718
0.0470167
0.0542715
0.0438359
0.0527164
0.0458024
0.0375633
0.0509172
0.0390819
0.0436411
0.0480965
0.0406794
0.0460294
0.0409824
0.0430879
0.0428269
0.0385276
0.0427296
0.0408285
0.0304903
0.0326131
0.033656
0.0302444
0.0408932
0.0366739
0.0369047
0.0476613
0.039264
0.0376959
0.0453377
0.0431624
0.0483993
0.0594676
0.0568702
0.0690247
0.0611635
0.0607938
0.0680494
0.0463448
0.0371499
0.0585066
0.0452452
0.0469261
0.0390129
0.061717
0.0499659
0.0439556
0.0737875
0.0505807
0.0491821
0.0650399
0.0610766
0.0567146
0.0417669
0.068101
0.0867503
0.0692461
0.0843518
0.0800667
0.0742547
0.0902435
0.084065
0.0739551
0.0833137
0.0763384
0.111179
0.103843
0.0989561
0.110836
0.100952
0.09375
0.0865557
0.0879775
0.087875
0.0954566
0.0816375
0.0859364
0.0574791
0.0733133
0.0599839
0.0908022
0.0601017
0.0817612
0.0473184
0.0781622
0.0563221
0.0714911
0.0723403
0.110754
0.0596775
0.0753443
0.0696603
0.0730776
0.0689856
0.067914
0.0743563
0.0851187
0.0730184
0.0632907
0.0754032
0.103267
0.0740035
0.0964139
0.114852
0.0946109
0.0839798
0.104193
0.0739589
0.115331
0.102717
0.10304
0.12061
0.0906626
0.103771
0.111836
0.108025
0.107436
0.100048
0.0984145
0.107509
0.121788
0.094551
0.0970847
0.0973034
0.100167
0.0849777
0.0870104
0.0858528
0.0801681
0.0719375
0.0486622
0.0526182
0.0814765
0.074904
0.0668425
0.0555332
0.0667445
0.0641154
0.053918
0.0562008
0.0691182
0.0527814
0.064016
0.0951657
0.071633
0.0669349
0.0838778
0.0623847
0.0633191
0.0916594
0.0717763
0.0756624
0.0621104
0.0926441
0.0672788
0.0659132
0.0702748
0.113128
0.0944284
0.0940768
0.106881
0.0987175
0.0964622
0.0775839
0.11089
0.116517
0.126256
0.108886
0.100982
0.121801
0.0992204
0.119985
0.104122
0.101144
0.0928879
0.112022
0.101975
0.1087
0.105191
0.0905733
0.1089
0.0963232
0.0834108
0.0847407
0.101362
0.0697731
0.0688707
0.0689394
0.0786855
0.0622472
0.0666092
0.0678061
0.0534404
0.0760135
0.071131
0.125721
0.0943228
0.0799369
0.0974038
0.0593898
0.126184
0.0924707
0.0919949
0.108174
0.0440763
0.0874743
0.0744491
0.0724607
0.118868
0.0712758
0.075966
0.0608583
0.0510788
0.0340815
0.0914297
0.107756
0.0400169
0.0723697
0.0695543
0.0601927
0.0881305
0.0764133
0.0773827
0.0478428
0.108503
0.0780404
0.122749
0.0862801
0.0677485
0.0672882
0.0946279
0.0917023
0.0957977
0.100044
0.118375
0.0921033
0.0820412
0.104015
0.111012
0.0760089
0.0979147
0.0836735
0.115435
0.0775812
0.0737625
0.0897687
0.0930105
0.113791
0.115982
0.13436
0.0807844
0.0520942
0.0913382
0.0880797
0.0645477
0.0513847
0.0726363
0.121732
0.0887024
0.0475168
0.0397539
0.0836599
0.10334
0.085251
0.048232
0.0665558
0.0895389
0.0678825
0.079598
0.0632806
0.0509476
0.0390995
0.0802805
0.067473
0.0454938
0.0818515
0.0630775
0.0522736
0.104457
0.0910486
0.0648645
0.0436543
0.0907784
0.0922947
0.140496
0.0393293
0.0708338
0.0977169
0.0997811
0.0638283
0.0472764
0.101386
0.100192
0.107395
0.097368
0.0772293
0.0721207
0.0709833
0.0956384
0.0919331
0.0753342
0.0906672
0.0875028
0.112933
0.0686907
0.0986925
0.108296
0.118977
0.085662
0.0945442
0.0913594
0.0930626
0.0202049
0.0577839
0.0408
0.0915152
0.0436268
0.068316
0.0545034
0.0173497
0.0258474
0.0367102
0.0103281
0
