0.12516
0.113609
0.115663
0.10576
0.112
0.113187
0.10277
0.101159
0.100703
0.110009
0.107202
0.118313
0.120154
0.123178
0.123666
0.12541
0.134166
0.137924
0.135061
0.127524
0.125694
0.12464
0.114229
0.111517
0.115185
0.109476
0.118315
0.119056
0.121571
0.125422
0.127477
0.132822
0.13128
0.135674
0.141937
0.141551
0.141151
0.147515
0.145834
0.136741
0.1212
0.123869
0.112706
0.12358
0.113875
0.123996
0.115558
0.117826
0.126497
0.127075
0.13377
0.136153
0.145833
0.147711
0.148313
0.147571
0.147604
0.147928
0.150313
0.143691
0.136328
0.116338
0.103476
0.0969959
0.100579
0.0945863
0.0987823
0.0881058
0.0879121
0.0965232
0.100856
0.107917
0.098601
0.104931
0.101813
0.112529
0.111425
0.111665
0.109905
0.111482
0.103477
0.105125
0.0883521
0.0940737
0.0908794
0.0953615
0.0942683
0.103375
0.109218
0.111412
0.113485
0.113978
0.120843
0.117174
0.116569
0.106289
0.103389
0.10031
0.0973417
0.0959637
0.102694
0.109071
0.114062
0.117325
0.11632
0.114378
0.111964
0.119495
0.12726
0.123303
0.125918
0.132937
0.13589
0.138635
0.131595
0.128758
0.130075
0.119125
0.109015
0.0927133
0.111428
0.101779
0.110743
0.11535
0.111468
0.109698
0.112714
0.11818
0.123923
0.124903
0.128156
0.129317
0.13489
0.138955
0.143996
0.144575
0.144349
0.147215
0.138702
0.138122
0.12473
0.10978
0.105408
0.0945854
0.11328
0.0965522
0.102254
0.105483
0.110077
0.105898
0.114754
0.117966
0.120915
0.12296
0.121066
0.121025
0.127127
0.133768
0.133653
0.137883
0.139057
0.144174
0.142572
0.142107
0.132057
0.125547
0.114941
0.112079
0.109277
0.109063
0.104172
0.114681
0.113291
0.114475
0.118716
0.120096
0.121151
0.118457
0.120677
0.11526
0.107218
0.0955605
0.0893949
0.0934376
0.0934047
0.0962463
0.103222
0.0971694
0.104421
0.102823
0.11208
0.113456
0.117376
0.120258
0.119263
0.128868
0.130517
0.111932
0.116829
0.10463
0.0901381
0.07692
0.0773785
0.0790005
0.0800216
0.0799049
0.0860681
0.0871039
0.0962914
0.0979133
0.100232
0.105043
0.103309
0.117554
0.114622
0.11318
0.118089
0.113992
0.116956
0.120604
0.125761
0.128447
0.125112
0.123363
0.0908403
0.0811128
0.0754129
0.0693887
0.0737329
0.0783377
0.0718592
0.081052
0.0754532
0.0940767
0.0916596
0.090901
0.095612
0.0949618
0.103616
0.108204
0.101723
0.106645
0.113665
0.114472
0.117736
0.118946
0.120953
0.124037
0.128874
0.127298
0.122598
0.119764
0.115453
0.100715
0.1083
0.0954914
0.0865905
0.0846511
0.0796791
0.0739066
0.0912977
0.0830774
0.0784245
0.0786691
0.0742546
0.0840642
0.0934092
0.093164
0.0977814
0.10141
0.108574
0.116754
0.108974
0.116003
0.116459
0.121583
0.120043
0.123713
0.131165
0.131404
0.128774
0.133495
0.120663
0.117697
0.109975
0.116757
0.11985
0.108705
0.0926899
0.0838071
0.092496
0.0885164
0.0734905
0.0824611
0.0826672
0.0814572
0.07662
0.095941
0.083172
0.0743757
0.0891041
0.0924328
0.0972449
0.108447
0.0978188
0.101431
0.103678
0.109167
0.10837
0.118917
0.114016
0.112487
0.120149
0.122822
0.0818131
0.0572466
0.0791146
0.053589
0.0676581
0.072014
0.0778676
0.0762387
0.0886821
0.0696251
0.0738566
0.0857454
0.0771839
0.0790651
0.0730397
0.0825005
0.0871676
0.0960816
0.104169
0.0969953
0.10253
0.10239
0.103563
0.110484
0.105555
0.112961
0.118238
0.113872
0.106138
0.101145
0.0947761
0.0760485
0.0486388
0.0751095
0.0654615
0.0473259
0.053298
0.0616056
0.0623049
0.0668637
0.0696752
0.0828021
0.0826107
0.0850257
0.0638784
0.0807491
0.0735337
0.0704128
0.0810938
0.0744877
0.0889285
0.0886322
0.0795778
0.104504
0.0995977
0.10532
0.101534
0.112337
0.104354
0.109977
0.106639
0.121332
0.116877
0.112185
0.114189
0.0800072
0.0746286
0.0588762
0.0722749
0.0487667
0.0686296
0.0591889
0.0695261
0.0741943
0.0575567
0.066885
0.0744571
0.0686477
0.0827974
0.0731
0.0770355
0.0862527
0.0802453
0.0954558
0.0822321
0.0855363
0.0864834
0.0986964
0.0994503
0.0936911
0.103898
0.0988821
0.0966095
0.107092
0.1054
0.101522
0.110187
0.10416
0.103462
0.108874
0.112652
0.107877
0.0964101
0.0945415
0.0777591
0.0768156
0.0808208
0.0689936
0.0580184
0.0697433
0.0945099
0.0735955
0.092781
0.0886421
0.0911121
0.095461
0.0886286
0.0980479
0.0925366
0.0991142
0.103565
0.11385
0.109736
0.113321
0.103472
0.11705
0.108691
0.104567
0.100581
0.0560322
0.0749317
0.0810542
0.0674294
0.0775263
0.0577392
0.0641135
0.0606237
0.0615415
0.0600505
0.0600287
0.0856405
0.0701348
0.0717238
0.0721333
0.0766379
0.069917
0.0842174
0.0617218
0.100904
0.0806624
0.0797921
0.0738277
0.0772948
0.0909326
0.094242
0.115811
0.101314
0.0882704
0.104863
0.107574
0.0944248
0.1057
0.108266
0.108624
0.108942
0.0942603
0.0736077
0.0684629
0.0615723
0.067059
0.0609522
0.0645402
0.076204
0.0601381
0.0766404
0.0597909
0.10942
0.134943
0.190918
0.235065
0.292566
0.356209
0.390201
0.395705
0.376391
0.268654
0.192027
0.127886
0.074463
0.0724952
0.078366
0.0639873
0.0743662
0.0686381
0.0942273
0.0696455
0.0774991
0.0717845
0.0711921
0.0711819
0.086922
0.084206
0.0841784
0.0770346
0.0941059
0.0932336
0.110093
0.0941111
0.0838566
0.0753511
0.0755441
0.0765967
0.0605014
0.0677548
0.0645101
0.0824517
0.0632796
0.0713332
0.0889306
0.0769666
0.0626609
0.0537654
0.0771712
0.0783084
0.0896785
0.0941323
0.0939613
0.0933353
0.10505
0.0989613
0.108885
0.0901773
0.0949519
0.091762
0.0656097
0.0751588
0.051478
0.0677784
0.0705907
0.05922
0.0636247
0.0750097
0.0593414
0.0725445
0.0720157
0.0807481
0.0674329
0.0688281
0.065738
0.0801619
0.0605512
0.0722165
0.0778264
0.0612066
0.0661847
0.086006
0.0706318
0.0486935
0.0671403
0.0647656
0.0937161
0.0812801
0.0735175
0.0770841
0.0891692
0.0702701
0.0768361
0.0745057
0.0802404
0.0811459
0.0798224
0.0870203
0.0598508
0.0732035
0.0729057
0.0727001
0.0744377
0.0845911
0.0655626
0.0760221
0.0749881
0.0509162
0.0738193
0.0618947
0.0536716
0.0630489
0.0818076
0.0820545
0.0805677
0.0312606
0.0644002
0.0537152
0.0624248
0.0689128
0.100036
0.0815207
0.0655029
0.0660558
0.0729591
0.0589685
0.0782371
0.0545834
0.0667211
0.0653123
0.0697085
0.0656783
0.0468641
0.0365938
0.0647357
0.0688174
0.0559492
0.0580202
0.0613363
0.0702833
0.070232
0.0734965
0.0621223
0.0675358
0.064095
0.0590452
0.0598266
0.0628696
0.0590563
0.0698477
0.0387278
0.0690484
0.0678714
0.0595129
0.0406167
0.0693521
0.0474483
0.0547575
0.0716163
0.0792715
0.0645345
0.076782
0.0546922
0.0464871
0.0741877
0.0686251
0.0764989
0.0655333
0.0648771
0.0880543
0.0656219
0.0838283
0.059828
0.0538111
0.0760497
0.0431317
0.0720033
0.0636735
0.0734541
0.0660678
0.0489688
0.0553744
0.0605947
0.0532503
0.0542452
0.0632472
0.0544494
0.0595903
0.0568783
0.0835052
0.0671684
0.0650306
0.0827967
0.0509803
0.0679391
0.0641532
0.0739841
0.0680166
0.066274
0.065337
0.0702713
0.0582189
0.057651
0.0508512
0.0416717
0.0514939
0.0636561
0.0607243
0.0527434
0.0511861
0.0494453
0.0597646
0.0401571
0.0497422
0.0411213
0.0474852
0.0484734
0.0305826
0.0452154
0.0542269
0.0499541
0.0422684
0.0356081
0.0350652
0.0450315
0.0396549
0.0418476
0.0339964
0.0301676
0.0395849
0.0474824
0.029058
0.0298231
0.0416127
0.0405927
0.0237965
0.0445244
0.0299872
0.0574178
0.0365989
0.0308794
0.038834
0.0320485
0.0440646
0.0514798
0.0462416
0.0391881
0.0302343
0.0446797
0.0273678
0.0370337
0.0448578
0.0460022
0.033361
0.0369631
0.0405981
0.0484938
0.048877
0.04051
0.0587542
0.0224553
0.0414261
0.0406539
0.0317728
0.0338669
0.0249395
0.0415797
0.0423586
0.0400939
0.0457649
0.0354472
0.05012
0.0440383
0.0276172
0.035972
0.0333177
0.0534244
0.0261043
0.0415033
0.042433
0.0414226
0.0438432
0.0554133
0.0499035
0.0688645
0.0474275
0.0550117
0.0485595
0.0357472
0.052075
0.0398026
0.0421397
0.0305813
0.0392743
0.053553
0.044104
0.0274505
0.0542256
0.0443231
0.0416227
0.0531107
0.0617518
0.0396121
0.0430079
0.0569704
0.0666032
0.0545913
0.0695529
0.0523512
0.049502
0.0451992
0.0544268
0.0538765
0.070233
0.0563785
0.0731826
0.0621429
0.0742142
0.0359305
0.0685694
0.0462423
0.0373501
0.0609884
0.048993
0.0451512
0.0596174
0.0363211
0.0783162
0.0749299
0.0342985
0.0508862
0.0702348
0.0544302
0.0645026
0.07212
0.0658876
0.05288
0.0475256
0.0689168
0.0346009
0.0428904
0.0471827
0.0812329
0.0647926
0.0532412
0.0694855
0.0687139
0.0350859
0.0415209
0.0687614
0.0516498
0.0513943
0.0469045
0.0592442
0.062009
0.0433291
0.0386048
0.0529346
0.0592469
0.0364037
0.0452438
0.0589349
0.0423651
0.0465125
0.055946
0.0488913
0.030119
0.0345943
0.0323368
0.0279368
0.0314794
0.0241735
0.0277719
0.0235834
0.0262247
0.0300606
0.0284577
0.0373131
0.0332058
0.0196022
0.0305407
0.0397196
0.0314727
0.0230368
0.0348241
0.0307407
0.0356261
0.0311978
0.0375134
0.0233703
0.0214059
0.0207302
0.0218569
0.0198243
0.0281178
0.0269879
0.0297154
0.0264589
0.0241643
0.0261228
0.0288004
0.0271477
0.0254119
0.0257157
0.0207575
0.0358254
0.0225762
0.0226234
0.0262917
0.0246902
0.0241905
0.0304143
0.0193856
0.0196194
0.025788
0.0198728
0.0191382
0.0172345
0.0234903
0.0321681
0.0241179
0.0243556
0.0168178
0.0209547
0.0224612
0.0238568
0.0203832
0.0278548
0.0221477
0.0240127
0.0236076
0.0213399
0.015984
0.0262488
0.0256256
0.0254576
0.0254433
0.0294646
0.0270391
0.0253314
0.0292366
0.0248628
0.0181947
0.0339243
0.0272194
0.0246829
0.0283364
0.0291885
0.022039
0.0258634
0.0326786
0.0244204
0.0335484
0.0260949
0.0188347
0.0196999
0.0246399
0.0237694
0.0128384
0.0278557
0.0196969
0.024765
0.0274179
0.0241583
0.0244129
0.0276378
0.0241521
0.0254868
0.0222752
0.0215598
0.0267337
0.0273657
0.0238282
0.0277272
0.0304793
0.0327085
0.0254935
0.0231509
0.0352846
0.0275965
0.0283519
0.0267562
0.0226279
0.0138127
0.0305612
0.0292537
0.028682
0.0274455
0.0194122
0.0120449
0.0274229
0.0384479
0.0186831
0.0301043
0.0312848
0.0174247
0.0359794
0.023712
0.0314819
0.0264232
0.0413017
0.037174
0.0290738
0.0275095
0.0320556
0.0293806
0.0336351
0.0291018
0.0211063
0.0273613
0.0266756
0.0306733
0.0242788
0.0279544
0.0252545
0.035652
0.0284778
0.0297696
0.0316396
0.0300557
0.0249128
0.0472461
0.0264694
0.0361312
0.0340656
0.0365266
0.0467302
0.0378566
0.041329
0.0363088
0.0454014
0.0282425
0.0347703
0.0278344
0.0454034
0.0366583
0.0374177
0.0428065
0.0327249
0.0378657
0.0272304
0.0351218
0.0349646
0.0330924
0.0315491
0.0403802
0.0264138
0.028975
0.0206254
0.048236
0.0314425
0.0417839
0.0272132
0.031621
0.0278822
0.0346667
0.0287496
0.0341382
0.03888
0.0352638
0.0401214
0.0205387
0.0193604
0.0277292
0.0356707
0.0360897
0.0294806
0.0304045
0.0364457
0.0224873
0.0393361
0.0461314
0.0238172
0.0342792
0.0249689
0.014928
0.0355743
0.0296931
0.0273104
0.0334093
0.0365714
0.0369101
0.0308547
0.0317308
0.0287518
0.0279674
0.0184485
0.0330335
0.0279879
0.0302761
0.0197124
0.0170346
0.025485
0.0289904
0.0272981
0.0303939
0.0242878
0.0230078
0.0380924
0.0316745
0.0354485
0.0312879
0.0291714
0.0400572
0.0262621
0.0233932
0.0240574
0.0372081
0.0258811
0.0151372
0.0227572
0.0305771
0.0250691
0.0307388
0.0182228
0.0217217
0.0273219
0.0194077
0.019749
0.024802
0.0141318
0.0223714
0.0161922
0.0220187
0.0100738
0.0164545
0.0285899
0.0289612
0.0230595
0.017395
0.0309888
0.0212727
0.0219393
0.0379192
0.0466101
0.0315741
0.0270027
0.0164971
0.0269618
0.0223576
0.0188028
0.0204429
0.0232372
0.0223878
0.0155335
0.0277903
0.0231201
0.0157358
0.0247606
0.0221488
0.0207481
0.0181525
0.0254837
0.0295662
0.0203931
0.0243658
0.0214665
0.0269557
0.0278617
0.0237259
0.0268846
0.0262793
0.0227519
0.0307326
0.0288484
0.0317845
0.0328748
0.024849
0.0250014
0.0178815
0.0257838
0.010582
0.00949792
0.017979
0.0313917
0.0205927
0.0182201
0.0211687
0.0171737
0.013346
0.0164772
0.019591
0.0193616
0.0268936
0.0238999
0.0287615
0.0233256
0.0149395
0.018303
0.0225836
0.0265604
0.0232394
0.0363665
0.0157261
0.0262515
0.0265052
0.0273765
0.0212654
0.0373371
0.0145798
0.0336754
0.0256418
0.0278773
0.0245568
0.0252769
0.0282023
0.0289662
0.020488
0.0267094
0.017595
0.0195367
0.0233885
0.0324605
0.0258695
0.023289
0.0252617
0.026367
0.0298363
0.0271467
0.0316343
0.035714
0.0328185
0.0386996
0.0441807
0.0622667
0.0835328
0.154483
0.343737
0.518221
0.591458
0.599062
0.570718
0.463024
0.253093
0.115784
0.0697184
0.040608
0.0331104
0.0387539
0.0329322
0.0308519
0.0327987
0.0304788
0.0273707
0.0251584
0.0304136
0.0241171
0.0263783
0.0313178
0.0221053
0.0252944
0.0226979
0.0231039
0.0251066
0.0241175
0.0193727
0.0245475
0.0276383
0.0258798
0.0211819
0.029576
0.0434597
0.0413658
0.0357564
0.0362844
0.0377039
0.0412336
0.0358538
0.0381924
0.031454
0.0367468
0.0283393
0.0327358
0.0354921
0.0282828
0.0251674
0.0257655
0.0297556
0.0290104
0.0296108
0.0267392
0.0295827
0.0356841
0.0298647
0.0237391
0.030691
0.0302857
0.0280486
0.0282752
0.0317599
0.0239496
0.0219904
0.0333029
0.0357276
0.0251796
0.0384719
0.0320111
0.0279702
0.0261184
0.0315148
0.0347639
0.0290543
0.0343292
0.031416
0.0365127
0.0343114
0.0287863
0.0356076
0.0322767
0.0328755
0.0244529
0.0258631
0.0351467
0.0278337
0.0314101
0.0220559
0.0231205
0.019645
0.0221405
0.0259719
0.0308125
0.018266
0.0278022
0.0245333
0.0172881
0.0231887
0.0229055
0.0282492
0.0178999
0.0351163
0.0315687
0.0249196
0.0245085
0.0345313
0.0262443
0.0401441
0.0173189
0.0197477
0.00769591
0.0425513
0.0461095
0.0321535
0.0344657
0.0463208
0.0346219
0.0215633
0.0243297
0.0352321
0.0365523
0.0343287
0.0329282
0.0396817
0.0386609
0.0309935
0.024326
0.0196355
0.0241883
0.045138
0.0244243
0.0131983
0.0268194
0.0210032
0.0307698
0.022722
0.0270773
0.0214774
0.0328985
0.0284869
0.0452473
0.0420412
0.0266538
0.0360491
0.0488175
0.0269931
0.0284949
0.0492495
0.0482661
0.0479462
0.0615647
0.0373069
0.0166898
0.0273471
0.0275459
0.0441821
0.0359763
0.0445374
0.0547648
0.0184411
0.0429847
0.0545096
0.0438924
0.0243925
0.0350444
0.0143735
0.044662
0.0523942
0.0656369
0.0530121
0.0375309
0.00856869
0.0507079
0.0515572
0.0487506
0.0652829
0.0469697
0.0318699
0.0448647
0.0582946
0.0701836
0.0185154
0.0535986
0.0447967
0.0409413
0.0279714
0.0373696
0.0321246
0.043023
0.0490873
0.053579
0.0255941
0.0232937
0.0346732
0.035561
0.0292477
0.039419
0.00588729
0.0401866
0.0170357
0.0387734
0.0380294
0.0326712
0.0405696
0.0503681
0.0258271
0.0305205
0.0438513
0.00374033
0.0867794
0.018729
0.024358
0.0204111
0.00978074
0.0351381
0.0226148
0.038378
0.0440486
0.056892
0.0518892
0.0423743
0.0522387
0.0722543
0.0655983
0.0432752
0.0270738
0.0386414
0.0313196
0.00309387
0.0305556
0.0542655
0.0336686
0.0408936
0.0234993
0.0530577
0.0131178
0.0287994
0.0396158
0.0309365
0.0207121
0.0343115
0.0396086
0.0234641
0.0476338
0.0337897
0.0419006
0.0341209
0.0324442
0.0409581
0.0476152
0.0545035
0.0476992
0.051603
0.0636168
0.0716416
0.0715697
0.0791408
0.0934184
0.0670274
0.0709005
0.0561248
0.0503413
0.0326945
0.0403131
0.0272041
0.0358638
0.0390376
0.00963683
0.0223154
0.0461557
0.0152197
0.0424506
0.0331746
0.0274873
0.0329494
0.0244863
0.0314652
0.0275106
0.0213414
0.0207083
0.0239493
0.0299977
0.0239137
0.0323617
0.0327332
0.0389116
0.0233085
0.0214141
0.026714
0.0213286
0.0160505
0.0148915
0.0256572
0.0231963
0.0275062
0.0143436
0.0117343
0.0147021
0.0241219
0.0189731
0.0237126
0.0127126
0.0112446
0.0276819
0.0263312
0.0230154
0.01866
0.0164478
0.0181291
0.0175543
0.0290098
0.0226239
0.0236762
0.0213776
0.0355064
0.0309101
0.0284121
0.0281932
0.0344439
0.0381741
0.0245259
0.0270434
0.0268423
0.0280796
0.030761
0.0215668
0.0294849
0.0402904
0.0309542
0.0367374
0.0285682
0.0266583
0.0309656
0.0429948
0.0410798
0.0207127
0.0267127
0.035433
0.0263824
0.0333759
0.0312191
0.0284728
0.0284333
0.0346323
0.0325333
0.0260088
0.0255834
0.027256
0.0268062
0.0281575
0.0336282
0.0300596
0.026382
0.0215109
0.030156
0.035693
0.0296934
0.0340329
0.0367049
0.0343503
0.0325686
0.0381968
0.0371875
0.0372359
0.0402184
0.0568145
0.0335863
0.0459827
0.0471301
0.0547465
0.0641862
0.0659309
0.0607075
0.0678694
0.0617176
0.0563366
0.0548978
0.0422959
0.039079
0.0301625
0.0304621
0.0162458
0.0343051
0.0173975
0.0217703
0.0280313
0.0276855
0.0266048
0.0211167
0.02711
0.028812
0.0327558
0.0236094
0.0325678
0.0332297
0.0210171
0.0313773
0.0247869
0.022038
0.0227005
0.0370298
0.0369171
0.039484
0.0364822
0.0346115
0.0335397
0.0387896
0.050844
0.0435799
0.0539059
0.0541296
0.0576875
0.0602508
0.0641438
0.0534574
0.0644538
0.0595012
0.0635705
0.0529815
0.0442982
0.0399277
0.0342919
0.0274852
0.0314322
0.0342
0.0459061
0.0246065
0.0337375
0.0259057
0.0401299
0.0397669
0.0345556
0.0282852
0.0386137
0.0353348
0.0323451
0.0325831
0.0492504
0.0407216
0.0335439
0.0413699
0.0402726
0.0411021
0.0375818
0.0380804
0.0456046
0.0489564
0.0421975
0.0440643
0.0471305
0.04403
0.0606658
0.0564278
0.055465
0.0610244
0.0585652
0.0666637
0.0576142
0.0570387
0.0503059
0.0518867
0.0428457
0.0449674
0.0437529
0.026528
0.0313926
0.0333903
0.0375782
0.0400214
0.038112
0.0258692
0.0358637
0.0263241
0.0420386
0.0324678
0.028731
0.0313049
0.0308544
0.0212278
0.0427324
0.0342975
0.0395671
0.022293
0.0249148
0.02539
0.0231173
0.0217196
0.035677
0.0374204
0.0243901
0.035218
0.0199039
0.0260696
0.0200538
0.034427
0.0248001
0.0233605
0.0195246
0.0259014
0.0254181
0.022806
0.0190481
0.0252088
0.0298376
0.0197373
0.0201894
0.0253577
0.0244565
0.0218218
0.0141718
0.0172329
0.0232576
0.0199005
0.0197529
0.0142482
0.015539
0.0166565
0.0196322
0.0125883
0.0149483
0.0157091
0.0239082
0.0273516
0.0205882
0.0228319
0.025317
0.02875
0.0260312
0.0256329
0.0333524
0.027559
0.0323987
0.0412768
0.0358064
0.0481209
0.0410974
0.0394283
0.0467912
0.0479479
0.0541292
0.0462804
0.0557127
0.0413667
0.0600845
0.0483293
0.0499405
0.0509089
0.0344031
0.0432409
0.038744
0.0270859
0.0410174
0.0401017
0.0476137
0.0602972
0.0545831
0.0508808
0.062679
0.0653798
0.0599441
0.0268945
0.0428158
0.0577359
0.0507577
0.052577
0.0634051
0.0672882
0.0599659
0.0653036
0.0740463
0.0692809
0.0735973
0.0841982
0.0767702
0.0645948
0.087557
0.088081
0.086062
0.0729261
0.0710334
0.0839164
0.0700054
0.0712136
0.0658655
0.0812658
0.0493438
0.0648613
0.0552549
0.085998
0.0569466
0.0458575
0.0368163
0.0615224
0.0280431
0.0255844
0.0652125
0.0878664
0.0513501
0.0372617
0.0760002
0.0738644
0.0473134
0.0680618
0.0720401
0.0950044
0.0631399
0.0624123
0.0791984
0.0814337
0.0719861
0.0812419
0.0916411
0.0834389
0.0646863
0.0986513
0.10573
0.0908932
0.0929231
0.0834328
0.0994994
0.0745881
0.0974709
0.0969596
0.096283
0.0950797
0.0782208
0.0985815
0.105572
0.0987157
0.0898086
0.0847342
0.0847946
0.103371
0.0736429
0.075002
0.0920646
0.0918012
0.0700042
0.0473273
0.0558826
0.0540164
0.0646742
0.0632156
0.0522091
0.0505707
0.0878891
0.0674006
0.0371543
0.0538295
0.03813
0.0529611
0.0749365
0.0820741
0.0634669
0.050993
0.0473499
0.0705563
0.0660463
0.0500808
0.0756489
0.0420092
0.102254
0.0681324
0.053694
0.0730668
0.0870814
0.0922563
0.0825091
0.0888775
0.0782955
0.0992391
0.0706574
0.0956413
0.0816121
0.114545
0.0838752
0.0813209
0.102233
0.0996509
0.110866
0.0915417
0.0906289
0.0816095
0.0913429
0.0823719
0.0835239
0.0838047
0.0740776
0.107746
0.102182
0.0786661
0.071765
0.0831354
0.0549343
0.0957211
0.0818681
0.0878021
0.0686643
0.0380211
0.0954673
0.0523418
0.0685702
0.088887
0.0985124
0.0793364
0.0660636
0.0903909
0.0831637
0.104318
0.0631655
0.0905265
0.0854923
0.0536783
0.0808941
0.0556365
0.0929025
0.0917988
0.0889217
0.0718314
0.0749448
0.0889438
0.0627547
0.122503
0.0857921
0.029358
0.147482
0.0467076
0.0688683
0.0323087
0.0690363
0.0849336
0.0394544
0.0784628
0.116301
0.145281
0.0657681
0.0452763
0.101237
0.0437861
0.0853271
0.0980821
0.148305
0.11915
0.0565293
0.0907549
0.0865253
0.0530441
0.0848444
0.0877621
0.0862958
0.103709
0.0651276
0.0733382
0.0648454
0.0929848
0.102516
0.0762818
0.118247
0.0646475
0.0761453
0.0706572
0.0805852
0.0357436
0.0411449
0.0928896
0.0660886
0.093742
0.0532496
0.0587778
0.0677579
0.0834789
0.0914266
0.052895
0.0505408
0.0747446
0.0254828
0.0277973
0.0553258
0.0630262
0.0664335
0.0523692
0.0955675
0.0864111
0.0215334
0.0355074
0.102955
0.0767248
0.0689929
0.0787739
0.0387858
0.0564569
0.0529407
0.115713
0.0611094
0.0749115
0.0911798
0.0814271
0.0603579
0.0866805
0.0628622
0.0884799
0.0856541
0.0890549
0.087615
0.0904068
0.0732841
0.0805214
0.0603796
0.0872369
0.099343
0.0836152
0.0935361
0.0710917
0.0903249
0.123239
0.132512
0.0663113
0.104109
0.122414
0.113616
0.0674432
0.101904
0.0658674
0.0727667
0.0501943
0.0585849
0.0692606
0.0223487
0.0549821
0.0266865
0.0213651
0
