0.112015
0.118713
0.116768
0.115124
0.123962
0.122523
0.120181
0.119995
0.122037
0.128458
0.125957
0.131493
0.130158
0.134975
0.137575
0.129493
0.135632
0.133464
0.129761
0.130496
0.123466
0.12496
0.130451
0.121038
0.128386
0.131454
0.137595
0.139915
0.135972
0.142475
0.141957
0.145794
0.143069
0.143441
0.14467
0.14435
0.143772
0.145739
0.136837
0.135219
0.127544
0.133913
0.128736
0.137409
0.133944
0.135753
0.135678
0.135949
0.144247
0.141629
0.146292
0.14887
0.156383
0.158652
0.159338
0.15701
0.149985
0.146196
0.141525
0.140067
0.132592
0.123365
0.109065
0.105921
0.100937
0.100163
0.104341
0.105346
0.104227
0.112675
0.117854
0.118656
0.123064
0.118588
0.113475
0.123064
0.118203
0.121634
0.115664
0.119753
0.108729
0.11969
0.107848
0.11454
0.115112
0.115925
0.117487
0.125721
0.126172
0.12136
0.12711
0.12579
0.130801
0.128882
0.129218
0.130672
0.127558
0.13
0.12823
0.128941
0.135112
0.135648
0.131783
0.135883
0.132298
0.133207
0.128007
0.137375
0.141489
0.134266
0.141395
0.143937
0.140892
0.14001
0.13168
0.134213
0.13441
0.121184
0.110864
0.107112
0.116747
0.1128
0.127706
0.128918
0.123517
0.125805
0.132057
0.129443
0.138129
0.143055
0.141132
0.142178
0.145425
0.150448
0.153028
0.14995
0.146839
0.145303
0.137435
0.138541
0.130133
0.125978
0.109779
0.102669
0.118485
0.11841
0.119961
0.115262
0.126664
0.118906
0.120719
0.128066
0.135477
0.137984
0.139434
0.13671
0.141436
0.140962
0.146836
0.146008
0.145618
0.14621
0.144155
0.143745
0.13235
0.131949
0.126872
0.120727
0.122212
0.127264
0.123087
0.121592
0.12841
0.126538
0.128173
0.125997
0.128613
0.124595
0.12586
0.116823
0.114625
0.0969634
0.0964033
0.101535
0.105267
0.116557
0.113214
0.114236
0.114494
0.122166
0.121876
0.125083
0.126999
0.133671
0.129768
0.133332
0.133393
0.119511
0.119422
0.113575
0.105594
0.0925269
0.0951487
0.100992
0.0987476
0.0964241
0.108409
0.107828
0.109186
0.107558
0.117592
0.12206
0.117558
0.128548
0.127913
0.12989
0.131459
0.127868
0.132912
0.127707
0.131102
0.132775
0.125137
0.124238
0.101051
0.101339
0.0979716
0.0875194
0.0976242
0.103415
0.0978852
0.0995502
0.0957911
0.113183
0.117813
0.1123
0.118075
0.11344
0.120868
0.124667
0.123914
0.130054
0.13716
0.131231
0.135245
0.13561
0.136531
0.138925
0.138814
0.136216
0.133865
0.135207
0.131258
0.119826
0.125133
0.110459
0.102409
0.102815
0.0848299
0.0852721
0.0984812
0.0927422
0.094001
0.0947381
0.0896447
0.105344
0.0985852
0.09737
0.103099
0.110811
0.11868
0.121884
0.114574
0.129937
0.135472
0.135846
0.133426
0.139611
0.140482
0.139806
0.138289
0.138767
0.130018
0.124607
0.11838
0.121974
0.123975
0.116175
0.100595
0.0879092
0.0945743
0.0936683
0.0857928
0.0984971
0.0897565
0.0927873
0.0889921
0.104323
0.0944483
0.0926337
0.0989226
0.105118
0.104962
0.122539
0.115242
0.11536
0.120842
0.121948
0.121644
0.12573
0.123538
0.110671
0.120267
0.119637
0.101011
0.0713316
0.0781431
0.0704884
0.0844335
0.0663223
0.0880174
0.0829064
0.0921233
0.0837383
0.0922971
0.0992319
0.0997533
0.101457
0.0864144
0.0909144
0.0971306
0.105689
0.114688
0.101368
0.115302
0.114168
0.117106
0.122981
0.120787
0.124354
0.124073
0.118171
0.114539
0.101335
0.0978176
0.0776447
0.0686749
0.0787099
0.0779719
0.0617665
0.0625058
0.079698
0.0726766
0.0922083
0.0727691
0.0849196
0.0901167
0.0869969
0.0831901
0.0918739
0.0822643
0.0849887
0.0961817
0.0850094
0.108936
0.103372
0.0956317
0.109964
0.112224
0.119797
0.118268
0.116482
0.117841
0.126617
0.121968
0.122758
0.126066
0.121848
0.11668
0.09252
0.0849603
0.0673988
0.0869204
0.0677596
0.0905658
0.0738552
0.104194
0.0893113
0.0757026
0.0612014
0.0930953
0.0904335
0.0907821
0.0833635
0.0849967
0.0968203
0.0875197
0.105047
0.101671
0.102428
0.108682
0.117643
0.117898
0.106945
0.125236
0.1237
0.117483
0.128201
0.124661
0.12354
0.128581
0.117602
0.113371
0.107991
0.117189
0.120749
0.0959376
0.104742
0.101344
0.0914327
0.091126
0.0730249
0.0915792
0.0941467
0.10165
0.0971788
0.100318
0.112995
0.112497
0.10476
0.11411
0.119391
0.112414
0.118362
0.131102
0.1274
0.12626
0.113234
0.117866
0.12788
0.111258
0.106584
0.0958389
0.0683541
0.0774541
0.0722062
0.0743989
0.0883975
0.0695413
0.0598216
0.0803483
0.0778504
0.0784479
0.0791482
0.0801138
0.0652178
0.0799643
0.0856041
0.0873217
0.10315
0.0745996
0.0762179
0.102025
0.0909645
0.0983979
0.0871878
0.0889158
0.103015
0.104026
0.118473
0.112172
0.104563
0.1126
0.11944
0.113994
0.10893
0.111998
0.116887
0.113334
0.0956612
0.0784878
0.0683126
0.071856
0.0741673
0.0777514
0.0771298
0.0745186
0.0624197
0.0769143
0.0726513
0.0889475
0.150005
0.232139
0.288031
0.339303
0.395763
0.445131
0.428363
0.400104
0.300635
0.213932
0.148471
0.0883394
0.0770808
0.0735076
0.0887323
0.0939654
0.0900865
0.106159
0.0987632
0.0936448
0.0793336
0.0975265
0.0931574
0.0922738
0.101911
0.0910205
0.10694
0.108902
0.107753
0.127949
0.101438
0.0965252
0.0757737
0.0827606
0.0863119
0.0839507
0.0700213
0.0738276
0.0974556
0.069095
0.0864589
0.0890303
0.0945045
0.0846362
0.0754383
0.0870649
0.097046
0.114623
0.101161
0.104314
0.0976337
0.111989
0.117057
0.117657
0.092465
0.108532
0.09959
0.0641817
0.096013
0.0747286
0.077508
0.0853931
0.0762763
0.0638162
0.0842015
0.0818287
0.0790266
0.0749688
0.0845268
0.0920181
0.081101
0.0795448
0.0863803
0.0761998
0.078871
0.0775869
0.0815591
0.0915994
0.0952002
0.0707648
0.080705
0.0801374
0.078594
0.0964514
0.0770554
0.0821336
0.0902918
0.0927733
0.0807615
0.0893876
0.0991219
0.100552
0.090019
0.0973108
0.0946396
0.0728284
0.0777254
0.0651674
0.0732121
0.104881
0.0743011
0.0796957
0.0890642
0.0794277
0.0419538
0.0953489
0.0562983
0.0519044
0.0683124
0.0724904
0.0919184
0.0804043
0.0669123
0.0903031
0.0346987
0.0742447
0.0707067
0.0975604
0.0888334
0.0855355
0.070274
0.0821532
0.0802673
0.0704832
0.0525185
0.086074
0.0792542
0.0843403
0.0910244
0.0653612
0.0577197
0.0680353
0.090038
0.0705368
0.0733337
0.0773239
0.0842903
0.0780402
0.0888838
0.0692269
0.0618348
0.0824794
0.0838706
0.0742941
0.0705598
0.0678467
0.0824143
0.0497516
0.0678757
0.076779
0.0667476
0.0490162
0.0582027
0.0748367
0.0715054
0.0665897
0.0735312
0.0724715
0.0771521
0.0675489
0.0710806
0.0739288
0.062653
0.0802478
0.0854465
0.0932486
0.0918467
0.0481096
0.0785163
0.078421
0.060714
0.0711329
0.0587962
0.0796947
0.0503217
0.089737
0.0630544
0.0634276
0.0649215
0.0517367
0.0824727
0.0539686
0.0884572
0.0701712
0.0518382
0.0759428
0.0872119
0.0657734
0.0635234
0.102616
0.0789008
0.0803222
0.0916513
0.0869039
0.0948828
0.0835684
0.0847895
0.0682042
0.074094
0.091436
0.0508114
0.0693177
0.0770933
0.0658534
0.0801992
0.0764576
0.0532982
0.0476808
0.0763039
0.0674916
0.0658276
0.0601329
0.0651688
0.0606604
0.0598295
0.0503143
0.0635493
0.0734354
0.0651667
0.0600318
0.0542598
0.0624156
0.0509088
0.0504354
0.0508439
0.0539629
0.044362
0.0599816
0.0560692
0.0502468
0.0578419
0.0494147
0.0445138
0.0405437
0.0365343
0.0455066
0.0468856
0.0409341
0.042045
0.0532334
0.0491597
0.0536909
0.0590331
0.0454023
0.0434928
0.0591869
0.0383123
0.0444478
0.0747297
0.0552146
0.0544063
0.0512121
0.056601
0.0629427
0.0612252
0.0649006
0.073171
0.0427603
0.0560434
0.0473436
0.0409836
0.0438601
0.0363825
0.0634113
0.0491838
0.0619117
0.0410745
0.0545969
0.053907
0.0701306
0.0661049
0.0579499
0.0558723
0.051269
0.0339607
0.0544123
0.0611736
0.0540611
0.0461034
0.0682491
0.0575346
0.0855011
0.0388826
0.0495954
0.0600058
0.0634683
0.0666331
0.0651535
0.0585721
0.0432153
0.0421106
0.0523684
0.0470039
0.0596964
0.0539026
0.0527603
0.0696887
0.0751948
0.0681411
0.0460271
0.0659455
0.0656307
0.05479
0.040051
0.0877895
0.0693256
0.0510116
0.0584701
0.0626406
0.0770293
0.0773421
0.0902893
0.0950496
0.0776344
0.0521539
0.0542149
0.073287
0.04985
0.0478247
0.0630782
0.0761568
0.045391
0.081582
0.0437096
0.0868551
0.0651174
0.0396079
0.0286405
0.0736629
0.0659683
0.0673898
0.0993874
0.0682625
0.054865
0.0640191
0.0714329
0.0497029
0.0752977
0.0426353
0.0370058
0.0841574
0.0583756
0.0579137
0.0775563
0.0368904
0.0570206
0.064092
0.0603052
0.0596616
0.0635498
0.0639339
0.0808091
0.0638541
0.0350223
0.0464917
0.0647517
0.0550716
0.0648347
0.0742987
0.0573458
0.0671121
0.0544809
0.0534797
0.0468934
0.0581187
0.0519474
0.0408392
0.0509351
0.0503542
0.0507611
0.046307
0.0481408
0.0548003
0.0624901
0.0525183
0.0555385
0.043706
0.0502986
0.0595309
0.0547132
0.0548402
0.057581
0.0517728
0.0613449
0.0523081
0.046038
0.0335622
0.0466493
0.0439751
0.0439424
0.0458523
0.040422
0.0520009
0.0525639
0.0506697
0.0495003
0.0531015
0.0479034
0.0463411
0.0447202
0.0470245
0.0420066
0.0545773
0.049561
0.0404935
0.0456954
0.0414746
0.044701
0.044459
0.0495474
0.0398567
0.0418035
0.0407113
0.0466929
0.0390208
0.0473986
0.0526235
0.0493676
0.0427635
0.0421743
0.0408128
0.0423543
0.0437688
0.0444081
0.0480945
0.0414499
0.0459511
0.0381602
0.0454627
0.0334883
0.0471422
0.0491252
0.0499323
0.0450375
0.0482462
0.0479164
0.0462036
0.046849
0.0433661
0.039508
0.0488585
0.0455595
0.04227
0.0404013
0.04836
0.0471526
0.0451639
0.0531088
0.0403797
0.0495497
0.0465738
0.0360759
0.0378979
0.0375739
0.0435388
0.0420822
0.0356847
0.045529
0.0457279
0.0505006
0.0468634
0.0396214
0.048005
0.0404091
0.0486495
0.0451997
0.042621
0.0471724
0.0416071
0.045257
0.0427557
0.0443836
0.0531164
0.0492766
0.0485422
0.0457911
0.0446465
0.0477424
0.0407776
0.0455108
0.0458327
0.0497075
0.047272
0.0463007
0.0494831
0.0435917
0.0430743
0.049
0.0525259
0.0433159
0.0431391
0.0462608
0.0498335
0.0516148
0.0409231
0.0569642
0.0508628
0.0500585
0.0540461
0.0517289
0.0536751
0.0453453
0.0470908
0.0503836
0.0507767
0.0481356
0.0459264
0.0499018
0.0464143
0.0546428
0.0491091
0.0491765
0.0442517
0.0442096
0.041548
0.055345
0.0505689
0.0476148
0.0654335
0.0470761
0.0368788
0.0475727
0.0547442
0.0631036
0.0507775
0.0501367
0.0419088
0.0555451
0.0536296
0.0536705
0.0381394
0.0522339
0.0458365
0.0518293
0.0477011
0.0492395
0.05013
0.0549265
0.0659761
0.0637551
0.0673091
0.0607667
0.069412
0.0513306
0.058731
0.0464377
0.0561932
0.0519751
0.0520491
0.0505938
0.0455785
0.0557872
0.0577647
0.0592761
0.052788
0.0603123
0.0472675
0.0518395
0.044534
0.037072
0.0522116
0.0486119
0.0515709
0.049489
0.0625226
0.0553895
0.0387313
0.0522852
0.0516923
0.0542234
0.0542151
0.0464086
0.0434298
0.0582631
0.0486875
0.0596811
0.0446181
0.044788
0.0632378
0.0521313
0.0567913
0.0499938
0.0535353
0.0427894
0.0706175
0.0539579
0.0514629
0.0490358
0.0444206
0.0497631
0.0508233
0.0502257
0.0617753
0.0448886
0.0469984
0.0501753
0.0449992
0.0360477
0.0509713
0.0579294
0.0603645
0.0381287
0.0317526
0.0447862
0.0563368
0.0484034
0.0335891
0.0452402
0.0550364
0.0476725
0.0478013
0.0465536
0.0342487
0.0507726
0.0455069
0.0528007
0.0513024
0.0395987
0.0440104
0.0431385
0.0430616
0.0406074
0.0415942
0.0512006
0.0490509
0.0409592
0.0461054
0.0418348
0.0418281
0.0459575
0.0522148
0.0610681
0.0420993
0.0451063
0.0448945
0.0390664
0.0389345
0.0403804
0.0345859
0.0430993
0.0438087
0.0320467
0.0460209
0.0426722
0.043783
0.0460594
0.0476443
0.0356859
0.0453266
0.0458889
0.0503967
0.0490894
0.0444029
0.0416753
0.0522768
0.0481881
0.0577206
0.0465014
0.0476664
0.0406398
0.0502809
0.0323808
0.0507322
0.0369741
0.0457329
0.0385903
0.0385012
0.0436832
0.0396391
0.0461281
0.0404382
0.0472299
0.0385286
0.0428522
0.0443534
0.0442706
0.0350547
0.0407705
0.0417717
0.0375108
0.045551
0.0490717
0.0450643
0.0447739
0.0413765
0.0409538
0.0469091
0.0438052
0.0437028
0.0442843
0.0356794
0.046482
0.0470541
0.0528639
0.0376778
0.0472332
0.0500497
0.0518529
0.0530336
0.0456948
0.0468531
0.0456728
0.0475156
0.0496846
0.0444635
0.0516137
0.0453126
0.0462159
0.0474295
0.0605192
0.044996
0.0484327
0.0507339
0.0460628
0.0500194
0.0534166
0.0580192
0.0623307
0.0566841
0.0658818
0.0712293
0.0770632
0.112661
0.186901
0.385565
0.56889
0.6604
0.668119
0.625656
0.517615
0.303282
0.142844
0.0910515
0.0662445
0.0543495
0.0557651
0.0571469
0.0584182
0.0522257
0.0515965
0.0530791
0.053526
0.052509
0.0518632
0.0472575
0.0502727
0.044481
0.0501172
0.0488523
0.0435983
0.0490899
0.0551617
0.0454314
0.0508036
0.0461695
0.0522123
0.0436877
0.0499368
0.0548207
0.0575656
0.0646217
0.0610284
0.0581685
0.0544213
0.0615286
0.0599943
0.0510305
0.056926
0.0448506
0.058564
0.0626443
0.0525003
0.0454493
0.053734
0.0516108
0.0572343
0.0514107
0.0494117
0.0571472
0.0558018
0.0519729
0.0466656
0.0535235
0.057133
0.0482409
0.0458053
0.0516013
0.0506505
0.047819
0.0540297
0.0594923
0.0535813
0.0467245
0.0605007
0.0414347
0.0418665
0.042661
0.0515385
0.0527883
0.0505577
0.0601189
0.0479556
0.0420583
0.0533359
0.0534749
0.0584814
0.0550246
0.0461009
0.0521913
0.0560136
0.0480116
0.049021
0.048655
0.0520118
0.0351192
0.0434353
0.044728
0.0504564
0.0386995
0.0459502
0.0489679
0.0511109
0.0430976
0.0473246
0.0465306
0.0358158
0.0466663
0.0465383
0.0485635
0.0380091
0.0402099
0.0501583
0.0460465
0.0414109
0.0454993
0.0257769
0.048239
0.0535241
0.0329699
0.0474918
0.0599458
0.043141
0.0514495
0.0419221
0.0488125
0.0556734
0.0456244
0.0423205
0.0597561
0.0525886
0.0348684
0.0494037
0.0545727
0.0413402
0.045954
0.0451798
0.0416049
0.0520074
0.0565406
0.0581987
0.0407657
0.0617895
0.0347387
0.0448273
0.0557152
0.0539642
0.050856
0.0233338
0.0530279
0.0476353
0.0346684
0.0529869
0.0473694
0.0273115
0.038579
0.0532784
0.0606392
0.0393314
0.0367309
0.0419257
0.0452236
0.048703
0.0662376
0.0575876
0.0254211
0.0425204
0.0449332
0.0485678
0.0445143
0.0271266
0.0491636
0.0487188
0.0947565
0.0486439
0.0503815
0.0501517
0.0511333
0.0527838
0.0614192
0.0670349
0.0743138
0.0774093
0.0509376
0.065917
0.071929
0.0501979
0.0412435
0.0810773
0.057203
0.0796614
0.066574
0.0534069
0.0283278
0.0408612
0.075352
0.0558076
0.0583449
0.0448612
0.0497914
0.0751933
0.0670043
0.0452876
0.0269154
0.0421992
0.0292575
0.0470105
0.0516225
0.0422224
0.0295387
0.0558783
0.045206
0.034043
0.0516674
0.0319198
0.0565052
0.019286
0.0291913
0.0539717
0.0458434
0.0334526
0.0493983
0.0552366
0.0598816
0.0608772
0.0389016
0.0811297
0.0604327
0.073861
0.0853031
0.0560822
0.0467734
0.0366778
0.0321989
0.0280505
0.0372419
0.0372529
0.0435595
0.0276243
0.049219
0.0497622
0.0381865
0.0565541
0.0260566
0.0496437
0.0561347
0.0564747
0.0419134
0.0534662
0.0656824
0.065507
0.0582615
0.0629852
0.0638244
0.0580518
0.0738657
0.0750533
0.0728296
0.076187
0.0837787
0.0912535
0.0948852
0.0974629
0.105482
0.0880287
0.0934274
0.0897719
0.0691227
0.0530937
0.0595162
0.0463967
0.0470727
0.0477097
0.042041
0.0435038
0.0724793
0.0323009
0.0458378
0.0405924
0.0475847
0.0503279
0.0416794
0.0471841
0.0499674
0.0492856
0.0428726
0.0471292
0.0527456
0.0464161
0.0600138
0.0443941
0.0518377
0.0424911
0.0536328
0.0441682
0.0428821
0.0487195
0.0347223
0.0445893
0.0464365
0.0439868
0.0325092
0.0334479
0.0339035
0.0459293
0.0458631
0.0514311
0.039803
0.0415304
0.0433781
0.0528777
0.0469399
0.0497416
0.0395479
0.0470165
0.0506123
0.0432757
0.0577447
0.0642345
0.0507615
0.053052
0.0476734
0.055669
0.0436533
0.0490186
0.0640322
0.0551992
0.0403985
0.0365548
0.0560806
0.0550403
0.0429943
0.0446946
0.0447311
0.0574063
0.0583427
0.0529054
0.0506838
0.0610853
0.0668106
0.0552612
0.0503847
0.0549759
0.0581583
0.0565223
0.054741
0.0584732
0.0559624
0.0547642
0.0545786
0.0568715
0.0589895
0.0468141
0.0494692
0.0486307
0.0594735
0.046949
0.0556402
0.0449516
0.0413564
0.0539085
0.059924
0.053372
0.0621506
0.0550547
0.0557907
0.0619775
0.0603592
0.0617668
0.0494708
0.0685787
0.079558
0.0620596
0.0661889
0.0840417
0.081525
0.0797486
0.0858165
0.0857717
0.0956633
0.0970905
0.0842571
0.0771485
0.0699172
0.0612071
0.0589092
0.0489564
0.0479212
0.0626487
0.0410751
0.0390047
0.0473513
0.0559578
0.0540753
0.0470571
0.0478051
0.0572362
0.0517711
0.0478525
0.0560741
0.049999
0.049331
0.0516628
0.0446594
0.0505781
0.0526023
0.0567782
0.0576141
0.0626559
0.0616492
0.0646561
0.0686967
0.0655127
0.0796764
0.072373
0.0858999
0.0831756
0.0875259
0.0889222
0.0967701
0.0825383
0.0957754
0.0887854
0.0915824
0.0776662
0.0719135
0.0706686
0.0647687
0.0629632
0.0517909
0.0472778
0.0574935
0.0556933
0.0625632
0.0540515
0.0541553
0.0664866
0.0557853
0.053947
0.059457
0.0683827
0.0538267
0.0576523
0.0714174
0.0560789
0.0618403
0.0539133
0.061571
0.0572475
0.0664705
0.0681826
0.0649316
0.0680791
0.0734835
0.0768218
0.0748354
0.0796528
0.0815906
0.0820645
0.0846524
0.0854843
0.0857093
0.0891926
0.0856415
0.0851002
0.0716232
0.0741318
0.0681874
0.0648552
0.0676359
0.0610734
0.060654
0.0517313
0.0642983
0.0723576
0.0589781
0.0478704
0.0658451
0.04851
0.0525147
0.0534624
0.0569135
0.0489515
0.0498558
0.0504362
0.0563817
0.0573878
0.0526835
0.0485532
0.0473171
0.0537788
0.0470653
0.0437733
0.0609109
0.0528722
0.0480078
0.053298
0.0510795
0.04861
0.0448549
0.0565969
0.0385623
0.0465772
0.041351
0.050334
0.0454579
0.0469917
0.0451206
0.0519735
0.049884
0.0397087
0.0407822
0.0477014
0.0452439
0.0503926
0.0381033
0.0383278
0.0408445
0.0431294
0.0386739
0.0433952
0.044038
0.0370232
0.0428511
0.0447005
0.0453329
0.0377746
0.0459858
0.0460604
0.0458805
0.0542154
0.0582756
0.0630899
0.0553952
0.0603719
0.0677152
0.0670711
0.06602
0.0751187
0.0778379
0.0867956
0.0781303
0.0758092
0.0830686
0.076055
0.0731604
0.0974787
0.056951
0.086617
0.0901833
0.0851435
0.0797306
0.0625192
0.0663239
0.0749646
0.0734436
0.0630517
0.0775427
0.0867381
0.0835106
0.0787953
0.0951266
0.0811966
0.0646769
0.0701259
0.076949
0.0731885
0.0639489
0.053932
0.0967709
0.0629879
0.0835496
0.0822434
0.0685515
0.0785305
0.0911454
0.0656564
0.098584
0.106383
0.113274
0.0908376
0.109006
0.114665
0.105892
0.0941569
0.109515
0.0978084
0.0917473
0.0977371
0.0807498
0.08473
0.076109
0.0821345
0.0932667
0.0848441
0.0724149
0.0572111
0.0477277
0.0870742
0.0531165
0.0402606
0.063051
0.122246
0.0654127
0.0337986
0.048267
0.0715457
0.0745438
0.0952356
0.0542191
0.0984784
0.0649298
0.0767973
0.102674
0.0659743
0.0834247
0.109711
0.12111
0.0898959
0.10018
0.0882741
0.0908215
0.109174
0.111896
0.106893
0.123722
0.109417
0.104589
0.120758
0.113486
0.112975
0.105777
0.130722
0.128097
0.126109
0.120066
0.10562
0.121016
0.114715
0.103195
0.106904
0.108751
0.100098
0.0869479
0.0626803
0.066436
0.07928
0.061514
0.071411
0.0613587
0.0852395
0.058514
0.0597036
0.0336891
0.0629194
0.049165
0.0645151
0.0680878
0.0474971
0.0683098
0.0573144
0.0373986
0.0652787
0.0590537
0.0588593
0.0975301
0.0888567
0.0906554
0.0822627
0.0829059
0.0720959
0.0961712
0.0778834
0.107219
0.0965975
0.0956376
0.105499
0.0664415
0.131463
0.118906
0.136733
0.126964
0.1202
0.122706
0.124051
0.126693
0.106493
0.103299
0.112961
0.1453
0.0957019
0.135304
0.10996
0.113526
0.116598
0.115982
0.0682223
0.109583
0.108944
0.0642074
0.034856
0.0538778
0.0648379
0.0718921
0.0654331
0.0852642
0.0697752
0.0606097
0.0875782
0.1247
0.11441
0.0993079
0.0832041
0.0848998
0.111855
0.0920779
0.0818803
0.105962
0.0644435
0.0900586
0.0666807
0.104645
0.124099
0.0825931
0.049004
0.046534
0.0775319
0.0623433
0.083859
0.0987439
0.0635304
0.0591678
0.0348738
0.0800771
0.0617044
0.0562609
0.0565975
0.105368
0.0905343
0.109814
0.0901911
0.0800139
0.0406748
0.0827101
0.0476027
0.0789968
0.15743
0.151668
0.105813
0.0289767
0.0920102
0.100428
0.0512795
0.140765
0.082779
0.0663442
0.123899
0.0933493
0.107144
0.0809387
0.123785
0.0729629
0.118541
0.112903
0.0902221
0.0767026
0.100123
0.0776363
0.0805977
0.0471002
0.0571805
0.0700585
0.0541444
0.0180521
0.0473116
0.0860963
0.0759434
0.0607595
0.0329129
0.0515179
0.0786818
0.0352565
0.0726516
0.0723486
0.0411262
0
0.0413928
0.0818727
0.0438005
0.0523679
0.0794798
0.0756449
0.0589123
0.0522486
0.0553482
0.0429979
0.0558036
0.0641496
0.123299
0.0496629
0.0818343
0.117993
0.10682
0.0701093
0.0360601
0.0647362
0.0809373
0.0966409
0.0953122
0.0774223
0.0745661
0.0957068
0.105499
0.0816627
0.0680427
0.11934
0.0931815
0.112449
0.0778929
0.067018
0.094188
0.12021
0.0621449
0.0890021
0.126365
0.140643
0.0950532
0.0730937
0.0824918
0.095267
0.0787523
0.0494241
0.0559395
0.0526022
0.0622683
0.063275
0.0575314
0.0510152
