0.0819371
0.0793413
0.0680508
0.0813619
0.0865735
0.0779148
0.0741685
0.0775129
0.0819698
0.085976
0.0857795
0.0912282
0.0864999
0.0925095
0.0914963
0.087588
0.0892998
0.0832614
0.0885929
0.0801195
0.0854207
0.0837188
0.081789
0.0813
0.0898122
0.0872943
0.0891536
0.0980815
0.0946841
0.0984989
0.0957813
0.0969811
0.0964999
0.0949981
0.0968621
0.0958986
0.0927645
0.0896654
0.0910168
0.0869557
0.0855469
0.0860111
0.0869833
0.0977671
0.0927934
0.0919181
0.0911458
0.0926042
0.100747
0.0959809
0.098032
0.102405
0.105427
0.107166
0.107405
0.106101
0.0978822
0.0961074
0.0886159
0.0907033
0.0865263
0.0751504
0.0758614
0.0687861
0.0693049
0.0720437
0.0821168
0.0681679
0.06483
0.0764411
0.0778268
0.0832417
0.0799652
0.077409
0.073003
0.0818297
0.0827476
0.0800378
0.0744699
0.07769
0.07651
0.0798318
0.0689617
0.0757403
0.0776526
0.0800801
0.076573
0.0841393
0.0860784
0.0874391
0.087915
0.0820621
0.0891877
0.080532
0.0867803
0.0828969
0.085094
0.0917438
0.0833475
0.0803535
0.089179
0.0880076
0.0883372
0.0884118
0.0891875
0.0888149
0.0900335
0.092426
0.0963054
0.0928881
0.0955236
0.0943148
0.0948823
0.0928582
0.0775712
0.0846843
0.0831226
0.078745
0.0831024
0.0721981
0.0847011
0.0726278
0.0808619
0.0896531
0.0863367
0.0829056
0.0853944
0.0901428
0.0967482
0.0958824
0.097583
0.0974627
0.0988678
0.0998885
0.103442
0.101533
0.0951687
0.0955276
0.0849414
0.0880639
0.0822446
0.077526
0.0730523
0.0752522
0.077947
0.0854195
0.077846
0.0747573
0.0930217
0.0822959
0.0859161
0.0906474
0.091076
0.0955703
0.0957304
0.0910833
0.0979451
0.0949999
0.098031
0.0994264
0.0967815
0.0955981
0.0921051
0.0885612
0.084909
0.0891988
0.0813314
0.0807756
0.0850682
0.0868013
0.0772904
0.0830484
0.0828462
0.0841278
0.080245
0.0791052
0.0814417
0.0779277
0.0848806
0.0790987
0.0735768
0.0625198
0.0602971
0.0721206
0.0619083
0.0800038
0.070896
0.0735022
0.0776499
0.0853805
0.0846754
0.0854327
0.0826999
0.0874638
0.084386
0.0889892
0.0871389
0.0769034
0.0739628
0.071746
0.0650926
0.0652744
0.0638819
0.0621163
0.0677289
0.0642439
0.0754868
0.0649669
0.0747486
0.0780305
0.0788736
0.0917588
0.0793099
0.0862467
0.0865288
0.0874719
0.0878093
0.0835507
0.0858887
0.0859098
0.0896403
0.0885277
0.0838141
0.0753249
0.0665301
0.0664572
0.0585512
0.0607363
0.0614528
0.0747454
0.0612977
0.0633084
0.0667302
0.0773789
0.072556
0.0797887
0.0755178
0.0735233
0.0839411
0.0790623
0.0844555
0.0914449
0.0897366
0.0935649
0.0912216
0.0893684
0.088284
0.0924664
0.0934176
0.0928152
0.0851746
0.0883472
0.0901033
0.0786221
0.086451
0.0691693
0.0628506
0.0595369
0.0545631
0.0593849
0.0512401
0.0551329
0.0614247
0.0601989
0.0566028
0.060036
0.0730717
0.0685447
0.071985
0.0708007
0.0870632
0.0841764
0.0763618
0.0820642
0.0874546
0.092003
0.0884935
0.0850225
0.0961848
0.0953085
0.0910857
0.0941404
0.0811675
0.0825838
0.079208
0.0793324
0.0822879
0.0692169
0.0712677
0.0598098
0.055748
0.0620734
0.0431341
0.0606705
0.0631995
0.0660673
0.0556347
0.0668975
0.0691868
0.0584705
0.0624335
0.080244
0.0689904
0.0851181
0.0727818
0.0772547
0.0834827
0.0829471
0.0711111
0.0844201
0.0771336
0.0721593
0.0867112
0.083954
0.0555506
0.036254
0.0599923
0.0450438
0.058299
0.0560568
0.0527025
0.0450428
0.0548401
0.0483759
0.0566973
0.069558
0.0682336
0.0550657
0.0551144
0.0563451
0.0737796
0.0604864
0.0796743
0.073733
0.0800676
0.0821124
0.0769337
0.083459
0.0858251
0.0766943
0.0837209
0.0813722
0.0756109
0.0719719
0.0672717
0.0665767
0.0390469
0.0551362
0.0369414
0.0510471
0.0351486
0.0545131
0.0523309
0.0450285
0.0560267
0.0534245
0.057161
0.0550439
0.0546919
0.0628336
0.0579138
0.0500455
0.057256
0.052619
0.070351
0.0756146
0.0605783
0.0683316
0.0739125
0.0843969
0.0788387
0.087862
0.0793935
0.0838644
0.0812756
0.0840022
0.0806588
0.0767021
0.073115
0.0650456
0.0575528
0.0459778
0.060271
0.0486862
0.0540706
0.0489172
0.0684717
0.0631173
0.0454605
0.0497441
0.0630494
0.0577438
0.0626689
0.052442
0.0512277
0.0717119
0.0556512
0.063381
0.0720926
0.0609536
0.0772933
0.083947
0.070628
0.0752703
0.0803669
0.0878233
0.0759063
0.0815654
0.0816042
0.0782592
0.0831121
0.0763271
0.067016
0.079819
0.0862572
0.0798228
0.0622591
0.0581323
0.0622898
0.0679924
0.0620768
0.0528985
0.0612326
0.0660873
0.0695443
0.0703975
0.0803848
0.0695076
0.0723329
0.0626155
0.0803536
0.081821
0.0794743
0.080402
0.0875392
0.0848728
0.0837118
0.0722747
0.0704199
0.0906071
0.0654816
0.0702441
0.0818942
0.0562224
0.0625458
0.0344139
0.0571617
0.0395453
0.0455317
0.0410512
0.0390347
0.0350327
0.0488538
0.0477976
0.0547143
0.0530766
0.0474657
0.072632
0.0683761
0.0536038
0.0532109
0.0506852
0.0755341
0.071658
0.0573654
0.0505987
0.0550202
0.0640907
0.0573439
0.0868558
0.0802772
0.0598389
0.0799058
0.0795413
0.078331
0.0798628
0.0825363
0.0855854
0.0699811
0.0516895
0.0556851
0.0449847
0.0425249
0.0613032
0.049177
0.0578689
0.060499
0.0314063
0.058479
0.0608285
0.071074
0.0901509
0.149937
0.198669
0.242682
0.268953
0.310925
0.306387
0.261647
0.204408
0.137779
0.0957936
0.0467289
0.0529205
0.0593686
0.0528608
0.0674436
0.0555828
0.0749358
0.0627748
0.061197
0.0649754
0.0623912
0.0604235
0.0559409
0.0622627
0.0619582
0.0630031
0.0682028
0.0667606
0.0835862
0.0604076
0.049986
0.0676403
0.0543601
0.0659113
0.0635253
0.0623267
0.0486665
0.070042
0.04889
0.0713252
0.0591815
0.0544309
0.0573843
0.0519057
0.0551926
0.0620468
0.0836767
0.0721954
0.0611938
0.0691059
0.0734424
0.072427
0.0836614
0.0577331
0.0686117
0.0665912
0.0433678
0.0619339
0.0408994
0.0595595
0.050628
0.0676119
0.05814
0.0533155
0.0555457
0.0497974
0.0388493
0.0515429
0.0638284
0.0531512
0.0395796
0.0581178
0.0462698
0.0575583
0.0570461
0.0460571
0.0607253
0.0771415
0.0549744
0.0478364
0.0544527
0.0522277
0.0493073
0.0679382
0.0542931
0.0541804
0.073718
0.0592902
0.063423
0.0600958
0.0542212
0.0707817
0.0676737
0.0680958
0.063874
0.0715615
0.0545687
0.0589918
0.0579847
0.0553974
0.0475855
0.066592
0.0544371
0.031252
0.0600565
0.0615276
0.0304306
0.0411234
0.0564762
0.0605377
0.0478875
0.0494482
0.0657002
0.0452001
0.0422109
0.0390646
0.0602503
0.052959
0.0435097
0.0471593
0.0616248
0.0425144
0.0534626
0.046904
0.049585
0.0517319
0.0463647
0.0570696
0.0426764
0.0287056
0.0519954
0.0599576
0.0414754
0.037161
0.0488664
0.060244
0.053577
0.0628189
0.0471353
0.0384668
0.0502073
0.045541
0.0420125
0.0634388
0.0366669
0.0280539
0.0492479
0.0568433
0.0595309
0.0422465
0.0383483
0.0470304
0.0368863
0.0486598
0.0374559
0.0415885
0.054622
0.0605269
0.0659167
0.0478822
0.0522468
0.0355685
0.0662852
0.040899
0.0414482
0.072531
0.0140867
0.0576011
0.0447433
0.0534848
0.0474351
0.0446766
0.047356
0.0402551
0.0423105
0.0233108
0.0443308
0.056627
0.0449954
0.0580443
0.0229421
0.0442563
0.0646838
0.0271554
0.0578984
0.0641747
0.0564674
0.0385861
0.0677685
0.0656654
0.0519165
0.0598769
0.0459295
0.0413342
0.0483904
0.0400663
0.0515654
0.0428412
0.0582702
0.0280529
0.0551529
0.0529549
0.0236019
0.0424123
0.0331903
0.0544125
0.0323905
0.0462234
0.0410368
0.0370353
0.0391498
0.036387
0.0353238
0.0306156
0.0307249
0.0403684
0.050436
0.0368291
0.0399858
0.0267615
0.0394316
0.0260015
0.018879
0.0323295
0.0316182
0.0377126
0.0359443
0.0370731
0.0180074
0.0348059
0.0369058
0.0295098
0.0264769
0.0288865
0.0451486
0.0276848
0.0201568
0.0328548
0.0296227
0.0397857
0.0334768
0.0364204
0.0149828
0.0210417
0.041347
0.0113665
0.0244412
0.0611063
0.0339352
0.0323862
0.0332289
0.029667
0.0325104
0.0389101
0.0373376
0.041552
0.0131914
0.027602
0.0313725
0.0158283
0.0312427
0.0276636
0.0379584
0.0301695
0.030031
0.0288242
0.0284445
0.0294015
0.0358718
0.0323587
0.0232156
0.0406734
0.0366783
0.0173551
0.0378827
0.0381903
0.0327973
0.0481233
0.031163
0.0414201
0.0690859
0.0374665
0.0258564
0.0277614
0.0283936
0.0438538
0.0505204
0.0229237
0.0300275
0.0198219
0.0293684
0.0208084
0.0344713
0.0330354
0.023188
0.0291573
0.0471684
0.0515921
0.0472476
0.0464757
0.0605871
0.0599661
0.0294468
0.0509799
0.0525075
0.0344121
0.0402582
0.0506256
0.0414955
0.0745621
0.0479924
0.0507708
0.0459206
0.038308
0.0521884
0.0651672
0.0435651
0.0492601
0.0455006
0.0427102
0.0282196
0.0732844
0.026201
0.0736777
0.054653
0.0417423
0.0411994
0.0383191
0.0468905
0.0459747
0.0649743
0.0292904
0.0459429
0.0379998
0.0540893
0.0382567
0.0513207
0.031378
0.039218
0.0554406
0.037155
0.0407548
0.069702
0.000359141
0.0168217
0.0428617
0.0379911
0.0522073
0.0278649
0.0463171
0.0373845
0.0467118
0.0226622
0.0546685
0.0321005
0.027852
0.0327912
0.0439235
0.0394677
0.0366851
0.0385267
0.0326731
0.027539
0.0294042
0.0351589
0.0312851
0.0347993
0.0220758
0.0284982
0.0278684
0.0239125
0.0270551
0.0313305
0.0346595
0.0386905
0.015341
0.0353726
0.0359352
0.0277596
0.0265377
0.0346888
0.0286625
0.0391976
0.0323495
0.0281172
0.00958231
0.0291006
0.0160246
0.0250917
0.0222402
0.0255359
0.0201664
0.0256184
0.0270372
0.0230598
0.0286642
0.0240087
0.0272866
0.0213205
0.0280206
0.0271741
0.0370271
0.0228785
0.0187263
0.028612
0.0225355
0.0325602
0.0257037
0.026003
0.017818
0.02637
0.0189523
0.0144471
0.0250851
0.0214811
0.0322587
0.0298855
0.0202366
0.0251628
0.0276475
0.020558
0.0213097
0.0223157
0.0272186
0.0192984
0.0255592
0.0255902
0.0231932
0.0228275
0.0309598
0.0278096
0.025666
0.0235714
0.0230503
0.0237038
0.0272763
0.0296848
0.0214911
0.0239951
0.0340099
0.0216242
0.0246755
0.0212399
0.0256011
0.024511
0.0243458
0.0242513
0.0257661
0.0273612
0.0264084
0.0112944
0.0165485
0.0246838
0.0246282
0.0207924
0.0220434
0.0233962
0.0283691
0.0188775
0.0236948
0.0253586
0.0278222
0.0193499
0.0263116
0.0228491
0.0258284
0.0149757
0.0211325
0.019506
0.0260084
0.0314801
0.0280984
0.0293665
0.0171154
0.0228238
0.0287384
0.0281177
0.0213603
0.0270108
0.0157754
0.0278883
0.0244195
0.0270447
0.0279911
0.0132772
0.0247683
0.0279222
0.0332102
0.0190506
0.0273056
0.0299353
0.023111
0.0354919
0.022206
0.0351028
0.0194127
0.0353289
0.0389966
0.0173623
0.0333145
0.0298551
0.0252112
0.0320868
0.0270736
0.0216173
0.0343501
0.0164217
0.023347
0.0295325
0.0218358
0.0269571
0.0278545
0.0244402
0.0236822
0.0299426
0.0374248
0.0158959
0.0396805
0.0232399
0.0195324
0.0184765
0.0402967
0.0353938
0.0270387
0.0250273
0.0245973
0.0553789
0.0372858
0.0285135
0.0319319
0.0397477
0.0289415
0.0349516
0.0384513
0.0289808
0.0342063
0.0272215
0.0306552
0.028367
0.0373149
0.0310576
0.0442028
0.0372478
0.0283059
0.0188478
0.0324084
0.0318056
0.0343365
0.0186104
0.0361745
0.0331788
0.0224607
0.0392444
0.038592
0.0404006
0.038518
0.0379588
0.0268145
0.0188439
0.0263288
0.0382956
0.0363844
0.0482642
0.0337941
0.0206979
0.0221923
0.0303836
0.0346194
0.0362059
0.0302501
0.0341003
0.0138292
0.0139299
0.0299921
0.0459208
0.0176929
0.0296039
0.0328265
0.014554
0.0319069
0.0308527
0.0339093
0.0314108
0.0399647
0.0182069
0.0375503
0.0220557
0.0272037
0.0306806
0.0336273
0.0219458
0.0285235
0.0165711
0.0278876
0.041853
0.0204204
0.0190816
0.0234823
0.0349511
0.0403434
0.0234745
0
0.0337394
0.0273619
0.0277011
0.0160069
0.0261546
0.0270072
0.0193041
0.0273345
0.0302363
0.0195715
0.0234418
0.0301428
0.0203538
0.0313438
0.0230291
0.0273475
0.025635
0.019161
0.0218979
0.0171741
0.0264828
0.0221817
0.0223569
0.027656
0.0348462
0.0276083
0.0249492
0.0289803
0.0331287
0.0246737
0.0154691
0.0207902
0.0183647
0.0175189
0.0177526
0.0203611
0.0231356
0.0265207
0.0141466
0.0267302
0.0230439
0.021679
0.0220882
0.0222489
0.0172736
0.0295835
0.026487
0.0293473
0.0281512
0.024664
0.024971
0.0227332
0.0284583
0.0219629
0.026502
0.0202641
0.0265272
0.0293742
0.00473972
0.0291242
0.0366441
0.025416
0.0222192
0.0168178
0.0266225
0.0235568
0.0113942
0.0260162
0.0291038
0.0174127
0.0195092
0.0204772
0.0243744
0.0181115
0.0293698
0.0300308
0.0260911
0.0315806
0.0333408
0.025807
0.0221374
0.0176316
0.0209855
0.0221986
0.0227304
0.0202997
0.0244187
0.0135877
0.0303274
0.0190411
0.0320927
0.029632
0.034198
0.0258222
0.0310894
0.0218617
0.0292471
0.0252545
0.0273859
0.0217436
0.0307504
0.0275092
0.031433
0.0245641
0.0287543
0.0289095
0.0390199
0.0240844
0.0237643
0.0269695
0.030783
0.025841
0.0304769
0.0279738
0.0342108
0.0262519
0.041767
0.0424261
0.0501828
0.073918
0.129009
0.258862
0.398005
0.459691
0.458363
0.431211
0.352036
0.201567
0.0932028
0.0565435
0.0378405
0.0357536
0.0322256
0.0247264
0.0285791
0.0311774
0.0288858
0.0295265
0.0268894
0.0324349
0.0279187
0.0268889
0.0257259
0.0204145
0.0266215
0.0215225
0.0259378
0.018249
0.0264455
0.0212312
0.0225745
0.0255066
0.0310936
0.0190404
0.0356063
0.0346736
0.032629
0.0368482
0.0402016
0.0366112
0.0299303
0.0303566
0.0422588
0.0353985
0.0317681
0.0281994
0.0338852
0.0332316
0.0319522
0.0189818
0.029264
0.0250012
0.024925
0.0303523
0.0299489
0.0280065
0.0272063
0.0275965
0.0267346
0.0258967
0.0284928
0.0268521
0.0276399
0.0342263
0.0265957
0.0214102
0.0254624
0.0451177
0.0266493
0.0278939
0.0359256
0.0160331
0.0256232
0.0152405
0.0250854
0.036791
0.0303604
0.0302876
0.0303449
0.0273559
0.0274422
0.0356337
0.0260038
0.0366461
0.0234845
0.0257301
0.0307214
0.0296171
0.0266005
0.0226586
0.0204118
0.0195118
0.0232723
0.0289019
0.0281514
0.0172437
0.0246602
0.0257383
0.0228382
0.023193
0.0242456
0.0254252
0.0128161
0.0351764
0.0320717
0.0270231
0.0178053
0.0297017
0.0296291
0.0209636
0.0174225
0.00808401
0.0236195
0.0396334
0.0342482
0.0188192
0.036423
0.0383477
0.0199407
0.0358602
0.0234825
0.0313779
0.0357004
0.0382448
0.0256603
0.0402173
0.0324449
0.019984
0.0350894
0.0221291
0.0247353
0.0337513
0.0154687
0.0189206
0.0330453
0.0321899
0.0321258
0.0103418
0.0374415
0.0283159
0.0168166
0.0334351
0.0404651
0.0411503
0.0237116
0.0215675
0.0434686
0.0447655
0.0267201
0.023932
0.0357555
0.0236032
0.0450008
0.0292449
0.033171
0.0327769
0.0190801
0.0608994
0.0294447
0.0203592
0.0570441
0.0326089
0.0199998
0.0479555
0.0360048
0.0133356
0.0382775
0.0213577
0.0347984
0.0356558
0.0121467
0.0294638
0.0270111
0.0601315
0.0372989
0.0523828
0.0473366
0.046379
0.0473199
0.0264946
0.0662074
0.0705927
0.0537208
0.0460521
0.0520692
0.0729004
0.045428
0.0319634
0.0369663
0.0287057
0.0510821
0.0250387
0.0480218
0.042621
0.0277211
0.0469335
0.0255049
0.0267132
0.0441855
0.0209955
0.0533184
0.00572822
0.0327231
0.0377644
0.0128746
0.0445921
0.0435352
0.0343887
0.0306085
0.0400514
0.0351561
0.0473398
0.0242754
0.0191655
0.0355537
0.039691
0.0227601
0.0281368
0.0522754
0.0445896
0.0528977
0.0384725
0.0583788
0.0439652
0.0637216
0.0583788
0.0370414
0.0330423
0.0109298
0.0283394
0.0114247
0.0220336
0.0225978
0.0241445
0.035219
0.0387231
0.0468667
0.0160184
0.0383244
0.0383471
0.0335529
0.0381283
0.0339018
0.03009
0.0370925
0.0290959
0.0465906
0.0302293
0.0341245
0.0374393
0.0523118
0.0496705
0.0423647
0.0366624
0.0509234
0.0589427
0.0649027
0.0671749
0.0687456
0.0782289
0.0592518
0.0553547
0.0483908
0.0431789
0.0404643
0.0341863
0.0291464
0.0434643
0.044613
0.00123376
0.020946
0.0461181
0.0149479
0.0380602
0.0292648
0.00517913
0.0175328
0.0129502
0.0114192
0.0261622
0.0326131
0.0336653
0.025193
0.0363921
0.0258179
0.0427445
0.0238272
0.0320157
0.0293059
0.0335788
0.0297489
0.0314439
0.0274493
0.0225923
0.0200905
0.025336
0.0267173
0.0186966
0.0131266
0.0254727
0.0220098
0.0248323
0.0219277
0.0157108
0.0238315
0.0306891
0.0294074
0.0166371
0.0172181
0.016184
0.025597
0.0231152
0.0290556
0.0206879
0.0346153
0.0314132
0.0277201
0.0284547
0.0203831
0.0334151
0.0377047
0.0334878
0.0306643
0.0369638
0.0189379
0.0316586
0.0249327
0.0225541
0.0293645
0.0348329
0.0287156
0.038572
0.0216693
0.0390728
0.0363002
0.0440243
0.0311879
0.0240625
0.0306988
0.0300351
0.0266531
0.0359354
0.0295897
0.0316612
0.0289649
0.0326635
0.0360758
0.0334288
0.0246338
0.0262262
0.0282154
0.0264333
0.0302932
0.0273564
0.0206627
0.0183728
0.0270468
0.0326065
0.0322226
0.0280879
0.0365069
0.0294257
0.0357171
0.0398692
0.0451587
0.0385398
0.0370065
0.0495452
0.0337102
0.0367007
0.0375437
0.053018
0.0455048
0.0523249
0.0565053
0.0641684
0.0630888
0.0530473
0.0511122
0.0513597
0.0386431
0.0385798
0.0397367
0.0217232
0.0446749
0.0172152
0.0261472
0.0274641
0.0267461
0.0314545
0.0252913
0.0279943
0.0284591
0.029417
0.0299905
0.0294525
0.0305626
0.022536
0.0295784
0.0289307
0.0276587
0.0274616
0.0310335
0.0332674
0.0453414
0.0366554
0.0329436
0.0369513
0.0381287
0.0519809
0.0440427
0.05657
0.0485958
0.0554837
0.0597687
0.0638911
0.0528366
0.0568759
0.0620352
0.0634893
0.0519956
0.0437166
0.0411664
0.0376765
0.0447962
0.024608
0.0334307
0.0433353
0.037914
0.0363627
0.0303484
0.0428515
0.0407085
0.0377451
0.036286
0.0336406
0.0386228
0.0286659
0.0266654
0.0378295
0.0357827
0.0357693
0.0299117
0.0388949
0.0339773
0.0411568
0.0377087
0.0355479
0.0471287
0.0413778
0.0420468
0.0462014
0.0451282
0.0524355
0.0479872
0.0455583
0.0553357
0.0517784
0.0572333
0.0487881
0.0578879
0.0495011
0.0467781
0.0349233
0.0316008
0.0387673
0.0295856
0.0353993
0.0369662
0.0381363
0.048327
0.0464378
0.0319102
0.0482704
0.0224182
0.0350215
0.0354112
0.0228531
0.0272457
0.0208923
0.0205837
0.0391338
0.031213
0.0316745
0.0297135
0.0205616
0.0238078
0.0250352
0.0275882
0.0421995
0.0291904
0.0244169
0.0309868
0.0248547
0.0272192
0.0241003
0.0440296
0.0228471
0.0276953
0.0190983
0.0314908
0.0221382
0.0201354
0.0206846
0.0297775
0.0302843
0.0248298
0.0221644
0.0237987
0.0277214
0.0219612
0.0220741
0.0213556
0.0172409
0.029456
0.0247797
0.0196824
0.0266805
0.0196368
0.0214407
0.0239185
0.0284115
0.0263415
0.0188052
0.0301261
0.0288322
0.0313009
0.0437841
0.0501664
0.0481335
0.0504511
0.0537363
0.0506073
0.0587315
0.0608215
0.0636728
0.0646653
0.0582991
0.0554897
0.0681018
0.0584544
0.0591146
0.0629508
0.0426994
0.0554404
0.0525137
0.0608683
0.0564193
0.0481164
0.0470357
0.0588008
0.0482594
0.0296414
0.0723994
0.0664924
0.0445667
0.0480148
0.0664759
0.0442366
0.0388949
0.0533285
0.0642381
0.0197224
0.0506935
0.0427671
0.0464715
0.0512122
0.0630396
0.0580331
0.0551566
0.0571615
0.0636125
0.042966
0.0581455
0.0645977
0.0762353
0.0793855
0.086652
0.0753895
0.0663874
0.0637408
0.0729233
0.0699038
0.0630166
0.0778203
0.0550023
0.0805702
0.0354671
0.0794645
0.0640893
0.0495901
0.0265688
0.0338329
0.0342003
0.0452072
0.0353283
0.0288732
0.0423023
0.0723544
0.0492773
0.00564571
0.04197
0.0623178
0.0708754
0.0674478
0.0490086
0.0576364
0.055755
0.0523481
0.0724372
0.0686481
0.0535918
0.0914445
0.082941
0.0579213
0.0511014
0.084951
0.0630966
0.0871316
0.0767636
0.0685649
0.0923495
0.0744321
0.0797916
0.0817906
0.0842485
0.0895943
0.0819157
0.077245
0.0945259
0.0787534
0.0750863
0.0723829
0.0693737
0.0928957
0.0750027
0.067527
0.0949205
0.0835578
0.0629432
0.0611464
0.0461384
0.0713799
0.0476077
0.0576389
0.0736203
0.0291098
0.0468854
0.0610159
0.0526662
0.0582974
0.0381428
0.0348839
0.0556421
0.0722266
0.0593427
0.0357945
0.0364007
0.0619306
0.0523953
0.0568835
0.0664495
0.0611358
0.0866584
0.064913
0.0620193
0.0429818
0.0742714
0.0646726
0.0996235
0.0567714
0.0647129
0.0655675
0.0727197
0.0935981
0.112967
0.0930201
0.0896376
0.0867235
0.0878973
0.0764517
0.102287
0.0829252
0.0727364
0.0834167
0.099573
0.068246
0.0821911
0.0660853
0.0784691
0.0914535
0.0578719
0.0583103
0.0776876
0.0783364
0.0525789
0.0731093
0.0829134
0.0607008
0.0499831
0.0811549
0.0800123
0.0560083
0.0869928
0.070211
0.0941786
0.0573217
0.0948485
0.0521734
0.0521323
0.0985151
0.0880021
0.0927053
0.0987493
0.0308922
0.0726063
0.0314254
0.0906402
0.0849735
0.0565556
0.0241193
0.052487
0.0431662
0.0108901
0.066594
0.0777287
0.0229995
0.105117
0.0790805
0.071397
0.0315817
0.0828117
0.0591478
0.0646906
0.0941342
0.055113
0.123321
0.0769902
0.0472811
0.0767985
0.0650456
0.0903525
0.0433477
0.106314
0.101735
0.0775437
0.0637858
0.0934401
0.0255439
0.0600687
0.055663
0.030893
0.0620707
0.0559633
0.0711039
0.0544458
0.0859111
0.0713623
0.0714796
0.0992675
0.0592259
0.046114
0.0534183
0.0374039
0.0549983
0.0534543
0.0449694
0.0902971
0.0673064
0.018509
0.0628711
0.0574532
0.0606479
0.105015
0.0232392
0.0489792
0.0692566
0.0356036
0.0277815
0.0446307
0.0318832
0.0385022
0.0313757
0.0608141
0.0379157
0.0693167
0.0321465
0.0685426
0.0764865
0.036726
0.0395586
0.073991
0.00115329
0.00785254
0.0981629
0.0641568
0.0709284
0.0991613
0.0511292
0.0337629
0.0555636
0.0653532
0.0550769
0.0534081
0.0881998
0.0729498
0.0776057
0.0998843
0.110944
0.0645889
0.0639272
0.0764191
0.0798004
0.0873294
0.0588753
0.069968
0.0732064
0.0894568
0.0628528
0.0859507
0.0946589
0.0689792
0.0508935
0.0875862
0.0743957
0.053961
0.0876979
0.0722909
0.0457666
0.0554637
0.0847712
0.0389794
0.0530966
0.0537843
