0.100002
0.0934399
0.0988685
0.0878657
0.10989
0.095552
0.105532
0.100412
0.101986
0.105866
0.108368
0.112454
0.109696
0.110131
0.11397
0.107578
0.112094
0.106745
0.108234
0.105149
0.104286
0.100717
0.105288
0.10485
0.112385
0.113385
0.111221
0.114985
0.119825
0.12058
0.117211
0.120672
0.116179
0.118162
0.117845
0.117645
0.116291
0.116886
0.113277
0.109014
0.108304
0.108662
0.1113
0.113102
0.113036
0.119172
0.114952
0.114557
0.122123
0.121028
0.124202
0.124204
0.129674
0.13045
0.130831
0.129328
0.121138
0.118843
0.110943
0.10972
0.107388
0.0929549
0.0911309
0.0858616
0.0918945
0.0930802
0.0981159
0.0822091
0.080445
0.0960598
0.094675
0.0954079
0.105834
0.0986707
0.0962997
0.101394
0.101193
0.103312
0.0912161
0.0980454
0.0930439
0.0954014
0.095211
0.095725
0.0998449
0.0973628
0.0991019
0.107646
0.108621
0.105776
0.105734
0.104142
0.109831
0.104787
0.109501
0.10747
0.109296
0.107384
0.108355
0.105348
0.109283
0.113894
0.115986
0.112914
0.111515
0.111577
0.111566
0.116252
0.116872
0.115571
0.114627
0.118013
0.111815
0.115086
0.104424
0.0989172
0.108852
0.102402
0.0950972
0.0890656
0.098033
0.0999373
0.107306
0.110535
0.107526
0.102894
0.107003
0.108828
0.11701
0.118443
0.11824
0.120156
0.120355
0.124874
0.126438
0.124698
0.118199
0.119779
0.110978
0.106811
0.0997195
0.0947513
0.0857996
0.0878786
0.0945228
0.0984208
0.094396
0.0965618
0.108909
0.101731
0.105257
0.108472
0.113498
0.118743
0.11484
0.115445
0.120286
0.122409
0.117154
0.121653
0.12056
0.118037
0.116233
0.111021
0.105722
0.102275
0.105379
0.106046
0.101791
0.106877
0.0997052
0.103337
0.109362
0.10747
0.103814
0.10234
0.109012
0.1019
0.100766
0.096248
0.0938449
0.0876987
0.0766012
0.0942207
0.0837799
0.089867
0.0962059
0.0944854
0.0999458
0.103071
0.104303
0.108303
0.107233
0.108479
0.110733
0.107869
0.10526
0.0947219
0.0961394
0.0897314
0.0812014
0.0796569
0.0759526
0.0858571
0.0784698
0.083769
0.0842742
0.0861754
0.0917038
0.0925061
0.0946732
0.102891
0.101973
0.109398
0.105438
0.112541
0.107754
0.107009
0.111264
0.106715
0.109207
0.107828
0.102099
0.0970806
0.0852071
0.0810889
0.0813225
0.0715366
0.0788084
0.0852428
0.0755244
0.0757032
0.0829828
0.0962375
0.0959683
0.0968244
0.0981657
0.0948836
0.099184
0.101707
0.107417
0.10776
0.109187
0.113583
0.110234
0.113891
0.115483
0.115087
0.116298
0.114218
0.109837
0.112479
0.102277
0.0982238
0.105021
0.0851023
0.0803836
0.0787487
0.0592436
0.077437
0.0711807
0.0702982
0.0870487
0.0757076
0.0772833
0.0852143
0.0807942
0.0817453
0.0837335
0.0830208
0.100368
0.110526
0.099681
0.112892
0.106616
0.109378
0.11193
0.113073
0.11504
0.11957
0.113531
0.115239
0.105516
0.0967544
0.099419
0.0945402
0.102365
0.093598
0.0840608
0.0800725
0.085407
0.0769327
0.0682324
0.0766857
0.0802838
0.0776681
0.06254
0.0881854
0.0829987
0.0706463
0.083467
0.0868031
0.0886356
0.10589
0.0907612
0.0999466
0.102895
0.10008
0.0984221
0.102573
0.097573
0.0886834
0.0930878
0.112067
0.0690099
0.068489
0.0797037
0.0482456
0.0639531
0.0527431
0.0598083
0.0618539
0.0681203
0.0700317
0.077128
0.0795369
0.0878098
0.0916286
0.0712891
0.0711667
0.0884125
0.0901472
0.0951093
0.0930101
0.0943252
0.0982932
0.105153
0.100852
0.104182
0.104274
0.100001
0.0954668
0.0889211
0.0841726
0.0808965
0.0693452
0.0469628
0.0731083
0.056189
0.0601326
0.0506273
0.0632694
0.0713131
0.0753159
0.0577385
0.0718239
0.0695418
0.068988
0.0709861
0.0734805
0.0790007
0.0831678
0.0875105
0.0667097
0.0866222
0.0882756
0.0790498
0.0844812
0.0937794
0.0999088
0.0963245
0.105789
0.097659
0.0950057
0.103462
0.102733
0.0952199
0.102023
0.0934136
0.0787816
0.0690486
0.0561907
0.0725344
0.0593917
0.0718243
0.0706915
0.074494
0.0692776
0.0549815
0.063341
0.0646336
0.0704
0.0852857
0.0724936
0.0760746
0.0790433
0.0809207
0.0869976
0.0826977
0.0812785
0.0868917
0.0946425
0.0948511
0.100434
0.0999152
0.108418
0.0991689
0.105995
0.105776
0.0969157
0.103514
0.0994673
0.0898512
0.10235
0.0996391
0.0911064
0.0883722
0.0803229
0.0752118
0.062311
0.0696652
0.0771944
0.0729938
0.0721495
0.0771467
0.0866082
0.0981704
0.0876968
0.08672
0.0937169
0.100079
0.0969678
0.0931519
0.0890443
0.0968902
0.0944201
0.102547
0.0911452
0.0905521
0.0962916
0.0849996
0.0907639
0.100638
0.0592034
0.0656899
0.065965
0.0527028
0.0765188
0.057606
0.0421362
0.0664992
0.0473142
0.0634737
0.0458768
0.0766866
0.0517314
0.0587398
0.0718215
0.0623883
0.0712882
0.0654888
0.0678112
0.0844667
0.0838189
0.0851475
0.0746525
0.074217
0.0913267
0.0689363
0.102314
0.0908459
0.0888012
0.095333
0.0988915
0.0951955
0.0926623
0.0947345
0.0946183
0.095342
0.0765693
0.0762644
0.0683254
0.052296
0.0554334
0.0621485
0.0613796
0.0567262
0.045332
0.0658281
0.0750675
0.0957662
0.123788
0.171144
0.231582
0.269098
0.326908
0.340657
0.354668
0.325743
0.244311
0.172793
0.11789
0.0796256
0.059425
0.0644184
0.0625185
0.0766536
0.0747577
0.0873297
0.0818362
0.0731631
0.065873
0.0702513
0.0648108
0.072364
0.0818464
0.0822064
0.077598
0.0887121
0.0881109
0.0998586
0.0807549
0.0786357
0.0676702
0.0729262
0.0746063
0.0763151
0.0843373
0.0438604
0.0766529
0.0553661
0.0794218
0.0614359
0.0711545
0.0686408
0.0641828
0.077444
0.0825697
0.0940374
0.091934
0.0947829
0.0917123
0.0966261
0.0981013
0.0976553
0.0732069
0.0944673
0.0788626
0.0588502
0.0787049
0.0495434
0.0679942
0.0731802
0.0717056
0.0567479
0.0878929
0.0709259
0.0631833
0.0624846
0.0820719
0.0681794
0.0645645
0.0566175
0.0628225
0.0596786
0.0563666
0.0608549
0.0711546
0.0730861
0.0785714
0.0647902
0.0544751
0.0584786
0.0600279
0.0829276
0.069053
0.0658863
0.0727675
0.0798442
0.0653585
0.0684455
0.0857259
0.0896611
0.0960479
0.0747993
0.0819394
0.0734851
0.0771942
0.0646165
0.07261
0.0838214
0.0587739
0.0610976
0.0505271
0.0795849
0.0592404
0.0557652
0.0558262
0.039353
0.0466222
0.0476221
0.049741
0.0681017
0.0313571
0.072912
0.0287233
0.0663686
0.0592587
0.0874707
0.0733565
0.0610532
0.0613909
0.0645417
0.0424834
0.0634682
0.0506966
0.0734719
0.0723775
0.0654317
0.0845949
0.0573565
0.0438953
0.0623153
0.0742062
0.0452081
0.0537029
0.0688278
0.0710709
0.0696621
0.0754885
0.0560618
0.0490925
0.0590584
0.0563106
0.0656683
0.0868978
0.0604238
0.0547126
0.0403102
0.0646902
0.0469019
0.048582
0.0291909
0.0677878
0.0509149
0.0624648
0.0533786
0.0596687
0.0744982
0.100871
0.0628144
0.0473765
0.0469834
0.0657971
0.0693482
0.0526635
0.0619841
0.0787928
0.0505344
0.0834745
0.0725879
0.0367326
0.0541699
0.0404284
0.0616362
0.0433988
0.0576894
0.0550194
0.061048
0.067631
0.0593604
0.0499595
0.0276132
0.0875868
0.0674978
0.041111
0.0580454
0.0671158
0.0761756
0.0450393
0.089643
0.0561625
0.0645139
0.0672667
0.0542102
0.0722979
0.0649384
0.0458812
0.0642679
0.0539243
0.0631117
0.0216297
0.0461272
0.0681493
0.0363599
0.0594633
0.0628627
0.0506607
0.0516478
0.0595131
0.0464712
0.0522111
0.0488079
0.0619857
0.0506237
0.0388076
0.0489514
0.0361226
0.0662442
0.0427963
0.0419804
0.0440898
0.0505489
0.0409966
0.0275195
0.0424651
0.0391536
0.0549334
0.0435748
0.0545345
0.0420997
0.0427896
0.0446717
0.0388275
0.0366113
0.0465462
0.0474361
0.0452806
0.0324361
0.0438575
0.0505689
0.0486918
0.0504319
0.0416197
0.038801
0.0343325
0.0579655
0.041057
0.0346191
0.063846
0.0417467
0.0470534
0.0564855
0.0416866
0.0420526
0.0531625
0.0513014
0.0671609
0.0329778
0.0487438
0.0474106
0.0483965
0.0518813
0.0437082
0.0427952
0.0371639
0.0350305
0.0512285
0.0381559
0.051853
0.0488188
0.028238
0.0402846
0.0350465
0.0345488
0.0330641
0.0472667
0.0497901
0.0412958
0.0366629
0.0560356
0.0521049
0.0613634
0.0389756
0.0457485
0.0444654
0.0477677
0.049116
0.0467853
0.0522238
0.0489319
0.0304456
0.0559783
0.0260412
0.0561799
0.0443924
0.0353038
0.0411423
0.0392271
0.0647341
0.0388373
0.0426904
0.044565
0.0587742
0.0331039
0.0607713
0.0492062
0.0623293
0.0384877
0.0535797
0.056932
0.0657689
0.0698556
0.0704617
0.0581482
0.0507483
0.0377836
0.0475055
0.0419614
0.0285657
0.0464728
0.04744
0.0264789
0.0834877
0.0379063
0.0709831
0.0641994
0.0322138
0.0323912
0.0670363
0.0649692
0.0584158
0.0735762
0.0590374
0.0585867
0.0509952
0.0715189
0.0487437
0.0733317
0.0618098
0.0483648
0.0457276
0.0350696
0.0539313
0.058621
0.040665
0.0396466
0.0572302
0.0419939
0.045957
0.0441767
0.0389115
0.0391997
0.0420228
0.0227192
0.0460046
0.0491244
0.0475127
0.0627268
0.0566508
0.0581517
0.049043
0.0412395
0.0350581
0.0432669
0.0425903
0.0451225
0.0365619
0.0455451
0.0371127
0.035566
0.0422374
0.0402014
0.0440929
0.048547
0.0477702
0.0539709
0.0359775
0.0455132
0.0439881
0.0426046
0.0459252
0.0417083
0.0467884
0.0478674
0.0406021
0.0425805
0.035686
0.0416171
0.0334135
0.0386482
0.0359857
0.0378579
0.0420777
0.0431507
0.0364253
0.0363993
0.0447493
0.0449376
0.0375233
0.0351422
0.0372273
0.0340507
0.0415261
0.037756
0.0324495
0.0383736
0.0397536
0.0328123
0.0386955
0.0337548
0.0351908
0.0352795
0.0334886
0.0328953
0.0371171
0.0344986
0.0430584
0.0388212
0.0346151
0.0280142
0.0375151
0.0331126
0.0377283
0.031242
0.0411518
0.0356137
0.0388148
0.0305748
0.0334865
0.0305554
0.0429487
0.0339062
0.0399685
0.0335463
0.0418843
0.0357263
0.0370227
0.041246
0.0364315
0.0331711
0.0472744
0.0372874
0.0381854
0.0363845
0.0430752
0.0380873
0.037655
0.0327386
0.0327265
0.038761
0.0411928
0.0335826
0.0299067
0.0329658
0.0391214
0.0311176
0.0400756
0.0320092
0.0365793
0.0336741
0.0398886
0.0374901
0.0458928
0.0320688
0.0425678
0.0350712
0.0367689
0.0333878
0.0303518
0.0294973
0.0370875
0.0388497
0.0505123
0.0335159
0.0369141
0.0393375
0.0396315
0.0431596
0.032211
0.0375503
0.0364212
0.0400358
0.0422088
0.0372796
0.0334057
0.0306039
0.0366824
0.0476442
0.0443526
0.0346822
0.0394513
0.0436491
0.0397051
0.0402641
0.0361876
0.0484274
0.032054
0.0420424
0.0485322
0.0390542
0.0415397
0.0349701
0.0334919
0.03826
0.0433337
0.0322715
0.0396277
0.0383615
0.0365784
0.0375148
0.0349594
0.03188
0.0431457
0.039448
0.0331754
0.0364081
0.0433108
0.038357
0.0510083
0.0323187
0.0400503
0.0401831
0.0520602
0.046077
0.0404863
0.0314852
0.03129
0.050709
0.0442523
0.0437988
0.0372441
0.0424921
0.0465952
0.0504735
0.0370311
0.0377118
0.0443274
0.0433658
0.0492297
0.0512523
0.0480836
0.0432443
0.0538044
0.0396797
0.0406902
0.0417937
0.0411474
0.0413962
0.0412519
0.0327104
0.036746
0.0418716
0.0386212
0.0533283
0.0501271
0.0538863
0.0372205
0.0517318
0.0279479
0.0313917
0.0394817
0.0458436
0.0425191
0.0411465
0.0572715
0.0439904
0.0407872
0.0406406
0.0348532
0.0443574
0.0518239
0.0363039
0.0297909
0.0475961
0.043238
0.0574981
0.0307606
0.0440421
0.0548287
0.0338729
0.0496124
0.0355965
0.0408522
0.0431298
0.0413426
0.0350382
0.0448317
0.0279461
0.0279043
0.0380086
0.0385372
0.0381731
0.0434045
0.0329946
0.0410059
0.0541899
0.0310093
0.0346089
0.0369195
0.0394458
0.0494789
0.0457087
0.0185959
0.0418325
0.0414671
0.0404701
0.0409129
0.0426329
0.0476995
0.0391482
0.0409415
0.0383243
0.0263888
0.0330959
0.0430317
0.0384158
0.0448341
0.0334467
0.026894
0.0398539
0.0395806
0.037412
0.0400614
0.031438
0.0388059
0.0450105
0.0327102
0.0350694
0.0339405
0.0408291
0.0418477
0.0370137
0.0409569
0.0408913
0.0472706
0.0280062
0.038407
0.0410733
0.0321762
0.0448552
0.0341113
0.030642
0.0357487
0.0405756
0.0353823
0.0356046
0.0420371
0.0345949
0.0358886
0.0397141
0.0443829
0.0338439
0.0447339
0.0361067
0.0344767
0.0379353
0.0341928
0.0391352
0.032622
0.0361123
0.0345369
0.0331761
0.0362381
0.0333496
0.0405957
0.0347454
0.0330305
0.0376222
0.0303678
0.0305551
0.036085
0.0376836
0.0386409
0.0345977
0.0343143
0.0348382
0.0272671
0.0310058
0.0348775
0.0411402
0.0401045
0.0449536
0.035861
0.0323791
0.0343907
0.0329791
0.034267
0.0377453
0.035485
0.0458515
0.0234692
0.042808
0.0419006
0.0365131
0.0292748
0.0409334
0.0340739
0.0461786
0.0467085
0.0449223
0.0457114
0.0419259
0.0465159
0.0444608
0.044789
0.0360582
0.0333895
0.0361848
0.0380131
0.0479142
0.0387347
0.0393505
0.0445613
0.0437797
0.0410167
0.049203
0.043925
0.047087
0.0430598
0.0475854
0.0607394
0.0649622
0.0910747
0.157124
0.315506
0.465202
0.531198
0.543868
0.504171
0.417481
0.231743
0.116389
0.0849967
0.0535987
0.054506
0.0415428
0.0461001
0.0440119
0.0415671
0.0448261
0.0438394
0.0421129
0.0434198
0.0411258
0.0411662
0.0423966
0.0384738
0.043331
0.0385865
0.0375805
0.0337228
0.0407493
0.0338493
0.0380167
0.041242
0.0415171
0.0287544
0.0423877
0.0481767
0.0402322
0.0446529
0.0470762
0.0450957
0.0518167
0.0508897
0.055921
0.0433991
0.0472636
0.0435737
0.0488041
0.0489042
0.0440609
0.0401522
0.0422595
0.0389365
0.0423056
0.0446435
0.0419516
0.041645
0.0406066
0.0433443
0.0395291
0.0453282
0.042047
0.036811
0.0421953
0.0448912
0.0425185
0.0395453
0.0438217
0.0439037
0.0389662
0.0354903
0.0505149
0.0451278
0.0536226
0.0368328
0.0457509
0.0504462
0.0371184
0.0449747
0.0412458
0.0410289
0.0308158
0.0432413
0.0536652
0.0480403
0.029512
0.0369924
0.0477283
0.0431552
0.0466891
0.0418885
0.0360072
0.0258675
0.0378217
0.0435009
0.0407571
0.0377285
0.0384584
0.0329276
0.0346084
0.0336958
0.0373267
0.0404161
0.0262187
0.0459104
0.048044
0.0535642
0.0332602
0.0364127
0.0464812
0.0479535
0.0375197
0.0138938
0.0110676
0.0459705
0.0613907
0.0256629
0.043294
0.0536796
0.0474761
0.0522364
0.0324439
0.0265523
0.0439708
0.0469922
0.0348376
0.0443903
0.0433992
0.03754
0.0323745
0.0310493
0.0302095
0.0404895
0.0333394
0.0317736
0.0386946
0.0454012
0.0450655
0.0321908
0.0550409
0.0312178
0.0404615
0.0489102
0.0309835
0.0548358
0.0337035
0.0420726
0.0412393
0.02556
0.0424623
0.0481646
0.0243103
0.0375622
0.0475111
0.0215038
0.0313278
0.0200377
0.0278644
0.055432
0.0354886
0.0450038
0.0472469
0.0359671
0.0556779
0.0284654
0.0539887
0.0269212
0.0439107
0.0258166
0.060884
0.0615917
0.0630598
0.0264488
0.0407477
0.0359969
0.0527964
0.0531234
0.0561293
0.0584628
0.0684179
0.0380849
0.0444344
0.0497872
0.0393032
0.0367792
0.0411535
0.04781
0.0547176
0.0313907
0.0476294
0.021699
0.062081
0.0523219
0.0584994
0.0420227
0.0364665
0.0434616
0.0430099
0.0373328
0.0467156
0.00483086
0.0480318
0.0272571
0.00620795
0.0319101
0.0359955
0.0437607
0.0576245
0.0319807
0.0248707
0.0406351
0.0456689
0.040939
0.0398653
0.0263816
0.0283525
0.0298614
0.0327175
0.0343866
0.054085
0.0592478
0.0538059
0.0605814
0.0517371
0.0623592
0.0505181
0.0564626
0.0443545
0.0303348
0.0399624
0.0225954
0.0331384
0.045134
0.032296
0.0487143
0.0461998
0.0372674
0.0408017
0.0294197
0.0590691
0.0399611
0.0488833
0.0354842
0.0517208
0.0381773
0.0398812
0.0485036
0.0653605
0.0516832
0.0582774
0.0475911
0.0511557
0.056382
0.0530317
0.0614641
0.0710952
0.0781176
0.0877282
0.0868994
0.0788063
0.0948476
0.0788729
0.0774358
0.0603892
0.0688254
0.0550913
0.0431696
0.041108
0.0450623
0.0490701
0.0241902
0.0286963
0.0619
0.0372529
0.030231
0.0377265
0.0436746
0.0441819
0.024705
0.0412325
0.0291355
0.0388211
0.0294135
0.0548182
0.0483704
0.0557432
0.0474129
0.0519003
0.0396208
0.0475009
0.0379796
0.0409472
0.041766
0.0387475
0.0247609
0.0383102
0.0403886
0.0422875
0.0277177
0.0219361
0.040575
0.0310306
0.0343537
0.0407407
0.0310604
0.0345796
0.0490504
0.0420053
0.0326533
0.0348323
0.0312352
0.0383784
0.0456049
0.0416922
0.0375463
0.0453645
0.0468344
0.0385038
0.0458025
0.053871
0.0424953
0.0438049
0.0530112
0.0453243
0.0313508
0.0426622
0.0408791
0.0505219
0.03299
0.0449718
0.053877
0.0445385
0.0533356
0.0377188
0.0486336
0.0399069
0.0505166
0.0424355
0.0377451
0.03933
0.0495109
0.0386738
0.0539722
0.0459925
0.0446233
0.0436029
0.0491043
0.0508974
0.0469571
0.0400885
0.0376227
0.0444021
0.0471332
0.0360873
0.0451913
0.0358271
0.0356457
0.0459809
0.0456896
0.0464809
0.0454022
0.0459127
0.0426156
0.0457494
0.0509834
0.0482866
0.0474179
0.0496227
0.065218
0.0524545
0.0553072
0.0553715
0.0638463
0.0633447
0.0750077
0.0638266
0.0842353
0.0735628
0.0734193
0.0629274
0.0592352
0.0515572
0.0581003
0.0520739
0.0348057
0.0432791
0.0347779
0.0363197
0.0423099
0.0446097
0.0423417
0.037878
0.0448034
0.0414593
0.045284
0.0427206
0.0414042
0.0430777
0.0393484
0.0441004
0.0384732
0.0346211
0.0432994
0.0506738
0.0457719
0.0551009
0.0548629
0.048522
0.0545296
0.0598405
0.0660264
0.0635078
0.0658163
0.0654407
0.0722973
0.0776617
0.0816069
0.069113
0.0744691
0.0734693
0.0708969
0.0580327
0.048601
0.0493373
0.0486877
0.0514266
0.036722
0.0486721
0.0489993
0.0484845
0.0476036
0.0437379
0.0477199
0.050926
0.042204
0.044052
0.0576456
0.0485758
0.0407632
0.0379799
0.0602586
0.0453017
0.0524931
0.0478715
0.0545287
0.0505073
0.0547971
0.0566965
0.0565314
0.0664776
0.0578847
0.0657108
0.0611632
0.0591105
0.0710074
0.0658357
0.0720705
0.0765867
0.0713494
0.0741846
0.070802
0.0721852
0.0585331
0.0631956
0.0580261
0.0512316
0.0589795
0.0390724
0.0494833
0.0503949
0.0430404
0.0633255
0.0559718
0.047909
0.0631171
0.0382837
0.0544264
0.0395429
0.0409895
0.0346555
0.0456465
0.0336969
0.0431376
0.0468216
0.0486161
0.0473623
0.0445665
0.0385187
0.0416432
0.043706
0.0528413
0.0492199
0.0365209
0.0359929
0.0388274
0.0387382
0.0354798
0.0465726
0.0386358
0.0304372
0.0358742
0.0348512
0.0372915
0.0344975
0.0404008
0.0451294
0.047815
0.0321819
0.0371055
0.0408875
0.0412529
0.0361754
0.0342366
0.0333529
0.0309477
0.0336073
0.0307174
0.0333138
0.0317629
0.0326383
0.0361739
0.0351164
0.034524
0.0302566
0.0398101
0.0416577
0.0366673
0.0484065
0.0577295
0.0569563
0.0559438
0.0616543
0.0637918
0.0707245
0.0692617
0.0775002
0.0714553
0.0791802
0.0664585
0.0785038
0.0709483
0.0676544
0.0624557
0.065856
0.0769698
0.0723204
0.0728719
0.077447
0.066882
0.0682681
0.0559202
0.0509195
0.0542349
0.0441298
0.0694804
0.0802804
0.0636743
0.06253
0.0712787
0.0719921
0.0549944
0.0689919
0.0727871
0.0480005
0.0409106
0.0456772
0.0779833
0.0477235
0.0693878
0.0684402
0.0634218
0.0664096
0.0577978
0.0691232
0.0896914
0.0782788
0.0915719
0.0872622
0.0942269
0.103645
0.0829963
0.0827825
0.0780468
0.0810297
0.0766049
0.0805513
0.0779671
0.0668005
0.0403122
0.0716319
0.0595877
0.0931213
0.0647259
0.0492982
0.0344134
0.090958
0.0228392
0.0468891
0.0275008
0.107361
0.0821793
0.0430038
0.0760349
0.0730925
0.0579197
0.0775226
0.0323133
0.0762546
0.0711369
0.057931
0.0826732
0.095111
0.0641546
0.103008
0.0954926
0.0570551
0.0661987
0.0838942
0.0701424
0.0889344
0.0885453
0.106061
0.0985207
0.0857091
0.0984606
0.0963253
0.11699
0.106483
0.0928059
0.105259
0.107852
0.106469
0.0991457
0.0945807
0.0913826
0.0904609
0.0850668
0.06544
0.0834631
0.0798436
0.0698561
0.0621701
0.0553295
0.0415549
0.0657797
0.0638647
0.0648357
0.0220871
0.0591803
0.0440303
0.0223106
0.0526365
0.0560608
0.0571632
0.0447592
0.0553046
0.0735259
0.0796982
0.0251995
0.0557102
0.049909
0.0618194
0.0774697
0.0609699
0.0669791
0.0502515
0.0483513
0.0544907
0.0787164
0.0840543
0.0712923
0.0717634
0.09371
0.0690885
0.080254
0.101459
0.104183
0.111199
0.0847161
0.0869453
0.0894647
0.09351
0.107136
0.0992254
0.093089
0.101645
0.0998109
0.0970023
0.101594
0.101176
0.0858563
0.0890651
0.114264
0.0661125
0.0908878
0.0991751
0.0653566
0.0889192
0.0799426
0.0768197
0.0886559
0.0731535
0.0387215
0.0642575
0.0622757
0.0903799
0.102006
0.081904
0.1013
0.0735233
0.0537959
0.0796295
0.0886782
0.0613998
0.0990337
0.040846
0.106518
0.0669606
0.0822723
0.0949174
0.0538023
0.0488642
0.0291464
0.0410859
0.00990052
0.0805301
0.0384866
0.024041
0.076417
0.0206031
0.0711477
0.0817647
0.0295028
0
0.0813104
0.0393582
0.0737808
0.0816414
0.0612381
0.0433546
0.0680391
0.0301671
0.102665
0.089731
0.0950157
0.0971028
0.0561358
0.103274
0.137203
0.060639
0.122122
0.0568431
0.068662
0.0774763
0.0747749
0.0833044
0.081707
0.0937026
0.087603
0.0704715
0.111133
0.0595368
0.0539641
0.0506597
0.0822292
0.0658571
0.0354309
0.0699726
0.103444
0.038892
0.0210086
0.0630528
0.033411
0.0367504
0.0670435
0.0541754
0.0140013
0.0554489
0.00363836
0.03511
0.0765916
0.0309162
0.0115011
0.0196069
0.0433129
0.0257517
0.0537685
0.0436158
0.0755276
0.0924642
0.0712509
0.0315706
0.0640885
0.0441927
0.0417046
0.122446
0.0486465
0.0464468
0.0731794
0.0510713
0.0463518
0.0858681
0.0725553
0.0786406
0.0789672
0.0728075
0.0631738
0.0747692
0.0813946
0.0896827
0.0719802
0.0471052
0.106466
0.0727778
0.0932295
0.056434
0.0926307
0.110758
0.0955584
0.0567141
0.0769494
0.114354
0.11485
0.0566228
0.0948774
0.0769738
0.0497373
0.0665953
0.086426
0.0740688
0.0466167
0.0748251
0.0748429
0.07436
0.0605147
