0.0961601
0.0974805
0.0901567
0.0878294
0.100738
0.0878812
0.0960493
0.0988919
0.100972
0.104931
0.107642
0.109445
0.107817
0.10739
0.108585
0.10298
0.108239
0.106452
0.100613
0.100767
0.0986243
0.101751
0.10322
0.102799
0.109091
0.107877
0.109008
0.111981
0.115319
0.112931
0.11291
0.116209
0.11295
0.115527
0.114362
0.112348
0.109051
0.112969
0.107715
0.100208
0.105848
0.111083
0.101491
0.116102
0.109337
0.114556
0.109163
0.107415
0.116653
0.114518
0.119102
0.118456
0.122975
0.124314
0.124529
0.123431
0.114657
0.113184
0.105797
0.10421
0.108299
0.0877112
0.0835482
0.0899557
0.0844456
0.0911416
0.0891102
0.0790617
0.0819691
0.0977875
0.0944993
0.0999159
0.0948037
0.0905099
0.0938442
0.101127
0.0972721
0.104512
0.0954084
0.0967046
0.0906634
0.096122
0.0892667
0.0953425
0.091088
0.0976872
0.0966724
0.106021
0.100548
0.105138
0.102452
0.102199
0.106137
0.1035
0.10807
0.102739
0.102427
0.104248
0.104052
0.10102
0.108803
0.110299
0.107794
0.105329
0.107336
0.106562
0.105389
0.106025
0.112683
0.110326
0.113926
0.110942
0.110361
0.110439
0.100083
0.0998997
0.102749
0.0991076
0.0913887
0.0946763
0.100775
0.0936363
0.0975635
0.107622
0.0994317
0.100654
0.10224
0.108255
0.115432
0.111041
0.11392
0.11544
0.115366
0.118137
0.120674
0.119013
0.117004
0.115256
0.102322
0.106334
0.0997884
0.0951864
0.0989485
0.0853568
0.0995583
0.0923369
0.0914755
0.0908632
0.107089
0.0984101
0.101503
0.105305
0.106067
0.113703
0.112915
0.112807
0.111938
0.11347
0.115088
0.117881
0.113995
0.113485
0.112718
0.114642
0.101761
0.102122
0.102198
0.100145
0.0992468
0.102452
0.100284
0.0994664
0.107208
0.103279
0.100003
0.101612
0.101051
0.0968461
0.101582
0.100427
0.084445
0.0816306
0.0782031
0.0832495
0.0822521
0.0874912
0.0918265
0.0894908
0.0942011
0.103146
0.102509
0.103225
0.104756
0.106308
0.104403
0.105653
0.106423
0.0901171
0.0937906
0.0841963
0.0847155
0.0683403
0.0800444
0.0889816
0.0887226
0.0816997
0.0906932
0.0908557
0.0909386
0.0974004
0.0915738
0.0985836
0.0971042
0.108412
0.102305
0.108647
0.107731
0.1055
0.102964
0.101437
0.102274
0.105745
0.102142
0.0887516
0.0845539
0.0724076
0.0791013
0.0824683
0.0852829
0.0859427
0.0817382
0.0859368
0.0874912
0.0988192
0.0883355
0.0970384
0.094813
0.0902226
0.0973677
0.100921
0.0980525
0.101344
0.103241
0.111321
0.110484
0.108731
0.109017
0.11177
0.109709
0.110174
0.10516
0.105484
0.102638
0.0991252
0.107291
0.0951021
0.0776332
0.0844244
0.0655445
0.0677202
0.0866387
0.0780752
0.0717327
0.0767264
0.0710178
0.0776659
0.0770281
0.0847865
0.0935086
0.0917706
0.103173
0.102788
0.0957779
0.103255
0.0986236
0.107418
0.109019
0.107053
0.115742
0.109939
0.111812
0.111344
0.101656
0.0984308
0.0926821
0.102546
0.0988231
0.0915175
0.0843898
0.0701682
0.0863512
0.0769255
0.0652906
0.069889
0.0804107
0.0786375
0.0745301
0.0883993
0.0702155
0.0750927
0.0803965
0.0895497
0.0838221
0.0977874
0.0967348
0.0902681
0.0950998
0.0935606
0.0964249
0.100049
0.0970689
0.0844524
0.0990662
0.0991926
0.0770847
0.054019
0.0708183
0.0593249
0.0701847
0.0617028
0.0666104
0.0658246
0.0734871
0.0872738
0.0810959
0.0826219
0.0860412
0.0743748
0.073347
0.0752882
0.0780564
0.0883679
0.09765
0.0904019
0.107334
0.102421
0.0995409
0.101219
0.0995865
0.103631
0.100468
0.100736
0.093873
0.0779862
0.0794998
0.0714872
0.059025
0.0763724
0.0613976
0.0643851
0.0546927
0.0613386
0.0639706
0.0690798
0.0637245
0.078932
0.0749417
0.0805464
0.0751102
0.0742842
0.0776918
0.0988695
0.0836989
0.0694968
0.0864415
0.0913489
0.0781572
0.0907871
0.0845305
0.0968866
0.096378
0.101254
0.0933798
0.0995262
0.104391
0.095886
0.0978748
0.0968539
0.0896227
0.0801979
0.066929
0.0686092
0.0794888
0.0663813
0.0752359
0.0671603
0.0722437
0.0742016
0.0547271
0.0719934
0.0610911
0.0690696
0.082318
0.0824894
0.0678852
0.079328
0.086078
0.0853788
0.0824614
0.083865
0.093834
0.0973343
0.0857475
0.0903445
0.0995883
0.100925
0.0953388
0.107123
0.0948027
0.0949973
0.0976866
0.101513
0.0956934
0.0987925
0.0913011
0.0963983
0.0786181
0.0803086
0.0774804
0.0752178
0.0650173
0.0682642
0.074556
0.0768298
0.0896135
0.0803037
0.0918898
0.0812923
0.0866368
0.086043
0.0934173
0.0988872
0.087907
0.0898204
0.0996029
0.0963346
0.0985745
0.0916997
0.089134
0.0990004
0.0790592
0.091098
0.0961476
0.0533163
0.0635936
0.070845
0.0673939
0.0690002
0.0536713
0.0544437
0.0485507
0.0635271
0.0517101
0.0567217
0.0894237
0.0699125
0.0709679
0.0766926
0.072159
0.0769025
0.0738504
0.06855
0.084987
0.0868908
0.0792192
0.0727917
0.0728403
0.0881396
0.0815177
0.100254
0.0981276
0.0763911
0.105195
0.0867457
0.0921954
0.096562
0.0980994
0.0981044
0.0912918
0.0876078
0.075449
0.0659385
0.0532634
0.0613026
0.0729289
0.0625051
0.0720304
0.0657524
0.0654781
0.0703573
0.0976451
0.106366
0.161125
0.207929
0.231739
0.289278
0.313893
0.310502
0.28177
0.21869
0.158043
0.0936413
0.0767326
0.0532965
0.0570729
0.0667102
0.0712901
0.0754007
0.0881956
0.0763101
0.0825074
0.0754108
0.0790753
0.0719075
0.0787224
0.0784699
0.0767606
0.0800074
0.0823294
0.0881951
0.109225
0.0765635
0.0723073
0.0670435
0.06509
0.0758804
0.0712196
0.0814346
0.0638334
0.0838097
0.0482478
0.0782192
0.0776165
0.0724905
0.081258
0.0623787
0.0701106
0.080111
0.102317
0.0968054
0.0927272
0.0842197
0.0960337
0.0950183
0.0995219
0.0925875
0.0963478
0.0818368
0.0672592
0.0660545
0.0770789
0.0725436
0.0689686
0.0814844
0.0711324
0.0720671
0.0643542
0.0726712
0.0582588
0.0843257
0.0652528
0.0668673
0.063928
0.0862594
0.0685642
0.0732834
0.070025
0.051365
0.0697829
0.0821388
0.0736114
0.0522652
0.0667725
0.0661329
0.0910256
0.0667672
0.0750473
0.0640528
0.0754036
0.0760244
0.0668015
0.0713657
0.0726624
0.0701087
0.0931607
0.0804594
0.0610637
0.0748766
0.0616546
0.0472688
0.0620787
0.0716784
0.0615588
0.0661081
0.0767718
0.0521417
0.0574304
0.0634949
0.0496154
0.0621399
0.0864811
0.0700514
0.050561
0.0399488
0.074238
0.0369032
0.0684937
0.0743479
0.0801427
0.0776014
0.0532971
0.0532566
0.0555514
0.0517877
0.0714712
0.0538449
0.0692681
0.0673524
0.0784538
0.0835097
0.0573892
0.0396986
0.0526358
0.0768953
0.0471012
0.0593716
0.0637928
0.0677246
0.0829339
0.0659603
0.0674008
0.0581961
0.0557142
0.0660906
0.0590465
0.06923
0.0559027
0.0555516
0.0455877
0.0745285
0.0663947
0.0637201
0.0462595
0.0710251
0.0569439
0.0625792
0.0549554
0.078812
0.0595797
0.0696142
0.0675968
0.0602788
0.0829256
0.0666549
0.0715611
0.0685536
0.0574871
0.0652465
0.0471162
0.0526796
0.0559417
0.0540606
0.0652467
0.0542774
0.0584413
0.0568297
0.0761485
0.0540449
0.0527699
0.0515459
0.055806
0.079875
0.0432173
0.056037
0.0611886
0.0170668
0.0789864
0.0809047
0.0635592
0.0634287
0.0715974
0.0733742
0.0801524
0.0737113
0.0726355
0.0702661
0.0625472
0.0772791
0.0678988
0.0522646
0.0795324
0.0300147
0.0540238
0.0747129
0.0550728
0.0739511
0.062764
0.0515027
0.0493932
0.0689446
0.0529184
0.0517115
0.0557432
0.0537371
0.0518452
0.0332017
0.0477982
0.0512423
0.0639504
0.0451784
0.0405443
0.0474465
0.0433723
0.0476906
0.0416205
0.0497835
0.0466182
0.0454324
0.0563806
0.0502103
0.0452458
0.045408
0.0473301
0.0408967
0.0487418
0.0466018
0.0654081
0.0527922
0.0457811
0.0493254
0.0510279
0.0526537
0.052043
0.0454946
0.0420048
0.0348145
0.0561986
0.043058
0.0442525
0.0741195
0.0605296
0.058045
0.0606906
0.0455685
0.0567718
0.0518068
0.0622685
0.0557989
0.0491907
0.0659613
0.0452846
0.0390843
0.0548204
0.0428219
0.0476679
0.0403312
0.0393853
0.043496
0.0360864
0.0470161
0.0639512
0.0553623
0.0534311
0.0386799
0.0538809
0.0202515
0.0382678
0.0530316
0.0375398
0.052941
0.0522419
0.0510486
0.0774085
0.0492581
0.0628774
0.0538678
0.0488178
0.0750078
0.0484387
0.047722
0.047377
0.0273042
0.0509727
0.0406929
0.0498227
0.042351
0.0602353
0.0381549
0.0481283
0.0694742
0.0375823
0.0510513
0.0749384
0.0644923
0.0477602
0.0640574
0.07305
0.0519931
0.043839
0.0471599
0.0438488
0.0601177
0.0678906
0.0642101
0.0403596
0.048852
0.0623597
0.0728422
0.053011
0.0316059
0.0623421
0.0510794
0.0351126
0.077839
0.04808
0.0794705
0.073178
0.050134
0.0297336
0.059983
0.0632925
0.0421838
0.0752639
0.0467899
0.0502815
0.0481229
0.0664623
0.0452663
0.0724932
0.0449385
0.048315
0.0643863
0.0686956
0.0555983
0.0641539
0.0284125
0.0291721
0.0646319
0.0354885
0.0563651
0.0401331
0.0499881
0.054884
0.0517276
0.0391052
0.053726
0.0708839
0.0554335
0.0529793
0.0682489
0.0565631
0.0558921
0.0545054
0.0448452
0.0524118
0.0604167
0.0507402
0.0461282
0.0497344
0.0445241
0.0469535
0.0466002
0.0502141
0.0480748
0.0468302
0.0529801
0.0553176
0.0415775
0.0517368
0.0543534
0.0512667
0.0490563
0.0530341
0.0494737
0.0494321
0.0474272
0.0439249
0.0380951
0.0471908
0.0382152
0.0448864
0.0381625
0.0448025
0.0457195
0.0458542
0.0456086
0.0442873
0.0480181
0.0425971
0.0422767
0.041664
0.0503378
0.0444831
0.0513149
0.0434045
0.0337653
0.0430873
0.048221
0.0440146
0.0412998
0.0440133
0.0416965
0.0403666
0.0418374
0.0472347
0.0415659
0.0385035
0.0487293
0.0441427
0.0351839
0.0380053
0.0429545
0.0401056
0.0416013
0.0438104
0.0499862
0.0324966
0.0371525
0.0457169
0.0409515
0.0389395
0.0512292
0.0475335
0.0432184
0.0446111
0.0480461
0.0466566
0.0477605
0.0467908
0.044698
0.0358862
0.0487455
0.0447967
0.0486982
0.0387394
0.0417565
0.0463636
0.0478748
0.0479113
0.0448272
0.0469574
0.0444284
0.0355416
0.0500298
0.0432315
0.0456843
0.044278
0.0464455
0.0402978
0.0483842
0.0444083
0.0394663
0.042607
0.0409639
0.0427473
0.05117
0.0423964
0.0441767
0.0411561
0.0373324
0.0335228
0.0428791
0.0474822
0.0475361
0.0408729
0.0411938
0.0422742
0.0568112
0.0489726
0.0454802
0.0444902
0.0418658
0.0399272
0.0443933
0.0493769
0.0486621
0.0348161
0.0392695
0.0393752
0.0468451
0.0355628
0.0436711
0.0523804
0.0413218
0.046784
0.0374288
0.0438009
0.0463444
0.0488797
0.0531044
0.0390133
0.0423281
0.0491382
0.0493885
0.0407893
0.0441545
0.039676
0.0442529
0.0458639
0.0411314
0.0455427
0.0424619
0.0529971
0.0475939
0.0397756
0.0390273
0.0462507
0.0384581
0.0377868
0.0435945
0.0386663
0.0348932
0.0416515
0.0512195
0.0614366
0.0440151
0.0524548
0.0429801
0.0650813
0.0443253
0.0421468
0.0321355
0.049164
0.0411267
0.0518885
0.0535514
0.0374768
0.0445203
0.0454466
0.0562604
0.0541183
0.0516164
0.0502923
0.0504076
0.0582305
0.0360739
0.0408622
0.0570724
0.049841
0.0578645
0.0512875
0.0476643
0.0550903
0.0463338
0.0540015
0.0405962
0.0559568
0.0475834
0.0529119
0.0361199
0.0297522
0.0468328
0.0538805
0.0590291
0.0432554
0.0485601
0.052039
0.0395311
0.0481731
0.0543533
0.0373566
0.0451315
0.0371062
0.0342588
0.0495585
0.0619812
0.0491959
0.0390228
0.041119
0.0557845
0.0471368
0.0565759
0.0537212
0.0478275
0.0439012
0.0584707
0.0422937
0.0580361
0.0383997
0.0391672
0.0515836
0.0555035
0.05092
0.0462725
0.0363338
0.0427662
0.0551136
0.0420553
0.0385101
0.0433302
0.0538586
0.0479646
0.037483
0.0475391
0.0390444
0.0521914
0.039079
0.0388088
0.0406371
0.050106
0.0417258
0.0511498
0.0474596
0.0408736
0.0500455
0.0425496
0.0452559
0.049051
0.0364052
0.0396442
0.0418646
0.043191
0.0412114
0.0322825
0.0417131
0.048262
0.0448993
0.030701
0.0431555
0.0422508
0.051693
0.0580345
0.062542
0.0443851
0.0404762
0.0494117
0.045845
0.036346
0.0327257
0.0393874
0.0426099
0.0454403
0.0305137
0.0487839
0.0394337
0.0432537
0.0511671
0.0436505
0.0433518
0.0432987
0.0397301
0.0425048
0.0391342
0.0469956
0.0458482
0.0512912
0.0445802
0.0462274
0.0470619
0.0398129
0.0418004
0.0530847
0.0370688
0.0479665
0.0554205
0.0505641
0.0489378
0.0390913
0.0485573
0.0304962
0.0365873
0.0444172
0.0461792
0.045259
0.0353227
0.0416093
0.0339552
0.0361887
0.0473163
0.0418066
0.037658
0.0522205
0.0476034
0.0490085
0.0444741
0.0447533
0.0387163
0.0431998
0.0430778
0.0434776
0.0391802
0.0373004
0.0456152
0.0477898
0.0403514
0.0525125
0.0503556
0.0459838
0.0487171
0.0501655
0.0482129
0.0446052
0.0418462
0.0511201
0.0455097
0.0491108
0.0451074
0.0402692
0.0443456
0.046159
0.049349
0.0425983
0.046161
0.0507492
0.0478277
0.0482428
0.0498267
0.0493358
0.0511963
0.0490798
0.0571656
0.0506544
0.0729716
0.0884272
0.143014
0.267714
0.397757
0.453115
0.4617
0.433741
0.363656
0.21178
0.11286
0.0845409
0.0556003
0.0541879
0.0489577
0.0524252
0.0481688
0.0477291
0.0503685
0.0502714
0.0455007
0.050338
0.0409721
0.0478757
0.0461525
0.0401409
0.0486024
0.0442009
0.0413235
0.0416759
0.0405365
0.0401135
0.0439148
0.0434873
0.0506961
0.0397134
0.0467715
0.0567827
0.0453575
0.0544843
0.05185
0.0485761
0.0546467
0.0479452
0.0563386
0.0485699
0.0528132
0.0463026
0.0541061
0.0550176
0.0502762
0.0427817
0.0461526
0.0459373
0.0478137
0.0423745
0.0425885
0.048848
0.0484233
0.0436224
0.0551723
0.0459343
0.0450547
0.0452906
0.0435365
0.0459123
0.0457975
0.0477849
0.0498018
0.0565862
0.0509104
0.0466682
0.050888
0.0397502
0.041307
0.038098
0.055157
0.0595642
0.0480851
0.0559325
0.0503014
0.0408795
0.0381321
0.0513324
0.0489227
0.0481968
0.0423772
0.0466667
0.0521662
0.0528786
0.0439033
0.0463657
0.0383994
0.0394948
0.044535
0.0458382
0.0502801
0.0382273
0.0444177
0.0438047
0.0426184
0.0429831
0.0397551
0.0436181
0.0333338
0.0498853
0.0362808
0.0506175
0.0407257
0.0343128
0.0459782
0.0521716
0.0309532
0.0376029
0.0369391
0.0481518
0.0563446
0.0303021
0.0437979
0.0720781
0.0386171
0.0464675
0.039547
0.0352526
0.0493337
0.0559182
0.0404139
0.0564563
0.0458452
0.0411927
0.0462695
0.0419973
0.0353839
0.0463818
0.0403618
0.0391162
0.0566209
0.0428792
0.0506029
0.0350432
0.0502108
0.03208
0.0444565
0.0455948
0.0535257
0.0409829
0.0449079
0.0431344
0.0677445
0.0344003
0.0329237
0.0445046
0.0308346
0.0492122
0.0415055
0.0444948
0.0306631
0.0213191
0.0241494
0.0288494
0.039861
0.0424646
0.0491275
0.00570548
0.0392566
0.046851
0.0335197
0.0256882
0.0381603
0.0391094
0.0640015
0.0483921
0.0579774
0.0468315
0.0343707
0.0548623
0.048668
0.0763719
0.0766286
0.0485186
0.0784599
0.0398939
0.0545324
0.0597506
0.0463662
0.0286099
0.0595158
0.0377123
0.0548661
0.0314137
0.0525598
0.0316998
0.0648135
0.0565013
0.0442641
0.05071
0.0474483
0.073592
0.0401401
0.0567058
0.0529361
0.032358
0.052312
0.016925
0.0163902
0.0430023
0.0392149
0.0443675
0.0450785
0.0500975
0.0440978
0.0281102
0.0396905
0.0685694
0.0387924
0.0247641
0.0451707
0.0475832
0.0447675
0.0449095
0.0470752
0.045757
0.064029
0.0331298
0.0626808
0.0546813
0.0744482
0.0561991
0.0369613
0.0430051
0.0348647
0.0555487
0.0401815
0.0386286
0.0425471
0.0449388
0.0496703
0.0550654
0.0548146
0.0370247
0.0487329
0.0388234
0.0600946
0.0498528
0.0529479
0.040637
0.0633976
0.0559019
0.0515692
0.0542315
0.0677507
0.0463274
0.0542884
0.0738352
0.0670763
0.055378
0.068953
0.0770705
0.0788641
0.08378
0.0892654
0.0920629
0.0774914
0.079908
0.0731729
0.0558065
0.058589
0.0518792
0.0431276
0.0521456
0.0534578
0.0179094
0.0373115
0.0514005
0.038088
0.0317037
0.0461578
0.0317913
0.0405409
0.0348147
0.0511273
0.043462
0.0555454
0.0448789
0.0480879
0.0513454
0.0371483
0.0627515
0.0493727
0.0391258
0.0479274
0.0549535
0.0380206
0.0522815
0.0513178
0.0328624
0.0419289
0.0530992
0.056356
0.0308729
0.037648
0.0311399
0.040437
0.0471225
0.0496187
0.044589
0.0432441
0.0518226
0.0461648
0.0370114
0.042762
0.0451512
0.0528081
0.0456452
0.0429567
0.0386954
0.0495642
0.0503682
0.0519084
0.0477921
0.0398565
0.0462563
0.0610946
0.0580228
0.045646
0.041586
0.0435916
0.0490212
0.0531262
0.0396767
0.0439724
0.0439106
0.0527533
0.0459731
0.0527253
0.0546397
0.0459986
0.0599068
0.0529729
0.0451602
0.0481984
0.0527606
0.0455529
0.0505032
0.0475433
0.0453241
0.0521521
0.0476417
0.0552301
0.0487511
0.0463991
0.0464115
0.0390454
0.0534232
0.0461995
0.0461351
0.0451625
0.0420952
0.0459951
0.0530656
0.0446141
0.0534667
0.0545023
0.0531975
0.0562648
0.0580862
0.0605605
0.0520669
0.061088
0.0648059
0.0455421
0.0648171
0.0582071
0.0682456
0.0779349
0.0732125
0.0771702
0.0795979
0.0763804
0.0655126
0.0666986
0.0616151
0.0556852
0.0598211
0.0440348
0.0392487
0.0551396
0.0380166
0.0425471
0.041191
0.049007
0.0467135
0.0416014
0.0465172
0.0469548
0.0460123
0.0549528
0.0538765
0.0448989
0.0466392
0.0554262
0.0499455
0.0437014
0.0458474
0.0561779
0.0484881
0.0607946
0.0489973
0.0589348
0.0548258
0.0585364
0.0690791
0.0647284
0.0661038
0.0680366
0.0774412
0.072964
0.0800694
0.0741418
0.0838244
0.0779926
0.0731245
0.0634336
0.0553915
0.0567497
0.0490504
0.0502399
0.0530309
0.0498088
0.0620547
0.0509494
0.0645057
0.0544478
0.0567629
0.0531501
0.0601665
0.0559022
0.059345
0.059811
0.0468194
0.0473693
0.066869
0.057027
0.0599607
0.0625633
0.0526616
0.0586015
0.0640385
0.0605269
0.056191
0.0643902
0.0675401
0.0595605
0.0588061
0.0644807
0.0683091
0.0728139
0.0686546
0.0751051
0.0746459
0.0784986
0.0720968
0.0723577
0.0698733
0.0619735
0.0513149
0.0596119
0.0643668
0.0515666
0.0512454
0.050924
0.0499501
0.0590086
0.0646593
0.0486732
0.0569275
0.0429794
0.0478803
0.0493758
0.0545275
0.0371153
0.049831
0.036856
0.0654932
0.0374647
0.0438636
0.0522471
0.0497456
0.045438
0.054315
0.0493314
0.0431916
0.0444729
0.0405377
0.0534336
0.0463606
0.0531642
0.0428226
0.0536805
0.0335967
0.038123
0.0421551
0.0516653
0.0450104
0.0520493
0.0431779
0.059234
0.0524906
0.04225
0.0352021
0.050567
0.0494306
0.0460777
0.041984
0.047044
0.03794
0.046934
0.0441639
0.0375358
0.0410301
0.0411779
0.0453536
0.04105
0.0430483
0.0411776
0.0449102
0.0418278
0.0497482
0.0548195
0.0636344
0.0632749
0.0655177
0.0675109
0.0772822
0.0769881
0.0760946
0.0845565
0.0750229
0.0861002
0.0783626
0.0739265
0.0872411
0.0745077
0.0695152
0.0742414
0.0698155
0.0875857
0.0701591
0.0783679
0.0610065
0.0773362
0.0579988
0.0670802
0.0642627
0.0587953
0.0799866
0.0742394
0.0662256
0.0586377
0.080716
0.0630099
0.0764118
0.0666948
0.0690637
0.0485421
0.0544052
0.0507201
0.0764824
0.0709605
0.0745345
0.0721332
0.0634746
0.0760485
0.0728288
0.057557
0.0685009
0.0965506
0.0807577
0.0825646
0.0910895
0.0986772
0.0945498
0.0812404
0.0899111
0.0803735
0.0777228
0.0800052
0.0818639
0.0893769
0.0490995
0.0758401
0.0793174
0.0788747
0.0672889
0.0420691
0.0439675
0.0756617
0.0158557
0.0499976
0.0425183
0.10469
0.0719807
0.0679853
0.0721257
0.0454781
0.0585526
0.0783736
0.0504615
0.0843901
0.0406199
0.05511
0.0913136
0.10704
0.0678744
0.0822684
0.120538
0.0814869
0.0646628
0.0994321
0.0709294
0.0830046
0.0779655
0.0910961
0.104203
0.0807868
0.088813
0.10085
0.0948399
0.101267
0.0779421
0.0998259
0.0979174
0.0996548
0.0945451
0.0855686
0.0812594
0.0906832
0.0820833
0.0768473
0.0802997
0.0967388
0.073471
0.0594321
0.0281109
0.0552884
0.0541526
0.0516339
0.0562711
0.043885
0.0736887
0.0576019
0.0446529
0.0485761
0.0372075
0.0418571
0.0673562
0.0549662
0.0877553
0.0436937
0.0539002
0.0567154
0.0405202
0.0454056
0.0835933
0.0678731
0.101
0.0856777
0.054848
0.0552615
0.0782419
0.0801687
0.0773779
0.104072
0.0906278
0.0873288
0.0728336
0.093895
0.0970684
0.0867687
0.0744421
0.0871954
0.0890786
0.0764676
0.0879853
0.0905186
0.0753345
0.0858661
0.104337
0.0783639
0.104292
0.0672531
0.0842384
0.0996447
0.0941562
0.062553
0.0780931
0.0509811
0.0573026
0.0546769
0.0492011
0.0867436
0.0603645
0.0378423
0.0644399
0.0215724
0.0501792
0.0794327
0.0992955
0.0613493
0.0761202
0.0903443
0.0665934
0.0869759
0.0937545
0.088774
0.110075
0.0265015
0.100013
0.0749503
0.0558451
0.102288
0.0491049
0.0377343
0.0680055
0.0669832
0.0474644
0.0570797
0.0723199
0.0247872
0.0707526
0.0630634
0.0707755
0.050459
0.0345663
0.0381858
0.0471792
0.0710932
0.0748597
0.0981562
0.0511435
0.0242009
0.0662143
0.0504269
0.0600178
0.0871288
0.0900794
0.105683
0.0496304
0.0697834
0.0788337
0.0706643
0.105298
0.0595066
0.0476278
0.0692511
0.0711348
0.0540334
0.0509424
0.096655
0.0733333
0.0653462
0.119342
0.0718746
0.0783481
0.0719551
0.0457425
0.0611342
0.0296107
0.0816853
0.120982
0.0872253
0.0343108
0.0706117
0.0634834
0.0153685
0.0293823
0.0416839
0.00719495
0.0370179
0.0155026
0.0362114
0.0734521
0
0.0401332
0.0133788
0.0587465
0.0400796
0.0916471
0.0348312
0.0370723
0.0560113
0.0662483
0.0623414
0.05247
0.0343769
0.0398636
0.116499
0.0495172
0.0530676
0.0568883
0.0582437
0.0507766
0.0427319
0.0851864
0.109417
0.056032
0.068455
0.0644317
0.0740898
0.0764631
0.100906
0.0437356
0.0882023
0.109298
0.0998551
0.105985
0.0883124
0.084016
0.0903243
0.0903472
0.0856123
0.0693289
0.121458
0.0357692
0.0477744
0.0780141
0.0874215
0.0124156
0.0846099
0.061861
0.0700701
0.0470943
0.0871213
0.0733247
0.0548087
0.0631056
