0.0835503
0.0836686
0.0860369
0.0779551
0.0927447
0.0883276
0.0929967
0.0921279
0.0880053
0.0920396
0.094954
0.0927502
0.091326
0.0970331
0.100459
0.0940732
0.0969896
0.093777
0.090788
0.0887759
0.0856798
0.0879186
0.0890884
0.0907007
0.102065
0.0987839
0.102223
0.103421
0.100999
0.104145
0.101374
0.103678
0.101008
0.0995907
0.102915
0.103254
0.0985621
0.0993058
0.095119
0.093212
0.0980157
0.0966183
0.0930753
0.102671
0.0974382
0.102171
0.100896
0.0974009
0.106921
0.104942
0.106768
0.108171
0.112809
0.113564
0.113316
0.112627
0.104817
0.101978
0.0966983
0.0944149
0.0918446
0.0821513
0.0765152
0.0725399
0.0846203
0.0782088
0.0868581
0.0763303
0.0795639
0.084518
0.0913334
0.0969606
0.0875715
0.0852936
0.0768536
0.0881502
0.0894337
0.0913158
0.0856147
0.088378
0.0839582
0.0830081
0.0846214
0.0862077
0.0848709
0.0922103
0.0843895
0.0938447
0.0920699
0.0938771
0.0949509
0.0897103
0.0968902
0.094056
0.0953123
0.0933127
0.0905817
0.0996697
0.0945815
0.0907191
0.0999286
0.0997593
0.0988498
0.096744
0.0991006
0.0962274
0.0923728
0.0993751
0.101942
0.0973129
0.101042
0.100563
0.100549
0.0998584
0.0914771
0.0920195
0.0956459
0.0887624
0.0879778
0.077406
0.0936347
0.0821153
0.100505
0.0977676
0.0908792
0.0945772
0.0994955
0.097203
0.10275
0.10466
0.103724
0.104497
0.105336
0.108927
0.10998
0.10718
0.101044
0.103927
0.092052
0.0929569
0.0895345
0.0862652
0.0774412
0.076211
0.0934257
0.0864694
0.0831152
0.0845616
0.10161
0.0941865
0.0906225
0.0944397
0.0987851
0.10155
0.101157
0.102721
0.103121
0.104802
0.104667
0.107108
0.104559
0.106023
0.0983711
0.100639
0.0928069
0.0948156
0.0934213
0.0900616
0.0876933
0.0918596
0.0845262
0.0910625
0.0964592
0.0911012
0.092188
0.0900063
0.0877054
0.0853662
0.088437
0.086147
0.0839822
0.0737857
0.0731131
0.0666917
0.085653
0.083438
0.0829711
0.0855845
0.0935301
0.0912133
0.0878831
0.0913641
0.0901493
0.0953691
0.0954182
0.093799
0.0932921
0.0834707
0.0834728
0.078744
0.0821932
0.0608409
0.0724216
0.0732231
0.0777695
0.0745908
0.0870537
0.0825076
0.0771349
0.0873189
0.0833609
0.0949002
0.0873459
0.0968729
0.0956208
0.0952122
0.0964751
0.0934332
0.0943588
0.0889692
0.0967269
0.0907145
0.0931902
0.0807077
0.0700566
0.0747595
0.0736544
0.0651686
0.0705755
0.0840605
0.0740487
0.0749224
0.0759242
0.0890833
0.0893442
0.0840615
0.0873248
0.0858254
0.0915455
0.0929501
0.0900654
0.102098
0.0954128
0.101139
0.100382
0.100005
0.102536
0.0994183
0.0989525
0.0981214
0.0973447
0.0921713
0.096501
0.0876602
0.099931
0.0698356
0.0748367
0.0771329
0.0626972
0.0609056
0.0770005
0.0736261
0.0777297
0.0697546
0.0704805
0.0722922
0.0769192
0.0839835
0.0788377
0.0896132
0.084611
0.0957231
0.0892476
0.104203
0.101772
0.102491
0.0996043
0.100138
0.105146
0.101558
0.102836
0.100128
0.0895848
0.0876767
0.084783
0.0900868
0.0877904
0.0885997
0.0767382
0.0727399
0.0629578
0.0766007
0.0625613
0.0811322
0.0698811
0.0680097
0.0707329
0.0695465
0.0742379
0.0706453
0.0726136
0.0838225
0.0722127
0.0912986
0.0816014
0.0873824
0.0965299
0.0835209
0.0843357
0.0886132
0.0838429
0.0789693
0.090887
0.0932022
0.0760746
0.0509902
0.0660559
0.0626752
0.0652589
0.0523042
0.0671467
0.0693161
0.0691128
0.0650746
0.0738577
0.0684688
0.0783023
0.0593561
0.0803704
0.0724213
0.0837506
0.0758473
0.0923321
0.0720447
0.0911111
0.092519
0.0898911
0.0947601
0.0851167
0.0833626
0.09081
0.0871025
0.0820465
0.0721457
0.0676735
0.0701869
0.0596342
0.0672776
0.061182
0.0536576
0.0460408
0.0570913
0.0673384
0.0593492
0.0519239
0.0730545
0.0672556
0.0681959
0.0701653
0.0756182
0.0801265
0.0670802
0.0780815
0.0687605
0.0838666
0.0857586
0.0669596
0.0852241
0.080845
0.089751
0.0825173
0.0938142
0.0875094
0.0910601
0.100647
0.0931097
0.0845077
0.0849168
0.0763597
0.070066
0.0599552
0.0548479
0.0739851
0.0521682
0.0604043
0.0550552
0.0592908
0.0647566
0.0588423
0.0611357
0.0673884
0.0812844
0.0743302
0.0837732
0.0625438
0.0727584
0.0823352
0.071354
0.0699559
0.0831446
0.0830374
0.0870702
0.085002
0.0802842
0.0896887
0.096596
0.0850163
0.0936568
0.0881679
0.0853814
0.0840464
0.0856814
0.0832437
0.0974286
0.0852197
0.084254
0.0767554
0.0741947
0.0862246
0.0680299
0.0763236
0.0664791
0.0551474
0.0694573
0.0863574
0.0785102
0.0751338
0.0797061
0.0848187
0.0771721
0.0916881
0.0909176
0.0818891
0.0864867
0.096207
0.0905463
0.0873047
0.0776538
0.0869102
0.097103
0.0781927
0.0776146
0.0847676
0.0520214
0.0701888
0.0603359
0.0750684
0.0683715
0.0499475
0.0538716
0.0643918
0.0523561
0.059377
0.0511357
0.0750743
0.0755315
0.0640835
0.0747039
0.0678768
0.0738721
0.0540198
0.0597317
0.0939679
0.0763049
0.073449
0.0641914
0.0718907
0.0753502
0.0686167
0.0925745
0.088972
0.0671655
0.0824391
0.0903419
0.0847842
0.0873982
0.0856685
0.0938964
0.0794529
0.0726263
0.0715612
0.0584883
0.0538551
0.0607036
0.0497975
0.0663308
0.0776148
0.0373259
0.0618633
0.0752219
0.0818109
0.107324
0.155048
0.209744
0.238116
0.263077
0.293183
0.30472
0.273831
0.1985
0.14739
0.106911
0.071521
0.0559148
0.0623343
0.0719029
0.077479
0.0759915
0.099741
0.0805911
0.073843
0.0661878
0.0701671
0.0743802
0.067035
0.0744482
0.0740262
0.073586
0.075953
0.0868779
0.0906673
0.068636
0.0818835
0.0701256
0.0641268
0.0705436
0.0814449
0.0649807
0.0552975
0.0835693
0.0617568
0.0730502
0.0716183
0.0590943
0.0737324
0.0587782
0.0714852
0.0649107
0.0904248
0.0794656
0.0845859
0.0809694
0.0815592
0.0740248
0.0743098
0.0664292
0.0868204
0.078157
0.0461253
0.0702533
0.0738252
0.0734861
0.0649492
0.0719731
0.0689969
0.0693952
0.0504636
0.0622713
0.0624719
0.0794743
0.068308
0.0692645
0.0632969
0.0615359
0.0723417
0.0606646
0.0730317
0.0522357
0.0576483
0.0733101
0.0604992
0.0502795
0.0530551
0.0625557
0.0777868
0.0731348
0.0612394
0.0631898
0.0836595
0.062197
0.066755
0.0832234
0.0704193
0.0725942
0.0759979
0.0855908
0.0687178
0.0639135
0.071263
0.050793
0.0651307
0.0611129
0.0501229
0.0698621
0.0668304
0.0357054
0.0740328
0.0626684
0.0580649
0.0553096
0.0708193
0.0812281
0.068356
0.0586271
0.0604608
0.0411628
0.0694309
0.0724016
0.076409
0.0839866
0.066665
0.0426352
0.0620471
0.0506989
0.0697713
0.0649745
0.0667434
0.052785
0.0684769
0.0674918
0.0341098
0.0535015
0.048901
0.0735812
0.0456084
0.0470028
0.0530002
0.0736639
0.0732431
0.0678602
0.0649317
0.0453201
0.0649518
0.0620077
0.0794989
0.0704124
0.0484976
0.0360308
0.0389636
0.0644546
0.051849
0.0521008
0.050336
0.0672709
0.0524147
0.0580334
0.0598967
0.070376
0.074396
0.0637595
0.0727218
0.059216
0.0762822
0.0592513
0.0786404
0.0701742
0.0791898
0.0468636
0.0596302
0.0828407
0.0565173
0.0531394
0.0661912
0.0658289
0.0575579
0.0491961
0.0792245
0.068288
0.0476369
0.0612244
0.0727982
0.0696203
0.0328342
0.0831537
0.0653516
0.0390969
0.0597918
0.0629285
0.0617672
0.0553957
0.090521
0.0462395
0.0611675
0.0745739
0.0638068
0.0870797
0.0513685
0.0620797
0.0544895
0.0367009
0.0480581
0.0199545
0.0493975
0.052998
0.0463613
0.0626464
0.0550859
0.0435655
0.0485017
0.0734456
0.0536548
0.0500287
0.0465222
0.0557986
0.0566457
0.0487993
0.0435617
0.0515392
0.0492539
0.0333047
0.0460495
0.0440836
0.036098
0.0388225
0.0251686
0.0399392
0.0480366
0.0445252
0.0462351
0.0504815
0.0444222
0.0447112
0.0528578
0.046228
0.047645
0.0418565
0.0555105
0.0346706
0.0259896
0.0438293
0.04378
0.0465904
0.043761
0.0375499
0.0460196
0.0427572
0.0522885
0.043434
0.0375711
0.0666315
0.0532641
0.0488302
0.0545865
0.0379397
0.0380576
0.0453839
0.0539732
0.05519
0.0363047
0.0375285
0.0380418
0.0473915
0.0463769
0.0358344
0.0563916
0.0488124
0.0328265
0.0516941
0.0458444
0.0535884
0.0461196
0.0433216
0.0363978
0.0407624
0.0506417
0.0211459
0.0400928
0.0637478
0.0397408
0.0453481
0.0571301
0.0598131
0.0740864
0.0626684
0.0517891
0.0630291
0.0595608
0.0403851
0.0478813
0.0449444
0.0439669
0.0239419
0.0688233
0.0437977
0.0461646
0.0512261
0.0396091
0.0544968
0.0590473
0.0584973
0.0422018
0.0390177
0.0598296
0.0513316
0.0375822
0.0642293
0.0528857
0.0358299
0.0578349
0.0620803
0.0484247
0.0586749
0.073674
0.0644473
0.0635144
0.0650705
0.0479757
0.072108
0.0619353
0.0432999
0.0761953
0.0446237
0.031473
0.0793481
0.0320783
0.0817952
0.0655362
0.0295903
0.0371092
0.0670677
0.0774273
0.0427441
0.0820714
0.0657207
0.0439075
0.0511096
0.0575897
0.0486461
0.0779532
0.0384783
0.0529668
0.0703564
0.0420237
0.0677603
0.0675343
0.0254405
0.0834946
0.0466258
0.0345857
0.0689864
0.0522894
0.055344
0.0435455
0.0578993
0.0296063
0.0717974
0.0596183
0.0562927
0.060838
0.0563679
0.0455313
0.0550056
0.0542226
0.0429263
0.0432117
0.0370928
0.0419514
0.0374152
0.0416789
0.0411268
0.0409855
0.0378713
0.0372159
0.047108
0.0467327
0.0402122
0.0487893
0.0401945
0.0393893
0.0448552
0.0411842
0.0473907
0.0431863
0.0430796
0.0489038
0.039849
0.0383088
0.0224616
0.0372419
0.0339374
0.0354717
0.0264612
0.0350606
0.0352607
0.0360851
0.0370822
0.0289833
0.0390223
0.0372179
0.0447299
0.035785
0.0424588
0.0386116
0.0481735
0.0279763
0.0311699
0.0357098
0.0429663
0.0332911
0.0398087
0.0386154
0.0334164
0.0351825
0.0318942
0.0343744
0.029237
0.0339296
0.0393371
0.0411627
0.0323064
0.0289319
0.036509
0.0367422
0.035518
0.0383315
0.036805
0.0347546
0.0374897
0.0359529
0.0254193
0.0284977
0.0428222
0.0367197
0.0465655
0.0405165
0.0403889
0.0357514
0.0357631
0.0382766
0.0375654
0.0390201
0.0416358
0.0396171
0.0342617
0.0393741
0.0385754
0.036196
0.0397944
0.0360686
0.0339191
0.0441579
0.0440968
0.0296375
0.0397355
0.0245238
0.029079
0.0333026
0.0344732
0.0359685
0.0405419
0.0427346
0.0394562
0.0388834
0.0441779
0.0386031
0.0422944
0.0310612
0.0335729
0.0384697
0.0365949
0.0314155
0.0420402
0.0453577
0.0480473
0.040303
0.0345304
0.0452225
0.0412347
0.038479
0.0355804
0.0335374
0.0403143
0.0401927
0.0347786
0.0403271
0.0332411
0.0270948
0.0327595
0.0417184
0.0515118
0.0354623
0.033696
0.0400606
0.0325703
0.0491367
0.0319951
0.0416279
0.0321722
0.0317756
0.0442823
0.0405655
0.0421878
0.0419721
0.0362139
0.0376036
0.0378354
0.0299643
0.0353413
0.0367917
0.0429294
0.0461751
0.0369344
0.0388771
0.0391364
0.0366317
0.0335843
0.0414648
0.0338474
0.0333497
0.0578017
0.0375958
0.0387539
0.0389867
0.0492886
0.0435329
0.0444206
0.0283204
0.0367555
0.0533471
0.0363216
0.0430088
0.0339694
0.0407172
0.0430415
0.0502773
0.0493137
0.0328338
0.0517586
0.0387272
0.0584007
0.0408579
0.0593242
0.0412951
0.0513545
0.0364575
0.0447307
0.0499937
0.0447548
0.0378156
0.0444366
0.043991
0.0454993
0.0336626
0.0395556
0.0588182
0.0518923
0.0530546
0.0395918
0.0593473
0.032473
0.0211474
0.0481772
0.0503768
0.0476851
0.0450652
0.0487778
0.0362776
0.0306128
0.0513553
0.0504894
0.0451182
0.0391189
0.055632
0.027419
0.0480681
0.0314061
0.0486404
0.0452619
0.0374377
0.0420317
0.0321864
0.038423
0.0533587
0.0502101
0.0247824
0.0552944
0.0346171
0.051273
0.0300565
0.0372454
0.0515492
0.0425499
0.0407048
0.0431408
0.0353083
0.0417332
0.0567879
0.0407175
0.0416943
0.03557
0.045842
0.0593529
0.0466391
0.0333504
0.046603
0.0459371
0.0367869
0.042275
0.0323771
0.0433605
0.0446759
0.0393032
0.0323081
0.035826
0.0425188
0.0394378
0.0308746
0.0481297
0.0364702
0.0375929
0.0396421
0.0327283
0.0263994
0.0313207
0.0367486
0.0379963
0.044472
0.0359119
0.0436911
0.0417125
0.0386404
0.041593
0.0518975
0.0409927
0.0466601
0.0371042
0.0319779
0.0414181
0.0363165
0.0277368
0.0406038
0.0318952
0.0303819
0.0380502
0.0402456
0.0323349
0.03627
0.0291307
0.033974
0.0387811
0.0326288
0.0425457
0.0333281
0.0411258
0.0374052
0.0403874
0.0402079
0.0332064
0.0456769
0.0406046
0.0393383
0.0374965
0.0297852
0.0435274
0.0343902
0.0390628
0.0369898
0.0423069
0.0392764
0.028966
0.0282451
0.0361742
0.0429241
0.0358727
0.0343596
0.037422
0.0370566
0.0296119
0.0328028
0.0382175
0.033455
0.0362398
0.0438789
0.0409741
0.0403686
0.0334513
0.037975
0.0378193
0.0316632
0.0331049
0.0388069
0.0290286
0.0430845
0.0386448
0.0437604
0.0327982
0.0518136
0.027577
0.0459151
0.041115
0.0407719
0.0355411
0.0401184
0.0448475
0.0398803
0.033517
0.0366005
0.0319968
0.0365899
0.0339177
0.0460815
0.0332052
0.0376552
0.0415087
0.0391471
0.0385991
0.0416289
0.0397079
0.0423168
0.0411475
0.0540852
0.0527136
0.0619047
0.0815568
0.123864
0.254914
0.375111
0.432673
0.433694
0.411061
0.33925
0.206358
0.0975363
0.06992
0.0534847
0.0445028
0.0377238
0.039799
0.0405258
0.0460167
0.040897
0.0401997
0.0424083
0.0422696
0.0365807
0.0389521
0.0359742
0.0371477
0.0375169
0.03558
0.0409439
0.0369431
0.0406029
0.032321
0.0355699
0.043734
0.0382788
0.0348042
0.045801
0.0483473
0.0466077
0.0434352
0.0531268
0.0503056
0.0544086
0.0469248
0.0512835
0.0442129
0.0416787
0.0392229
0.0417328
0.0482643
0.0441537
0.0363713
0.0401435
0.041591
0.0402289
0.0393614
0.0388848
0.0411078
0.0400005
0.0394528
0.0364855
0.0369874
0.0410068
0.0379404
0.0322558
0.0430685
0.0456195
0.037116
0.0395421
0.0492068
0.0467136
0.0362087
0.0515458
0.0346766
0.0423389
0.0369394
0.0374351
0.0523803
0.034429
0.0422134
0.0463243
0.041209
0.0373283
0.0431191
0.0471286
0.0493513
0.0384033
0.0395089
0.0438901
0.0414251
0.0350068
0.036399
0.0337024
0.028912
0.0351621
0.0397718
0.0430892
0.028362
0.0408387
0.0361665
0.0376575
0.034119
0.0376342
0.0378217
0.0303592
0.0444337
0.045803
0.0417177
0.0329479
0.0280791
0.0401945
0.0444945
0.0345375
0.0453582
0.0303207
0.0588744
0.0583344
0.0324721
0.044239
0.0566155
0.0378284
0.0410821
0.0390968
0.040185
0.0420787
0.0504375
0.0393701
0.0542222
0.0391778
0.0414744
0.0356819
0.0463942
0.0310879
0.04227
0.0423725
0.03103
0.0330329
0.0412518
0.0510321
0.0300752
0.0448848
0.0379581
0.0545615
0.0438677
0.0401429
0.0475442
0.0375985
0.0499543
0.0535981
0.0435601
0.0410465
0.0663034
0.0188118
0.0330559
0.072684
0.0456823
0.0351338
0.0314187
0.0394766
0.0467572
0.0465126
0.0570011
0.0718808
0.0263592
0.0406235
0.0508116
0.0669211
0.0201524
0.0435862
0.0324654
0.0577671
0.0552364
0.0636179
0.0446219
0.0543813
0.0564371
0.0331036
0.0551405
0.0818201
0.0620712
0.0603156
0.0478202
0.0744058
0.0546979
0.0452017
0.0390606
0.0714926
0.0697836
0.056738
0.0252262
0.0423946
0.0170127
0.053013
0.0870761
0.0671581
0.048798
0.0599598
0.0532205
0.0411533
0.0493971
0.04275
0.026836
0.0706218
0.0303625
0.0236993
0.0526836
0.045792
0.0563003
0.0481172
0.0303796
0.0603994
0.0578257
0.0456469
0.0826789
0.0403518
0.028842
0.0531712
0.043144
0.05
0.0494637
0.0308976
0.059508
0.0697968
0.0350562
0.0679854
0.034536
0.0606975
0.0846419
0.056423
0.0396784
0
0.0283087
0.0363168
0.0335243
0.0496316
0.0413161
0.0319533
0.0243114
0.0435556
0.0433729
0.0388456
0.0324484
0.0251345
0.0528199
0.0486645
0.034385
0.0509571
0.0473253
0.0709499
0.0483478
0.0489172
0.0497743
0.0470692
0.0553288
0.0501228
0.0497288
0.055886
0.0710929
0.0828706
0.0726636
0.0770674
0.0875998
0.0670804
0.068921
0.0573675
0.0608926
0.0399634
0.0586885
0.0423819
0.0622493
0.0445587
0.0293915
0.0372917
0.0649471
0.0379332
0.0413081
0.0432896
0.0509052
0.0447496
0.0363329
0.0435865
0.0341559
0.0462326
0.0486489
0.0523886
0.042239
0.0359611
0.0520872
0.0545259
0.0554236
0.0526794
0.0463671
0.0454262
0.0413744
0.0431135
0.0235895
0.0425841
0.0374438
0.0441223
0.0246476
0.0261559
0.0393013
0.0359169
0.037497
0.03615
0.0298905
0.0371433
0.0498295
0.0417106
0.0397838
0.0342412
0.0217958
0.0467804
0.0417247
0.0422523
0.0382333
0.0522822
0.0337821
0.04368
0.0414614
0.0331835
0.0404737
0.0487237
0.0582966
0.0466539
0.0369704
0.0246274
0.0556095
0.0448149
0.0416842
0.0397855
0.0493183
0.0506203
0.0653168
0.0455704
0.0373041
0.0489811
0.0597075
0.0491666
0.0385143
0.04863
0.0482346
0.0424278
0.0489268
0.0380753
0.0519372
0.0431803
0.0439626
0.0454673
0.0431211
0.0415202
0.0405711
0.032871
0.0374268
0.0441376
0.0382169
0.0476893
0.0402954
0.0427374
0.044723
0.0382487
0.0430278
0.0516354
0.0438245
0.041269
0.0515531
0.0509949
0.0478656
0.045255
0.0568842
0.045209
0.0614789
0.0587337
0.0682598
0.0687781
0.0673132
0.0724804
0.0707621
0.0685477
0.0648978
0.0636807
0.0518205
0.0524531
0.0508703
0.0499635
0.0334041
0.0521455
0.0313605
0.0359713
0.0384532
0.0407973
0.0428664
0.0344984
0.0468254
0.0419786
0.043076
0.0472996
0.0489054
0.0422577
0.0381616
0.0399282
0.0407101
0.0438242
0.0365794
0.0442269
0.0434887
0.0530316
0.0519766
0.0456858
0.0474373
0.0497396
0.0555234
0.0533045
0.0622505
0.0603235
0.0675891
0.0689682
0.0755172
0.0652381
0.0670735
0.0695628
0.0716333
0.0617393
0.0519759
0.039666
0.0441856
0.0535783
0.0519139
0.0392452
0.0503665
0.0510528
0.0449547
0.0453974
0.0481821
0.0465848
0.0419674
0.0482036
0.0459201
0.0508927
0.0431494
0.040918
0.0549483
0.0431469
0.0509659
0.0498517
0.0462705
0.0543604
0.0568185
0.053346
0.0498213
0.0578633
0.0585647
0.0524997
0.0571323
0.0548032
0.0656241
0.0631028
0.0633145
0.062782
0.0651456
0.0661185
0.0594195
0.0632951
0.0628547
0.0595193
0.0522869
0.0556966
0.05457
0.045686
0.0436601
0.0466448
0.0437807
0.0580943
0.0475374
0.0397352
0.0612115
0.0456943
0.0447489
0.0351378
0.0466579
0.0345016
0.044839
0.0363631
0.0655698
0.0538051
0.0542364
0.0477267
0.0336948
0.0393063
0.0351169
0.0426535
0.0523175
0.04783
0.0402044
0.0404517
0.0433935
0.0427916
0.0306758
0.0448428
0.0429415
0.0336403
0.0323458
0.0446949
0.0438259
0.0403938
0.0387137
0.0396761
0.0420676
0.0344817
0.0368117
0.0333711
0.0338053
0.0385623
0.0214515
0.0388115
0.0375016
0.0402457
0.0317532
0.0347041
0.0345606
0.0367505
0.0304348
0.0390354
0.0349194
0.0297164
0.0338165
0.0352057
0.0472057
0.0570634
0.0574506
0.0630646
0.0615449
0.0565619
0.0683062
0.0650155
0.0698099
0.0736114
0.0695855
0.0797885
0.0729323
0.0728808
0.0753007
0.0752887
0.061154
0.0742762
0.069471
0.0736429
0.076738
0.0787677
0.0618531
0.0493635
0.0649123
0.0551833
0.0603079
0.0457733
0.0765877
0.0590883
0.069616
0.0749835
0.0845143
0.0651611
0.0528639
0.0747975
0.0735475
0.054274
0.0525147
0.059917
0.0689137
0.0779505
0.0580232
0.0714507
0.0742056
0.0791803
0.0793092
0.0648519
0.0662503
0.0734869
0.0752021
0.0830228
0.0953099
0.0909494
0.085428
0.078347
0.0676786
0.0809044
0.0619806
0.0799752
0.0707054
0.080944
0.065788
0.0698621
0.0761723
0.0815347
0.0753639
0.0500283
0.0424945
0.0682357
0.0342206
0.0492788
0.0496704
0.103255
0.0759889
0.0344591
0.0631237
0.0579756
0.070118
0.0625552
0.0473407
0.0601089
0.0606247
0.0507888
0.0806287
0.0820855
0.0742464
0.104681
0.0859792
0.0675235
0.0713235
0.0867157
0.0780639
0.0848078
0.0912836
0.0852754
0.0834025
0.0822688
0.0838394
0.100611
0.0879248
0.0927447
0.0733407
0.0995783
0.0963277
0.0980638
0.0858849
0.0878321
0.0764977
0.0854367
0.0762237
0.0909308
0.0836244
0.0844995
0.0768782
0.0726101
0.0368638
0.0846115
0.0513951
0.0703321
0.0673285
0.0286652
0.0803792
0.0659084
0.0567288
0.082617
0.0525543
0.0575136
0.0592513
0.0655823
0.0472179
0.0596623
0.0404578
0.0564537
0.0548547
0.074725
0.0358714
0.0523794
0.0899151
0.0618686
0.0569144
0.0650214
0.088322
0.0829107
0.0636665
0.0882748
0.103154
0.0602206
0.0681951
0.105749
0.0912395
0.105582
0.0836825
0.0802015
0.0955758
0.101638
0.102748
0.0950059
0.0850089
0.103922
0.10004
0.0710006
0.0981158
0.0779888
0.0749748
0.0923328
0.0945095
0.0729171
0.0798809
0.0749014
0.0601912
0.0722387
0.108577
0.104223
0.0793427
0.0696151
0.0896799
0.0393137
0.0551171
0.0825335
0.103837
0.0837856
0.0798104
0.0935111
0.0791075
0.0992383
0.0684205
0.0945143
0.117648
0.0538173
0.0739522
0.0645027
0.08532
0.0875219
0.0631617
0.0444264
0.0623145
0.0645141
0.0410713
0.0738855
0.0842904
0.0300301
0.077259
0.0678622
0.0713274
0.0701612
0.0513471
0.0633155
0.104398
0.111124
0.0996598
0.110661
0.077256
0.0504462
0.110946
0.0820703
0.0908355
0.0902648
0.155788
0.136436
0.0411761
0.10524
0.0898495
0.0759683
0.0923576
0.0578249
0.0633378
0.0985184
0.0546846
0.0823952
0.0863968
0.101939
0.0866019
0.0982436
0.109929
0.041782
0.0576809
0.0972413
0.072616
0.0746538
0.0528939
0.0637607
0.11756
0.05294
0.013537
0.0451115
0.0833556
0.0783152
0.0923183
0.024577
0.0685848
0.100626
0.0232975
0.0701237
0.0473284
0.0359828
0.061001
0.0807006
0.069546
0.0714678
0.0705494
0.0535948
0.119694
0.0729792
0.0466971
0.0541341
0.0289244
0.0703893
0.0595239
0.119277
0.0462479
0.0649374
0.0740163
0.0853083
0.0774753
0.0991914
0.0905534
0.0873925
0.122527
0.0776865
0.076076
0.0738899
0.0839137
0.109274
0.0734804
0.0507067
0.0998757
0.104116
0.094356
0.0704486
0.0777575
0.110562
0.100266
0.0545527
0.0888922
0.0957327
0.108074
0.0520368
0.084469
0.104476
0.0866066
0.0703982
0.0676447
0.0742117
0.0416892
0.0728449
0.0613347
0.0855358
0.0533387
