0.166609
0.160756
0.165274
0.173513
0.170296
0.183194
0.186422
0.184111
0.196005
0.191913
0.19763
0.200864
0.210362
0.218759
0.217776
0.222409
0.227649
0.229121
0.230739
0.229066
0.227404
0.22625
0.236171
0.233786
0.243409
0.254436
0.258765
0.258041
0.269205
0.275363
0.27828
0.279224
0.287568
0.290439
0.292925
0.299471
0.302994
0.302443
0.298035
0.293461
0.286979
0.283175
0.284447
0.293131
0.309805
0.315231
0.32116
0.330025
0.335367
0.334532
0.328613
0.294691
0.275979
0.273084
0.273526
0.273674
0.298839
0.358117
0.364931
0.356262
0.319004
0.281096
0.233173
0.213077
0.189409
0.188508
0.172703
0.165274
0.158955
0.145957
0.143359
0.138419
0.132342
0.134267
0.130816
0.128528
0.132741
0.137156
0.139106
0.141745
0.147574
0.147813
0.14334
0.149427
0.144954
0.156175
0.159803
0.16362
0.170941
0.172623
0.175654
0.188492
0.195817
0.212354
0.22083
0.240918
0.265218
0.276384
0.292811
0.299918
0.310734
0.308917
0.299482
0.276659
0.244511
0.224606
0.21567
0.215142
0.217107
0.219561
0.224438
0.229998
0.232449
0.234861
0.23306
0.237877
0.226106
0.222603
0.217566
0.227252
0.229113
0.220481
0.227423
0.245366
0.242246
0.249121
0.258997
0.260853
0.265327
0.27304
0.273554
0.276528
0.279907
0.27523
0.274271
0.275456
0.289764
0.302533
0.302817
0.285304
0.278535
0.253037
0.247151
0.241662
0.248093
0.255343
0.26161
0.279276
0.280617
0.286388
0.307483
0.311518
0.3201
0.331177
0.336379
0.338349
0.34014
0.344277
0.345721
0.343786
0.34555
0.349208
0.348338
0.341431
0.313889
0.259638
0.195963
0.159949
0.139032
0.134579
0.127203
0.122654
0.122165
0.123011
0.123709
0.130724
0.132092
0.14182
0.14502
0.158
0.167815
0.171569
0.172281
0.172364
0.178317
0.167074
0.164835
0.160451
0.154703
0.148473
0.152082
0.145906
0.151256
0.152421
0.159402
0.16374
0.163749
0.160221
0.163061
0.150867
0.15494
0.140563
0.128606
0.131344
0.136972
0.141452
0.133377
0.149689
0.152874
0.164026
0.167355
0.173388
0.18461
0.184272
0.192415
0.198437
0.205228
0.203438
0.209359
0.214718
0.217432
0.218955
0.21337
0.206806
0.189996
0.173377
0.167021
0.167243
0.167552
0.178026
0.185795
0.177652
0.185928
0.192868
0.198212
0.219106
0.222727
0.233636
0.240277
0.249492
0.260192
0.265819
0.268757
0.275905
0.279868
0.285786
0.294686
0.296374
0.29996
0.306504
0.313053
0.315064
0.315879
0.318709
0.312721
0.290147
0.248552
0.21597
0.201757
0.195971
0.195227
0.204001
0.2166
0.194797
0.204354
0.211595
0.21817
0.233387
0.242022
0.233436
0.239647
0.251007
0.263106
0.264656
0.280552
0.274111
0.275879
0.277387
0.281581
0.270261
0.253809
0.236528
0.212865
0.174956
0.157446
0.147432
0.137791
0.158402
0.169388
0.163452
0.186802
0.193003
0.183251
0.183326
0.200785
0.187782
0.195672
0.197948
0.19048
0.192014
0.185924
0.168899
0.161525
0.150648
0.152725
0.156759
0.155268
0.153435
0.157009
0.16705
0.167262
0.172939
0.17398
0.161348
0.154467
0.149975
0.151311
0.147205
0.140558
0.135101
0.123219
0.146844
0.147464
0.146417
0.14398
0.140617
0.136418
0.148133
0.154041
0.162901
0.141954
0.154983
0.162914
0.172031
0.185953
0.176093
0.190623
0.186643
0.199749
0.206385
0.212004
0.208092
0.205427
0.209742
0.200843
0.188491
0.1802
0.179498
0.181729
0.167748
0.167986
0.169335
0.152885
0.151563
0.162545
0.167167
0.18359
0.171209
0.169538
0.177694
0.175576
0.189012
0.179878
0.17802
0.190901
0.184802
0.191253
0.194305
0.198982
0.219751
0.235068
0.244041
0.248155
0.253375
0.266018
0.264138
0.256239
0.257872
0.237292
0.200306
0.18491
0.149508
0.159965
0.14809
0.136326
0.144525
0.141402
0.154809
0.157736
0.173449
0.166785
0.15494
0.165058
0.14641
0.156283
0.147151
0.161763
0.149497
0.14984
0.146551
0.139828
0.145414
0.141441
0.148082
0.155703
0.16149
0.160883
0.180397
0.194131
0.214239
0.24431
0.262637
0.282704
0.292133
0.292745
0.284732
0.276187
0.256189
0.240668
0.214966
0.218183
0.222775
0.220747
0.233996
0.230928
0.222774
0.223842
0.220651
0.212716
0.21174
0.221722
0.216988
0.213173
0.213791
0.208184
0.188753
0.186286
0.180577
0.17788
0.187542
0.197554
0.186281
0.199935
0.206765
0.202056
0.185726
0.199812
0.191845
0.191814
0.173304
0.186291
0.181847
0.19561
0.171256
0.222792
0.204603
0.185055
0.218478
0.208029
0.209888
0.210017
0.179794
0.201061
0.212199
0.198478
0.198241
0.216296
0.22426
0.207929
0.212991
0.210823
0.217313
0.223179
0.240412
0.232143
0.248613
0.244147
0.261695
0.280693
0.304813
0.34566
0.385221
0.395292
0.40538
0.351323
0.344151
0.312573
0.250302
0.234075
0.19653
0.21444
0.224492
0.242988
0.288671
0.336193
0.380841
0.396416
0.410967
0.385166
0.34565
0.27485
0.208238
0.196544
0.166189
0.168486
0.154461
0.190971
0.165553
0.182254
0.174319
0.201387
0.186659
0.204866
0.197212
0.195179
0.196974
0.18824
0.203315
0.201254
0.208378
0.216376
0.20262
0.191864
0.188749
0.176551
0.16228
0.1542
0.144122
0.140175
0.158648
0.150906
0.150028
0.122118
0.123409
0.123411
0.12661
0.121858
0.126527
0.143784
0.130866
0.144122
0.120497
0.146561
0.152188
0.126669
0.157084
0.164126
0.16725
0.164646
0.192488
0.147013
0.184587
0.166874
0.170786
0.161895
0.172967
0.16539
0.160837
0.157702
0.149721
0.162649
0.167489
0.166096
0.186201
0.182589
0.178686
0.194134
0.177224
0.185542
0.186188
0.191054
0.148183
0.152152
0.154742
0.152458
0.172018
0.168144
0.16875
0.182408
0.157925
0.166058
0.154021
0.187124
0.171657
0.163801
0.166855
0.178148
0.176938
0.179796
0.180967
0.160631
0.188826
0.183056
0.163981
0.160927
0.128297
0.156821
0.136361
0.129617
0.119093
0.142487
0.128164
0.12993
0.124621
0.13509
0.122601
0.121718
0.146535
0.140591
0.131522
0.125295
0.118884
0.13482
0.129642
0.127666
0.130214
0.143657
0.129467
0.120914
0.103491
0.0969072
0.0930289
0.0990205
0.102079
0.0979365
0.102176
0.108108
0.117942
0.133295
0.129747
0.142831
0.157265
0.159664
0.155743
0.158823
0.159656
0.172086
0.139483
0.157937
0.117074
0.112464
0.0676837
0.0726063
0.0787834
0.0852521
0.0922679
0.110467
0.102184
0.135515
0.138562
0.134976
0.142446
0.143001
0.139151
0.12253
0.130801
0.144745
0.126677
0.148613
0.149368
0.158188
0.149452
0.16176
0.155669
0.194379
0.16578
0.168216
0.148718
0.159544
0.156946
0.146071
0.146117
0.178044
0.136901
0.173281
0.167964
0.139442
0.175302
0.149472
0.13661
0.15559
0.165582
0.163783
0.158906
0.136747
0.146505
0.183655
0.161287
0.14397
0.151504
0.140184
0.122322
0.114176
0.144172
0.107427
0.129034
0.0906689
0.103396
0.0859445
0.0941908
0.0907828
0.0871398
0.0864252
0.0697826
0.0790583
0.0675895
0.0782116
0.0765082
0.0646899
0.0660984
0.0569434
0.0688412
0.0654716
0.0596808
0.0357133
0.0541673
0.0611258
0.0526491
0.0605901
0.0751583
0.0521846
0.0629371
0.0517793
0.0514006
0.0504368
0.0484934
0.0439317
0.0598927
0.0726891
0.052923
0.0696958
0.0740471
0.0651669
0.0648336
0.0712817
0.0655386
0.0640182
0.0656733
0.0673556
0.0677637
0.0615471
0.0832383
0.0886049
0.0663399
0.0750412
0.070322
0.0722459
0.0707309
0.0629914
0.0524345
0.0526746
0.036765
0.0459517
0.0447785
0.0486515
0.039777
0.0469215
0.0712104
0.0495509
0.0538479
0.0597834
0.0595777
0.0461759
0.0603009
0.0610303
0.056377
0.0525278
0.0568699
0.0501699
0.0476317
0.0592848
0.0440389
0.0610752
0.0616651
0.0587218
0.0643538
0.0710641
0.0821862
0.0776222
0.105072
0.0945023
0.131343
0.115274
0.0914438
0.104696
0.111407
0.104083
0.117472
0.108706
0.138333
0.116983
0.0967719
0.117225
0.108061
0.122297
0.108532
0.128319
0.133618
0.147283
0.13581
0.18337
0.163286
0.1608
0.193521
0.198918
0.206936
0.210408
0.215956
0.21952
0.232123
0.221526
0.206597
0.173934
0.148902
0.139014
0.123655
0.113932
0.100627
0.132691
0.113329
0.156837
0.141698
0.154805
0.130723
0.147619
0.164305
0.145734
0.171003
0.186121
0.180136
0.153678
0.177957
0.163151
0.168908
0.187015
0.181462
0.200732
0.234166
0.218035
0.22905
0.218845
0.194633
0.181019
0.192855
0.174948
0.166346
0.138417
0.144875
0.130754
0.108834
0.117556
0.0813016
0.0813359
0.0695956
0.0375419
0.0401914
0.0402605
0.0277298
0.0242908
0.0218231
0.0147323
0.0122557
0.00653714
0.013969
0.011045
0.0190976
0.0136504
0.0109978
0.0166019
0.0182848
0.00518565
0.00851856
0.0180701
0.0264748
0.0271524
0.026492
0.0187491
0.0225911
0.0187443
0.0103606
0.0150166
0.00200426
0.00490852
0
0.00516957
0.00780841
0.00891557
0.0081362
0.00800052
0.00341007
0.0012199
0.000466207
0.011985
0.0079297
0.0114781
0.0157812
0.0130578
0.0135943
0.0105831
0.0187043
0.0135207
0.00920914
0.0120857
0.00933553
0.0112342
0.0155664
0.012046
0.0145273
0.0190802
0.0170097
0.00893546
0.0110729
0.0130989
0.0148688
0.0194031
0.022344
0.0189329
0.0324854
0.0333745
0.0227662
0.0222663
0.0222057
0.0191666
0.0165854
0.0203192
0.0241374
0.0169789
0.0228595
0.0275578
0.0267964
0.0252205
0.027419
0.0259188
0.0229015
0.0326834
0.0275369
0.0254977
0.0270334
0.0274444
0.0329698
0.0297835
0.020024
0.0219685
0.0172459
0.0275135
0.0236187
0.0226532
0.0170578
0.0182811
0.0271481
0.0207108
0.0205618
0.0255747
0.0328872
0.0180119
0.0229777
0.0222049
0.0286154
0.0313059
0.0370529
0.0345019
0.0326177
0.0515991
0.0467962
0.0517188
0.0414349
0.0453114
0.0552302
0.0534425
0.0628847
0.0576329
0.0599585
0.0544648
0.0584038
0.0592006
0.0648068
0.0615919
0.0630159
0.0624863
0.0683046
0.0633122
0.0655542
0.079158
0.0839136
0.0880227
0.0969329
0.0844512
0.108941
0.0982832
0.102472
0.112347
0.0991413
0.0942595
0.0959166
0.0961197
0.109927
0.102343
0.0911819
0.0963649
0.10036
0.108478
0.0983513
0.0930508
0.0914511
0.0983708
0.0939403
0.103827
0.115188
0.118177
0.134326
0.132783
0.113094
0.101821
0.0887952
0.0849416
0.0863767
0.0850205
0.0932547
0.0994496
0.0815874
0.0700334
0.076165
0.0899364
0.0923006
0.0853041
0.076929
0.0796864
0.0793377
0.0761218
0.0806695
0.0831303
0.0742084
0.0801869
0.104004
0.0801135
0.0879393
0.0803727
0.0650283
0.0740332
0.0542105
0.050601
0.0346823
0.0483575
0.0579445
0.0427119
0.0486051
0.0574901
0.0545022
0.0474682
0.0401285
0.0277974
0.0414581
0.0479939
0.0484384
0.0324186
0.0501494
0.0369543
0.046028
0.0434966
0.0658881
0.0419657
0.079804
0.0519824
0.0541976
0.0494002
0.0397277
0.0302361
0.0225853
0.0187165
0.0175507
0.0167432
0.0264341
0.0114137
0.0216606
0.0196791
0.0208306
0.0139997
0.0145813
0.00951198
0.0158356
0.0191364
0.0136031
0.0165571
0.0205009
0.0352411
0.0252133
0.0262926
0.0318569
0.0384172
0.0351133
0.0477608
0.0420669
0.0488528
0.0376571
0.0300692
0.0421257
0.0393219
0.0347963
0.0192551
0.0152272
0.0243213
0.0214839
0.0135419
0.0185758
0.0203353
0.0118555
0.0104075
0.0197485
0.016609
0.0082597
0.00921444
0.0170794
0.0113742
0.013158
0.0112873
0.0138206
0.0198371
0.021822
0.0218362
0.00674392
0.0191869
0.0248908
0.0288306
0.0214504
0.0336237
0.0158888
0.0128883
0.0205513
0.0153824
0.0147145
0.0174723
0.0123732
0.0147235
0.00856276
0.0120755
0.0167024
0.018416
0.0175128
0.0167555
0.0206568
0.0174406
0.0153947
0.0188786
0.0141028
0.00861682
0.0189387
0.0266174
0.0310399
0.0384095
0.0442732
0.0292171
0.0292231
0.0320529
0.0340932
0.0335592
0.0250549
0.0290658
0.0252668
0.0223365
0.0282641
0.0218515
0.0263297
0.0153322
0.0185713
0.0168361
0.0180751
0.0197628
0.0254325
0.0217056
0.0283981
0.0186629
0.0208331
0.0267807
0.0215368
0.025679
0.0295168
0.0232361
0.0323262
0.0364643
0.0330679
0.0323827
0.0376336
0.0392585
0.0321879
0.0470616
0.0439449
0.0360536
0.0383639
0.0420787
0.0429758
0.0360729
0.035427
0.0394714
0.03909
0.0336776
0.0352199
0.0343011
0.0356587
0.0365487
0.041374
0.0418154
0.0382375
0.0360325
0.0439044
0.0404212
0.0426777
0.0473176
0.0523461
0.0460108
0.0521503
0.0511705
0.0541929
0.0760748
0.0921218
0.14677
0.293346
0.449012
0.53328
0.549004
0.525016
0.453659
0.281846
0.148113
0.0974296
0.0793568
0.0687546
0.0631716
0.0657402
0.0616474
0.0654156
0.0615648
0.0683723
0.0662515
0.0583374
0.0684858
0.0561503
0.0587735
0.0639443
0.0614421
0.0617156
0.0553219
0.0567426
0.0570861
0.0609521
0.0630462
0.0592831
0.0557875
0.0556563
0.0490185
0.0497677
0.0509854
0.0499715
0.0522662
0.0473022
0.047377
0.0484919
0.0473703
0.0504779
0.0494458
0.0459246
0.0469729
0.0564636
0.0529401
0.0526753
0.0574477
0.0544732
0.0559459
0.0617272
0.0561743
0.0551002
0.0584935
0.0526085
0.0605788
0.0563991
0.0587563
0.0655153
0.0628394
0.062071
0.0665615
0.0622692
0.0633758
0.0524034
0.0530453
0.0564357
0.0544232
0.0675825
0.060784
0.0499004
0.0527043
0.0466271
0.0474113
0.0594198
0.0514696
0.0565256
0.0607108
0.0598114
0.0486764
0.0558134
0.0553571
0.0596084
0.0493832
0.054815
0.056147
0.0536901
0.0563875
0.0575491
0.0579359
0.061092
0.0656066
0.061351
0.056237
0.0602648
0.0578564
0.0603413
0.0565916
0.0587061
0.0630201
0.0535341
0.0624009
0.0658136
0.0666076
0.0702102
0.0765492
0.0577222
0.0630065
0.0809408
0.05375
0.0769815
0.0685261
0.0776231
0.0972984
0.0899408
0.0787942
0.0807089
0.0869763
0.0760887
0.0905659
0.0688785
0.0744954
0.0770261
0.0825057
0.0771137
0.0749992
0.0852449
0.0661356
0.0758426
0.0714484
0.074196
0.0953074
0.0744531
0.078968
0.0857186
0.0885627
0.0772462
0.0839238
0.0808471
0.0905553
0.0757511
0.0931345
0.0738234
0.07009
0.0768727
0.0916739
0.116593
0.101874
0.076963
0.0792059
0.0934293
0.0896551
0.12663
0.0807125
0.126049
0.0991972
0.1015
0.0777533
0.104612
0.07969
0.095618
0.12558
0.0971749
0.108461
0.107411
0.104766
0.10412
0.0987203
0.107917
0.110005
0.107599
0.100097
0.13053
0.104868
0.123543
0.139152
0.152209
0.126723
0.139102
0.12471
0.131568
0.123647
0.130193
0.130714
0.101562
0.120897
0.110952
0.121412
0.108854
0.0976217
0.0768853
0.108418
0.0961523
0.114374
0.121685
0.102427
0.101511
0.0626365
0.105206
0.0786247
0.0777576
0.0911422
0.100299
0.0971407
0.108741
0.0955171
0.0707636
0.074171
0.0985004
0.0689421
0.10022
0.0767956
0.0922032
0.0775833
0.0808628
0.0828927
0.103995
0.118994
0.101893
0.115735
0.135395
0.130317
0.119752
0.111992
0.101795
0.0770899
0.0797465
0.0847073
0.0649213
0.0758079
0.0616409
0.0710882
0.0622749
0.0585237
0.0519331
0.0669231
0.0432161
0.0656272
0.0645438
0.0883523
0.0658663
0.059936
0.0748194
0.0804744
0.0834873
0.103754
0.106775
0.121997
0.126231
0.135853
0.132047
0.130778
0.157112
0.17836
0.189365
0.208487
0.210348
0.216688
0.204831
0.181777
0.112379
0.076774
0.0618429
0.0702039
0.0707479
0.0627879
0.0736902
0.0662502
0.058956
0.0488032
0.0400279
0.0774976
0.0717056
0.0660271
0.0751102
0.065143
0.0494575
0.047728
0.0572368
0.0637063
0.0666539
0.0560455
0.0643585
0.0589057
0.0586194
0.055615
0.0658665
0.074293
0.063444
0.0517827
0.0621505
0.0542335
0.0676178
0.0659702
0.0663042
0.0639023
0.054454
0.0504137
0.059519
0.0626532
0.0512184
0.0664743
0.0499833
0.0694734
0.0565117
0.06181
0.0705539
0.0578114
0.0597929
0.0661214
0.0628338
0.0596753
0.0667663
0.0621417
0.0654585
0.0633668
0.0622402
0.0681417
0.0534211
0.0597277
0.0569158
0.0458491
0.0531975
0.0447941
0.0503589
0.0587555
0.0574988
0.0417165
0.0453181
0.0553215
0.0506925
0.0412574
0.0441801
0.0513406
0.0570779
0.0615357
0.0488085
0.0472462
0.05756
0.0504824
0.0529751
0.068264
0.0506322
0.0546944
0.0524816
0.0554963
0.0534976
0.0506634
0.0556318
0.0489658
0.0507161
0.0513929
0.0541472
0.0611172
0.0588899
0.0530844
0.0599561
0.0716943
0.0716073
0.062356
0.0755823
0.064144
0.0715067
0.0623935
0.0839482
0.0789973
0.0868015
0.0812389
0.0882748
0.100158
0.102273
0.100232
0.10367
0.106692
0.0976675
0.0874966
0.0809306
0.0611156
0.0569036
0.0428703
0.0488696
0.0527149
0.0482817
0.0580843
0.0484076
0.0498405
0.0509538
0.0485571
0.054113
0.0485787
0.0493839
0.0563144
0.0559908
0.0604435
0.0578082
0.057427
0.06488
0.0614156
0.0727221
0.0709074
0.0718104
0.0772689
0.0889833
0.0880046
0.100134
0.0941481
0.108277
0.110589
0.124599
0.131363
0.140707
0.145969
0.146935
0.148206
0.137817
0.129828
0.123979
0.116497
0.101949
0.0974195
0.0943433
0.0734683
0.0641791
0.0843042
0.0824691
0.0724355
0.0684806
0.0697795
0.0793116
0.0811698
0.0802268
0.0685917
0.0800918
0.0859621
0.0781133
0.0935769
0.0840346
0.0894053
0.0910014
0.0949189
0.0920543
0.0980372
0.106919
0.104663
0.109028
0.112708
0.113986
0.13547
0.136906
0.133989
0.1499
0.148379
0.16198
0.16781
0.176092
0.169943
0.173152
0.160227
0.145465
0.137444
0.134826
0.116145
0.100079
0.0985323
0.0942051
0.0885178
0.0794135
0.0848532
0.0937306
0.0976615
0.087069
0.0928418
0.085055
0.0801732
0.0904878
0.0808712
0.0852486
0.0723192
0.0674059
0.0825406
0.0792027
0.0644397
0.0767221
0.0616757
0.0756827
0.0895212
0.0701428
0.0732936
0.0826288
0.0717457
0.0789842
0.069614
0.0789211
0.0717587
0.0730479
0.0750883
0.082085
0.0711033
0.0798886
0.0823538
0.0743218
0.0730137
0.0807874
0.085448
0.0664754
0.078562
0.0772816
0.0809271
0.0735973
0.0782929
0.0800962
0.0847379
0.0713294
0.0826864
0.079835
0.0760097
0.0763009
0.0889246
0.0807238
0.0717318
0.0741297
0.0825024
0.0842389
0.0871015
0.0889351
0.0924929
0.0882359
0.0875557
0.0863
0.087535
0.0927056
0.095136
0.0909628
0.0912335
0.0917385
0.0941528
0.0999819
0.0981888
0.11795
0.124745
0.127913
0.124408
0.130303
0.117495
0.12121
0.121109
0.149095
0.147772
0.138806
0.144774
0.168584
0.172337
0.152876
0.137776
0.130129
0.153523
0.135106
0.124552
0.111813
0.122628
0.118757
0.0840624
0.0845337
0.113914
0.133579
0.111091
0.109913
0.120436
0.12193
0.120154
0.134131
0.129996
0.141148
0.138279
0.14393
0.147356
0.148646
0.143175
0.134495
0.15045
0.146974
0.152969
0.139502
0.143732
0.117282
0.134496
0.140252
0.128312
0.136147
0.131092
0.137217
0.114329
0.105836
0.135179
0.150773
0.142356
0.131196
0.128778
0.11711
0.121678
0.140423
0.138831
0.134406
0.169527
0.176991
0.144662
0.157089
0.194155
0.143489
0.176921
0.162028
0.178392
0.178486
0.196567
0.187091
0.194685
0.198165
0.198119
0.211447
0.186842
0.22366
0.214891
0.206842
0.215608
0.207084
0.225531
0.201504
0.183952
0.216693
0.207168
0.198409
0.172788
0.19325
0.180751
0.14747
0.16707
0.130157
0.121803
0.0944009
0.130557
0.112724
0.129364
0.0925047
0.121573
0.104473
0.10929
0.109703
0.0965728
0.0939095
0.111175
0.129958
0.110595
0.128907
0.131103
0.143223
0.169329
0.152721
0.179087
0.184633
0.170832
0.176338
0.177653
0.191419
0.199143
0.177108
0.184398
0.18756
0.211162
0.219111
0.219473
0.215452
0.227728
0.255439
0.246182
0.237642
0.249586
0.235707
0.26156
0.24716
0.259503
0.273962
0.275264
0.259491
0.245778
0.265916
0.228229
0.199242
0.207152
0.198298
0.181176
0.143274
0.160544
0.151582
0.124258
0.105294
0.136457
0.108891
0.0976815
0.0931649
0.110003
0.0778287
0.0508291
0.0611416
0.125314
0.105517
0.112778
0.12108
0.0881578
0.0845955
0.105153
0.0889937
0.0996371
0.0867328
0.124135
0.0578402
0.10829
0.108357
0.117941
0.090853
0.128947
0.130607
0.0882848
0.0799263
0.107616
0.0997693
0.122479
0.137478
0.189414
0.126032
0.10274
0.153215
0.213869
0.128476
0.0845538
0.111601
0.113397
0.18266
0.121772
0.114994
0.0884674
0.123632
0.0959003
0.151429
0.127784
0.17117
0.137128
0.148543
0.120145
0.125324
0.146259
0.1338
0.126394
0.129291
0.141724
0.143051
0.110727
0.127038
0.0958405
0.149176
0.165987
0.119274
0.110965
0.108621
0.130071
0.122592
0.118562
0.113241
0.152286
0.102177
0.10548
0.109053
0.0702216
0.0618115
0.0946497
0.141103
0.100157
0.0741105
0.0749943
0.114652
0.07174
0.119301
0.0485468
0.115227
0.140495
0.04609
0.121613
0.0476607
0.176395
0.0898052
0.0919124
0.107652
0.118856
0.122586
0.124415
0.135523
0.116883
0.123353
0.122484
0.0796322
0.14336
0.137608
0.138105
0.148423
0.153286
0.144311
0.143944
0.142092
0.14876
0.167702
0.155143
0.148465
0.163157
0.146125
0.14225
0.155484
0.189408
0.122714
0.145085
0.202787
0.111746
0.136433
0.153076
0.138505
0.0929002
0.126494
0.121364
0.0881232
0.0902627
0.102449
0.0903316
0.09191
