0.167109
0.164503
0.173982
0.173145
0.161926
0.167966
0.163341
0.174016
0.172835
0.174011
0.175726
0.188334
0.190527
0.212065
0.213224
0.219275
0.234405
0.238353
0.240508
0.242038
0.235904
0.229637
0.220709
0.214113
0.221562
0.228611
0.234604
0.234783
0.246011
0.253626
0.254425
0.264334
0.273712
0.280842
0.290666
0.300281
0.308261
0.319544
0.311627
0.300301
0.283507
0.266161
0.264926
0.275409
0.282973
0.28438
0.292193
0.303239
0.305376
0.30656
0.30267
0.277523
0.261686
0.26015
0.26014
0.259907
0.281453
0.359148
0.377625
0.366853
0.334799
0.275164
0.219996
0.204717
0.189579
0.172552
0.157019
0.156069
0.149278
0.135516
0.134186
0.127559
0.123447
0.122518
0.12694
0.130802
0.128686
0.135566
0.136359
0.142964
0.147159
0.139054
0.132109
0.134842
0.134963
0.136581
0.138145
0.142393
0.149896
0.155673
0.160431
0.172827
0.182908
0.198677
0.202962
0.214086
0.223843
0.231497
0.239113
0.246312
0.260521
0.258902
0.261107
0.24826
0.222033
0.207864
0.193587
0.193805
0.201524
0.204694
0.2131
0.221416
0.23233
0.237531
0.240732
0.24484
0.235387
0.219208
0.207688
0.20845
0.207874
0.204756
0.208313
0.220826
0.223118
0.232571
0.239892
0.243111
0.241992
0.252592
0.252019
0.25878
0.26366
0.260905
0.260066
0.262705
0.284451
0.306041
0.312335
0.300539
0.278393
0.254845
0.23802
0.231151
0.238926
0.24309
0.247161
0.266587
0.249951
0.265533
0.282162
0.28815
0.296614
0.303921
0.308742
0.305645
0.314233
0.317709
0.32335
0.325328
0.329327
0.339603
0.347991
0.345459
0.323389
0.262206
0.195718
0.149615
0.132888
0.128535
0.114249
0.116625
0.116587
0.12012
0.124161
0.129839
0.138325
0.146617
0.151061
0.155731
0.154373
0.157794
0.163394
0.159105
0.152644
0.152628
0.147964
0.144508
0.140002
0.133577
0.135647
0.139453
0.145525
0.146887
0.155227
0.161403
0.172701
0.174253
0.170165
0.156352
0.142866
0.127444
0.117903
0.125826
0.118225
0.130713
0.126148
0.137523
0.14415
0.152673
0.150731
0.161574
0.166648
0.167032
0.175246
0.177479
0.184409
0.189
0.196521
0.20338
0.215523
0.219368
0.21713
0.205855
0.185549
0.154725
0.154994
0.140815
0.142809
0.146345
0.145422
0.146044
0.154305
0.155014
0.167182
0.18297
0.195073
0.211046
0.218927
0.223824
0.228698
0.232063
0.239256
0.245934
0.252648
0.260084
0.266777
0.269403
0.285011
0.285124
0.291309
0.292666
0.288758
0.280152
0.282075
0.262377
0.226333
0.198898
0.184909
0.176071
0.172268
0.185703
0.190098
0.193908
0.196133
0.201309
0.21048
0.212865
0.215158
0.214037
0.22007
0.234442
0.237894
0.237528
0.248625
0.247963
0.251204
0.254065
0.260289
0.257319
0.24762
0.233897
0.207751
0.173153
0.158817
0.146667
0.143994
0.155074
0.159132
0.148614
0.170117
0.1596
0.16608
0.159268
0.176469
0.174902
0.17632
0.176105
0.166541
0.164549
0.15446
0.154697
0.14089
0.14584
0.141214
0.140062
0.152932
0.138785
0.153588
0.162928
0.16571
0.171569
0.174981
0.164678
0.156288
0.151356
0.138655
0.130322
0.132331
0.126006
0.127793
0.131371
0.125162
0.138069
0.12707
0.136531
0.146132
0.136734
0.131288
0.142974
0.14377
0.153621
0.152821
0.157788
0.163473
0.166358
0.173568
0.17303
0.182673
0.191816
0.194984
0.203663
0.20727
0.205127
0.188888
0.171261
0.158672
0.161118
0.161395
0.13648
0.136713
0.127542
0.130697
0.132963
0.152616
0.147598
0.13964
0.153406
0.146262
0.15922
0.14956
0.163084
0.158696
0.159784
0.155971
0.166173
0.175856
0.173038
0.181657
0.19515
0.209601
0.209816
0.225417
0.229685
0.246203
0.247348
0.247778
0.244102
0.228398
0.191071
0.157941
0.131337
0.113679
0.111497
0.11535
0.117609
0.11264
0.127166
0.139209
0.146388
0.149697
0.131164
0.138713
0.13159
0.121981
0.132207
0.137069
0.129271
0.133001
0.133891
0.123098
0.124393
0.122624
0.127908
0.136219
0.131753
0.141814
0.161923
0.174258
0.196186
0.216315
0.227305
0.253358
0.262916
0.261897
0.274016
0.263392
0.235847
0.206131
0.192603
0.17947
0.183487
0.180191
0.185229
0.195183
0.184409
0.176137
0.173884
0.173571
0.17613
0.182771
0.18349
0.182029
0.179853
0.173302
0.164647
0.171479
0.160965
0.167132
0.170186
0.187215
0.176251
0.164205
0.171756
0.176476
0.155003
0.170485
0.167701
0.1676
0.157004
0.158232
0.16028
0.155061
0.14894
0.190127
0.159625
0.171955
0.180799
0.188829
0.150764
0.184214
0.164778
0.173539
0.179805
0.156715
0.164269
0.186026
0.186947
0.182409
0.191841
0.185737
0.192615
0.183834
0.205272
0.20159
0.223569
0.214464
0.22769
0.241723
0.252417
0.273192
0.269231
0.302169
0.294603
0.253567
0.250617
0.216503
0.180652
0.18358
0.151583
0.168029
0.179412
0.191766
0.223794
0.264494
0.283108
0.303211
0.314686
0.313748
0.274376
0.215253
0.161035
0.159627
0.139376
0.1228
0.132624
0.151349
0.144711
0.152409
0.141849
0.1596
0.151498
0.164571
0.170872
0.16726
0.171947
0.173581
0.173801
0.183788
0.185662
0.195176
0.171791
0.175943
0.174207
0.148717
0.138462
0.11473
0.115006
0.128493
0.128172
0.124385
0.128651
0.114711
0.0994095
0.0938218
0.10942
0.094666
0.0958598
0.108677
0.111884
0.10917
0.110802
0.120828
0.126327
0.115316
0.13776
0.139907
0.136111
0.131948
0.157306
0.123195
0.147762
0.133126
0.148943
0.132505
0.125515
0.140282
0.11647
0.116106
0.118811
0.123297
0.134972
0.13031
0.164468
0.165183
0.158943
0.155522
0.163074
0.171052
0.153937
0.15726
0.136478
0.118912
0.133667
0.130814
0.134162
0.120414
0.139382
0.15381
0.117054
0.128593
0.126467
0.135766
0.135002
0.155861
0.132912
0.133824
0.138833
0.14653
0.122265
0.130803
0.143504
0.132027
0.130657
0.122365
0.105471
0.110922
0.117876
0.125162
0.0966662
0.109385
0.118535
0.115208
0.108384
0.107278
0.102099
0.105859
0.114827
0.094866
0.100574
0.111067
0.0910149
0.108498
0.0988505
0.0857444
0.107541
0.115845
0.0997341
0.0890178
0.0873555
0.0818126
0.0803295
0.0878768
0.0911666
0.0787175
0.0866948
0.0956201
0.101912
0.107576
0.105163
0.111757
0.122951
0.126789
0.127873
0.139944
0.112119
0.128712
0.124394
0.116832
0.0918757
0.100446
0.0567805
0.0638957
0.0823716
0.0733147
0.0817891
0.0910242
0.104174
0.110997
0.127541
0.122995
0.120644
0.127917
0.120453
0.104301
0.104369
0.128029
0.142497
0.102733
0.129737
0.132062
0.127011
0.148039
0.144603
0.147827
0.143722
0.139738
0.134332
0.114612
0.106615
0.114653
0.111722
0.140496
0.127827
0.131956
0.144666
0.126393
0.148354
0.11372
0.13315
0.143707
0.116904
0.127429
0.130048
0.133169
0.134036
0.153578
0.136813
0.131163
0.0998309
0.0928759
0.106073
0.0930744
0.108101
0.0882526
0.091618
0.0771878
0.0746911
0.0785981
0.0799793
0.0578205
0.0749251
0.0727109
0.064543
0.0600333
0.0449379
0.0561503
0.0578527
0.0482627
0.051065
0.043232
0.0455511
0.057252
0.0436633
0.0403219
0.0399621
0.058116
0.0464749
0.0427829
0.0584425
0.0456471
0.0575583
0.0458116
0.0378155
0.0337874
0.0458564
0.043921
0.0476637
0.0472662
0.0478051
0.038018
0.0513327
0.0539978
0.0525355
0.0699999
0.0521619
0.0483744
0.0531645
0.0455233
0.0614411
0.0665575
0.0786933
0.0640911
0.0533261
0.0531635
0.0614757
0.0711466
0.0507976
0.0510402
0.052447
0.0410184
0.016447
0.0497458
0.0406729
0.0335665
0.0282718
0.0394689
0.0579953
0.0457321
0.0476996
0.0455675
0.0422746
0.0545718
0.053428
0.0465674
0.0519902
0.0477104
0.0508721
0.0304951
0.0369688
0.0311513
0.0427326
0.0482389
0.0492161
0.0466353
0.0511039
0.062444
0.0665441
0.0736637
0.0784906
0.0651483
0.105814
0.0817609
0.069365
0.081509
0.0851275
0.0773111
0.0756312
0.0810604
0.0949137
0.0897117
0.0756051
0.107633
0.100716
0.0999085
0.100678
0.102369
0.110858
0.106299
0.115328
0.125077
0.124145
0.125624
0.137075
0.139006
0.169707
0.155392
0.142897
0.153016
0.18356
0.146697
0.146332
0.117303
0.131
0.0997563
0.094158
0.0956864
0.10896
0.0985838
0.0967761
0.101117
0.0887976
0.0980049
0.0721007
0.124016
0.12312
0.122822
0.125075
0.135188
0.129818
0.123095
0.120436
0.1263
0.118039
0.132883
0.149309
0.136811
0.163884
0.14618
0.150614
0.151243
0.137499
0.132412
0.140607
0.125743
0.11703
0.11248
0.0856652
0.109812
0.0921712
0.0766301
0.0563722
0.0574662
0.0582188
0.0361389
0.0318603
0.0239543
0.0216299
0.0174052
0.0122249
0.0134359
0.00250807
0.00570242
0.00924967
0.00977304
0.0105935
0.00744629
0.00637494
0.00935551
0.01164
0.00912888
0.00982979
0.0167468
0.0200196
0.0232191
0.0182316
0.0160814
0.0174912
0.00866934
0.00782873
0.0116437
0.0124334
0.00685041
0
0.0148478
0.00526808
0.00783778
0.00387288
0.0014006
0.00015867
0.011591
0.000165181
0.00867375
0.00980195
0.0120088
0.0119827
0.0157752
0.0195798
0.0129215
0.0196665
0.0193484
0.014822
0.00646242
0.0148183
0.0131882
0.01132
0.0135792
0.00810699
0.0248273
0.0151111
0.00497014
0.00907674
0.00939987
0.0122092
0.0175069
0.0198558
0.0255948
0.0251377
0.0282063
0.0244991
0.0185144
0.0237663
0.021317
0.017178
0.0171978
0.0222736
0.0240336
0.020218
0.02528
0.0237636
0.0229566
0.0277061
0.0256047
0.023798
0.026643
0.0216297
0.0258276
0.0244477
0.0309767
0.0323174
0.0323453
0.0195856
0.0299957
0.0221109
0.0298115
0.0218811
0.0291008
0.0234855
0.0188859
0.026392
0.0228132
0.0241667
0.0199358
0.0293808
0.0207034
0.0209978
0.0246095
0.0301567
0.0246249
0.0345657
0.038665
0.0334636
0.0373856
0.0396384
0.0480861
0.0328868
0.0408837
0.0487645
0.0492793
0.0484908
0.046456
0.0478826
0.0486958
0.0514036
0.0532393
0.0492074
0.0549155
0.0568955
0.0588939
0.0571092
0.0483587
0.0576957
0.060469
0.0631466
0.0669326
0.0847985
0.0675153
0.0874774
0.0656074
0.0803453
0.0824619
0.0845114
0.0816172
0.0760138
0.0831134
0.0876102
0.0862887
0.0827213
0.0845405
0.0869632
0.0868561
0.0801522
0.0840584
0.0792048
0.0791404
0.0755641
0.082258
0.0954718
0.0931677
0.103379
0.089826
0.101114
0.0945266
0.083264
0.0615688
0.0639351
0.0794471
0.0767678
0.0782816
0.0758059
0.0711024
0.0844662
0.0756972
0.0647492
0.0731712
0.0592873
0.0648615
0.0655267
0.0656947
0.0663737
0.0724379
0.0642733
0.0601798
0.0779222
0.073357
0.0549753
0.0595059
0.0511828
0.0459006
0.049928
0.0547023
0.0316549
0.0434628
0.034361
0.0326663
0.0431928
0.0412709
0.043767
0.037528
0.0373277
0.0198311
0.0310278
0.0368032
0.0380289
0.029299
0.0462274
0.0344008
0.0390974
0.0416123
0.0540236
0.037493
0.0595819
0.030298
0.0524281
0.0311304
0.0340364
0.0301454
0.025847
0.0166657
0.0183712
0.00746873
0.0122625
0.00697712
0.0195294
0.022302
0.0133307
0.00805111
0.0129079
0.0100415
0.00898195
0.0181933
0.00881139
0.00882911
0.0122056
0.0180095
0.016257
0.0418961
0.0396488
0.0426615
0.03775
0.03458
0.0327174
0.0327703
0.0367473
0.00859232
0.0456033
0.0267357
0.0282681
0.0194162
0.00641278
0.0192963
0.0219593
0.0124152
0.0116207
0.0173807
0.0202126
0.0164033
0.0144699
0.013065
0.0134865
0.00535916
0.00971699
0.00788906
0.0083332
0.0150087
0.0182163
0.0307386
0.0143673
0.0237278
0.00994231
0.0172565
0.0228849
0.0138183
0.0202613
0.0257769
0.0210275
0.00755217
0.0178589
0.0133102
0.00947963
0.0180751
0.0189889
0.0127729
0.0103134
0.0109136
0.0118635
0.0123228
0.0234865
0.0099579
0.0126762
0.00831231
0.0145856
0.0149804
0.013396
0.011354
0.0159013
0.0171352
0.0182845
0.0304267
0.0366396
0.0210563
0.0287743
0.0260681
0.0144051
0.0294907
0.0248889
0.017397
0.0168009
0.0233709
0.0196455
0.01442
0.01997
0.00636599
0.0213787
0.0165652
0.0173163
0.0185064
0.025003
0.0133824
0.0221496
0.0131327
0.0178434
0.016226
0.0201113
0.0181621
0.0146551
0.0147256
0.0246324
0.0166465
0.0254133
0.0300934
0.0290244
0.0355349
0.0219289
0.0347261
0.0298958
0.0394438
0.026087
0.0355828
0.0400369
0.0371733
0.034601
0.0360593
0.0357981
0.0339744
0.0295478
0.0288894
0.0280807
0.0336705
0.0376182
0.0339781
0.0365357
0.0336795
0.0331974
0.0338719
0.0400893
0.0456709
0.04262
0.0392135
0.0421093
0.0436723
0.0430512
0.0578633
0.0756479
0.11521
0.237115
0.333711
0.392133
0.408226
0.388052
0.330328
0.212384
0.11463
0.0735117
0.0602722
0.060547
0.0561661
0.0570936
0.0534233
0.0523728
0.0544495
0.0557266
0.0539116
0.0522646
0.0578846
0.0488262
0.0534325
0.054654
0.05503
0.0521398
0.0539288
0.0519946
0.0519587
0.0536567
0.0496248
0.0469767
0.0463061
0.041836
0.0444168
0.0456514
0.0367698
0.0433805
0.0438178
0.039795
0.0500802
0.0408529
0.046271
0.0540452
0.0447153
0.0398482
0.0455342
0.0552289
0.0512835
0.0465958
0.0522088
0.0523008
0.0536682
0.0538524
0.0504484
0.0515681
0.0564716
0.052879
0.0586428
0.0512235
0.04745
0.0533557
0.0593555
0.0531293
0.0568727
0.0548872
0.0464013
0.0543668
0.0508113
0.0486812
0.0502837
0.0554758
0.0595665
0.0508598
0.0374163
0.0333309
0.0441216
0.0555976
0.0561468
0.0580553
0.0588964
0.0563682
0.0413023
0.0489428
0.0471
0.0569526
0.0512935
0.0565497
0.0530106
0.0482899
0.0454706
0.0521297
0.0478004
0.0519045
0.0524864
0.0481061
0.0508454
0.0515423
0.0534838
0.0533216
0.0516276
0.0489737
0.0543121
0.0516665
0.0517022
0.0561052
0.0644599
0.0552051
0.064901
0.0492304
0.0626961
0.0696413
0.0467502
0.0534399
0.0642219
0.0649989
0.076487
0.0682629
0.0686602
0.0592715
0.0773166
0.0753094
0.0807461
0.0592624
0.0699836
0.0819348
0.067438
0.0674217
0.0786137
0.0695883
0.059335
0.0663073
0.0616589
0.0671192
0.0901047
0.0743842
0.0593538
0.0685531
0.0739167
0.0556943
0.0686865
0.0579049
0.0737191
0.0559802
0.0726423
0.0690132
0.0503683
0.0589678
0.0848716
0.0668802
0.0833475
0.0400581
0.0689291
0.0697483
0.0575341
0.101569
0.0698801
0.0916616
0.087984
0.0958481
0.0719924
0.0924213
0.0956589
0.0750591
0.0890047
0.0689099
0.0842811
0.0948564
0.0831422
0.091314
0.0915293
0.0766113
0.0779595
0.0501809
0.0920983
0.106193
0.117304
0.104408
0.11385
0.108539
0.113874
0.0975032
0.103701
0.100857
0.0763489
0.0888123
0.0884815
0.0890135
0.101151
0.0846975
0.118385
0.0819758
0.076986
0.0762774
0.0733759
0.0920536
0.0770999
0.0955096
0.0650929
0.0681948
0.0558217
0.0843446
0.0819735
0.0637877
0.0690364
0.0799262
0.0730073
0.0746639
0.0774777
0.0625022
0.0712111
0.0675464
0.0630339
0.0689693
0.0798068
0.0628796
0.0591923
0.0797807
0.0721269
0.0519888
0.0932341
0.0757254
0.0765166
0.102049
0.0936536
0.0998087
0.0969302
0.0949833
0.0487097
0.0800735
0.0780296
0.0469566
0.0474896
0.0417182
0.0583089
0.0611277
0.0280409
0.0573363
0.0486125
0.036447
0.0574312
0.0657419
0.063311
0.0592114
0.0510042
0.0642248
0.0675244
0.0842339
0.0751729
0.0869942
0.101061
0.115333
0.113799
0.120954
0.114724
0.131818
0.140032
0.159177
0.171306
0.175429
0.183181
0.160835
0.139843
0.0815664
0.0609246
0.0529085
0.0635583
0.0512886
0.0483001
0.0436767
0.057952
0.0497816
0.0400856
0.0337948
0.0728513
0.0678598
0.0578319
0.0559201
0.0614297
0.0373178
0.0486864
0.0520673
0.0538309
0.0574532
0.0471016
0.0543647
0.0484773
0.0496843
0.0398531
0.0577205
0.0570022
0.04448
0.0466252
0.055982
0.0424499
0.0480534
0.0442926
0.0520857
0.0490471
0.0453854
0.0506149
0.048339
0.0512769
0.0430187
0.056924
0.044786
0.045747
0.0497329
0.0433855
0.0529445
0.0492099
0.043471
0.0476234
0.0525929
0.0556707
0.0545569
0.0404708
0.0483814
0.0510132
0.0438368
0.046372
0.0573284
0.051323
0.0407721
0.0307603
0.0440005
0.0297182
0.0293697
0.0395665
0.0471655
0.0353716
0.0437552
0.0573775
0.0354576
0.0388426
0.0497153
0.0425703
0.0446744
0.0535622
0.0408925
0.044121
0.0462765
0.0414837
0.0445911
0.050391
0.0444937
0.0436792
0.037919
0.0384214
0.0389794
0.0440006
0.0463203
0.0459487
0.0420192
0.0463582
0.0486887
0.0506344
0.0456519
0.0445023
0.0508932
0.0602011
0.0668319
0.045309
0.0577193
0.0477522
0.0533056
0.0558181
0.0755132
0.0676342
0.0706382
0.0737426
0.0769639
0.0888897
0.0805313
0.0821651
0.0849076
0.0837103
0.0846733
0.0766085
0.0602833
0.0464639
0.0502625
0.0415114
0.0484959
0.0513139
0.0390288
0.0569594
0.0374468
0.0409847
0.0466149
0.0500692
0.0436592
0.0453453
0.0453265
0.046002
0.0466334
0.0421644
0.0553681
0.0491425
0.0569935
0.0546757
0.0586502
0.0585848
0.0588666
0.0593062
0.073842
0.0753442
0.0848152
0.0766868
0.085489
0.0949716
0.0982037
0.107562
0.11183
0.117603
0.118839
0.114454
0.104745
0.0974469
0.100222
0.0873506
0.0697442
0.073068
0.0734602
0.0527085
0.0594523
0.05862
0.0670668
0.0577603
0.0633931
0.0648114
0.061845
0.0599221
0.068695
0.0683095
0.0724004
0.0742246
0.060189
0.0667611
0.0769571
0.0813429
0.0709361
0.0814209
0.0799861
0.0945975
0.0930741
0.0935457
0.0952498
0.10213
0.0945592
0.103047
0.113514
0.111399
0.128884
0.123723
0.129371
0.140707
0.144492
0.141491
0.141387
0.132071
0.123502
0.108281
0.104026
0.0936216
0.0864958
0.0765541
0.0775468
0.0706899
0.0675866
0.0652294
0.0651816
0.0753682
0.0751734
0.0724193
0.0678606
0.0660981
0.0681051
0.0676319
0.0601584
0.0716842
0.0614516
0.0629808
0.0589762
0.0571073
0.0594661
0.0651563
0.0700205
0.0708981
0.061719
0.0610195
0.0727825
0.0602106
0.0676077
0.057984
0.0661922
0.0574752
0.073102
0.066117
0.071781
0.0698757
0.0700364
0.0650161
0.0659682
0.0646797
0.0676913
0.0680166
0.0665287
0.0703665
0.068378
0.071692
0.0685977
0.0686721
0.0636105
0.0713788
0.0697825
0.0714031
0.0648758
0.0668807
0.0612597
0.0622461
0.0671137
0.0604117
0.063696
0.0657192
0.0594191
0.0625604
0.058852
0.0508152
0.0460612
0.0337553
0.033227
0.0320233
0.0372988
0.0378372
0.0393726
0.0345875
0.0363171
0.0318352
0.0466329
0.0551036
0.0672914
0.0719647
0.0782067
0.0866641
0.0967888
0.0825181
0.0795438
0.0889458
0.106278
0.106513
0.0892886
0.105903
0.124811
0.118775
0.102758
0.0895189
0.100402
0.119213
0.0917029
0.0815703
0.0693546
0.0818777
0.0806185
0.0775982
0.0727776
0.0809385
0.0862704
0.09252
0.0902959
0.0976266
0.0950921
0.0950326
0.0923673
0.10891
0.108793
0.113297
0.124556
0.117524
0.114491
0.103664
0.104628
0.110667
0.108745
0.118735
0.103104
0.0986574
0.0804851
0.0957813
0.0963364
0.102112
0.111446
0.0922241
0.115391
0.0921478
0.0695466
0.12253
0.132161
0.125304
0.12655
0.108672
0.0775217
0.112967
0.125746
0.117667
0.125489
0.141879
0.150108
0.123995
0.121325
0.138149
0.136302
0.145571
0.117108
0.138003
0.14735
0.148196
0.151324
0.148971
0.167033
0.150059
0.166272
0.154924
0.17132
0.168584
0.168915
0.176138
0.158801
0.176165
0.158879
0.15129
0.177678
0.15694
0.159103
0.141601
0.142424
0.119711
0.109742
0.124545
0.116314
0.100529
0.0723672
0.0872177
0.0771753
0.069505
0.106265
0.0966607
0.0810566
0.0616726
0.0777074
0.0800716
0.0983066
0.0987582
0.117724
0.0686982
0.0901882
0.0980352
0.0822841
0.139677
0.118124
0.151636
0.132478
0.145275
0.155837
0.160703
0.178838
0.137487
0.165708
0.15566
0.151936
0.186085
0.160769
0.17692
0.1696
0.195277
0.207435
0.217572
0.204358
0.196053
0.189129
0.204589
0.215308
0.199728
0.224815
0.208174
0.21322
0.194452
0.193979
0.1796
0.163773
0.177745
0.16622
0.148918
0.155594
0.125424
0.126825
0.083042
0.0960756
0.124116
0.0874508
0.0950107
0.0813731
0.0806497
0.0724517
0.0508832
0.0847229
0.0867527
0.110905
0.106621
0.0651812
0.0572403
0.0901664
0.0778928
0.0650638
0.047703
0.0895119
0.110063
0.0778478
0.0969869
0.058298
0.075938
0.0452538
0.0805976
0.0734299
0.111457
0.0882241
0.0681464
0.0758519
0.0842363
0.0858378
0.131883
0.11839
0.105079
0.146978
0.123589
0.10264
0.107284
0.0958261
0.107967
0.165231
0.060316
0.128627
0.0831373
0.109266
0.100035
0.0991876
0.129883
0.147196
0.124753
0.100674
0.14619
0.0989232
0.0952677
0.0987507
0.103181
0.112605
0.118608
0.134356
0.0862574
0.0955494
0.0836778
0.108484
0.113427
0.101963
0.0806484
0.103668
0.0741065
0.0572681
0.0949673
0.127698
0.152999
0.0681371
0.119837
0.0956319
0.0748761
0.0676918
0.0757412
0.0762317
0.0839574
0.0567619
0.101988
0.127197
0.0884613
0.114646
0.0815297
0.107543
0.135196
0.0433681
0.113228
0.06025
0.133072
0.0477677
0.0564575
0.121564
0.0709958
0.0837946
0.107071
0.115631
0.112888
0.101276
0.111756
0.102235
0.131447
0.136305
0.120023
0.13541
0.120493
0.125866
0.123229
0.111105
0.104207
0.0962768
0.14084
0.114293
0.114632
0.118081
0.125063
0.13659
0.102874
0.121185
0.141885
0.132697
0.0708242
0.100638
0.123664
0.116967
0.068774
0.0735575
0.0674045
0.0332778
0.045119
0.00852882
0.0122986
0.0274261
