0.188392
0.185793
0.197891
0.196308
0.189665
0.201053
0.206951
0.210782
0.222151
0.220751
0.227064
0.234536
0.235266
0.250457
0.250824
0.255485
0.262122
0.258385
0.269605
0.267951
0.269074
0.261082
0.265185
0.269339
0.284763
0.28657
0.303359
0.301996
0.314569
0.318325
0.320536
0.327768
0.332191
0.334433
0.339502
0.348153
0.349605
0.352212
0.348684
0.339384
0.331801
0.330528
0.327561
0.338994
0.358135
0.36454
0.374004
0.380387
0.38558
0.387678
0.376826
0.34031
0.320827
0.318556
0.318225
0.318313
0.344304
0.413585
0.421176
0.409027
0.372087
0.330238
0.263768
0.242289
0.227632
0.204148
0.19871
0.184825
0.180155
0.173776
0.169229
0.154514
0.148345
0.148974
0.149479
0.15281
0.151825
0.155671
0.161088
0.166953
0.17209
0.171225
0.17048
0.176825
0.181318
0.176743
0.187519
0.191832
0.196343
0.197739
0.205307
0.215822
0.228657
0.247238
0.258967
0.284812
0.309414
0.333688
0.346036
0.357413
0.36416
0.359864
0.34636
0.323154
0.287353
0.258575
0.246061
0.246365
0.251215
0.254224
0.258649
0.262938
0.269104
0.271832
0.271913
0.266015
0.264239
0.256686
0.247912
0.257482
0.259635
0.250441
0.269275
0.269465
0.280425
0.285703
0.294236
0.302695
0.303824
0.312411
0.316367
0.320304
0.323562
0.320099
0.318931
0.32061
0.335093
0.349725
0.348378
0.336098
0.322374
0.293304
0.284157
0.281544
0.285266
0.283197
0.307695
0.321297
0.319298
0.332212
0.345987
0.355363
0.367411
0.383078
0.385103
0.389786
0.396552
0.396707
0.397792
0.395893
0.397753
0.40562
0.405229
0.397477
0.364946
0.298796
0.22964
0.182381
0.166516
0.152197
0.140699
0.138708
0.140703
0.142527
0.138896
0.146981
0.148615
0.160764
0.167586
0.180748
0.193224
0.198919
0.201402
0.200365
0.194994
0.192373
0.187155
0.188124
0.176269
0.168349
0.170257
0.168659
0.173025
0.176821
0.178709
0.186073
0.184208
0.182999
0.186498
0.17786
0.165807
0.161095
0.155391
0.156718
0.158284
0.155346
0.160889
0.168726
0.17767
0.193501
0.192603
0.203636
0.21309
0.217651
0.222626
0.228517
0.232685
0.233779
0.23759
0.244385
0.249553
0.24938
0.247377
0.242913
0.22143
0.201615
0.196325
0.198047
0.207252
0.208961
0.208549
0.21816
0.223374
0.224657
0.231598
0.25161
0.253195
0.269677
0.275175
0.288874
0.298152
0.301439
0.309533
0.316784
0.324672
0.331657
0.337393
0.340665
0.352448
0.353717
0.363716
0.366875
0.373531
0.377706
0.368899
0.353782
0.292706
0.248312
0.235879
0.220964
0.225501
0.230714
0.241532
0.231534
0.230324
0.257109
0.262524
0.253274
0.269573
0.2744
0.280433
0.291257
0.297275
0.29669
0.314293
0.31227
0.32091
0.318251
0.321584
0.316179
0.298966
0.277171
0.242809
0.19994
0.177549
0.167133
0.174159
0.180377
0.189298
0.18812
0.213641
0.199761
0.214302
0.213479
0.225019
0.215948
0.215405
0.231424
0.208223
0.213664
0.19934
0.185393
0.183949
0.170804
0.174937
0.172652
0.173388
0.172755
0.182853
0.184996
0.187452
0.192282
0.188418
0.192201
0.173029
0.180262
0.169529
0.17946
0.174403
0.149511
0.1628
0.170634
0.162399
0.173021
0.174545
0.164338
0.170302
0.155676
0.165685
0.169738
0.180472
0.190064
0.198911
0.202835
0.209856
0.204133
0.216411
0.220253
0.231675
0.233523
0.2404
0.242121
0.245103
0.252069
0.236094
0.226206
0.216091
0.22044
0.223453
0.198489
0.188665
0.18454
0.179504
0.177007
0.185176
0.189767
0.195142
0.197461
0.20439
0.204141
0.196928
0.200944
0.203409
0.207474
0.214818
0.206533
0.223295
0.227537
0.23908
0.251704
0.271166
0.279944
0.286784
0.289634
0.302901
0.298689
0.298462
0.292202
0.277221
0.229384
0.203602
0.184694
0.173339
0.167981
0.170911
0.154156
0.171085
0.164469
0.187744
0.195104
0.179171
0.171813
0.176939
0.175164
0.175849
0.176264
0.18386
0.174407
0.169166
0.170647
0.167822
0.169861
0.169732
0.169189
0.177955
0.177515
0.182051
0.201334
0.221708
0.245698
0.272929
0.30656
0.324163
0.329101
0.338716
0.333984
0.323413
0.295326
0.266957
0.244542
0.257465
0.259417
0.25947
0.261902
0.263504
0.263794
0.248886
0.246682
0.244787
0.257237
0.257648
0.254018
0.248503
0.251149
0.239942
0.217224
0.217687
0.205964
0.207819
0.214891
0.223979
0.207418
0.21327
0.224174
0.23261
0.224962
0.22928
0.2057
0.217943
0.209396
0.210976
0.216808
0.215813
0.210671
0.238115
0.224934
0.212639
0.240238
0.246
0.229169
0.232797
0.210888
0.234883
0.231801
0.228666
0.233844
0.244185
0.247504
0.24773
0.24834
0.25121
0.244467
0.25762
0.270432
0.262588
0.273838
0.280731
0.302285
0.313998
0.349559
0.391344
0.414099
0.449832
0.446223
0.422445
0.374318
0.346776
0.298602
0.253069
0.232004
0.240165
0.271197
0.299751
0.347978
0.409424
0.491235
0.511339
0.516969
0.500055
0.422441
0.328024
0.239022
0.226852
0.190573
0.192881
0.192284
0.217098
0.203703
0.214244
0.198821
0.222876
0.221549
0.224256
0.221213
0.236992
0.227195
0.221427
0.235533
0.231339
0.249632
0.253867
0.228967
0.235824
0.211005
0.195259
0.181057
0.172518
0.157956
0.175837
0.166194
0.169986
0.175086
0.150004
0.134793
0.150853
0.155017
0.13971
0.150093
0.162484
0.153333
0.161513
0.144401
0.156057
0.156111
0.164307
0.185464
0.181154
0.189692
0.191624
0.21096
0.189055
0.203175
0.199668
0.19598
0.194037
0.189784
0.177753
0.175372
0.174027
0.172391
0.175867
0.197465
0.181899
0.202435
0.218951
0.209708
0.2184
0.20634
0.215444
0.202492
0.21816
0.188362
0.18188
0.17199
0.178094
0.193581
0.192813
0.198916
0.198308
0.166958
0.188601
0.184719
0.189982
0.18497
0.195687
0.193074
0.209739
0.194182
0.209449
0.205078
0.205158
0.20929
0.19313
0.204561
0.168009
0.169585
0.157256
0.147548
0.156194
0.158737
0.14195
0.156057
0.149472
0.152959
0.146924
0.139354
0.147871
0.15182
0.139674
0.14525
0.14392
0.139569
0.155239
0.153803
0.142983
0.150698
0.153806
0.143989
0.1361
0.12191
0.106951
0.104935
0.113519
0.124165
0.113678
0.122929
0.129831
0.137642
0.148752
0.151698
0.158084
0.174963
0.179722
0.183717
0.201067
0.200056
0.198732
0.182257
0.177473
0.138438
0.136387
0.0985456
0.0934929
0.094161
0.0996849
0.109524
0.135521
0.148326
0.145792
0.171479
0.161333
0.176929
0.173704
0.161771
0.157318
0.153125
0.154225
0.166056
0.149128
0.184125
0.16433
0.182635
0.18652
0.196957
0.197325
0.197642
0.195322
0.176652
0.171318
0.169055
0.171087
0.171006
0.194685
0.160744
0.192501
0.186291
0.164523
0.199742
0.179135
0.203141
0.174012
0.167068
0.18154
0.175008
0.18387
0.185868
0.189682
0.195239
0.153415
0.161431
0.151977
0.143731
0.133163
0.155403
0.131044
0.125326
0.112785
0.134007
0.126306
0.112457
0.0982261
0.101486
0.101473
0.0927232
0.0866656
0.0801332
0.0764738
0.0693521
0.0689016
0.0755532
0.0718705
0.070967
0.0774155
0.0687296
0.0617833
0.0659953
0.0749378
0.064069
0.075744
0.0813242
0.0634755
0.0693345
0.0550628
0.051892
0.0575183
0.0571019
0.0588245
0.0624093
0.0720373
0.0634978
0.0773724
0.0652431
0.0643309
0.0818474
0.0919654
0.0630227
0.0670228
0.0765592
0.0694583
0.07951
0.0710059
0.0958294
0.0975979
0.0795065
0.0765021
0.0935632
0.0900979
0.0779911
0.0736156
0.0584549
0.0674469
0.0431164
0.0635961
0.0420319
0.0476629
0.0541703
0.0523865
0.0649214
0.0548908
0.0604163
0.0716723
0.0583797
0.0748189
0.0739375
0.0716985
0.0587984
0.0582308
0.0506282
0.0568787
0.0529928
0.0544914
0.0703341
0.0696591
0.0593084
0.072824
0.0610125
0.0724132
0.0976794
0.0949343
0.0994175
0.0841247
0.145502
0.121455
0.113673
0.127642
0.125046
0.113304
0.123881
0.129135
0.160342
0.133832
0.11888
0.128039
0.135891
0.153692
0.117672
0.159402
0.16247
0.173329
0.165539
0.203445
0.193942
0.198222
0.219718
0.233532
0.247817
0.237547
0.231721
0.23243
0.278852
0.249326
0.225272
0.208413
0.188242
0.170048
0.14558
0.149595
0.16303
0.147952
0.139038
0.160922
0.165262
0.164895
0.144714
0.195931
0.188509
0.173802
0.196606
0.187631
0.206656
0.162202
0.175108
0.168795
0.183731
0.213074
0.212305
0.236505
0.261335
0.204415
0.252431
0.241711
0.221612
0.207692
0.215299
0.207174
0.175538
0.171632
0.153178
0.156102
0.132285
0.126988
0.119991
0.0932593
0.0880346
0.0549496
0.0564864
0.0479385
0.0389289
0.0256067
0.0226383
0.0222734
0.0202978
0.010594
0.0178218
0.0167631
0.0297533
0.0188287
0.013665
0.015614
0.0203316
0.0163888
0.0196517
0.0280468
0.0283152
0.036149
0.0325283
0.0277267
0.018551
0.0147906
0.0193169
0.010847
0.00965156
0.00661493
0.00189353
0.0161131
0.00896205
0.0120483
0.00527391
0.00680706
0.00744146
0.0122842
0
0.0142859
0.0119158
0.0156549
0.0242558
0.0199602
0.0153563
0.0159155
0.0224123
0.0232368
0.0157629
0.0169003
0.0159034
0.0122316
0.0143385
0.0136474
0.0192901
0.0265688
0.0178976
0.021919
0.0154099
0.0203309
0.0171023
0.0235191
0.0267891
0.0242341
0.0355552
0.0324406
0.0365621
0.0357778
0.036465
0.0261915
0.0226411
0.0268367
0.0259399
0.023084
0.0268388
0.0270906
0.0345465
0.0328431
0.0416742
0.0269435
0.0316825
0.0316426
0.030394
0.0371062
0.0351859
0.0366152
0.0465355
0.0389448
0.0304459
0.0373739
0.0260384
0.0269486
0.0298563
0.0313512
0.0296099
0.033604
0.0356982
0.0255784
0.0365026
0.0281927
0.0312999
0.0293662
0.0336352
0.0280268
0.0337386
0.036907
0.0449595
0.0433396
0.0410741
0.0550747
0.0500575
0.0656932
0.0578122
0.0627982
0.0658197
0.0663021
0.0657965
0.0670669
0.0667517
0.0668878
0.0709857
0.0704793
0.0728997
0.0742285
0.0800221
0.0794304
0.0831425
0.0765324
0.0817054
0.0852746
0.097394
0.0995902
0.110148
0.102466
0.115478
0.10619
0.117026
0.115626
0.117114
0.109309
0.111558
0.115712
0.120525
0.117822
0.118148
0.116968
0.109509
0.115195
0.109013
0.113703
0.111009
0.108201
0.110781
0.115841
0.128809
0.135304
0.149052
0.138261
0.138061
0.128036
0.111969
0.0911443
0.100453
0.112483
0.0949981
0.0971052
0.0940452
0.0903802
0.0967245
0.115145
0.094621
0.089156
0.0997807
0.096301
0.0886523
0.0881014
0.0899652
0.0991352
0.0958136
0.103466
0.112173
0.109121
0.0862213
0.09089
0.0811125
0.0690674
0.0748593
0.0743373
0.0522307
0.0681617
0.0588133
0.0613208
0.0643268
0.0651859
0.0643284
0.0544005
0.0560251
0.045013
0.0512188
0.0520139
0.06492
0.0487394
0.0614992
0.0498476
0.0527797
0.0545168
0.0761929
0.0622442
0.0783425
0.0531061
0.0653648
0.0569795
0.0461532
0.0368644
0.0255694
0.0291085
0.0287954
0.0153287
0.0225213
0.0156575
0.0185132
0.0189396
0.0242313
0.0185639
0.0226638
0.015095
0.00606448
0.0230256
0.0216667
0.0254271
0.0235269
0.0285742
0.035691
0.0348054
0.0324733
0.0469756
0.0388234
0.0512785
0.0517278
0.0414371
0.0383853
0.0334471
0.0502899
0.0389472
0.0346529
0.0325723
0.0284046
0.0274685
0.0328591
0.0155595
0.0187191
0.0222254
0.0216286
0.0217271
0.028273
0.0218955
0.0135147
0.0171523
0.0207208
0.0131044
0.0193285
0.0188608
0.0203165
0.0310718
0.0240243
0.0285294
0.024703
0.0188162
0.0389664
0.0234777
0.0225193
0.0361668
0.021132
0.0182811
0.0280313
0.0180167
0.0217868
0.0120458
0.0208041
0.0173159
0.016393
0.0172136
0.0208179
0.0234915
0.0232751
0.0151675
0.0172553
0.0182824
0.0227077
0.0283673
0.0203725
0.0186923
0.0267235
0.0292058
0.0352733
0.044952
0.0527008
0.0394796
0.0418761
0.0357644
0.0324827
0.0477121
0.0357923
0.0374105
0.0343974
0.0361837
0.0305349
0.0321516
0.027813
0.0252029
0.0300338
0.0254415
0.0258967
0.0277801
0.0298924
0.0226198
0.0312954
0.0209898
0.0262402
0.0298496
0.0363778
0.0338285
0.0288737
0.0342846
0.0334177
0.034709
0.0445828
0.0498339
0.0531181
0.0531206
0.0424297
0.0424536
0.0477818
0.0524278
0.0475093
0.0484605
0.0553723
0.047922
0.0471454
0.0478072
0.0520808
0.0422475
0.043396
0.0420791
0.0451303
0.0495343
0.051404
0.0559248
0.0538218
0.0535729
0.0538048
0.0518074
0.056135
0.0589959
0.0603108
0.0582868
0.0660265
0.0680817
0.0683173
0.0952917
0.108536
0.191838
0.385592
0.584269
0.690741
0.715299
0.681937
0.589418
0.368693
0.186361
0.121199
0.0928091
0.082056
0.0840555
0.0797738
0.0709809
0.0784112
0.0738565
0.0798793
0.075714
0.0737614
0.0810042
0.072636
0.0727033
0.0769792
0.0750537
0.0683427
0.0726732
0.0758425
0.0716065
0.0733324
0.0740517
0.0709586
0.062612
0.0556926
0.0617517
0.0605527
0.060856
0.0656808
0.0601318
0.0560548
0.0618169
0.0613568
0.0567781
0.0607383
0.0629822
0.0616849
0.0568675
0.0697728
0.0650514
0.0655608
0.0655551
0.0663417
0.0731847
0.0707122
0.0708142
0.0703874
0.0731802
0.0680198
0.0753818
0.067792
0.0693168
0.071241
0.0718519
0.0744553
0.0737034
0.0715913
0.0746752
0.0671231
0.0717881
0.0633924
0.071764
0.067352
0.0712208
0.0656341
0.0575535
0.056929
0.0522933
0.0803087
0.0640784
0.0638396
0.0671707
0.0644925
0.0682247
0.0645234
0.0665294
0.0713555
0.0720532
0.0634157
0.0681074
0.0609993
0.061917
0.0708632
0.0676434
0.0652144
0.0704498
0.0712246
0.0661406
0.0706871
0.0767237
0.0705314
0.0724458
0.073457
0.0663753
0.0741971
0.0769598
0.0785904
0.0893182
0.0761686
0.0787637
0.0615762
0.0776678
0.0862494
0.0653981
0.0768503
0.089131
0.0889881
0.0917605
0.101049
0.0816867
0.0968304
0.0960836
0.0862517
0.0870999
0.0794645
0.081159
0.0910316
0.0863071
0.0825469
0.0948544
0.0952538
0.0960457
0.0963048
0.0967458
0.0856851
0.115153
0.0995691
0.102338
0.0997038
0.0996179
0.0752153
0.0974052
0.0913088
0.10667
0.0905676
0.0958804
0.095989
0.0888023
0.0966067
0.091174
0.0847485
0.0916808
0.100815
0.0789337
0.113845
0.105619
0.115066
0.0776705
0.10286
0.123381
0.117846
0.11343
0.130706
0.133838
0.114365
0.112991
0.12438
0.141136
0.102193
0.125946
0.119387
0.0979058
0.144083
0.134525
0.122373
0.135615
0.158655
0.143066
0.146375
0.1413
0.180223
0.156291
0.169748
0.152739
0.15767
0.128115
0.120859
0.132538
0.115799
0.138999
0.130951
0.127022
0.138459
0.128999
0.0787319
0.116865
0.106994
0.110834
0.124712
0.109084
0.123017
0.0945572
0.109151
0.083449
0.103263
0.109573
0.111012
0.099535
0.125785
0.114266
0.111048
0.0914989
0.0995328
0.110207
0.110948
0.0946721
0.0862543
0.106764
0.0960443
0.0901394
0.103046
0.142814
0.131164
0.141109
0.151981
0.137881
0.134653
0.135582
0.125466
0.11346
0.107782
0.108286
0.0941352
0.0792816
0.0697487
0.0784898
0.0904469
0.0766184
0.0731152
0.075566
0.0718724
0.0842026
0.0890352
0.0914894
0.0877655
0.0697319
0.0859778
0.0984641
0.10703
0.11154
0.125197
0.143683
0.152287
0.15556
0.153721
0.162732
0.173919
0.194896
0.22232
0.23732
0.259856
0.253555
0.237038
0.195517
0.122756
0.083082
0.0855545
0.0847946
0.0793688
0.0708106
0.0663356
0.0727428
0.0671401
0.073785
0.0521902
0.0843142
0.0934941
0.0840976
0.0846511
0.0765175
0.0586127
0.0649736
0.0680424
0.082693
0.0681136
0.0722971
0.0728687
0.0674661
0.0737526
0.0638536
0.0769393
0.084386
0.06982
0.0632206
0.080396
0.0660889
0.0761462
0.0678303
0.0721134
0.0783531
0.0715188
0.0654485
0.0722195
0.0721126
0.0634547
0.0730994
0.0667341
0.0717973
0.0723941
0.073626
0.0781661
0.0728059
0.0691216
0.0881943
0.0736413
0.0775752
0.0718279
0.0661095
0.0765035
0.0642132
0.0770083
0.0671665
0.0629437
0.0643257
0.0611394
0.0612052
0.066828
0.059041
0.0616285
0.0571453
0.070179
0.0571725
0.0626376
0.0567898
0.0546262
0.0559944
0.0604114
0.0670498
0.063688
0.076244
0.0608813
0.065105
0.0641296
0.0571186
0.069783
0.0700086
0.0636322
0.0691453
0.0653925
0.05634
0.0626162
0.0637954
0.0620297
0.0642613
0.0644623
0.0654311
0.0711306
0.0747561
0.077888
0.0664196
0.0671482
0.0816354
0.0851726
0.0782691
0.0826098
0.0769388
0.087344
0.0802925
0.107094
0.0894302
0.100013
0.099728
0.0962856
0.122053
0.113908
0.122356
0.119751
0.119394
0.118908
0.103921
0.0895028
0.0753068
0.0646657
0.0643228
0.0585224
0.0626859
0.0584612
0.0740854
0.0636746
0.0639868
0.0637385
0.0677956
0.0625817
0.0620391
0.0648506
0.0655279
0.0692973
0.0691684
0.0668496
0.0660105
0.0733368
0.0774913
0.0833378
0.087726
0.0867297
0.0895402
0.101531
0.102521
0.112316
0.115126
0.130876
0.13397
0.147122
0.15224
0.157347
0.166765
0.174622
0.170328
0.164277
0.153762
0.137251
0.131634
0.122766
0.113031
0.102557
0.0867861
0.0850133
0.0933582
0.0928231
0.0801049
0.0896542
0.0833928
0.079471
0.0867756
0.0783827
0.085528
0.0864452
0.0931185
0.0985184
0.105725
0.0980076
0.106781
0.100431
0.106249
0.11164
0.120058
0.12475
0.124911
0.13507
0.138958
0.139621
0.150009
0.154031
0.158014
0.167148
0.1751
0.184962
0.194388
0.206198
0.199721
0.201434
0.19176
0.16687
0.157965
0.154025
0.127373
0.125181
0.113864
0.114177
0.0965375
0.111176
0.0978354
0.100518
0.116301
0.103029
0.0998819
0.106296
0.0933888
0.0954244
0.0922688
0.0939597
0.0774021
0.0901224
0.0767413
0.0788193
0.0650077
0.0906758
0.0888257
0.0928634
0.0948127
0.0803151
0.0832332
0.0814242
0.0779434
0.0894245
0.0803476
0.0829765
0.084259
0.0908405
0.0945794
0.0871388
0.0908999
0.0886699
0.0893109
0.0857757
0.0841914
0.0924029
0.0966672
0.0871
0.0953221
0.0914742
0.0886835
0.0830985
0.0868103
0.0923287
0.0992531
0.0899608
0.0985035
0.08822
0.0936895
0.0965292
0.101724
0.0905976
0.0897902
0.0799552
0.0889012
0.0873879
0.096427
0.100016
0.0977097
0.0996945
0.0891729
0.0944017
0.0890796
0.0917723
0.0962119
0.0990143
0.0959034
0.0961083
0.0999382
0.105447
0.113875
0.12995
0.138547
0.143622
0.135148
0.157025
0.152481
0.125263
0.14312
0.178756
0.15881
0.166591
0.171047
0.194283
0.198674
0.193544
0.171126
0.174642
0.192991
0.155628
0.1647
0.133661
0.136782
0.127703
0.119358
0.115549
0.127674
0.144259
0.133309
0.127375
0.130255
0.137988
0.143467
0.161293
0.15538
0.164478
0.171165
0.173035
0.162647
0.155759
0.15994
0.171412
0.176441
0.168954
0.164143
0.158546
0.148208
0.133666
0.146636
0.1448
0.159806
0.154307
0.164116
0.165472
0.138568
0.11365
0.139756
0.163574
0.162649
0.148647
0.162934
0.149174
0.188294
0.194601
0.177524
0.179469
0.214444
0.204813
0.185512
0.192466
0.194916
0.187627
0.21719
0.192074
0.206869
0.210401
0.217643
0.225347
0.224909
0.230008
0.231323
0.245029
0.23665
0.239687
0.243615
0.253831
0.24836
0.232609
0.254589
0.241641
0.233583
0.241675
0.23244
0.231627
0.204618
0.213865
0.18285
0.187937
0.184585
0.168445
0.157202
0.121848
0.148129
0.146097
0.128709
0.146843
0.125683
0.105017
0.121423
0.119695
0.14303
0.134664
0.114231
0.170127
0.126153
0.143537
0.131444
0.140623
0.206869
0.182413
0.222321
0.186169
0.204308
0.206758
0.217698
0.22995
0.197382
0.206631
0.194668
0.212174
0.20775
0.26025
0.237846
0.232136
0.24557
0.279486
0.297689
0.28014
0.295061
0.277226
0.309252
0.305529
0.2998
0.308213
0.309358
0.287082
0.292268
0.296363
0.270118
0.247017
0.251959
0.232892
0.203629
0.206749
0.194273
0.145395
0.133747
0.149211
0.166459
0.139881
0.139081
0.099378
0.140932
0.106849
0.0618706
0.0738668
0.123304
0.116286
0.120996
0.111562
0.131631
0.105531
0.0912197
0.0679245
0.10014
0.133637
0.152304
0.147499
0.139618
0.136814
0.123604
0.0968892
0.119687
0.0996669
0.114436
0.129645
0.140457
0.173026
0.107775
0.142332
0.158989
0.150862
0.122966
0.155557
0.185025
0.170752
0.143135
0.163841
0.143397
0.194983
0.132241
0.159396
0.0986397
0.159575
0.164387
0.130058
0.189731
0.163551
0.162389
0.170219
0.169049
0.134689
0.127438
0.137235
0.123518
0.157724
0.146361
0.176764
0.141918
0.152184
0.119899
0.158323
0.124344
0.161325
0.131075
0.134372
0.146471
0.122418
0.117447
0.138087
0.158923
0.121469
0.0875471
0.153657
0.117284
0.115245
0.0860693
0.105861
0.125903
0.117345
0.1109
0.127675
0.0891589
0.182921
0.105947
0.0958878
0.178129
0.0959459
0.141049
0.128767
0.138219
0.110789
0.147979
0.18867
0.13061
0.114914
0.172994
0.206838
0.146916
0.136292
0.121834
0.135446
0.15962
0.166079
0.17582
0.176385
0.168418
0.178021
0.201579
0.181037
0.147926
0.174538
0.183659
0.141416
0.17099
0.179527
0.183223
0.173446
0.13169
0.144272
0.161681
0.209243
0.148709
0.114888
0.16833
0.194165
0.112171
0.140887
0.146103
0.121714
0.0912048
0.0920166
0.0877211
0.0747988
