0.111225
0.106644
0.109484
0.118443
0.109341
0.115938
0.110976
0.11865
0.120209
0.12769
0.12877
0.137178
0.133936
0.144732
0.13851
0.139214
0.146534
0.140958
0.148032
0.144067
0.13776
0.141448
0.146468
0.146277
0.152459
0.15724
0.163109
0.16278
0.166887
0.172247
0.168546
0.169361
0.173633
0.174654
0.178738
0.180977
0.178218
0.18158
0.175239
0.17337
0.167273
0.163769
0.16098
0.17819
0.182381
0.184046
0.192483
0.195882
0.197335
0.19809
0.195739
0.183707
0.17298
0.171353
0.171347
0.170889
0.18644
0.205344
0.206009
0.194859
0.179524
0.167744
0.135092
0.126058
0.125183
0.111573
0.108313
0.104261
0.100799
0.0877297
0.101005
0.0965145
0.0918985
0.100731
0.0977826
0.0945811
0.0955985
0.0949312
0.0971654
0.095842
0.102399
0.0978701
0.0965028
0.103036
0.100871
0.106684
0.108986
0.113769
0.112505
0.114749
0.116277
0.12479
0.127286
0.136131
0.139007
0.143765
0.154433
0.158556
0.164599
0.174407
0.175221
0.173904
0.17031
0.161673
0.144418
0.144018
0.141197
0.137504
0.142514
0.145913
0.144226
0.146066
0.148474
0.147786
0.149444
0.143885
0.137587
0.12958
0.132416
0.139089
0.13711
0.136362
0.141756
0.143924
0.150305
0.152208
0.157138
0.163815
0.161615
0.169573
0.16627
0.17074
0.173161
0.171088
0.170846
0.171464
0.175984
0.181246
0.175729
0.166684
0.166032
0.149587
0.146898
0.139825
0.144656
0.143088
0.160159
0.161027
0.161954
0.168007
0.173056
0.185629
0.186467
0.19253
0.197474
0.195671
0.198526
0.202632
0.201838
0.201515
0.200907
0.200261
0.200706
0.195776
0.183294
0.150261
0.122176
0.104767
0.100129
0.102381
0.0956417
0.0950438
0.0925673
0.0942952
0.0933709
0.0958641
0.0990389
0.100345
0.104775
0.107404
0.110152
0.108704
0.113952
0.107461
0.114022
0.113033
0.109361
0.10882
0.11061
0.103499
0.103859
0.101966
0.109366
0.109741
0.109122
0.110884
0.115973
0.109816
0.108601
0.100149
0.0969906
0.0863115
0.0753122
0.084764
0.0893359
0.0872035
0.0858563
0.0941903
0.100334
0.109773
0.110053
0.114516
0.119713
0.121174
0.125938
0.126226
0.133881
0.130591
0.136632
0.137797
0.141931
0.138164
0.133293
0.131259
0.121143
0.101885
0.0993839
0.0978027
0.100437
0.109877
0.103782
0.110521
0.111455
0.108959
0.121017
0.131415
0.133983
0.140199
0.13678
0.15122
0.157155
0.159137
0.160086
0.161842
0.169741
0.170835
0.173903
0.173406
0.178067
0.178981
0.179093
0.17699
0.177127
0.17698
0.176929
0.166574
0.134595
0.112036
0.110573
0.110222
0.110969
0.122347
0.123974
0.130105
0.11699
0.122608
0.131053
0.136087
0.136217
0.13845
0.142039
0.153468
0.158143
0.150953
0.162892
0.163911
0.166005
0.168868
0.170894
0.165418
0.156774
0.139643
0.133505
0.114654
0.108091
0.10109
0.103978
0.110975
0.111559
0.105361
0.117679
0.107012
0.107125
0.11579
0.11297
0.108662
0.114034
0.124895
0.118883
0.116242
0.124103
0.111639
0.109441
0.11471
0.109649
0.105234
0.112823
0.103913
0.111522
0.119123
0.111041
0.107875
0.111963
0.105884
0.0969742
0.0964662
0.0861448
0.0890745
0.0885017
0.0704365
0.0723428
0.0940884
0.0754563
0.0973073
0.0827246
0.090861
0.0991955
0.0857294
0.0974935
0.0886304
0.0928932
0.0998898
0.107806
0.11569
0.110559
0.10945
0.122577
0.12802
0.130437
0.135075
0.12854
0.130591
0.124318
0.131216
0.12629
0.101856
0.103618
0.0986225
0.112156
0.0896808
0.0960712
0.0801265
0.0984726
0.0791453
0.0918124
0.093814
0.0919495
0.08924
0.102293
0.0965205
0.104498
0.109889
0.1095
0.114023
0.10919
0.111486
0.114148
0.115557
0.118446
0.137742
0.13908
0.144061
0.14896
0.157252
0.159527
0.154572
0.147124
0.154011
0.146452
0.121407
0.107709
0.0990016
0.0805515
0.0938894
0.0900087
0.0801139
0.102018
0.0936465
0.105184
0.108088
0.0931119
0.0882845
0.0948622
0.0866601
0.0894885
0.0925135
0.0996548
0.108774
0.0961302
0.0977367
0.0934436
0.0926195
0.0904868
0.0926141
0.109394
0.108045
0.103542
0.116763
0.126511
0.135318
0.146469
0.153631
0.165868
0.157937
0.161767
0.162609
0.159044
0.13987
0.130167
0.116919
0.123985
0.123233
0.12938
0.128829
0.12575
0.133924
0.11809
0.1305
0.133089
0.131719
0.131542
0.128195
0.122563
0.133936
0.125889
0.128344
0.120633
0.114974
0.117997
0.122502
0.134377
0.104804
0.109931
0.129318
0.1159
0.101569
0.110486
0.10742
0.104925
0.0813737
0.113986
0.100889
0.105702
0.107297
0.138537
0.115991
0.109983
0.124658
0.122677
0.113172
0.116678
0.107131
0.12799
0.118952
0.114957
0.106467
0.129166
0.129905
0.119986
0.133203
0.136609
0.132615
0.135618
0.150622
0.143682
0.151772
0.140615
0.15808
0.150881
0.170909
0.188925
0.181449
0.208315
0.2014
0.197644
0.166187
0.16002
0.127962
0.137354
0.104415
0.137327
0.145628
0.159315
0.191507
0.234141
0.269383
0.272037
0.287205
0.278795
0.227875
0.179618
0.133153
0.124239
0.104982
0.10298
0.0948778
0.115749
0.0943557
0.110575
0.0928282
0.0956739
0.0943695
0.115823
0.114982
0.11941
0.120909
0.111528
0.121044
0.119574
0.125687
0.13979
0.119778
0.11741
0.118228
0.10831
0.106477
0.0920094
0.07788
0.107097
0.102241
0.0864283
0.102102
0.0845741
0.0884056
0.085967
0.0826636
0.0764092
0.0753983
0.0813371
0.082934
0.103599
0.087776
0.10709
0.102102
0.08482
0.116035
0.0958604
0.110983
0.0903186
0.111813
0.0853631
0.094758
0.0876174
0.111638
0.0910933
0.0906695
0.0881404
0.0779356
0.0858797
0.0864043
0.100782
0.106312
0.092617
0.109759
0.114204
0.102693
0.101135
0.100085
0.113722
0.109255
0.103292
0.0938305
0.0872126
0.0942231
0.0913712
0.117731
0.108201
0.115722
0.121829
0.0917161
0.100014
0.092598
0.103243
0.0992078
0.0966128
0.0988025
0.100452
0.099079
0.110224
0.104658
0.0929431
0.114843
0.0943005
0.0993296
0.0885869
0.0768821
0.0937247
0.0730858
0.0608049
0.0744641
0.080765
0.0800743
0.0789393
0.0761285
0.0867578
0.0871045
0.0814994
0.0882686
0.0675884
0.0773664
0.0820269
0.0527042
0.0773495
0.0842981
0.0716894
0.0776497
0.0902196
0.0827297
0.0755627
0.0659134
0.061821
0.0623044
0.0602312
0.072455
0.0598501
0.0685075
0.0632562
0.0655602
0.0901354
0.0718942
0.08299
0.0880869
0.083294
0.0798248
0.0915548
0.0940081
0.0848566
0.0705748
0.0685101
0.0659465
0.0776924
0.0337716
0.0460132
0.0470951
0.0568062
0.0681148
0.0714072
0.0784861
0.066075
0.0827232
0.0729934
0.0709403
0.0898064
0.0819255
0.0718777
0.0778619
0.0892284
0.0904268
0.0630267
0.0843419
0.0653828
0.0815871
0.108152
0.0889867
0.121436
0.0821501
0.0957328
0.0722871
0.0785816
0.0889666
0.083395
0.0960763
0.101519
0.0761067
0.113661
0.0886599
0.079536
0.0847613
0.0940647
0.0763293
0.0941965
0.0739974
0.0917215
0.100065
0.0819316
0.0860969
0.105929
0.109164
0.0947464
0.0720725
0.0730119
0.0789879
0.0737152
0.0685953
0.0610692
0.0744164
0.0664802
0.0678496
0.0502131
0.0574906
0.0515681
0.0659356
0.0573874
0.0423222
0.0405189
0.0341597
0.0180043
0.0478776
0.0496917
0.039784
0.0341143
0.0357629
0.0365631
0.0264402
0.0252482
0.0285846
0.0485616
0.0312637
0.0427801
0.0511888
0.0366817
0.0415422
0.0348296
0.0260336
0.0324155
0.035403
0.0377801
0.0410658
0.0408064
0.0357227
0.0431823
0.0355535
0.0373233
0.0531094
0.0393946
0.036731
0.0385598
0.0370894
0.0460496
0.0460537
0.0444358
0.0621482
0.0522485
0.0430188
0.0490597
0.0537887
0.0499367
0.0454249
0.0421697
0.0423713
0.0273085
0.0230167
0.0499214
0.0250412
0.0253389
0.0240596
0.03086
0.0385596
0.0407531
0.0486412
0.0248995
0.0419076
0.0358435
0.0327092
0.0582852
0.0315998
0.0422327
0.0374856
0.0291328
0.014377
0.0271184
0.0374136
0.0397627
0.0285903
0.0450902
0.0405538
0.0501893
0.0518364
0.0429353
0.0367194
0.0478192
0.0777184
0.0788165
0.049766
0.063104
0.0486546
0.0611474
0.0689937
0.0720536
0.0850799
0.0546379
0.0508595
0.0734837
0.0625639
0.0568389
0.0583627
0.0633043
0.0715184
0.0875052
0.0899794
0.105362
0.0857797
0.0880638
0.0973625
0.113483
0.143666
0.111479
0.104388
0.11018
0.126594
0.108208
0.0946592
0.0998967
0.0947235
0.0921836
0.0638377
0.0974754
0.0739471
0.0775397
0.0731207
0.086551
0.0932296
0.0842856
0.0533305
0.0992491
0.084305
0.085526
0.0850331
0.0909238
0.0935428
0.0904344
0.092648
0.0963903
0.0908232
0.115742
0.1046
0.10745
0.122163
0.119237
0.124414
0.102471
0.111703
0.0941925
0.112144
0.0982491
0.0939165
0.0764944
0.0716061
0.0686026
0.079252
0.0634043
0.0644588
0.0399741
0.0406843
0.022781
0.0327902
0.0258337
0.0220873
0.0232331
0.0173468
0.0104359
0.0117228
0.00233506
0.0167187
0.0165096
0.0170057
0.0107079
0.0116167
0.0128315
0.0157864
0.0112577
0.0143002
0.0231983
0.0197509
0.0299999
0.018464
0.015272
0.0110391
0.0131351
0.0141678
0.00935896
0.0107957
0.0152773
0
0.0085026
0.00876749
0.004962
0.00690284
0.00138614
0.00544445
0.0113408
0.0040296
0.0146466
0.0078518
0.00975838
0.0161002
0.0112608
0.0201471
0.0110282
0.00900105
0.0147908
0.00655698
0.00968293
0.0112244
0.00532986
0.0141534
0.0128575
0.0140022
0.0162919
0.0107504
0.00985827
0.0063721
0.00939042
0.00835277
0.0103256
0.0142874
0.0151084
0.0230603
0.0278189
0.0181022
0.0160088
0.0197943
0.0144753
0.0166385
0.0147691
0.0199003
0.0140525
0.018922
0.0248875
0.0177429
0.0249717
0.0279635
0.0197864
0.0165786
0.02503
0.018911
0.0193904
0.018258
0.0216157
0.0214857
0.0159146
0.0131461
0.0208919
0.012054
0.020709
0.00635017
0.0197912
0.0171018
0.00807887
0.026071
0.013032
0.0138721
0.0096017
0.0245224
0.0123922
0.0147082
0.0146561
0.0163422
0.0185595
0.0212541
0.019746
0.0154907
0.0267772
0.0205808
0.0254034
0.0192394
0.0204513
0.0213628
0.0397683
0.0388171
0.0271427
0.0325071
0.0360444
0.0390379
0.035462
0.0406859
0.0368873
0.0389498
0.039885
0.0412796
0.0263874
0.0401939
0.0409792
0.0471773
0.0462469
0.0535622
0.048542
0.0713065
0.0472022
0.0596679
0.0571904
0.0576614
0.0475958
0.0547387
0.0587259
0.0600407
0.0516628
0.0620508
0.0524311
0.0551951
0.051089
0.0522966
0.0559548
0.0423101
0.0542024
0.050877
0.0510127
0.0615863
0.0607155
0.0698057
0.0715206
0.0590148
0.0713398
0.0471211
0.0403354
0.0404588
0.0507251
0.0510583
0.0406848
0.0452738
0.0502661
0.0482116
0.0598735
0.0458372
0.0345638
0.0360357
0.034893
0.0310697
0.0465858
0.0513378
0.0486607
0.0422396
0.0415844
0.0549547
0.03889
0.0357777
0.0489518
0.0296403
0.0385347
0.0472475
0.0334202
0.0271843
0.040839
0.0264124
0.0289668
0.0487269
0.0337982
0.0351867
0.0375287
0.0148831
0.0164554
0.0223506
0.0291075
0.0436222
0.0341536
0.0235081
0.0301068
0.0361875
0.0325694
0.0334472
0.0205988
0.0566259
0.0197805
0.0372415
0.0356015
0.030319
0.0272888
0.0174867
0.0214206
0.0115121
0.0131138
0.0166987
0.00843829
0.00880356
0.0125205
0.0190908
0.000638483
0.00645583
0.0222626
0.00834523
0.0111772
0.0199916
0.0211428
0.0143614
0.0196145
0.0150951
0.0224281
0.0184616
0.0261611
0.0233302
0.0287025
0.0219464
0.0324934
0.0176159
0.0163368
0.0323735
0.0317589
0.0307881
0.0127351
0.0114528
0.0158886
0.02038
0.0112882
0.0112639
0.0120379
0.0143125
0.00709078
0.0151322
0.0152488
0.0081457
0.00844333
0.014493
0.0117849
0.0149347
0.00284854
0.0178975
0.0179152
0.0147528
0.00893954
0.010721
0.0157698
0.0157107
0.013784
0.00927378
0.0251297
0.0169999
0.0108359
0.0161483
0.012892
0.0149064
0.0121729
0.0137304
0.012341
0.0110799
0.00683281
0.0140236
0.0156019
0.0156633
0.00831674
0.0153123
0.0103225
0.0126826
0.011668
0.00753717
0.00075413
0.0149798
0.0198504
0.0219853
0.0205152
0.0358707
0.0139157
0.0189949
0.0259112
0.018269
0.0201722
0.0202609
0.0119316
0.0126138
0.0122831
0.0197675
0.0120181
0.0148141
0.00598301
0.0129287
0.0141209
0.0110195
0.0154041
0.02295
0.00869709
0.0208897
0.0103492
0.0171411
0.0128037
0.0235273
0.0127567
0.0190682
0.0165696
0.0187743
0.0144917
0.0129836
0.0208867
0.0311054
0.0232316
0.0205954
0.0219158
0.0274236
0.0228648
0.0246108
0.0211272
0.0284699
0.025634
0.0266704
0.0224065
0.0227569
0.0160327
0.0252894
0.0169265
0.0224701
0.0205252
0.0308771
0.0260141
0.0218947
0.0264706
0.0308273
0.0285687
0.02717
0.0302865
0.0339668
0.0288878
0.0310105
0.0310054
0.0275851
0.0423255
0.0562073
0.100266
0.215041
0.319247
0.385006
0.399151
0.379619
0.326993
0.201375
0.107306
0.0607217
0.0434354
0.0368007
0.036101
0.0386322
0.0338613
0.0392634
0.0349644
0.0396951
0.0384245
0.0367603
0.0360225
0.031609
0.0292473
0.0310595
0.0332665
0.0341308
0.0352105
0.0320443
0.0323335
0.0319342
0.0320688
0.0331066
0.0288576
0.0304453
0.0322965
0.0309444
0.02212
0.0357336
0.0368295
0.0315033
0.0351321
0.0328897
0.0336417
0.0358376
0.0301646
0.0302634
0.0324849
0.0398508
0.0325075
0.0322177
0.0311958
0.0340556
0.0358651
0.0369194
0.0347705
0.0373735
0.0397475
0.0284738
0.0408023
0.0279649
0.0296154
0.040486
0.0381492
0.0360888
0.0288726
0.03309
0.0316836
0.0261397
0.032897
0.0389906
0.0323685
0.0341818
0.0457658
0.0303602
0.0248065
0.0189956
0.0258527
0.042662
0.0292775
0.0364921
0.0399792
0.0354679
0.0277243
0.0301503
0.0318856
0.0331692
0.0367602
0.0336396
0.0307848
0.0341952
0.0335999
0.0318373
0.0281571
0.0296734
0.0357706
0.0376893
0.0277473
0.0294438
0.0392479
0.0286227
0.0347771
0.0313656
0.0374629
0.0325912
0.0366297
0.0452457
0.0407246
0.0366298
0.0475402
0.0362125
0.0430295
0.0376766
0.0302015
0.0129557
0.0439399
0.0412275
0.0551489
0.0478792
0.0571576
0.0360374
0.0580096
0.0388886
0.0390828
0.0340222
0.0424764
0.0472749
0.0399049
0.0434335
0.0492223
0.046207
0.0435199
0.0336027
0.0503523
0.0426761
0.0543368
0.0483633
0.038056
0.047059
0.0613045
0.0305183
0.047103
0.0498606
0.0490752
0.0535658
0.0500667
0.0440709
0.0401341
0.0204688
0.0581995
0.0565874
0.0549626
0.0185701
0.0368152
0.0471658
0.0492762
0.0736087
0.0207247
0.0651845
0.0523762
0.0633784
0.0671652
0.0668057
0.0664406
0.0700955
0.0955244
0.0576361
0.0738228
0.0691348
0.0651273
0.0730803
0.0723281
0.0538292
0.0748669
0.0713678
0.0345849
0.0628086
0.0770026
0.0673458
0.0844428
0.0882259
0.0869015
0.0802553
0.0754288
0.0957691
0.069649
0.0835647
0.0480145
0.0615165
0.0969063
0.0722157
0.0753002
0.0633287
0.0598664
0.0329095
0.0465859
0.0465392
0.0650093
0.0765135
0.0294343
0.0530229
0.0447766
0.0622601
0.0353591
0.0550354
0.0440558
0.0628306
0.051283
0.0766845
0.0635394
0.0395187
0.0568802
0.0625294
0.0307946
0.0557861
0.039892
0.0525804
0.0449389
0.0560275
0.0524923
0.0594942
0.0794409
0.0558061
0.071329
0.0725809
0.0717415
0.0676784
0.061377
0.0914844
0.0443435
0.0338451
0.0566813
0.0320521
0.0348261
0.0237398
0.0410954
0.0446226
0.0274095
0.035802
0.0456888
0.0166296
0.0332986
0.039834
0.0533709
0.0405672
0.0302621
0.0341798
0.0408586
0.0650207
0.0542823
0.0550019
0.0693024
0.0749753
0.0842818
0.0847381
0.0850372
0.093006
0.102311
0.104517
0.124442
0.116601
0.125666
0.126403
0.109735
0.0509077
0.0349732
0.0378763
0.0434901
0.0462239
0.0264962
0.0486506
0.0310936
0.0387874
0.0226082
0.0128956
0.0523933
0.0429432
0.0435883
0.0547303
0.0316621
0.0300354
0.0322214
0.0426737
0.0362127
0.0276939
0.0394072
0.0404087
0.0421265
0.0418709
0.0223859
0.0349192
0.0485658
0.0337513
0.0228597
0.0424248
0.0313602
0.0279396
0.0370293
0.035112
0.0399966
0.0286126
0.0349474
0.0458926
0.0315305
0.0274303
0.0405254
0.0346795
0.035976
0.0375861
0.0318404
0.0492098
0.0365081
0.0368959
0.0391105
0.036872
0.0280701
0.0359806
0.0290178
0.0187751
0.0312433
0.0359224
0.0376641
0.0355779
0.0316788
0.0362129
0.0310953
0.0324354
0.01598
0.0274258
0.0325635
0.0366381
0.0291341
0.0304824
0.0366287
0.0316772
0.0301858
0.027751
0.03236
0.0304146
0.041123
0.0317764
0.0339803
0.036439
0.0275044
0.0338802
0.039022
0.0288723
0.0285395
0.0379118
0.0287182
0.0281342
0.0305069
0.0308184
0.0343169
0.0311914
0.0275623
0.0379933
0.0299967
0.0399333
0.0306487
0.0323105
0.0434832
0.0425466
0.0290402
0.0496394
0.032544
0.0429805
0.0394787
0.0573574
0.0524048
0.0603241
0.0566822
0.0436195
0.072947
0.0623794
0.0610205
0.0691639
0.0676557
0.0698326
0.0565489
0.0544486
0.0289997
0.0326713
0.0173512
0.0360116
0.0298868
0.0243709
0.0370619
0.0351456
0.0347013
0.0386917
0.0342501
0.0265095
0.0310075
0.0319444
0.0389625
0.0397632
0.0293765
0.0316045
0.032803
0.0374136
0.0407862
0.0408402
0.0383853
0.0421119
0.042888
0.054289
0.0523542
0.0610433
0.0539876
0.0602788
0.0687939
0.0738152
0.0845817
0.0791975
0.087467
0.0949255
0.092018
0.0857995
0.0776731
0.0788512
0.0650758
0.0610524
0.0501953
0.0550792
0.0362968
0.0433716
0.0428677
0.0509837
0.0409006
0.0347008
0.0424477
0.0474455
0.0383035
0.0521911
0.0392568
0.0453393
0.0498168
0.039966
0.0507012
0.0552487
0.0487114
0.051608
0.0521694
0.0546869
0.0586631
0.0636416
0.061328
0.0658625
0.0669191
0.0679882
0.0720381
0.0779429
0.0772146
0.086468
0.0871142
0.0920693
0.0910564
0.0999777
0.0994558
0.0985248
0.0890207
0.0882
0.0793835
0.0823404
0.0625131
0.0544276
0.0535664
0.0581801
0.0425034
0.0548674
0.0501697
0.0484249
0.0607438
0.0469932
0.054663
0.0485963
0.0462872
0.0621674
0.0429537
0.0428862
0.0439844
0.0396202
0.0355778
0.0451487
0.0309997
0.0435021
0.0386306
0.0445012
0.0577749
0.038124
0.0471915
0.0410745
0.0452937
0.0459686
0.0294975
0.0486275
0.0445351
0.0408525
0.0423227
0.0399855
0.0393222
0.0522918
0.0494278
0.040254
0.0388144
0.0457533
0.0469478
0.0396236
0.0428961
0.0399938
0.0456056
0.0376797
0.041708
0.0419259
0.0437197
0.0443723
0.0465716
0.0385821
0.0393888
0.041845
0.0523852
0.0441417
0.0366839
0.0401138
0.0416976
0.0433538
0.0494178
0.0673215
0.0741211
0.0716516
0.0759614
0.0717469
0.068735
0.0683107
0.0779904
0.0790539
0.0726606
0.0769597
0.0651829
0.073567
0.07703
0.0842108
0.0847165
0.0916126
0.0822023
0.0913446
0.0765758
0.0698602
0.0695649
0.0995092
0.0978691
0.0673583
0.079408
0.0970289
0.110829
0.080133
0.0742759
0.0881199
0.0870365
0.085809
0.0613134
0.0749678
0.0755998
0.0378156
0.0536535
0.0473585
0.0911573
0.0739802
0.0770804
0.0719168
0.0800751
0.0853743
0.0799333
0.0839252
0.0929185
0.0834188
0.104792
0.0942576
0.0992333
0.0883385
0.0856519
0.0971349
0.106049
0.0946264
0.0899178
0.0827604
0.0894905
0.0874999
0.077683
0.0933644
0.0667841
0.097069
0.0839495
0.0704033
0.0731634
0.0463353
0.0929324
0.0740087
0.0892268
0.0786961
0.0759509
0.0490216
0.0851536
0.109149
0.097195
0.0829141
0.111543
0.120043
0.0896669
0.104942
0.108218
0.0831145
0.120056
0.0924463
0.132526
0.122373
0.122838
0.126673
0.11619
0.117998
0.112095
0.134807
0.119421
0.143004
0.135646
0.11964
0.138509
0.128586
0.135713
0.125239
0.119846
0.139111
0.132924
0.13033
0.103821
0.120014
0.102229
0.0887855
0.0858572
0.0862321
0.0634421
0.0547486
0.0780615
0.0781628
0.0687041
0.0658108
0.091853
0.0287675
0.0437761
0.0416119
0.0558
0.0517869
0.0804342
0.0728279
0.082442
0.0369814
0.035636
0.0774442
0.120909
0.0777666
0.11085
0.127657
0.0909443
0.113711
0.120446
0.124471
0.123999
0.0926173
0.115205
0.110924
0.121054
0.131618
0.121923
0.105025
0.120713
0.163119
0.178004
0.149146
0.154087
0.146234
0.132985
0.155138
0.156225
0.174466
0.173283
0.162681
0.154548
0.156503
0.12585
0.116321
0.115237
0.13781
0.105082
0.086714
0.105595
0.0727307
0.0746121
0.0996646
0.0697863
0.0434902
0.0849075
0.0715194
0.0611371
0.0464071
0.0430648
0.0363862
0.064376
0.0715439
0.0671308
0.0780708
0.0645822
0.0597857
0.0496271
0.0856812
0.0580821
0.0461135
0.0768627
0.0678706
0.073098
0.0737071
0.0523953
0.0329997
0.109795
0.0790525
0.0797401
0.0411202
0.0637251
0.0618883
0.0656082
0.0774796
0.0812062
0.0989747
0.0712305
0.0771205
0.0981676
0.103168
0.0731686
0.0761175
0.077021
0.118691
0.0463097
0.102755
0.0560519
0.0623493
0.144307
0.0808504
0.10305
0.121127
0.0908475
0.105155
0.117502
0.0587831
0.0759418
0.082239
0.0747695
0.0753686
0.102495
0.119926
0.0796274
0.0750721
0.0586709
0.080562
0.10322
0.107049
0.0159019
0.0800376
0.070007
0.0540346
0.0456484
0.0386562
0.118107
0.0450426
0.0190061
0.0366235
0.0635972
0.026326
0.050631
0.05881
0.0440972
0.0162435
0.0427222
0.0680657
0.0317058
0.0930811
0.00417117
0.0351225
0.0789246
0.0780658
0.0881509
0.0430121
0.0730514
0.0479926
0.0691143
0.0748534
0.0360825
0.0338933
0.0735024
0.0954695
0.0618633
0.0536662
0.0746739
0.0733453
0.102648
0.0670804
0.10675
0.0902352
0.11095
0.0880092
0.0901023
0.136093
0.10413
0.105641
0.090098
0.0967212
0.108415
0.0703567
0.100591
0.0965448
0.0972104
0.107451
0.0697972
0.113398
0.101658
0.0606287
0.107254
0.0891176
0.0456328
0.0730929
0.0916265
0.0549873
0.0530263
0.0622918
0.0620082
0.0829613
