0.11341
0.113042
0.121216
0.125122
0.119786
0.129566
0.127841
0.127073
0.138134
0.136161
0.136296
0.148789
0.144606
0.155265
0.148542
0.149745
0.154272
0.15574
0.161973
0.154705
0.160748
0.155944
0.152703
0.154701
0.163637
0.168227
0.17548
0.172427
0.180007
0.182206
0.182809
0.182044
0.187583
0.189837
0.190733
0.193927
0.1947
0.198162
0.194048
0.18885
0.182439
0.183099
0.176254
0.188806
0.198543
0.201507
0.205651
0.208491
0.213312
0.210689
0.210959
0.198984
0.186572
0.185653
0.185073
0.185066
0.20119
0.223263
0.221491
0.216784
0.195227
0.177144
0.145476
0.136391
0.129004
0.121713
0.119216
0.109998
0.107194
0.10383
0.107214
0.103843
0.0985014
0.101948
0.10716
0.103074
0.104764
0.105362
0.103944
0.109573
0.105705
0.107476
0.099417
0.107603
0.107933
0.111385
0.116198
0.118875
0.123752
0.122652
0.130667
0.131206
0.137059
0.142897
0.1459
0.15527
0.166357
0.174893
0.176758
0.184318
0.193817
0.187478
0.184144
0.17406
0.158363
0.154326
0.151318
0.14722
0.151964
0.15312
0.154833
0.158916
0.161873
0.161338
0.159264
0.156751
0.152234
0.150885
0.141276
0.155925
0.141085
0.138979
0.155364
0.161479
0.159897
0.163969
0.170253
0.175214
0.173676
0.18107
0.180899
0.181778
0.186314
0.184981
0.185037
0.185577
0.189375
0.191988
0.192559
0.181926
0.175879
0.168203
0.160015
0.152094
0.156576
0.165536
0.169773
0.1783
0.178066
0.181327
0.19278
0.195433
0.201995
0.209498
0.212099
0.208134
0.215211
0.218135
0.221259
0.217021
0.216201
0.220685
0.215345
0.213764
0.196765
0.165161
0.1344
0.111846
0.104491
0.108237
0.102604
0.102327
0.100594
0.103198
0.101592
0.10093
0.0977554
0.109277
0.115763
0.120424
0.111626
0.117876
0.122652
0.104741
0.122424
0.115102
0.117408
0.120923
0.116275
0.111472
0.11218
0.110152
0.115802
0.115427
0.117948
0.1194
0.121819
0.118573
0.112388
0.119421
0.1089
0.102805
0.0880537
0.090013
0.10301
0.0925154
0.0974915
0.105399
0.112934
0.124308
0.119146
0.123831
0.126947
0.132735
0.137076
0.138717
0.143634
0.145017
0.142661
0.149266
0.149351
0.148239
0.147349
0.13677
0.128156
0.112607
0.11014
0.111703
0.113481
0.113173
0.113313
0.121051
0.124832
0.119508
0.128482
0.146954
0.143688
0.153412
0.150263
0.160612
0.167425
0.173873
0.175408
0.177643
0.181228
0.181854
0.188666
0.187762
0.192234
0.188671
0.194055
0.193506
0.194137
0.190417
0.196518
0.188365
0.154596
0.125644
0.116922
0.126392
0.116579
0.129292
0.140542
0.134175
0.128346
0.140512
0.139702
0.143417
0.155117
0.155162
0.152747
0.166041
0.164983
0.168749
0.179904
0.17807
0.183437
0.182094
0.182517
0.175156
0.163893
0.161906
0.149711
0.1279
0.111142
0.108923
0.11006
0.110964
0.124618
0.10503
0.12476
0.110342
0.115109
0.119715
0.12421
0.116622
0.114881
0.136336
0.122138
0.130619
0.126822
0.118295
0.109812
0.120115
0.11267
0.112706
0.113941
0.111611
0.118896
0.124096
0.124487
0.116388
0.11134
0.111088
0.107617
0.103725
0.101104
0.0930258
0.0902628
0.0854274
0.0785855
0.0952125
0.101667
0.0893432
0.0982171
0.0925318
0.10214
0.100907
0.108121
0.118265
0.102678
0.113698
0.112449
0.117897
0.129573
0.123435
0.130044
0.131446
0.137963
0.146701
0.137794
0.144269
0.143134
0.135319
0.13077
0.116445
0.109495
0.116163
0.122089
0.0984792
0.104773
0.102284
0.10408
0.101998
0.112363
0.102611
0.115058
0.11928
0.122472
0.118576
0.106053
0.127812
0.116899
0.120872
0.109056
0.115731
0.126269
0.11887
0.135435
0.137791
0.159637
0.153763
0.166495
0.164421
0.175773
0.169196
0.169148
0.165258
0.156646
0.127908
0.111247
0.101874
0.103988
0.0945491
0.0894329
0.0849628
0.10676
0.100057
0.107915
0.120782
0.118814
0.0924438
0.0966167
0.0881766
0.0999473
0.097712
0.114741
0.116988
0.0980484
0.108719
0.0979993
0.103116
0.105817
0.109303
0.111637
0.1146
0.114465
0.128389
0.138011
0.139365
0.156944
0.170834
0.187165
0.177216
0.176618
0.183461
0.188087
0.16888
0.147833
0.128786
0.129741
0.139442
0.140354
0.136179
0.142423
0.141921
0.136155
0.132386
0.141128
0.140415
0.143884
0.149806
0.139182
0.14049
0.137098
0.132123
0.131926
0.128705
0.125366
0.128216
0.137213
0.119011
0.111483
0.118886
0.124342
0.122519
0.13485
0.126942
0.128935
0.10854
0.103393
0.128463
0.139526
0.112715
0.149956
0.131858
0.124747
0.139301
0.137064
0.129692
0.124909
0.129129
0.13293
0.136421
0.120693
0.14101
0.135161
0.139887
0.139266
0.140003
0.137673
0.148849
0.145809
0.165674
0.158544
0.155348
0.160601
0.168358
0.168862
0.186627
0.200616
0.21538
0.231267
0.224158
0.205178
0.180494
0.184987
0.147771
0.152738
0.11969
0.144993
0.158726
0.172575
0.212855
0.258628
0.304906
0.312801
0.319507
0.299121
0.267735
0.194215
0.142371
0.127708
0.115439
0.111024
0.112351
0.121802
0.113564
0.129566
0.107495
0.117022
0.117389
0.124088
0.133585
0.126528
0.128106
0.124084
0.134862
0.125239
0.133069
0.144692
0.128735
0.134309
0.12321
0.119637
0.10642
0.0944017
0.0930151
0.0969759
0.114557
0.108367
0.0940241
0.0849727
0.0867468
0.0900002
0.0880415
0.0959529
0.0992261
0.0971228
0.0859649
0.105714
0.0990451
0.116276
0.1126
0.098511
0.115636
0.128514
0.102367
0.109837
0.135244
0.0995612
0.105816
0.0981042
0.105667
0.119004
0.10913
0.097575
0.085855
0.109337
0.091469
0.110106
0.120959
0.0976455
0.11646
0.111403
0.105651
0.117864
0.132409
0.126656
0.112681
0.113582
0.094351
0.0918611
0.0957038
0.115112
0.11577
0.123329
0.1165
0.119272
0.101736
0.117728
0.116382
0.130974
0.108832
0.134697
0.104025
0.117552
0.117968
0.11391
0.123954
0.116317
0.115082
0.111678
0.118296
0.0943442
0.0909029
0.100426
0.0846523
0.101149
0.0885592
0.104502
0.101832
0.0881556
0.0830894
0.0962209
0.0850145
0.0901579
0.0932072
0.0785756
0.0807622
0.085145
0.0732738
0.0979946
0.0829193
0.0830348
0.0935116
0.0897823
0.0827545
0.0760826
0.0818097
0.0631424
0.0709609
0.0817355
0.0782397
0.0670481
0.0706742
0.0755315
0.0759509
0.0958355
0.0810544
0.0911303
0.106839
0.104867
0.104192
0.099817
0.103272
0.0992437
0.0994312
0.0988982
0.0805609
0.0770804
0.0489612
0.0588463
0.0653644
0.0740628
0.0792381
0.0815548
0.0727944
0.0964037
0.0856471
0.0982827
0.0985162
0.0918602
0.0869381
0.0908947
0.0912944
0.11646
0.104943
0.0908582
0.0936225
0.0981417
0.0860789
0.115673
0.113192
0.117361
0.115039
0.0998942
0.11745
0.110732
0.0918563
0.087767
0.0864442
0.12169
0.106821
0.117393
0.124016
0.0792683
0.119504
0.0903968
0.123114
0.123189
0.114276
0.102565
0.104491
0.103808
0.105259
0.118692
0.113982
0.0997499
0.0880605
0.0902631
0.0742572
0.0780459
0.0854496
0.0731022
0.0700766
0.061644
0.0762295
0.0761886
0.0653052
0.0595
0.0723033
0.0604046
0.0559781
0.0481034
0.0479499
0.0508932
0.0607763
0.0438058
0.0479626
0.0446573
0.0498332
0.0359846
0.0438128
0.0337358
0.0292184
0.0441978
0.0297875
0.0425924
0.049886
0.0338521
0.0395308
0.0336951
0.0279422
0.0342154
0.0388514
0.0357141
0.0383763
0.0513015
0.0404408
0.0317508
0.0403115
0.0375059
0.0551698
0.054276
0.0235992
0.039012
0.0646059
0.0459216
0.0513584
0.0476576
0.0518208
0.0703303
0.0506936
0.0543475
0.0606453
0.0564543
0.0549204
0.0573781
0.0414041
0.0463031
0.0176595
0.0290532
0.0289267
0.0252338
0.0270369
0.0342776
0.0521164
0.0503824
0.0497971
0.0390754
0.0305463
0.0297572
0.0497672
0.043256
0.0403562
0.0499947
0.0466827
0.0371767
0.0188248
0.0360292
0.042663
0.0378906
0.035229
0.0444032
0.0376947
0.0549654
0.0438544
0.0523016
0.0536349
0.0663298
0.0943349
0.0672346
0.0594934
0.0748454
0.0514993
0.0647607
0.0690319
0.092334
0.0990613
0.0595532
0.0702946
0.0975689
0.0752427
0.0897558
0.0663297
0.0835992
0.0902707
0.096313
0.0782182
0.115618
0.102768
0.0891243
0.115979
0.124738
0.138986
0.117479
0.124992
0.134982
0.128519
0.144459
0.094564
0.099253
0.104583
0.112596
0.106382
0.107244
0.0829808
0.0960029
0.0881905
0.086967
0.0816296
0.119375
0.0900046
0.0941361
0.117217
0.106386
0.115739
0.123135
0.123492
0.109369
0.122178
0.0827276
0.0978635
0.12496
0.108584
0.119915
0.143849
0.135124
0.125788
0.130747
0.116531
0.116644
0.124838
0.122258
0.0996701
0.0945725
0.0978181
0.0937996
0.0852965
0.0721976
0.0502465
0.0534724
0.0570529
0.0291234
0.0413499
0.0300384
0.0290307
0.0213615
0.0125544
0.016447
0.0102823
0.0121231
0.0203843
0.0140008
0.0194174
0.0162949
0.0127532
0.0149718
0.0193265
0.0137653
0.00791303
0.0147396
0.0263218
0.0241142
0.0259321
0.0177586
0.0124608
0.00799094
0.0139802
0.0132034
0.00743112
0.0108145
0.0051812
0.0103805
0.00577476
0.0140596
0.00710769
0.00825161
0
0.00889265
0.00148093
0.00657529
0.0061525
0.00409655
0.0129817
0.00863771
0.00934664
0.0113178
0.0212521
0.0164171
0.00698389
0.0111979
0.00893439
0.00294013
0.0129654
0.0115515
0.0138533
0.0195522
0.0154503
0.0126521
0.0112313
0.0119057
0.0082653
0.017749
0.0173264
0.0115357
0.0189117
0.0201271
0.0236851
0.0201489
0.0217756
0.00949202
0.0164708
0.0172704
0.0156157
0.0185351
0.0133927
0.0166139
0.0213146
0.0204417
0.0219985
0.0166589
0.0178347
0.0181125
0.019094
0.021564
0.0224058
0.0198363
0.0240897
0.0198011
0.0155622
0.0212546
0.00773402
0.0157127
0.0134188
0.0222044
0.0154895
0.0123363
0.0222275
0.0139584
0.0191437
0.0122973
0.0217486
0.00900684
0.0192377
0.0200763
0.0192993
0.0175445
0.027417
0.0244432
0.0200218
0.0301655
0.0262071
0.0289511
0.0202495
0.0261651
0.0318375
0.0283906
0.0354075
0.0383308
0.0325476
0.0333401
0.0368605
0.0388586
0.0330546
0.0363331
0.0378609
0.0422628
0.0393056
0.0367312
0.0401509
0.0480478
0.0411975
0.0531183
0.0585525
0.0434895
0.0639113
0.0528032
0.0655044
0.0673143
0.0513016
0.0449456
0.0538192
0.0528444
0.0693703
0.0616475
0.0544542
0.0629882
0.0511682
0.0499325
0.0630622
0.0583963
0.0512882
0.0504308
0.0490786
0.0592245
0.0625768
0.0650281
0.0732353
0.0731721
0.0739742
0.0747053
0.0537107
0.0427654
0.0561627
0.0585601
0.0505919
0.0507083
0.0536569
0.0530853
0.0629779
0.0686978
0.0471387
0.0419374
0.043173
0.0525947
0.0462751
0.0552554
0.0512981
0.0479907
0.0414824
0.0504886
0.0629473
0.0459409
0.0501078
0.0456045
0.0415526
0.0414204
0.0505999
0.0376413
0.027176
0.0374787
0.0443416
0.0310505
0.0424899
0.0406353
0.0405232
0.0309546
0.0304582
0.0149768
0.03882
0.0323056
0.0322936
0.0260034
0.03634
0.0213995
0.036918
0.030575
0.0366357
0.037548
0.038743
0.0345102
0.050448
0.0382869
0.0332851
0.0268366
0.0271722
0.0311008
0.0181131
0.00638038
0.0180312
0.0177957
0.0121006
0.0196253
0.0103105
0.00727214
0.0144779
0.00999031
0.0120218
0.019461
0.0161374
0.0194562
0.0158843
0.0259321
0.0275774
0.0302644
0.0318871
0.0371269
0.0329363
0.0316239
0.0350582
0.039597
0.0313648
0.0219768
0.0425271
0.0226261
0.0162461
0.00884928
0.0173734
0.0163593
0.0191417
0.000786239
0.0110333
0.0179936
0.0156501
0.00864789
0.00868307
0.0148783
0.010626
0.0137467
0.0124961
0.0146024
0.00890779
0.00875733
0.0167061
0.0140873
0.0194811
0.0130887
0.0123131
0.00516336
0.0267956
0.0184439
0.0111579
0.0281161
0.0234907
0.00609678
0.018143
0.0150738
0.0144105
0.0200282
0.015557
0.0124955
0.00685326
0.0107709
0.0118009
0.0141914
0.0121868
0.0086179
0.00704245
0.00572686
0.0129036
0.0148187
0.00864404
0.00791917
0.00876206
0.0202084
0.0188617
0.0287151
0.0321487
0.0204549
0.0206002
0.0295137
0.0181985
0.0328118
0.0125342
0.0217716
0.00905188
0.0177176
0.0225695
0.00951971
0.020682
0.0121092
0.0128012
0.0147349
0.0102608
0.0123928
0.0203719
0.0124059
0.0175094
0.0111205
0.0113131
0.016295
0.0210727
0.0113482
0.0114404
0.0139885
0.0176754
0.0171664
0.022295
0.023857
0.0311443
0.0279549
0.0199024
0.0163198
0.0233445
0.0347891
0.0229946
0.0263754
0.0251098
0.0230193
0.0235287
0.0286951
0.0308033
0.0224374
0.0291162
0.0169887
0.0219514
0.0209905
0.0269613
0.0312871
0.0218368
0.0266176
0.0261579
0.023219
0.0269677
0.0328675
0.0306956
0.0344222
0.0307603
0.0342252
0.0374553
0.0492393
0.0670427
0.11939
0.237075
0.363014
0.438348
0.456295
0.430008
0.371558
0.228397
0.116504
0.0706649
0.0437449
0.0419221
0.0386786
0.0322007
0.0345786
0.0364293
0.0359288
0.0390954
0.0352571
0.0341092
0.0429383
0.0332105
0.028244
0.0370571
0.0366684
0.0346266
0.0337488
0.0366804
0.0328958
0.0375324
0.0291779
0.036213
0.0316102
0.0362283
0.0302476
0.0292376
0.0262194
0.0232128
0.0282156
0.0356398
0.027951
0.0356044
0.0345231
0.0367232
0.0326013
0.0324638
0.0280163
0.0438721
0.0323731
0.0301174
0.0328324
0.0359379
0.0318554
0.0327905
0.0346005
0.0339494
0.0369051
0.0349295
0.0374411
0.0305983
0.0312376
0.0372732
0.0381745
0.0362578
0.0372362
0.0353501
0.0376614
0.0403595
0.0350583
0.0349253
0.0398696
0.032461
0.0389075
0.0348938
0.0326908
0.0276231
0.0165265
0.0463368
0.0335935
0.040912
0.0495774
0.0373656
0.0363599
0.0305384
0.0321263
0.0383289
0.0299146
0.0356979
0.0382944
0.0294039
0.0343431
0.0349969
0.0290619
0.0356314
0.0349578
0.0372094
0.0318962
0.0291374
0.0324917
0.0345374
0.0346751
0.0251319
0.0324135
0.0323807
0.0364881
0.0333657
0.046335
0.0401024
0.0440864
0.0196131
0.0469084
0.0456265
0.0493434
0.0431499
0.0607993
0.0356344
0.0685024
0.0663088
0.0439729
0.0485225
0.0580364
0.0506391
0.04948
0.0285621
0.0393691
0.0510749
0.051626
0.0389212
0.0493984
0.0521752
0.0452908
0.0378685
0.0429587
0.0433571
0.0707262
0.0494871
0.043266
0.0543382
0.0531542
0.0279648
0.0594629
0.044557
0.0582295
0.0445983
0.0545841
0.0541441
0.0688995
0.0418993
0.0563292
0.0642571
0.0520957
0.0438049
0.0478612
0.0516009
0.0595066
0.0650411
0.0850049
0.0757433
0.0654938
0.102927
0.0598591
0.057038
0.0824779
0.0869595
0.0932777
0.0590204
0.0810011
0.0816289
0.0762499
0.0564229
0.0626342
0.0618566
0.088982
0.0979315
0.0710903
0.0824143
0.079334
0.0768886
0.0903829
0.0771456
0.0955843
0.0911801
0.090261
0.0994614
0.0831309
0.0817825
0.0685176
0.0616551
0.0935654
0.0946703
0.102768
0.0787931
0.0859054
0.0443643
0.0759182
0.0610048
0.0779729
0.0940801
0.0578252
0.0544307
0.0680243
0.0768677
0.0480789
0.0632697
0.0639602
0.0606605
0.0548285
0.0956232
0.0582362
0.0458608
0.0446424
0.0523666
0.0385593
0.0542921
0.0380037
0.073732
0.0614461
0.0722655
0.0863623
0.0521076
0.115278
0.0517456
0.0706057
0.0935032
0.0817804
0.0960025
0.0897508
0.0711928
0.0412447
0.0577648
0.0734099
0.0476357
0.040222
0.0462301
0.0654357
0.0738367
0.0282854
0.0335321
0.0561428
0.0326771
0.0275798
0.0492068
0.0626615
0.0487985
0.0284692
0.0497996
0.0580294
0.0553424
0.0629014
0.0664906
0.0774122
0.0796843
0.0813122
0.0921091
0.0818917
0.0945888
0.111494
0.121994
0.124704
0.147575
0.138433
0.136525
0.110346
0.0629701
0.048167
0.0363024
0.0355867
0.0368605
0.0435879
0.0497782
0.0542898
0.046882
0.0295712
0.0242066
0.0457511
0.0564042
0.0515408
0.0524921
0.0490867
0.0324921
0.0369481
0.0350129
0.0504859
0.032965
0.0335966
0.0408622
0.0418258
0.0277718
0.023218
0.044218
0.0393032
0.035025
0.0270235
0.0427848
0.036113
0.0354325
0.039429
0.038634
0.0386058
0.0330193
0.0286248
0.038896
0.0379941
0.0311407
0.0400095
0.0391704
0.0367164
0.0486766
0.037606
0.0393989
0.0383311
0.0362339
0.038804
0.0353564
0.0444179
0.0400705
0.0341537
0.032539
0.0426748
0.0409411
0.0410938
0.0354523
0.0437078
0.0425775
0.0227578
0.0322264
0.0179225
0.0308624
0.0309206
0.0478361
0.0309361
0.0261592
0.0372865
0.034273
0.0248544
0.0353576
0.0365696
0.0415
0.0444089
0.0352382
0.0366867
0.0387466
0.0294809
0.0390443
0.0361663
0.036859
0.0349986
0.0315851
0.0303991
0.0355033
0.0347929
0.0350503
0.033427
0.0292864
0.0378634
0.0378805
0.0401888
0.0376561
0.0317252
0.0372199
0.0462663
0.0492057
0.0352288
0.049099
0.0398283
0.049369
0.0420601
0.0686496
0.0524786
0.0614484
0.064688
0.0623285
0.0769672
0.0783999
0.0700092
0.0737807
0.0728748
0.0702201
0.0611471
0.0547149
0.0347624
0.0373393
0.0239121
0.0449453
0.0411443
0.0257469
0.0444133
0.0333955
0.0386122
0.0349637
0.0339927
0.0346876
0.0267224
0.0303598
0.0326673
0.0368933
0.0323391
0.0346657
0.0295787
0.0400057
0.0438165
0.0473466
0.0422741
0.0501181
0.0448657
0.060292
0.0589108
0.0593968
0.0576208
0.0708136
0.0803707
0.0793533
0.0840366
0.0865193
0.0925542
0.0982213
0.091453
0.0869118
0.0856299
0.0852634
0.0736533
0.0611094
0.0678624
0.0595204
0.0419303
0.0505936
0.0543451
0.0503623
0.0495748
0.0427269
0.0468308
0.0364836
0.0475479
0.0434321
0.047725
0.0516411
0.0502387
0.0496044
0.0629022
0.0481568
0.0496029
0.0472065
0.0514048
0.058913
0.0649995
0.068937
0.0610319
0.072078
0.0782608
0.0699648
0.0785605
0.0803398
0.0799286
0.0908445
0.0934415
0.0969452
0.102644
0.109427
0.107028
0.105788
0.0956957
0.0921776
0.0758758
0.0802535
0.0691479
0.0615683
0.051569
0.062121
0.0514966
0.0525054
0.0541182
0.0558576
0.0567619
0.0570191
0.0555617
0.0444183
0.052542
0.0493659
0.0524631
0.0518366
0.0463308
0.0445585
0.0510478
0.0411731
0.025286
0.0522214
0.0500066
0.0445086
0.0532829
0.0458621
0.0467346
0.0454088
0.0324931
0.0478502
0.0369386
0.0395746
0.0399626
0.0408363
0.0410042
0.0446394
0.0478183
0.0461985
0.0446957
0.0449981
0.0450468
0.0536007
0.0479482
0.0473223
0.0433032
0.0496906
0.0404448
0.038042
0.0401343
0.0430322
0.0486891
0.0372053
0.0457259
0.048368
0.0449741
0.0439532
0.0496989
0.0466425
0.0401717
0.0378291
0.0479409
0.0444417
0.061957
0.0673909
0.0772011
0.0730519
0.0656298
0.0705154
0.0729632
0.0748573
0.0794977
0.0779976
0.0750957
0.0800681
0.0750183
0.0725105
0.0844464
0.0926785
0.100335
0.0859749
0.0854499
0.0868976
0.0704681
0.086924
0.0989067
0.112159
0.112548
0.102346
0.0813805
0.107125
0.107087
0.0950289
0.0895368
0.0973488
0.111893
0.0905784
0.0768009
0.078897
0.0681632
0.0676811
0.0502387
0.0648768
0.087933
0.0883602
0.0904177
0.0817427
0.0734957
0.0788287
0.0915724
0.0966373
0.094764
0.104691
0.106981
0.111197
0.103739
0.0939624
0.0927953
0.0978043
0.113574
0.11843
0.117381
0.100253
0.108387
0.0858016
0.0886388
0.0903694
0.0784595
0.0861495
0.0967281
0.105539
0.0729865
0.0519169
0.110714
0.118274
0.0980996
0.103681
0.119724
0.0719643
0.101046
0.0919933
0.0977473
0.102189
0.134682
0.12396
0.127811
0.114564
0.144449
0.104294
0.126803
0.111528
0.115959
0.148042
0.126422
0.131764
0.126811
0.120432
0.127069
0.159683
0.133907
0.135661
0.135879
0.129862
0.159703
0.136947
0.136279
0.139785
0.118781
0.153777
0.136427
0.13636
0.0994106
0.122492
0.110494
0.105817
0.121009
0.0916325
0.0755037
0.0617132
0.0832767
0.117609
0.0890906
0.0970253
0.0843947
0.0555516
0.063659
0.0398209
0.0632487
0.0715567
0.11062
0.0923724
0.0785406
0.0817375
0.0553529
0.0737896
0.121607
0.10135
0.154388
0.12078
0.124143
0.12597
0.128005
0.173205
0.0979307
0.105604
0.111118
0.137387
0.138643
0.162859
0.16725
0.132241
0.142495
0.185586
0.178657
0.150252
0.175123
0.142269
0.161777
0.164733
0.171639
0.176897
0.165095
0.169233
0.162777
0.174814
0.156778
0.144424
0.160373
0.133383
0.132923
0.087003
0.162431
0.142631
0.0991814
0.0924562
0.113874
0.0925491
0.0897199
0.0651644
0.0663911
0.0722736
0.0430103
0.0792267
0.0932543
0.107249
0.110173
0.109884
0.0764249
0.0738769
0.0827001
0.0859994
0.0923485
0.102363
0.102829
0.0971804
0.110886
0.0910322
0.0862641
0.0646122
0.101375
0.07617
0.107188
0.089708
0.0605207
0.105672
0.0607928
0.0763278
0.118924
0.144504
0.0937697
0.114412
0.118533
0.10806
0.0927547
0.0648827
0.124193
0.128292
0.0604032
0.155271
0.0632347
0.105953
0.084322
0.112847
0.109545
0.140573
0.122858
0.106313
0.11337
0.107568
0.089737
0.106838
0.0628219
0.130596
0.128806
0.108499
0.105623
0.0997594
0.0943975
0.116483
0.136501
0.0868732
0.0821193
0.109469
0.0936667
0.0878402
0.0760421
0.137015
0.0801837
0.0666038
0.0525358
0.0869204
0.0946688
0.0691707
0.0853641
0.100844
0.106608
0.0452796
0.0729881
0.0751823
0.0754569
0.106689
0.0384036
0.087744
0.118303
0.0609471
0.0827962
0.0645367
0.0944228
0.0675843
0.114844
0.143387
0.106068
0.118855
0.107508
0.113219
0.0824178
0.071843
0.0750386
0.0740562
0.134571
0.0848004
0.116757
0.119574
0.0943566
0.0892503
0.125031
0.11984
0.0854023
0.0920985
0.124694
0.137215
0.135165
0.0715359
0.0937584
0.105897
0.105865
0.10046
0.124291
0.128599
0.115948
0.0895913
0.118544
0.115139
0.106297
0.0963186
0.0936006
0.100473
0.0643202
0.0573753
0.0584376
0.0790919
