0.108985
0.11096
0.112921
0.116039
0.112631
0.115899
0.116491
0.123698
0.129847
0.132365
0.133735
0.148847
0.13922
0.148214
0.145626
0.143849
0.152403
0.149395
0.150791
0.145558
0.15235
0.145644
0.150641
0.146896
0.158355
0.163142
0.168492
0.16146
0.171898
0.174431
0.174728
0.173428
0.179522
0.183402
0.18139
0.186541
0.185396
0.187159
0.180599
0.175537
0.176088
0.170511
0.168666
0.180843
0.189795
0.192539
0.197729
0.198956
0.20456
0.203799
0.203352
0.189673
0.17798
0.176812
0.176741
0.176733
0.191844
0.20971
0.210106
0.207639
0.188061
0.172675
0.138729
0.141197
0.130021
0.119689
0.114914
0.114229
0.110559
0.103587
0.0989299
0.097385
0.103275
0.0996084
0.100833
0.099268
0.0972545
0.104086
0.103008
0.10119
0.101176
0.10313
0.0975081
0.105302
0.106111
0.108832
0.113021
0.115704
0.118443
0.11854
0.123612
0.129462
0.134029
0.138456
0.144017
0.146445
0.158868
0.163372
0.166129
0.175283
0.181738
0.181698
0.177764
0.168223
0.150735
0.147958
0.143458
0.145286
0.145895
0.14856
0.147403
0.151786
0.153229
0.153382
0.152246
0.151705
0.144468
0.138876
0.134868
0.143387
0.133714
0.140012
0.145873
0.150371
0.155782
0.158068
0.163998
0.169658
0.168399
0.171211
0.171531
0.175683
0.178199
0.176357
0.176193
0.177032
0.18116
0.184269
0.18508
0.170913
0.169861
0.156353
0.15578
0.143639
0.148388
0.149655
0.158273
0.168903
0.167552
0.174108
0.184652
0.185322
0.191448
0.199627
0.200574
0.197403
0.205499
0.207099
0.20822
0.207824
0.206438
0.207675
0.206092
0.200017
0.187419
0.159294
0.127112
0.114135
0.108496
0.105906
0.0989641
0.0990445
0.10213
0.101242
0.099813
0.105755
0.0992505
0.100424
0.110767
0.115896
0.112352
0.109482
0.12164
0.118854
0.119037
0.112035
0.115039
0.122859
0.112788
0.109896
0.109029
0.108489
0.112419
0.109182
0.113357
0.114185
0.11621
0.117612
0.115454
0.104951
0.101923
0.0931886
0.0859269
0.0914652
0.0932337
0.0986858
0.0919268
0.101015
0.108099
0.116039
0.117132
0.118005
0.119431
0.12571
0.131287
0.134227
0.136259
0.138666
0.140509
0.140076
0.144985
0.143816
0.135875
0.130992
0.12449
0.10291
0.102477
0.0960538
0.0981195
0.108137
0.109897
0.115088
0.122492
0.116761
0.12475
0.133437
0.139113
0.152321
0.15169
0.155891
0.162128
0.169454
0.167522
0.169086
0.175625
0.175879
0.179276
0.181791
0.1836
0.181806
0.187615
0.184571
0.185689
0.176594
0.184628
0.169726
0.141421
0.123711
0.116583
0.121076
0.122856
0.115673
0.136516
0.12419
0.126809
0.130947
0.133931
0.140417
0.151815
0.145236
0.141671
0.149034
0.155416
0.154162
0.168299
0.166899
0.170018
0.173809
0.174999
0.167043
0.156662
0.150789
0.145437
0.121791
0.111616
0.111478
0.102937
0.108451
0.115685
0.103809
0.128269
0.11383
0.114602
0.114615
0.12138
0.112169
0.110942
0.125718
0.119849
0.113393
0.124456
0.112753
0.115562
0.108824
0.116246
0.105275
0.110457
0.107099
0.112834
0.120015
0.113601
0.113756
0.117743
0.11786
0.100976
0.105
0.101741
0.0936346
0.0967981
0.0747385
0.0833126
0.088104
0.0988252
0.081493
0.0960388
0.0931218
0.0889718
0.0910588
0.104453
0.0992267
0.0963904
0.102633
0.106301
0.111975
0.115593
0.116497
0.12543
0.12472
0.135866
0.135665
0.133017
0.137728
0.135087
0.132853
0.118616
0.109888
0.107254
0.104749
0.114109
0.092418
0.0856892
0.102408
0.102339
0.0906235
0.110226
0.0955779
0.114796
0.104509
0.103477
0.108528
0.110519
0.117574
0.114861
0.122642
0.123407
0.11495
0.129192
0.112115
0.124661
0.144727
0.148868
0.147999
0.149218
0.155515
0.165938
0.161726
0.154206
0.160343
0.14844
0.120129
0.113521
0.0974137
0.0988529
0.0943616
0.0984685
0.0803937
0.0976395
0.0982429
0.110348
0.111155
0.0999395
0.094724
0.0935016
0.0940612
0.0953596
0.0978916
0.119449
0.100085
0.0984172
0.116537
0.0903284
0.105171
0.106561
0.0989873
0.112519
0.107037
0.11111
0.122062
0.127829
0.133744
0.144564
0.167148
0.165136
0.1752
0.16808
0.177718
0.166402
0.152986
0.132652
0.131488
0.130783
0.133687
0.131391
0.133448
0.131138
0.138317
0.136726
0.131869
0.127924
0.139384
0.141294
0.143411
0.128262
0.141438
0.141251
0.128416
0.131902
0.122727
0.119621
0.131152
0.121367
0.114847
0.115256
0.118127
0.123562
0.113991
0.135448
0.118219
0.131134
0.110499
0.112756
0.120581
0.127999
0.110713
0.134396
0.113521
0.128545
0.128897
0.142039
0.130721
0.13145
0.117641
0.124396
0.118011
0.1121
0.127424
0.130217
0.130569
0.13583
0.135312
0.136147
0.134325
0.138628
0.165025
0.145788
0.153237
0.155565
0.167053
0.177074
0.179111
0.179535
0.21797
0.206497
0.22014
0.186061
0.178193
0.181752
0.135585
0.135125
0.117416
0.144733
0.159899
0.168163
0.202518
0.249744
0.279085
0.279395
0.287658
0.289652
0.235385
0.177564
0.144432
0.127837
0.103748
0.115755
0.0929945
0.119602
0.110852
0.117246
0.10146
0.0988487
0.112084
0.11696
0.129649
0.129823
0.126089
0.122146
0.12759
0.130189
0.129273
0.138564
0.125428
0.118468
0.116665
0.107705
0.115651
0.0824994
0.0855216
0.109566
0.114276
0.112995
0.090853
0.064407
0.0914038
0.0964243
0.0849523
0.0890221
0.0928689
0.112393
0.0916287
0.0947057
0.0936243
0.102543
0.104411
0.0963294
0.126017
0.114604
0.1093
0.0946307
0.102171
0.100185
0.115001
0.0911812
0.125364
0.0884717
0.10741
0.102017
0.0968922
0.0989536
0.0879222
0.113851
0.10902
0.0989482
0.126541
0.120274
0.105943
0.103314
0.115523
0.111427
0.114271
0.114477
0.0986685
0.10552
0.0888184
0.113641
0.1082
0.100894
0.118452
0.122148
0.0969648
0.11112
0.104267
0.121241
0.105701
0.111053
0.105485
0.12316
0.111983
0.117946
0.109075
0.109599
0.130352
0.112383
0.110895
0.0966093
0.0824752
0.104743
0.0918224
0.0901114
0.0828872
0.097556
0.072019
0.0835483
0.0828646
0.08012
0.098892
0.101364
0.0862902
0.0644572
0.0783798
0.0653224
0.0788665
0.0922035
0.0844853
0.0648403
0.0846817
0.101913
0.082902
0.0726068
0.0616707
0.0823653
0.0635546
0.0595274
0.0742231
0.0659498
0.071006
0.0700048
0.0773152
0.0968456
0.0892702
0.0926987
0.108715
0.101295
0.0840608
0.115115
0.0998346
0.0926279
0.0900642
0.109205
0.0871188
0.0735533
0.0456979
0.0620008
0.0623407
0.0458065
0.0568474
0.0808525
0.0688107
0.0969585
0.0894421
0.100731
0.107999
0.0848469
0.0757071
0.0774084
0.0897347
0.0978056
0.0879052
0.0721452
0.111749
0.0993139
0.0706004
0.100295
0.0750659
0.134073
0.103936
0.105374
0.0947688
0.099641
0.0860598
0.0897437
0.0840867
0.120625
0.0936921
0.0868419
0.101843
0.0854829
0.124908
0.0897071
0.110963
0.0917762
0.0844626
0.0980383
0.0993811
0.096003
0.0998406
0.116693
0.0912027
0.0953718
0.0896035
0.100054
0.0812567
0.0701376
0.0770012
0.0740985
0.0764406
0.0675562
0.0756231
0.0627684
0.0674572
0.0594973
0.0643643
0.0601091
0.058469
0.0439936
0.0448589
0.0470752
0.0457964
0.0433715
0.0517989
0.0291883
0.0364112
0.049489
0.0380325
0.0299626
0.0273742
0.0505963
0.0396501
0.04077
0.0462781
0.0360233
0.0531613
0.0443752
0.0363673
0.0349387
0.0464146
0.048348
0.0352162
0.0533568
0.0301332
0.0429623
0.036144
0.0290898
0.0472511
0.0514576
0.0394175
0.0386419
0.0517973
0.0500086
0.0627287
0.0480892
0.0640725
0.054434
0.0462679
0.0436295
0.0505424
0.0498073
0.0460707
0.0542776
0.0415479
0.043142
0.0275332
0.0391259
0.0348956
0.0296801
0.0372424
0.0379623
0.0488351
0.0416836
0.0482571
0.0403005
0.0393918
0.0420974
0.04211
0.0502838
0.0371174
0.0339562
0.0413177
0.0393419
0.0243372
0.0331664
0.0406305
0.0434483
0.0445736
0.0354212
0.0446546
0.0471433
0.0508067
0.0503003
0.0572373
0.0495186
0.0970981
0.0685353
0.0614239
0.0661809
0.0652284
0.0730881
0.0713095
0.0775092
0.104348
0.0701884
0.0617019
0.0929502
0.0678655
0.0790659
0.0796343
0.0669365
0.0740807
0.0897895
0.0926961
0.10075
0.0936805
0.0976423
0.121838
0.117362
0.122897
0.111533
0.112818
0.122017
0.142931
0.107971
0.113826
0.115896
0.0995563
0.0915906
0.0796678
0.0979625
0.0888234
0.0861437
0.0776143
0.0869598
0.0799119
0.0996245
0.0550362
0.121344
0.112854
0.0966204
0.108307
0.121862
0.123738
0.103045
0.0923563
0.105151
0.104858
0.112575
0.104648
0.117972
0.153749
0.135027
0.125183
0.122953
0.111715
0.111588
0.122824
0.110668
0.100283
0.0842732
0.0763027
0.0806021
0.0697884
0.063539
0.0489501
0.054668
0.0535719
0.0289848
0.0337586
0.0330597
0.0306817
0.0226588
0.0175772
0.0191086
0.01554
0.0118354
0.015797
0.0204496
0.021473
0.015706
0.0118315
0.0170149
0.0216733
0.00899442
0.0173803
0.0195984
0.0242511
0.0269841
0.0284978
0.021759
0.00889484
0.0058141
0.0077604
0.0131688
0.0137222
0.0078512
0.0101042
0.0108565
0.00775726
0.00541289
0.0121054
0
0.0101769
0.0074009
0.00227624
0.0116627
0.0126589
0.0132764
0.0188654
0.00857716
0.0190405
0.0128216
0.0229523
0.0147903
0.00588362
0.00664141
0.0163255
0.00801751
0.0170881
0.00985058
0.0142777
0.0229038
0.0153212
0.0132935
0.00858285
0.0136247
0.0114081
0.0144966
0.0169677
0.0202074
0.0160027
0.028437
0.021075
0.0162903
0.0255812
0.0145975
0.0187628
0.0140097
0.0292037
0.012819
0.0194754
0.0236222
0.0192662
0.0196268
0.0296465
0.0195281
0.0200885
0.0264519
0.0121324
0.0261881
0.024218
0.023572
0.0276225
0.0210008
0.00927862
0.0188199
0.0143166
0.0212909
0.0113857
0.0235838
0.0230536
0.0125203
0.0273692
0.00932469
0.019039
0.0209289
0.0237914
0.0119118
0.0182673
0.0157718
0.0197769
0.0148925
0.0272948
0.032841
0.017857
0.0308219
0.0210234
0.030283
0.0270546
0.0326619
0.0260461
0.035548
0.0410211
0.0303236
0.0288326
0.0291335
0.0372882
0.044295
0.0392677
0.0358897
0.0432239
0.0352584
0.0370917
0.0307465
0.0392805
0.0487181
0.048389
0.053102
0.0576544
0.0485503
0.0690687
0.0383731
0.0686899
0.0520432
0.05408
0.0518322
0.0478924
0.0566375
0.0615433
0.0561383
0.0590598
0.0708433
0.0491513
0.0659149
0.0562134
0.0552928
0.0589834
0.0512308
0.0436239
0.0605603
0.065021
0.0644078
0.0701911
0.0711824
0.0765502
0.0666613
0.0661741
0.0432153
0.0565446
0.0552446
0.0533972
0.0611523
0.0524666
0.0440988
0.0514703
0.0605958
0.0452174
0.0500952
0.0426591
0.0535143
0.0364359
0.0374074
0.0452145
0.054586
0.044315
0.0526033
0.0601181
0.0516992
0.0528964
0.0502176
0.0424473
0.0512685
0.0399256
0.0380507
0.0361033
0.0352493
0.0337885
0.0308005
0.0384344
0.0415305
0.0409272
0.0335988
0.0258428
0.0230479
0.0366432
0.0312363
0.0353057
0.0208299
0.0342782
0.0301473
0.0319602
0.0304429
0.0389419
0.0232877
0.0598035
0.0259176
0.0350823
0.0552738
0.0390938
0.0298718
0.0153782
0.024865
0.0159596
0.0055097
0.0299323
0.0157082
0.0186812
0.0162156
0.012463
0.0137912
0.0149248
0.0169393
0.0117269
0.020766
0.0161745
0.0184436
0.00987166
0.0283304
0.0229063
0.0240217
0.0169852
0.0267236
0.0360043
0.0307817
0.0250254
0.0314478
0.0202416
0.0263598
0.0431331
0.0305103
0.0260921
0.0151636
0.013416
0.0164014
0.0227462
0.0131882
0.020125
0.0154737
0.0142506
0.0187709
0.017675
0.0178133
0.0144498
0.0116742
0.0200528
0.0113075
0.0153156
0.00958113
0.0191198
0.0182979
0.0188207
0.0317881
0.0117182
0.0128331
0.0261337
0.0201519
0.022809
0.0348913
0.0225945
0.0034748
0.0120899
0.0144848
0.0151271
0.0136065
0.0101238
0.0104353
0.00879677
0.0120838
0.0120497
0.00873934
0.0179835
0.00972297
0.0105725
0.0152632
0.0177176
0.0151528
0.0075716
0.0137077
0.0138614
0.0215952
0.0302247
0.0265031
0.0454101
0.0200493
0.0234422
0.029
0.0240932
0.0283611
0.0263496
0.0175022
0.0151919
0.0171775
0.0235602
0.0170538
0.0173168
0.0116958
0.0145184
0.0130767
0.0146494
0.0157222
0.0171143
0.0105449
0.0208498
0.00937949
0.0198335
0.0172581
0.0229154
0.0139583
0.0128176
0.016979
0.0268755
0.0204868
0.0219343
0.0193218
0.0314207
0.0335166
0.0224765
0.0209873
0.0335804
0.0332411
0.0223868
0.0233479
0.0314073
0.0273096
0.0213465
0.020596
0.0271045
0.0206035
0.0289909
0.0173029
0.0204865
0.029808
0.0277532
0.030771
0.0239157
0.0298018
0.0324692
0.0226793
0.0304244
0.0319454
0.0315127
0.0309638
0.0362786
0.0353072
0.0354504
0.0452827
0.0612014
0.103006
0.218689
0.336515
0.401246
0.41467
0.39715
0.340474
0.216914
0.107195
0.0673032
0.0480056
0.0392674
0.0406171
0.0403139
0.0377029
0.0390651
0.0363164
0.0400775
0.0360961
0.0374526
0.0421685
0.0349236
0.0324553
0.0349083
0.0388355
0.0388147
0.0307077
0.0364518
0.0364118
0.0397123
0.033379
0.033083
0.0287069
0.0363346
0.0369278
0.0340327
0.0310855
0.0321624
0.0368944
0.02852
0.030168
0.0359778
0.0360067
0.0407966
0.0371404
0.0280774
0.0271918
0.0353482
0.0371913
0.0308318
0.0322596
0.0370703
0.0345578
0.0322525
0.0408327
0.041079
0.0353411
0.0329619
0.039071
0.0334628
0.0269351
0.0368522
0.0390824
0.0367925
0.0394463
0.0384934
0.0397108
0.0291237
0.0423263
0.0385981
0.0407202
0.0470578
0.0438327
0.0366421
0.0273334
0.034067
0.0262937
0.0451562
0.0400401
0.0469783
0.0354552
0.0288191
0.0326767
0.0374351
0.0342911
0.0421061
0.0418103
0.0382299
0.0356626
0.0311016
0.0300928
0.0306904
0.0309515
0.0330899
0.038926
0.0391034
0.0318629
0.0379381
0.0322418
0.0350074
0.0365071
0.0278463
0.0364884
0.0397284
0.0397054
0.0434541
0.0374445
0.0451296
0.0485778
0.0215616
0.0481638
0.0563882
0.0353538
0.0486833
0.0469765
0.0399313
0.0569792
0.0487364
0.050393
0.0525919
0.0544758
0.0395543
0.0508244
0.0381279
0.0409938
0.0543808
0.0459645
0.0448007
0.0496103
0.0543112
0.0477731
0.0445064
0.0502753
0.052133
0.064043
0.0522628
0.0435382
0.0596963
0.0562885
0.0297335
0.0444014
0.0430887
0.0606234
0.0481558
0.0716648
0.0745579
0.0530935
0.0683157
0.0511988
0.0566542
0.0723927
0.0367087
0.0375215
0.0518193
0.0672005
0.0843827
0.0522475
0.0869727
0.0621765
0.089196
0.0505369
0.0809256
0.0693916
0.0777407
0.0737374
0.0527977
0.06536
0.0740266
0.0753629
0.0739129
0.0625151
0.0882715
0.0826698
0.0833101
0.0678001
0.086536
0.0730195
0.0780751
0.0950746
0.0937975
0.108183
0.0953954
0.0868084
0.0726892
0.0849036
0.0915302
0.0844263
0.0697748
0.111282
0.097665
0.100507
0.0754209
0.0675457
0.0441704
0.060337
0.0848811
0.0844227
0.0854874
0.069776
0.0756248
0.0599731
0.0703847
0.0574782
0.0557738
0.0678512
0.0597915
0.055433
0.0851426
0.0694346
0.0494838
0.0384087
0.0693736
0.03988
0.0439165
0.0340912
0.0664645
0.0481945
0.0635717
0.0612455
0.0520264
0.0919916
0.05502
0.0792978
0.102733
0.10415
0.0801355
0.0818489
0.086585
0.0432396
0.050183
0.0624015
0.0438825
0.061805
0.0486254
0.0470283
0.0584055
0.0343774
0.0491659
0.0442381
0.0323629
0.0624374
0.0483337
0.0574341
0.0535577
0.0317542
0.0509922
0.050694
0.0576332
0.0641912
0.0574832
0.0791751
0.0778215
0.0833706
0.0928307
0.0723417
0.0921237
0.106266
0.127138
0.133239
0.126502
0.125801
0.127408
0.11245
0.0598364
0.0466211
0.0407406
0.0501504
0.0583185
0.0443078
0.0535928
0.0433551
0.0344893
0.0323277
0.0249514
0.0444336
0.0581238
0.0488187
0.0438994
0.0414314
0.0139013
0.0246699
0.039263
0.0544154
0.034898
0.0412594
0.0362067
0.0415961
0.0470527
0.0230277
0.0383002
0.0502303
0.0347302
0.0305089
0.045832
0.0283254
0.0419905
0.0376709
0.0425736
0.0420344
0.0402677
0.031126
0.0389449
0.04393
0.0310431
0.0399436
0.0370677
0.0382436
0.0436999
0.0360448
0.0398708
0.0413287
0.0335582
0.041649
0.0408491
0.0462693
0.0433491
0.0452556
0.0445187
0.0445146
0.0420976
0.0410726
0.0388883
0.0305629
0.0406287
0.0220963
0.0383752
0.0361401
0.0377307
0.0398242
0.0374734
0.02599
0.0339529
0.038626
0.0333297
0.0234336
0.036283
0.0414002
0.0393473
0.0420424
0.0267958
0.0322446
0.0417092
0.0313374
0.0377979
0.0410427
0.0367911
0.0344207
0.0338158
0.038211
0.0380225
0.0310227
0.030959
0.0348275
0.0322427
0.0357024
0.0308732
0.0333777
0.042656
0.0358269
0.0321434
0.0405756
0.0448755
0.0360373
0.0531211
0.0361463
0.0444994
0.0479957
0.0658064
0.0540932
0.0670314
0.0704096
0.0617972
0.0691783
0.0691839
0.0728133
0.0784426
0.077183
0.0642414
0.0614079
0.0504794
0.0381431
0.0341874
0.0344557
0.0424655
0.0324062
0.0328034
0.0351254
0.0288628
0.0328684
0.0315561
0.0325748
0.0308621
0.0401861
0.0330011
0.0300088
0.0346949
0.0336258
0.0384119
0.0343716
0.0386004
0.0415439
0.0446479
0.0401698
0.0444685
0.0469449
0.0607951
0.0519288
0.0569768
0.0637164
0.0719536
0.0713788
0.0804766
0.0848497
0.0824088
0.0995617
0.092744
0.0911445
0.0842332
0.0801911
0.0779306
0.0725689
0.0588921
0.0593656
0.0654957
0.0482764
0.0450787
0.0623172
0.050744
0.0484642
0.0438834
0.0478108
0.04306
0.0494143
0.0607456
0.0432444
0.0478689
0.0569731
0.0476993
0.0591596
0.0547192
0.0598988
0.0528213
0.0592137
0.054398
0.0617578
0.0643625
0.0616263
0.0713243
0.0711407
0.0659432
0.0796971
0.0810292
0.0772112
0.0919994
0.0885323
0.0962001
0.101493
0.108261
0.100812
0.103812
0.0995469
0.0896511
0.0742434
0.0768774
0.0689366
0.060966
0.050554
0.0514567
0.0500006
0.0526577
0.0454463
0.0461601
0.0587295
0.0603015
0.0573449
0.0505706
0.0575942
0.0513716
0.0520227
0.0573136
0.0545081
0.0453875
0.047235
0.044452
0.0258989
0.0531192
0.046243
0.0476439
0.0545439
0.0486925
0.041029
0.0466565
0.03962
0.0507925
0.0421193
0.0440855
0.045319
0.0379267
0.0370472
0.046372
0.042075
0.0500479
0.0463201
0.0477372
0.0486338
0.0512474
0.0436353
0.0395959
0.0360559
0.0439337
0.0444508
0.0410672
0.0427401
0.0404658
0.0537817
0.0486392
0.0451941
0.0448719
0.0463371
0.0418858
0.0439083
0.0546285
0.0401054
0.0433216
0.0449425
0.0538263
0.054576
0.0681878
0.0714695
0.0655143
0.0801085
0.0721152
0.0737667
0.0763217
0.0770357
0.0784121
0.0816455
0.0781775
0.0743795
0.0738032
0.0900376
0.0800684
0.0949095
0.08259
0.0895554
0.103315
0.0837249
0.0855429
0.0679478
0.106522
0.106861
0.0807206
0.079048
0.118413
0.086776
0.100471
0.100577
0.0950895
0.118669
0.0930167
0.0864215
0.0753986
0.0740389
0.0700492
0.0681429
0.0716342
0.0746129
0.0815216
0.0883977
0.0882146
0.0815932
0.0702361
0.0775351
0.0915174
0.0849471
0.0960979
0.0967373
0.0955866
0.0934398
0.103588
0.0954818
0.108818
0.108517
0.108817
0.0985664
0.0815873
0.0905588
0.079871
0.100603
0.101419
0.0974656
0.0813606
0.104869
0.105646
0.0599424
0.0599833
0.0852741
0.0879456
0.112711
0.0946007
0.11162
0.0636776
0.104159
0.0834006
0.0926463
0.115389
0.149156
0.132462
0.120744
0.121914
0.113596
0.0998215
0.136692
0.0996306
0.111176
0.136245
0.134627
0.122075
0.135011
0.14384
0.125303
0.133745
0.130017
0.139543
0.146575
0.148504
0.134365
0.141222
0.147817
0.122942
0.120683
0.158668
0.143472
0.146257
0.111113
0.12348
0.0999658
0.0899497
0.107881
0.0968249
0.0885648
0.0660388
0.0966144
0.0763065
0.0802095
0.10295
0.0635746
0.0527139
0.0550663
0.046945
0.0980808
0.0827808
0.0815985
0.11804
0.11045
0.0894932
0.0563359
0.0863751
0.110063
0.100108
0.14991
0.121483
0.141383
0.121929
0.129326
0.155201
0.121546
0.116293
0.134793
0.113019
0.138295
0.14503
0.137149
0.120723
0.143736
0.184516
0.162247
0.159102
0.159288
0.141469
0.147558
0.157924
0.148244
0.160122
0.159414
0.16511
0.14715
0.152203
0.142506
0.122868
0.136349
0.13387
0.118191
0.116872
0.146379
0.141915
0.090393
0.0818619
0.116739
0.0936631
0.0893367
0.0500531
0.0826672
0.0579349
0.0619303
0.0552778
0.0788888
0.121665
0.0980406
0.0959367
0.0676717
0.0665718
0.0899225
0.0772522
0.0800669
0.0754299
0.0761873
0.0597172
0.0853498
0.119254
0.0859927
0.0684693
0.0606331
0.102538
0.0995341
0.0523087
0.0441137
0.0947182
0.0980036
0.120186
0.154167
0.142791
0.113283
0.117793
0.0907959
0.102637
0.108927
0.109637
0.149165
0.134126
0.115372
0.109832
0.0539281
0.0905109
0.112285
0.107659
0.105479
0.131981
0.106737
0.105398
0.112152
0.096342
0.0884341
0.0968274
0.103682
0.113353
0.117038
0.104984
0.0822995
0.0928711
0.0599102
0.107359
0.123352
0.105103
0.0784453
0.100654
0.113358
0.0862931
0.0959336
0.0631867
0.155513
0.0992482
0.0891171
0.135399
0.0407329
0.0319093
0.0701871
0.0695107
0.044945
0.0425775
0.0652146
0.0934031
0.0565522
0.117676
0.0336101
0.0742747
0.0889822
0.0987193
0.102648
0.0601849
0.0976185
0.0696576
0.0874031
0.128605
0.0870165
0.126911
0.110422
0.110837
0.109052
0.115667
0.100565
0.094594
0.111973
0.103042
0.10774
0.101584
0.109717
0.127034
0.121488
0.112477
0.101749
0.0956709
0.0875298
0.0833319
0.121892
0.112843
0.136448
0.150405
0.0881582
0.094628
0.158927
0.112269
0.104173
0.0535803
0.150971
0.171479
0.0832086
0.0862624
0.137544
0.0656663
0.0879943
0.0757277
0.0570028
0.0626171
