0.170404
0.165695
0.175128
0.181857
0.168441
0.191291
0.182391
0.187567
0.200518
0.198101
0.205533
0.219193
0.218124
0.231465
0.225725
0.229506
0.237324
0.238725
0.245899
0.241518
0.23985
0.239808
0.246911
0.242019
0.261766
0.258804
0.278288
0.275043
0.282816
0.293104
0.294302
0.294802
0.302892
0.306744
0.310934
0.316713
0.319054
0.32416
0.316252
0.313652
0.303778
0.297839
0.305395
0.310993
0.325324
0.332525
0.346275
0.352258
0.354694
0.358235
0.344771
0.307698
0.289181
0.286032
0.286066
0.286361
0.312173
0.380828
0.383338
0.376918
0.334926
0.300684
0.24422
0.221835
0.203864
0.191861
0.182881
0.167389
0.165091
0.147649
0.146246
0.139414
0.139032
0.130597
0.13601
0.13802
0.132919
0.137666
0.14089
0.141418
0.14823
0.15485
0.150982
0.161033
0.162625
0.159614
0.161692
0.172846
0.175214
0.18227
0.186035
0.19565
0.20684
0.22217
0.235197
0.25482
0.279895
0.297713
0.312905
0.325636
0.330275
0.324299
0.313308
0.298467
0.263818
0.239652
0.224456
0.222339
0.225407
0.228375
0.232538
0.241502
0.242897
0.244378
0.247245
0.24273
0.241421
0.228513
0.226453
0.240629
0.231508
0.23677
0.240601
0.249869
0.25789
0.261993
0.272062
0.280306
0.277996
0.288635
0.288538
0.293273
0.293966
0.287391
0.286938
0.288577
0.305167
0.320825
0.321127
0.299342
0.292796
0.265565
0.258592
0.253665
0.263533
0.265014
0.277398
0.305361
0.292071
0.308582
0.32424
0.328959
0.340074
0.353393
0.353085
0.358936
0.363041
0.36566
0.365248
0.364042
0.364702
0.369344
0.370663
0.358056
0.334835
0.27201
0.21215
0.169886
0.146688
0.143649
0.128957
0.11985
0.122626
0.125434
0.125655
0.128725
0.132161
0.141981
0.148709
0.162021
0.16881
0.176956
0.182365
0.178632
0.1809
0.168332
0.170568
0.168071
0.159193
0.150346
0.151927
0.151085
0.157157
0.157992
0.161117
0.16815
0.167151
0.166032
0.16927
0.161817
0.155337
0.147931
0.139476
0.138686
0.140414
0.150375
0.139886
0.155591
0.161173
0.170638
0.17149
0.189458
0.18688
0.194714
0.196947
0.205094
0.207715
0.211295
0.218629
0.221676
0.228785
0.231802
0.227574
0.217202
0.192607
0.178541
0.177955
0.178573
0.182835
0.187319
0.188487
0.194482
0.194564
0.198204
0.203592
0.229585
0.231747
0.246813
0.251741
0.25839
0.268262
0.27893
0.289579
0.294477
0.293629
0.304693
0.311002
0.31367
0.321765
0.324221
0.331709
0.33773
0.342607
0.343688
0.340567
0.313995
0.259939
0.218195
0.20946
0.207595
0.210647
0.21828
0.224673
0.223519
0.219806
0.222945
0.241346
0.239987
0.247335
0.251489
0.259178
0.26698
0.279136
0.276422
0.290965
0.288548
0.293733
0.290579
0.299905
0.283369
0.271069
0.250934
0.21776
0.183253
0.162152
0.145388
0.15073
0.160994
0.178983
0.177891
0.196619
0.191608
0.182613
0.202002
0.203086
0.199573
0.203284
0.220217
0.199588
0.196664
0.182207
0.170554
0.168229
0.15888
0.161328
0.153607
0.160009
0.16105
0.166218
0.169852
0.169625
0.175515
0.165726
0.170428
0.153405
0.165367
0.165625
0.168282
0.153982
0.137937
0.138469
0.152201
0.149158
0.155143
0.149688
0.158692
0.16105
0.157216
0.157962
0.156793
0.154964
0.173204
0.18043
0.182395
0.189664
0.187107
0.198482
0.195638
0.207807
0.217318
0.211224
0.220232
0.225714
0.219057
0.218743
0.203281
0.205424
0.21061
0.219184
0.182166
0.180209
0.174018
0.167106
0.174652
0.180101
0.173356
0.175796
0.175575
0.193303
0.187024
0.188836
0.191449
0.191999
0.202707
0.188269
0.190231
0.202112
0.205165
0.212021
0.227636
0.245877
0.253162
0.262489
0.263837
0.274957
0.277295
0.270447
0.271753
0.255852
0.21285
0.191175
0.16551
0.154894
0.153841
0.152448
0.152785
0.154569
0.157105
0.171486
0.1746
0.16721
0.15693
0.167991
0.166457
0.163987
0.162111
0.165156
0.15539
0.152046
0.160179
0.150967
0.155033
0.14687
0.149198
0.161112
0.159322
0.162499
0.183506
0.203225
0.227123
0.255308
0.274607
0.294561
0.297978
0.305511
0.312578
0.289912
0.268907
0.253751
0.228511
0.238832
0.231359
0.233905
0.244088
0.249082
0.237483
0.229689
0.231724
0.23074
0.231685
0.232325
0.233546
0.225905
0.230538
0.219608
0.195946
0.193269
0.184314
0.182331
0.188843
0.203714
0.209897
0.200792
0.213867
0.216046
0.189519
0.215218
0.214457
0.225416
0.168449
0.200261
0.192512
0.206648
0.198066
0.227168
0.207785
0.208893
0.224872
0.232772
0.218567
0.220807
0.202618
0.211411
0.220115
0.204631
0.211277
0.220521
0.221846
0.224301
0.235752
0.232184
0.230287
0.237787
0.249084
0.24402
0.259205
0.269659
0.286369
0.299548
0.32827
0.36982
0.413354
0.432092
0.41298
0.397053
0.361228
0.322462
0.282917
0.237517
0.208092
0.226633
0.233011
0.252398
0.326839
0.36021
0.409423
0.411608
0.434779
0.415168
0.361836
0.293979
0.225338
0.195792
0.191396
0.180018
0.173572
0.195826
0.187537
0.19495
0.191464
0.210351
0.20029
0.211296
0.21158
0.207077
0.217698
0.215979
0.214507
0.212392
0.219582
0.227539
0.212898
0.218048
0.1976
0.19305
0.175953
0.16662
0.151352
0.176384
0.169405
0.149444
0.154911
0.142929
0.143592
0.13816
0.139808
0.12957
0.131694
0.132925
0.135652
0.137694
0.124695
0.150558
0.153079
0.152715
0.154321
0.170544
0.18361
0.175843
0.204789
0.173183
0.194115
0.188697
0.196707
0.186163
0.188131
0.171316
0.164063
0.156218
0.166568
0.163829
0.180785
0.173666
0.194122
0.206152
0.196472
0.202709
0.195879
0.198933
0.208292
0.197837
0.176302
0.156923
0.157161
0.165351
0.196157
0.177111
0.183379
0.186756
0.173138
0.175143
0.172364
0.185956
0.171368
0.178809
0.162479
0.181149
0.187442
0.209677
0.200382
0.194406
0.217507
0.195493
0.177265
0.153569
0.154844
0.145498
0.152476
0.141405
0.144677
0.127752
0.130198
0.144567
0.145123
0.156609
0.136897
0.132253
0.143402
0.138672
0.143505
0.142001
0.124264
0.138693
0.141807
0.126998
0.129593
0.15344
0.140122
0.129909
0.117371
0.109563
0.11043
0.107018
0.108532
0.0966355
0.120409
0.110714
0.119024
0.135426
0.128152
0.148503
0.166182
0.164689
0.162058
0.183734
0.189172
0.17157
0.165489
0.15358
0.136898
0.101021
0.0842111
0.08521
0.0945347
0.0944548
0.114419
0.127362
0.118244
0.149918
0.13243
0.138459
0.153653
0.148622
0.136265
0.146381
0.152196
0.166787
0.165707
0.140429
0.157267
0.166241
0.163122
0.186239
0.182696
0.206982
0.200476
0.183575
0.172708
0.177144
0.154544
0.160198
0.1642
0.183892
0.156971
0.199117
0.186266
0.157447
0.160289
0.156194
0.170916
0.156228
0.160021
0.162481
0.163989
0.179511
0.163314
0.195836
0.158486
0.169481
0.142249
0.136861
0.133391
0.133776
0.134414
0.121469
0.123753
0.107212
0.111748
0.10522
0.101106
0.0905266
0.102961
0.0952219
0.0805786
0.0721896
0.0705083
0.0834941
0.0757164
0.0550512
0.075054
0.0524806
0.059734
0.0809556
0.0642367
0.0593329
0.0541446
0.0641385
0.0533284
0.0596532
0.0722005
0.0557766
0.0654662
0.0693246
0.0527545
0.0528255
0.0532689
0.0593114
0.0605268
0.0747802
0.0704456
0.0656821
0.0659851
0.0472092
0.06544
0.0711091
0.0769777
0.0639546
0.0756256
0.063053
0.0804964
0.0775562
0.0845806
0.0891119
0.0657177
0.0676122
0.0755077
0.0813906
0.0691969
0.0696272
0.0599894
0.0595298
0.0355755
0.0539342
0.0405595
0.0386393
0.03632
0.0540901
0.0634964
0.0493156
0.0472769
0.0580859
0.064534
0.0622585
0.0583457
0.065303
0.0513575
0.0635871
0.0686127
0.0536585
0.0419665
0.0512916
0.0581768
0.0709657
0.0536301
0.0573639
0.0579169
0.0772065
0.0772709
0.0863102
0.108098
0.0934083
0.136276
0.110069
0.101062
0.114643
0.102412
0.122826
0.128868
0.134727
0.143922
0.106896
0.1184
0.123398
0.127885
0.127958
0.138728
0.138002
0.156668
0.157486
0.149645
0.184197
0.190068
0.187907
0.208916
0.211603
0.224482
0.230702
0.216482
0.226876
0.250342
0.235398
0.211677
0.204239
0.180889
0.150423
0.153309
0.149079
0.156943
0.155532
0.137208
0.15227
0.150448
0.148743
0.153566
0.16931
0.17398
0.166763
0.177696
0.193946
0.189861
0.174961
0.178884
0.174315
0.1821
0.199719
0.210624
0.213231
0.251871
0.217688
0.223555
0.209896
0.210352
0.199208
0.210392
0.182881
0.178697
0.16955
0.145832
0.132153
0.115027
0.105887
0.0895749
0.0915199
0.0863908
0.0488203
0.0477882
0.0437977
0.0366891
0.0333111
0.0169387
0.00528445
0.00882824
0.00496684
0.0139537
0.0101942
0.0168786
0.0067164
0.013231
0.0143586
0.0107358
0.00987605
0.00741325
0.021398
0.0268697
0.029156
0.020165
0.0250778
0.0128491
0.00683304
0.0188807
0.0109899
0.00245386
0.00890411
0.0029784
0.00162884
0.00236106
0.00929706
0.00135552
0.000296905
0.000462516
0.00076491
0
0.0080683
0.00961917
0.010313
0.0228764
0.0160003
0.0147538
0.0164102
0.0180175
0.0171556
0.00830346
0.0125807
0.00839137
0.00884136
0.0146034
0.010516
0.0110172
0.0167948
0.0131577
0.0100846
0.0107458
0.0129186
0.0130237
0.0176751
0.0278964
0.0230294
0.0259575
0.0337858
0.0330977
0.0246161
0.0197887
0.0213648
0.0196819
0.0232397
0.0215928
0.0250764
0.0202352
0.0299875
0.0290554
0.0227999
0.0265614
0.0290153
0.0248119
0.0266687
0.0246658
0.0317603
0.0354453
0.0316531
0.0378081
0.0333009
0.0275146
0.0286464
0.0219262
0.0245673
0.0198731
0.0269216
0.0278412
0.0191879
0.0263463
0.0223081
0.0249127
0.0234855
0.031493
0.0210749
0.024787
0.0215069
0.0279968
0.0270013
0.0336508
0.0445511
0.0333861
0.0458323
0.0432695
0.0487421
0.0458989
0.0477721
0.0533761
0.0629898
0.058872
0.0616681
0.057873
0.0594721
0.0664973
0.0674249
0.0643429
0.0660066
0.0672157
0.0693345
0.0713867
0.0807488
0.0723387
0.0750446
0.0825038
0.0964934
0.106151
0.0946911
0.106691
0.0945665
0.11363
0.111158
0.112075
0.0946563
0.108691
0.111237
0.112825
0.105584
0.1111
0.110065
0.104495
0.100073
0.10558
0.106196
0.0997301
0.102448
0.100362
0.120648
0.121585
0.119838
0.133919
0.135437
0.123806
0.11543
0.102958
0.0916381
0.080849
0.0939707
0.0978711
0.0961069
0.0953786
0.0885828
0.0881297
0.104217
0.0911057
0.0888051
0.0807706
0.092407
0.0910454
0.08192
0.0849094
0.0900779
0.0850059
0.0875489
0.0941936
0.0906747
0.0788352
0.0740643
0.079434
0.0595454
0.0713328
0.0662374
0.0583154
0.051883
0.0629066
0.0572169
0.0536336
0.0546455
0.0622877
0.039625
0.0388335
0.0424893
0.0468223
0.0448508
0.05741
0.0414254
0.042658
0.0434236
0.0581124
0.0593416
0.0662754
0.0520636
0.0666142
0.0435154
0.0593394
0.0551492
0.0426951
0.0385584
0.0277942
0.0330567
0.0171245
0.0154758
0.0135655
0.00817289
0.0108028
0.0201339
0.011578
0.00541367
0.00544952
0.00425431
0.0110427
0.0230182
0.0181862
0.0147417
0.0200686
0.0314681
0.0291196
0.0271873
0.0433175
0.0402549
0.0482605
0.0579575
0.0452356
0.0462788
0.0362494
0.0334418
0.0513578
0.0357904
0.0345981
0.0264072
0.0211041
0.0248997
0.0217653
0.0140904
0.017561
0.0151898
0.0160712
0.0135406
0.0140182
0.0142144
0.0181926
0.00715942
0.0151658
0.0159458
0.0108608
0.0153865
0.0203607
0.0313763
0.026388
0.0197083
0.0153291
0.0147726
0.0237557
0.0265996
0.0286609
0.0311985
0.0217495
0.0137371
0.021741
0.0102801
0.0104538
0.022152
0.0147443
0.0168285
0.0128715
0.0118312
0.0147296
0.0201481
0.0196588
0.0124228
0.0185986
0.0145399
0.0174009
0.0199311
0.0152904
0.0146358
0.0198
0.0318677
0.0260323
0.0391025
0.0460662
0.0251179
0.031161
0.0345494
0.0348373
0.040718
0.0288846
0.0272097
0.0242628
0.0247774
0.0291944
0.0280845
0.0240762
0.0167637
0.02183
0.0216775
0.0177453
0.0158925
0.027119
0.0265711
0.0190888
0.0211859
0.0181761
0.0262943
0.0299001
0.027782
0.0266294
0.0211405
0.0370773
0.0233828
0.0385477
0.0386139
0.0472716
0.044799
0.0286431
0.0469766
0.0387754
0.0471136
0.040188
0.0390009
0.0460789
0.0407724
0.0420525
0.0412656
0.0438012
0.0383315
0.0365112
0.0359986
0.0410318
0.038609
0.0467886
0.0443811
0.0470706
0.0429682
0.0460765
0.0430119
0.0508974
0.0496413
0.0535339
0.0540654
0.0569971
0.0617541
0.0587001
0.0792522
0.0950953
0.15639
0.311477
0.462821
0.551472
0.572562
0.546966
0.46199
0.299581
0.157633
0.102909
0.0773095
0.0671939
0.074776
0.0699176
0.0642095
0.0675697
0.0688203
0.0692546
0.070981
0.0646594
0.0694391
0.0632642
0.0620377
0.0639441
0.0670775
0.0620153
0.0603958
0.0619103
0.0631721
0.0665628
0.0690527
0.0596062
0.05644
0.053901
0.054906
0.0570867
0.0469746
0.0568072
0.050264
0.0549207
0.0567063
0.0554863
0.0533778
0.0564559
0.0521441
0.0520594
0.0563312
0.0623687
0.0557567
0.0538862
0.0601833
0.0642733
0.0615396
0.0643228
0.0593708
0.0631812
0.0636654
0.0604519
0.0681433
0.0586983
0.059326
0.067252
0.0657302
0.0646177
0.0687847
0.0682369
0.0636961
0.058853
0.0600789
0.0580159
0.0644709
0.0658081
0.0604245
0.0609363
0.0595528
0.0503653
0.0496683
0.0653099
0.0568681
0.0635524
0.0590671
0.0579095
0.0528728
0.0630105
0.0600931
0.0614819
0.0636596
0.0624346
0.0581209
0.0557394
0.0617297
0.0631992
0.0565693
0.0588676
0.0568798
0.0728424
0.061093
0.0617768
0.057918
0.0672759
0.0666601
0.0624256
0.058169
0.0593143
0.0550263
0.0661952
0.0758079
0.0787867
0.0800946
0.0674414
0.081602
0.0766334
0.0711357
0.0723668
0.0779493
0.0679691
0.0870952
0.0814512
0.0967126
0.0811099
0.103586
0.0829376
0.0879818
0.0804894
0.0816634
0.091921
0.08475
0.0882174
0.0816239
0.088908
0.0874467
0.0803991
0.0815255
0.0810894
0.107371
0.0820133
0.0870755
0.0821428
0.0976341
0.0703664
0.0851786
0.0879456
0.0990018
0.0871005
0.103802
0.0804444
0.0861633
0.0716379
0.0949089
0.0880664
0.11761
0.0755226
0.0759698
0.101567
0.100811
0.127839
0.10959
0.142718
0.105176
0.119116
0.120391
0.100607
0.118405
0.102962
0.108612
0.108781
0.125021
0.113825
0.139741
0.114017
0.104096
0.0954065
0.134265
0.127386
0.106916
0.15201
0.143443
0.13318
0.146463
0.160365
0.141045
0.13658
0.111246
0.127518
0.116152
0.121891
0.119678
0.120277
0.136283
0.125176
0.14429
0.131667
0.113111
0.0940114
0.121021
0.104255
0.0973229
0.117137
0.0865528
0.100155
0.0928942
0.0951576
0.0992248
0.0944191
0.112322
0.0985586
0.0990324
0.124232
0.103173
0.0869477
0.106775
0.124334
0.11066
0.0989797
0.0890872
0.114797
0.0961916
0.0928595
0.0947094
0.0863361
0.140075
0.0919052
0.120087
0.148167
0.139352
0.138208
0.114839
0.122142
0.0809514
0.0890141
0.107074
0.0705125
0.0940456
0.0736951
0.0815822
0.0754922
0.0585647
0.0711663
0.0752684
0.0589981
0.0716452
0.0798801
0.0873677
0.0834844
0.0592979
0.0785075
0.0934971
0.109082
0.103357
0.118042
0.134417
0.138392
0.133468
0.152427
0.145775
0.168069
0.187087
0.195649
0.214713
0.222845
0.234369
0.216972
0.177185
0.118703
0.0778303
0.085572
0.0810313
0.0621148
0.0706286
0.0780712
0.0661919
0.0713361
0.0587935
0.0632288
0.0887512
0.0854141
0.064885
0.0647781
0.0787509
0.0621893
0.0699383
0.0673997
0.0757004
0.0570075
0.0632469
0.0575541
0.0671077
0.0681491
0.0570538
0.0728603
0.0750121
0.0598685
0.0609051
0.0751051
0.0612574
0.0679907
0.058371
0.0665954
0.0669385
0.06838
0.0616034
0.069098
0.0692807
0.0561583
0.070368
0.0563861
0.0711643
0.0741509
0.076496
0.0729908
0.0636725
0.0685969
0.0682049
0.0658957
0.0659782
0.064825
0.0627056
0.065112
0.0635253
0.0547871
0.0619507
0.0549177
0.0588605
0.0577541
0.0429059
0.0503556
0.0525193
0.0607248
0.0543273
0.0594445
0.0503125
0.0454882
0.0534654
0.0510306
0.0441131
0.0533466
0.05857
0.0614491
0.0681999
0.0529754
0.0527778
0.0565042
0.0521994
0.0650621
0.0662529
0.05602
0.059439
0.0550821
0.0495463
0.0562839
0.0602372
0.0591259
0.0617124
0.0600614
0.060397
0.0578403
0.0634537
0.0656602
0.0613362
0.0596488
0.0755538
0.078595
0.065706
0.0774027
0.071837
0.0746266
0.0767739
0.0913201
0.0814501
0.0966633
0.0913786
0.0888009
0.0990974
0.10783
0.0974026
0.113015
0.106394
0.104616
0.0946419
0.0767282
0.0718056
0.0588445
0.0513564
0.0600606
0.0543644
0.049883
0.0528948
0.0539574
0.0554823
0.0537341
0.0586078
0.0522571
0.0530077
0.0525212
0.0576744
0.0602166
0.0601573
0.0537022
0.0548344
0.0638478
0.0641106
0.0769892
0.0784746
0.0754946
0.0822407
0.0864145
0.0883058
0.096433
0.0996695
0.116295
0.116828
0.127668
0.142164
0.138775
0.154938
0.156525
0.152103
0.147241
0.133061
0.133315
0.118609
0.110064
0.096824
0.0932673
0.0895913
0.0765134
0.0778905
0.0887664
0.075535
0.0766813
0.077867
0.0696672
0.0736126
0.0788809
0.0737101
0.0814475
0.0928858
0.0838427
0.089469
0.0962388
0.098912
0.0927092
0.0937237
0.104676
0.114311
0.11526
0.105898
0.117378
0.121326
0.124002
0.141154
0.145853
0.14513
0.154264
0.159743
0.168844
0.17809
0.184404
0.181659
0.185089
0.16779
0.158328
0.138669
0.138664
0.122004
0.115011
0.104067
0.099925
0.095138
0.0935618
0.0921255
0.0877223
0.0995207
0.0950619
0.102106
0.0923843
0.0889366
0.0824116
0.0790831
0.0809974
0.0655465
0.0866247
0.0813581
0.0817229
0.0692762
0.0839574
0.0844844
0.0799474
0.0851664
0.0729495
0.0683527
0.07495
0.0731305
0.084015
0.0757567
0.0746535
0.0747495
0.0791743
0.0790465
0.0779958
0.0776519
0.0885197
0.0796802
0.0851032
0.0809838
0.0887402
0.0886824
0.0738432
0.0768724
0.0851328
0.0785115
0.0841708
0.0802265
0.0927407
0.0850061
0.0786716
0.0924462
0.0857165
0.0861637
0.0963784
0.0890482
0.089342
0.0788766
0.0803561
0.0833784
0.0878411
0.0894884
0.0900531
0.0974668
0.0905406
0.0900212
0.0826932
0.0914961
0.092993
0.0898109
0.100124
0.0877817
0.0953166
0.0903133
0.0933491
0.108128
0.119322
0.13956
0.122968
0.131768
0.155271
0.131864
0.144556
0.134792
0.170964
0.174217
0.147529
0.161664
0.180989
0.17264
0.165093
0.151239
0.154725
0.159909
0.16468
0.136578
0.12187
0.116525
0.122459
0.103031
0.102061
0.121576
0.118399
0.124779
0.127081
0.114754
0.127497
0.133453
0.135476
0.134776
0.148843
0.158574
0.149293
0.150157
0.15278
0.147938
0.151
0.161389
0.14168
0.1588
0.149538
0.132726
0.13155
0.141984
0.143306
0.158098
0.135503
0.144801
0.147461
0.129804
0.120106
0.15041
0.166621
0.155907
0.169153
0.181167
0.136906
0.171398
0.165113
0.149613
0.158778
0.188346
0.201036
0.18409
0.187084
0.18583
0.161994
0.186647
0.171843
0.195808
0.195989
0.20023
0.20973
0.199942
0.201799
0.218269
0.229035
0.201327
0.230832
0.231917
0.236979
0.228068
0.229498
0.227592
0.226624
0.213367
0.222158
0.21074
0.220834
0.191714
0.195569
0.175933
0.166578
0.173437
0.142024
0.128339
0.12509
0.128811
0.151991
0.115144
0.136305
0.126074
0.106324
0.121894
0.115798
0.101939
0.0951893
0.140691
0.147819
0.140001
0.120515
0.127032
0.167217
0.176584
0.174076
0.181215
0.181054
0.158644
0.18203
0.216975
0.248224
0.208168
0.21428
0.179901
0.213164
0.233432
0.236752
0.213291
0.221951
0.244673
0.265616
0.280117
0.277973
0.277232
0.270608
0.267766
0.27916
0.285536
0.291168
0.275999
0.27578
0.274686
0.256995
0.240076
0.224809
0.233965
0.239757
0.201593
0.197033
0.186879
0.188393
0.104369
0.137913
0.111231
0.119595
0.132568
0.105768
0.101235
0.100201
0.0965602
0.114078
0.118178
0.102233
0.110478
0.113516
0.113442
0.108144
0.0979873
0.0675994
0.132161
0.11569
0.116738
0.106912
0.103068
0.120429
0.110465
0.107096
0.1352
0.112208
0.142408
0.123394
0.125192
0.103451
0.151715
0.147973
0.182291
0.114695
0.13951
0.157304
0.18565
0.126552
0.141279
0.122374
0.144381
0.176829
0.128068
0.152333
0.142242
0.162216
0.165021
0.109549
0.154184
0.180406
0.139276
0.145583
0.136337
0.135859
0.122227
0.130449
0.111782
0.148749
0.155665
0.152678
0.156307
0.121915
0.131462
0.145134
0.148564
0.146415
0.107743
0.141282
0.148519
0.156097
0.136252
0.127518
0.159589
0.126857
0.134638
0.125733
0.104578
0.116425
0.153618
0.14859
0.10387
0.0752134
0.119548
0.134029
0.0951844
0.142717
0.0532807
0.121233
0.151978
0.100669
0.0927348
0.131228
0.125744
0.117237
0.101596
0.172602
0.0985515
0.13334
0.115052
0.145797
0.147844
0.130907
0.118028
0.141602
0.135925
0.153241
0.151133
0.137738
0.149018
0.128316
0.175437
0.148372
0.137456
0.154389
0.168629
0.134905
0.151638
0.133322
0.145171
0.143361
0.186755
0.15528
0.172382
0.180115
0.157758
0.160881
0.11933
0.167342
0.119777
0.128435
0.131968
0.103639
0.0673319
0.0821569
0.0785985
0.0916623
