0.174148
0.173828
0.172676
0.183671
0.183676
0.191724
0.189655
0.203568
0.206482
0.20569
0.214779
0.225098
0.22203
0.238904
0.23563
0.237963
0.247741
0.249131
0.253534
0.25266
0.253892
0.247706
0.249313
0.251898
0.264672
0.276947
0.285306
0.284331
0.291183
0.300655
0.303343
0.306013
0.314706
0.317198
0.320913
0.327919
0.329199
0.331857
0.330444
0.318208
0.311188
0.308872
0.306078
0.319051
0.335944
0.337804
0.355064
0.362005
0.369629
0.366897
0.356956
0.318738
0.299882
0.297025
0.29763
0.297007
0.323494
0.389406
0.400154
0.388642
0.357366
0.311685
0.248145
0.227755
0.217398
0.194284
0.185515
0.174721
0.163331
0.154436
0.149041
0.151373
0.142735
0.140897
0.13945
0.141577
0.138807
0.141358
0.147628
0.153375
0.154106
0.158012
0.163493
0.164983
0.165201
0.169349
0.174149
0.175946
0.183669
0.187052
0.191402
0.201757
0.214164
0.230746
0.243961
0.262071
0.289246
0.308786
0.320877
0.338512
0.344715
0.338237
0.328288
0.309254
0.273118
0.248393
0.230371
0.229533
0.236947
0.235738
0.242038
0.247773
0.252477
0.25492
0.2559
0.253455
0.243551
0.24062
0.235949
0.244375
0.236086
0.241723
0.252073
0.257031
0.261649
0.272902
0.283345
0.288232
0.287872
0.296344
0.298949
0.303413
0.304906
0.299325
0.298359
0.299873
0.316959
0.329965
0.331831
0.313409
0.306563
0.278237
0.268493
0.258574
0.275224
0.27862
0.283392
0.307668
0.304117
0.316666
0.335093
0.340495
0.346985
0.36409
0.365362
0.367043
0.374768
0.376046
0.376548
0.375559
0.377131
0.382696
0.384768
0.373836
0.345776
0.280451
0.213371
0.172466
0.150715
0.148785
0.129645
0.128973
0.125412
0.129256
0.13207
0.136188
0.140207
0.148628
0.15206
0.172451
0.176741
0.189369
0.188351
0.184197
0.184966
0.180596
0.176008
0.17143
0.165761
0.159678
0.160523
0.15945
0.163061
0.160607
0.165925
0.173593
0.173753
0.172099
0.173416
0.159241
0.156764
0.152746
0.142068
0.144778
0.15076
0.145885
0.146434
0.158915
0.171656
0.176263
0.180338
0.190435
0.199912
0.202663
0.20524
0.214281
0.216169
0.220114
0.226137
0.228385
0.235918
0.235961
0.23249
0.227267
0.206911
0.186757
0.192119
0.180031
0.192436
0.194907
0.194787
0.20319
0.203293
0.205378
0.222183
0.237984
0.240027
0.255161
0.26099
0.268746
0.281091
0.286072
0.295727
0.299742
0.309729
0.31255
0.320534
0.325292
0.331386
0.33617
0.342075
0.346748
0.355382
0.354699
0.353578
0.329607
0.278563
0.235431
0.216245
0.220079
0.206606
0.216045
0.233871
0.225473
0.236096
0.236462
0.246345
0.245089
0.258714
0.263647
0.269718
0.274757
0.288407
0.281988
0.297963
0.300348
0.304559
0.29787
0.304906
0.293044
0.278097
0.252887
0.229113
0.19272
0.17242
0.15518
0.156139
0.17255
0.178199
0.188826
0.205699
0.205685
0.204318
0.210062
0.2159
0.201139
0.215238
0.223789
0.204508
0.193029
0.188845
0.177651
0.171348
0.173694
0.165783
0.160031
0.171418
0.158869
0.164423
0.175153
0.174766
0.176074
0.174021
0.175399
0.175045
0.16784
0.162121
0.156951
0.144421
0.14938
0.139414
0.168226
0.15827
0.161259
0.16465
0.151527
0.157829
0.149184
0.149681
0.158567
0.159431
0.177293
0.178154
0.191284
0.194025
0.194151
0.210451
0.204919
0.217753
0.226502
0.222962
0.224448
0.22737
0.232573
0.224501
0.211581
0.208545
0.199351
0.2196
0.189554
0.189363
0.178247
0.1748
0.160541
0.188492
0.184442
0.194534
0.194247
0.194675
0.202661
0.194086
0.188504
0.199731
0.193241
0.198488
0.199756
0.211337
0.214846
0.225229
0.236405
0.252707
0.261494
0.258221
0.26922
0.291678
0.279559
0.281023
0.276139
0.269652
0.2233
0.196624
0.172152
0.155564
0.161408
0.149173
0.14751
0.153221
0.160317
0.179066
0.170883
0.179871
0.173332
0.176691
0.162511
0.163637
0.163351
0.169258
0.172326
0.153318
0.164496
0.154331
0.151843
0.156138
0.155661
0.165563
0.166846
0.174777
0.191045
0.204808
0.235505
0.262993
0.286278
0.308701
0.316556
0.314892
0.31983
0.303179
0.287828
0.268464
0.247159
0.222919
0.245503
0.246461
0.247509
0.252773
0.241548
0.236659
0.235132
0.241794
0.234732
0.243223
0.246542
0.23933
0.236859
0.224509
0.208001
0.199933
0.194095
0.188141
0.2015
0.221231
0.200622
0.206839
0.217806
0.227463
0.198958
0.219532
0.208199
0.220907
0.195215
0.198798
0.200439
0.20822
0.203341
0.246086
0.225915
0.205803
0.226975
0.232311
0.218084
0.220092
0.210841
0.216581
0.226504
0.218575
0.231178
0.222324
0.234607
0.230181
0.230398
0.241103
0.243773
0.248237
0.253992
0.262723
0.264301
0.269604
0.291944
0.298127
0.333982
0.384515
0.412438
0.428663
0.443275
0.403462
0.357972
0.327387
0.287154
0.246314
0.211668
0.23266
0.256237
0.272172
0.327781
0.37234
0.427516
0.445886
0.45582
0.455479
0.381532
0.299895
0.239262
0.214451
0.198233
0.20245
0.192656
0.211926
0.208645
0.195216
0.191221
0.217228
0.205479
0.200683
0.215048
0.214233
0.219682
0.215014
0.222619
0.222544
0.234332
0.242318
0.22256
0.216655
0.206127
0.188266
0.18695
0.161241
0.152079
0.173823
0.176572
0.161945
0.157367
0.145289
0.140932
0.145537
0.126421
0.134609
0.13812
0.155565
0.136261
0.147299
0.131767
0.160119
0.158819
0.15712
0.17453
0.17072
0.181691
0.186423
0.210854
0.177163
0.207494
0.180958
0.203094
0.17155
0.183177
0.166296
0.185982
0.172825
0.173334
0.174897
0.174947
0.169233
0.193768
0.209418
0.17918
0.20612
0.199388
0.21293
0.203149
0.19848
0.174272
0.168752
0.174873
0.173867
0.17961
0.17473
0.191357
0.188223
0.167482
0.179369
0.166542
0.186258
0.17162
0.174198
0.183885
0.186916
0.183337
0.203823
0.194222
0.196229
0.201614
0.206176
0.186833
0.174277
0.164052
0.17453
0.149211
0.149091
0.141915
0.156645
0.142197
0.155189
0.142478
0.152243
0.146558
0.138362
0.161094
0.122681
0.133536
0.138359
0.12511
0.133823
0.14112
0.13456
0.15085
0.141653
0.145909
0.126181
0.129629
0.114172
0.0956317
0.0994419
0.10596
0.111147
0.113273
0.111626
0.129551
0.142261
0.141131
0.161235
0.157325
0.177105
0.18204
0.18963
0.181702
0.187117
0.180535
0.171233
0.141742
0.121835
0.0860188
0.0897062
0.0926318
0.09474
0.0973919
0.121274
0.145873
0.13383
0.155397
0.138932
0.153258
0.158396
0.166512
0.145715
0.135418
0.147511
0.168252
0.152147
0.18311
0.161193
0.169433
0.199289
0.17943
0.195877
0.18813
0.197487
0.171807
0.161694
0.166736
0.168885
0.159871
0.188684
0.17995
0.198293
0.177296
0.16312
0.173991
0.167548
0.170973
0.172026
0.16609
0.165052
0.165685
0.172517
0.173081
0.179036
0.166272
0.157215
0.144261
0.161515
0.133677
0.118894
0.143532
0.122618
0.126897
0.105374
0.11161
0.101494
0.109721
0.0895229
0.106672
0.0873946
0.0741414
0.0723829
0.0736776
0.0832522
0.0748279
0.0639575
0.0816567
0.0557568
0.0739013
0.0746832
0.0689272
0.0563573
0.0633214
0.0597667
0.0608899
0.067856
0.082644
0.0567419
0.072714
0.0595113
0.0533903
0.0483665
0.0582935
0.0645577
0.0568194
0.0739971
0.0689377
0.0725287
0.073666
0.0541907
0.0730193
0.086373
0.0687578
0.0611743
0.0729842
0.0728852
0.0846651
0.0739261
0.0933288
0.0814307
0.071138
0.0763884
0.0759788
0.0804654
0.0702688
0.0699534
0.060631
0.0586172
0.0311398
0.0514249
0.0458534
0.0436084
0.0475369
0.0549135
0.0663931
0.0565312
0.0516881
0.0592813
0.0651699
0.0655929
0.0613383
0.0774667
0.0615401
0.0516658
0.0700682
0.0565862
0.0446282
0.0506693
0.0729164
0.0641792
0.0601754
0.0620428
0.0621233
0.0746895
0.082641
0.0951187
0.114354
0.100364
0.132513
0.122108
0.110102
0.115657
0.118678
0.123828
0.120683
0.139702
0.135725
0.13431
0.110781
0.124781
0.123867
0.13049
0.121949
0.140747
0.162007
0.159984
0.16962
0.192284
0.182462
0.168951
0.208118
0.221415
0.23007
0.226592
0.240746
0.266739
0.25128
0.217316
0.207715
0.199707
0.165362
0.148536
0.141377
0.17136
0.15193
0.15686
0.155243
0.146243
0.152114
0.164685
0.174953
0.188874
0.175791
0.192727
0.190316
0.19056
0.196488
0.177044
0.18522
0.179331
0.188846
0.193312
0.215044
0.216792
0.27109
0.243857
0.240268
0.228434
0.219346
0.194086
0.217726
0.198112
0.175946
0.156685
0.14873
0.145656
0.122851
0.117571
0.114869
0.0803276
0.0878789
0.0556043
0.0476678
0.0343213
0.0399333
0.0235663
0.0226193
0.0118491
0.0174315
0.00724041
0.012653
0.0122374
0.0176902
0.0174934
0.00876436
0.00983354
0.0150869
0.0161076
0.0131522
0.0232944
0.0201857
0.0311749
0.0218086
0.0219128
0.0160291
0.0131769
0.0123365
0.00812488
0.00172983
0.011208
0.00356266
0.005626
0.0061592
0.00830712
0
0.000591863
0.0025216
0.00470014
0.00170003
0.00679729
0.00872404
0.0107404
0.018343
0.0142505
0.013723
0.0116721
0.0193045
0.0107667
0.0148043
0.0125113
0.0119811
0.0102877
0.0170793
0.00795148
0.0144027
0.021048
0.0140263
0.0139805
0.0115491
0.00902907
0.0135506
0.0192609
0.0203711
0.0270437
0.0337265
0.0329889
0.0260661
0.0295234
0.0297927
0.0219128
0.0228381
0.0233281
0.0293858
0.0262275
0.0264185
0.0272308
0.0242538
0.0306853
0.0302605
0.024027
0.025347
0.027103
0.030234
0.0321694
0.0356816
0.0357591
0.0419364
0.0340619
0.0201124
0.0351899
0.0273934
0.0272658
0.0220153
0.0328942
0.0242517
0.0244062
0.0280119
0.027403
0.0326528
0.0276895
0.0332576
0.0207679
0.0237929
0.0321163
0.0327873
0.0258697
0.0388001
0.0365579
0.0388548
0.0493422
0.0463086
0.0610475
0.0491909
0.0540295
0.0499873
0.0608466
0.0618119
0.0683376
0.0607235
0.0647599
0.0704551
0.0752326
0.0667852
0.0720989
0.0672185
0.0670285
0.0754076
0.0736458
0.0699497
0.0794412
0.0850254
0.0972878
0.113727
0.101566
0.106439
0.099441
0.115284
0.116008
0.106839
0.100582
0.105811
0.109652
0.121363
0.113877
0.111401
0.107474
0.11276
0.105457
0.109337
0.0990564
0.0996142
0.105136
0.100344
0.108084
0.127991
0.122413
0.128283
0.132559
0.129936
0.117913
0.109725
0.0870423
0.0962117
0.0941837
0.0952364
0.099879
0.0878107
0.0850523
0.0925354
0.111972
0.0808708
0.0952127
0.0865375
0.0845802
0.0778198
0.100701
0.0898383
0.0915436
0.0844723
0.0931681
0.102198
0.0970835
0.082805
0.0832986
0.0787031
0.0700186
0.0730907
0.0716219
0.0570965
0.0524617
0.0537763
0.0513419
0.0602923
0.062796
0.062257
0.0504059
0.0449425
0.0478764
0.052844
0.0475002
0.0594623
0.0455411
0.0402193
0.0439093
0.0612098
0.0564661
0.0740362
0.056497
0.0766201
0.0562856
0.0603614
0.0440442
0.0367883
0.0384788
0.0242232
0.0382496
0.014653
0.012315
0.020725
0.0081586
0.0157609
0.0245879
0.0170102
0.0110548
0.0117587
0.0110019
0.0165655
0.0155891
0.0223992
0.0232318
0.0163155
0.0280206
0.0308441
0.0265435
0.0434245
0.0411854
0.0406409
0.0556877
0.0422881
0.0470377
0.0357006
0.0355645
0.0493921
0.0379566
0.0359345
0.0279051
0.0230177
0.025632
0.0223215
0.0142758
0.0128469
0.0226679
0.0275743
0.0133442
0.0218001
0.0230442
0.0153493
0.0133017
0.0129422
0.0148243
0.0114252
0.0183969
0.023007
0.0238226
0.0224737
0.0265651
0.0194653
0.0217526
0.028861
0.0203746
0.0154719
0.0335124
0.0297999
0.0118744
0.0229934
0.0143507
0.0146034
0.0154001
0.0148259
0.0228551
0.00930218
0.0162608
0.0181977
0.0212746
0.0192578
0.0132855
0.0178487
0.0145138
0.0217994
0.0151609
0.0169143
0.0199098
0.0140661
0.0303293
0.0378923
0.0348692
0.0455116
0.0406144
0.0334539
0.0405622
0.0374313
0.0452574
0.0337684
0.0279304
0.0260269
0.0148112
0.0255394
0.0183032
0.0154369
0.015789
0.0207346
0.023551
0.0220749
0.0219655
0.0234719
0.0194787
0.0229577
0.0163949
0.0241849
0.0284713
0.0261524
0.0251242
0.0307818
0.0236375
0.0333358
0.0310187
0.039408
0.0339456
0.0506515
0.0413257
0.0379537
0.040955
0.0442238
0.0494019
0.0395111
0.0402136
0.0509923
0.0381644
0.0461874
0.0419972
0.0446214
0.0417212
0.0420529
0.0352801
0.0431003
0.0449865
0.048249
0.0395544
0.045888
0.0506725
0.0448272
0.0499308
0.0477437
0.0547405
0.0518486
0.0530488
0.0584198
0.0576618
0.0613875
0.0860083
0.0984957
0.163236
0.332138
0.504744
0.599307
0.616948
0.594752
0.507605
0.326963
0.167176
0.104971
0.092322
0.077809
0.0705368
0.0715506
0.0722807
0.0758621
0.0669615
0.0731377
0.0691067
0.0655733
0.0707542
0.0613961
0.0693781
0.0658371
0.0698951
0.0656052
0.0719304
0.0643345
0.06427
0.0653986
0.0619419
0.0609661
0.0594394
0.0576574
0.057885
0.0571251
0.0468968
0.0531773
0.0539341
0.0480786
0.053124
0.0603862
0.0543315
0.0643363
0.0622142
0.0521485
0.0554673
0.0618933
0.0618661
0.0585611
0.0622386
0.0636917
0.0617846
0.0674651
0.0636076
0.0648219
0.0645139
0.0646039
0.0713069
0.0560423
0.0622309
0.0724556
0.0661101
0.0694777
0.0690904
0.070524
0.0645601
0.0631652
0.0624166
0.0646084
0.0683453
0.0665882
0.0673988
0.057487
0.055352
0.0526657
0.0478815
0.069768
0.0651053
0.0608579
0.0605075
0.0635581
0.0573574
0.0603745
0.063691
0.0667399
0.059992
0.0607755
0.0616014
0.0648064
0.0631734
0.0630742
0.0591664
0.0641157
0.0618202
0.0701962
0.061399
0.0638601
0.0635302
0.070319
0.0649931
0.0648516
0.0691545
0.0648194
0.0667544
0.0706258
0.0688259
0.0697785
0.0745779
0.0714005
0.0793701
0.0829074
0.0727204
0.0743734
0.0823061
0.0854354
0.091696
0.0929255
0.0776023
0.0876132
0.0915873
0.0801992
0.0872288
0.0767041
0.0858241
0.0867132
0.089599
0.0759778
0.0940014
0.092581
0.092982
0.07927
0.0848653
0.0864554
0.0992988
0.0840243
0.0932545
0.0976417
0.10084
0.0817698
0.0831407
0.066333
0.0963996
0.0899099
0.102193
0.082371
0.0828165
0.0869028
0.09445
0.0745658
0.111445
0.0688034
0.0853436
0.0913154
0.0931033
0.103417
0.0994917
0.125483
0.129902
0.117563
0.109493
0.123156
0.107777
0.108306
0.123364
0.087828
0.121165
0.124931
0.0974039
0.117866
0.113706
0.112468
0.134976
0.129889
0.135262
0.157846
0.14557
0.163542
0.153173
0.173387
0.149077
0.140005
0.123579
0.143957
0.12245
0.127474
0.127092
0.124646
0.149028
0.134411
0.118249
0.145341
0.130902
0.091044
0.101692
0.116788
0.131885
0.139266
0.0942109
0.0952417
0.0991575
0.106956
0.100805
0.105334
0.125304
0.123925
0.0897196
0.13081
0.112987
0.110096
0.0807951
0.0955673
0.098117
0.0999506
0.0936807
0.107802
0.111169
0.114024
0.119145
0.0862467
0.13212
0.106951
0.125448
0.148087
0.145725
0.139947
0.11419
0.118292
0.102116
0.066401
0.086722
0.0880885
0.0858233
0.0565716
0.087524
0.100786
0.0746719
0.0770363
0.0631224
0.0699083
0.0730491
0.0864518
0.0833554
0.0857154
0.0728113
0.0879586
0.0937444
0.105239
0.11284
0.116355
0.133857
0.137393
0.157105
0.152969
0.161078
0.169465
0.186737
0.215387
0.226434
0.23028
0.237167
0.22376
0.191533
0.113438
0.0765115
0.0745519
0.0729127
0.0778408
0.0686888
0.0729798
0.0630539
0.0598152
0.0694006
0.0526468
0.0805294
0.0838038
0.0765251
0.0651504
0.0694834
0.0482274
0.0610516
0.0641091
0.0775794
0.076959
0.0664242
0.0735862
0.0751163
0.0666253
0.0556696
0.0737746
0.0834983
0.0648146
0.0562456
0.071485
0.0575652
0.0632021
0.0677564
0.0730571
0.072833
0.0638376
0.0633859
0.0661121
0.0768895
0.0682394
0.0683298
0.0681077
0.0612741
0.070987
0.0737058
0.0696869
0.0668629
0.0671595
0.0759193
0.0755617
0.0718531
0.0631667
0.0681882
0.0690378
0.0695396
0.0694049
0.0600902
0.0632758
0.060924
0.0574349
0.053088
0.0603892
0.0471166
0.0630054
0.0588684
0.061835
0.05607
0.0599323
0.0583263
0.0500529
0.0508124
0.0640923
0.0627181
0.0683767
0.0610798
0.0564562
0.0595179
0.060392
0.0533307
0.0590269
0.0643504
0.0600739
0.057931
0.0532408
0.053235
0.0566157
0.0607269
0.0576872
0.0589076
0.0577301
0.0568226
0.0633813
0.0685444
0.0737855
0.0699632
0.069629
0.0760442
0.0808582
0.0670473
0.0771719
0.0662789
0.0778298
0.0754807
0.0971151
0.0815815
0.102067
0.0996524
0.0995097
0.114585
0.109291
0.103756
0.113148
0.115407
0.112526
0.0904564
0.0753894
0.0647345
0.0633085
0.0470051
0.053615
0.0578176
0.0543347
0.0571226
0.0578267
0.054837
0.0601497
0.0641549
0.0555602
0.0515091
0.0569504
0.0538947
0.0691568
0.0563361
0.0643501
0.0595222
0.0701502
0.0759062
0.0736478
0.0745623
0.0796327
0.0833263
0.0935771
0.0941044
0.103461
0.108218
0.113586
0.121782
0.134459
0.148894
0.155212
0.159916
0.162512
0.159004
0.148785
0.145855
0.137921
0.125791
0.111497
0.0995168
0.100784
0.0776945
0.0794803
0.0866309
0.0894478
0.0766566
0.0749837
0.0908419
0.0785864
0.0810351
0.0905439
0.0894971
0.097743
0.0907392
0.0872832
0.0904692
0.098053
0.097461
0.0986253
0.100905
0.10506
0.113059
0.121815
0.116541
0.12479
0.120307
0.129097
0.142114
0.14184
0.149133
0.158785
0.165804
0.176017
0.184158
0.193997
0.188587
0.186841
0.176262
0.167699
0.146188
0.140434
0.124158
0.115454
0.101538
0.103402
0.0854337
0.0928071
0.0957725
0.0957049
0.102524
0.10416
0.0977706
0.0846812
0.0827236
0.0925159
0.0900269
0.0872131
0.0846213
0.0824427
0.0818942
0.0833906
0.070897
0.0846224
0.0817607
0.0850136
0.0890347
0.07879
0.0802616
0.0797553
0.0774352
0.080191
0.0784176
0.0820734
0.0808788
0.0886171
0.0754734
0.0810362
0.0784879
0.0887623
0.0839769
0.0763939
0.0819356
0.0807252
0.0830905
0.0833104
0.0859252
0.0866295
0.080937
0.0809318
0.0838165
0.0893044
0.0916251
0.0878626
0.0847061
0.0839114
0.0877865
0.0910027
0.0962106
0.0882912
0.0840228
0.0858598
0.0871875
0.0861135
0.0910769
0.0978563
0.0942717
0.0886313
0.0881732
0.0898723
0.0920427
0.0891859
0.0913626
0.0923837
0.0863546
0.101175
0.0972567
0.10497
0.110014
0.122209
0.128947
0.124756
0.138826
0.150537
0.146013
0.138031
0.16265
0.182478
0.171882
0.160421
0.161858
0.185782
0.180886
0.176575
0.172575
0.161093
0.178668
0.164296
0.157544
0.111755
0.129998
0.114908
0.116753
0.106174
0.129205
0.117966
0.13227
0.116001
0.12261
0.123348
0.135365
0.149127
0.145597
0.157592
0.156669
0.156472
0.150396
0.151076
0.147737
0.15302
0.166244
0.173141
0.158638
0.153782
0.14475
0.130675
0.151917
0.148365
0.147008
0.150267
0.124763
0.162796
0.119188
0.120556
0.168873
0.166782
0.146109
0.161329
0.160888
0.121174
0.164194
0.134872
0.158386
0.177832
0.203015
0.184257
0.170272
0.169452
0.207708
0.170341
0.198665
0.19466
0.185207
0.209416
0.204811
0.19469
0.20621
0.221362
0.221286
0.224273
0.217383
0.23747
0.231443
0.233427
0.245147
0.225566
0.23372
0.231321
0.21923
0.232242
0.222545
0.219881
0.207746
0.198893
0.174743
0.179986
0.170239
0.148326
0.140049
0.0962126
0.149234
0.133521
0.116546
0.145033
0.108553
0.0949612
0.115522
0.0980994
0.112677
0.124528
0.160417
0.174947
0.151001
0.135655
0.127159
0.119129
0.180745
0.186129
0.202296
0.170373
0.185775
0.194564
0.224464
0.213192
0.205829
0.210084
0.187537
0.196911
0.219484
0.242928
0.244248
0.222749
0.249258
0.285342
0.293258
0.283882
0.284593
0.261239
0.286596
0.276245
0.289092
0.301864
0.295191
0.275765
0.275695
0.265183
0.248306
0.233815
0.261638
0.225862
0.219923
0.176361
0.22044
0.178806
0.124727
0.111437
0.140959
0.146775
0.124375
0.114678
0.0684851
0.0516041
0.0783425
0.113591
0.106627
0.137875
0.129283
0.114875
0.118696
0.0879509
0.0837936
0.0934795
0.0940829
0.11069
0.118661
0.104252
0.132424
0.119748
0.0928754
0.0868464
0.113809
0.128619
0.109193
0.10114
0.170171
0.119791
0.128268
0.125325
0.135015
0.146137
0.129587
0.152691
0.154211
0.154282
0.124452
0.155956
0.172783
0.186046
0.143546
0.139982
0.120992
0.125624
0.145832
0.13021
0.161873
0.183228
0.163386
0.128923
0.174599
0.129718
0.133768
0.129216
0.150019
0.149984
0.133089
0.149151
0.150754
0.106168
0.0960611
0.180394
0.155776
0.162683
0.135991
0.124555
0.132523
0.133163
0.13082
0.140823
0.148564
0.134676
0.1401
0.0749988
0.115319
0.0886073
0.12574
0.129529
0.0991078
0.0470159
0.074375
0.129013
0.113677
0.180371
0.100727
0.118244
0.147085
0.0686756
0.122755
0.0998906
0.148599
0.100495
0.123037
0.159201
0.136436
0.155793
0.139481
0.145505
0.101892
0.138655
0.109179
0.122269
0.149434
0.154641
0.179012
0.124373
0.153498
0.135612
0.17931
0.170441
0.154486
0.162393
0.178219
0.167731
0.180813
0.138096
0.127835
0.174172
0.15967
0.185533
0.186078
0.199434
0.111612
0.132094
0.177729
0.14241
0.106153
0.0960921
0.138777
0.0834398
0.0921642
0.101145
0.0746822
0.0955623
