0.219561
0.226049
0.233301
0.243208
0.233311
0.223789
0.232233
0.225345
0.236401
0.247301
0.254953
0.265301
0.26796
0.285602
0.299669
0.301645
0.320996
0.322427
0.327088
0.321383
0.315569
0.308888
0.296036
0.301562
0.307191
0.31761
0.323341
0.335254
0.342043
0.35446
0.360838
0.37183
0.383922
0.390086
0.402624
0.412239
0.42487
0.436764
0.430953
0.418719
0.395516
0.367987
0.364647
0.376181
0.38851
0.397845
0.417332
0.419445
0.42923
0.432591
0.430993
0.396963
0.374507
0.36941
0.370015
0.37164
0.405431
0.495555
0.507708
0.50203
0.466726
0.386511
0.307389
0.284428
0.262485
0.238239
0.225731
0.21372
0.203808
0.189041
0.187664
0.178784
0.175251
0.172145
0.1742
0.173959
0.181261
0.187143
0.199859
0.198215
0.193036
0.194806
0.192421
0.191035
0.191769
0.192157
0.193197
0.205952
0.214067
0.223269
0.235538
0.246646
0.259182
0.27692
0.303249
0.317582
0.335924
0.35184
0.365653
0.378461
0.385216
0.385955
0.380523
0.3664
0.331605
0.286454
0.278582
0.277396
0.279797
0.29226
0.299
0.310385
0.316184
0.327596
0.335261
0.336094
0.327578
0.314305
0.286947
0.286701
0.280769
0.288238
0.291785
0.290288
0.307826
0.316184
0.32569
0.335462
0.342648
0.349969
0.353619
0.361368
0.371984
0.373346
0.372643
0.376201
0.404573
0.422647
0.426489
0.412729
0.381916
0.349995
0.321811
0.313745
0.317216
0.330377
0.338294
0.339965
0.353135
0.380826
0.378062
0.396481
0.397356
0.418135
0.428311
0.437386
0.442831
0.446661
0.448881
0.452616
0.460436
0.472474
0.48246
0.476026
0.437565
0.36069
0.277533
0.213191
0.190744
0.178639
0.166011
0.163178
0.161589
0.163427
0.175249
0.180077
0.192505
0.198713
0.212007
0.216714
0.221471
0.226242
0.217781
0.221688
0.217271
0.199144
0.199973
0.199271
0.193819
0.195544
0.191745
0.196595
0.20375
0.209512
0.215543
0.231146
0.234118
0.235472
0.232233
0.222369
0.189246
0.186919
0.168025
0.177237
0.179619
0.183172
0.188082
0.192058
0.195686
0.209481
0.216417
0.227723
0.229439
0.238504
0.246708
0.248363
0.257919
0.270344
0.272054
0.286349
0.296628
0.30522
0.306833
0.292182
0.264946
0.233709
0.208996
0.211214
0.21517
0.221759
0.221532
0.229169
0.233158
0.237892
0.250471
0.260427
0.288409
0.294793
0.29963
0.311749
0.319438
0.328727
0.343241
0.351209
0.356977
0.364182
0.371935
0.388583
0.400236
0.411105
0.413499
0.417214
0.414592
0.414798
0.406757
0.382197
0.339555
0.288282
0.256023
0.246886
0.25217
0.248433
0.251546
0.26157
0.261076
0.277141
0.277691
0.282728
0.294025
0.307935
0.309082
0.330008
0.329861
0.336483
0.340322
0.35029
0.36223
0.362199
0.359352
0.355991
0.34148
0.322346
0.293135
0.247903
0.216646
0.202069
0.209319
0.216343
0.217822
0.215136
0.209911
0.222274
0.226738
0.239249
0.233642
0.237655
0.244901
0.232954
0.231087
0.230308
0.209212
0.207177
0.195654
0.195258
0.196302
0.201986
0.198041
0.204042
0.210588
0.222628
0.232442
0.232468
0.235092
0.227751
0.21326
0.193386
0.189106
0.196187
0.193047
0.193689
0.188041
0.172449
0.192193
0.183231
0.182571
0.18628
0.176214
0.187256
0.186978
0.186883
0.201766
0.204256
0.213344
0.219644
0.231784
0.239727
0.239823
0.249503
0.262387
0.258139
0.27874
0.285362
0.289756
0.277357
0.273255
0.245933
0.239083
0.222521
0.212054
0.21758
0.206339
0.196835
0.193777
0.193558
0.195794
0.203359
0.201402
0.217407
0.220917
0.211991
0.218503
0.219697
0.227056
0.219114
0.223276
0.235567
0.235946
0.256022
0.256243
0.278522
0.287165
0.305766
0.319559
0.324583
0.334326
0.341837
0.332855
0.337777
0.315935
0.275727
0.239156
0.1878
0.17705
0.178406
0.17457
0.156388
0.164822
0.180566
0.189008
0.199001
0.197059
0.200027
0.19678
0.204882
0.189509
0.19164
0.163721
0.179736
0.170607
0.188117
0.185075
0.191986
0.188967
0.189043
0.198165
0.198122
0.205318
0.221655
0.24423
0.268332
0.297666
0.327066
0.349853
0.375077
0.37157
0.362797
0.358253
0.337852
0.296903
0.275896
0.254493
0.277363
0.266167
0.268341
0.270573
0.257502
0.267325
0.270964
0.271354
0.267682
0.268302
0.263919
0.264312
0.264033
0.252171
0.253399
0.232696
0.22549
0.228537
0.241329
0.242548
0.247476
0.243062
0.248507
0.252244
0.238055
0.225867
0.219416
0.218945
0.227756
0.215368
0.212848
0.217845
0.211247
0.22454
0.235809
0.219983
0.233711
0.237707
0.245537
0.239257
0.220375
0.235443
0.246816
0.249788
0.236368
0.24371
0.245443
0.268737
0.26658
0.274894
0.266218
0.271754
0.27945
0.271986
0.296136
0.315108
0.328475
0.343216
0.375204
0.395788
0.404023
0.428429
0.422682
0.399974
0.378956
0.334131
0.304206
0.2654
0.235791
0.220734
0.27088
0.313063
0.368919
0.429757
0.498472
0.559417
0.572118
0.552768
0.454644
0.367231
0.251206
0.246949
0.207732
0.207619
0.205822
0.215422
0.21039
0.208058
0.209407
0.243446
0.207361
0.234402
0.240028
0.230461
0.237108
0.253752
0.265579
0.256225
0.250462
0.262998
0.267532
0.247153
0.232996
0.204959
0.185406
0.174514
0.162093
0.168795
0.185196
0.176295
0.178514
0.157555
0.14825
0.147377
0.142617
0.142314
0.151334
0.141277
0.14223
0.155581
0.156877
0.171991
0.174751
0.177276
0.187024
0.198746
0.216439
0.19706
0.185285
0.179405
0.191579
0.200425
0.20224
0.195213
0.196716
0.204529
0.178743
0.164228
0.172693
0.174768
0.190145
0.196006
0.204148
0.221659
0.223391
0.210442
0.216071
0.241672
0.230628
0.215661
0.20582
0.172935
0.172691
0.168296
0.185728
0.17257
0.18241
0.20089
0.185745
0.195935
0.193958
0.184974
0.205667
0.197676
0.200195
0.189991
0.188593
0.192681
0.211749
0.192444
0.18619
0.204237
0.173008
0.187339
0.165342
0.174516
0.167534
0.169647
0.152443
0.155799
0.145831
0.13744
0.146933
0.143982
0.139971
0.155997
0.154375
0.155171
0.1457
0.128516
0.148252
0.147626
0.140518
0.150021
0.14637
0.148533
0.151674
0.127863
0.134993
0.121411
0.129257
0.116189
0.120666
0.12476
0.120691
0.128045
0.152514
0.145055
0.161373
0.170208
0.176048
0.18458
0.179606
0.20916
0.206096
0.205537
0.175695
0.167265
0.146377
0.134613
0.125551
0.105353
0.0908889
0.109258
0.114702
0.135534
0.143226
0.162064
0.166965
0.146573
0.170162
0.182121
0.170078
0.191263
0.170102
0.161642
0.15505
0.129828
0.177369
0.190826
0.189281
0.173148
0.181321
0.222503
0.200662
0.193563
0.199243
0.187162
0.193102
0.180678
0.155475
0.198304
0.184359
0.186945
0.189225
0.187219
0.19424
0.175983
0.175176
0.184206
0.1817
0.193229
0.188461
0.176705
0.170898
0.180443
0.17297
0.180638
0.159645
0.139343
0.13507
0.151119
0.148902
0.130447
0.133212
0.12263
0.117018
0.0991546
0.107816
0.0879923
0.106146
0.0832812
0.0840498
0.0994252
0.081186
0.0778763
0.0706679
0.0738221
0.0659375
0.0633412
0.0666515
0.0721501
0.0735539
0.0700587
0.0813558
0.0632949
0.0644917
0.0735449
0.0643437
0.0674963
0.0625349
0.0601252
0.0689025
0.0618366
0.0674281
0.0684228
0.0618202
0.0715338
0.0709773
0.0690146
0.0740049
0.0787899
0.0733061
0.0761131
0.0739752
0.0761922
0.0727135
0.0821239
0.0821593
0.0841485
0.0994705
0.0921738
0.0826601
0.0777215
0.0802619
0.0882433
0.070026
0.0622678
0.067735
0.0543153
0.0516091
0.0575675
0.04671
0.0604976
0.0591665
0.0523397
0.0573941
0.0651784
0.0684095
0.0594699
0.0657747
0.0614258
0.0738428
0.0743579
0.0694295
0.0530716
0.0613915
0.0589684
0.0488981
0.0656652
0.0488519
0.0774547
0.0525492
0.0733176
0.0642229
0.0724768
0.07632
0.108278
0.106928
0.114
0.131016
0.118091
0.113462
0.114284
0.130872
0.12235
0.143928
0.126936
0.145367
0.134933
0.138714
0.134357
0.138819
0.141473
0.132378
0.154472
0.153435
0.163866
0.18861
0.185324
0.175716
0.200882
0.178241
0.203721
0.198121
0.214131
0.204898
0.247226
0.245382
0.220189
0.223771
0.180691
0.155353
0.172086
0.127052
0.158445
0.16024
0.166211
0.134729
0.173648
0.159939
0.163626
0.15315
0.171907
0.215613
0.166298
0.186697
0.201256
0.181763
0.15117
0.149482
0.164948
0.183403
0.178447
0.207168
0.211395
0.218909
0.209326
0.210811
0.185577
0.211487
0.215807
0.180259
0.172634
0.163284
0.149038
0.149217
0.14998
0.124483
0.114016
0.0914104
0.0861176
0.0667192
0.0735817
0.0552872
0.0397667
0.0344947
0.0240805
0.0183097
0.0168419
0.0184749
0.00929601
0.014051
0.0151055
0.0173724
0.014604
0.013092
0.0153338
0.0073528
0.0164359
0.0189085
0.0237342
0.0287606
0.0265635
0.0344936
0.0249652
0.0260643
0.0154006
0.0160755
0.00948431
0.00410372
0.00785653
0.00858922
0.0132544
0.0116546
0.00746584
0.00276158
0.00504999
0
0.00952541
0.00950193
0.00765767
0.0120869
0.0118439
0.0237719
0.0182279
0.020459
0.0229364
0.0188188
0.0187687
0.021841
0.011819
0.0162131
0.016524
0.0195217
0.0199878
0.013826
0.0185151
0.0234649
0.0161179
0.0234407
0.018467
0.0179996
0.0233989
0.0260315
0.0349744
0.0386364
0.0351759
0.0364011
0.0311309
0.0299103
0.0255385
0.0248616
0.0273906
0.0230451
0.0300055
0.0369215
0.0403155
0.0305581
0.0286657
0.0310009
0.0325882
0.031539
0.0316062
0.0245555
0.0289619
0.0335222
0.0417779
0.0446817
0.0385957
0.0391481
0.0340835
0.029755
0.0322337
0.0388663
0.0253127
0.0291404
0.0340961
0.030309
0.0371479
0.0427545
0.0341778
0.0322742
0.0269127
0.034301
0.0326554
0.0309169
0.0327035
0.047252
0.0434981
0.0414792
0.0572833
0.0580058
0.0625198
0.0601899
0.0628376
0.0665287
0.0592084
0.064271
0.0660412
0.0641549
0.0655703
0.0645795
0.0713034
0.0720107
0.0712232
0.0666548
0.0710657
0.0722324
0.0752838
0.0729212
0.0836569
0.0918911
0.10074
0.102662
0.107233
0.103032
0.105466
0.111425
0.118665
0.106776
0.109483
0.112528
0.114053
0.113367
0.111862
0.111604
0.11654
0.102615
0.115103
0.119009
0.109493
0.113658
0.112607
0.117836
0.130743
0.120136
0.123875
0.150265
0.150083
0.125966
0.123692
0.111253
0.115096
0.100353
0.094243
0.0926522
0.100855
0.099755
0.113631
0.0905676
0.103912
0.103771
0.09944
0.100059
0.095076
0.103479
0.0889347
0.107686
0.0993455
0.0884414
0.0943898
0.108432
0.094466
0.086102
0.0747058
0.0776737
0.0862557
0.0688734
0.0624821
0.0591882
0.0495244
0.0460897
0.0459697
0.0480081
0.0509592
0.0629562
0.0678693
0.0512905
0.0514683
0.0611834
0.0451045
0.0537849
0.0490775
0.0614795
0.0512017
0.0546671
0.0740536
0.0524663
0.0443401
0.0433844
0.0531512
0.0424377
0.0475499
0.0417092
0.0434775
0.0375697
0.0317935
0.0204801
0.0186479
0.0192072
0.0198568
0.0169117
0.0195788
0.0231959
0.0169099
0.00698969
0.0161504
0.0222976
0.0169744
0.0161356
0.0135925
0.016642
0.0295008
0.0347506
0.0321274
0.0527749
0.0348509
0.036768
0.0504865
0.0412554
0.0512135
0.0455674
0.0504915
0.0359545
0.0306798
0.0501899
0.0397844
0.0194141
0.0250619
0.0274206
0.0264663
0.0259992
0.0158746
0.021119
0.0157132
0.0154675
0.0190345
0.0157661
0.012921
0.00749915
0.00600965
0.0169899
0.0160802
0.023172
0.0204912
0.0208095
0.029826
0.0298234
0.0238128
0.0217832
0.0321385
0.0213556
0.0248418
0.0215388
0.0180484
0.0149243
0.0119822
0.0153325
0.0145371
0.00990169
0.0110091
0.0138566
0.0141964
0.0213299
0.0173431
0.0218752
0.0144312
0.0163187
0.0209594
0.0100449
0.0191757
0.0284493
0.0189497
0.0258406
0.0316536
0.0366057
0.0326183
0.0341734
0.0362794
0.0284707
0.0363104
0.0308129
0.0329794
0.0285622
0.0235243
0.0202873
0.0303494
0.0165846
0.0176326
0.0278671
0.0248459
0.0218653
0.017602
0.0259347
0.016968
0.0211201
0.0222334
0.022163
0.0142738
0.0150684
0.0136369
0.0247053
0.0185405
0.0261605
0.0250536
0.0327889
0.0280026
0.0350165
0.0437847
0.0415848
0.053969
0.045795
0.0434609
0.0477018
0.0477666
0.0436168
0.0470607
0.0463759
0.0496949
0.0460085
0.0408513
0.0456518
0.0461178
0.0450164
0.0491685
0.0459296
0.0450829
0.0425959
0.0540383
0.0500036
0.0527385
0.0495283
0.0513443
0.0499185
0.0468765
0.0514695
0.0641704
0.060757
0.0668932
0.0777499
0.0900066
0.121786
0.19806
0.409993
0.633242
0.75064
0.778
0.751774
0.636583
0.405169
0.20609
0.127888
0.099358
0.0817715
0.0834052
0.0747587
0.078148
0.0800274
0.0745754
0.0761094
0.0761256
0.0791059
0.0708216
0.0733887
0.0756188
0.0704153
0.0734747
0.072319
0.0725103
0.0722325
0.070449
0.0667819
0.0677805
0.068048
0.0683723
0.0663327
0.0692185
0.0611324
0.0605062
0.0562603
0.0518228
0.0643672
0.0576647
0.0575163
0.0603152
0.0610366
0.0520406
0.0596345
0.0698562
0.0603767
0.0647628
0.06837
0.0721592
0.0695696
0.0692466
0.0674643
0.0664194
0.0733731
0.0770909
0.0722851
0.0714112
0.0733082
0.0720734
0.0746148
0.0720182
0.0706886
0.0738136
0.0744839
0.0771367
0.0629015
0.0682006
0.07332
0.0677394
0.0650571
0.0654831
0.063402
0.0643583
0.069994
0.0526913
0.0572745
0.0682837
0.0622273
0.0647279
0.0646839
0.0661792
0.0685331
0.0700261
0.0582861
0.071923
0.0672818
0.0704149
0.0609042
0.0670533
0.0681749
0.0685636
0.0702853
0.0696036
0.0666355
0.0729506
0.0724398
0.0696387
0.0751668
0.0820905
0.0760215
0.0758736
0.0849931
0.077778
0.079101
0.0779315
0.0880018
0.0833555
0.077237
0.0672822
0.0792316
0.0685333
0.0910214
0.0934002
0.0752878
0.0871136
0.10968
0.0909665
0.105571
0.0923989
0.0848501
0.0839739
0.0882843
0.0946826
0.103607
0.0979491
0.0894587
0.0801218
0.0968415
0.0801472
0.0936083
0.0870244
0.0965114
0.0953079
0.0929581
0.0908062
0.083761
0.101967
0.093501
0.087039
0.101153
0.08949
0.103553
0.0883313
0.0993554
0.0921571
0.109353
0.109162
0.0848876
0.083757
0.0889613
0.0958123
0.10589
0.0979381
0.0872406
0.117572
0.0881124
0.111769
0.136274
0.123225
0.105865
0.12231
0.10794
0.108665
0.0892601
0.12748
0.117296
0.111887
0.104784
0.122446
0.106959
0.137904
0.100576
0.135627
0.141799
0.134911
0.167136
0.147676
0.146512
0.144741
0.142342
0.1456
0.106386
0.118982
0.141473
0.134129
0.103517
0.142102
0.110998
0.136212
0.11029
0.100697
0.116696
0.10847
0.0985289
0.104331
0.0972389
0.0936795
0.0925857
0.101838
0.0909986
0.108587
0.108946
0.0996425
0.0841171
0.07494
0.125206
0.119333
0.103974
0.107104
0.0849168
0.113524
0.118388
0.0666763
0.092474
0.119758
0.104795
0.107875
0.0873866
0.128067
0.110557
0.152335
0.129647
0.157238
0.151049
0.124191
0.102098
0.0905999
0.0823404
0.094915
0.0953069
0.0666221
0.0884481
0.0654732
0.0883768
0.073676
0.0749609
0.0805611
0.0868016
0.0787726
0.0715482
0.0872395
0.0925041
0.0859776
0.0973026
0.107644
0.12377
0.123308
0.132377
0.134513
0.147052
0.163562
0.176023
0.175926
0.188276
0.201635
0.243693
0.25567
0.275358
0.263303
0.262245
0.211625
0.142861
0.089852
0.0880173
0.0850793
0.0783392
0.0710924
0.0631004
0.0844928
0.0796052
0.0806224
0.0542273
0.0761963
0.0782264
0.069712
0.0814129
0.0726177
0.0718284
0.0740323
0.0726854
0.0681879
0.0645484
0.0784151
0.0654806
0.0690725
0.0694582
0.0678913
0.0633624
0.0728987
0.0753586
0.063377
0.0678193
0.0675717
0.0655908
0.072932
0.0700877
0.0651618
0.0601781
0.0701842
0.0641215
0.0663846
0.0706878
0.0586899
0.0611107
0.0600297
0.055867
0.0680567
0.069203
0.0648583
0.0711256
0.0751212
0.0742531
0.0721481
0.0635947
0.0756723
0.0648924
0.0679154
0.0642106
0.059107
0.0600431
0.0542217
0.0520211
0.0513012
0.0599322
0.062111
0.0527395
0.0648042
0.0614029
0.0535782
0.0560817
0.0591337
0.0459573
0.0704373
0.0594072
0.0612451
0.0688054
0.0719395
0.0600766
0.0643102
0.0664737
0.0724391
0.0639242
0.0624391
0.0628477
0.0672266
0.0584607
0.0644268
0.0544042
0.0630862
0.0658534
0.0647555
0.0635534
0.0648617
0.0619467
0.0661101
0.0704755
0.0614511
0.0731441
0.0726079
0.077196
0.0864445
0.0853028
0.0726012
0.0795872
0.0866855
0.0988556
0.0902075
0.0821655
0.106374
0.1001
0.102264
0.120157
0.115512
0.12273
0.115462
0.113361
0.101939
0.078446
0.0792012
0.0631336
0.0634761
0.0579802
0.0581859
0.0612795
0.066966
0.0534507
0.0593803
0.0599499
0.0574655
0.0636281
0.0605661
0.0570243
0.0678575
0.0644536
0.067302
0.0663832
0.0691873
0.0664832
0.0754583
0.0793947
0.0779925
0.0878743
0.0914087
0.0978882
0.0992871
0.105296
0.114024
0.125948
0.141122
0.150644
0.155799
0.166324
0.17049
0.176026
0.17409
0.158479
0.156782
0.136955
0.130944
0.11476
0.110995
0.0924815
0.0914356
0.0893675
0.0761787
0.0940133
0.0727271
0.0904677
0.0948841
0.0824657
0.0933567
0.0865681
0.082262
0.0981941
0.0820416
0.0941881
0.0985035
0.10048
0.108831
0.114729
0.105883
0.121045
0.116842
0.122407
0.128138
0.13786
0.137423
0.144519
0.153105
0.153292
0.161532
0.166439
0.180977
0.191114
0.202297
0.207411
0.206922
0.209477
0.194134
0.17267
0.16388
0.148494
0.131138
0.122957
0.110877
0.110079
0.103206
0.103008
0.101266
0.101867
0.102618
0.101905
0.104506
0.0925037
0.103103
0.098024
0.0854096
0.094959
0.089744
0.086572
0.090124
0.100189
0.0767721
0.0906377
0.09625
0.0878348
0.0814174
0.0875007
0.0759651
0.0871585
0.0923624
0.0872629
0.0919754
0.0930033
0.0857775
0.0920758
0.0928426
0.0864718
0.0896996
0.087499
0.0821618
0.0785189
0.0848778
0.0860658
0.0901496
0.0940292
0.087496
0.0929341
0.0896198
0.0864501
0.0932255
0.0908076
0.0861272
0.0861574
0.0920907
0.0827701
0.0849019
0.0834064
0.0870068
0.093216
0.0920295
0.0778569
0.0870194
0.0820637
0.0760833
0.06063
0.0575678
0.063037
0.0499472
0.0511594
0.0506345
0.0541555
0.0510958
0.0568246
0.0601617
0.0617664
0.0667033
0.0749916
0.0893403
0.110537
0.115622
0.126325
0.127674
0.13113
0.127278
0.142104
0.142036
0.151864
0.168502
0.149095
0.15696
0.183003
0.168725
0.182637
0.170089
0.176518
0.151067
0.144428
0.147557
0.12784
0.144897
0.12194
0.131332
0.126749
0.12455
0.128894
0.13623
0.134555
0.14412
0.144599
0.15199
0.155775
0.154706
0.161029
0.167488
0.173153
0.172283
0.17371
0.175906
0.171839
0.160834
0.169238
0.153539
0.165637
0.144315
0.148475
0.158403
0.131937
0.180701
0.136798
0.134917
0.122796
0.12807
0.157473
0.146039
0.151666
0.13639
0.176624
0.162876
0.15865
0.207416
0.170185
0.158035
0.168977
0.149645
0.198392
0.188476
0.196753
0.202634
0.195055
0.199072
0.221355
0.219858
0.226331
0.216234
0.228172
0.217189
0.23398
0.235866
0.238733
0.236729
0.259135
0.259698
0.254229
0.248191
0.260235
0.259273
0.259797
0.244162
0.261281
0.245212
0.237078
0.238989
0.216677
0.203471
0.182382
0.181581
0.167618
0.140046
0.162678
0.145891
0.122885
0.109069
0.159906
0.148105
0.1481
0.113309
0.13916
0.123642
0.12944
0.163984
0.155001
0.178294
0.152943
0.154742
0.185497
0.158942
0.169693
0.173063
0.218256
0.229023
0.240277
0.223312
0.229512
0.240078
0.225927
0.26021
0.27555
0.269885
0.266405
0.267049
0.266943
0.272478
0.271271
0.305854
0.283849
0.30615
0.323818
0.338755
0.316149
0.294912
0.295695
0.298225
0.297196
0.316805
0.271752
0.291054
0.278067
0.271233
0.235177
0.232233
0.215215
0.225378
0.244412
0.122771
0.156946
0.0916558
0.122433
0.135745
0.127891
0.116224
0.155538
0.130142
0.14835
0.110637
0.0987785
0.121895
0.125666
0.115371
0.115946
0.0907521
0.113721
0.124168
0.122815
0.139034
0.14076
0.11575
0.120442
0.146198
0.119986
0.144924
0.116626
0.0938494
0.172649
0.130732
0.131498
0.163511
0.161362
0.164405
0.14167
0.156684
0.224835
0.092512
0.133657
0.127016
0.186541
0.155499
0.123416
0.226394
0.185421
0.142547
0.172673
0.170529
0.21772
0.183053
0.157784
0.138039
0.150345
0.198105
0.146718
0.156198
0.181863
0.145036
0.181491
0.175771
0.175153
0.147945
0.17245
0.122349
0.169347
0.136997
0.19212
0.152242
0.141616
0.170287
0.128539
0.153824
0.166885
0.122351
0.135027
0.167897
0.14946
0.129613
0.122933
0.221468
0.218493
0.111624
0.162579
0.143658
0.120322
0.106982
0.114425
0.091784
0.134635
0.140824
0.115582
0.120671
0.159184
0.152301
0.138495
0.164916
0.175052
0.134561
0.126703
0.170796
0.166202
0.134529
0.22818
0.168497
0.138011
0.176862
0.190213
0.148675
0.172311
0.165453
0.172328
0.15186
0.166848
0.199437
0.176507
0.182711
0.207641
0.189195
0.17879
0.183855
0.19001
0.174403
0.181165
0.181108
0.148599
0.192071
0.203164
0.150445
0.135507
0.127794
0.140957
0.100608
0.0949325
0.0339703
0.0639544
0.0386898
0.0182486
