0.180375
0.185797
0.187737
0.199387
0.192667
0.198138
0.210756
0.20911
0.212785
0.218295
0.227092
0.234188
0.234146
0.24225
0.254425
0.252371
0.263484
0.265785
0.261996
0.257633
0.257126
0.257804
0.263068
0.270373
0.275221
0.285627
0.295139
0.301265
0.307144
0.317114
0.319328
0.325636
0.330526
0.331397
0.338822
0.341823
0.347883
0.351211
0.348976
0.337134
0.328567
0.314877
0.322211
0.340087
0.347544
0.358495
0.374565
0.379599
0.382963
0.385587
0.378649
0.341885
0.319213
0.314058
0.313644
0.315768
0.347404
0.408059
0.41048
0.401901
0.375205
0.318958
0.259079
0.238782
0.217259
0.205424
0.192663
0.177475
0.176372
0.168736
0.168362
0.157893
0.152319
0.153722
0.144697
0.150752
0.15856
0.151097
0.158608
0.167705
0.164598
0.164983
0.17636
0.171392
0.17315
0.179934
0.175522
0.191413
0.192741
0.200431
0.210454
0.214973
0.224915
0.241486
0.263492
0.282111
0.304262
0.328811
0.338256
0.353845
0.363
0.351324
0.344258
0.324596
0.288609
0.259284
0.24105
0.243832
0.247819
0.252087
0.25748
0.261776
0.264274
0.265918
0.266452
0.269996
0.254768
0.25788
0.246374
0.244775
0.247229
0.258927
0.259004
0.260939
0.274567
0.283559
0.288562
0.301907
0.305183
0.309075
0.31174
0.319073
0.322182
0.318561
0.315722
0.319539
0.33579
0.347824
0.340105
0.332059
0.308893
0.289411
0.285089
0.266351
0.285769
0.285741
0.301811
0.306907
0.317471
0.333213
0.335089
0.3594
0.359583
0.380614
0.382114
0.390133
0.392083
0.393649
0.391912
0.393533
0.396598
0.399159
0.401497
0.389827
0.35386
0.29563
0.231282
0.182486
0.161481
0.154218
0.144907
0.137068
0.138857
0.137538
0.144275
0.145474
0.155464
0.15822
0.166447
0.171163
0.181655
0.189757
0.199757
0.198867
0.189757
0.180805
0.177699
0.179785
0.169157
0.174042
0.169147
0.173046
0.177715
0.175854
0.178148
0.185898
0.187577
0.185567
0.181012
0.181022
0.156341
0.158017
0.154906
0.162167
0.153631
0.16274
0.163662
0.170124
0.176375
0.189081
0.19516
0.203051
0.207809
0.213336
0.219703
0.223432
0.231961
0.232274
0.239911
0.246634
0.245633
0.248446
0.24748
0.235683
0.225724
0.19823
0.189463
0.197322
0.204189
0.20127
0.205963
0.212497
0.214055
0.226118
0.238108
0.240993
0.253414
0.263179
0.269132
0.276487
0.292901
0.292234
0.306932
0.313129
0.326121
0.324956
0.332941
0.340249
0.350433
0.352423
0.358947
0.366672
0.366387
0.369936
0.362095
0.331222
0.296454
0.249667
0.229304
0.226238
0.214349
0.222609
0.22856
0.238722
0.236914
0.232835
0.246518
0.250977
0.259857
0.269646
0.274358
0.288236
0.297373
0.300172
0.296948
0.312113
0.315631
0.316727
0.31418
0.31417
0.299738
0.263611
0.248082
0.208663
0.18277
0.164306
0.172224
0.178763
0.186198
0.17884
0.192565
0.201421
0.193535
0.195745
0.207266
0.212415
0.217704
0.20402
0.194286
0.208205
0.186458
0.186992
0.172818
0.162128
0.174231
0.177366
0.178126
0.180293
0.178232
0.183795
0.189662
0.183564
0.184889
0.193395
0.177406
0.159532
0.158023
0.163955
0.173604
0.163232
0.164913
0.150186
0.162394
0.160691
0.153754
0.162887
0.161774
0.160512
0.16233
0.1622
0.183649
0.189805
0.194951
0.195397
0.205932
0.212555
0.214687
0.214688
0.233585
0.226132
0.229358
0.239653
0.238569
0.227075
0.233929
0.226689
0.218928
0.219223
0.197827
0.198007
0.190492
0.171721
0.172455
0.171643
0.1806
0.195657
0.201238
0.210124
0.195788
0.187044
0.19152
0.210562
0.204937
0.202186
0.19733
0.212721
0.220839
0.222441
0.239483
0.249425
0.259328
0.262817
0.282986
0.288311
0.291307
0.293367
0.283287
0.290689
0.270122
0.232389
0.207776
0.185142
0.17385
0.164345
0.16515
0.163089
0.163028
0.170101
0.171411
0.178189
0.176117
0.186878
0.172178
0.192672
0.175293
0.175684
0.159942
0.163931
0.171311
0.169395
0.162654
0.170818
0.172112
0.176432
0.175944
0.175953
0.183575
0.198828
0.214482
0.245366
0.270539
0.293606
0.305352
0.327773
0.326172
0.335913
0.312013
0.293485
0.264326
0.248699
0.232529
0.260026
0.245388
0.244555
0.256143
0.251283
0.247462
0.25179
0.251409
0.236652
0.244034
0.248684
0.253095
0.249879
0.238545
0.234587
0.209677
0.194839
0.20138
0.192342
0.21073
0.223674
0.215097
0.233136
0.223353
0.206879
0.200967
0.198168
0.196544
0.213081
0.195717
0.200099
0.194727
0.196285
0.211246
0.207032
0.206236
0.211118
0.221294
0.212089
0.203102
0.202053
0.215117
0.225572
0.234802
0.222306
0.223095
0.231315
0.236763
0.241025
0.248376
0.240304
0.240978
0.24494
0.251562
0.266849
0.271731
0.292325
0.313163
0.351155
0.370153
0.386207
0.429603
0.410921
0.393476
0.359897
0.32725
0.293117
0.237141
0.214128
0.213332
0.249214
0.292014
0.344592
0.427362
0.47063
0.521852
0.530545
0.50804
0.419354
0.333701
0.240566
0.226105
0.193853
0.186282
0.19088
0.19695
0.18239
0.190232
0.192608
0.234538
0.196195
0.224041
0.224967
0.215846
0.215102
0.234279
0.232581
0.227801
0.229715
0.232218
0.240274
0.213848
0.197135
0.177752
0.15507
0.158926
0.169258
0.152377
0.161774
0.155312
0.158816
0.150563
0.142842
0.134249
0.133042
0.131475
0.145016
0.136852
0.118145
0.136146
0.143437
0.14915
0.157325
0.149074
0.16387
0.179763
0.185379
0.18055
0.187702
0.176697
0.190247
0.190471
0.194761
0.175546
0.189523
0.192545
0.169633
0.170125
0.171135
0.154377
0.180262
0.192609
0.19745
0.200882
0.205015
0.20834
0.194106
0.207096
0.199362
0.195687
0.170813
0.164256
0.151476
0.158126
0.171467
0.176686
0.169396
0.181278
0.17119
0.184559
0.167383
0.169609
0.189552
0.190384
0.18026
0.19506
0.194935
0.198031
0.193318
0.17517
0.16576
0.178047
0.176548
0.178615
0.17599
0.1504
0.159689
0.148068
0.139211
0.154213
0.143202
0.118993
0.142027
0.129296
0.138433
0.136683
0.133408
0.135035
0.136413
0.128118
0.128561
0.137102
0.140142
0.137778
0.134333
0.134667
0.145248
0.121825
0.112931
0.10428
0.117692
0.114055
0.110465
0.105954
0.130585
0.116932
0.14043
0.126471
0.140112
0.146213
0.158049
0.168408
0.184701
0.199657
0.180342
0.191395
0.171396
0.151063
0.14006
0.108792
0.0997264
0.0881243
0.0730285
0.0934768
0.0954203
0.130747
0.117431
0.151493
0.156985
0.145077
0.170675
0.171519
0.14381
0.169829
0.162045
0.124538
0.142624
0.138032
0.164395
0.170815
0.174973
0.159766
0.159873
0.201874
0.190097
0.187957
0.204996
0.158222
0.174395
0.161219
0.156055
0.187785
0.176381
0.171351
0.174654
0.143895
0.176248
0.166387
0.171582
0.157989
0.172356
0.182547
0.152351
0.155147
0.163026
0.160142
0.162547
0.149455
0.140463
0.155784
0.129803
0.126429
0.144006
0.132349
0.12269
0.104024
0.103603
0.0971223
0.109799
0.0953663
0.0987761
0.0830316
0.0972813
0.086374
0.0785946
0.085877
0.0634146
0.0662061
0.0630351
0.0645063
0.0588779
0.0626082
0.058573
0.0614738
0.0699955
0.0614608
0.0573528
0.0588004
0.060444
0.0506182
0.0628017
0.0535155
0.0474208
0.0478013
0.0610946
0.0574737
0.0691005
0.057273
0.0624887
0.0611896
0.0657995
0.0826997
0.0784657
0.087211
0.0619333
0.0644794
0.0556502
0.0739678
0.0751885
0.0769873
0.0817292
0.076391
0.0823364
0.0788061
0.0775879
0.0806566
0.0662458
0.0510834
0.059811
0.0484099
0.0490752
0.0555195
0.0438358
0.0492599
0.0493576
0.0430324
0.0534005
0.0595781
0.0451923
0.0583954
0.0659078
0.0581905
0.0672062
0.0587189
0.056084
0.0585516
0.0579939
0.0551275
0.0356372
0.0601332
0.0528254
0.0589187
0.0574805
0.058999
0.0634889
0.0824479
0.0776246
0.0867371
0.103018
0.107389
0.128395
0.117001
0.107069
0.104929
0.115373
0.114785
0.122111
0.133521
0.14165
0.122212
0.140828
0.116405
0.122889
0.123798
0.128983
0.141316
0.161012
0.161824
0.158175
0.155741
0.185702
0.178917
0.161819
0.200347
0.209722
0.231697
0.215279
0.23162
0.250527
0.229167
0.210638
0.167466
0.166376
0.15681
0.138853
0.148334
0.169729
0.15312
0.130808
0.165409
0.14867
0.146791
0.161384
0.179387
0.188941
0.164382
0.187881
0.195871
0.190122
0.180473
0.158711
0.165843
0.175745
0.188721
0.196542
0.211639
0.22069
0.220293
0.229229
0.219924
0.199235
0.210801
0.193647
0.181252
0.170013
0.156251
0.140332
0.147013
0.119159
0.111996
0.0975851
0.0769332
0.0843509
0.071638
0.0584312
0.03771
0.034997
0.0223706
0.021279
0.0171008
0.0162146
0.0155094
0.0166603
0.0210546
0.0197108
0.0200891
0.0117608
0.0107655
0.00633404
0.0174912
0.0133356
0.0212202
0.0196866
0.0303918
0.0250074
0.0278726
0.020748
0.0197456
0.015224
0.00580844
0.00583052
0.00674736
0.00720871
0.0104069
0.0121626
0.00946521
0.00588721
0.00427624
0
0.00678809
0.0049224
0.000246355
0.0031181
0.0120878
0.0182368
0.0196595
0.023744
0.0203443
0.0143285
0.0144542
0.0214608
0.0208632
0.0111198
0.0152109
0.0183812
0.0171081
0.00929052
0.0136255
0.0167462
0.020164
0.0219879
0.0166228
0.011242
0.0194577
0.0239088
0.025977
0.0282831
0.026466
0.0334784
0.0255066
0.0217123
0.0286243
0.0266151
0.0275701
0.0171066
0.0234575
0.0259819
0.0301882
0.0268741
0.0286953
0.0273644
0.0295916
0.0336738
0.0290335
0.0283118
0.0280857
0.0329334
0.0377731
0.0410804
0.0352317
0.0298244
0.0345598
0.0237135
0.0341039
0.0322304
0.0321185
0.026424
0.0289592
0.026067
0.0316858
0.0337791
0.0307512
0.0329502
0.0230443
0.0263608
0.0212148
0.0297093
0.0315831
0.0387456
0.0393238
0.0360311
0.047117
0.0471029
0.0588533
0.0619758
0.054484
0.0581169
0.0616816
0.0609754
0.0599817
0.0632425
0.0554895
0.0595917
0.0633288
0.0638055
0.0737724
0.0690595
0.0669479
0.0651449
0.072274
0.0687978
0.0791679
0.0844694
0.0883388
0.0982795
0.0966141
0.104529
0.100716
0.104415
0.104494
0.0981359
0.107556
0.1102
0.109232
0.108829
0.110253
0.112187
0.117551
0.0974803
0.10356
0.114755
0.104703
0.100714
0.114379
0.110768
0.122715
0.113867
0.125855
0.134337
0.150529
0.12977
0.125441
0.100758
0.1009
0.0924253
0.0894204
0.0827835
0.0893967
0.0891684
0.109664
0.098143
0.0945484
0.0998556
0.0894114
0.0915625
0.0881162
0.0928545
0.0895541
0.0975677
0.0810213
0.0802813
0.0940044
0.102676
0.0783001
0.0761208
0.0876094
0.0844462
0.0743694
0.0594445
0.0627849
0.0556033
0.0615088
0.0451568
0.0573089
0.0531448
0.0538544
0.0520948
0.0673244
0.0402573
0.0444243
0.0455104
0.043995
0.0436595
0.0462513
0.0477556
0.0573329
0.0443231
0.0616572
0.0522377
0.0672015
0.0492293
0.0441959
0.0452958
0.0474653
0.0263747
0.0293755
0.0309394
0.0273798
0.0183035
0.0116033
0.0232209
0.0102196
0.0163061
0.0191271
0.0162624
0.0151557
0.0108473
0.0210863
0.00793147
0.0143942
0.0136653
0.00854887
0.0171332
0.0382318
0.0376871
0.026396
0.0391881
0.0313381
0.045087
0.0480173
0.0404024
0.0487806
0.0431474
0.0457396
0.0334341
0.0226624
0.0413858
0.0318002
0.0250752
0.0280176
0.0198884
0.0243547
0.0242181
0.0162676
0.0188358
0.0208789
0.02614
0.0191792
0.0157632
0.0110166
0.0105631
0.00983114
0.0190936
0.00964221
0.00845706
0.0208703
0.0237323
0.0111646
0.0161629
0.0188806
0.0209425
0.0279564
0.0185188
0.0263806
0.0259818
0.0224242
0.0215951
0.0159841
0.0161946
0.0149218
0.0153853
0.0153156
0.0163259
0.0118488
0.0134783
0.0131316
0.0147809
0.0106864
0.0177958
0.0135853
0.0140033
0.0196677
0.0277173
0.0180442
0.0229558
0.0222621
0.0319736
0.0325641
0.04149
0.0283748
0.0385434
0.0431901
0.0237004
0.0298031
0.0344843
0.0254838
0.0207764
0.0292821
0.0152702
0.0211122
0.030903
0.0238229
0.0214179
0.0221405
0.0212169
0.0180899
0.0191547
0.0261734
0.0205999
0.0178127
0.0210897
0.0180484
0.0227635
0.0227406
0.0292835
0.0240788
0.0273289
0.0341619
0.0347168
0.047132
0.037674
0.0464673
0.0429552
0.049092
0.0546144
0.050629
0.0448402
0.0461354
0.0390814
0.0442383
0.0503982
0.0353164
0.0426749
0.0483595
0.0463711
0.0491399
0.0421093
0.0355985
0.0459498
0.0415825
0.0477872
0.0482017
0.0455301
0.0485161
0.0496529
0.0438526
0.0530558
0.0605246
0.0563692
0.0616554
0.0711479
0.0942164
0.116859
0.180779
0.385619
0.60297
0.706939
0.737498
0.709691
0.592508
0.37628
0.187636
0.115136
0.0929475
0.0821834
0.0822322
0.0755362
0.0755778
0.073181
0.0732498
0.0705939
0.0695851
0.0726736
0.0739463
0.0766768
0.0698187
0.0713281
0.0699886
0.0710978
0.0661904
0.0700765
0.0715989
0.0645796
0.0688246
0.0669368
0.0601312
0.0607402
0.0571405
0.0561804
0.0590118
0.0515491
0.0529548
0.0515515
0.0540399
0.0550957
0.0568345
0.0555607
0.0514576
0.056882
0.0636414
0.0593479
0.0651574
0.0629917
0.0685491
0.0648818
0.0661009
0.0612074
0.062678
0.0695035
0.0719335
0.0678698
0.0676128
0.07092
0.0702064
0.0717652
0.0692545
0.0700983
0.0659099
0.0681187
0.0688759
0.0653245
0.0645921
0.0699989
0.0646632
0.0643266
0.0598083
0.0577485
0.0510017
0.0657234
0.0458263
0.0528409
0.0566966
0.0583818
0.0608844
0.0612379
0.0597252
0.0650761
0.065254
0.063163
0.063492
0.0587832
0.0617344
0.0584067
0.0566308
0.0683015
0.0705405
0.06631
0.0688464
0.0651289
0.0656835
0.0685495
0.0664406
0.0649136
0.0696273
0.0633505
0.0727921
0.0686452
0.0760234
0.0711045
0.0692991
0.0749729
0.0715167
0.064046
0.0751134
0.0793878
0.072702
0.0968299
0.086585
0.0806047
0.0865629
0.0852126
0.102809
0.0976945
0.0867131
0.0958963
0.0939377
0.0873175
0.0963228
0.0896126
0.0908612
0.0925148
0.083583
0.0900137
0.0809831
0.0926111
0.089764
0.0892923
0.0933861
0.0867654
0.0793532
0.0862686
0.0933512
0.0892022
0.0769542
0.0795372
0.0773901
0.0954717
0.0866237
0.0829046
0.0822976
0.100403
0.0877412
0.0826005
0.069315
0.0821332
0.0933093
0.111501
0.0714233
0.0882882
0.113526
0.0939288
0.087376
0.121629
0.115995
0.0798856
0.122736
0.099198
0.105814
0.108349
0.111591
0.104062
0.110464
0.106019
0.113598
0.104511
0.121811
0.106361
0.136351
0.120128
0.168363
0.14105
0.137625
0.147304
0.144012
0.133692
0.112456
0.113474
0.113636
0.116775
0.141317
0.123211
0.121832
0.0961294
0.12533
0.0859709
0.101971
0.124454
0.0972456
0.125914
0.101641
0.102142
0.0863919
0.106193
0.116215
0.101993
0.0768997
0.114071
0.0940833
0.0894321
0.0790869
0.0838798
0.106123
0.0952643
0.101554
0.102155
0.0963237
0.0983265
0.0708708
0.0924836
0.105219
0.0919353
0.0740379
0.0882571
0.109581
0.109655
0.138686
0.119272
0.158639
0.133552
0.115444
0.0808152
0.0954474
0.067715
0.0886452
0.0653558
0.0529728
0.0694454
0.0820073
0.0633391
0.0507702
0.0595634
0.0696005
0.0907709
0.0681199
0.0673517
0.0924109
0.0768974
0.0917906
0.0943926
0.105176
0.123527
0.116957
0.125804
0.116259
0.125897
0.157314
0.169449
0.171686
0.187344
0.185842
0.22439
0.232552
0.262457
0.243043
0.244093
0.19864
0.128764
0.0795005
0.0743911
0.0730007
0.0886772
0.0576738
0.0547799
0.068412
0.0475939
0.0735484
0.0596355
0.0727162
0.0628219
0.0713158
0.0729618
0.0739986
0.0665245
0.0703394
0.0643984
0.0736593
0.062226
0.0678518
0.0604465
0.0628475
0.0626451
0.0671797
0.054255
0.062783
0.068499
0.0636948
0.0634906
0.0659912
0.0633529
0.0711194
0.0721878
0.0697486
0.0539087
0.0656099
0.0641566
0.0666218
0.0745186
0.0651999
0.0701418
0.0745852
0.0565766
0.0680697
0.0714703
0.0706756
0.0780856
0.0826318
0.0684593
0.0752016
0.0777537
0.0628243
0.065663
0.0584299
0.069725
0.067427
0.0544162
0.0534038
0.0600876
0.047939
0.0597973
0.0545445
0.0551544
0.0493961
0.0565042
0.0510228
0.0485551
0.0637105
0.0573503
0.0581176
0.0583472
0.0534024
0.0690931
0.0613629
0.0604049
0.0653747
0.0612322
0.0755517
0.0649153
0.0594408
0.0621555
0.0669623
0.051362
0.0635023
0.0556582
0.0668108
0.0605073
0.0594349
0.060839
0.06447
0.064001
0.0670376
0.0689879
0.0620556
0.0639235
0.0755971
0.0734557
0.0800042
0.084099
0.077962
0.0782447
0.0834045
0.0987394
0.0946731
0.087826
0.101913
0.0942895
0.104005
0.122607
0.113443
0.116097
0.121495
0.109103
0.0920313
0.0866748
0.0783074
0.0552843
0.0613861
0.0565939
0.0614328
0.0527904
0.0609941
0.0492429
0.0540528
0.0559433
0.058211
0.0641144
0.0558032
0.0603053
0.0666024
0.0647459
0.0607172
0.0677569
0.070045
0.0628559
0.0699504
0.0788884
0.0800994
0.0852011
0.087051
0.0969975
0.102455
0.0991478
0.108074
0.120879
0.13478
0.14262
0.151941
0.165316
0.170101
0.173697
0.174746
0.149801
0.152747
0.138964
0.127501
0.11583
0.101355
0.0896291
0.0893114
0.0941691
0.0766499
0.0851204
0.0708601
0.090107
0.0794351
0.0771989
0.0725373
0.0827282
0.0854481
0.0857126
0.0847901
0.0864193
0.101871
0.102856
0.0994469
0.116806
0.108569
0.108577
0.113622
0.115265
0.122827
0.122967
0.129243
0.141722
0.140327
0.145604
0.156997
0.156459
0.174892
0.182036
0.194048
0.201152
0.197744
0.194004
0.18672
0.168854
0.158181
0.145025
0.127903
0.120351
0.100192
0.0944843
0.104731
0.0986281
0.0979154
0.100595
0.101719
0.0998387
0.105842
0.0811618
0.0917792
0.10702
0.0871172
0.0846675
0.0874506
0.0775945
0.0958294
0.086788
0.0823574
0.0817509
0.0895145
0.0795953
0.0860087
0.0774758
0.075049
0.0792891
0.0864448
0.0852647
0.0777421
0.0814861
0.0780252
0.0880695
0.0890362
0.0887221
0.0931323
0.0751552
0.0833625
0.0794943
0.0831963
0.0833543
0.0852728
0.0812013
0.0886274
0.0866675
0.092259
0.0779124
0.0907024
0.0869767
0.0967152
0.0822309
0.0853954
0.0829479
0.0869299
0.082964
0.0866271
0.0940705
0.0930715
0.0793936
0.095905
0.0935746
0.0892268
0.0853235
0.0758804
0.083606
0.0789591
0.0761942
0.0816282
0.0822811
0.0799852
0.07966
0.0897171
0.0839299
0.0832145
0.0912557
0.101129
0.12147
0.119668
0.139825
0.13771
0.139991
0.130233
0.147328
0.15567
0.140322
0.174943
0.16137
0.171975
0.175077
0.174068
0.199694
0.178985
0.187047
0.16435
0.144592
0.141463
0.116221
0.125485
0.12151
0.115731
0.122094
0.119686
0.12351
0.117293
0.126492
0.141864
0.136803
0.154338
0.148783
0.154154
0.162693
0.160929
0.162744
0.179084
0.172154
0.172397
0.159319
0.165896
0.165109
0.153865
0.168851
0.148749
0.13822
0.137001
0.138056
0.181877
0.136827
0.136973
0.158379
0.116556
0.115961
0.139482
0.138151
0.139136
0.137378
0.161024
0.122955
0.164166
0.147523
0.165099
0.149318
0.141924
0.187749
0.170582
0.173823
0.182707
0.187067
0.198709
0.204486
0.182977
0.221523
0.200031
0.207316
0.213289
0.223896
0.239345
0.234965
0.227195
0.243301
0.257717
0.238892
0.259657
0.229801
0.23956
0.259127
0.24086
0.230837
0.235034
0.216689
0.231575
0.225202
0.202896
0.155049
0.166593
0.152497
0.152685
0.141951
0.116323
0.118411
0.105242
0.143518
0.115343
0.118262
0.113003
0.138993
0.114935
0.0973179
0.101604
0.166529
0.160359
0.152635
0.156799
0.171782
0.1194
0.143064
0.168785
0.204526
0.211445
0.206598
0.20915
0.18117
0.218799
0.216532
0.196382
0.244789
0.229427
0.247028
0.242086
0.258862
0.251119
0.251452
0.280714
0.260444
0.288859
0.295149
0.306653
0.299332
0.300669
0.311947
0.282134
0.297992
0.285666
0.265151
0.241389
0.267798
0.278211
0.220356
0.195371
0.204387
0.20065
0.193372
0.129817
0.134781
0.11738
0.135279
0.109297
0.111892
0.142489
0.121142
0.0869608
0.119274
0.119786
0.0964941
0.0615128
0.101042
0.107359
0.104409
0.0895454
0.12881
0.134818
0.116676
0.112166
0.120963
0.100386
0.115687
0.151603
0.119889
0.111375
0.0937256
0.0831759
0.0989959
0.114822
0.130621
0.157003
0.171858
0.166864
0.106256
0.115808
0.155087
0.115632
0.173045
0.149951
0.187994
0.164541
0.134177
0.16143
0.148511
0.151926
0.136006
0.110334
0.155616
0.140067
0.155544
0.152798
0.173866
0.155074
0.158828
0.136538
0.134262
0.177863
0.145067
0.118277
0.141493
0.10284
0.142245
0.102344
0.151913
0.107595
0.127678
0.108385
0.139693
0.153941
0.10491
0.125732
0.172314
0.138264
0.100628
0.140273
0.0581638
0.134509
0.128259
0.188473
0.179984
0.0955771
0.138107
0.0900254
0.0781809
0.0634906
0.0863443
0.0686717
0.146858
0.134965
0.101125
0.110938
0.117764
0.0870928
0.112643
0.171537
0.14409
0.150766
0.164728
0.154036
0.165439
0.13909
0.18734
0.126392
0.122057
0.121343
0.176676
0.141977
0.175814
0.135787
0.138128
0.15729
0.159686
0.163975
0.210734
0.150338
0.172391
0.158958
0.149915
0.169215
0.164616
0.14287
0.150471
0.15995
0.172464
0.158244
0.183855
0.184084
0.112984
0.119342
0.120646
0.0891256
0.0967015
0.088832
0.106835
0.0746194
0.0617815
