0.18689
0.184684
0.19464
0.197695
0.202432
0.192751
0.203828
0.213049
0.2167
0.225912
0.232091
0.239695
0.236698
0.244603
0.25458
0.25281
0.271184
0.266406
0.262971
0.266235
0.258122
0.262475
0.26122
0.27313
0.28096
0.292021
0.297318
0.305289
0.313088
0.322308
0.324032
0.331439
0.33361
0.336623
0.341349
0.346309
0.351582
0.351702
0.346485
0.339669
0.332394
0.319616
0.330735
0.339589
0.350807
0.366187
0.378137
0.386574
0.392099
0.390267
0.383924
0.347352
0.323614
0.318988
0.318931
0.321032
0.352094
0.413563
0.417512
0.407687
0.377219
0.330426
0.267525
0.239095
0.222026
0.211719
0.192745
0.180251
0.181718
0.169563
0.175663
0.151472
0.148357
0.153117
0.152591
0.153438
0.157049
0.157258
0.160282
0.167316
0.168023
0.166426
0.177078
0.174054
0.184092
0.176808
0.183754
0.193203
0.194241
0.201597
0.213564
0.22268
0.231312
0.242065
0.268258
0.28812
0.312175
0.334856
0.350723
0.358313
0.36587
0.362455
0.346007
0.329114
0.295406
0.263842
0.249168
0.250733
0.251233
0.260348
0.260126
0.262938
0.268737
0.271453
0.27235
0.272287
0.26438
0.261348
0.239281
0.254503
0.250886
0.263697
0.265146
0.272042
0.280253
0.288518
0.291833
0.303095
0.307259
0.315748
0.316554
0.320646
0.327563
0.322718
0.321459
0.324788
0.342076
0.350821
0.349416
0.334049
0.313525
0.292099
0.283907
0.272252
0.277858
0.289084
0.305151
0.309699
0.321565
0.336651
0.343072
0.364428
0.360613
0.381948
0.387194
0.391114
0.399369
0.39603
0.398413
0.396748
0.400916
0.407409
0.407843
0.397076
0.351902
0.299146
0.234193
0.186807
0.167642
0.158343
0.142561
0.14558
0.141437
0.138945
0.144384
0.148404
0.150347
0.165327
0.165273
0.168268
0.183643
0.196871
0.196177
0.19011
0.193994
0.184192
0.185507
0.179462
0.16751
0.178479
0.170289
0.173464
0.175132
0.179319
0.179506
0.188838
0.190582
0.189787
0.183835
0.17683
0.16261
0.150315
0.154016
0.163348
0.156577
0.165799
0.166995
0.171754
0.177663
0.196334
0.195774
0.207034
0.209358
0.218402
0.226122
0.225522
0.23165
0.239455
0.24035
0.248825
0.253996
0.253223
0.248377
0.235096
0.225884
0.19749
0.18882
0.201818
0.200842
0.20953
0.206906
0.215222
0.218471
0.227796
0.23684
0.2435
0.25646
0.265518
0.27129
0.278091
0.295337
0.294554
0.312283
0.317265
0.327622
0.330482
0.338384
0.346382
0.355864
0.35895
0.363063
0.37552
0.371666
0.374237
0.367234
0.336157
0.291259
0.250306
0.228915
0.226526
0.233154
0.21461
0.222602
0.226169
0.240891
0.247174
0.242951
0.260486
0.2665
0.270472
0.273384
0.288482
0.296043
0.305307
0.306257
0.31528
0.319538
0.328441
0.317655
0.315804
0.299939
0.275123
0.243759
0.207894
0.187676
0.167134
0.172182
0.177229
0.185103
0.194463
0.199407
0.2047
0.188501
0.207345
0.214134
0.218112
0.224885
0.211429
0.203868
0.203685
0.192596
0.184017
0.176305
0.172777
0.174571
0.177395
0.178903
0.177831
0.181759
0.192123
0.199611
0.19156
0.189081
0.186797
0.177157
0.164629
0.165464
0.166967
0.166929
0.167083
0.172577
0.148352
0.160263
0.15359
0.162974
0.164285
0.151053
0.16361
0.160628
0.163968
0.17263
0.192459
0.195757
0.189611
0.207173
0.212508
0.221211
0.224301
0.237493
0.228136
0.235931
0.242973
0.244211
0.242764
0.237904
0.228241
0.213239
0.222405
0.203227
0.209131
0.194472
0.183754
0.176906
0.181824
0.186182
0.193141
0.185382
0.198179
0.207402
0.197744
0.199692
0.201889
0.206579
0.206444
0.202708
0.206104
0.215396
0.229228
0.232024
0.256243
0.26638
0.269232
0.291629
0.292674
0.292061
0.296404
0.290591
0.289318
0.270145
0.232715
0.204027
0.171463
0.173747
0.164244
0.168455
0.156901
0.158387
0.176219
0.176784
0.173443
0.172017
0.179863
0.186236
0.18323
0.176854
0.176981
0.164178
0.15943
0.159073
0.177962
0.17088
0.170585
0.168818
0.178947
0.172158
0.182015
0.187582
0.206808
0.220665
0.250875
0.272368
0.295104
0.314401
0.33491
0.323526
0.33122
0.321452
0.293405
0.261157
0.251571
0.238727
0.252516
0.261911
0.253695
0.263931
0.250339
0.254271
0.255178
0.256142
0.256304
0.244194
0.251154
0.253537
0.245249
0.23692
0.2315
0.207223
0.198156
0.19759
0.203088
0.216238
0.231876
0.214089
0.228193
0.222688
0.207747
0.209567
0.201944
0.186555
0.205278
0.185282
0.201035
0.203661
0.200665
0.206014
0.206921
0.221163
0.202476
0.220389
0.224106
0.20926
0.200813
0.227813
0.229962
0.233944
0.217951
0.220876
0.24193
0.23515
0.242113
0.249748
0.24024
0.246921
0.258167
0.246001
0.265561
0.282912
0.297091
0.3
0.346845
0.381289
0.404239
0.424561
0.437138
0.389606
0.372757
0.320475
0.324155
0.248727
0.211304
0.212722
0.246737
0.310578
0.353344
0.429714
0.480724
0.535259
0.537651
0.507503
0.423278
0.335998
0.248795
0.223196
0.204186
0.195591
0.203868
0.190157
0.1974
0.198507
0.196439
0.22883
0.209509
0.223607
0.224974
0.216652
0.219994
0.231591
0.237287
0.237406
0.224401
0.242862
0.234591
0.224174
0.211754
0.188057
0.168313
0.158215
0.155754
0.161628
0.159668
0.151469
0.171789
0.156536
0.139064
0.148389
0.133202
0.141631
0.128724
0.130594
0.143325
0.150275
0.150033
0.156221
0.161898
0.144699
0.167317
0.178193
0.189287
0.166368
0.185577
0.176761
0.201131
0.18118
0.204753
0.184898
0.185715
0.186332
0.170109
0.172199
0.17007
0.170383
0.174691
0.185692
0.180226
0.185071
0.199759
0.20485
0.209153
0.205934
0.200169
0.209505
0.181104
0.161557
0.159
0.158099
0.177541
0.175303
0.17457
0.182343
0.176558
0.181788
0.182872
0.161649
0.180997
0.180864
0.18681
0.198942
0.193337
0.206239
0.19802
0.188892
0.184378
0.191043
0.191569
0.162021
0.172695
0.151557
0.142649
0.164631
0.138419
0.148257
0.134232
0.134011
0.128196
0.129375
0.133161
0.138135
0.135526
0.14236
0.133361
0.141263
0.124103
0.124757
0.125091
0.131147
0.13744
0.140636
0.135017
0.126943
0.125248
0.0977522
0.107857
0.107596
0.11264
0.113952
0.120013
0.122785
0.150829
0.125744
0.146726
0.151961
0.173826
0.1646
0.163393
0.202839
0.194558
0.197773
0.173072
0.150795
0.144687
0.103148
0.107557
0.0902615
0.089072
0.0911609
0.11233
0.132412
0.131417
0.151283
0.168229
0.143161
0.158397
0.170295
0.158493
0.173729
0.150517
0.132213
0.165904
0.134997
0.163301
0.161481
0.200281
0.17343
0.175467
0.203353
0.192811
0.18474
0.191086
0.182114
0.182974
0.161665
0.159411
0.163664
0.159658
0.174095
0.166678
0.172298
0.193163
0.165249
0.163138
0.165539
0.181331
0.178214
0.158125
0.17403
0.179732
0.181143
0.141509
0.151689
0.150998
0.150465
0.127004
0.153342
0.131706
0.136132
0.1274
0.120641
0.109115
0.0970704
0.102821
0.0957468
0.0901089
0.0886955
0.100391
0.0892255
0.0882393
0.0857285
0.0742779
0.0704349
0.0652074
0.0648911
0.0625808
0.069348
0.0622685
0.0736623
0.0775705
0.0661671
0.0558231
0.0673058
0.0615534
0.0634231
0.0616816
0.0577097
0.0514946
0.0525776
0.0653153
0.0576511
0.0662122
0.060015
0.0690265
0.058358
0.0680415
0.0861986
0.0762289
0.0770309
0.0651657
0.0691209
0.0524438
0.0764857
0.0586341
0.0705978
0.0823187
0.0849213
0.0693754
0.085354
0.0753998
0.0820849
0.0696266
0.0530009
0.0536848
0.0537704
0.039029
0.0539629
0.0612725
0.0550782
0.0485805
0.0507835
0.0504418
0.0629846
0.058338
0.0521454
0.0599083
0.0732388
0.0684765
0.0749618
0.0632952
0.0543648
0.0467719
0.0558987
0.0376306
0.0555244
0.0573696
0.0678813
0.0486395
0.0617531
0.065406
0.0744814
0.0698188
0.0914383
0.109422
0.119517
0.122627
0.121534
0.11237
0.117513
0.114913
0.109106
0.119991
0.110176
0.141778
0.132944
0.14906
0.119976
0.124311
0.13446
0.137616
0.146152
0.145969
0.16772
0.165725
0.163064
0.196029
0.196929
0.163932
0.184903
0.19555
0.222044
0.224721
0.246899
0.25285
0.22355
0.2213
0.171625
0.168424
0.179176
0.121615
0.144585
0.144922
0.164424
0.131784
0.187077
0.132809
0.155754
0.164291
0.160581
0.191974
0.186797
0.192789
0.202516
0.189227
0.181039
0.173636
0.170009
0.174026
0.181938
0.198954
0.212924
0.205596
0.232575
0.219233
0.240704
0.226855
0.203141
0.174057
0.171044
0.176346
0.144406
0.16325
0.138589
0.139005
0.114052
0.0787595
0.0879215
0.075337
0.0702967
0.0522973
0.0495674
0.0374176
0.0244927
0.0215807
0.0113092
0.00720459
0.00279697
0.0155451
0.0188662
0.0212799
0.0220468
0.0150655
0.00960404
0.00819644
0.0133954
0.0165247
0.0216167
0.0241863
0.0302696
0.0236607
0.0215621
0.01736
0.014899
0.0184564
0.00586901
0
0.00788135
0.00971819
0.012033
0.0118368
0.00869745
0.00635221
0.00744696
0.00133558
0.00909945
0.00843072
0.00233196
0.00919182
0.00845451
0.018005
0.0227748
0.0210223
0.0168647
0.0177404
0.015501
0.0140314
0.0139799
0.00921905
0.0128094
0.018935
0.0165559
0.0114783
0.0158876
0.0202476
0.0189315
0.016312
0.0198084
0.0177878
0.0264108
0.0230502
0.0334404
0.0348753
0.0292751
0.0360894
0.0291959
0.0327818
0.022153
0.0277379
0.0262229
0.0263724
0.0254037
0.0285218
0.0284219
0.0272399
0.031519
0.0294967
0.030449
0.0334213
0.0310527
0.0272554
0.0300345
0.0314377
0.0407573
0.0414759
0.0306216
0.0356973
0.0345787
0.0271111
0.039244
0.0354919
0.0320854
0.0327358
0.0279554
0.0281203
0.0277872
0.0317508
0.0288281
0.03314
0.0270335
0.0199276
0.0266022
0.0292199
0.0347985
0.0374407
0.0358837
0.0361147
0.0517784
0.0453967
0.053764
0.0631846
0.0516901
0.0542711
0.0529171
0.0734432
0.0643065
0.0641049
0.0626412
0.0704812
0.0674629
0.07038
0.0812666
0.0715699
0.0717254
0.0731038
0.0775367
0.0652517
0.0795761
0.0863318
0.0908306
0.09993
0.0959654
0.105165
0.0933014
0.104426
0.106005
0.103773
0.11526
0.111333
0.106947
0.112256
0.108045
0.111468
0.106337
0.0953551
0.102297
0.116509
0.10544
0.107694
0.110136
0.105659
0.116967
0.115384
0.123248
0.13756
0.139231
0.123262
0.123341
0.101649
0.0885832
0.0872054
0.0894442
0.0880094
0.0914936
0.0811845
0.0909314
0.0906437
0.100142
0.0980075
0.0950538
0.0936535
0.088339
0.0940859
0.0939951
0.0937683
0.0852616
0.0906182
0.0919657
0.0950781
0.0900682
0.0806223
0.0635493
0.0777757
0.0719006
0.0673037
0.057708
0.0643904
0.0645114
0.0553052
0.0590126
0.050846
0.0608714
0.0609112
0.0629505
0.0508451
0.0489111
0.04987
0.0473433
0.0526966
0.0393657
0.0406127
0.0468123
0.0512463
0.0661646
0.0502795
0.0579372
0.0489467
0.0474176
0.0524313
0.0336077
0.0285562
0.0353351
0.0430331
0.0209375
0.0303496
0.0242985
0.020006
0.0194648
0.0155215
0.0230533
0.0117876
0.00963938
0.00766725
0.0135109
0.0135777
0.0157829
0.011695
0.0191973
0.0147635
0.0306758
0.0353975
0.026496
0.0405636
0.0376906
0.0340551
0.0532432
0.0483717
0.0422856
0.0366597
0.0451134
0.038414
0.0375867
0.040609
0.0429943
0.0209396
0.027754
0.0181912
0.0249031
0.00953168
0.0197143
0.0226601
0.0139235
0.0246514
0.0143515
0.0229308
0.0151164
0.0117047
0.0149103
0.00688757
0.0160464
0.0178113
0.0188157
0.0271963
0.0210111
0.0120775
0.0206666
0.0118872
0.0233619
0.0223801
0.0289424
0.0212583
0.0177952
0.0173377
0.0169855
0.0160525
0.0144269
0.0107269
0.0180468
0.0155256
0.0174703
0.0175218
0.0211875
0.020987
0.0123324
0.0141558
0.0158909
0.0121632
0.0203383
0.0244309
0.0237608
0.0203488
0.0307117
0.0356426
0.0371215
0.0311255
0.0331052
0.0260376
0.0349295
0.0339562
0.0236349
0.0324522
0.0324159
0.0196027
0.031009
0.0147404
0.0233526
0.0297367
0.0242914
0.0229386
0.0181471
0.026667
0.0153437
0.0216662
0.0236184
0.0224344
0.0226112
0.0205275
0.0155821
0.0217765
0.0278385
0.0320415
0.0314315
0.0263356
0.0330084
0.0386222
0.039559
0.0419497
0.0493823
0.0409911
0.0424762
0.0470794
0.0536257
0.048747
0.0403273
0.0465216
0.0561895
0.0503969
0.0386738
0.0398728
0.0428504
0.0430248
0.0465781
0.039024
0.0401291
0.0514707
0.0486555
0.0487138
0.0510316
0.0479442
0.0526046
0.0542455
0.042528
0.0501662
0.0607794
0.0669126
0.0652109
0.0693239
0.0923262
0.122367
0.18491
0.395475
0.61832
0.728401
0.749123
0.728707
0.605112
0.384647
0.192411
0.116676
0.0932711
0.0769694
0.0822802
0.0737849
0.0729875
0.0771447
0.0695178
0.0737702
0.0721829
0.0806484
0.0714833
0.0722453
0.0728876
0.0706677
0.0740936
0.0727853
0.0679533
0.0707592
0.0733724
0.0635416
0.0698785
0.0684116
0.0714869
0.0611073
0.0623052
0.0533476
0.0621656
0.0534124
0.0591027
0.0614225
0.0594453
0.0559699
0.0576221
0.0569566
0.0589997
0.06246
0.066725
0.0646424
0.0640158
0.0670759
0.0648199
0.0684083
0.0683666
0.0632904
0.0645071
0.0742729
0.072575
0.0708417
0.0719477
0.0673365
0.0711967
0.0649896
0.0669508
0.068543
0.0709726
0.0712669
0.0684473
0.0576571
0.0666174
0.0679289
0.0634673
0.0636582
0.0666565
0.0656029
0.0628505
0.0703751
0.0537139
0.0477553
0.0603772
0.0619189
0.0586031
0.0631526
0.0679056
0.0657269
0.067346
0.0619047
0.064466
0.0648922
0.0636418
0.0655702
0.0635905
0.0747334
0.0654395
0.0629307
0.0738048
0.0707061
0.066182
0.0640463
0.0654575
0.0704113
0.0717824
0.0656006
0.0752873
0.0696013
0.0829476
0.0809109
0.0742689
0.0702745
0.0746316
0.0606237
0.0588484
0.0775808
0.0649784
0.0898326
0.0920212
0.0916326
0.1001
0.101489
0.0933622
0.081245
0.0881903
0.0996019
0.0868313
0.0875477
0.0971081
0.0918951
0.0966162
0.0927271
0.0842721
0.0893577
0.0920021
0.079037
0.0870559
0.0885241
0.0925253
0.0747591
0.0826681
0.0972029
0.0931262
0.080892
0.085892
0.0716583
0.0852514
0.0996626
0.0872054
0.0746477
0.0810915
0.0932643
0.0856298
0.078664
0.101374
0.0879465
0.108195
0.103759
0.0824122
0.0689581
0.120506
0.107743
0.100057
0.113097
0.0973081
0.110477
0.110206
0.0997815
0.0956282
0.103195
0.117802
0.110536
0.108783
0.0939242
0.105589
0.113063
0.149628
0.134804
0.139217
0.142843
0.159898
0.14661
0.12651
0.136207
0.142451
0.125691
0.0925848
0.11745
0.125452
0.120217
0.143897
0.10662
0.121603
0.0949442
0.110809
0.0960613
0.112086
0.114261
0.104968
0.116179
0.100696
0.0766141
0.0795072
0.105197
0.106554
0.107442
0.0996458
0.106747
0.105473
0.071168
0.0903124
0.110597
0.103949
0.0927765
0.114026
0.086514
0.0969333
0.105145
0.0773543
0.0900164
0.11076
0.0974655
0.0896467
0.0833173
0.0994238
0.112466
0.144177
0.126145
0.148179
0.13161
0.126707
0.103485
0.106381
0.0679999
0.102038
0.065616
0.0805031
0.0735591
0.074334
0.0753861
0.0710771
0.0762155
0.0623332
0.0796916
0.08762
0.0863693
0.0938541
0.0931143
0.109859
0.0911254
0.0965041
0.107762
0.104915
0.127354
0.138397
0.139177
0.154942
0.164538
0.180123
0.185163
0.195462
0.228099
0.244444
0.266603
0.248547
0.240671
0.190631
0.135412
0.0809873
0.0868625
0.0800638
0.0686565
0.0733724
0.0644871
0.0733398
0.050893
0.0722639
0.064021
0.0711242
0.0652716
0.0608237
0.0790986
0.0664725
0.0685468
0.0594983
0.0745878
0.0777221
0.0604987
0.0746062
0.0634974
0.062329
0.0599075
0.0675578
0.0693888
0.0672225
0.0748279
0.0649229
0.0700547
0.0642571
0.0675628
0.0687094
0.0691915
0.0668127
0.0626321
0.0698203
0.0687598
0.0651212
0.0745547
0.0729949
0.0719291
0.0741189
0.0703158
0.0718221
0.0765031
0.0662746
0.0668567
0.0747406
0.0786707
0.0704996
0.0713361
0.0732247
0.0753936
0.0629977
0.0651885
0.0686334
0.0586833
0.0523301
0.0548992
0.0510363
0.0684152
0.0551803
0.0498997
0.0493772
0.0601525
0.0587154
0.0563355
0.0566261
0.0452028
0.0684743
0.0590716
0.0577645
0.0653178
0.0640207
0.0633815
0.0621869
0.0679025
0.072838
0.0636053
0.0551966
0.0695022
0.0621632
0.0556039
0.0599026
0.0554484
0.0641648
0.0649279
0.0623257
0.0631002
0.0692173
0.0692086
0.0691895
0.0707199
0.0676621
0.0705497
0.0679366
0.0819698
0.0833224
0.0825693
0.0841326
0.0800438
0.0830783
0.0918381
0.0902186
0.0929076
0.103876
0.0970796
0.106375
0.11908
0.112519
0.115382
0.12269
0.104152
0.100232
0.0839592
0.0696727
0.0613593
0.0656453
0.0560693
0.0637585
0.0557741
0.0660892
0.0507338
0.0581816
0.0612929
0.0627838
0.0627981
0.0616815
0.0671185
0.0650139
0.0697905
0.0646759
0.0662916
0.0698919
0.0629693
0.0679178
0.0805618
0.080353
0.094169
0.090155
0.0994056
0.101696
0.107185
0.11443
0.122225
0.138492
0.146351
0.150837
0.161187
0.170361
0.16782
0.17169
0.150033
0.152039
0.141293
0.135283
0.120764
0.107416
0.0910643
0.0752566
0.0897781
0.0718638
0.0765199
0.0678338
0.084799
0.0903047
0.0790512
0.091237
0.0845614
0.0832343
0.0931169
0.0904982
0.0936049
0.103085
0.103777
0.107075
0.112775
0.105757
0.114856
0.117975
0.128234
0.1281
0.131948
0.128515
0.147005
0.148489
0.15597
0.151721
0.158092
0.176513
0.186051
0.191537
0.203969
0.203456
0.197989
0.181032
0.17404
0.158619
0.142742
0.127441
0.120597
0.101632
0.0954651
0.105744
0.097826
0.100977
0.100412
0.106668
0.0985895
0.100086
0.0833556
0.0988633
0.099796
0.0832021
0.0965517
0.0900423
0.0802407
0.0851806
0.0851847
0.0778093
0.0993491
0.0849907
0.0786751
0.0797245
0.0792318
0.0737049
0.0816445
0.0778194
0.0795352
0.0812206
0.0802418
0.0806297
0.0870557
0.0890796
0.0870292
0.0891722
0.0839129
0.088569
0.0767376
0.091198
0.0865003
0.0909227
0.0825629
0.0850136
0.0886662
0.090533
0.0790261
0.0906067
0.08378
0.080714
0.0799221
0.0851027
0.0754536
0.0921558
0.0879816
0.0804365
0.0939645
0.0982974
0.0824709
0.0939054
0.0965558
0.0877058
0.0836419
0.0836057
0.0849325
0.0810581
0.0744414
0.0813153
0.0777169
0.0815707
0.0865996
0.0865364
0.0873729
0.0882546
0.0914904
0.108663
0.125581
0.115611
0.136495
0.135076
0.145995
0.158171
0.133182
0.142087
0.142817
0.15639
0.157652
0.183938
0.184659
0.184598
0.183979
0.186564
0.172166
0.137547
0.14855
0.150452
0.149153
0.13108
0.134893
0.0974176
0.130636
0.126495
0.130001
0.122519
0.133752
0.131668
0.140099
0.147978
0.151073
0.146508
0.160019
0.164497
0.173319
0.165183
0.16833
0.171309
0.181052
0.153375
0.166121
0.16461
0.161818
0.162428
0.140932
0.134416
0.143825
0.159769
0.142452
0.128466
0.125048
0.133348
0.133973
0.124074
0.141148
0.135743
0.146634
0.172028
0.138104
0.162344
0.121248
0.19599
0.195836
0.12946
0.176734
0.194882
0.184528
0.198769
0.177179
0.208015
0.202826
0.221832
0.221188
0.211724
0.218993
0.211578
0.235838
0.229586
0.222246
0.221094
0.243125
0.241885
0.246415
0.242754
0.246923
0.250374
0.264449
0.247234
0.239837
0.245945
0.215338
0.225908
0.21279
0.194439
0.17422
0.183461
0.154418
0.160487
0.156038
0.13055
0.111465
0.116508
0.138021
0.13697
0.132419
0.116797
0.125496
0.0844072
0.115403
0.132342
0.16849
0.151614
0.172805
0.141603
0.129406
0.137893
0.141608
0.150948
0.204977
0.219708
0.206712
0.194962
0.208048
0.215862
0.220816
0.229086
0.216937
0.234942
0.233717
0.269171
0.254865
0.256861
0.245511
0.28873
0.273486
0.294834
0.294367
0.301666
0.29069
0.308151
0.299541
0.292315
0.310041
0.31319
0.259352
0.247475
0.271124
0.250267
0.229877
0.198375
0.216837
0.214249
0.181629
0.16191
0.149577
0.103448
0.0658245
0.0968817
0.0918328
0.142326
0.125378
0.0780511
0.106374
0.11528
0.0979853
0.0812049
0.126691
0.0964789
0.110449
0.0947713
0.0838848
0.126251
0.134683
0.102498
0.128277
0.0870318
0.120196
0.140172
0.120846
0.118419
0.110254
0.109061
0.131494
0.150906
0.135847
0.132847
0.123913
0.157226
0.0854042
0.138205
0.178047
0.126403
0.150545
0.130242
0.191541
0.14767
0.17062
0.191229
0.163628
0.154865
0.137087
0.129528
0.166064
0.162799
0.125398
0.130269
0.134959
0.152337
0.147471
0.149066
0.148786
0.163794
0.149964
0.159583
0.156589
0.136637
0.119429
0.105611
0.174455
0.0894489
0.136213
0.132405
0.142229
0.103706
0.123675
0.113956
0.146175
0.143204
0.0946737
0.103431
0.118721
0.112147
0.132576
0.139238
0.186428
0.0954719
0.117121
0.103991
0.0968748
0.0870602
0.109548
0.0774788
0.0912576
0.141886
0.075483
0.107694
0.122989
0.131386
0.089923
0.145504
0.142039
0.130276
0.117975
0.13701
0.175194
0.121877
0.157633
0.128804
0.107401
0.146317
0.174613
0.145547
0.120529
0.115528
0.134452
0.179648
0.131435
0.198265
0.192362
0.150526
0.181231
0.154754
0.158132
0.16333
0.167995
0.165779
0.154412
0.18614
0.188806
0.156577
0.161494
0.192102
0.132563
0.0982882
0.120749
0.11994
0.081826
0.0981913
0.082129
0.068691
0.057289
