0.192367
0.194066
0.20758
0.212848
0.204712
0.201853
0.218628
0.222236
0.227354
0.241648
0.242403
0.249767
0.256558
0.262784
0.270689
0.272449
0.283819
0.282978
0.284011
0.274619
0.273681
0.277619
0.283323
0.289748
0.296542
0.304644
0.316437
0.32423
0.332941
0.337264
0.340136
0.35062
0.354345
0.359044
0.36534
0.367881
0.371302
0.373008
0.369402
0.360766
0.356655
0.334909
0.344033
0.36008
0.370111
0.387612
0.400973
0.40817
0.414577
0.413432
0.410385
0.372502
0.348845
0.344103
0.344349
0.346336
0.378143
0.442369
0.444324
0.433786
0.399322
0.34738
0.279335
0.251602
0.229691
0.220754
0.209684
0.195505
0.195014
0.181451
0.182163
0.160139
0.160345
0.158834
0.155492
0.156087
0.161388
0.165103
0.172716
0.175296
0.178855
0.181692
0.187617
0.187955
0.196177
0.191557
0.194851
0.204513
0.207168
0.214259
0.222981
0.232275
0.245599
0.261537
0.286499
0.307438
0.33887
0.366196
0.374404
0.390574
0.391161
0.389442
0.378092
0.353268
0.316346
0.281618
0.26662
0.262937
0.267762
0.271103
0.272199
0.2805
0.284993
0.287608
0.288235
0.293555
0.280983
0.270246
0.259273
0.260255
0.263071
0.275943
0.278435
0.279787
0.296922
0.306082
0.306584
0.321274
0.327492
0.337916
0.336697
0.344097
0.349299
0.347295
0.34592
0.349011
0.36638
0.373612
0.367919
0.356884
0.332478
0.311314
0.298474
0.292637
0.300971
0.309079
0.312789
0.325509
0.341504
0.355722
0.362734
0.381553
0.383788
0.40358
0.407769
0.415122
0.421619
0.423648
0.424134
0.420498
0.428899
0.429996
0.435467
0.420494
0.377143
0.315006
0.251555
0.20021
0.175522
0.160369
0.158154
0.147483
0.151077
0.147771
0.150152
0.158563
0.163384
0.164425
0.172441
0.186423
0.196967
0.205841
0.207218
0.205901
0.203222
0.193609
0.188995
0.191704
0.181482
0.184203
0.180647
0.182343
0.18572
0.189816
0.192147
0.200903
0.201558
0.196793
0.193489
0.18386
0.173249
0.166684
0.153479
0.173518
0.168628
0.175101
0.174374
0.182402
0.188228
0.198672
0.206694
0.217335
0.22047
0.231801
0.238332
0.239079
0.246175
0.254142
0.257437
0.261847
0.268674
0.271539
0.264064
0.252907
0.237256
0.21429
0.202852
0.206858
0.216208
0.212884
0.223759
0.235135
0.22951
0.244003
0.256184
0.263991
0.275531
0.288166
0.287276
0.300919
0.316598
0.316892
0.335255
0.336541
0.347572
0.355693
0.359218
0.371277
0.378212
0.382136
0.388368
0.397289
0.401967
0.404277
0.397976
0.372281
0.314526
0.265455
0.227443
0.222
0.234904
0.231143
0.224954
0.247652
0.245522
0.25154
0.262369
0.262195
0.27896
0.277767
0.286031
0.305802
0.306593
0.320287
0.321881
0.335219
0.338757
0.344028
0.342792
0.334706
0.314488
0.286519
0.255016
0.220758
0.197228
0.182648
0.181962
0.187329
0.189159
0.19881
0.196283
0.203509
0.203327
0.201238
0.223114
0.223275
0.222162
0.212548
0.207623
0.208921
0.201058
0.192324
0.181654
0.182562
0.181538
0.186051
0.186551
0.187909
0.193625
0.194028
0.200374
0.203672
0.18969
0.188921
0.175756
0.178021
0.166971
0.172687
0.172444
0.171186
0.168474
0.160266
0.162589
0.150854
0.147907
0.162654
0.167301
0.167902
0.17109
0.177282
0.179119
0.196001
0.203887
0.205059
0.218562
0.227835
0.232128
0.231408
0.24857
0.239902
0.248177
0.25387
0.250142
0.246487
0.247636
0.233369
0.226692
0.216438
0.203095
0.197488
0.197312
0.190209
0.183318
0.169126
0.182653
0.199179
0.202194
0.201047
0.209163
0.193418
0.205532
0.209104
0.213272
0.209615
0.211196
0.220934
0.233293
0.239995
0.249714
0.267804
0.272955
0.283033
0.298742
0.299574
0.309698
0.31443
0.308951
0.30746
0.28187
0.252771
0.216643
0.1764
0.17819
0.176103
0.158266
0.16054
0.167076
0.172289
0.179821
0.184939
0.180871
0.198189
0.187394
0.1898
0.186835
0.189275
0.166584
0.174162
0.176175
0.181416
0.174633
0.17721
0.181981
0.185496
0.186893
0.190715
0.199377
0.211673
0.237281
0.257528
0.282833
0.31526
0.327856
0.347264
0.346529
0.35576
0.328528
0.297627
0.274872
0.268762
0.248146
0.27206
0.25751
0.251225
0.273909
0.261633
0.263079
0.259623
0.264198
0.260053
0.256798
0.265495
0.26649
0.270787
0.249237
0.24488
0.223615
0.214087
0.21508
0.204692
0.220431
0.227594
0.227898
0.224366
0.228244
0.211813
0.1965
0.206327
0.201946
0.219217
0.194377
0.200958
0.206164
0.222228
0.202594
0.214836
0.217596
0.213759
0.225916
0.222858
0.223485
0.2047
0.220695
0.224033
0.241499
0.215095
0.221028
0.228737
0.235219
0.255414
0.258438
0.263352
0.258132
0.274014
0.262354
0.278583
0.289013
0.306179
0.338675
0.352461
0.378542
0.413911
0.429765
0.407547
0.400425
0.366194
0.337002
0.318125
0.249877
0.215066
0.224435
0.274692
0.329887
0.390878
0.492283
0.55541
0.596118
0.624118
0.584796
0.489023
0.362838
0.26281
0.24144
0.209624
0.206875
0.197664
0.191525
0.200265
0.200268
0.200216
0.233984
0.202465
0.226403
0.225161
0.22208
0.224967
0.242831
0.244734
0.242218
0.238651
0.244097
0.25224
0.232509
0.219306
0.197361
0.187974
0.158167
0.17279
0.16215
0.17317
0.151494
0.171107
0.15881
0.149031
0.153575
0.134225
0.124006
0.142777
0.138856
0.133995
0.145754
0.160207
0.157876
0.169471
0.16387
0.17423
0.181447
0.189965
0.171856
0.176648
0.173528
0.191202
0.185301
0.186061
0.183784
0.194196
0.187747
0.154336
0.163249
0.186852
0.172187
0.178123
0.192669
0.196095
0.213718
0.194494
0.205853
0.207095
0.213727
0.201725
0.201028
0.184153
0.161772
0.166032
0.162401
0.185891
0.177232
0.181829
0.180895
0.182368
0.183718
0.187414
0.165834
0.19153
0.190461
0.196252
0.198246
0.198271
0.192374
0.186479
0.181831
0.164953
0.186493
0.18693
0.158104
0.17619
0.148175
0.153157
0.147364
0.136288
0.155551
0.130708
0.138421
0.15978
0.13477
0.128112
0.121327
0.131488
0.143646
0.14491
0.120151
0.114815
0.138037
0.137529
0.129284
0.12126
0.133135
0.142461
0.119085
0.115181
0.111913
0.113096
0.10952
0.109939
0.114848
0.126016
0.126528
0.144149
0.129313
0.148951
0.154833
0.159466
0.17851
0.177643
0.201074
0.194762
0.196992
0.17424
0.154538
0.153509
0.121786
0.124979
0.0892742
0.0684128
0.103048
0.111346
0.120941
0.122908
0.150988
0.139666
0.165904
0.163793
0.170932
0.147118
0.163708
0.166798
0.12554
0.139855
0.135009
0.150421
0.1596
0.182619
0.166467
0.168105
0.197867
0.187873
0.180589
0.206479
0.166243
0.18395
0.166805
0.166686
0.185139
0.183158
0.180313
0.158276
0.161968
0.174079
0.156449
0.175067
0.184511
0.16652
0.172664
0.167113
0.156776
0.168436
0.155099
0.154921
0.160748
0.145185
0.142374
0.131853
0.12282
0.136375
0.123521
0.137419
0.112977
0.0991043
0.103953
0.0999279
0.0853598
0.0901133
0.0780366
0.0888608
0.0862373
0.0774291
0.0733399
0.0613476
0.0575378
0.0605257
0.0614441
0.0597092
0.0725849
0.0556861
0.0547808
0.0748036
0.0657026
0.0589038
0.0581249
0.0640407
0.0627714
0.0485282
0.0490584
0.0417883
0.0484252
0.0474857
0.056066
0.043481
0.0559437
0.0553588
0.0675237
0.0543161
0.0728961
0.073651
0.0902778
0.0628565
0.0599276
0.0542522
0.0709641
0.0643042
0.0724484
0.0750618
0.0827086
0.073114
0.078816
0.0763155
0.0736366
0.065148
0.0648511
0.0536535
0.031349
0.0458604
0.052845
0.0463835
0.0461352
0.0459199
0.0358818
0.0361415
0.0607037
0.0560243
0.0464574
0.0477175
0.0492558
0.0656783
0.0548115
0.0595129
0.042754
0.0415115
0.0463972
0.0490486
0.0613498
0.0413351
0.0584089
0.0509932
0.056624
0.0612847
0.0640254
0.0686786
0.0905408
0.0894156
0.107451
0.118311
0.111851
0.123467
0.103511
0.120032
0.118816
0.126361
0.124332
0.132286
0.131611
0.136536
0.135931
0.12562
0.122372
0.134291
0.146894
0.150823
0.162866
0.162435
0.164005
0.180322
0.184338
0.176921
0.20169
0.213342
0.225202
0.219484
0.239694
0.254141
0.233608
0.214735
0.169572
0.16415
0.140407
0.139856
0.14819
0.180049
0.157287
0.126282
0.146476
0.152009
0.141395
0.14077
0.150675
0.171516
0.161043
0.170664
0.175708
0.193766
0.165884
0.168216
0.150013
0.170161
0.159599
0.167337
0.203058
0.202894
0.207536
0.204138
0.217232
0.205833
0.203731
0.184802
0.177547
0.165687
0.147217
0.140357
0.1448
0.108212
0.0950765
0.0902353
0.0811628
0.0654136
0.0604331
0.0455359
0.0429565
0.0387718
0.0215544
0.0195751
0.00799038
0.0110934
0.00958263
0.0122714
0.0177563
0.0136149
0.0178255
0.00625553
0.011079
0.0104929
0.0102781
0.0230491
0.0226695
0.0187012
0.0228795
0.0240139
0.0238053
0.0142464
0.0128389
0.00869033
0.00476704
0
0.00635949
0.00584477
0.00829485
0.00979955
0.00333657
0.00703102
0.00487088
0.00089203
0.00506796
0.00421655
0.00296563
0.00781309
0.00663491
0.0139073
0.0167904
0.0193006
0.0225603
0.00840162
0.0108514
0.0133032
0.0117712
0.0127932
0.0109255
0.0118027
0.0171988
0.0180414
0.017308
0.0155001
0.0137876
0.0126098
0.0147647
0.0111992
0.0156419
0.0215045
0.0310457
0.0280772
0.0260817
0.0299512
0.0282891
0.0280176
0.0166944
0.0258519
0.0225307
0.0151224
0.0231977
0.0295884
0.0268442
0.0286422
0.0279509
0.0256557
0.0250152
0.0253193
0.0259179
0.0224929
0.0293574
0.0343665
0.0351384
0.043112
0.036715
0.0324699
0.0268347
0.0324425
0.0280295
0.0309577
0.0274503
0.0354089
0.0272907
0.0265639
0.0242848
0.037653
0.0301762
0.0326447
0.020843
0.0250383
0.0209653
0.0266459
0.0314838
0.0409582
0.0399669
0.037863
0.0525671
0.049504
0.0542031
0.0596871
0.0569764
0.0635511
0.0614421
0.0614778
0.06058
0.0602888
0.0535007
0.0623098
0.0703488
0.0651031
0.0692188
0.0668588
0.0708316
0.0646337
0.076685
0.064773
0.0725463
0.0787552
0.0936701
0.0968982
0.103093
0.107496
0.100063
0.105864
0.109168
0.107706
0.108466
0.113857
0.107057
0.10243
0.108887
0.111942
0.10881
0.101732
0.104078
0.112979
0.107039
0.106395
0.0995804
0.107683
0.121147
0.12093
0.12335
0.139092
0.139863
0.116491
0.113182
0.0972244
0.0960426
0.0917759
0.0949531
0.0821273
0.0803274
0.0859637
0.102388
0.0969955
0.0988894
0.0987217
0.0844228
0.0968209
0.0811445
0.0881992
0.084155
0.0953387
0.0985217
0.0734443
0.0923185
0.0945898
0.0780229
0.0815394
0.0848722
0.0862876
0.0686055
0.0552265
0.0559616
0.0654778
0.0482945
0.0458821
0.0545557
0.0469009
0.0540276
0.0482546
0.0568794
0.0463826
0.0546862
0.0324168
0.0416354
0.0464769
0.0467089
0.048047
0.0564207
0.03786
0.0523013
0.0524424
0.0548583
0.0342097
0.0361176
0.0343352
0.0443397
0.0307461
0.0351067
0.0296233
0.022159
0.0174147
0.00687719
0.0154448
0.0135957
0.0152496
0.0242926
0.0143189
0.0185213
0.00476114
0.00907402
0.0144762
0.00782362
0.00331616
0.00960088
0.00648825
0.0233655
0.0240063
0.021053
0.0340765
0.0308629
0.0376819
0.0481218
0.0398032
0.0395761
0.0444054
0.0452494
0.0373731
0.0307321
0.0336076
0.0243029
0.0222391
0.0209253
0.0133289
0.0196363
0.0164511
0.0120776
0.0169986
0.013821
0.0185144
0.01537
0.0149056
0.0101689
0.0118333
0.00487669
0.00950401
0.011812
0.0102408
0.0172075
0.0129071
0.0198186
0.0118647
0.0195471
0.00756807
0.028599
0.0132038
0.0229858
0.00695829
0.0144598
0.0197431
0.00386985
0.00459148
0.0144244
0.0147813
0.0151327
0.015533
0.0137749
0.0147834
0.0171225
0.0188116
0.0154979
0.0121598
0.0174692
0.0090341
0.0169673
0.0140065
0.0144185
0.0164262
0.02577
0.0242259
0.0289664
0.0339187
0.028774
0.0279502
0.025573
0.0234749
0.0285848
0.0340716
0.0250086
0.0158282
0.0273442
0.0180478
0.017975
0.0262858
0.0187536
0.0167288
0.0122947
0.0166036
0.0143104
0.0189048
0.0196135
0.0212654
0.0155543
0.0205984
0.0193187
0.021815
0.0223885
0.0265427
0.0231719
0.0293583
0.0283559
0.0345105
0.0440376
0.0399663
0.0484635
0.0385383
0.0461787
0.0492935
0.0510351
0.0518413
0.0438338
0.0470555
0.0487085
0.044918
0.0408156
0.0386655
0.0448215
0.0397051
0.0469653
0.042559
0.0408181
0.0405215
0.0481768
0.0502071
0.0508278
0.0400221
0.052424
0.0510821
0.0486583
0.0515907
0.0609206
0.0678377
0.0679865
0.0793901
0.0924315
0.135541
0.214652
0.456334
0.724614
0.853438
0.879247
0.848787
0.714558
0.446205
0.21626
0.129634
0.10253
0.0826356
0.0831554
0.0805656
0.0729692
0.07577
0.0731393
0.0768459
0.0758237
0.0738276
0.0696402
0.074795
0.075291
0.0738278
0.0705281
0.0685166
0.0691406
0.072042
0.0690076
0.0630495
0.0723937
0.0642721
0.0667849
0.0624509
0.0570361
0.0564327
0.0579746
0.0596171
0.061471
0.0646844
0.0612299
0.0490396
0.0646336
0.0577089
0.0543684
0.059934
0.067079
0.0627329
0.0668996
0.0650326
0.0689505
0.0692152
0.070882
0.0603387
0.063486
0.0740961
0.075519
0.071412
0.0661121
0.0733109
0.0699221
0.0671496
0.0685379
0.0692781
0.0702227
0.066792
0.0730811
0.0652218
0.064146
0.0738898
0.0627347
0.0612042
0.0562748
0.0561247
0.0547076
0.0613004
0.0543358
0.0533894
0.0600796
0.0479913
0.0600403
0.0577011
0.0676586
0.0693459
0.0678751
0.06
0.0622377
0.0616713
0.0581546
0.0576661
0.0613404
0.0674529
0.070199
0.0596583
0.065832
0.0633704
0.0645501
0.0743547
0.0658482
0.0702468
0.0713419
0.0666716
0.0684136
0.0723705
0.0816512
0.0652464
0.0731124
0.0757534
0.0707247
0.0644715
0.0653711
0.0714688
0.0655744
0.0832204
0.0611148
0.0687492
0.078966
0.0996128
0.0873548
0.090987
0.0920284
0.0997245
0.092152
0.0875815
0.0894656
0.0912053
0.0836743
0.0844538
0.0750901
0.0866915
0.0867048
0.0872217
0.0813955
0.0929048
0.0865071
0.0766182
0.0821931
0.0744795
0.0845638
0.0878542
0.0912756
0.0906728
0.0868391
0.0880009
0.0804651
0.0851247
0.0760009
0.0726171
0.0975739
0.0717591
0.0827441
0.0793589
0.0730911
0.0710026
0.0803973
0.0903854
0.0907236
0.0638878
0.089602
0.115932
0.0920564
0.0876969
0.106459
0.113336
0.111409
0.0608257
0.0872302
0.111672
0.111279
0.101708
0.0892353
0.102336
0.112177
0.133595
0.122953
0.132985
0.123027
0.132989
0.142542
0.139599
0.151488
0.129
0.112945
0.0937929
0.118859
0.105934
0.12793
0.105196
0.119548
0.0928036
0.0914753
0.0950219
0.085463
0.119826
0.0849703
0.1215
0.106917
0.0854781
0.0923356
0.0835741
0.0940463
0.0894182
0.0713369
0.0912209
0.0835979
0.0562825
0.051845
0.108058
0.0900126
0.082807
0.100663
0.0809738
0.111153
0.0948486
0.0804218
0.0820092
0.0929449
0.070017
0.0759671
0.0846321
0.0930735
0.115708
0.139631
0.136342
0.141154
0.132372
0.122557
0.0965967
0.0820841
0.0632474
0.103136
0.0761196
0.0593107
0.0592104
0.0535687
0.0758872
0.0472108
0.0546304
0.0737217
0.0784445
0.0693042
0.0732433
0.076836
0.081733
0.106197
0.101382
0.0905848
0.121302
0.113344
0.130109
0.133127
0.136107
0.153241
0.177361
0.183971
0.202315
0.202616
0.234199
0.249087
0.276861
0.266108
0.255461
0.19734
0.138455
0.0818969
0.0805075
0.0646554
0.0622258
0.0586591
0.055392
0.0785965
0.0542604
0.0682984
0.0660892
0.079605
0.0837115
0.0628463
0.0550169
0.0634299
0.0605405
0.0700693
0.0653844
0.0662702
0.0580242
0.0708693
0.0608216
0.0608291
0.054358
0.0558875
0.0677044
0.0695725
0.0662668
0.0593639
0.0650497
0.0588302
0.0641365
0.0721428
0.0611322
0.0721875
0.058985
0.0712411
0.0692618
0.0515533
0.0712128
0.0637545
0.0646502
0.0718697
0.0627664
0.0720177
0.0705535
0.0665753
0.0735756
0.0818778
0.0650379
0.065491
0.0745139
0.0771819
0.0782325
0.0591878
0.0630558
0.0584149
0.0501763
0.0424949
0.0522972
0.0478767
0.0552481
0.0524669
0.054456
0.0587027
0.0558906
0.0580516
0.050957
0.0510302
0.0550648
0.0602761
0.0622434
0.0576645
0.0593017
0.0611879
0.0580003
0.0636527
0.0613338
0.0650981
0.066224
0.0579803
0.0640636
0.0574781
0.0611132
0.0580326
0.0619424
0.0611589
0.0580465
0.0627788
0.057361
0.0643134
0.0680997
0.0649333
0.0733224
0.0693411
0.0714583
0.0747109
0.076543
0.0792125
0.0779189
0.0840296
0.0737697
0.0765233
0.0948843
0.09208
0.0904494
0.100666
0.0998764
0.113271
0.128622
0.121658
0.116164
0.122147
0.115173
0.0984078
0.0851922
0.0722174
0.0568268
0.0691991
0.0596936
0.0573341
0.0482667
0.065467
0.0513726
0.0607808
0.0612437
0.0616083
0.0599105
0.0615773
0.0618681
0.0685416
0.0687759
0.0669426
0.0716811
0.0704392
0.0729371
0.0725988
0.0809069
0.0845413
0.0897408
0.0909791
0.102655
0.103382
0.11037
0.116871
0.132563
0.137806
0.151893
0.159893
0.173916
0.17971
0.185038
0.179346
0.168109
0.159781
0.151898
0.140027
0.124496
0.107583
0.0911562
0.090107
0.0825556
0.0800321
0.0858602
0.0731853
0.0832092
0.0888612
0.0770999
0.0923155
0.0838757
0.0875819
0.0938767
0.0895744
0.0981042
0.0991431
0.0980095
0.102902
0.114692
0.108264
0.114598
0.119437
0.119213
0.127412
0.137904
0.136817
0.149182
0.144588
0.155746
0.165521
0.172591
0.185579
0.196036
0.201595
0.212866
0.214931
0.208487
0.197502
0.179935
0.167446
0.148878
0.134085
0.123525
0.108814
0.104752
0.106368
0.0997654
0.100367
0.0994776
0.0990488
0.10156
0.103936
0.0966734
0.0958041
0.0919635
0.0801382
0.0838055
0.0828883
0.0845453
0.092116
0.0842152
0.0784149
0.0803027
0.0803801
0.0795575
0.073713
0.0819381
0.076531
0.0777958
0.0778577
0.0682557
0.0803134
0.0773222
0.0805653
0.0871722
0.0900097
0.0820169
0.0843353
0.0856527
0.0913948
0.0741709
0.0796287
0.088028
0.0832326
0.0885302
0.0853652
0.0922459
0.0910375
0.0817265
0.091427
0.0852181
0.0859804
0.0831878
0.082553
0.0861283
0.0917001
0.0802092
0.0840721
0.0851101
0.0978936
0.0823133
0.0839794
0.0883538
0.0881135
0.0745294
0.0738287
0.0756285
0.0730357
0.0739609
0.0698003
0.074939
0.0764763
0.0753054
0.0829103
0.0834959
0.08225
0.103503
0.0977146
0.126747
0.121932
0.141956
0.13441
0.151802
0.124049
0.144139
0.160053
0.150315
0.181913
0.185913
0.186063
0.185707
0.191828
0.206662
0.194619
0.190971
0.172093
0.152179
0.137915
0.130349
0.129241
0.142139
0.123244
0.117618
0.118346
0.12399
0.1157
0.130934
0.134818
0.148568
0.160633
0.156741
0.151083
0.16369
0.171901
0.172757
0.175828
0.164115
0.180212
0.172584
0.164601
0.173728
0.160876
0.174479
0.139876
0.130252
0.153538
0.139965
0.154129
0.138487
0.103118
0.109192
0.12088
0.126515
0.105371
0.137781
0.131728
0.142252
0.1514
0.147323
0.166654
0.124612
0.148769
0.161598
0.145818
0.176375
0.178773
0.184558
0.186801
0.186301
0.2013
0.218892
0.206632
0.197028
0.19996
0.214966
0.212171
0.228706
0.227605
0.236246
0.237961
0.252578
0.266642
0.269258
0.256689
0.263913
0.265989
0.26136
0.253414
0.238647
0.245564
0.237739
0.24488
0.22268
0.216028
0.176836
0.190587
0.166903
0.127703
0.132068
0.111813
0.103147
0.116223
0.121352
0.118585
0.11059
0.0991049
0.119071
0.124995
0.100421
0.10205
0.155258
0.126295
0.145033
0.145093
0.153352
0.1129
0.136259
0.15925
0.204052
0.190814
0.19176
0.18893
0.215326
0.227377
0.21
0.207388
0.244341
0.234593
0.235724
0.264251
0.243442
0.281171
0.254004
0.28129
0.281149
0.312096
0.30575
0.327582
0.30797
0.314175
0.295705
0.304973
0.313742
0.317004
0.283606
0.274797
0.279313
0.277348
0.22431
0.200638
0.177112
0.19542
0.171514
0.0903146
0.164181
0.0854689
0.109674
0.1081
0.0848058
0.119822
0.097533
0.0618167
0.0976287
0.0832335
0.0860604
0.0699979
0.106703
0.0972019
0.0875064
0.0695181
0.107262
0.136371
0.10729
0.0824441
0.116112
0.0801604
0.132897
0.114489
0.106671
0.101805
0.0754999
0.0998415
0.089728
0.0942974
0.117683
0.136086
0.148432
0.1286
0.0918445
0.103435
0.156819
0.0727119
0.126616
0.0546661
0.181336
0.113986
0.100982
0.124485
0.125719
0.131938
0.106617
0.0777124
0.132086
0.132854
0.135714
0.11804
0.170389
0.145087
0.149466
0.161214
0.137193
0.143678
0.140349
0.140827
0.119332
0.139445
0.109716
0.103061
0.132757
0.124038
0.141134
0.0830427
0.13398
0.137857
0.122672
0.0671702
0.105936
0.115885
0.0673164
0.14736
0.0799745
0.0655208
0.103344
0.132392
0.143818
0.0902071
0.0957838
0.0923759
0.107323
0.0643726
0.0685741
0.0394419
0.101141
0.106435
0.0488022
0.0839363
0.119385
0.0986762
0.101813
0.128603
0.125279
0.139438
0.0871098
0.113011
0.107026
0.083818
0.148802
0.143387
0.105888
0.154555
0.149406
0.13575
0.134613
0.120129
0.139786
0.13253
0.133393
0.164101
0.172037
0.134437
0.164419
0.174913
0.163354
0.149585
0.143738
0.144091
0.151752
0.142364
0.136593
0.168628
0.15594
0.132313
0.157456
0.112592
0.0825282
0.103448
0.0888444
0.0625023
0.0649349
0.0492639
0.0429352
