0.160181
0.153792
0.168764
0.168998
0.165593
0.155983
0.167861
0.177276
0.181036
0.186213
0.194279
0.197332
0.193505
0.209493
0.215115
0.208791
0.219496
0.217527
0.212294
0.208975
0.206872
0.213537
0.209656
0.213827
0.223247
0.235849
0.233006
0.240001
0.24363
0.25063
0.252538
0.257209
0.259588
0.261344
0.266407
0.266754
0.267411
0.271649
0.265748
0.259771
0.257371
0.237107
0.245558
0.254434
0.268702
0.274287
0.284438
0.287486
0.292036
0.293248
0.292614
0.276104
0.261041
0.257265
0.25719
0.258417
0.281362
0.304101
0.303347
0.291959
0.279067
0.248106
0.199307
0.178744
0.161674
0.156813
0.153479
0.145379
0.148013
0.142835
0.149635
0.140438
0.137234
0.139191
0.140577
0.140332
0.144163
0.138984
0.146801
0.145771
0.141179
0.14593
0.146085
0.146334
0.153031
0.153868
0.156576
0.168047
0.171194
0.171588
0.18185
0.182782
0.190272
0.199714
0.210968
0.21954
0.232079
0.247155
0.252128
0.261111
0.261019
0.262697
0.253197
0.252297
0.230218
0.213789
0.20362
0.206793
0.21145
0.215338
0.211401
0.219041
0.220274
0.221905
0.217953
0.221704
0.207302
0.210119
0.189193
0.192187
0.200705
0.204334
0.204173
0.208315
0.211582
0.220508
0.226174
0.237272
0.243036
0.248027
0.249426
0.251959
0.257158
0.257991
0.25728
0.25949
0.265034
0.270474
0.263116
0.252182
0.234332
0.222037
0.217724
0.202565
0.221384
0.217187
0.220849
0.233186
0.240427
0.254494
0.256867
0.268421
0.268055
0.278823
0.287088
0.294818
0.295638
0.296993
0.295728
0.296634
0.300131
0.299976
0.298848
0.289168
0.261378
0.229683
0.190818
0.161625
0.14977
0.147813
0.143195
0.139539
0.134663
0.137938
0.145156
0.143515
0.145902
0.150497
0.148663
0.151244
0.157385
0.169943
0.158832
0.162662
0.160486
0.152102
0.152123
0.159069
0.148436
0.160557
0.156715
0.156473
0.164318
0.163097
0.163255
0.166592
0.168395
0.16351
0.157411
0.151882
0.138307
0.124472
0.120902
0.129395
0.135218
0.132975
0.137121
0.14506
0.151068
0.158345
0.170689
0.173441
0.174992
0.17823
0.187971
0.188922
0.195122
0.19959
0.202321
0.206232
0.207308
0.2073
0.202458
0.185376
0.174389
0.154612
0.150424
0.151973
0.161753
0.158354
0.1734
0.165497
0.168444
0.179999
0.192249
0.187673
0.193809
0.213343
0.211933
0.216084
0.221848
0.22628
0.239008
0.244952
0.249641
0.252698
0.256725
0.261701
0.267759
0.273772
0.271166
0.268612
0.274797
0.270677
0.255671
0.249117
0.214722
0.187123
0.167491
0.167247
0.171846
0.158957
0.161105
0.169607
0.18075
0.185111
0.179337
0.186074
0.202423
0.201591
0.206291
0.218122
0.216499
0.237633
0.238808
0.23944
0.252542
0.251463
0.247856
0.241777
0.234238
0.217313
0.203776
0.181496
0.16489
0.155201
0.158724
0.148287
0.150333
0.155768
0.151905
0.154647
0.15912
0.151373
0.168289
0.160894
0.164304
0.163355
0.15439
0.162774
0.154371
0.155275
0.142088
0.150815
0.155081
0.157302
0.161502
0.157392
0.164134
0.162813
0.169359
0.160413
0.170119
0.155488
0.145982
0.131434
0.133286
0.131972
0.139815
0.134353
0.120949
0.113775
0.130159
0.110988
0.127088
0.136381
0.124132
0.135336
0.136243
0.144618
0.146367
0.156073
0.157828
0.159041
0.168423
0.180373
0.181332
0.186067
0.196184
0.183857
0.195682
0.190764
0.194975
0.180525
0.179105
0.165747
0.154576
0.153677
0.147671
0.147191
0.139662
0.138284
0.115956
0.1274
0.133177
0.143674
0.147636
0.144941
0.143706
0.138632
0.155514
0.148397
0.153835
0.155348
0.150612
0.16325
0.1795
0.186344
0.183996
0.192725
0.207852
0.209268
0.222039
0.216739
0.224639
0.230903
0.221224
0.216894
0.205522
0.179407
0.162613
0.124218
0.133204
0.133351
0.131217
0.119285
0.13064
0.131792
0.131446
0.136969
0.129331
0.156095
0.152052
0.149688
0.139575
0.142578
0.12438
0.138783
0.138789
0.145231
0.144392
0.146173
0.152889
0.156056
0.150917
0.152951
0.165945
0.175806
0.180478
0.18931
0.209297
0.22595
0.230888
0.249172
0.245449
0.24884
0.235922
0.214218
0.190368
0.183949
0.171521
0.18768
0.178691
0.176035
0.180882
0.177911
0.194799
0.192585
0.190256
0.190775
0.194744
0.194135
0.200764
0.200902
0.185923
0.186222
0.175614
0.171672
0.170881
0.171433
0.173432
0.172328
0.166015
0.165024
0.174584
0.150297
0.147884
0.162989
0.14452
0.157405
0.150697
0.133046
0.149199
0.144449
0.143414
0.156493
0.151526
0.159543
0.171357
0.147958
0.155358
0.152203
0.167664
0.18642
0.177824
0.166444
0.168567
0.176444
0.179513
0.192838
0.198046
0.184295
0.198109
0.206361
0.191727
0.204413
0.21385
0.215359
0.234678
0.248402
0.251298
0.255596
0.289589
0.285182
0.255556
0.236547
0.21962
0.219614
0.160523
0.15835
0.156934
0.211606
0.245135
0.295881
0.375353
0.427224
0.461003
0.473228
0.441188
0.360642
0.269411
0.186031
0.180327
0.143082
0.145073
0.151164
0.144614
0.141979
0.150851
0.14955
0.171668
0.13585
0.177669
0.171323
0.170198
0.166025
0.179422
0.177945
0.185041
0.176691
0.176598
0.174023
0.155686
0.163952
0.146724
0.124588
0.11087
0.119591
0.138161
0.129894
0.117192
0.131581
0.126826
0.121333
0.124312
0.116367
0.108019
0.132595
0.107037
0.111937
0.122342
0.124695
0.138314
0.137016
0.127314
0.140924
0.148195
0.149144
0.130892
0.133064
0.132077
0.133069
0.140717
0.153669
0.132705
0.142361
0.136282
0.119747
0.115019
0.130986
0.135278
0.141235
0.152115
0.15069
0.145271
0.148527
0.149677
0.142593
0.15593
0.152747
0.149789
0.13584
0.110383
0.116734
0.127439
0.141569
0.125255
0.129259
0.143756
0.142736
0.151337
0.148345
0.129526
0.15894
0.152848
0.130843
0.154231
0.13951
0.151128
0.131355
0.131756
0.137005
0.138571
0.138153
0.134596
0.123758
0.123102
0.10778
0.115869
0.108548
0.100169
0.12351
0.0895235
0.0915777
0.0961457
0.0967935
0.110385
0.091234
0.1292
0.113466
0.0802426
0.103669
0.112416
0.100065
0.108428
0.0938469
0.0985934
0.110691
0.103133
0.105184
0.0853896
0.0960245
0.0892894
0.0896058
0.0989232
0.0875914
0.106688
0.12027
0.112465
0.115571
0.120928
0.140664
0.13076
0.131131
0.158448
0.129165
0.137806
0.117545
0.111409
0.10807
0.087035
0.0963454
0.0830412
0.0651815
0.0825299
0.0882547
0.0990535
0.096491
0.108129
0.120639
0.106178
0.11235
0.14154
0.102181
0.127419
0.107819
0.0959776
0.10996
0.101137
0.117157
0.133709
0.139257
0.128486
0.129497
0.152359
0.11853
0.12312
0.150663
0.120691
0.138989
0.130548
0.106682
0.133601
0.130108
0.119641
0.108674
0.0934684
0.134474
0.104564
0.105219
0.131659
0.114075
0.130305
0.122325
0.120298
0.122822
0.110005
0.112529
0.105047
0.11444
0.118189
0.0971933
0.1035
0.113953
0.0927825
0.10583
0.0935099
0.0835305
0.0853233
0.0908486
0.0732878
0.0770374
0.0709282
0.0803297
0.063703
0.0717873
0.0593993
0.0524942
0.065109
0.0523018
0.0715377
0.0547153
0.0616467
0.0478937
0.0602234
0.0643255
0.0557894
0.0585568
0.0613326
0.0405229
0.0408684
0.0532261
0.0550905
0.0415073
0.0448141
0.0451853
0.0549548
0.0501043
0.0512495
0.0405821
0.0426851
0.0554291
0.0684038
0.0677228
0.061039
0.0601487
0.054088
0.0532731
0.0658275
0.0591082
0.0707489
0.06989
0.0773784
0.068529
0.0598061
0.0671618
0.0731737
0.0512394
0.0516016
0.0540326
0.0420733
0.0464221
0.0458369
0.0529157
0.0527599
0.036797
0.0452072
0.0414508
0.0561447
0.0525748
0.0465599
0.0627812
0.0564573
0.0548747
0.0516923
0.0533182
0.0384086
0.0424608
0.0472877
0.0356442
0.0463609
0.0489062
0.0581848
0.0452761
0.0535852
0.0541365
0.0669621
0.0503183
0.0742204
0.0815444
0.0866542
0.0928389
0.0869959
0.077837
0.0924455
0.0874552
0.104161
0.094434
0.0980237
0.0970508
0.102396
0.0942346
0.0800723
0.1062
0.0958843
0.099362
0.114807
0.101476
0.129387
0.116754
0.118415
0.11889
0.135588
0.126373
0.132373
0.125676
0.15873
0.149657
0.167133
0.181268
0.149476
0.14393
0.128073
0.106093
0.122876
0.0870122
0.119358
0.122956
0.102361
0.0879841
0.12243
0.0984523
0.106474
0.0941186
0.105978
0.1436
0.13225
0.139409
0.118589
0.134858
0.112972
0.12268
0.116779
0.125897
0.129472
0.137323
0.140612
0.145625
0.152162
0.157607
0.162924
0.145258
0.12654
0.115894
0.129066
0.10956
0.0994003
0.102631
0.102061
0.0901848
0.0738267
0.0712305
0.0634552
0.0505084
0.056861
0.0429783
0.0443796
0.0350713
0.0275883
0.0299659
0.0243696
0.0228492
0.0240612
0.0321383
0.0313892
0.0234706
0.02772
0.0202311
0.0281653
0.018404
0.0212375
0.024612
0.0369807
0.0314322
0.0341737
0.0320996
0.021179
0.022721
0.019207
0.0233343
0.0220094
0.0158491
0.0190209
0.0225611
0.0223358
0.0207749
0.0134352
0.0193546
0.0157929
0.00834788
0.0170366
0.0122616
0.0158582
0.0182787
0.0228314
0.0243814
0.0281801
0.0287004
0.0210093
0.0199579
0.0187195
0.0281895
0.0180636
0.0165961
0.0180199
0.0279332
0.0229902
0.0170993
0.0257334
0.0285072
0.0255989
0.0226595
0.0215307
0.0235504
0.0254552
0.0241259
0.0308149
0.0331376
0.0276252
0.0314986
0.0235954
0.0280864
0.026586
0.0264873
0.0237339
0.0267213
0.0222864
0.0334003
0.0360263
0.0367682
0.0316633
0.0280434
0.0314042
0.030655
0.0327636
0.0266959
0.0302807
0.033728
0.0397496
0.039271
0.0294467
0.0349468
0.0281674
0.0292232
0.0326448
0.0318248
0.0255893
0.0256245
0.0279647
0.0270251
0.028224
0.0376803
0.0282322
0.0304256
0.0292067
0.0306542
0.0231108
0.0317103
0.0243551
0.0412708
0.0327229
0.0278643
0.0352813
0.0372028
0.0391138
0.045975
0.0543994
0.0545738
0.048327
0.0481448
0.0495461
0.0533879
0.0448766
0.0542898
0.0568867
0.0565795
0.0535706
0.0577829
0.0535919
0.0539681
0.0561127
0.0531705
0.0651755
0.0614917
0.073872
0.0758251
0.0723656
0.0757508
0.0733888
0.069501
0.0821398
0.070133
0.0878376
0.0815397
0.0813612
0.0762331
0.0869449
0.0785372
0.0795916
0.0690731
0.0734675
0.0879757
0.0877901
0.0826012
0.0782727
0.0806929
0.0922104
0.0867067
0.0828093
0.102323
0.100337
0.0984342
0.0914032
0.0812913
0.0709716
0.0717344
0.065063
0.0613657
0.0800105
0.0652659
0.0814712
0.063194
0.0758535
0.0796597
0.0699441
0.0683822
0.0623675
0.0674384
0.0622813
0.0687934
0.0653111
0.0658098
0.0696007
0.0788312
0.0635012
0.0656109
0.0667609
0.0554482
0.0517251
0.0471018
0.0485691
0.0483838
0.0598265
0.0385075
0.0429086
0.0494623
0.054687
0.0581329
0.062715
0.0380307
0.0388312
0.0370434
0.0336014
0.0401543
0.030663
0.0364692
0.0430935
0.0426955
0.0571925
0.0324906
0.0391994
0.0324206
0.0475917
0.0250434
0.0432484
0.0301184
0.0417101
0.0345835
0.0288979
0.0128033
0.0217684
0.025183
0.0197695
0.0172739
0.0274791
0.0219024
0.0241501
0.0149488
0.0215279
0.0223128
0.0189408
0.0276987
0.015064
0.0209202
0.0254487
0.0341378
0.0214575
0.0242906
0.0253488
0.0329333
0.0407313
0.0412182
0.0416023
0.0395667
0.0471701
0.0339603
0.0162781
0.0393161
0.0388036
0.0277783
0.0305177
0.0349613
0.0310836
0.0219908
0.0227123
0.0264367
0.0251581
0.0266004
0.0329144
0.0219133
0.0236756
0.0186742
0.0199596
0.0194118
0.0181207
0.0178827
0.0196217
0.0280373
0.0337898
0.019487
0.0272405
0.0125351
0.0172536
0.0107814
0.0198998
0.0188183
0.0177994
0.0202978
0.0206027
0.0177562
0.0162364
0.0173086
0.0240385
0.0192122
0.0210653
0.015199
0.0254047
0.0215059
0.0157248
0.0281115
0.0198431
0.0232387
0.0290634
0.0259508
0.0219981
0.025295
0.0303706
0.0320654
0.0346701
0.0411993
0.0285038
0.0269763
0.0328533
0.0185056
0.0307093
0.0342084
0.0253861
0.027156
0.0284812
0.0254399
0.0246046
0.0256773
0.0230303
0.025878
0.0239706
0.0257279
0.0182952
0.018001
0.0284665
0.0210839
0.0205328
0.0252408
0.0238436
0.0276064
0.0228643
0.0306049
0.0226174
0.0313177
0.0293607
0.0316578
0.0415772
0.0465634
0.0415028
0.0407957
0.0463693
0.0427626
0.0386215
0.040787
0.0392415
0.0400692
0.0486112
0.0347072
0.0319454
0.0400131
0.042099
0.0360327
0.0432238
0.0385833
0.0368302
0.0406121
0.0455591
0.0451452
0.0452798
0.0353137
0.0432216
0.04361
0.0402025
0.0457879
0.0560074
0.0515884
0.0547655
0.0596277
0.0661165
0.101195
0.167956
0.353018
0.553267
0.655662
0.678696
0.649271
0.543779
0.343769
0.173233
0.0965011
0.0817676
0.0640034
0.0594197
0.0562148
0.0586334
0.0640767
0.0572625
0.058722
0.059553
0.0613059
0.0565178
0.0597929
0.059168
0.0584089
0.0577854
0.0526779
0.0564979
0.0560143
0.0535856
0.0477037
0.0524749
0.0530532
0.0569655
0.0507399
0.0523703
0.048958
0.0546358
0.0454005
0.0495393
0.0511867
0.0497593
0.0408854
0.0541408
0.0517366
0.0417903
0.0494119
0.0573249
0.0496577
0.0567871
0.0546834
0.0561557
0.0534273
0.0572651
0.0580181
0.046873
0.0547662
0.0678029
0.0621145
0.0584656
0.0570239
0.0580429
0.0558215
0.0541888
0.0514364
0.0549878
0.0589908
0.0614394
0.0449593
0.0464942
0.0491562
0.0437454
0.0491668
0.0448647
0.0535482
0.0519624
0.0476133
0.0422458
0.0408182
0.0534952
0.043585
0.0429191
0.0409078
0.0539455
0.0523423
0.0487075
0.0495221
0.0541869
0.0482534
0.0452034
0.0489593
0.0474994
0.0584737
0.0563765
0.0478625
0.054583
0.0439569
0.0471107
0.0578033
0.0537433
0.0559922
0.0550692
0.051987
0.0636807
0.0503529
0.0555601
0.0589659
0.057567
0.0561616
0.0582114
0.0410789
0.0471778
0.0584183
0.0482582
0.0659416
0.0606035
0.0511496
0.0699384
0.0811287
0.0604015
0.0677546
0.0724318
0.0674331
0.0635339
0.0662991
0.0707944
0.0568417
0.0774785
0.0658694
0.0639654
0.0648595
0.0605502
0.0589736
0.0572496
0.0662217
0.0556118
0.0510338
0.0504192
0.0553831
0.0684963
0.0544199
0.06787
0.0599156
0.0534035
0.0599749
0.0581219
0.0552213
0.0530229
0.0740959
0.0417343
0.0706875
0.0558692
0.0419132
0.0538084
0.0649683
0.0391183
0.0568851
0.0617136
0.058518
0.0704111
0.0763137
0.0653731
0.0533838
0.0752937
0.0673418
0.0819304
0.0480739
0.0616758
0.0722029
0.0687061
0.0628114
0.0617705
0.0801635
0.0869279
0.0891578
0.0960545
0.0995078
0.11044
0.0971085
0.105509
0.104431
0.107253
0.0951307
0.088179
0.0531509
0.0827871
0.0897573
0.115098
0.0687492
0.0924007
0.0600281
0.0620379
0.075407
0.0755514
0.0698322
0.0714466
0.104623
0.0784632
0.0868057
0.0620121
0.0648847
0.0732384
0.0599654
0.070006
0.0883532
0.0746545
0.076101
0.0505304
0.0678951
0.0692515
0.0748501
0.0884144
0.0608317
0.107544
0.0925752
0.0514581
0.0658438
0.0561529
0.0731656
0.068482
0.0591681
0.072681
0.0816274
0.109451
0.092891
0.105863
0.0927741
0.123381
0.0739948
0.0595235
0.0436846
0.0642207
0.0635828
0.0450859
0.0429078
0.0463764
0.0638972
0.0679957
0.041015
0.0573634
0.0652121
0.0533615
0.0570813
0.0555679
0.077659
0.0693116
0.0728253
0.0665996
0.0901576
0.0947618
0.0879383
0.0984772
0.110405
0.120949
0.127912
0.127047
0.128793
0.14475
0.165029
0.185637
0.204909
0.187847
0.184004
0.14567
0.101547
0.0484084
0.0581367
0.0693589
0.0503132
0.046093
0.0366742
0.0634068
0.0598714
0.057256
0.0533273
0.0549062
0.0401574
0.0362172
0.0473859
0.0470441
0.0432791
0.0489028
0.0465076
0.0530179
0.0523481
0.0587405
0.0530713
0.0440541
0.041205
0.0413875
0.0458966
0.0502467
0.0455214
0.0502831
0.0543637
0.0545724
0.0426893
0.0487617
0.0483842
0.0549135
0.0462628
0.0522535
0.0462958
0.0435803
0.0562389
0.0486397
0.0495207
0.0536308
0.0432918
0.0450801
0.0613003
0.0532379
0.0529564
0.0590888
0.0527976
0.0543872
0.058361
0.0559546
0.0696861
0.0506037
0.0479984
0.0490573
0.0377129
0.0483898
0.0470679
0.0318231
0.0463752
0.0450203
0.0437044
0.042599
0.0478221
0.0466265
0.0366118
0.045563
0.0292251
0.0558533
0.0505476
0.0473322
0.0611099
0.0546518
0.0530885
0.0598561
0.0535674
0.0597272
0.0619576
0.0518098
0.052919
0.0554755
0.0476888
0.0477871
0.0472874
0.047577
0.0488168
0.0538356
0.0540232
0.0563746
0.0521895
0.0560102
0.0599122
0.0502741
0.056076
0.0539855
0.0700108
0.0624118
0.073092
0.0633101
0.0585318
0.0657557
0.088554
0.0729042
0.0727624
0.0851959
0.0896842
0.0877858
0.0991807
0.0961624
0.104454
0.0935902
0.0920894
0.0775037
0.0736268
0.0602954
0.0533793
0.0536299
0.0478896
0.0523449
0.0461274
0.0487829
0.0378849
0.0414537
0.0506545
0.0494516
0.0510763
0.044792
0.0490086
0.0581914
0.0551544
0.0570665
0.0543146
0.0585864
0.0496991
0.0634911
0.0598981
0.0632082
0.0690448
0.0677753
0.0794419
0.0825099
0.0823729
0.0898345
0.0983729
0.107694
0.116861
0.120031
0.130896
0.138705
0.135515
0.143055
0.121104
0.123309
0.111555
0.106293
0.104506
0.0797427
0.0738185
0.0578443
0.0711052
0.0557137
0.0631848
0.0499255
0.0699631
0.0622343
0.0596475
0.0590433
0.0699852
0.0615328
0.0692405
0.0647892
0.0748381
0.0793269
0.0814556
0.0810219
0.08944
0.0813668
0.0912839
0.0882088
0.0978442
0.0973921
0.100672
0.0961947
0.104072
0.109157
0.11358
0.120267
0.120646
0.131897
0.136753
0.148147
0.149174
0.15178
0.149005
0.139786
0.132022
0.121784
0.104954
0.0961838
0.0918042
0.0820064
0.0742513
0.0806416
0.0738518
0.0713474
0.0829245
0.0799737
0.080656
0.0833131
0.0641891
0.0790654
0.0735024
0.0648196
0.0689056
0.0745434
0.0660607
0.0494205
0.0626428
0.0582533
0.0555731
0.0519924
0.0574003
0.0542911
0.0526268
0.0538053
0.0512641
0.0603588
0.0612966
0.0540043
0.0586674
0.0652126
0.0618476
0.06928
0.0644268
0.0650854
0.0667374
0.0650628
0.0644772
0.0628368
0.0665575
0.0711549
0.0635887
0.0615501
0.0644541
0.0711221
0.0513467
0.0699683
0.0615599
0.0642189
0.0596069
0.0621598
0.0603476
0.0685545
0.0643736
0.0620952
0.0734747
0.065505
0.0556262
0.07217
0.074885
0.0677347
0.0700483
0.0750932
0.0808209
0.0785019
0.0779232
0.0887162
0.0797201
0.0824592
0.0871023
0.0807206
0.087959
0.0870675
0.0987734
0.0929427
0.113873
0.0991853
0.111915
0.10503
0.0995569
0.104641
0.109282
0.116707
0.102069
0.119903
0.105321
0.129598
0.1268
0.139216
0.145352
0.128232
0.129671
0.097431
0.103886
0.107988
0.101103
0.109743
0.083213
0.0799695
0.0953752
0.0924152
0.0960428
0.0843574
0.116498
0.103203
0.106965
0.140048
0.124035
0.126972
0.134096
0.137427
0.142374
0.144942
0.131529
0.134954
0.134079
0.132686
0.140626
0.127745
0.14255
0.127268
0.109589
0.103379
0.0943598
0.116866
0.0990071
0.0897016
0.0943539
0.0889086
0.0932892
0.0590093
0.102007
0.0962568
0.0611935
0.104826
0.0703803
0.129404
0.0968849
0.106737
0.123257
0.102096
0.118772
0.135112
0.123957
0.141922
0.14371
0.121115
0.159835
0.14112
0.165985
0.157396
0.152646
0.155801
0.176885
0.170117
0.182588
0.170239
0.180501
0.208708
0.187186
0.188339
0.19934
0.199942
0.202063
0.186111
0.178042
0.180429
0.175456
0.175116
0.168648
0.153225
0.124073
0.155041
0.112293
0.132671
0.100394
0.0845777
0.0772571
0.0871525
0.0873206
0.116101
0.0953256
0.0712895
0.0962623
0.0812196
0.0489695
0.0744433
0.114799
0.137985
0.101241
0.103302
0.0896703
0.101589
0.0997024
0.102677
0.120919
0.143098
0.140859
0.166677
0.137131
0.160201
0.142127
0.132377
0.163182
0.171644
0.157689
0.18039
0.189753
0.196082
0.21141
0.221503
0.194427
0.220482
0.207389
0.231771
0.225069
0.227735
0.218154
0.216841
0.242667
0.231434
0.199183
0.188922
0.207591
0.19933
0.171275
0.152648
0.149727
0.168205
0.156709
0.0528769
0.11605
0.0727619
0.086843
0.0496482
0.0524323
0.116232
0.0861238
0.0752715
0.0825388
0.0785615
0.0966723
0.0835061
0.121066
0.0805029
0.0851879
0.0537499
0.0949897
0.0983904
0.0833905
0.0781476
0.124982
0.0686715
0.091915
0.108882
0.0958994
0.116984
0.0769822
0.100563
0.0448964
0.121064
0
0.0849445
0.0902896
0.115346
0.0410112
0.0743673
0.127707
0.0699697
0.106349
0.0834359
0.144384
0.0975646
0.0856519
0.116096
0.102205
0.0804843
0.0659126
0.095093
0.12719
0.119962
0.123582
0.106058
0.131264
0.115998
0.101655
0.140102
0.133306
0.134354
0.113389
0.0945189
0.145209
0.0925547
0.110109
0.0570146
0.116601
0.0951451
0.123177
0.0718462
0.0648903
0.110693
0.107383
0.0752015
0.0488656
0.0903614
0.0850303
0.0795682
0.00538568
0.0739723
0.0741824
0.0992512
0.120741
0.0166524
0.0700229
0.0707606
0.0665963
0.0728449
0.0439109
0.0405734
0.0798925
0.0697226
0.0237927
0.0404299
0.0710056
0.0941607
0.0619824
0.104371
0.0494308
0.121345
0.0283192
0.110707
0.109242
0.0626489
0.126619
0.0945729
0.0660859
0.111803
0.137267
0.0936451
0.117523
0.0969183
0.092915
0.118771
0.0658697
0.141202
0.149091
0.113769
0.16298
0.125612
0.103626
0.146169
0.112932
0.12045
0.12917
0.116936
0.11271
0.120112
0.132413
0.125328
0.077022
0.0716735
0.0847264
0.0850327
0.0746257
0.0612834
0.0606144
0.058946
0.0648839
