0.19249
0.19663
0.208153
0.209956
0.204585
0.21005
0.217894
0.223983
0.225521
0.237795
0.246666
0.249619
0.250567
0.261228
0.26694
0.267222
0.278952
0.279515
0.280651
0.275249
0.277169
0.271935
0.275874
0.285738
0.293076
0.306536
0.311827
0.323825
0.32937
0.336126
0.339657
0.345687
0.349533
0.352902
0.359779
0.363359
0.366101
0.367847
0.362565
0.357334
0.349294
0.333733
0.344808
0.35625
0.367652
0.384906
0.394354
0.401884
0.409911
0.409087
0.402381
0.366228
0.342582
0.337628
0.337483
0.339737
0.371357
0.432456
0.437053
0.424265
0.393444
0.339446
0.277833
0.255901
0.23108
0.216344
0.200603
0.188567
0.178505
0.18474
0.1783
0.163295
0.161053
0.155296
0.162866
0.153851
0.163011
0.164674
0.176204
0.172112
0.179871
0.177371
0.187174
0.186436
0.192251
0.189399
0.190666
0.201513
0.206373
0.210887
0.222094
0.230206
0.242431
0.257382
0.280739
0.306515
0.327403
0.353287
0.368497
0.384522
0.387686
0.382985
0.370134
0.345341
0.312737
0.274829
0.26271
0.258032
0.261451
0.272628
0.270747
0.276854
0.279191
0.282168
0.284354
0.286476
0.277429
0.270466
0.25518
0.262331
0.255023
0.269228
0.276586
0.276702
0.292086
0.300728
0.308812
0.316572
0.325171
0.331498
0.332104
0.337278
0.343702
0.341913
0.339737
0.342921
0.357939
0.367328
0.362936
0.346261
0.333627
0.314144
0.292679
0.282261
0.294752
0.298442
0.309683
0.323066
0.338057
0.350926
0.362629
0.375911
0.377654
0.397979
0.401794
0.411066
0.416876
0.417674
0.414788
0.415395
0.421768
0.422663
0.427228
0.414595
0.376495
0.313742
0.247388
0.196157
0.174628
0.164129
0.156856
0.151013
0.150469
0.143255
0.153628
0.155221
0.164706
0.174141
0.173342
0.187507
0.19738
0.206626
0.207141
0.210097
0.206659
0.186845
0.198639
0.183103
0.178772
0.184691
0.178329
0.181225
0.184847
0.184661
0.193404
0.199158
0.197529
0.19727
0.193712
0.190028
0.174063
0.166344
0.157269
0.1671
0.165552
0.159883
0.174803
0.179698
0.180533
0.200651
0.209385
0.215949
0.222964
0.227721
0.234559
0.236944
0.243813
0.251323
0.257454
0.261038
0.263837
0.265556
0.261656
0.248063
0.228385
0.211332
0.204109
0.204414
0.220802
0.216628
0.219757
0.231109
0.228995
0.240108
0.254836
0.25955
0.267528
0.290598
0.28774
0.295376
0.312047
0.30951
0.328524
0.336269
0.341303
0.349095
0.356235
0.361334
0.375637
0.373765
0.38171
0.391402
0.393726
0.392454
0.389863
0.357029
0.311283
0.267448
0.234057
0.226135
0.231244
0.230927
0.22988
0.240847
0.241897
0.246825
0.246578
0.266705
0.280145
0.284339
0.283367
0.305917
0.306896
0.316562
0.320862
0.333322
0.333601
0.340323
0.337089
0.330289
0.311253
0.285012
0.257995
0.217057
0.194637
0.17686
0.180794
0.188855
0.191784
0.198278
0.197739
0.203003
0.205271
0.207888
0.224025
0.230333
0.228495
0.221812
0.217523
0.207651
0.20262
0.193368
0.186703
0.183998
0.180079
0.185303
0.187776
0.187454
0.189349
0.193135
0.197037
0.195846
0.194948
0.19297
0.180953
0.171366
0.172703
0.173599
0.17974
0.177597
0.167328
0.168168
0.182219
0.167486
0.160292
0.167325
0.17722
0.169465
0.170959
0.181625
0.18021
0.192054
0.201307
0.204422
0.218619
0.232141
0.229711
0.234922
0.244295
0.24184
0.241792
0.251686
0.248061
0.243503
0.25174
0.22778
0.232565
0.226393
0.209871
0.210165
0.192976
0.180788
0.187762
0.170948
0.176534
0.197749
0.213253
0.207339
0.215499
0.199372
0.218122
0.221568
0.208542
0.207402
0.212796
0.225712
0.22584
0.242445
0.247593
0.267161
0.276342
0.282639
0.297238
0.305342
0.310526
0.312912
0.302471
0.302289
0.281669
0.250023
0.208878
0.184935
0.169321
0.175156
0.17274
0.168337
0.165848
0.170019
0.177835
0.187498
0.184686
0.182621
0.189003
0.193365
0.196831
0.182688
0.165991
0.168636
0.173374
0.183527
0.177975
0.182914
0.178412
0.1844
0.190282
0.192536
0.203879
0.214161
0.235561
0.258402
0.287793
0.314234
0.331653
0.340725
0.342566
0.345471
0.331827
0.302041
0.28377
0.268694
0.250583
0.268918
0.260937
0.259163
0.274938
0.260162
0.267575
0.262583
0.257131
0.265419
0.262891
0.260163
0.267764
0.27077
0.248531
0.237621
0.215811
0.202866
0.214856
0.211807
0.222164
0.222893
0.221771
0.237586
0.223339
0.223251
0.192786
0.215508
0.195184
0.217275
0.223483
0.213566
0.206167
0.206416
0.218249
0.206466
0.209605
0.214958
0.223284
0.228727
0.223562
0.206011
0.227142
0.242513
0.238389
0.230241
0.234408
0.23641
0.243694
0.261165
0.263129
0.257504
0.257911
0.268501
0.260608
0.287694
0.293475
0.303077
0.313278
0.345632
0.38153
0.410525
0.442764
0.427837
0.402752
0.382752
0.337162
0.3099
0.24325
0.229856
0.2225
0.267867
0.333906
0.383963
0.467806
0.541276
0.601422
0.598024
0.568356
0.479226
0.367411
0.25815
0.23842
0.214523
0.203846
0.208354
0.189799
0.204107
0.198837
0.207376
0.227544
0.21522
0.229166
0.232445
0.222831
0.235285
0.243121
0.251199
0.260387
0.239319
0.256666
0.237414
0.238937
0.225639
0.183129
0.17599
0.1743
0.159253
0.17087
0.16745
0.16892
0.169713
0.161707
0.148686
0.158904
0.147138
0.141529
0.146234
0.138987
0.139386
0.154283
0.145334
0.157716
0.162896
0.159927
0.175306
0.170563
0.188226
0.194551
0.191335
0.184232
0.20042
0.20734
0.205616
0.189044
0.1966
0.184644
0.162887
0.169219
0.188208
0.182748
0.175158
0.189532
0.203054
0.211122
0.218136
0.218592
0.218741
0.223083
0.200134
0.204806
0.18463
0.16872
0.174719
0.173826
0.184848
0.176493
0.186218
0.195052
0.179505
0.189271
0.183724
0.173053
0.208718
0.189661
0.182985
0.194411
0.216165
0.197606
0.196479
0.189242
0.177974
0.201499
0.179806
0.173902
0.168564
0.167137
0.153469
0.155479
0.139348
0.163348
0.152322
0.139188
0.134577
0.131606
0.141719
0.132687
0.132235
0.150914
0.143776
0.136943
0.137831
0.149429
0.14267
0.120866
0.138571
0.138214
0.139698
0.120698
0.138079
0.117808
0.11747
0.122211
0.110427
0.115747
0.125896
0.127936
0.14205
0.144471
0.154352
0.161458
0.172679
0.178526
0.185079
0.210329
0.200558
0.192234
0.200097
0.158104
0.149088
0.117531
0.0965369
0.0900859
0.0788675
0.102521
0.114756
0.131277
0.13646
0.148291
0.167122
0.148493
0.173945
0.172946
0.154647
0.170445
0.158039
0.135372
0.15229
0.127682
0.169188
0.187421
0.200099
0.183099
0.181457
0.181449
0.18007
0.182531
0.187416
0.153291
0.178689
0.17091
0.155593
0.175276
0.174647
0.197006
0.171333
0.139073
0.188215
0.166351
0.147076
0.18642
0.185735
0.176431
0.166605
0.16758
0.181928
0.151722
0.159037
0.179125
0.142911
0.158136
0.139664
0.12646
0.136195
0.145137
0.136258
0.115973
0.109725
0.114285
0.108192
0.0943081
0.0832659
0.0935802
0.0899061
0.0857126
0.0757483
0.0866694
0.0720501
0.0768943
0.0680352
0.0724265
0.0677332
0.0717694
0.0642044
0.0770419
0.0715627
0.0601735
0.070943
0.0683424
0.0559276
0.0633135
0.0612912
0.053626
0.0557469
0.0509224
0.0677999
0.0619246
0.0702153
0.0650972
0.0545418
0.0533599
0.0660112
0.0795592
0.0707069
0.0877898
0.0752777
0.0797961
0.0550399
0.0805573
0.0774925
0.079827
0.0953799
0.087576
0.0797345
0.0702945
0.0730359
0.0720457
0.0627407
0.0618911
0.0638505
0.0503219
0.0479483
0.0570539
0.0545588
0.0447233
0.0488727
0.0558932
0.0517464
0.0572164
0.0522615
0.0594567
0.067408
0.049851
0.0811198
0.0602902
0.0558778
0.0708443
0.0505112
0.0529559
0.0499626
0.0528731
0.0495288
0.0553408
0.0597199
0.0579592
0.0589983
0.0826975
0.0774096
0.0844986
0.105312
0.121384
0.129188
0.125413
0.111557
0.120978
0.116832
0.113201
0.131763
0.132284
0.13763
0.139272
0.126172
0.124122
0.132457
0.124931
0.138194
0.158664
0.138084
0.147384
0.173668
0.17274
0.183087
0.185444
0.176847
0.198116
0.211313
0.234287
0.220805
0.246753
0.243724
0.238024
0.23105
0.173277
0.16517
0.172088
0.133352
0.155892
0.159163
0.154001
0.140318
0.161379
0.168706
0.156284
0.13871
0.154586
0.200677
0.170245
0.17603
0.190601
0.18852
0.17168
0.159694
0.166836
0.176162
0.192669
0.196074
0.211708
0.217656
0.211733
0.212358
0.221773
0.208208
0.201424
0.191056
0.180441
0.166734
0.156937
0.146768
0.152217
0.11563
0.105152
0.0915741
0.0913087
0.0661671
0.0591765
0.0512456
0.0523636
0.042894
0.027214
0.0218549
0.0226456
0.0103236
0.0166503
0.0160646
0.0231891
0.0193712
0.016074
0.0145666
0.0147081
0.0144325
0.0153641
0.0240295
0.0315421
0.0236576
0.0291395
0.0239909
0.0246091
0.0167791
0.0170727
0.0129932
0.0135817
0
0.00352359
0.00543516
0.00844582
0.0122057
0.00530957
0.00167783
0.0107026
0.00181946
0.00950387
0.00729828
0.00559716
0.00963518
0.00875011
0.0183436
0.0210561
0.0216017
0.0156644
0.0153463
0.0163348
0.0240124
0.0133308
0.0158029
0.0133885
0.0198291
0.0207547
0.0142583
0.015669
0.0196373
0.0222429
0.0199953
0.0172738
0.0148253
0.0209798
0.0219986
0.0299835
0.0305688
0.0367177
0.0360958
0.0297794
0.0294152
0.0170367
0.0277721
0.0252137
0.0165339
0.025155
0.0353435
0.0304512
0.0316053
0.0293195
0.0288631
0.0299759
0.0274515
0.0327268
0.02717
0.0249533
0.0326639
0.0357718
0.0401569
0.038976
0.0349255
0.0307841
0.0273017
0.0303581
0.0354585
0.0296303
0.0247526
0.0314737
0.0314548
0.0348218
0.0385846
0.0324274
0.0374849
0.0310952
0.032471
0.030346
0.0303962
0.0311766
0.0420177
0.0441361
0.0345566
0.0524117
0.048346
0.0576838
0.0559226
0.0591025
0.057741
0.0673041
0.0676754
0.0650481
0.0686371
0.0572171
0.0635713
0.0719173
0.0715285
0.0705795
0.0726291
0.0740732
0.0748394
0.0778394
0.0690581
0.0835465
0.0824096
0.0934235
0.0994459
0.100479
0.10759
0.101526
0.113675
0.116083
0.103202
0.111757
0.108984
0.104824
0.105443
0.107685
0.114509
0.111291
0.108495
0.11006
0.118772
0.104404
0.110575
0.110972
0.108129
0.115926
0.112319
0.127805
0.139056
0.141698
0.121213
0.118067
0.103667
0.102984
0.095936
0.0893313
0.0943181
0.100555
0.0912136
0.106387
0.0918981
0.104066
0.103603
0.0972142
0.0937462
0.0842182
0.0953644
0.0944506
0.0995945
0.0937159
0.0848023
0.0957998
0.108057
0.0933111
0.0932835
0.0799606
0.0899718
0.0767735
0.0686834
0.0617328
0.0621559
0.0443329
0.05492
0.0588939
0.054381
0.0584018
0.0572009
0.056955
0.0476834
0.0571178
0.039752
0.0530144
0.0597212
0.049139
0.0536721
0.0544662
0.0541008
0.0570441
0.056226
0.0536544
0.042971
0.053528
0.0485863
0.045852
0.030609
0.035795
0.0409647
0.0308795
0.0203408
0.0141483
0.0255598
0.0196419
0.0204745
0.0251925
0.015888
0.0167579
0.0143326
0.0145438
0.0125954
0.0163766
0.0206167
0.0206523
0.0160663
0.0228013
0.0234146
0.0242377
0.0403964
0.0435623
0.0317721
0.0473744
0.0484184
0.0542836
0.0471538
0.0481113
0.0341178
0.0352798
0.0399499
0.0380226
0.02237
0.0324095
0.0254617
0.0175913
0.0202513
0.0150168
0.0245919
0.0183944
0.0173237
0.0247233
0.0176082
0.0181813
0.0124373
0.0158117
0.0189569
0.0164958
0.0131468
0.018951
0.0199163
0.0202651
0.0144386
0.0221287
0.0252038
0.0244262
0.0221782
0.019252
0.0117717
0.0245119
0.0158443
0.0190151
0.0140913
0.0137299
0.0159048
0.0207327
0.0187241
0.0161363
0.0162019
0.0270789
0.0243263
0.0174313
0.0171678
0.013842
0.0130028
0.0209983
0.0253599
0.0179638
0.0252614
0.0302234
0.0384652
0.0375202
0.0393685
0.0392877
0.0327944
0.040956
0.0255287
0.0335815
0.0337683
0.0242235
0.0198408
0.0315591
0.0182565
0.0187908
0.023493
0.0241292
0.0202401
0.021354
0.0245582
0.016118
0.0194944
0.0229505
0.0217616
0.0247491
0.0206328
0.0234989
0.0246885
0.0251173
0.0303612
0.0323485
0.0287323
0.0256299
0.0396514
0.0446081
0.0384942
0.0527842
0.0404456
0.0468277
0.0531044
0.0559911
0.0424512
0.0367113
0.0497627
0.0545365
0.0472488
0.0406232
0.044274
0.0511908
0.0428875
0.0493963
0.0448797
0.0433811
0.0480808
0.0517951
0.054786
0.0517213
0.0493819
0.0556715
0.0521352
0.0469089
0.053232
0.0640708
0.0677091
0.0658289
0.0709549
0.0974585
0.137532
0.211881
0.443086
0.710152
0.82231
0.848914
0.817359
0.691711
0.434682
0.216979
0.124848
0.0991157
0.0871054
0.0856743
0.082024
0.0767271
0.0795831
0.0779314
0.0795248
0.0761411
0.0772574
0.0723993
0.0774178
0.0773077
0.0731213
0.0715943
0.0704252
0.0679898
0.0695542
0.0756915
0.0653787
0.0720793
0.0711008
0.0710378
0.0648583
0.0640506
0.0602649
0.0628206
0.0565637
0.0571342
0.0652728
0.0567764
0.0601575
0.0600529
0.0595574
0.0616017
0.059575
0.067492
0.0599471
0.0650957
0.0717065
0.0715938
0.068628
0.0662197
0.0709688
0.0675322
0.0708467
0.0749039
0.0762316
0.0712609
0.0685481
0.0718401
0.0726734
0.069357
0.0738174
0.067685
0.0791221
0.0751542
0.0656427
0.0664334
0.0760565
0.0678055
0.0647655
0.0577753
0.066618
0.053063
0.067968
0.0607611
0.0534461
0.0558997
0.0545657
0.0666663
0.0618859
0.0619382
0.0723153
0.0732056
0.0647026
0.0668781
0.0635498
0.0699744
0.0633337
0.0643228
0.0645773
0.0708321
0.0666776
0.0712934
0.0669832
0.0650405
0.074008
0.0667388
0.0726933
0.0812464
0.0705858
0.0704735
0.06544
0.0853164
0.0730664
0.0736261
0.0736776
0.0831218
0.0687803
0.0800461
0.0893216
0.0690017
0.0932753
0.085544
0.0673862
0.09247
0.0940621
0.0957707
0.0864513
0.0871803
0.0880048
0.0856711
0.0841579
0.0994923
0.0919666
0.0943951
0.0825655
0.0956532
0.100294
0.0960988
0.0858668
0.0890182
0.0963566
0.0964349
0.0890761
0.0901035
0.0911906
0.0874987
0.0939345
0.102509
0.0839748
0.0690869
0.0901404
0.0944544
0.0886297
0.0858423
0.0943486
0.092914
0.0878577
0.0976492
0.0965095
0.0873829
0.100272
0.0758603
0.102045
0.0880351
0.108347
0.123236
0.128246
0.107041
0.115025
0.0996381
0.106261
0.110677
0.0999754
0.0964228
0.126317
0.115003
0.108496
0.113003
0.133883
0.116965
0.125229
0.115882
0.127245
0.141984
0.13877
0.148099
0.162326
0.129607
0.13014
0.125741
0.128225
0.127751
0.117075
0.13471
0.105439
0.130863
0.108914
0.130183
0.0941149
0.0902094
0.100298
0.0998768
0.124443
0.128583
0.107687
0.082775
0.114543
0.108013
0.102133
0.109113
0.10559
0.0995018
0.0858477
0.0808229
0.113103
0.113795
0.112642
0.109508
0.0875449
0.0988728
0.101532
0.105373
0.0793601
0.109003
0.098008
0.0933654
0.0906411
0.111771
0.133424
0.137353
0.143317
0.150059
0.118506
0.131871
0.0988512
0.0851292
0.077826
0.082394
0.0789557
0.0668495
0.0730889
0.077991
0.0821319
0.0867037
0.0831153
0.0649154
0.0932844
0.0969809
0.0698063
0.0826837
0.0910053
0.0976806
0.100547
0.102976
0.128102
0.111435
0.138114
0.133839
0.138513
0.161052
0.175899
0.187346
0.190872
0.20249
0.240737
0.261124
0.2757
0.263387
0.260314
0.201664
0.137494
0.0858226
0.0840274
0.0822996
0.0798651
0.0749867
0.0627886
0.0748791
0.0588266
0.0728595
0.0779564
0.0622355
0.07
0.0688217
0.0758572
0.0610048
0.0527309
0.0601334
0.0674454
0.0739164
0.066278
0.0710246
0.0705056
0.0765384
0.0773987
0.0593504
0.0629658
0.0693022
0.0758542
0.0748216
0.0757194
0.0668347
0.0633425
0.0735751
0.0605114
0.0700268
0.0638809
0.0723373
0.0691156
0.0657233
0.0775423
0.0715271
0.0651732
0.0674857
0.0642891
0.0690579
0.0706396
0.0725266
0.0772239
0.078221
0.0673984
0.071469
0.0705194
0.0699551
0.0836655
0.0684901
0.0668545
0.0653384
0.0601434
0.0620602
0.0619118
0.0535427
0.0588584
0.0591531
0.0546768
0.0602959
0.057719
0.0630342
0.0499077
0.0621331
0.0547468
0.0666735
0.0603398
0.058861
0.0760869
0.0655774
0.0649118
0.0708882
0.0686211
0.0675256
0.0674659
0.0655846
0.0586616
0.0614338
0.0600146
0.0618386
0.0577558
0.0664758
0.0631775
0.06957
0.0626309
0.0665252
0.0641255
0.0656715
0.0721147
0.0727186
0.0697537
0.0753221
0.0868105
0.083575
0.0833715
0.084066
0.0808289
0.0824292
0.0981459
0.0902081
0.0942874
0.102993
0.101278
0.109542
0.133057
0.119987
0.123581
0.123487
0.109075
0.100842
0.0883871
0.077309
0.0603462
0.0658576
0.0550749
0.0693288
0.0555939
0.0644143
0.0564303
0.0575631
0.0606087
0.0593643
0.0655981
0.0592188
0.0635181
0.0705437
0.0687697
0.0743902
0.068629
0.0707324
0.069625
0.079949
0.0814739
0.0888506
0.0932258
0.0929969
0.106664
0.100581
0.110865
0.121118
0.132041
0.13909
0.151995
0.159772
0.173561
0.176142
0.176474
0.174907
0.163224
0.155902
0.137434
0.140587
0.128848
0.108528
0.0940235
0.0890466
0.101087
0.0811521
0.091691
0.0776377
0.0974199
0.0933722
0.0798103
0.0798584
0.0906115
0.0897145
0.0971931
0.0857414
0.0991375
0.103268
0.101223
0.103806
0.118022
0.114372
0.118385
0.118289
0.124153
0.129944
0.132702
0.131824
0.14746
0.147239
0.156867
0.161908
0.172693
0.184739
0.196176
0.200356
0.209857
0.215649
0.205829
0.190075
0.183526
0.171014
0.151221
0.13056
0.124541
0.11057
0.102019
0.111416
0.106379
0.106279
0.108322
0.105336
0.106477
0.09875
0.0930841
0.103766
0.102634
0.0889661
0.0987345
0.0938343
0.0783025
0.0996189
0.0795609
0.0780382
0.0903888
0.0911215
0.0732574
0.0708099
0.0817411
0.0688364
0.0842449
0.0892933
0.0828315
0.0833591
0.0788438
0.0831733
0.0922048
0.0876968
0.0871764
0.094464
0.0833694
0.087842
0.0804682
0.0847372
0.0871457
0.0853822
0.089017
0.0839474
0.0845442
0.0931197
0.0805516
0.0941804
0.090488
0.0946881
0.0857937
0.0816302
0.0789452
0.0876143
0.0861702
0.0833642
0.100744
0.105548
0.0831225
0.0906066
0.0873459
0.0967295
0.076809
0.0823963
0.0811137
0.0786146
0.0743398
0.0734601
0.0824557
0.0809581
0.0832608
0.0903476
0.0873797
0.0921633
0.0983759
0.112231
0.125444
0.125431
0.140555
0.158387
0.139873
0.14751
0.149567
0.146272
0.159143
0.173207
0.169458
0.191033
0.1996
0.195738
0.217327
0.182611
0.190513
0.167102
0.165198
0.160525
0.147441
0.137409
0.126906
0.122147
0.131776
0.126687
0.135907
0.112529
0.145434
0.140433
0.146213
0.16286
0.156254
0.153771
0.16631
0.171552
0.176937
0.181866
0.177204
0.169633
0.176473
0.163559
0.177906
0.173093
0.176361
0.157933
0.132603
0.155413
0.134898
0.157137
0.148569
0.147917
0.138152
0.154299
0.127302
0.112176
0.121692
0.14258
0.1499
0.182179
0.165511
0.180952
0.161459
0.182423
0.171417
0.147569
0.160492
0.194582
0.191132
0.180585
0.188126
0.200006
0.234863
0.207003
0.221713
0.219668
0.231104
0.231044
0.242156
0.24219
0.246742
0.246071
0.257044
0.264886
0.254138
0.267608
0.269389
0.258466
0.278055
0.253056
0.248161
0.253022
0.228024
0.230176
0.228121
0.20186
0.182533
0.189084
0.173319
0.158537
0.160171
0.146361
0.122571
0.12031
0.125221
0.117553
0.103122
0.123761
0.124033
0.119077
0.115266
0.150068
0.160416
0.150663
0.166622
0.13215
0.144632
0.166524
0.183368
0.172732
0.189573
0.242361
0.214538
0.211353
0.179814
0.230922
0.222922
0.239579
0.27042
0.240725
0.232256
0.278449
0.272317
0.273828
0.255622
0.278611
0.281766
0.310082
0.306329
0.335134
0.323084
0.325888
0.326821
0.306557
0.305378
0.309452
0.290444
0.285604
0.280318
0.275894
0.224483
0.218387
0.225748
0.210936
0.210791
0.109693
0.166035
0.125929
0.125632
0.101785
0.107879
0.155639
0.136559
0.0671531
0.105241
0.0920698
0.112796
0.113657
0.120975
0.106769
0.0988894
0.118393
0.132464
0.111435
0.127711
0.0971157
0.154488
0.110274
0.130857
0.127817
0.113942
0.175898
0.123824
0.0780553
0.122424
0.131717
0.10784
0.160069
0.108536
0.150529
0.113885
0.164351
0.150675
0.0981735
0.121264
0.124208
0.187226
0.161452
0.150368
0.184005
0.175242
0.136419
0.115521
0.126886
0.150311
0.135017
0.165915
0.121827
0.164318
0.183581
0.165007
0.189489
0.146174
0.155232
0.158334
0.136115
0.15298
0.131426
0.152697
0.121661
0.170685
0.12513
0.154908
0.10054
0.108004
0.145818
0.167517
0.115856
0.143036
0.106899
0.100042
0.11422
0.0766958
0.0963305
0.156931
0.136413
0.18645
0.125035
0.133584
0.129659
0.0857537
0.128082
0.0922131
0.0542314
0.121509
0.14609
0.0946625
0.0985583
0.128321
0.149996
0.128598
0.143018
0.169776
0.133536
0.0970344
0.185402
0.183706
0.119559
0.155926
0.147237
0.124269
0.179975
0.161484
0.128431
0.164766
0.131575
0.159603
0.180506
0.149646
0.227158
0.164431
0.172554
0.179782
0.149353
0.157403
0.202632
0.177664
0.16958
0.162181
0.225357
0.145013
0.167634
0.168029
0.13562
0.0994643
0.117881
0.0937597
0.0926706
0.105964
0.0740482
0.0748253
0.0687631
0.0577435
