0.145101
0.138807
0.154651
0.153245
0.147937
0.151125
0.163956
0.1632
0.171089
0.168761
0.176578
0.184465
0.181761
0.187058
0.195851
0.191886
0.201258
0.202894
0.200741
0.194422
0.187419
0.197342
0.19026
0.198977
0.204167
0.210903
0.216092
0.223567
0.223992
0.23352
0.232502
0.240774
0.239479
0.240741
0.244604
0.246705
0.247784
0.251244
0.246469
0.238713
0.230439
0.218387
0.228259
0.231774
0.242953
0.250606
0.26279
0.266042
0.269669
0.270836
0.270235
0.254526
0.241415
0.237152
0.237281
0.238426
0.260608
0.283098
0.280074
0.270803
0.255997
0.222449
0.181923
0.171298
0.149081
0.149657
0.143097
0.131719
0.138885
0.131912
0.131763
0.126928
0.128579
0.122506
0.127791
0.122716
0.128115
0.128302
0.132764
0.131808
0.129624
0.125942
0.13258
0.130687
0.138383
0.140574
0.147105
0.150948
0.150581
0.15781
0.163379
0.168837
0.175111
0.180043
0.19245
0.203334
0.209318
0.225609
0.228824
0.238277
0.240596
0.241677
0.233101
0.225765
0.212745
0.194736
0.190135
0.189496
0.192075
0.197964
0.197178
0.200602
0.199846
0.203747
0.20251
0.205803
0.192629
0.190558
0.174782
0.18152
0.181501
0.190057
0.184407
0.189277
0.197523
0.203271
0.20775
0.216854
0.223115
0.224745
0.228121
0.231916
0.23854
0.238156
0.237467
0.239587
0.243591
0.249824
0.239001
0.232066
0.220255
0.207009
0.201508
0.181602
0.202996
0.204586
0.213376
0.210945
0.223843
0.238169
0.231609
0.25049
0.240136
0.258674
0.260688
0.270485
0.272498
0.274639
0.273368
0.270987
0.274947
0.278343
0.279491
0.270852
0.24015
0.21793
0.172504
0.148977
0.141347
0.134166
0.130641
0.120897
0.121264
0.12523
0.1305
0.12935
0.133914
0.141211
0.134861
0.130535
0.145934
0.150904
0.151558
0.144458
0.139905
0.139641
0.140776
0.145735
0.136773
0.146452
0.144975
0.148945
0.150385
0.149284
0.146493
0.154466
0.152784
0.156876
0.146723
0.136924
0.119935
0.111504
0.108369
0.118924
0.122412
0.121877
0.125259
0.128683
0.136263
0.148453
0.148129
0.157844
0.158124
0.167997
0.177047
0.171905
0.181116
0.184552
0.183954
0.191099
0.191918
0.189377
0.185098
0.17361
0.158133
0.143398
0.13612
0.135667
0.142917
0.148608
0.144246
0.151697
0.154442
0.163348
0.169909
0.16822
0.183502
0.189143
0.192044
0.198053
0.203228
0.21005
0.219461
0.222366
0.228679
0.234815
0.236771
0.241744
0.246345
0.247464
0.246221
0.249567
0.248004
0.243504
0.239259
0.219932
0.188501
0.172485
0.144861
0.145877
0.161586
0.157062
0.15428
0.162645
0.154386
0.166987
0.167405
0.16691
0.18158
0.186216
0.186227
0.199076
0.202967
0.208554
0.209303
0.221184
0.231192
0.232387
0.231337
0.2229
0.212974
0.193748
0.187473
0.165928
0.154455
0.144655
0.137107
0.143355
0.135712
0.13559
0.122293
0.132746
0.130287
0.129493
0.14513
0.14314
0.158569
0.140612
0.136158
0.144598
0.141134
0.139099
0.132944
0.136987
0.140118
0.150563
0.139722
0.149591
0.141784
0.147331
0.15018
0.151348
0.144064
0.140641
0.118665
0.114045
0.118976
0.11856
0.109718
0.112879
0.119812
0.0988282
0.109383
0.115726
0.108141
0.120997
0.115059
0.120065
0.115638
0.124945
0.134547
0.139672
0.142589
0.152759
0.15972
0.166699
0.166393
0.164064
0.175017
0.174807
0.179246
0.173256
0.175077
0.168786
0.173898
0.140091
0.130329
0.134892
0.129451
0.123702
0.126918
0.122155
0.114712
0.113179
0.115355
0.136723
0.153083
0.127517
0.134767
0.124516
0.143102
0.150609
0.151279
0.141564
0.148808
0.142006
0.152299
0.172015
0.160504
0.182448
0.184653
0.182742
0.200534
0.202801
0.204396
0.210011
0.202516
0.195863
0.188342
0.166382
0.144647
0.11813
0.105513
0.116408
0.124148
0.10303
0.118053
0.125338
0.112414
0.124006
0.108483
0.135292
0.123567
0.139779
0.116751
0.129742
0.112787
0.111169
0.130477
0.133936
0.132993
0.133005
0.14175
0.141922
0.141651
0.143353
0.151403
0.157677
0.159988
0.177674
0.196758
0.203153
0.206949
0.229257
0.21965
0.221331
0.218113
0.189881
0.175931
0.172779
0.154084
0.157384
0.168854
0.157855
0.171884
0.171987
0.173301
0.178886
0.175481
0.170185
0.169149
0.17349
0.180259
0.184307
0.167985
0.16897
0.154753
0.157836
0.151872
0.15313
0.157153
0.160688
0.146723
0.134518
0.152556
0.135764
0.131472
0.14841
0.127686
0.132799
0.128507
0.130487
0.115101
0.131435
0.130361
0.122688
0.144675
0.148744
0.1426
0.156222
0.144145
0.124516
0.15186
0.15035
0.164669
0.138097
0.149644
0.156443
0.174568
0.181799
0.178825
0.176344
0.179569
0.186473
0.179946
0.185926
0.190154
0.20137
0.220766
0.224195
0.233407
0.237592
0.259895
0.246846
0.234007
0.21748
0.207777
0.198172
0.15262
0.155933
0.148557
0.187871
0.232559
0.286598
0.34628
0.401244
0.438513
0.448474
0.427947
0.341266
0.262851
0.181077
0.15913
0.130401
0.12769
0.1315
0.137683
0.135015
0.130889
0.136654
0.16415
0.130161
0.153751
0.14394
0.159049
0.159682
0.158677
0.167978
0.163326
0.152195
0.156105
0.168653
0.150234
0.14925
0.124409
0.111384
0.100748
0.0926523
0.111621
0.103441
0.104653
0.121261
0.104613
0.10451
0.119113
0.107185
0.0961927
0.116065
0.101133
0.100932
0.115739
0.106108
0.119322
0.135616
0.12347
0.132623
0.130944
0.132932
0.126447
0.120946
0.113489
0.121225
0.127319
0.136541
0.113419
0.136303
0.127217
0.107707
0.111166
0.116008
0.118345
0.112131
0.140197
0.13306
0.141295
0.133852
0.144325
0.137296
0.139349
0.134897
0.130815
0.10881
0.0929106
0.101829
0.106542
0.121201
0.117147
0.122917
0.141872
0.127887
0.14136
0.134269
0.118487
0.14201
0.129597
0.126449
0.130459
0.120046
0.139882
0.123046
0.11036
0.112324
0.128875
0.125818
0.127959
0.129068
0.102439
0.117306
0.0894165
0.0939183
0.111895
0.108381
0.0960148
0.0837893
0.0859868
0.081782
0.0826988
0.0828121
0.0960426
0.0982804
0.0816695
0.0855449
0.079533
0.0867619
0.0786831
0.0727546
0.0926845
0.0933613
0.0805192
0.0789307
0.0676781
0.0839807
0.0721804
0.0765809
0.0707896
0.078239
0.0856081
0.106413
0.0980682
0.106497
0.104539
0.115564
0.106642
0.12225
0.127518
0.108958
0.120741
0.115442
0.101274
0.0887542
0.0776228
0.0848492
0.07112
0.0420388
0.0626769
0.0751657
0.0901685
0.0839719
0.0811173
0.0929861
0.0987214
0.0930895
0.123803
0.0885699
0.10388
0.107884
0.0789484
0.1028
0.0786184
0.106484
0.130089
0.141022
0.108769
0.114962
0.136292
0.110066
0.108703
0.13114
0.107318
0.104702
0.114647
0.0971446
0.114837
0.115346
0.120253
0.0998709
0.104364
0.112767
0.0965456
0.11536
0.115531
0.100742
0.125964
0.101626
0.0991272
0.102907
0.107443
0.117848
0.125691
0.111337
0.0970732
0.0805202
0.0922909
0.100483
0.0870243
0.0954436
0.0769874
0.0722462
0.0835265
0.0751779
0.0610442
0.0720608
0.0510615
0.0550277
0.0447374
0.0586843
0.0472469
0.0497574
0.0546011
0.0598685
0.0541902
0.0527795
0.0406068
0.0448126
0.0433237
0.038072
0.0438404
0.0417006
0.0546648
0.0395175
0.0353912
0.0469334
0.0305946
0.0431128
0.0245309
0.0466285
0.0340901
0.0391013
0.0350825
0.0297597
0.0365632
0.0550648
0.0653035
0.0441891
0.0603695
0.0415019
0.0473435
0.0404563
0.0631491
0.0489208
0.060074
0.0592921
0.0688908
0.0512314
0.0480049
0.0519523
0.0595004
0.0559958
0.0438458
0.0383743
0.0252546
0.0280247
0.0372867
0.0478736
0.0325255
0.0364143
0.0342759
0.0426107
0.037139
0.0515452
0.0360651
0.0307001
0.0449527
0.0472394
0.0325307
0.0394721
0.0282361
0.0323499
0.0287678
0.0272512
0.037065
0.0360697
0.0499067
0.0401337
0.0355799
0.0449601
0.056956
0.0502578
0.0663074
0.0693224
0.0720251
0.0880308
0.0737826
0.0580727
0.0605558
0.0718401
0.0817898
0.0727901
0.0701637
0.102401
0.0904415
0.0856096
0.0732561
0.0996737
0.089266
0.0920914
0.101827
0.0811635
0.0925717
0.116015
0.0901125
0.104652
0.113099
0.10542
0.133928
0.115902
0.130101
0.142142
0.152333
0.149561
0.147452
0.132894
0.104334
0.0987989
0.105756
0.0789094
0.0995416
0.110186
0.102279
0.0888027
0.126265
0.090077
0.0991165
0.0926495
0.1023
0.134541
0.0997645
0.100128
0.10952
0.123657
0.105154
0.102381
0.109973
0.117291
0.103749
0.133978
0.122771
0.136387
0.129134
0.121759
0.134378
0.126597
0.133734
0.110832
0.114819
0.103433
0.092717
0.0859323
0.102
0.0714938
0.0720055
0.0647296
0.0626555
0.0508554
0.0525193
0.0291829
0.0427673
0.0336237
0.0167544
0.0164669
0.0163514
0.00541226
0.00852333
0.0158387
0.0206747
0.0166632
0.019747
0.0126317
0.0133464
0.0136967
0.0218843
0.0166105
0.0196965
0.0200009
0.0229609
0.0246947
0.0166818
0.0152054
0.0139208
0.0113374
0.0132996
0.00497157
0.0135491
0.00624497
0.0117098
0.0151777
0.0128191
0.00986209
0.00920295
0
0.0122819
0.011329
0.00649722
0.00819005
0.00541009
0.0161731
0.0136252
0.0132543
0.0139147
0.0150646
0.0157159
0.0168444
0.0104886
0.00701943
0.00921014
0.0232872
0.0159871
0.00930915
0.0118972
0.017146
0.0150137
0.0139718
0.0164268
0.0103785
0.0177266
0.0115089
0.0180663
0.021476
0.021627
0.026598
0.0178531
0.0224987
0.0126842
0.0174219
0.0235696
0.0157175
0.0206942
0.0288826
0.0305497
0.0252879
0.0210009
0.0209674
0.0219704
0.0225977
0.0246061
0.0198348
0.0230568
0.0244343
0.0205325
0.0314
0.0247712
0.0184341
0.0224487
0.0130545
0.0258084
0.0264294
0.0181899
0.0202811
0.0208243
0.0176302
0.0172337
0.0207349
0.0264231
0.024946
0.0179313
0.0195197
0.0144587
0.0222594
0.0215692
0.0264249
0.0269071
0.0245353
0.0282203
0.03143
0.0246562
0.0419427
0.0294057
0.0360264
0.0360996
0.0391135
0.0319423
0.0373469
0.0372081
0.037187
0.0474215
0.040408
0.0434053
0.0510244
0.0455593
0.0392193
0.0460773
0.0387011
0.052009
0.0538072
0.0588971
0.0620271
0.0597385
0.0600489
0.0566642
0.0727571
0.0589446
0.0559224
0.0650493
0.0604902
0.0669576
0.0639827
0.0628846
0.071231
0.0642057
0.059042
0.0630494
0.0728348
0.065796
0.0684684
0.0614429
0.0673499
0.0749857
0.0651685
0.0759165
0.0839481
0.094914
0.0745176
0.0735482
0.0644787
0.0533524
0.0606613
0.0580181
0.0548139
0.0502142
0.0638048
0.0664437
0.0540029
0.0638957
0.0699763
0.0591072
0.0542478
0.0574224
0.0514392
0.0498228
0.0575563
0.0576957
0.0459783
0.0576225
0.0612163
0.0531847
0.0617976
0.0485236
0.0489434
0.0513345
0.0413658
0.0374641
0.0434069
0.0258014
0.0440117
0.0382954
0.0371112
0.0443784
0.0396281
0.0497977
0.0320036
0.0422181
0.0259638
0.0309771
0.0445243
0.0360393
0.0360427
0.0343767
0.0309064
0.0410355
0.0257068
0.0322044
0.0164737
0.0316257
0.02501
0.0302119
0.0262119
0.0242406
0.0258856
0.0173169
0.0147127
0.010723
0.0182377
0.0160295
0.0176767
0.0195605
0.0107209
0.0189382
0.00970992
0.00904657
0.00666509
0.00985399
0.00825853
0.0117194
0.00971931
0.0169195
0.0247912
0.0105226
0.0173932
0.0238513
0.0209497
0.0302499
0.0319772
0.0315205
0.0133222
0.0239936
0.0174467
0.0156088
0.0378572
0.0256104
0.0158017
0.0254642
0.0166068
0.0222772
0.0128941
0.0215278
0.013129
0.0121168
0.011614
0.0209632
0.0095753
0.00974987
0.00955116
0.00853063
0.0185862
0.0064271
0.00619535
0.00915215
0.0123857
0.0081278
0.0117509
0.0140049
0.0103714
0.0119286
0.00685042
0.0112786
0.0190055
0.00550347
0.00478133
0.00447382
0.00796745
0.0145926
0.00764504
0.0131664
0.0130489
0.00856755
0.0127994
0.0137351
0.019195
0.00704629
0.0146441
0.0125695
0.0114347
0.0127044
0.0169176
0.00923873
0.0111384
0.0149444
0.0262693
0.0183398
0.0297246
0.0224305
0.0179006
0.0217024
0.00814696
0.0220877
0.0245884
0.0170908
0.0102931
0.0160287
0.00873437
0.0106802
0.0172015
0.0111697
0.0133405
0.0129295
0.0187517
0.0114294
0.0115258
0.0206233
0.0144375
0.00845307
0.00707711
0.0134411
0.0169315
0.0131761
0.0194642
0.0111753
0.0179895
0.0194758
0.022534
0.0272185
0.031846
0.0306898
0.0322597
0.0234575
0.0310755
0.0302474
0.032528
0.0284379
0.0320931
0.0319955
0.0369743
0.0256868
0.0268188
0.0299632
0.0261613
0.0284654
0.0283043
0.0215585
0.0265848
0.0356591
0.0330043
0.0322964
0.0287605
0.035299
0.0324463
0.0246107
0.0355689
0.0427245
0.0465986
0.0433541
0.052058
0.0666427
0.0947905
0.153728
0.331362
0.524346
0.631264
0.645783
0.623153
0.522756
0.326622
0.156043
0.0828203
0.0646719
0.051776
0.0514096
0.0551182
0.0452372
0.047937
0.0439521
0.0444455
0.0471744
0.0461874
0.0410008
0.0490077
0.0447915
0.0401256
0.0412431
0.0412754
0.0426856
0.0413404
0.043578
0.0377943
0.0433791
0.0392618
0.0483325
0.0412882
0.039403
0.0321165
0.0349742
0.0343364
0.0445117
0.0427703
0.0405954
0.0377088
0.0368314
0.0375189
0.0364977
0.0392613
0.0454131
0.0402435
0.0421246
0.0397233
0.0477591
0.0485969
0.0442176
0.0430037
0.0412586
0.0483158
0.0516465
0.0491716
0.0474715
0.0432228
0.0465988
0.0452746
0.0405544
0.0438047
0.0428902
0.0419005
0.045867
0.0382931
0.0394763
0.0512852
0.0368886
0.0409288
0.0358132
0.036352
0.0361589
0.0429137
0.0296348
0.0330076
0.0420214
0.0379448
0.0318781
0.0393544
0.0458693
0.0391105
0.0426033
0.0330448
0.0400099
0.0372712
0.0374957
0.0340994
0.0368852
0.0442733
0.033484
0.0430835
0.0504286
0.0414665
0.0413776
0.0455977
0.0405404
0.0486191
0.0488289
0.0398831
0.0417973
0.0475167
0.0576189
0.0336547
0.0460582
0.0430438
0.0394475
0.0401372
0.0345046
0.0441931
0.0428765
0.0657272
0.0650151
0.0382365
0.0576947
0.0594017
0.0549933
0.0563858
0.0574821
0.0521709
0.0535191
0.0467615
0.0551951
0.0588609
0.0580108
0.0557776
0.0471972
0.0495189
0.0533074
0.050734
0.0572882
0.0519407
0.0468484
0.0462222
0.0434136
0.0572396
0.0561933
0.0443536
0.0570917
0.0355668
0.0405159
0.0641041
0.0630313
0.042685
0.0320968
0.0683953
0.0415886
0.0465182
0.027881
0.0387976
0.0644237
0.0629144
0.05198
0.0338705
0.0653542
0.067231
0.0645509
0.0545222
0.0619365
0.0417585
0.0844782
0.0602244
0.0763079
0.0397749
0.0594988
0.072632
0.0803075
0.0359679
0.05971
0.0587132
0.0972614
0.0821978
0.0847105
0.0768372
0.0776392
0.0959118
0.0907534
0.0952858
0.0828518
0.107181
0.0615629
0.0572386
0.0599567
0.083476
0.0946786
0.0426357
0.0795892
0.0531814
0.0649439
0.0566499
0.0565249
0.0786169
0.0620621
0.0818266
0.0588726
0.0664556
0.0532164
0.0715249
0.0696545
0.0528806
0.0450367
0.0728081
0.0603626
0.0365927
0.0413285
0.0668121
0.0729695
0.046471
0.0746952
0.0651004
0.0965394
0.0701109
0.0634019
0.0384378
0.0761914
0.0461501
0.064435
0.0336992
0.0575899
0.0697607
0.107128
0.078906
0.0984633
0.0856942
0.0853542
0.0538949
0.0477766
0.0308278
0.0603412
0.0306572
0.0482343
0.0456081
0.0488316
0.0472175
0.0625581
0.0233191
0.0269069
0.0540939
0.0552945
0.0366224
0.0476939
0.0572578
0.06347
0.0663346
0.0610539
0.0793237
0.0696711
0.0981723
0.0852448
0.0823925
0.102965
0.118218
0.111345
0.128975
0.129592
0.144597
0.166059
0.180483
0.155192
0.164583
0.129272
0.0863884
0.0583465
0.0472627
0.0381582
0.0476018
0.0392326
0.0123498
0.0573513
0.025431
0.0468382
0.0538871
0.0488488
0.0365337
0.0362678
0.0435872
0.0369431
0.0414742
0.0477424
0.0383878
0.0350963
0.0317008
0.0458264
0.0443087
0.0354082
0.0371752
0.0299654
0.0380704
0.0401097
0.0448436
0.0383633
0.039743
0.0352999
0.0376575
0.042937
0.0418608
0.0457883
0.0395386
0.0383211
0.0490954
0.0350259
0.0416987
0.0391317
0.0427514
0.0481851
0.0312247
0.0490951
0.046928
0.0361211
0.0429782
0.0431362
0.0396599
0.0444684
0.0467366
0.0485033
0.050561
0.0336909
0.0367224
0.0462023
0.0307644
0.0237961
0.0220376
0.0316541
0.0300281
0.0361727
0.0339421
0.0460147
0.0389498
0.0383917
0.0319155
0.0365241
0.0287771
0.0448274
0.0412334
0.043518
0.0463412
0.0392204
0.0393919
0.0448532
0.0419107
0.0503868
0.0417679
0.043651
0.0391473
0.041114
0.0364678
0.0414621
0.0361983
0.0413879
0.0412853
0.0430447
0.0418197
0.0325382
0.0375208
0.0431446
0.0484081
0.041884
0.0449498
0.0547036
0.0508621
0.0554005
0.0537761
0.0540779
0.0532304
0.0558129
0.0725621
0.0555422
0.0602079
0.0753931
0.0784555
0.0779222
0.0948848
0.0863017
0.0912154
0.0877232
0.0755998
0.0674253
0.0587528
0.0470341
0.0435444
0.0417433
0.037781
0.0436647
0.0390246
0.0394391
0.0347461
0.034457
0.0328603
0.0414752
0.039291
0.033662
0.0397195
0.0408046
0.0358664
0.0507596
0.0444769
0.0439281
0.0373453
0.0427053
0.0503864
0.0525553
0.0581391
0.0592312
0.0682488
0.0675988
0.0716895
0.0761575
0.0916811
0.0920947
0.0993073
0.106681
0.113659
0.119306
0.121861
0.120483
0.105069
0.111447
0.0970243
0.0937131
0.079826
0.0757227
0.0677551
0.0537518
0.0508005
0.0476851
0.0592042
0.0502178
0.0645964
0.0577608
0.0527017
0.0515152
0.0550047
0.0565616
0.0516245
0.056164
0.0601038
0.0713695
0.0662949
0.0724559
0.0808655
0.0693925
0.0698785
0.0719936
0.0781571
0.0874865
0.0831052
0.0796463
0.0943918
0.100184
0.0958292
0.10198
0.107556
0.115573
0.12511
0.128435
0.135909
0.13171
0.13379
0.125212
0.114229
0.104318
0.095233
0.0798193
0.0756009
0.0656216
0.0678037
0.0692475
0.0597887
0.0703745
0.0592309
0.0597808
0.0709873
0.0606971
0.058935
0.0630318
0.0622498
0.0487628
0.0622095
0.0492602
0.0509506
0.0497922
0.0463663
0.0390673
0.0513869
0.0507066
0.0354952
0.0449683
0.043839
0.0348126
0.0463387
0.0580419
0.0425277
0.0441586
0.0520813
0.048574
0.0556846
0.058815
0.0582155
0.0588855
0.0475444
0.0564663
0.0412137
0.0534541
0.0582929
0.0524731
0.0526059
0.0547378
0.052528
0.0578773
0.043163
0.063778
0.0465423
0.040083
0.0478715
0.0483406
0.0454585
0.0493887
0.0550808
0.0540426
0.0619516
0.0589508
0.0441786
0.0619672
0.056092
0.0552458
0.058849
0.0685786
0.0650648
0.0705179
0.0713754
0.0674286
0.0673999
0.0719682
0.0720971
0.0790504
0.079598
0.0739983
0.0685367
0.0790566
0.0910144
0.0877419
0.0961902
0.0913778
0.0893963
0.0820452
0.100349
0.0919913
0.0878492
0.119289
0.0990057
0.129059
0.126486
0.113091
0.130009
0.121761
0.110795
0.0977983
0.0913645
0.078448
0.0841425
0.0816179
0.0883732
0.0794304
0.0801764
0.0755221
0.0850485
0.0953678
0.102489
0.0941697
0.0966396
0.110912
0.110161
0.116818
0.12517
0.125946
0.13037
0.129775
0.122217
0.123363
0.123646
0.106752
0.113935
0.120853
0.128287
0.104938
0.0967952
0.0977524
0.0862936
0.123281
0.110254
0.0579763
0.0742936
0.0763139
0.0690077
0.0617005
0.0558306
0.100942
0.104786
0.0862315
0.0862186
0.0980367
0.0788225
0.10893
0.0869692
0.100794
0.126679
0.123971
0.118044
0.131519
0.138227
0.119177
0.137589
0.140292
0.16407
0.121852
0.150218
0.130885
0.172486
0.162291
0.169019
0.143679
0.17139
0.178235
0.156756
0.188585
0.180582
0.178241
0.191004
0.174582
0.174923
0.169496
0.159281
0.154019
0.154659
0.144633
0.115865
0.114919
0.097602
0.0991406
0.0885687
0.0822628
0.0793603
0.0617726
0.093357
0.0924583
0.0530819
0.0513742
0.0738835
0.0664564
0.0557743
0.0748367
0.110863
0.0813051
0.099116
0.0918259
0.0908907
0.112808
0.104053
0.0973567
0.129121
0.156593
0.132359
0.131029
0.142532
0.132443
0.147639
0.14069
0.164166
0.16773
0.165579
0.167348
0.171946
0.161984
0.173438
0.200694
0.187237
0.180237
0.210574
0.224681
0.202606
0.21204
0.201372
0.183245
0.22529
0.217072
0.175951
0.182398
0.191685
0.193549
0.162894
0.118425
0.127045
0.151195
0.134623
0.0574578
0.100615
0.0844255
0.0826607
0.0659744
0.0474027
0.112085
0.057697
0.063188
0.0647222
0.102629
0.0497251
0.0822687
0.0949511
0.0634579
0.0628292
0.0650465
0.0741221
0.0887433
0.0846722
0.071993
0.0726959
0.0761915
0.0875855
0.117602
0.0598801
0.0924227
0.0504556
0.0760046
0.0697362
0.0606476
0.0545081
0.0769896
0.085219
0.101211
0.0548904
0.0904058
0.123585
0.0858181
0.0745902
0.0434574
0.115237
0.075224
0.0998635
0.121013
0.12029
0.0791157
0.111087
0.096011
0.119617
0.121875
0.105632
0.0801804
0.0921056
0.101657
0.111977
0.122685
0.120501
0.142077
0.114536
0.107374
0.106246
0.0883288
0.0874236
0.0789663
0.103291
0.056652
0.120838
0.0726697
0.106172
0.109834
0.0687025
0.0542558
0.0908321
0.0850342
0.0418728
0.0779821
0.0090948
0.0773056
0.0745639
0.107146
0.126709
0.0464003
0.0949109
0.0905971
0.0242342
0.033237
0.0369169
0.0319528
0.102468
0.0664834
0.0294614
0.104919
0.076754
0.0599596
0.0470763
0.114618
0.133725
0.0834016
0.0619658
0.0966896
0.108506
0.0768799
0.122286
0.11357
0.0911322
0.106645
0.145406
0.0683479
0.143881
0.115943
0.0921284
0.0793551
0.102727
0.157435
0.133532
0.0968062
0.124426
0.100437
0.0889448
0.106763
0.096915
0.0931828
0.109682
0.0756245
0.0896818
0.104
0.114638
0.1096
0.052636
0.0745797
0.0906381
0.0751303
0.0771765
0.0527705
0.0743569
0.0674792
0.0434388
