0.183277
0.187151
0.196905
0.197187
0.191742
0.198701
0.202819
0.206141
0.217733
0.228014
0.234065
0.239353
0.236502
0.24887
0.256655
0.254308
0.268268
0.266453
0.263893
0.261857
0.258088
0.262757
0.265447
0.272397
0.283189
0.295224
0.297089
0.307301
0.31178
0.322273
0.324749
0.332617
0.33428
0.339186
0.344716
0.350457
0.35228
0.356183
0.347713
0.349196
0.33492
0.321745
0.329664
0.339298
0.354022
0.36714
0.379802
0.387013
0.389734
0.394619
0.387405
0.349027
0.325611
0.320214
0.320689
0.322826
0.354178
0.414415
0.417121
0.410559
0.37891
0.322713
0.270863
0.236307
0.214259
0.208297
0.188035
0.180855
0.178304
0.168132
0.168407
0.161003
0.153885
0.151983
0.15337
0.150983
0.155043
0.150056
0.163084
0.162289
0.169516
0.172741
0.176407
0.177141
0.178743
0.178678
0.180879
0.192339
0.196931
0.203471
0.212359
0.217362
0.22929
0.24386
0.265295
0.287491
0.313796
0.336396
0.347906
0.362213
0.366897
0.363307
0.354379
0.331211
0.300316
0.26723
0.252089
0.246212
0.252363
0.257812
0.259794
0.266789
0.269178
0.271466
0.272846
0.277087
0.260745
0.258449
0.245687
0.25603
0.257993
0.260855
0.268017
0.261929
0.279142
0.288577
0.291913
0.305407
0.309459
0.316889
0.31782
0.324876
0.328668
0.324618
0.323143
0.326133
0.344493
0.352955
0.351369
0.336258
0.310549
0.29357
0.286999
0.27564
0.291728
0.287905
0.298974
0.308593
0.324418
0.347258
0.345347
0.36352
0.365522
0.37917
0.385092
0.394779
0.394536
0.40064
0.399087
0.398625
0.40567
0.406003
0.408839
0.394586
0.357357
0.300907
0.232988
0.185107
0.16383
0.159342
0.14417
0.141103
0.138217
0.134726
0.14826
0.151583
0.15241
0.161372
0.162913
0.175639
0.183772
0.206227
0.193457
0.20419
0.193753
0.183641
0.184199
0.181497
0.168492
0.181968
0.171396
0.173091
0.18003
0.176781
0.178751
0.191608
0.186714
0.187263
0.186104
0.176691
0.162666
0.159842
0.148413
0.159705
0.154269
0.161743
0.165343
0.175838
0.174175
0.19155
0.197929
0.205951
0.20948
0.216017
0.22481
0.221746
0.230647
0.23666
0.244119
0.246702
0.256645
0.253129
0.245999
0.235948
0.222325
0.205739
0.196605
0.198813
0.203793
0.204341
0.20801
0.215172
0.217333
0.231093
0.238858
0.243067
0.259407
0.272385
0.278981
0.284889
0.29421
0.300639
0.315528
0.322167
0.326794
0.33694
0.337998
0.343438
0.355566
0.359317
0.364472
0.376049
0.377648
0.373995
0.370638
0.341725
0.288993
0.250121
0.227828
0.221027
0.22208
0.213801
0.219356
0.237566
0.230958
0.246467
0.243782
0.252992
0.266135
0.271735
0.278441
0.288268
0.294239
0.301286
0.315197
0.306327
0.32528
0.325532
0.323533
0.316642
0.303649
0.272858
0.244548
0.207308
0.187793
0.169936
0.170303
0.183098
0.182766
0.18841
0.186419
0.215001
0.200335
0.207552
0.200207
0.215876
0.226199
0.214461
0.201264
0.19342
0.19147
0.186712
0.178113
0.170683
0.173423
0.175571
0.179454
0.180212
0.182214
0.186771
0.18821
0.190209
0.187592
0.190511
0.165639
0.170549
0.167992
0.179933
0.161109
0.164213
0.174202
0.149505
0.164695
0.152628
0.154093
0.17055
0.162703
0.168404
0.162741
0.16867
0.179627
0.189674
0.200027
0.202305
0.210333
0.217523
0.220079
0.225418
0.226152
0.231426
0.23425
0.246027
0.246201
0.232997
0.242959
0.223243
0.228341
0.205603
0.200775
0.195611
0.188808
0.181222
0.169292
0.181415
0.177789
0.195633
0.200665
0.19834
0.18773
0.18447
0.19459
0.204036
0.210538
0.206649
0.205861
0.220758
0.216388
0.238031
0.234563
0.257591
0.258087
0.270092
0.292386
0.285095
0.299038
0.302836
0.287632
0.280677
0.265718
0.248592
0.207423
0.170345
0.167349
0.169337
0.162809
0.16281
0.160487
0.176178
0.162955
0.174341
0.177937
0.181315
0.189267
0.186791
0.174083
0.16749
0.156479
0.165621
0.168513
0.178762
0.163392
0.168222
0.175234
0.180636
0.179383
0.183928
0.189508
0.204133
0.222819
0.244765
0.269677
0.301277
0.311729
0.336256
0.333801
0.320355
0.31705
0.29268
0.274672
0.264425
0.25151
0.245283
0.262215
0.2535
0.258601
0.247748
0.261498
0.255826
0.261317
0.260517
0.25349
0.24568
0.259822
0.249631
0.237033
0.230045
0.209717
0.198576
0.202888
0.198386
0.211068
0.21954
0.224666
0.212773
0.225947
0.202356
0.214921
0.218422
0.187763
0.196511
0.205783
0.203146
0.202064
0.20909
0.21159
0.188901
0.225212
0.213572
0.225854
0.218594
0.210178
0.204443
0.212929
0.216216
0.230698
0.208448
0.23148
0.228255
0.237284
0.257354
0.248161
0.254212
0.246794
0.257431
0.255633
0.268614
0.28857
0.29526
0.326726
0.345357
0.38593
0.402522
0.412652
0.421568
0.379163
0.379485
0.32904
0.306374
0.238
0.217985
0.221952
0.256355
0.309167
0.354435
0.447492
0.498553
0.543049
0.551699
0.526143
0.432583
0.358453
0.242494
0.227554
0.197898
0.199406
0.197402
0.188484
0.196982
0.197401
0.202205
0.228658
0.199455
0.218665
0.225148
0.225382
0.228397
0.236091
0.235678
0.234787
0.234097
0.23548
0.239543
0.216076
0.221424
0.191749
0.176222
0.162147
0.156373
0.166575
0.153943
0.15991
0.162197
0.152929
0.154116
0.136578
0.14062
0.131898
0.140313
0.130006
0.133044
0.140186
0.143627
0.15739
0.16171
0.151225
0.163501
0.173737
0.184609
0.19065
0.184383
0.154867
0.185934
0.172736
0.195018
0.193252
0.185256
0.184065
0.172835
0.172171
0.174919
0.169252
0.169076
0.195774
0.186531
0.184168
0.197126
0.216506
0.19678
0.20982
0.195593
0.201704
0.184462
0.167221
0.174114
0.159373
0.168533
0.167675
0.184658
0.193358
0.169082
0.184147
0.181449
0.170739
0.19401
0.19074
0.182621
0.183788
0.197891
0.19942
0.189912
0.169307
0.174809
0.186137
0.185328
0.162349
0.161806
0.153989
0.165941
0.145628
0.15385
0.146215
0.13446
0.136825
0.136268
0.123467
0.121526
0.134657
0.125522
0.156367
0.139525
0.11808
0.140546
0.132897
0.128327
0.123106
0.133642
0.141401
0.136025
0.118217
0.119471
0.107316
0.119993
0.0913327
0.101005
0.111454
0.120937
0.118231
0.149938
0.135286
0.146018
0.150677
0.168979
0.177803
0.179851
0.199069
0.189929
0.196167
0.178954
0.154396
0.132756
0.110128
0.11819
0.0819378
0.0825555
0.0907055
0.0978366
0.119672
0.1151
0.152152
0.170001
0.128903
0.147161
0.147854
0.165199
0.170806
0.161506
0.133976
0.148353
0.14035
0.171377
0.169888
0.183048
0.187094
0.160494
0.185966
0.184617
0.181485
0.168501
0.176941
0.17601
0.161412
0.162009
0.177023
0.161986
0.17394
0.172138
0.158697
0.160323
0.164702
0.154123
0.168681
0.153936
0.177922
0.16405
0.164343
0.170815
0.167135
0.169881
0.156355
0.141611
0.134742
0.134205
0.137703
0.131311
0.12946
0.141935
0.110071
0.110394
0.10594
0.0928397
0.0905315
0.0933539
0.0875774
0.0921898
0.0846179
0.0835998
0.0723288
0.0692927
0.0622713
0.0695179
0.0531026
0.0666314
0.0573573
0.0633322
0.07028
0.0597421
0.0640346
0.0603081
0.061044
0.0567149
0.0578218
0.0558325
0.053288
0.0477079
0.0518128
0.0455981
0.0528567
0.0579534
0.0656141
0.0570342
0.062758
0.069625
0.0845954
0.0676318
0.0810098
0.0592237
0.0726798
0.0613501
0.0702552
0.0705571
0.0764211
0.0938881
0.0941152
0.071961
0.0702471
0.0729442
0.087515
0.0627671
0.0597927
0.0620985
0.0478121
0.0446517
0.0521475
0.0486631
0.0454452
0.0396721
0.0475837
0.0471772
0.0499051
0.0564226
0.0518265
0.0625818
0.0523863
0.0567483
0.0608088
0.0685492
0.0521422
0.0581056
0.0549585
0.0291059
0.0637572
0.0403435
0.0537708
0.0536946
0.0659633
0.0619743
0.0832566
0.0709933
0.0812867
0.0982424
0.108886
0.135845
0.129547
0.100851
0.105947
0.129155
0.116879
0.129476
0.125438
0.13794
0.135985
0.147611
0.123194
0.136258
0.138809
0.138028
0.145821
0.153225
0.15493
0.176956
0.168941
0.18669
0.184749
0.176398
0.208545
0.218248
0.217318
0.226406
0.245134
0.256152
0.221605
0.215812
0.172408
0.149844
0.170967
0.132761
0.130951
0.166656
0.18099
0.140684
0.172378
0.129309
0.142659
0.135889
0.1607
0.203804
0.16136
0.17919
0.19352
0.186513
0.160876
0.169725
0.176486
0.176274
0.199144
0.200701
0.202227
0.214497
0.21388
0.229405
0.227703
0.215096
0.214155
0.185598
0.178301
0.160918
0.155487
0.144755
0.135709
0.119537
0.105865
0.080492
0.0949805
0.0800969
0.0477548
0.0467704
0.0428539
0.0384335
0.0241305
0.0259184
0.0108508
0.0168077
0.0127693
0.00993262
0.015107
0.0132555
0.016142
0.0124049
0.0153107
0.0122519
0.0169409
0.0179389
0.0250828
0.0224415
0.0249895
0.031306
0.0257244
0.0167435
0.0196076
0.00921388
0.00810671
0.00267651
0.00292662
0.00274063
0.00865257
0.00763607
0.0058049
0.00821638
0.00327806
0.000924501
0.00227052
0.00461609
0
0.00594156
0.00935658
0.0127304
0.019788
0.0248953
0.0148178
0.0180416
0.015858
0.0191334
0.0119328
0.00921999
0.010237
0.0153236
0.0140393
0.0115225
0.020068
0.0145354
0.0162032
0.0189191
0.0149184
0.00803355
0.0184463
0.017648
0.0291338
0.0322716
0.0268757
0.0303484
0.018309
0.0245566
0.0173668
0.0230993
0.0233034
0.0176331
0.0249445
0.0265805
0.0330138
0.0314099
0.0298109
0.0237513
0.0256619
0.0289767
0.0273923
0.0286863
0.02834
0.0347157
0.0312525
0.0413192
0.0375444
0.0340495
0.0338609
0.0244704
0.0326041
0.0349125
0.0291106
0.0326424
0.0246563
0.0268313
0.0290064
0.0330724
0.0290516
0.0325761
0.0260647
0.0285592
0.0214397
0.0318434
0.0289181
0.0405723
0.0431284
0.0382718
0.0463937
0.0440737
0.0575249
0.0612033
0.0526861
0.0615457
0.060735
0.0560033
0.0575377
0.0635294
0.0561341
0.0649655
0.0671495
0.071023
0.067557
0.0677027
0.0626276
0.0693948
0.0710558
0.0703736
0.0847315
0.0847535
0.0930411
0.0952444
0.105419
0.107047
0.0888933
0.103938
0.110758
0.0992335
0.113052
0.115846
0.112844
0.10842
0.111202
0.113946
0.105576
0.102868
0.108623
0.116792
0.113457
0.110611
0.102683
0.105438
0.114914
0.116539
0.123455
0.138872
0.143971
0.126911
0.123955
0.102176
0.0927301
0.0966614
0.100399
0.0897316
0.0982848
0.0867812
0.101436
0.0970563
0.0990133
0.103395
0.0877844
0.086507
0.0823723
0.0910805
0.0954141
0.0999774
0.0906604
0.0863524
0.0955205
0.0990335
0.0882188
0.0817487
0.085321
0.0830331
0.071134
0.0585705
0.0683209
0.0644836
0.0587086
0.0530404
0.0530361
0.0529343
0.0512835
0.0470321
0.0612124
0.0414006
0.0485012
0.0444876
0.0473601
0.0514008
0.0398361
0.0597615
0.047636
0.0474909
0.0446361
0.0502458
0.0628671
0.0393658
0.0559291
0.040241
0.0390088
0.0306169
0.0238806
0.0295456
0.0288307
0.00999666
0.0242101
0.0215136
0.0115776
0.0170129
0.0283365
0.0158718
0.0212924
0.0121279
0.0129614
0.020666
0.0134063
0.0200291
0.0133689
0.007798
0.0216913
0.0284409
0.0295359
0.0387015
0.0278832
0.0320138
0.0556261
0.046232
0.0385242
0.0445089
0.0451772
0.0326005
0.0267955
0.0382164
0.0316834
0.0276276
0.0316667
0.0202433
0.026291
0.0186523
0.0129162
0.0237599
0.0155721
0.0186812
0.0196189
0.0172515
0.00333482
0.00885235
0.00619581
0.0165249
0.0130766
0.0163364
0.0180931
0.0203081
0.0290744
0.0229252
0.0218773
0.00803347
0.0151918
0.0193576
0.0234763
0.0106808
0.0104523
0.0184743
0.00763128
0.0144105
0.0184746
0.0118833
0.0168961
0.0119875
0.0111715
0.0171479
0.0114737
0.0163842
0.0133876
0.0200365
0.00881142
0.0121748
0.0173539
0.0232204
0.0186804
0.0224422
0.0266404
0.031051
0.0371189
0.0384709
0.0303639
0.0316688
0.0316167
0.0249089
0.0289941
0.0362214
0.0232643
0.0206769
0.0257394
0.0175209
0.0165273
0.0194293
0.0181389
0.0220226
0.0183986
0.0221282
0.0136693
0.0200129
0.0236157
0.0173214
0.0168953
0.0160113
0.0201182
0.0227442
0.0248557
0.0239562
0.0251493
0.0332647
0.0319904
0.0257198
0.0461764
0.0433533
0.0502185
0.038624
0.0451913
0.0539536
0.0493248
0.0459406
0.0419533
0.0379854
0.0479101
0.0469063
0.0394204
0.0393742
0.0378922
0.0396422
0.0440531
0.0433578
0.0384381
0.0488417
0.0474004
0.0535589
0.0488577
0.0474862
0.0504619
0.0473065
0.0470614
0.0522277
0.0606872
0.0625033
0.0627034
0.0714614
0.0879095
0.125173
0.185516
0.407607
0.63301
0.745267
0.766896
0.745835
0.625861
0.396665
0.19455
0.113704
0.0955223
0.0815284
0.0765825
0.0784486
0.0713376
0.0768192
0.0663567
0.0701519
0.0752608
0.0706796
0.065164
0.0759243
0.0682456
0.0691067
0.0721701
0.0716492
0.0646095
0.0727817
0.0634194
0.0596928
0.0711386
0.0633284
0.0689805
0.0577548
0.0596326
0.0584384
0.0592592
0.0528333
0.0563657
0.0614516
0.0592535
0.05474
0.0568872
0.0571094
0.0524328
0.0575555
0.058311
0.0612494
0.0611773
0.0670441
0.0649381
0.0654052
0.0724754
0.0653699
0.0687208
0.0666018
0.0723938
0.0655961
0.0715711
0.0688548
0.072082
0.0624684
0.0662167
0.0629925
0.0610083
0.0702028
0.0730912
0.0654996
0.0724037
0.0723162
0.0619862
0.0539706
0.0651467
0.0670005
0.0562264
0.0640916
0.0554718
0.058692
0.0602535
0.0549829
0.0535432
0.0562507
0.0573645
0.066583
0.0570556
0.0608518
0.0643117
0.0579797
0.0585977
0.0614671
0.0611247
0.0655067
0.065783
0.0637445
0.0692549
0.0624567
0.0639073
0.0730011
0.0613417
0.0690391
0.0716678
0.0618936
0.0624759
0.0653813
0.0798074
0.0736781
0.0616535
0.0727596
0.0760985
0.0677682
0.0716506
0.0680512
0.073786
0.0935527
0.0726297
0.0774779
0.0987539
0.0888471
0.0760171
0.0860819
0.0927186
0.100946
0.0860332
0.0821779
0.0875047
0.0948345
0.0930947
0.0861809
0.0885751
0.0952114
0.0879792
0.0796212
0.0861297
0.0866985
0.079997
0.0862697
0.0814187
0.0865304
0.094789
0.0870359
0.08523
0.0913732
0.085272
0.0947458
0.0992732
0.0878859
0.0982872
0.0785636
0.0903339
0.0807329
0.0969715
0.0801637
0.0952577
0.102673
0.0758585
0.0798683
0.0942897
0.116813
0.0993414
0.100063
0.113779
0.112575
0.111934
0.10916
0.100959
0.100473
0.107458
0.109391
0.110885
0.123611
0.116055
0.125786
0.115869
0.151534
0.125415
0.155834
0.143801
0.149798
0.147282
0.146497
0.131075
0.119335
0.144143
0.117175
0.119445
0.106013
0.141969
0.108966
0.136012
0.132302
0.108521
0.111811
0.103381
0.113973
0.0946598
0.131439
0.117812
0.107589
0.104038
0.0917143
0.106516
0.0950123
0.0784732
0.101986
0.102133
0.0886065
0.103841
0.0973816
0.110107
0.105341
0.116822
0.0868666
0.105547
0.0956325
0.112007
0.0819471
0.108835
0.095259
0.0983541
0.0751906
0.113745
0.11852
0.142226
0.136233
0.153785
0.120626
0.120333
0.0921373
0.0787074
0.0613803
0.0810804
0.0582304
0.0742863
0.0775416
0.0786203
0.0854572
0.0626727
0.0742027
0.0656675
0.0849551
0.0980644
0.0735451
0.0845461
0.0896821
0.0968734
0.0950035
0.0891247
0.119289
0.117117
0.130508
0.131155
0.134637
0.153101
0.180421
0.16885
0.18956
0.201525
0.229336
0.244945
0.258838
0.247978
0.249131
0.196144
0.134173
0.0824819
0.0767612
0.0849983
0.0637935
0.0704172
0.0485569
0.0834618
0.0573384
0.0648468
0.0739701
0.0697142
0.0826834
0.0682678
0.0813698
0.06839
0.0515678
0.0695352
0.0696648
0.0799051
0.0675774
0.0833103
0.0676619
0.057076
0.0648275
0.0607213
0.0642891
0.0720136
0.0737265
0.0653393
0.0625088
0.053278
0.0680679
0.0615509
0.0676874
0.068691
0.0648133
0.0677739
0.064194
0.0637411
0.0623981
0.0645168
0.0621414
0.065676
0.0624294
0.0698527
0.0712663
0.0652708
0.0751958
0.082858
0.0621109
0.076026
0.0681762
0.0842158
0.0784297
0.0645605
0.0657001
0.0570859
0.0619037
0.0525133
0.0505751
0.0482674
0.0547153
0.0575887
0.0544524
0.0561641
0.0622286
0.0512797
0.0588338
0.0504332
0.0520921
0.0670139
0.0674481
0.0602151
0.0721815
0.0609594
0.0600719
0.0592502
0.0587925
0.0725145
0.0615344
0.0542744
0.0628359
0.0599969
0.0597266
0.0553101
0.0595237
0.0609538
0.0625731
0.0627754
0.0646235
0.0672021
0.0646976
0.0681872
0.0726261
0.064167
0.0687889
0.0749267
0.0778896
0.0737909
0.0785176
0.0795153
0.0763261
0.0843502
0.105212
0.0865416
0.0831542
0.106814
0.0939413
0.112509
0.12011
0.126925
0.122904
0.114402
0.104452
0.0971509
0.0864875
0.0652006
0.0566084
0.0672543
0.0594347
0.0638788
0.0619262
0.0626433
0.0537275
0.0542823
0.0576109
0.0572668
0.0591864
0.0597844
0.0579315
0.0638932
0.064796
0.0631658
0.0678283
0.071729
0.064017
0.0712684
0.0737852
0.0797241
0.0841286
0.0875081
0.0985154
0.098479
0.102083
0.107921
0.125537
0.135661
0.145281
0.147794
0.15959
0.166719
0.17114
0.171211
0.156941
0.146389
0.139304
0.13422
0.116124
0.109749
0.0951469
0.0920282
0.0878911
0.0690077
0.0844931
0.078943
0.0890745
0.0873739
0.0785404
0.0805194
0.07853
0.0935922
0.097509
0.0894555
0.0918315
0.0949459
0.0983891
0.1054
0.113271
0.107877
0.113346
0.116639
0.124526
0.126318
0.128907
0.13064
0.137138
0.147099
0.151774
0.157425
0.163999
0.177027
0.185435
0.197808
0.202627
0.201483
0.197837
0.186767
0.169119
0.157273
0.144122
0.124951
0.122538
0.105111
0.0955273
0.10364
0.0940254
0.105927
0.107329
0.11077
0.0974363
0.101396
0.0883151
0.0868802
0.100907
0.0786678
0.0937853
0.0951733
0.0816868
0.0749098
0.0777637
0.072512
0.0825454
0.0855598
0.0698254
0.070649
0.0760173
0.0784715
0.0739981
0.084053
0.0775324
0.0779181
0.0758166
0.0797541
0.0899547
0.0870611
0.0852314
0.0830646
0.0856432
0.0848865
0.078418
0.0849495
0.0886207
0.0867401
0.0804134
0.0849868
0.0900643
0.088305
0.0796069
0.0954367
0.0857536
0.0853091
0.0930541
0.0848572
0.0849981
0.0870781
0.0850649
0.0817469
0.0981106
0.0925628
0.0834369
0.0878237
0.0861127
0.0919349
0.0757088
0.0819188
0.0791925
0.0775438
0.0786511
0.0730424
0.0755087
0.074071
0.0803052
0.0830111
0.084662
0.0884601
0.0917698
0.105117
0.129305
0.13055
0.14469
0.133731
0.133991
0.146246
0.157379
0.148581
0.150129
0.160634
0.180643
0.183635
0.197861
0.192853
0.190932
0.177391
0.188438
0.161661
0.152584
0.139349
0.134159
0.157189
0.132212
0.127954
0.116568
0.12633
0.127637
0.121657
0.121099
0.143282
0.141045
0.160232
0.145866
0.153454
0.16192
0.169143
0.166809
0.171649
0.166498
0.178632
0.167701
0.162439
0.161595
0.167639
0.163601
0.148656
0.132058
0.143316
0.141002
0.162066
0.148697
0.118644
0.1369
0.133295
0.10838
0.157179
0.157483
0.147936
0.146389
0.160175
0.142475
0.16904
0.133754
0.17434
0.161031
0.137383
0.157818
0.168884
0.187718
0.186291
0.191303
0.19994
0.222791
0.19581
0.225207
0.216448
0.21227
0.213671
0.237225
0.229989
0.218024
0.225476
0.23213
0.238907
0.251328
0.257565
0.256087
0.257675
0.250415
0.239899
0.23111
0.233413
0.221714
0.226512
0.223353
0.195032
0.160318
0.168666
0.154243
0.150563
0.148643
0.126086
0.124804
0.116058
0.148574
0.128533
0.105936
0.132017
0.11388
0.123885
0.117254
0.122779
0.137351
0.172031
0.134271
0.142779
0.150923
0.162918
0.178978
0.170636
0.167748
0.226382
0.200895
0.195474
0.207567
0.223795
0.225021
0.207063
0.239537
0.233333
0.250313
0.245863
0.248811
0.254843
0.252232
0.292702
0.28205
0.300058
0.30671
0.318875
0.31233
0.295302
0.310572
0.293204
0.293961
0.293597
0.283522
0.257266
0.266538
0.248356
0.218721
0.223979
0.222069
0.186879
0.169273
0.104693
0.13921
0.11351
0.140467
0.11158
0.075535
0.130803
0.132375
0.0982399
0.0986844
0.120312
0.109084
0.151358
0.112495
0.0803102
0.124028
0.10728
0.106843
0.123504
0.121415
0.12329
0.142833
0.113019
0.132617
0.138092
0.136667
0.155212
0.0963236
0.106733
0.113532
0.13998
0.108085
0.151079
0.124144
0.115862
0.139144
0.162863
0.172416
0.151542
0.115249
0.155022
0.228357
0.143593
0.137286
0.194631
0.144136
0.144521
0.120167
0.10581
0.171475
0.16292
0.156507
0.13397
0.145803
0.181263
0.17917
0.145536
0.132041
0.155389
0.163663
0.167227
0.138873
0.105622
0.137724
0.123852
0.180054
0.0839085
0.143854
0.120646
0.159099
0.159307
0.111987
0.152128
0.136723
0.124459
0.114471
0.146148
0.0876215
0.0975687
0.155027
0.16774
0.154783
0.0981643
0.1781
0.126423
0.124539
0.0773112
0.0675782
0.0964094
0.119884
0.155043
0.0762214
0.093774
0.13723
0.176385
0.0896646
0.141048
0.129857
0.190981
0.131963
0.110442
0.141882
0.138362
0.19492
0.145892
0.122808
0.153159
0.161221
0.148432
0.182053
0.121864
0.159598
0.140675
0.136391
0.217191
0.178965
0.14265
0.213892
0.191969
0.175312
0.153887
0.161844
0.154516
0.160117
0.150385
0.154419
0.156764
0.201395
0.20326
0.138178
0.141402
0.11577
0.11901
0.102596
0.0739588
0.0743632
0.0726907
0.0548204
