0.122019
0.12821
0.136055
0.12837
0.123795
0.132371
0.136426
0.137374
0.141346
0.157192
0.15188
0.159607
0.155972
0.166167
0.167586
0.168845
0.170419
0.175554
0.170792
0.168248
0.160568
0.171884
0.167099
0.174244
0.174691
0.185755
0.187471
0.191731
0.198648
0.200786
0.204965
0.205112
0.208278
0.213872
0.211885
0.21523
0.216353
0.217455
0.215502
0.205871
0.20283
0.192021
0.204277
0.206966
0.216142
0.225535
0.225984
0.230061
0.235708
0.23455
0.235819
0.220281
0.208607
0.206387
0.206313
0.206598
0.221578
0.251082
0.251528
0.240622
0.227266
0.184087
0.169253
0.145567
0.137647
0.133559
0.121349
0.121606
0.11586
0.119802
0.110565
0.110392
0.114386
0.109599
0.106284
0.113837
0.118368
0.108518
0.112142
0.112899
0.114989
0.1197
0.119576
0.116896
0.114669
0.126793
0.124475
0.131702
0.12762
0.135093
0.143074
0.143801
0.1472
0.156573
0.162941
0.174845
0.178859
0.194733
0.199448
0.202463
0.211647
0.216245
0.203809
0.198458
0.179823
0.173045
0.163186
0.166958
0.166791
0.169528
0.171256
0.170725
0.175811
0.175965
0.177369
0.174279
0.170798
0.161789
0.155936
0.1632
0.15961
0.161018
0.164258
0.174851
0.175241
0.186986
0.186432
0.190066
0.196781
0.197206
0.203772
0.203354
0.205785
0.205921
0.205915
0.206503
0.212125
0.215707
0.210529
0.205997
0.191479
0.182035
0.172075
0.161793
0.172747
0.175713
0.185689
0.189342
0.199612
0.212465
0.212489
0.226489
0.215589
0.227002
0.232757
0.237837
0.243057
0.240649
0.239364
0.240596
0.241867
0.242901
0.248665
0.235571
0.215345
0.189374
0.151776
0.125062
0.113256
0.111013
0.108759
0.104675
0.110233
0.109342
0.113501
0.108696
0.113336
0.119877
0.130088
0.125739
0.127828
0.129696
0.130996
0.126898
0.12104
0.126438
0.130712
0.123758
0.124385
0.127493
0.1237
0.127672
0.123327
0.127048
0.132314
0.1314
0.131802
0.131008
0.122961
0.11712
0.108457
0.105114
0.098938
0.10253
0.101537
0.111437
0.106673
0.113835
0.120388
0.131801
0.134839
0.131273
0.136487
0.137739
0.149166
0.154353
0.159351
0.158802
0.1598
0.16653
0.16433
0.167623
0.159419
0.154237
0.13928
0.118058
0.114767
0.11534
0.119314
0.126016
0.133624
0.13251
0.137766
0.142502
0.147002
0.162983
0.168134
0.169864
0.176135
0.175394
0.187243
0.191039
0.188934
0.194865
0.203782
0.203115
0.209583
0.209522
0.218594
0.20698
0.216633
0.218366
0.21148
0.217078
0.223794
0.199114
0.171254
0.14733
0.125285
0.134081
0.137764
0.128722
0.128372
0.131984
0.145098
0.142396
0.158019
0.160044
0.164491
0.158004
0.17403
0.182409
0.180357
0.183378
0.195005
0.203024
0.202075
0.201871
0.19826
0.193591
0.191524
0.177133
0.156235
0.144842
0.126034
0.119318
0.121463
0.121871
0.110704
0.120885
0.13012
0.152182
0.127448
0.128778
0.126853
0.139756
0.124808
0.148202
0.142895
0.132176
0.118423
0.125958
0.129667
0.118332
0.129378
0.124824
0.128527
0.115483
0.127162
0.134434
0.138713
0.133051
0.135756
0.123325
0.107631
0.113928
0.0993839
0.0992959
0.102303
0.0929404
0.114956
0.103009
0.110746
0.0934904
0.104854
0.115871
0.118666
0.0976979
0.103053
0.115064
0.116101
0.123391
0.127173
0.137999
0.139459
0.136054
0.137432
0.149452
0.151075
0.149826
0.152544
0.157815
0.147537
0.160199
0.144865
0.135487
0.126901
0.123198
0.108142
0.124252
0.106127
0.108371
0.115429
0.107445
0.10545
0.116586
0.124635
0.114022
0.119383
0.122457
0.125751
0.121732
0.126726
0.11978
0.132538
0.136506
0.135279
0.140302
0.147603
0.156951
0.173753
0.18078
0.175718
0.182477
0.180156
0.187972
0.190161
0.177671
0.174373
0.146464
0.124313
0.111192
0.103683
0.0975328
0.120087
0.106864
0.103544
0.107213
0.118706
0.12182
0.114929
0.115942
0.101975
0.100865
0.102718
0.11387
0.108317
0.125766
0.122088
0.120707
0.119548
0.112484
0.114924
0.125287
0.121144
0.122812
0.128894
0.134003
0.155295
0.164444
0.167573
0.184971
0.202955
0.198528
0.203425
0.205827
0.186816
0.184414
0.164132
0.158314
0.132814
0.155154
0.156047
0.162739
0.137645
0.155389
0.156661
0.158548
0.155675
0.147208
0.157412
0.165171
0.163843
0.161438
0.151354
0.139422
0.141745
0.139274
0.144979
0.138953
0.142907
0.139732
0.141565
0.120743
0.127199
0.137734
0.146392
0.11764
0.128852
0.127263
0.143041
0.123116
0.133141
0.136722
0.118702
0.130555
0.135596
0.137335
0.148955
0.142713
0.137611
0.138127
0.137126
0.135707
0.154109
0.14697
0.1549
0.157033
0.158515
0.153285
0.156101
0.156299
0.156623
0.162383
0.173813
0.170177
0.164651
0.176681
0.18109
0.197607
0.236666
0.228774
0.216071
0.238944
0.231937
0.228786
0.168497
0.145793
0.154243
0.137729
0.141124
0.150231
0.203343
0.23772
0.284374
0.317014
0.357069
0.361876
0.349187
0.287814
0.224051
0.149631
0.134208
0.119315
0.116196
0.114353
0.11973
0.112587
0.117875
0.12542
0.129998
0.130073
0.139194
0.141978
0.139836
0.14431
0.134521
0.141519
0.141065
0.156744
0.153693
0.145095
0.145224
0.116443
0.118397
0.119497
0.097227
0.124893
0.120448
0.110815
0.106951
0.0878801
0.095054
0.105834
0.0887567
0.0893263
0.110304
0.0895747
0.0998433
0.101394
0.102601
0.0960743
0.105193
0.101439
0.111411
0.114274
0.127817
0.126945
0.115236
0.106586
0.0999061
0.102051
0.105161
0.119813
0.107266
0.121304
0.10096
0.103072
0.105629
0.105299
0.0916008
0.118546
0.108528
0.120869
0.119983
0.104782
0.124676
0.151618
0.123759
0.135294
0.124167
0.119458
0.108391
0.104387
0.107374
0.124615
0.12026
0.118846
0.129965
0.114919
0.113743
0.131622
0.130505
0.130098
0.123197
0.127332
0.137155
0.117761
0.120245
0.118771
0.122043
0.103336
0.123687
0.106491
0.114735
0.0982705
0.0844339
0.0795748
0.0950534
0.0878392
0.0818311
0.0912173
0.0936811
0.0717784
0.0993251
0.0649045
0.100727
0.0737551
0.0949664
0.0897663
0.0948629
0.0873005
0.0829775
0.0811327
0.0761432
0.0790976
0.0962461
0.0823153
0.0979695
0.0877093
0.077504
0.0661445
0.0528804
0.0722456
0.0676344
0.082762
0.0837365
0.0848234
0.0912733
0.0988547
0.096218
0.121249
0.111136
0.103008
0.104987
0.119344
0.1071
0.112987
0.0994336
0.0828682
0.0716294
0.069863
0.0443953
0.0674417
0.0600192
0.0658981
0.0854736
0.0865668
0.0903488
0.0860692
0.0954472
0.0919873
0.115186
0.111884
0.0855153
0.0962766
0.102143
0.0818929
0.0759345
0.0956396
0.10663
0.115845
0.100325
0.0803238
0.131186
0.0952305
0.0909453
0.100981
0.0979761
0.0872785
0.0869751
0.0964373
0.101847
0.10955
0.0992947
0.0952404
0.0947774
0.107161
0.100523
0.0994885
0.119826
0.111677
0.112648
0.110853
0.0887916
0.114502
0.115776
0.118734
0.107183
0.0967944
0.0921248
0.104012
0.0949241
0.0866608
0.0762378
0.083834
0.080799
0.0790877
0.0691592
0.0655586
0.0826848
0.0452134
0.0535686
0.0520318
0.0546773
0.0571781
0.060944
0.0527412
0.0445859
0.0494018
0.0487098
0.0415485
0.0436505
0.0515633
0.0550381
0.0525567
0.0291353
0.0466974
0.0309359
0.0413064
0.0437144
0.0520447
0.0486145
0.0354255
0.0482364
0.0308492
0.0308018
0.0501462
0.0442232
0.0474129
0.0404557
0.0396436
0.0539756
0.0402739
0.0498791
0.0557225
0.0571719
0.0368674
0.0323524
0.0417571
0.0537232
0.0658659
0.0584303
0.0631794
0.0619302
0.0574015
0.0478565
0.0487261
0.0341339
0.0358121
0.0414175
0.038596
0.0381602
0.0263474
0.0370752
0.0326126
0.0460471
0.04103
0.032218
0.0292179
0.0435642
0.0496125
0.0447835
0.0325164
0.0402624
0.0418212
0.0348105
0.0452427
0.0238695
0.0307055
0.0394544
0.0339999
0.032601
0.0367771
0.0441877
0.0510134
0.0359345
0.0573779
0.0427922
0.0634262
0.0528438
0.0665674
0.0696029
0.0691267
0.0669751
0.0596387
0.078393
0.0861111
0.0775595
0.0872689
0.100903
0.0936762
0.0942943
0.0873905
0.0905733
0.0624229
0.0911963
0.11035
0.0919429
0.0830333
0.106552
0.116991
0.0913909
0.136322
0.120567
0.119817
0.123053
0.132667
0.132352
0.136438
0.133673
0.137838
0.115845
0.0849574
0.0899622
0.0759038
0.0777487
0.10816
0.106364
0.0974678
0.0976704
0.0867015
0.116599
0.0794119
0.10751
0.0815735
0.0970054
0.116966
0.115339
0.107201
0.110637
0.101074
0.10298
0.109566
0.117666
0.139793
0.147542
0.112843
0.141032
0.128471
0.130053
0.131613
0.114972
0.125922
0.113353
0.108936
0.0860361
0.0960391
0.0695784
0.0878513
0.0730226
0.0478967
0.0384869
0.0429126
0.033709
0.0359578
0.028225
0.0143211
0.0241747
0.0151163
0.0062308
0.0162589
0.0138711
0.0111439
0.0141847
0.0175199
0.0263036
0.0151601
0.00272378
0.0154419
0.0148739
0.0111948
0.014704
0.0171195
0.0238743
0.0266483
0.0177219
0.0143202
0.018537
0.0027092
0.0055618
0.00511349
0.00472731
0.00893067
0.00853044
0.00721382
0.00682451
0.0112873
0
0.00689785
0.00405059
0.00294368
0.0076757
0.0087643
0.0067151
0.0114394
0.0102702
0.0120635
0.00639676
0.0127033
0.00997865
0.0108756
0.00990032
0.00962666
0.00701273
0.0119851
0.0182179
0.0142277
0.0119931
0.006931
0.0163559
0.0123881
0.00962569
0.0129563
0.0185915
0.0155418
0.021844
0.0167246
0.0224481
0.0252358
0.0179902
0.0170818
0.0155095
0.0174512
0.0152185
0.0184538
0.017006
0.0131937
0.0231302
0.0162989
0.0242299
0.0186263
0.0194687
0.0259055
0.0209331
0.0182939
0.0191602
0.0261932
0.0241675
0.0274822
0.0293077
0.0249985
0.0241916
0.0198661
0.0189651
0.0182322
0.0180758
0.0167569
0.0144626
0.0217266
0.0239797
0.0202161
0.0176772
0.0264163
0.0162035
0.0230004
0.0207693
0.0231448
0.0127365
0.0235237
0.0200526
0.0261055
0.0339082
0.0301396
0.0328286
0.0305829
0.0415051
0.0417115
0.0503502
0.0332805
0.0385951
0.0405494
0.0417606
0.0421889
0.0366515
0.0366991
0.0480964
0.0561932
0.04738
0.048937
0.0445652
0.0471955
0.0473363
0.0541769
0.0579921
0.0626785
0.0530402
0.0680403
0.0614246
0.0706549
0.0657422
0.0626859
0.0728962
0.0723994
0.0736492
0.0702397
0.0666328
0.07095
0.0549713
0.0558898
0.0619005
0.0551984
0.0653932
0.0548267
0.068043
0.05754
0.0563148
0.0721007
0.0677131
0.0823943
0.0828214
0.0796793
0.0664321
0.0654547
0.0489122
0.0580364
0.0621149
0.0485124
0.0492556
0.0554118
0.071694
0.0461677
0.0676694
0.0704144
0.0692112
0.0530513
0.0598703
0.0661748
0.0513134
0.0483253
0.0522939
0.0546036
0.0419459
0.0669918
0.0631001
0.0411166
0.0621707
0.0447509
0.0576368
0.040829
0.059729
0.0389613
0.0329789
0.0292317
0.0449391
0.0409591
0.0362245
0.0259238
0.0390077
0.0457345
0.0308744
0.0306633
0.043038
0.0329385
0.0402335
0.050491
0.0503482
0.0490294
0.0418973
0.0374975
0.0362096
0.0331594
0.0326841
0.0260414
0.0141949
0.0189174
0.0111186
0.0221835
0.0133313
0.0203046
0.0133909
0.0156001
0.0118927
0.0185665
0.00809472
0.0164555
0.0184405
0.0148076
0.017666
0.00902397
0.0105545
0.00679881
0.0147325
0.0229731
0.0196138
0.0207152
0.0203967
0.0318976
0.0299382
0.0293866
0.0357021
0.032726
0.0214307
0.0304177
0.0317107
0.0203251
0.0147931
0.0239167
0.0120382
0.0112757
0.020858
0.0181281
0.0276447
0.0199739
0.0250738
0.011618
0.012949
0.011593
0.0158586
0.0144336
0.0146728
0.0310597
0.0129924
0.0104281
0.0182293
0.0158308
0.0266597
0.00914084
0.0197061
0.0136541
0.0210212
0.015415
0.0222581
0.0142302
0.0170205
0.0179528
0.0111369
0.00426706
0.0253001
0.0191662
0.0115557
0.0104996
0.0134499
0.0114991
0.0149068
0.012788
0.0130848
0.0246256
0.0137241
0.0156944
0.00829172
0.0102986
0.0182888
0.0172598
0.0202981
0.0106987
0.0197595
0.0316801
0.0254971
0.0241119
0.0145274
0.0137243
0.0360608
0.0275062
0.0257673
0.0237868
0.0115271
0.0278408
0.0138349
0.010336
0.0141514
0.012249
0.0111116
0.0165314
0.0169687
0.0166979
0.0116869
0.00885048
0.0171822
0.013972
0.0192461
0.0152604
0.0164475
0.0150154
0.0256783
0.0109965
0.0198275
0.0171148
0.0187643
0.020528
0.032727
0.0295917
0.0315091
0.0292155
0.0283778
0.0367627
0.0303595
0.0273126
0.0285291
0.0238076
0.0234911
0.03024
0.0274365
0.0236865
0.0281197
0.0251195
0.0237816
0.0224336
0.0269983
0.0327128
0.0223164
0.0293892
0.0384171
0.0345329
0.0242619
0.0286897
0.03538
0.0338715
0.0366008
0.0384916
0.043931
0.0420792
0.0540912
0.077238
0.122868
0.268461
0.422478
0.510525
0.519142
0.51118
0.424558
0.268997
0.123782
0.0817049
0.0612179
0.0502838
0.0531152
0.0412121
0.0459045
0.0419421
0.0472538
0.0407612
0.0440965
0.0472032
0.0414986
0.0448631
0.0352062
0.0418423
0.0382323
0.0370364
0.0423926
0.0378917
0.03949
0.0395335
0.0414599
0.0395922
0.0400389
0.0418307
0.0273054
0.0380544
0.0303811
0.0361135
0.042775
0.0405297
0.0424431
0.0348796
0.028946
0.0368264
0.0372133
0.0383288
0.0404421
0.036296
0.037453
0.0376412
0.0370009
0.0382521
0.0453978
0.0407207
0.0403023
0.0442057
0.042178
0.0397491
0.0377537
0.0486106
0.0386716
0.0423102
0.0440487
0.0414895
0.0444249
0.0391333
0.0429031
0.0350484
0.037185
0.0440543
0.0334185
0.0305716
0.0409185
0.0339567
0.0339954
0.0385502
0.0522716
0.0285537
0.0359503
0.0384291
0.0370058
0.0317288
0.0345902
0.0335811
0.044992
0.0395645
0.036875
0.0326354
0.034374
0.0359532
0.0400845
0.040194
0.0349585
0.0389636
0.0392616
0.0424687
0.0372362
0.0397349
0.0429112
0.0316808
0.0417317
0.0362377
0.0350119
0.0359312
0.0337181
0.0397485
0.0490504
0.0421311
0.0516837
0.0645285
0.0425183
0.0420734
0.035758
0.0464594
0.0437252
0.0559353
0.0555938
0.0436192
0.0492458
0.0480364
0.04771
0.0419744
0.0538504
0.0566458
0.0618884
0.0441149
0.0496392
0.0345276
0.0522755
0.0451649
0.0530458
0.0595539
0.0445829
0.0430022
0.0473858
0.0617491
0.0538437
0.0518939
0.0645581
0.053329
0.0567805
0.0431394
0.0591665
0.0475363
0.043788
0.0657485
0.0601012
0.0443021
0.0421112
0.0651648
0.0630017
0.0902927
0.0623985
0.080278
0.0800914
0.0498523
0.0386549
0.0556729
0.0783634
0.0605188
0.0706695
0.0509787
0.0835879
0.0674669
0.0896956
0.0397655
0.0655868
0.0570513
0.0953783
0.0698273
0.0949742
0.0948527
0.0961947
0.0773951
0.0943204
0.102986
0.0916637
0.0769427
0.099377
0.106437
0.0995406
0.114551
0.0702932
0.0812552
0.0672707
0.076641
0.071418
0.0792229
0.081966
0.0681553
0.0853494
0.0654537
0.0642455
0.0744264
0.0647719
0.0594941
0.0853046
0.0807579
0.0758928
0.046617
0.0643007
0.0489735
0.0383199
0.0742065
0.0816722
0.0706449
0.0688301
0.0566657
0.060778
0.0351672
0.0701147
0.056387
0.0600059
0.0632282
0.0848216
0.0338834
0.0605151
0.0455617
0.0608485
0.0668344
0.0711023
0.0714613
0.0843464
0.0905816
0.0661126
0.0652114
0.0908703
0.0837728
0.0369429
0.030489
0.0418156
0.0246837
0.0482115
0.059844
0.0453077
0.0558223
0.0416107
0.0665591
0.0383557
0.0467656
0.0510593
0.0416801
0.0488976
0.037657
0.0482668
0.0641122
0.0540387
0.0520101
0.0792869
0.070356
0.0828376
0.0867583
0.104589
0.0942646
0.108974
0.110936
0.111178
0.135904
0.145987
0.145851
0.157726
0.14471
0.12689
0.0861373
0.055526
0.0531292
0.0329582
0.0345774
0.0448703
0.0311059
0.0549354
0.0406627
0.0599193
0.0404719
0.0375049
0.0512677
0.0358455
0.053912
0.0454482
0.0389307
0.0350377
0.0422969
0.0541285
0.0418605
0.0561367
0.0200705
0.043799
0.0281146
0.0396994
0.0343321
0.0391708
0.042157
0.0386452
0.0457151
0.0367661
0.040295
0.0441495
0.0298146
0.039047
0.0330351
0.0330087
0.0437441
0.0376469
0.0443435
0.0393862
0.0349994
0.0445486
0.0404648
0.0326431
0.0446427
0.0475629
0.0522918
0.0510257
0.0573286
0.046989
0.04762
0.044914
0.040615
0.0475412
0.0547122
0.0380149
0.0487907
0.0318183
0.0341488
0.0419894
0.0341744
0.0420988
0.0349074
0.0406796
0.0362236
0.0397482
0.0262241
0.049077
0.0437589
0.0408847
0.0375537
0.0401721
0.0432515
0.0468872
0.0400358
0.0399013
0.0514747
0.0454371
0.0395127
0.0347147
0.0324296
0.0360926
0.0367734
0.0440524
0.0387985
0.04522
0.037018
0.0322049
0.0359912
0.0383217
0.04577
0.033032
0.0384349
0.046201
0.0466415
0.0530864
0.0466211
0.0470581
0.0475411
0.0504137
0.0527219
0.0517148
0.0564798
0.0634833
0.067343
0.0754452
0.0628106
0.0665352
0.0778996
0.0876217
0.0754377
0.0738315
0.0823181
0.0665659
0.0531134
0.0575059
0.050975
0.0371248
0.0393946
0.0289778
0.0336869
0.0386068
0.0316278
0.0359944
0.0374075
0.0396777
0.0422671
0.0391257
0.0434083
0.0374906
0.0447159
0.0355682
0.0395349
0.0401388
0.0528427
0.0523403
0.048181
0.0498271
0.0573193
0.0616976
0.0579046
0.0561874
0.0604696
0.0719862
0.0800618
0.085017
0.0878116
0.0929868
0.0931884
0.106277
0.110694
0.104067
0.0978203
0.0976892
0.0898951
0.073111
0.074059
0.0532866
0.0570477
0.0484774
0.0516029
0.0464756
0.0614051
0.0440284
0.0573569
0.0641653
0.0584152
0.0576251
0.0522891
0.0481979
0.0452989
0.0496024
0.0673397
0.0650423
0.0732114
0.0675257
0.061627
0.0611888
0.0599166
0.0753209
0.0728231
0.0735758
0.0768565
0.0783572
0.0866486
0.0854418
0.0884144
0.0964397
0.105344
0.105644
0.108838
0.113484
0.123852
0.121211
0.117659
0.116272
0.106373
0.098312
0.0918536
0.075784
0.07388
0.0652421
0.0615786
0.0578494
0.0503417
0.0630314
0.053678
0.0781817
0.0711832
0.0530677
0.0606776
0.0625399
0.071913
0.0582858
0.0519687
0.0503976
0.0542923
0.0600104
0.0432843
0.0521244
0.0517749
0.0614024
0.0368125
0.0526162
0.0709001
0.0542941
0.0507643
0.0460596
0.0429198
0.0529614
0.0449146
0.0571904
0.0493113
0.0527942
0.058077
0.0470166
0.0484579
0.0533535
0.0485119
0.0542675
0.0489263
0.0539515
0.045979
0.0487295
0.0529397
0.050454
0.045341
0.0538468
0.0469613
0.0520176
0.0478382
0.0507809
0.0523909
0.0439784
0.0553845
0.0463733
0.0511563
0.0578492
0.0543567
0.0429051
0.0636372
0.051926
0.0695198
0.0594474
0.0644373
0.0645489
0.0618332
0.075767
0.064755
0.0621698
0.0652377
0.0785358
0.0750966
0.0764003
0.0799637
0.0968735
0.0735565
0.0750369
0.0909744
0.101483
0.0943078
0.0734849
0.0982604
0.116137
0.100363
0.113253
0.0899984
0.103263
0.109789
0.104689
0.119777
0.104251
0.108952
0.111393
0.103016
0.0892252
0.092549
0.0696199
0.0685117
0.0724557
0.0815091
0.0887873
0.081068
0.0890393
0.0655387
0.0868118
0.0889362
0.0852207
0.108457
0.105552
0.114171
0.113257
0.109612
0.113659
0.106197
0.128151
0.122413
0.126055
0.112939
0.104771
0.104797
0.106976
0.0796895
0.10953
0.102295
0.102081
0.109846
0.0896512
0.108648
0.100045
0.0689953
0.0744753
0.112141
0.109332
0.083036
0.114501
0.146208
0.124567
0.14445
0.0983484
0.0927776
0.110972
0.130401
0.113454
0.126972
0.135203
0.131198
0.134223
0.142975
0.153464
0.124692
0.137023
0.148297
0.146182
0.146918
0.140917
0.129274
0.166914
0.155133
0.142736
0.160074
0.172493
0.178297
0.173763
0.163873
0.165854
0.168298
0.144429
0.139836
0.158054
0.129302
0.122286
0.139603
0.119621
0.100295
0.103405
0.0773786
0.0873438
0.108149
0.109148
0.0807443
0.0654653
0.0982894
0.0694977
0.0749089
0.0684134
0.08611
0.0770656
0.074467
0.111375
0.118059
0.10186
0.0849004
0.105823
0.0744747
0.11904
0.121879
0.121576
0.13328
0.124476
0.141388
0.145249
0.152455
0.155727
0.153069
0.200226
0.137314
0.165257
0.14685
0.163368
0.170195
0.181436
0.196571
0.174907
0.183493
0.200016
0.17739
0.189321
0.170778
0.193838
0.189013
0.183097
0.185137
0.178562
0.188897
0.172146
0.170857
0.143235
0.145404
0.128374
0.116132
0.0748768
0.0806344
0.0523728
0.101482
0.0604909
0.0691272
0.0889406
0.0517123
0.0829118
0.106944
0.104594
0.0660854
0.0703822
0.0999095
0.100608
0.0970898
0.0910069
0.0763016
0.0754744
0.100455
0.0879762
0.112797
0.105082
0.109784
0.08552
0.0901908
0.0871411
0.0994496
0.121234
0.0766132
0.116596
0.0619888
0.0752635
0.136376
0.0850132
0.113433
0.0933442
0.128547
0.105574
0.094701
0.102747
0.142758
0.0588756
0.114676
0.137688
0.131908
0.0999431
0.11438
0.0946727
0.10968
0.1413
0.101475
0.129815
0.0682342
0.104427
0.121869
0.112179
0.117095
0.11234
0.0868446
0.115883
0.0990504
0.080049
0.109589
0.108505
0.107593
0.0914419
0.145294
0.151034
0.0743792
0.0990783
0.08326
0.125007
0.0850966
0.0585094
0.0890848
0.0989352
0.0596106
0.043953
0.040406
0.0811066
0.0855725
0.10542
0.0757096
0.0838013
0.0827577
0.122811
0.0793527
0.0948164
0.11881
0.0710801
0.0894731
0.073718
0.0492796
0.0918004
0.159985
0.0528516
0.103768
0.0697555
0.0645368
0.0622964
0.103689
0.0967078
0.0977317
0.119681
0.12501
0.0970752
0.134688
0.0973021
0.0884107
0.104481
0.0897399
0.141185
0.109941
0.106241
0.111304
0.110368
0.109722
0.0986268
0.108453
0.131933
0.108021
0.0852471
0.0707033
0.102965
0.11959
0.127358
0.132586
0.0969254
0.0554764
0.0821404
0.0659848
0.075281
0.0910222
0.0703142
0.0630133
0.0496909
0.0635747
