0.18083
0.18384
0.188018
0.193947
0.198323
0.19466
0.209624
0.205463
0.216972
0.221898
0.225911
0.228917
0.236757
0.245905
0.253133
0.25711
0.259809
0.263617
0.261772
0.264238
0.260237
0.264661
0.258502
0.275017
0.278585
0.292629
0.301107
0.30486
0.313343
0.315643
0.32138
0.32748
0.331652
0.337023
0.340159
0.345048
0.353323
0.35775
0.348491
0.340802
0.335212
0.329546
0.330883
0.343408
0.354616
0.368902
0.378118
0.381304
0.391045
0.390339
0.383734
0.343779
0.32333
0.320141
0.319814
0.320433
0.34492
0.415922
0.431414
0.412084
0.379379
0.322119
0.273661
0.243751
0.223522
0.213137
0.193665
0.191752
0.175841
0.167877
0.167183
0.15615
0.155487
0.15055
0.153821
0.153084
0.157798
0.147477
0.155176
0.16503
0.175659
0.177531
0.170432
0.172095
0.174503
0.185886
0.186586
0.188216
0.191219
0.198829
0.207978
0.22037
0.225582
0.242815
0.261151
0.285525
0.310054
0.334313
0.346997
0.35949
0.369976
0.369141
0.350204
0.327953
0.296572
0.271741
0.250537
0.245478
0.246627
0.255114
0.258928
0.261323
0.266181
0.269679
0.277209
0.271893
0.27339
0.256995
0.24791
0.259544
0.251059
0.253467
0.269569
0.274802
0.276482
0.290783
0.293128
0.303007
0.30855
0.31192
0.322759
0.324149
0.325986
0.323052
0.320792
0.323285
0.340837
0.350876
0.348765
0.339314
0.311462
0.293959
0.287856
0.271055
0.286431
0.288256
0.313417
0.316019
0.329485
0.340918
0.350346
0.370268
0.369011
0.378594
0.388747
0.390215
0.400802
0.397109
0.399208
0.399157
0.399773
0.404646
0.412301
0.401032
0.364962
0.302624
0.235242
0.184701
0.164583
0.150717
0.143491
0.133689
0.134012
0.137351
0.142225
0.144935
0.149456
0.158427
0.172038
0.178816
0.191846
0.198763
0.202734
0.204057
0.192026
0.190878
0.182176
0.180815
0.175512
0.17427
0.16918
0.172474
0.172669
0.173832
0.179248
0.183141
0.184941
0.185483
0.173497
0.173745
0.167898
0.160894
0.15793
0.164429
0.152668
0.169009
0.166266
0.170865
0.182633
0.193924
0.199271
0.204284
0.206823
0.21209
0.221431
0.226445
0.231622
0.234323
0.238376
0.24843
0.247792
0.2549
0.249352
0.247462
0.22464
0.204444
0.199655
0.202841
0.205549
0.199872
0.211629
0.213856
0.226896
0.222462
0.239123
0.252794
0.261837
0.269506
0.287637
0.281629
0.291952
0.30795
0.312992
0.317031
0.326861
0.330766
0.342327
0.346572
0.357392
0.356289
0.368849
0.37199
0.37857
0.387805
0.383355
0.349241
0.296126
0.255445
0.224935
0.231636
0.221763
0.220904
0.21978
0.233513
0.240413
0.244374
0.258597
0.261437
0.264273
0.275692
0.283781
0.290518
0.293644
0.301717
0.31781
0.316346
0.318751
0.324319
0.319912
0.315786
0.301498
0.277226
0.238531
0.206576
0.176559
0.168395
0.166081
0.173673
0.176626
0.191978
0.20802
0.213744
0.218109
0.198299
0.215268
0.227633
0.209297
0.225477
0.209517
0.196435
0.185789
0.188032
0.184596
0.169911
0.175967
0.171801
0.176164
0.170608
0.183732
0.190896
0.192751
0.187814
0.187143
0.187404
0.185419
0.1729
0.172226
0.173672
0.167722
0.164043
0.175965
0.163718
0.171616
0.166693
0.163051
0.171682
0.167074
0.15872
0.163229
0.171645
0.178462
0.17593
0.198771
0.202179
0.209317
0.206807
0.220691
0.225765
0.226228
0.227574
0.235689
0.234888
0.24623
0.239564
0.226691
0.233674
0.208659
0.207312
0.198108
0.200868
0.185724
0.178074
0.183989
0.177586
0.173088
0.185675
0.19672
0.191637
0.197444
0.191252
0.208321
0.200799
0.204689
0.20439
0.207579
0.221595
0.219738
0.232409
0.240698
0.253195
0.268825
0.291604
0.291315
0.298258
0.296683
0.300092
0.313113
0.298594
0.274669
0.247034
0.202914
0.180194
0.166995
0.167072
0.171541
0.163634
0.177686
0.163294
0.177814
0.189072
0.18231
0.19087
0.183179
0.171544
0.177843
0.178209
0.17598
0.186235
0.176405
0.170261
0.168824
0.170662
0.16183
0.171254
0.183381
0.176073
0.183357
0.199841
0.224523
0.254708
0.270778
0.308822
0.322693
0.326655
0.337494
0.345646
0.316098
0.305089
0.273826
0.264908
0.239854
0.26201
0.265951
0.272287
0.255785
0.254401
0.251484
0.262043
0.262683
0.244985
0.258639
0.252039
0.251437
0.252551
0.244306
0.222827
0.216326
0.211077
0.207549
0.218892
0.216363
0.218523
0.215902
0.217219
0.224012
0.23811
0.222406
0.201931
0.227411
0.223053
0.217216
0.193201
0.221093
0.216963
0.196644
0.214536
0.221401
0.229419
0.231333
0.228781
0.215012
0.221863
0.217814
0.233492
0.22945
0.236734
0.223505
0.231717
0.247668
0.234224
0.243012
0.238561
0.260372
0.268122
0.264989
0.273815
0.271038
0.299065
0.311988
0.350644
0.391478
0.425225
0.461005
0.443095
0.429692
0.399186
0.314324
0.29092
0.280643
0.230537
0.232343
0.256072
0.311277
0.358366
0.42787
0.483729
0.529412
0.553301
0.515911
0.440353
0.343041
0.262025
0.209012
0.201079
0.194987
0.201225
0.188171
0.189206
0.211077
0.217598
0.210518
0.216126
0.216329
0.21945
0.220501
0.233039
0.221953
0.229625
0.231144
0.248206
0.247751
0.240387
0.222063
0.209212
0.188116
0.193571
0.16747
0.185787
0.169425
0.185801
0.157138
0.141017
0.148388
0.154054
0.130604
0.139277
0.141961
0.131852
0.136113
0.140862
0.154695
0.15504
0.145705
0.146696
0.157052
0.169676
0.175883
0.194338
0.183211
0.181373
0.172886
0.176331
0.21044
0.205361
0.181524
0.192153
0.180685
0.160365
0.174293
0.183675
0.169761
0.186108
0.173966
0.179765
0.201238
0.205759
0.205324
0.223408
0.204138
0.201816
0.196599
0.191068
0.173146
0.174283
0.174777
0.193504
0.173044
0.188982
0.191936
0.173934
0.180951
0.173822
0.187308
0.173397
0.190109
0.190628
0.206852
0.193207
0.203809
0.197217
0.191527
0.198473
0.189679
0.16533
0.182075
0.172695
0.15804
0.162531
0.16015
0.131485
0.144916
0.137882
0.134571
0.140473
0.176194
0.127027
0.157555
0.139017
0.1529
0.130196
0.14534
0.134629
0.14472
0.146569
0.144404
0.138197
0.158713
0.139384
0.143823
0.136859
0.123723
0.103419
0.109306
0.121085
0.11017
0.127023
0.127309
0.135499
0.154544
0.146882
0.149097
0.170066
0.179136
0.178034
0.18258
0.198037
0.176993
0.186279
0.160399
0.136391
0.111963
0.0990631
0.0859411
0.0908306
0.0877716
0.115557
0.119662
0.134145
0.138458
0.147338
0.164063
0.169792
0.177952
0.159674
0.148678
0.138608
0.165859
0.139761
0.145119
0.152585
0.156572
0.183907
0.20081
0.17931
0.210932
0.187413
0.166781
0.192676
0.181089
0.162117
0.162088
0.169003
0.151289
0.186181
0.164094
0.174292
0.179738
0.184668
0.1708
0.163742
0.151205
0.169002
0.171309
0.177493
0.180457
0.198971
0.189661
0.170898
0.155175
0.14903
0.130303
0.15192
0.164679
0.127033
0.146337
0.134708
0.133205
0.108062
0.104814
0.085859
0.108458
0.103356
0.102132
0.0967326
0.0869748
0.0874461
0.0789631
0.0745491
0.0592763
0.0773638
0.0652402
0.0558214
0.0795083
0.0730733
0.0692204
0.0812229
0.0679745
0.0725189
0.0693372
0.0597497
0.0712628
0.0663152
0.0673643
0.0534426
0.0618979
0.0498785
0.054065
0.0622404
0.0590535
0.0693233
0.0725158
0.0596828
0.0721372
0.0694985
0.0642828
0.0738245
0.071041
0.0610297
0.0856985
0.060442
0.0791291
0.0918148
0.0882511
0.0708
0.0812473
0.0821309
0.0857238
0.0676286
0.0663881
0.0595081
0.0629891
0.0496983
0.0550575
0.0490396
0.0458355
0.0490523
0.0583191
0.048386
0.0612556
0.0588997
0.0555003
0.0783961
0.0767853
0.060469
0.068931
0.0599402
0.0545243
0.0750344
0.057336
0.0441069
0.0516761
0.0524206
0.0561824
0.0469717
0.0650845
0.0794405
0.0620893
0.0835198
0.0893444
0.0973682
0.101905
0.12246
0.109235
0.136451
0.118728
0.112341
0.115826
0.118701
0.127756
0.126418
0.131748
0.129152
0.140061
0.13721
0.126952
0.120032
0.142768
0.174231
0.166394
0.183745
0.183824
0.198599
0.174238
0.203319
0.1921
0.227512
0.225779
0.236883
0.244382
0.260296
0.252481
0.224342
0.200173
0.136965
0.150498
0.138193
0.134101
0.161786
0.168358
0.173797
0.158317
0.165489
0.150674
0.134459
0.188342
0.167081
0.166839
0.217622
0.214403
0.181964
0.170267
0.162959
0.200821
0.165527
0.184662
0.235124
0.258926
0.223805
0.256552
0.23294
0.250773
0.215626
0.222557
0.209614
0.189162
0.173534
0.16037
0.14365
0.134878
0.135126
0.12069
0.105445
0.0731704
0.0662657
0.0661024
0.0597364
0.039911
0.039579
0.0327454
0.0189223
0.0137927
0.011147
0.0131349
0.0127582
0.0122815
0.0122012
0.025223
0.0117138
0.00997443
0.0105215
0.010188
0.0185249
0.0145902
0.0227836
0.0331142
0.0241877
0.0271254
0.0127492
0.0182533
0.00601262
0.0138355
0.00735389
0.00464295
0.00738253
0.00984598
0.00518881
0.00445342
0.0122903
0.000997303
0.00612904
0.0042568
0
0.00119183
0.0117619
0.0152689
0.0276808
0.0171207
0.0175563
0.023769
0.0202147
0.015018
0.013101
0.00818164
0.0172419
0.00948701
0.0149334
0.0202189
0.0221546
0.0141217
0.0125401
0.0148663
0.0133711
0.0133057
0.0155944
0.0294527
0.0247686
0.0302046
0.0274942
0.0306878
0.0342058
0.0290959
0.0281393
0.0253909
0.0253004
0.0236081
0.0286077
0.0282391
0.0291405
0.0316296
0.0288417
0.0302658
0.0300518
0.0289661
0.0311482
0.0317199
0.0355675
0.03047
0.0321525
0.031576
0.0457199
0.0359515
0.0410923
0.0389918
0.0350582
0.0282997
0.0269625
0.0326408
0.0327104
0.0238186
0.0371319
0.0376781
0.0346166
0.0304997
0.0331684
0.0256204
0.031121
0.0309716
0.0294413
0.0286918
0.0390194
0.0414701
0.0485794
0.0482444
0.052088
0.0559615
0.0554576
0.061713
0.0667115
0.0666072
0.0626545
0.0647884
0.0623596
0.0704587
0.0718347
0.06571
0.0747504
0.0761577
0.0785654
0.0767184
0.0758658
0.0773874
0.0760132
0.0875694
0.0959889
0.103159
0.10144
0.109665
0.105745
0.10536
0.107132
0.113862
0.111399
0.12182
0.121884
0.114826
0.116158
0.117295
0.110996
0.112643
0.110684
0.121243
0.109321
0.10367
0.102732
0.121367
0.1078
0.111345
0.131795
0.12215
0.146866
0.136454
0.127847
0.117348
0.10601
0.0996914
0.110666
0.0999672
0.10654
0.105006
0.0991171
0.104871
0.107771
0.109703
0.118001
0.0964553
0.0929597
0.102206
0.110173
0.0883031
0.0917774
0.090485
0.0950305
0.0915993
0.0948602
0.0936984
0.0729158
0.0935044
0.0678017
0.086202
0.0851451
0.0750491
0.056756
0.0652821
0.0614633
0.0613556
0.0620708
0.052678
0.0525368
0.0604043
0.05474
0.0590887
0.0478538
0.0470806
0.0548913
0.0523038
0.0604607
0.0656965
0.0610192
0.0542071
0.0625196
0.0614929
0.0527233
0.0667869
0.0531988
0.0450065
0.0351019
0.0331144
0.0302559
0.0239756
0.0204334
0.00911252
0.0183768
0.0169708
0.0220403
0.0148913
0.018566
0.0282978
0.0170873
0.00797385
0.00997263
0.0151046
0.0171656
0.0175899
0.017119
0.0239268
0.032481
0.0316029
0.0452365
0.0384006
0.0472558
0.0422743
0.0458438
0.0365698
0.0538986
0.0480842
0.0455536
0.0405543
0.0422319
0.0362287
0.0200644
0.0206692
0.0213577
0.0331099
0.0247459
0.0222621
0.0150541
0.0189119
0.026976
0.016368
0.019538
0.0134969
0.0157962
0.0132134
0.0171051
0.0158693
0.0230678
0.0257624
0.025219
0.0166913
0.017174
0.0280055
0.031787
0.0237275
0.0277863
0.0318433
0.0232497
0.0169213
0.0115853
0.0289797
0.0179455
0.019146
0.0140481
0.0128725
0.0144226
0.0195021
0.0178311
0.0213809
0.0203916
0.0197898
0.0163668
0.0133133
0.0144448
0.021572
0.0210905
0.0333324
0.026735
0.0325256
0.0238127
0.0371739
0.0494029
0.0330326
0.0362308
0.0387464
0.0458693
0.0365298
0.0344065
0.023499
0.0314766
0.0297202
0.0219956
0.0254378
0.0218928
0.020284
0.0223682
0.0253604
0.0199169
0.0163275
0.0197291
0.0199745
0.0263928
0.0272601
0.0248309
0.023249
0.0262271
0.0241382
0.0230036
0.0306765
0.0267054
0.0393636
0.0414743
0.0449907
0.0417303
0.0483577
0.0549148
0.0491013
0.0506285
0.0448949
0.0473319
0.0526863
0.0441924
0.0448466
0.0422281
0.0474977
0.0409616
0.0474944
0.0457077
0.044799
0.0475524
0.0442208
0.0528057
0.0422886
0.0539616
0.0498915
0.0541597
0.0465525
0.0481892
0.0529472
0.0596131
0.0614631
0.0629557
0.0712754
0.0742451
0.0901494
0.125892
0.1886
0.393254
0.617288
0.730161
0.750693
0.725491
0.619988
0.385858
0.193398
0.124338
0.0921295
0.0800436
0.0825376
0.0751925
0.0755583
0.075201
0.0751887
0.0723339
0.08112
0.0761026
0.0733
0.0738557
0.0727996
0.0735719
0.0651435
0.0676842
0.0696958
0.072735
0.070154
0.0670307
0.0658083
0.071169
0.0638652
0.0684916
0.0650963
0.0659772
0.0560293
0.0591977
0.0658707
0.0584155
0.0679881
0.0626107
0.0560272
0.0610569
0.0590055
0.0603778
0.0607195
0.0676032
0.0620626
0.0650621
0.0643015
0.062646
0.0683297
0.0698046
0.0721481
0.0740482
0.0741867
0.0655295
0.0745748
0.0750606
0.0682084
0.0732623
0.0793438
0.0738284
0.0716154
0.0708613
0.0733958
0.067445
0.0606914
0.0681684
0.0626369
0.063983
0.0644541
0.0617896
0.063862
0.0677629
0.0721404
0.057406
0.0623977
0.0634642
0.0614105
0.0610401
0.0629307
0.0656477
0.0696923
0.0720222
0.0672715
0.0583945
0.0603665
0.0603291
0.0680245
0.0694927
0.0673207
0.0692021
0.0718339
0.0705177
0.0729903
0.0708819
0.0753688
0.0653094
0.0656181
0.0748616
0.071507
0.0728373
0.0769067
0.0759069
0.0763743
0.0637766
0.0772177
0.0847917
0.0601868
0.0808875
0.0773552
0.0825277
0.0841987
0.0937956
0.0916994
0.0758845
0.0897889
0.0878176
0.0896803
0.101526
0.0883738
0.0926126
0.0924633
0.0778425
0.0896171
0.0844629
0.0825855
0.0965639
0.0904705
0.0897253
0.0920756
0.0942144
0.0919514
0.09233
0.0917626
0.0936341
0.100553
0.0890072
0.109264
0.099132
0.0929738
0.0920407
0.0702612
0.0998154
0.104465
0.0976246
0.0846278
0.120342
0.100711
0.113604
0.108663
0.1118
0.103125
0.0993409
0.100541
0.109821
0.104159
0.108551
0.0981848
0.0926579
0.138566
0.106363
0.123615
0.11673
0.136576
0.116293
0.154688
0.128449
0.131116
0.132868
0.138642
0.138681
0.14509
0.143989
0.14772
0.13571
0.140506
0.17711
0.182636
0.152387
0.136099
0.12737
0.125041
0.137988
0.133197
0.130198
0.122398
0.109547
0.124165
0.116526
0.125975
0.129113
0.104809
0.0791641
0.101421
0.112847
0.114152
0.0858651
0.104019
0.110868
0.0807118
0.101312
0.105171
0.0857892
0.122689
0.1097
0.0960141
0.0850546
0.0974758
0.0919232
0.110577
0.099757
0.105368
0.0860343
0.10725
0.100547
0.111995
0.100676
0.130769
0.123707
0.128407
0.139407
0.134303
0.119303
0.150307
0.123615
0.0965973
0.0814205
0.0713462
0.0798217
0.0817854
0.094455
0.0893617
0.0898118
0.103895
0.0986322
0.0731562
0.0982087
0.0865396
0.0780764
0.0957884
0.0764944
0.0857295
0.102191
0.103855
0.103012
0.108166
0.122294
0.127609
0.158207
0.168569
0.162843
0.185407
0.17324
0.192348
0.222723
0.245157
0.254189
0.255674
0.236536
0.209585
0.135694
0.0951695
0.08734
0.0832272
0.0679859
0.0752545
0.0773075
0.0824971
0.0655091
0.0714634
0.0688769
0.0790832
0.0976454
0.0634542
0.0906651
0.07875
0.0512113
0.066264
0.0553742
0.0743454
0.0661214
0.0797255
0.0713702
0.0682589
0.0704542
0.0639204
0.0647716
0.072469
0.0638924
0.0674049
0.0752034
0.0695772
0.0695586
0.0765079
0.0616871
0.0804493
0.0615677
0.0665315
0.0778664
0.070627
0.0768243
0.0776496
0.0680682
0.0751712
0.0723487
0.0716346
0.0804264
0.071264
0.0712875
0.0824747
0.0808696
0.0723421
0.0765083
0.0706327
0.0734341
0.0811252
0.0732185
0.064062
0.0697526
0.0561632
0.0598212
0.0570841
0.062508
0.0626757
0.0544344
0.0647992
0.0631399
0.0490996
0.0609041
0.0691493
0.0672288
0.0688391
0.0644079
0.0573694
0.0637036
0.0743304
0.0654051
0.0682765
0.0731168
0.0733438
0.0648221
0.0629267
0.0590943
0.0601527
0.0621311
0.0639137
0.0597763
0.0651499
0.0647688
0.0647224
0.0683005
0.0596206
0.0723654
0.0665754
0.0730254
0.0748483
0.075154
0.0769375
0.0756563
0.0774224
0.0786758
0.076626
0.0776804
0.0916841
0.0925803
0.0906369
0.0947978
0.108895
0.112712
0.101383
0.113186
0.123806
0.111414
0.111679
0.121069
0.103605
0.0869657
0.0753377
0.0734157
0.0612959
0.0666071
0.0532254
0.0573583
0.0646674
0.0624561
0.0617429
0.0608774
0.0617484
0.0621752
0.0655057
0.0666134
0.0655523
0.0657328
0.0671677
0.0699859
0.0719082
0.0799021
0.0791702
0.0787965
0.0859667
0.0925517
0.0949543
0.0945296
0.0942119
0.10215
0.120023
0.119289
0.137374
0.138055
0.158617
0.161753
0.169672
0.168308
0.169472
0.167974
0.158337
0.145068
0.128256
0.122011
0.107211
0.096419
0.0867163
0.0839469
0.0814442
0.107908
0.0802968
0.0885923
0.0917793
0.0901337
0.0918218
0.0968248
0.0923978
0.0891871
0.0924178
0.0897374
0.101919
0.103089
0.105792
0.100364
0.104687
0.114748
0.121264
0.119282
0.129261
0.134437
0.133429
0.141634
0.14567
0.153021
0.160513
0.165899
0.17843
0.190381
0.19623
0.20783
0.207608
0.20072
0.187019
0.182535
0.164631
0.147538
0.136404
0.125161
0.111173
0.103836
0.101969
0.107081
0.102025
0.0972475
0.112198
0.10649
0.101637
0.110481
0.105487
0.111353
0.0903109
0.098773
0.105278
0.0827969
0.0891591
0.0753726
0.0931681
0.0761779
0.0969879
0.0723321
0.0966729
0.0879904
0.0893124
0.0863887
0.0775938
0.0783415
0.0867512
0.0800429
0.0852341
0.0768075
0.0818136
0.0875603
0.0832184
0.0751218
0.086255
0.0878158
0.0900335
0.08415
0.0897718
0.0873468
0.0893789
0.0920742
0.0857019
0.0869549
0.0843706
0.0867342
0.0924695
0.0927448
0.0837477
0.0844112
0.091469
0.0961765
0.0825796
0.0921875
0.0964226
0.0981261
0.086117
0.0988471
0.0878382
0.0868483
0.0763705
0.0852055
0.0773496
0.0826432
0.0779361
0.0835326
0.0821076
0.0787824
0.092621
0.0839517
0.0939349
0.0985134
0.111632
0.101711
0.128134
0.139886
0.136392
0.14958
0.143242
0.14086
0.159627
0.15841
0.160776
0.181989
0.18422
0.190896
0.178789
0.193997
0.173249
0.16672
0.181905
0.156354
0.149299
0.150762
0.142825
0.131011
0.116088
0.124458
0.113957
0.122611
0.131345
0.125783
0.137419
0.132139
0.146936
0.150619
0.174042
0.152052
0.168573
0.157767
0.1738
0.168787
0.17712
0.177638
0.181837
0.156704
0.163564
0.163499
0.158643
0.152076
0.157813
0.159194
0.15393
0.157664
0.144158
0.157287
0.140418
0.12433
0.158051
0.149903
0.16839
0.138318
0.160951
0.156478
0.168891
0.164411
0.15785
0.176342
0.19554
0.195492
0.171361
0.216935
0.182786
0.195694
0.209283
0.221772
0.191103
0.22045
0.20945
0.203046
0.22332
0.213893
0.223515
0.227949
0.23408
0.238056
0.238938
0.242967
0.251838
0.261234
0.26951
0.267716
0.249083
0.242154
0.228861
0.242544
0.228222
0.216011
0.196393
0.195872
0.159072
0.164709
0.142314
0.156856
0.14541
0.151947
0.144493
0.132759
0.129472
0.134478
0.130105
0.118184
0.112469
0.137154
0.142909
0.125176
0.160092
0.136921
0.15126
0.148696
0.187503
0.156968
0.204589
0.184511
0.198171
0.185405
0.214814
0.208425
0.241425
0.240173
0.248371
0.239287
0.28861
0.214949
0.257327
0.258806
0.275352
0.280512
0.302232
0.312189
0.291378
0.298073
0.314636
0.295223
0.333229
0.313576
0.306352
0.316858
0.298834
0.301602
0.299422
0.264539
0.271056
0.252386
0.235864
0.218365
0.194879
0.182131
0.133803
0.164736
0.159834
0.134123
0.103588
0.145065
0.175376
0.104364
0.104223
0.129349
0.166161
0.100941
0.118999
0.133592
0.127638
0.111633
0.138972
0.118039
0.0855603
0.104379
0.131476
0.1522
0.116933
0.168141
0.0988145
0.112209
0.129279
0.124789
0.124944
0.146139
0.198325
0.161524
0.154301
0.159013
0.145354
0.158641
0.138021
0.196211
0.166906
0.143035
0.142284
0.192479
0.12453
0.145915
0.194448
0.12212
0.157647
0.142399
0.206027
0.182964
0.165442
0.152088
0.153305
0.128715
0.151147
0.161797
0.152964
0.163341
0.152838
0.132112
0.170492
0.167695
0.142435
0.166809
0.142957
0.155558
0.154763
0.172542
0.137801
0.151847
0.142268
0.166084
0.166523
0.154782
0.117021
0.15793
0.14457
0.127972
0.0924259
0.106938
0.1462
0.124283
0.145204
0.108038
0.138059
0.107126
0.141518
0.112756
0.0840574
0.167972
0.130778
0.169516
0.123884
0.0868422
0.132574
0.164847
0.150056
0.166756
0.101406
0.140326
0.132407
0.131191
0.1598
0.11048
0.158401
0.174484
0.198375
0.171983
0.16367
0.138913
0.167686
0.123716
0.176177
0.176312
0.148403
0.19179
0.195408
0.179587
0.142624
0.212221
0.186449
0.175825
0.153496
0.149796
0.174542
0.173945
0.159693
0.190027
0.177565
0.12411
0.103602
0.121278
0.124135
0.124387
0.0836374
0.0710001
0.0629711
0.0610473
