0.1119
0.120176
0.127376
0.1245
0.125894
0.132686
0.133876
0.131294
0.132404
0.141889
0.141053
0.153197
0.149733
0.153779
0.156723
0.158958
0.163998
0.167123
0.169633
0.161017
0.153664
0.167234
0.157645
0.168911
0.170308
0.179955
0.180971
0.18146
0.191383
0.18829
0.190482
0.196254
0.197147
0.200254
0.198571
0.202479
0.206688
0.204912
0.20429
0.196069
0.191634
0.185869
0.199886
0.201366
0.20733
0.214223
0.216195
0.218316
0.225118
0.221443
0.222023
0.208521
0.196747
0.194651
0.194866
0.194897
0.210532
0.232421
0.237752
0.224051
0.209252
0.173809
0.162283
0.142069
0.135095
0.122441
0.12035
0.11796
0.115595
0.119753
0.108377
0.10275
0.10515
0.103923
0.105371
0.108681
0.104806
0.106242
0.108389
0.10601
0.113354
0.111562
0.11139
0.109364
0.10889
0.117726
0.118534
0.12281
0.120691
0.127792
0.137813
0.135958
0.139084
0.148941
0.154888
0.165316
0.169639
0.184009
0.189194
0.192448
0.201543
0.200179
0.190683
0.185157
0.174335
0.166996
0.155379
0.155003
0.158423
0.158864
0.161891
0.163436
0.165137
0.16565
0.169198
0.169395
0.162034
0.151388
0.147264
0.148482
0.151974
0.156424
0.161348
0.159599
0.163419
0.179545
0.176916
0.177828
0.183516
0.185522
0.193581
0.192212
0.196591
0.194823
0.19401
0.195195
0.202209
0.203759
0.201314
0.193753
0.183907
0.175286
0.163681
0.151838
0.157974
0.17325
0.174756
0.181154
0.195033
0.194507
0.202369
0.212379
0.209517
0.211506
0.222026
0.223063
0.224326
0.225359
0.228933
0.22661
0.227228
0.231411
0.230938
0.222867
0.209326
0.180625
0.14756
0.116947
0.113185
0.108539
0.108484
0.100244
0.104862
0.111218
0.106343
0.106567
0.108382
0.115828
0.117179
0.117415
0.120765
0.124445
0.128521
0.123589
0.120481
0.117418
0.125783
0.11726
0.124715
0.117797
0.118594
0.122621
0.118241
0.123368
0.125507
0.127377
0.125838
0.121908
0.112685
0.112122
0.109591
0.10235
0.0997203
0.103358
0.0953953
0.101074
0.100165
0.11352
0.113579
0.124834
0.126618
0.126657
0.129485
0.133494
0.143865
0.144593
0.150055
0.147172
0.152018
0.157064
0.157998
0.160329
0.154655
0.153571
0.133101
0.116429
0.117613
0.115318
0.113431
0.126425
0.119008
0.124653
0.127389
0.141798
0.141687
0.150811
0.158199
0.161
0.162063
0.166821
0.169591
0.179347
0.179573
0.182329
0.189629
0.192986
0.19639
0.202804
0.20097
0.194364
0.207157
0.206017
0.209233
0.200289
0.204335
0.197817
0.168781
0.143783
0.136664
0.120368
0.130775
0.132357
0.121532
0.131139
0.147771
0.145085
0.151482
0.153447
0.157618
0.148138
0.164901
0.176122
0.170138
0.182152
0.186379
0.185482
0.183863
0.185696
0.192253
0.18594
0.175912
0.166069
0.151517
0.134662
0.117564
0.112274
0.110088
0.115703
0.121835
0.116917
0.125088
0.132175
0.128111
0.118736
0.12368
0.129374
0.129566
0.152151
0.135506
0.122421
0.114544
0.119883
0.122028
0.112962
0.115539
0.118632
0.123127
0.112802
0.125057
0.132031
0.127248
0.127128
0.121219
0.107556
0.111986
0.105779
0.103742
0.10359
0.105095
0.10021
0.104459
0.0953415
0.104325
0.101529
0.0969437
0.106872
0.109643
0.105958
0.101471
0.104195
0.114506
0.116419
0.125562
0.134797
0.13516
0.129004
0.131599
0.147833
0.148039
0.14181
0.142618
0.145064
0.143052
0.147316
0.133125
0.12091
0.117707
0.110889
0.10209
0.101057
0.0958489
0.105601
0.113224
0.0987173
0.0994815
0.102053
0.126797
0.107021
0.112188
0.12163
0.115243
0.108595
0.122513
0.124041
0.122368
0.137259
0.125087
0.129046
0.14037
0.149309
0.165347
0.175194
0.167808
0.177828
0.176547
0.171827
0.176108
0.169911
0.172979
0.13906
0.12175
0.115858
0.103151
0.111822
0.101897
0.106554
0.106221
0.100343
0.108687
0.105639
0.109553
0.109566
0.103821
0.11716
0.101759
0.11379
0.110824
0.117035
0.118646
0.11525
0.108892
0.10399
0.109545
0.109885
0.117531
0.118479
0.122953
0.127172
0.137755
0.155337
0.168237
0.183909
0.186273
0.192086
0.201702
0.191277
0.181513
0.178967
0.156926
0.150697
0.1405
0.155302
0.146254
0.145346
0.136095
0.144622
0.149571
0.152289
0.150263
0.149373
0.152834
0.152971
0.1499
0.156811
0.146438
0.139937
0.132973
0.138238
0.131581
0.144181
0.130887
0.135197
0.128566
0.1268
0.129656
0.141467
0.134352
0.138229
0.126785
0.123741
0.125594
0.113382
0.144643
0.128133
0.129366
0.117679
0.132145
0.133038
0.135563
0.137062
0.126212
0.12041
0.13095
0.149028
0.160123
0.150863
0.145088
0.146558
0.154396
0.148141
0.15293
0.143844
0.158002
0.168646
0.167288
0.16513
0.154106
0.174452
0.174381
0.181888
0.214009
0.219304
0.236486
0.243807
0.217171
0.210007
0.155737
0.149718
0.156873
0.134578
0.137569
0.154465
0.187251
0.22253
0.26733
0.30925
0.341759
0.337607
0.316835
0.278598
0.210798
0.151518
0.126205
0.117768
0.110927
0.109416
0.111937
0.114855
0.115421
0.124046
0.126601
0.13641
0.124465
0.130493
0.141889
0.137633
0.133677
0.143782
0.140816
0.147961
0.152913
0.133596
0.131521
0.115478
0.114724
0.128678
0.0990764
0.114938
0.11372
0.107686
0.113397
0.0960482
0.0862837
0.0836974
0.0943827
0.0877286
0.0953137
0.0917719
0.106743
0.0888023
0.115413
0.104375
0.0965702
0.102737
0.102332
0.121018
0.117029
0.116491
0.118181
0.0973116
0.120425
0.0924926
0.107112
0.133057
0.100209
0.110614
0.119371
0.0931685
0.0958422
0.112278
0.0998821
0.122492
0.120902
0.109331
0.114381
0.107647
0.118194
0.139046
0.117146
0.116889
0.121475
0.106786
0.10623
0.113959
0.108847
0.123575
0.112674
0.118325
0.132904
0.123594
0.111757
0.111366
0.12325
0.127369
0.132454
0.127245
0.129098
0.125967
0.121528
0.1081
0.11733
0.132902
0.111557
0.0876376
0.102518
0.121686
0.106054
0.0845158
0.0896294
0.086458
0.0904968
0.0844638
0.0900197
0.0898458
0.100408
0.081763
0.0928426
0.078794
0.0830406
0.0898651
0.0852718
0.0921565
0.0945723
0.0854651
0.0960205
0.0915986
0.100967
0.0697704
0.0931844
0.0798235
0.0638998
0.0616442
0.0658296
0.0704489
0.0638078
0.0756219
0.079102
0.0838681
0.0804711
0.107338
0.0933096
0.0995241
0.0993774
0.0976131
0.0967687
0.10991
0.0966397
0.0998198
0.0871803
0.0935325
0.0660682
0.0608156
0.0457012
0.0734064
0.0614687
0.0812374
0.0826612
0.0805407
0.0949202
0.0760541
0.10022
0.081899
0.12066
0.0932966
0.0657942
0.0843901
0.104285
0.101783
0.0819596
0.0972634
0.11188
0.126836
0.123121
0.0833046
0.128593
0.114998
0.0919135
0.0973431
0.100291
0.0882343
0.099728
0.103917
0.0832994
0.0982229
0.10109
0.112534
0.109621
0.106568
0.119372
0.11415
0.0939792
0.107279
0.111279
0.112342
0.114443
0.118398
0.118554
0.099546
0.123414
0.0783609
0.0787219
0.0958576
0.0941341
0.0933919
0.0823779
0.076049
0.0831214
0.0732711
0.0768061
0.059016
0.0702599
0.0669274
0.0566538
0.0628375
0.05518
0.0556709
0.0524961
0.0466934
0.0482267
0.0547491
0.0429065
0.0412716
0.0447807
0.047427
0.0529649
0.0415598
0.03882
0.0396559
0.034044
0.0354762
0.0353475
0.0394433
0.0437476
0.0351483
0.0505915
0.0293357
0.0387115
0.0397268
0.0406371
0.0495141
0.039965
0.0419463
0.0522652
0.0337684
0.0414449
0.0554361
0.0464051
0.0245546
0.0361728
0.0348132
0.056617
0.0543323
0.062875
0.0518348
0.0580466
0.0549586
0.0541337
0.0278946
0.045341
0.0328271
0.0319273
0.0358163
0.0446346
0.0377069
0.0372686
0.0226987
0.0417014
0.0446293
0.0455472
0.0353652
0.0324751
0.054115
0.0583189
0.0404672
0.0531
0.0492092
0.0315369
0.0502673
0.0373163
0.0439762
0.0455729
0.0372223
0.0305794
0.0357544
0.038066
0.0476408
0.0428699
0.0335736
0.0707422
0.0599013
0.0616879
0.0812925
0.0572071
0.0704763
0.068959
0.0575904
0.0823557
0.081899
0.0891676
0.0767332
0.0894905
0.0903152
0.079366
0.0893324
0.0835753
0.0702693
0.0888983
0.111629
0.0933267
0.0926915
0.0948416
0.121967
0.0982319
0.137883
0.125822
0.123431
0.118739
0.13973
0.127727
0.141136
0.146761
0.137316
0.11125
0.0775266
0.110041
0.101024
0.0950917
0.105201
0.0941178
0.100533
0.0954875
0.116684
0.0962205
0.0884152
0.11068
0.0850448
0.101803
0.137118
0.0986275
0.111457
0.0997239
0.105777
0.117329
0.103111
0.111417
0.144688
0.150958
0.139112
0.110853
0.139695
0.145156
0.146284
0.133195
0.124916
0.121787
0.115925
0.0895509
0.0861091
0.0670733
0.0762852
0.0754735
0.0670253
0.0349503
0.0526906
0.0338653
0.0281671
0.0196736
0.020504
0.0261828
0.0173185
0.000146191
0.0158438
0.0179714
0.0171869
0.0137807
0.0144881
0.0260862
0.0151385
0.00714497
0.0110246
0.0124579
0.0119627
0.0188503
0.0148928
0.0270702
0.0294236
0.0199881
0.0104507
0.0220676
0
0.0143821
0.00751193
0.0073337
0.0106727
0.00967442
0.00935894
0.0058867
0.0108073
0.00391317
0.00588425
0.00842549
0.00456078
0.00607695
0.0103394
0.0122184
0.0087903
0.0109241
0.013216
0.0139854
0.0136008
0.00983245
0.00620144
0.00995622
0.0101022
0.00335388
0.0122032
0.0193969
0.0190679
0.0157093
0.0105502
0.0174715
0.0135543
0.0129723
0.0116711
0.0231299
0.0172
0.0226889
0.018318
0.018774
0.0269245
0.0242864
0.0215854
0.0158413
0.0146105
0.0130843
0.0232974
0.0181566
0.0140536
0.0191523
0.0226621
0.0218536
0.0182879
0.0159851
0.0228707
0.0222539
0.0286863
0.0211304
0.0245069
0.015093
0.0367097
0.0238797
0.0298252
0.0226722
0.0230367
0.0189888
0.0186702
0.0184984
0.0176584
0.0140733
0.0205247
0.0205913
0.0200046
0.0208928
0.0171731
0.01775
0.0213494
0.0220661
0.0235088
0.0140452
0.0278301
0.0200886
0.034643
0.0327656
0.0325987
0.0330193
0.0388884
0.0310424
0.04655
0.0396123
0.0284413
0.039477
0.0371074
0.0384304
0.040401
0.0352342
0.043573
0.0420433
0.0507123
0.0502593
0.0451838
0.0449617
0.0458981
0.0449592
0.0562793
0.0553059
0.0600778
0.0624625
0.0661614
0.0594041
0.062265
0.0618103
0.0583284
0.0676304
0.0652928
0.0610782
0.0733202
0.0641416
0.0680875
0.0558115
0.0591775
0.0584534
0.0598447
0.0626421
0.0591137
0.0677304
0.052726
0.0573475
0.0705573
0.0716551
0.0871129
0.073196
0.0728917
0.0585112
0.0616626
0.0569788
0.0634709
0.0647398
0.0529118
0.0611117
0.0610232
0.0645352
0.0471343
0.0625814
0.0716186
0.0599437
0.0448001
0.0683487
0.0697553
0.0492667
0.0547365
0.0546341
0.0508768
0.0507201
0.0541089
0.0491714
0.0415854
0.0605199
0.0516181
0.0516789
0.0408117
0.0403924
0.0323923
0.0362082
0.0378996
0.0419013
0.0413522
0.0345627
0.0305259
0.0383227
0.0344247
0.0243549
0.0289308
0.038674
0.035324
0.0308264
0.030762
0.0459809
0.0409287
0.0361362
0.0388586
0.0413203
0.018361
0.026587
0.0410238
0.0186176
0.02997
0.0200748
0.0255045
0.00720759
0.0167186
0.0128672
0.0190824
0.00703859
0.0160144
0.0162451
0.00876449
0.0239123
0.0233005
0.000791667
0.0143147
0.00782374
0.0170364
0.0182036
0.010513
0.0174404
0.0193008
0.0157149
0.0307849
0.0325357
0.0314751
0.0333114
0.0133728
0.0314622
0.0483899
0.0360204
0.0287879
0.0202497
0.0374747
0.023172
0.0238247
0.0319822
0.01122
0.0228811
0.0208445
0.0158561
0.0110373
0.0139608
0.0175313
0.0197063
0.00689362
0.0085771
0.0194491
0.0124203
0.0101057
0.0117984
0.00863109
0.0158308
0.0164844
0.017256
0.0134349
0.0215163
0.0206981
0.0129977
0.0186687
0.022052
0.0223181
0.00717412
0.0171774
0.0167028
0.0135827
0.0172297
0.00538969
0.0140725
0.0127115
0.0114262
0.00707173
0.0143695
0.0229236
0.0146794
0.010603
0.0103505
0.0105657
0.0147575
0.0150372
0.016275
0.00882397
0.0268881
0.0219217
0.0348756
0.0250311
0.0284389
0.0218931
0.0235623
0.0244427
0.0279538
0.0280546
0.0096127
0.0243263
0.0158055
0.00210524
0.0182514
0.0151346
0.01532
0.0195402
0.0131958
0.0137454
0.00941869
0.0148672
0.0169249
0.00881899
0.0176287
0.0154408
0.0211194
0.0209003
0.0209423
0.0119871
0.0260736
0.0141719
0.0216913
0.0236319
0.0343752
0.0208755
0.0315627
0.0340736
0.0364311
0.0266324
0.0313477
0.0285347
0.0332455
0.0286868
0.0256097
0.0291133
0.0245935
0.0258365
0.026638
0.022022
0.0264601
0.0215471
0.021662
0.0316909
0.0225224
0.0300145
0.0376356
0.0297215
0.0233453
0.0345782
0.0335892
0.0350722
0.0298987
0.0336355
0.0433231
0.0454086
0.0528304
0.0731717
0.117614
0.251939
0.398412
0.472085
0.482893
0.471102
0.394025
0.253129
0.117522
0.0827539
0.0537637
0.0438605
0.0448759
0.0405125
0.0408162
0.0391967
0.0389989
0.0415363
0.0428521
0.0434261
0.0400078
0.0397093
0.0348361
0.0391568
0.0370483
0.0386032
0.0377528
0.0380194
0.0414746
0.03825
0.0334247
0.0409047
0.0400256
0.0359892
0.0320708
0.0372241
0.0303443
0.03551
0.0404593
0.038309
0.0398185
0.0343939
0.0328679
0.0453065
0.0325683
0.0371922
0.0369237
0.0362957
0.0400708
0.0334135
0.0348595
0.0301501
0.0451375
0.032957
0.0395832
0.0397032
0.0363747
0.036946
0.0393732
0.0422604
0.0368283
0.0454123
0.0434239
0.0455217
0.0396838
0.0397136
0.0383354
0.0391083
0.028227
0.0386815
0.0333998
0.0282645
0.0251679
0.024062
0.0360098
0.0357114
0.0480624
0.0284617
0.0374084
0.0379239
0.0361232
0.0358113
0.0321128
0.0288276
0.0382449
0.0395455
0.0424748
0.033693
0.0268277
0.0331338
0.0377413
0.036124
0.0370593
0.0380522
0.0323058
0.0443238
0.0344876
0.0367207
0.0408313
0.035749
0.034028
0.044582
0.0430444
0.0428753
0.0495195
0.0398385
0.044472
0.0354246
0.0444811
0.0580798
0.0422215
0.0622527
0.0444963
0.0507884
0.0419765
0.0526542
0.053588
0.0358684
0.0402316
0.0549614
0.0531953
0.0538502
0.0529407
0.0455234
0.0571732
0.0383255
0.0525608
0.0334784
0.0471653
0.0447336
0.0572396
0.0564242
0.0432545
0.0418404
0.0437698
0.0543272
0.055596
0.0450882
0.0454276
0.0401525
0.0540637
0.0563082
0.0501114
0.047393
0.0514777
0.0504679
0.0627383
0.0548481
0.0160703
0.0808236
0.0644957
0.0913577
0.0465171
0.054125
0.0806757
0.0595873
0.0830319
0.0793054
0.0745539
0.0493008
0.0631807
0.0484232
0.0684898
0.0666394
0.100467
0.0766021
0.0750413
0.0538992
0.108236
0.0635742
0.0690717
0.0725937
0.08219
0.0890422
0.0979962
0.0857954
0.0750035
0.0866564
0.0819222
0.0960896
0.127702
0.104465
0.0756083
0.0908754
0.0788157
0.0925147
0.104202
0.0943891
0.092951
0.0868608
0.0714886
0.0880179
0.0680793
0.0920067
0.0589834
0.072385
0.0658268
0.0517944
0.0697154
0.0573188
0.0541365
0.057303
0.0427471
0.060476
0.067642
0.0392366
0.074353
0.0564191
0.0677784
0.0571797
0.0567265
0.0463998
0.0537103
0.0521487
0.058322
0.0643741
0.05587
0.076708
0.0558612
0.0496862
0.0739663
0.0705177
0.0720161
0.0904038
0.0735655
0.0764663
0.0832128
0.0863976
0.0626773
0.0462284
0.0512636
0.0480117
0.0398706
0.0604221
0.0584638
0.0377757
0.0631141
0.0736582
0.0398691
0.0445779
0.0641267
0.0423056
0.0641209
0.0399242
0.0576922
0.0683872
0.0633043
0.0442561
0.0600609
0.0739219
0.0692121
0.0856687
0.0926181
0.0919681
0.102674
0.0989552
0.107918
0.126744
0.134389
0.146001
0.148209
0.133857
0.123985
0.0818925
0.0645984
0.0577245
0.0402496
0.0262274
0.0428429
0.0479118
0.0500698
0.0422305
0.0407704
0.0499094
0.0542079
0.0463405
0.0234979
0.0566623
0.0359677
0.0378728
0.0353373
0.0286184
0.0525834
0.028999
0.05276
0.0256035
0.0332376
0.0361027
0.0353421
0.0435375
0.029751
0.0250376
0.0342885
0.0397246
0.0317147
0.0396263
0.0472217
0.028999
0.0402803
0.0341986
0.0375271
0.0326034
0.0394284
0.0495922
0.0328605
0.0410086
0.0442601
0.0375266
0.0449783
0.0364626
0.0438289
0.0350006
0.0468844
0.0550359
0.0436371
0.048733
0.0463839
0.0442265
0.0463519
0.0453173
0.0389811
0.0451781
0.0205739
0.0296681
0.0405566
0.0325655
0.0363692
0.0373631
0.0392753
0.0448253
0.0274189
0.0380099
0.0410306
0.0433477
0.0386855
0.0323219
0.0325834
0.0357768
0.0446987
0.0409255
0.0439767
0.050344
0.0389124
0.0384968
0.0375548
0.0292929
0.0377026
0.0389983
0.0379526
0.0410111
0.0408019
0.0409373
0.0334715
0.029873
0.0319706
0.043108
0.0364594
0.0377762
0.0491749
0.0407489
0.0442235
0.0491629
0.0455944
0.052999
0.0412337
0.0445572
0.0556286
0.0573495
0.0617257
0.0575835
0.0653284
0.057531
0.0688343
0.0691216
0.0868087
0.0770089
0.077756
0.0787592
0.0686693
0.0589436
0.0529411
0.0560452
0.0409281
0.0408991
0.0344608
0.0373176
0.0412475
0.0401118
0.0378079
0.0346856
0.0277489
0.0366439
0.0346076
0.0444461
0.0406956
0.0407289
0.0437429
0.0385819
0.0333702
0.0506888
0.0494963
0.0433799
0.0429339
0.056751
0.0565629
0.0569715
0.0529455
0.059396
0.0637719
0.0719596
0.0828591
0.0836081
0.0948221
0.0914904
0.100589
0.0980461
0.102258
0.0953218
0.0951455
0.0851307
0.079345
0.077144
0.0558243
0.0659746
0.0407378
0.0524261
0.0378934
0.0602025
0.0419916
0.0561745
0.0572224
0.0581012
0.0530592
0.0532014
0.0574995
0.0477267
0.04886
0.0605913
0.0600857
0.070908
0.0595794
0.0650526
0.0621372
0.0563276
0.0701113
0.0648448
0.0657051
0.0777565
0.0775445
0.0813882
0.0853474
0.0871833
0.0877127
0.0962157
0.100355
0.105237
0.111461
0.120739
0.115865
0.114903
0.111002
0.104273
0.0968368
0.0857972
0.0720096
0.069424
0.0531378
0.0582132
0.0562509
0.0510348
0.0662233
0.0508859
0.066037
0.0697675
0.0587536
0.05634
0.0693676
0.0584617
0.0607281
0.0498808
0.0775762
0.0473941
0.0594448
0.040522
0.0401678
0.0484083
0.0654064
0.046261
0.0543134
0.0501635
0.0492178
0.0538506
0.0485602
0.0437744
0.0563922
0.0435122
0.0515864
0.0460513
0.0499396
0.0551532
0.0444055
0.0423026
0.0491313
0.0478658
0.0520193
0.0477382
0.0540974
0.0418442
0.0517846
0.0517108
0.0471188
0.0465574
0.0490945
0.0429707
0.0444451
0.0439671
0.0451013
0.0443459
0.0433184
0.0520486
0.0504041
0.0452657
0.0474396
0.0511983
0.0349262
0.0632363
0.0561062
0.0539847
0.0534078
0.0693858
0.0620573
0.0659328
0.065892
0.0692132
0.0654481
0.0660382
0.0737532
0.0663354
0.0714055
0.0733553
0.0843171
0.0809707
0.0936093
0.0882763
0.0994753
0.0872331
0.0905975
0.111602
0.103235
0.107956
0.108688
0.110358
0.0981321
0.100532
0.0941401
0.106877
0.088528
0.102434
0.0991216
0.0710619
0.0979895
0.0830037
0.0855248
0.0829204
0.0817768
0.0677327
0.0778696
0.0915857
0.073278
0.067316
0.0834918
0.076381
0.0785481
0.0941102
0.0865228
0.104066
0.0993653
0.102854
0.104726
0.103902
0.104255
0.119223
0.117971
0.0909191
0.105385
0.116323
0.0923157
0.0876378
0.0874269
0.108242
0.0802394
0.104933
0.0917172
0.10467
0.126062
0.0843915
0.0988566
0.0777801
0.112946
0.0763593
0.107264
0.0938112
0.138498
0.138521
0.127716
0.0645753
0.101832
0.143382
0.139617
0.13412
0.11847
0.143414
0.132292
0.14027
0.117518
0.126125
0.139283
0.139556
0.13382
0.155815
0.146023
0.135318
0.142628
0.146221
0.134775
0.152387
0.152965
0.175882
0.156482
0.154322
0.158699
0.146787
0.138096
0.125286
0.144906
0.135829
0.102971
0.145954
0.120251
0.111008
0.0931513
0.111873
0.0925025
0.112816
0.0683883
0.0836699
0.0889763
0.0997973
0.0847576
0.0810177
0.081394
0.0887459
0.082106
0.0586206
0.105387
0.074966
0.0922184
0.0768062
0.106596
0.0941619
0.107702
0.110518
0.104166
0.11349
0.124968
0.140556
0.140248
0.138205
0.131469
0.110197
0.187918
0.122114
0.142479
0.178933
0.148663
0.165863
0.150641
0.185791
0.174203
0.192929
0.175896
0.163538
0.184323
0.196193
0.173696
0.188955
0.180075
0.189661
0.158699
0.16114
0.169978
0.164548
0.154656
0.128345
0.128554
0.124418
0.0817481
0.101319
0.0796563
0.104458
0.0499467
0.060714
0.0861693
0.0415613
0.073349
0.0813688
0.103113
0.0880664
0.0828233
0.0863841
0.126944
0.0659998
0.100178
0.0628344
0.0893132
0.096523
0.101852
0.105332
0.091763
0.115413
0.0463258
0.102373
0.11991
0.116032
0.102732
0.148659
0.105134
0.0976408
0.0407964
0.114021
0.117849
0.0769108
0.106771
0.149511
0.117706
0.108583
0.0916235
0.137454
0.0773574
0.121958
0.14916
0.118926
0.0980019
0.1253
0.151519
0.137573
0.141079
0.0811605
0.104797
0.0630434
0.107835
0.100429
0.105202
0.118511
0.0667397
0.066775
0.107541
0.128202
0.0738575
0.0852062
0.100682
0.102598
0.0851163
0.113842
0.0869572
0.0742729
0.114127
0.0968747
0.0994145
0.0694029
0.0654112
0.112948
0.0684799
0.123751
0.0628734
0.0844968
0.118956
0.0613508
0.0647064
0.0883075
0.0301951
0.0843571
0.106006
0.0935592
0.0251507
0.0865411
0.102353
0.0961055
0.0874464
0.0192307
0.0881015
0.140555
0.0435498
0.0733195
0.0762173
0.104926
0.0770116
0.0447143
0.0722533
0.0830912
0.142112
0.114974
0.147878
0.119933
0.10332
0.124062
0.108323
0.048184
0.13768
0.123788
0.121538
0.101537
0.124996
0.126677
0.0970529
0.128022
0.131083
0.106149
0.0836748
0.0981548
0.0948662
0.161185
0.101986
0.107552
0.130095
0.04538
0.0844817
0.092897
0.115298
0.0809997
0.0695477
0.0657732
0.0565042
0.0609895
