0.17495
0.181317
0.185884
0.187398
0.18932
0.192209
0.205384
0.204624
0.207486
0.21691
0.225447
0.229965
0.232794
0.24258
0.244758
0.249255
0.253579
0.255513
0.261636
0.254322
0.248668
0.252494
0.260642
0.267272
0.271395
0.284324
0.291124
0.299409
0.310731
0.308831
0.31643
0.322843
0.325766
0.331127
0.333121
0.339786
0.345449
0.345885
0.345501
0.32747
0.327261
0.320097
0.325774
0.334244
0.348017
0.365264
0.366652
0.374554
0.380139
0.383276
0.37324
0.335401
0.315855
0.312258
0.311953
0.313264
0.336779
0.408539
0.418647
0.401077
0.371044
0.311096
0.270715
0.223345
0.221593
0.196847
0.192893
0.182534
0.172432
0.163143
0.159691
0.152271
0.150702
0.153163
0.145121
0.148318
0.151043
0.142556
0.154144
0.158439
0.164571
0.173706
0.173004
0.172024
0.171464
0.178933
0.181114
0.183962
0.186431
0.192729
0.206546
0.210608
0.220084
0.235211
0.256417
0.277906
0.30178
0.328827
0.344757
0.348334
0.361229
0.359086
0.342426
0.318944
0.289159
0.264849
0.243466
0.237884
0.241294
0.244514
0.254171
0.253783
0.260443
0.264177
0.268113
0.265256
0.257932
0.25037
0.240174
0.250717
0.244912
0.255309
0.258515
0.269509
0.270781
0.286058
0.291561
0.29762
0.304569
0.307709
0.316683
0.317155
0.318854
0.314547
0.312886
0.315322
0.332499
0.343322
0.341066
0.334565
0.303141
0.293407
0.270621
0.267907
0.266858
0.287984
0.292279
0.307506
0.322665
0.336976
0.345286
0.360348
0.361566
0.370721
0.380422
0.387129
0.391576
0.386868
0.388838
0.389409
0.393342
0.398222
0.40364
0.391883
0.356076
0.297952
0.229259
0.181762
0.158864
0.14663
0.140071
0.134098
0.13037
0.132885
0.136673
0.141645
0.144089
0.153368
0.165247
0.175199
0.175062
0.199157
0.192233
0.196122
0.183976
0.182393
0.185085
0.17521
0.166231
0.169722
0.16451
0.166501
0.168142
0.171123
0.175966
0.178275
0.181661
0.179973
0.176789
0.170555
0.156488
0.156629
0.151003
0.15768
0.147818
0.155472
0.159582
0.167038
0.182036
0.185761
0.189987
0.201139
0.203595
0.207983
0.217146
0.222784
0.226828
0.227096
0.234363
0.242043
0.244814
0.247064
0.241179
0.242112
0.21443
0.200325
0.188956
0.196821
0.192235
0.199394
0.202426
0.217086
0.207292
0.221472
0.234962
0.244845
0.255832
0.265227
0.272934
0.281449
0.287426
0.301892
0.304392
0.311065
0.31944
0.324748
0.335323
0.339348
0.344733
0.343011
0.354628
0.365496
0.366875
0.37503
0.375551
0.339755
0.289035
0.247843
0.220221
0.2206
0.213409
0.217275
0.219381
0.220836
0.231731
0.243139
0.241649
0.249042
0.253828
0.259781
0.272399
0.289379
0.291804
0.299819
0.308477
0.311443
0.316275
0.311651
0.319547
0.308335
0.295889
0.272102
0.236213
0.197123
0.177283
0.15724
0.162325
0.166891
0.174225
0.175808
0.195008
0.200393
0.206745
0.205622
0.199703
0.208868
0.208612
0.218797
0.204181
0.199808
0.179237
0.183877
0.188622
0.170314
0.16839
0.170958
0.176811
0.170218
0.173351
0.187422
0.182123
0.187144
0.194704
0.171797
0.167865
0.164967
0.151807
0.161581
0.159654
0.15769
0.16655
0.16084
0.156303
0.153914
0.163606
0.15503
0.160815
0.1512
0.158143
0.161446
0.166958
0.180114
0.186664
0.198938
0.205863
0.201711
0.205613
0.221731
0.226563
0.22494
0.230705
0.232759
0.233335
0.236726
0.227824
0.216344
0.213062
0.197199
0.201449
0.204804
0.185966
0.176255
0.179239
0.166843
0.166614
0.181238
0.203161
0.184838
0.191537
0.181617
0.189794
0.195603
0.195297
0.198805
0.203832
0.215504
0.208776
0.217057
0.235759
0.244063
0.264096
0.285844
0.283356
0.290917
0.296901
0.295098
0.29734
0.28872
0.268384
0.232597
0.199367
0.182732
0.168864
0.153187
0.160401
0.162013
0.164297
0.166614
0.170243
0.182533
0.182923
0.177034
0.169969
0.178951
0.159741
0.170454
0.164768
0.179285
0.170241
0.163217
0.163222
0.155544
0.15814
0.171638
0.1771
0.168663
0.176998
0.195954
0.219984
0.24631
0.265627
0.300209
0.319863
0.324652
0.328366
0.330529
0.310587
0.293523
0.265238
0.256028
0.2339
0.245163
0.252691
0.254513
0.252869
0.251457
0.258169
0.244727
0.254281
0.243614
0.254179
0.243293
0.251737
0.243777
0.235062
0.213656
0.209184
0.20648
0.192386
0.200393
0.217116
0.205977
0.212358
0.202928
0.214525
0.22916
0.212583
0.196868
0.218653
0.213112
0.213065
0.181974
0.209622
0.199165
0.207866
0.203131
0.208586
0.221508
0.210747
0.235857
0.202866
0.213767
0.215603
0.231165
0.231871
0.220738
0.23225
0.235889
0.249343
0.230048
0.24443
0.237777
0.246022
0.261032
0.262097
0.263833
0.268511
0.291714
0.310907
0.338873
0.376315
0.406943
0.431334
0.426333
0.398983
0.387998
0.304529
0.271978
0.264063
0.230349
0.224637
0.249551
0.283791
0.335982
0.405252
0.450471
0.503196
0.519005
0.474843
0.426252
0.326959
0.24369
0.216087
0.194221
0.173361
0.198379
0.187314
0.189038
0.19191
0.201577
0.225144
0.211375
0.215939
0.213018
0.217515
0.223963
0.22475
0.220385
0.237146
0.247353
0.240926
0.229312
0.219109
0.204031
0.182967
0.179746
0.163501
0.174112
0.177722
0.172515
0.157245
0.1648
0.137698
0.132908
0.126493
0.125622
0.140929
0.12507
0.144153
0.139809
0.165778
0.14133
0.152377
0.146406
0.162402
0.169324
0.167961
0.16959
0.17035
0.189641
0.19379
0.181049
0.182598
0.196949
0.185915
0.179277
0.179591
0.147154
0.156455
0.169411
0.152158
0.182032
0.177199
0.180033
0.192157
0.185723
0.199963
0.213824
0.206746
0.207228
0.209646
0.182191
0.168834
0.169874
0.147084
0.181782
0.167077
0.173701
0.178994
0.172722
0.163929
0.173208
0.178808
0.186769
0.187256
0.193588
0.203473
0.191615
0.195903
0.179668
0.197862
0.191999
0.184305
0.168316
0.159676
0.159284
0.158355
0.145539
0.148121
0.133019
0.127284
0.120871
0.140987
0.125287
0.144999
0.1396
0.156406
0.118984
0.132235
0.134795
0.144339
0.15083
0.142198
0.131888
0.129505
0.142476
0.135113
0.123067
0.137167
0.121448
0.11217
0.101212
0.0972199
0.100742
0.111321
0.118955
0.125559
0.133405
0.137093
0.147715
0.139919
0.165108
0.17739
0.179975
0.184526
0.190469
0.176578
0.189711
0.156522
0.136791
0.111293
0.0986539
0.0782053
0.0807968
0.0819583
0.0949752
0.120033
0.115015
0.141864
0.152697
0.142404
0.146079
0.162395
0.151441
0.142252
0.143451
0.151223
0.150458
0.126375
0.170995
0.174799
0.177831
0.194444
0.170848
0.194351
0.186632
0.164613
0.176725
0.163344
0.160002
0.154583
0.146658
0.157924
0.188092
0.168768
0.156393
0.165526
0.177258
0.165805
0.163225
0.153534
0.186077
0.174579
0.163509
0.17256
0.176116
0.166101
0.173877
0.157304
0.138578
0.136964
0.135839
0.14264
0.141637
0.126831
0.107357
0.117393
0.0973391
0.102237
0.0922805
0.0957895
0.0929858
0.0905794
0.0805343
0.0731045
0.0821021
0.0852796
0.0721472
0.0553857
0.0757741
0.0633396
0.0694943
0.0723513
0.0625144
0.0660857
0.0747642
0.0720283
0.0625298
0.0570304
0.0614897
0.0563876
0.0597815
0.0595545
0.0545889
0.0538394
0.0561047
0.0576383
0.057738
0.045944
0.0675676
0.0678239
0.0567467
0.0692068
0.0658828
0.0751475
0.0777301
0.0680999
0.0483674
0.0628723
0.0568076
0.0779602
0.0888896
0.0841089
0.0741785
0.0752855
0.0792347
0.0650915
0.0750547
0.0661958
0.0574957
0.0512519
0.0572935
0.0511836
0.029778
0.056815
0.0367457
0.0489776
0.0402062
0.0508291
0.0466799
0.0463377
0.0650753
0.0594393
0.050918
0.061071
0.0575184
0.0453354
0.0668413
0.0535265
0.0466942
0.0491943
0.0495978
0.0572605
0.0520471
0.0590091
0.063474
0.0599003
0.0692505
0.0876961
0.103267
0.0876828
0.114411
0.100574
0.106479
0.114085
0.0908092
0.132696
0.131131
0.117654
0.116974
0.130037
0.131431
0.130184
0.111712
0.135398
0.0969274
0.136798
0.161011
0.15212
0.170594
0.166607
0.192367
0.183098
0.204246
0.20109
0.188564
0.215913
0.242462
0.257662
0.242439
0.23165
0.208907
0.200134
0.145841
0.163898
0.139009
0.136628
0.142999
0.160382
0.147324
0.155801
0.157727
0.152306
0.123673
0.15734
0.17811
0.168176
0.198703
0.187342
0.178491
0.175452
0.162383
0.180848
0.171036
0.188206
0.211607
0.230567
0.217382
0.209149
0.220822
0.218604
0.198276
0.204667
0.198893
0.189138
0.149579
0.157605
0.146602
0.127587
0.109783
0.114585
0.0903891
0.0741918
0.0704158
0.0499361
0.0612025
0.0290015
0.028242
0.0229752
0.0169838
0.00193532
0.00644108
0.0166022
0.0113177
0.0177848
0.0151847
0.0186861
0.0104275
0.00239701
0.0102104
0.0156665
0.0174728
0.0180705
0.0224838
0.0320835
0.0264799
0.0251429
0.0245898
0.0176167
0.00864851
0.00882888
0.00712591
0.00516311
0.0106129
0.0129385
0.00728644
0.00435705
0.00635282
0.00166349
0.00695282
0
0.00258984
0.00192261
0.0107289
0.0153776
0.0171449
0.0150488
0.0097815
0.0104455
0.0133354
0.00650855
0.00913205
0.0151649
0.00674291
0.0142522
0.0126439
0.0204953
0.0124359
0.0128479
0.0126818
0.0147604
0.0177131
0.0140501
0.0193163
0.0205114
0.0176132
0.0256241
0.0233594
0.0218399
0.0400536
0.0258149
0.0276771
0.0230866
0.0212688
0.020676
0.0253831
0.032153
0.0256442
0.0326975
0.0301759
0.0338542
0.0249481
0.0231919
0.0271507
0.0306351
0.0404382
0.0304549
0.0307766
0.0325343
0.0447796
0.030157
0.0380754
0.0307818
0.0271738
0.0279899
0.0270725
0.0285523
0.0275374
0.0242801
0.032213
0.0279511
0.0294353
0.0245061
0.0316292
0.0276374
0.027091
0.0289263
0.0318315
0.0329514
0.0363587
0.0423341
0.0487029
0.043475
0.0462363
0.0553625
0.0524267
0.0572522
0.0670345
0.073157
0.0585572
0.0695038
0.0633684
0.0652137
0.064317
0.0621624
0.0622093
0.0719004
0.0782084
0.0771419
0.0777477
0.0732321
0.0754914
0.0844098
0.0926542
0.0957127
0.0875304
0.104002
0.0959157
0.101064
0.10927
0.104377
0.100394
0.120902
0.115171
0.111849
0.112923
0.107847
0.113024
0.098951
0.0988032
0.106252
0.0941597
0.111486
0.100891
0.112774
0.104248
0.109741
0.116895
0.12448
0.136242
0.130032
0.124659
0.109875
0.108196
0.0951192
0.09315
0.0945773
0.0989975
0.0992666
0.08987
0.0936327
0.08943
0.0942871
0.100455
0.0945879
0.0926766
0.100564
0.104833
0.0833523
0.0855986
0.0828259
0.0929154
0.0877475
0.081317
0.0865882
0.0838185
0.084979
0.0768513
0.0778568
0.0693737
0.0695505
0.0580081
0.0644553
0.0466012
0.0535375
0.0553213
0.0542246
0.0482474
0.05225
0.0550961
0.0457908
0.0391406
0.0491071
0.049531
0.0517813
0.056749
0.0488494
0.0532004
0.0623568
0.0637781
0.062019
0.0511648
0.0448965
0.0558093
0.0271744
0.0325787
0.0310645
0.0237333
0.0230768
0.0155474
0.00714398
0.0172602
0.0187577
0.0152791
0.0162017
0.0092946
0.0103299
0.0171793
0.0143562
0.00682687
0.0168897
0.00796097
0.0170009
0.0160913
0.0302939
0.0270793
0.0272643
0.0351411
0.043842
0.0412159
0.0486892
0.039966
0.0408983
0.0473158
0.0380442
0.0328652
0.027831
0.0367451
0.0274706
0.0186971
0.0225491
0.0237918
0.0230721
0.0282866
0.0251315
0.00494175
0.017133
0.0192272
0.0159514
0.0243354
0.0202458
0.0232008
0.0193516
0.0123511
0.0127963
0.0153507
0.0218813
0.0304755
0.0238128
0.00573506
0.0139669
0.0329181
0.0272405
0.0178852
0.0320686
0.0127086
0.0166304
0.0124743
0.0235681
0.0212346
0.0176731
0.00823855
0.0131191
0.0119218
0.0142036
0.0161506
0.0196999
0.0235527
0.00604042
0.0175311
0.0155282
0.0181359
0.0199715
0.0223274
0.032694
0.0136982
0.0254858
0.0276854
0.0323768
0.0453159
0.0275429
0.0293651
0.047382
0.0389916
0.0353513
0.0322874
0.0251721
0.0269979
0.0292988
0.0197387
0.0223284
0.0213442
0.0201904
0.0223346
0.0189818
0.022717
0.0199884
0.0195883
0.0259269
0.0229812
0.0198265
0.0222728
0.0201545
0.0259189
0.0306919
0.0250385
0.03293
0.0252087
0.0356943
0.0316325
0.0436417
0.039268
0.0452062
0.0470529
0.051964
0.04817
0.0426196
0.0495023
0.0458426
0.043379
0.0364113
0.0443804
0.0466025
0.0404458
0.0460136
0.0415616
0.0410309
0.0460558
0.0432926
0.0508628
0.0418578
0.0473169
0.0511834
0.0534877
0.0405724
0.0561954
0.0471716
0.0545935
0.0596209
0.06286
0.0649406
0.0722077
0.0860876
0.113964
0.177276
0.376252
0.585154
0.687606
0.71541
0.69111
0.575592
0.371175
0.179989
0.121749
0.0946747
0.0756902
0.0819569
0.0726549
0.0717561
0.0740198
0.0756195
0.0740233
0.074686
0.0765501
0.0763754
0.0758499
0.0701695
0.0663148
0.0645068
0.0679641
0.0647321
0.0680835
0.0708107
0.0684395
0.060906
0.0685499
0.064313
0.0603432
0.0598768
0.0583781
0.0564192
0.0613871
0.06522
0.0588779
0.0611027
0.0613918
0.0523611
0.0596537
0.065144
0.0573196
0.0615607
0.0651723
0.0594696
0.0666745
0.0613672
0.0624467
0.0692495
0.0705705
0.0694513
0.0699881
0.0708887
0.0681541
0.0715407
0.076865
0.0688833
0.0726991
0.0756715
0.0764518
0.0706232
0.0741176
0.0770361
0.0657379
0.0532333
0.0667645
0.0599173
0.0534755
0.0592684
0.0660422
0.0514051
0.0577593
0.066317
0.0583099
0.0600534
0.0601842
0.058911
0.0587611
0.0567763
0.059654
0.0676995
0.0686441
0.0627856
0.0622691
0.0619072
0.064073
0.0681794
0.0632887
0.0648917
0.0696789
0.0621307
0.0709365
0.0643032
0.0691678
0.0714858
0.064008
0.067134
0.0696156
0.0727022
0.0710125
0.0735392
0.0708037
0.0675871
0.0655389
0.0727429
0.0745608
0.0745069
0.0637078
0.0713138
0.072068
0.0691372
0.0733113
0.0921432
0.0807937
0.078126
0.0703181
0.0863811
0.0822616
0.0891002
0.0839643
0.0865158
0.0816296
0.0880909
0.079041
0.0836291
0.0870408
0.0858623
0.084743
0.0847735
0.085959
0.0816862
0.0965129
0.0949775
0.0875312
0.0910651
0.091089
0.090461
0.0877246
0.0757032
0.0813108
0.0764404
0.0848831
0.0891768
0.0860527
0.0776542
0.107207
0.0814824
0.117681
0.0882943
0.10619
0.0977574
0.0954616
0.117648
0.107292
0.0996398
0.0894879
0.110077
0.100795
0.108384
0.0824419
0.114496
0.114791
0.119636
0.0887193
0.132076
0.0985183
0.115915
0.120855
0.101993
0.125027
0.134612
0.144172
0.125126
0.152636
0.141417
0.145733
0.147367
0.140537
0.125306
0.132422
0.11465
0.124856
0.120822
0.103926
0.131318
0.106932
0.113323
0.120723
0.0989879
0.124215
0.112627
0.0954649
0.0913957
0.102673
0.102967
0.0809656
0.103003
0.101661
0.0671712
0.0880625
0.120721
0.0708486
0.105434
0.0959374
0.109185
0.111645
0.101452
0.0852402
0.0891169
0.0950427
0.0983497
0.0915096
0.0864941
0.102775
0.11566
0.093082
0.125671
0.122281
0.130786
0.151467
0.115044
0.112814
0.125942
0.104888
0.0699965
0.0801548
0.0699949
0.0722441
0.0733283
0.0764417
0.0792755
0.0864999
0.0789197
0.102626
0.0724223
0.0833002
0.0798101
0.0704452
0.0942437
0.0811769
0.0842347
0.103041
0.0930792
0.0890279
0.115123
0.121005
0.1298
0.14193
0.155255
0.157991
0.176821
0.18087
0.18332
0.219267
0.232394
0.249399
0.244351
0.229663
0.203261
0.128353
0.085632
0.0761402
0.0749903
0.0613819
0.0723373
0.0659422
0.0794108
0.0601444
0.067015
0.0621227
0.0631278
0.0762499
0.0517286
0.0924947
0.0771274
0.0455091
0.057426
0.0517968
0.0746258
0.0687111
0.0852241
0.0488637
0.0754903
0.0690448
0.0702997
0.0610311
0.063399
0.0535343
0.0725746
0.0635211
0.0598667
0.0680149
0.0668681
0.0659513
0.0744457
0.0664663
0.0627705
0.0675561
0.0723305
0.074316
0.0729903
0.0635358
0.0750234
0.0641846
0.0672494
0.0744643
0.0735199
0.0683371
0.0727451
0.0773395
0.0738948
0.071892
0.0695862
0.0675799
0.0771317
0.0707483
0.065077
0.0586302
0.048747
0.0624342
0.0594323
0.0647228
0.0553068
0.053356
0.0591658
0.0558829
0.0544407
0.0538362
0.0620274
0.0595864
0.0600258
0.0644842
0.0602324
0.0628249
0.0597261
0.0604512
0.0619549
0.0672467
0.0595256
0.0611599
0.0601978
0.0507997
0.0614928
0.0575762
0.0628199
0.0634911
0.063817
0.0660201
0.0633072
0.0628205
0.0569863
0.0673692
0.0597528
0.0672894
0.0696705
0.0722022
0.0741415
0.0752604
0.0781386
0.0720066
0.0714703
0.0791018
0.0891637
0.089162
0.0899204
0.0961415
0.0925943
0.0885406
0.0997292
0.109936
0.126162
0.121451
0.11677
0.117017
0.100461
0.0870251
0.0718942
0.0744437
0.0528111
0.0604123
0.0475744
0.0582476
0.0585892
0.0565681
0.058784
0.0567945
0.0543261
0.0605891
0.058767
0.070464
0.0624674
0.0632981
0.0667543
0.0656052
0.0639866
0.0822876
0.0764174
0.0814192
0.0827163
0.0894802
0.0959774
0.0929671
0.0933485
0.104964
0.111569
0.120573
0.125585
0.135528
0.149221
0.15851
0.16348
0.168359
0.166957
0.153936
0.159988
0.139215
0.127165
0.118171
0.103052
0.0916924
0.0866081
0.0778338
0.0771185
0.0981259
0.0719959
0.0849635
0.0791539
0.092135
0.0812214
0.0806995
0.092559
0.0855105
0.0875189
0.0853217
0.0965074
0.103279
0.102932
0.10091
0.10408
0.103
0.115381
0.119472
0.120255
0.127121
0.130975
0.142621
0.148239
0.152194
0.153333
0.163789
0.17783
0.183215
0.192805
0.198903
0.201746
0.196378
0.189258
0.178126
0.159116
0.145125
0.127951
0.119279
0.109179
0.101856
0.0939699
0.0941887
0.100634
0.0894422
0.107259
0.105983
0.0892138
0.102506
0.0992154
0.0938477
0.0950962
0.0834213
0.0898856
0.0877898
0.0869604
0.0771905
0.073784
0.0825272
0.0952703
0.0749805
0.0859816
0.0916308
0.0886874
0.0788051
0.0747889
0.0759468
0.0789248
0.078041
0.0827042
0.0807623
0.0837952
0.0873431
0.0860315
0.0774548
0.0741255
0.085773
0.0834723
0.0793041
0.0850788
0.0862689
0.0915216
0.0813546
0.08942
0.0832613
0.0855637
0.0912705
0.0876546
0.0875213
0.0918551
0.090432
0.0849622
0.095036
0.0891924
0.0861755
0.0971624
0.0913432
0.0829799
0.0883754
0.0881931
0.0879553
0.0717187
0.0799608
0.0711919
0.0773801
0.0785653
0.0809181
0.0791041
0.076818
0.0930566
0.0885006
0.0941386
0.104326
0.109502
0.10246
0.119956
0.130303
0.133013
0.136757
0.138008
0.154786
0.168581
0.143186
0.169474
0.162975
0.177699
0.179074
0.168295
0.181726
0.155912
0.161545
0.169868
0.143193
0.130758
0.137858
0.141959
0.109603
0.112047
0.112425
0.132009
0.125679
0.11088
0.125394
0.128325
0.12543
0.123672
0.135856
0.151053
0.144628
0.170223
0.16184
0.163531
0.153972
0.165348
0.179595
0.162088
0.163825
0.154109
0.154647
0.157625
0.150681
0.124764
0.126828
0.171943
0.138757
0.12658
0.159126
0.121726
0.1243
0.138874
0.11767
0.156542
0.138948
0.147506
0.171728
0.177179
0.177472
0.169096
0.168805
0.164154
0.198234
0.189325
0.186229
0.170745
0.191039
0.206928
0.221408
0.183328
0.183745
0.193219
0.212042
0.211603
0.200422
0.213735
0.216531
0.235087
0.223351
0.22611
0.234177
0.23873
0.255793
0.253066
0.254028
0.232046
0.233912
0.213883
0.213722
0.216588
0.202592
0.186167
0.19565
0.166286
0.135591
0.13021
0.137393
0.149187
0.118636
0.115021
0.111062
0.139332
0.151665
0.109607
0.1047
0.123247
0.113123
0.13781
0.101815
0.139194
0.169848
0.157253
0.147954
0.1314
0.131452
0.180769
0.200853
0.162566
0.160765
0.178872
0.204969
0.219551
0.207911
0.204588
0.244859
0.26839
0.210742
0.234595
0.242388
0.264642
0.284028
0.267781
0.277225
0.268788
0.282392
0.288323
0.271667
0.291326
0.289172
0.290832
0.281641
0.278493
0.292981
0.285235
0.273031
0.235574
0.249813
0.203205
0.205041
0.16584
0.15416
0.136331
0.0950066
0.094752
0.120964
0.096584
0.0938086
0.113561
0.083325
0.0843359
0.0753502
0.114372
0.0863343
0.0831842
0.108741
0.126733
0.0990588
0.114354
0.107349
0.0747622
0.0914252
0.0845498
0.140863
0.0998437
0.13268
0.0728757
0.0822984
0.117296
0.126772
0.122062
0.116377
0.137364
0.120179
0.0793347
0.12702
0.139538
0.15401
0.102028
0.166544
0.139576
0.105156
0.141057
0.166676
0.108225
0.160625
0.133594
0.106006
0.132888
0.0963728
0.131713
0.12454
0.18641
0.115289
0.164432
0.113608
0.123536
0.134946
0.139308
0.13531
0.150822
0.115295
0.147863
0.126047
0.114724
0.137538
0.117762
0.157657
0.158593
0.155651
0.123033
0.129589
0.120068
0.0963335
0.114545
0.100434
0.0766141
0.129454
0.105056
0.103141
0.0816655
0.100734
0.131186
0.109615
0.122135
0.104013
0.0974337
0.121719
0.153067
0.126038
0.0365164
0.135033
0.118817
0.119825
0.0907723
0.0502132
0.10442
0.142577
0.117455
0.0961523
0.119282
0.148034
0.0833535
0.138627
0.135333
0.125942
0.159137
0.138517
0.17367
0.132471
0.145563
0.130937
0.149622
0.106296
0.159436
0.187595
0.135517
0.151648
0.149625
0.161069
0.141051
0.163429
0.194391
0.142938
0.153514
0.114386
0.122165
0.16391
0.135741
0.17182
0.159305
0.121208
0.088485
0.102806
0.113018
0.121814
0.0808532
0.0636079
0.0603733
0.0588304
