0.127616
0.140388
0.140162
0.135574
0.136621
0.135471
0.150163
0.150598
0.148969
0.16116
0.165707
0.175401
0.163163
0.175689
0.179922
0.18326
0.185213
0.184953
0.185728
0.183787
0.173975
0.183324
0.180981
0.18861
0.192127
0.19768
0.20563
0.204224
0.21425
0.214234
0.21658
0.225668
0.223025
0.228931
0.230494
0.234275
0.234806
0.237018
0.236994
0.220878
0.219542
0.211512
0.217495
0.233416
0.238474
0.241765
0.246017
0.251237
0.257715
0.257745
0.256294
0.238798
0.225308
0.222856
0.222296
0.223109
0.240355
0.272996
0.274333
0.26067
0.248423
0.205557
0.183233
0.153958
0.153841
0.141331
0.132106
0.130496
0.129879
0.119782
0.119307
0.112689
0.115311
0.118448
0.115544
0.120452
0.121006
0.112007
0.121759
0.121663
0.123234
0.127216
0.126609
0.123427
0.126779
0.132432
0.132558
0.13548
0.137142
0.148296
0.15021
0.153808
0.157755
0.167449
0.178663
0.186701
0.201412
0.211077
0.219807
0.227595
0.236092
0.234348
0.221187
0.213958
0.199652
0.185067
0.174659
0.175123
0.176583
0.178086
0.180794
0.182308
0.187675
0.191093
0.194225
0.186644
0.183233
0.178222
0.168496
0.170806
0.170987
0.176913
0.184831
0.184721
0.189351
0.200818
0.199714
0.205779
0.210252
0.213379
0.220697
0.221561
0.222849
0.222674
0.222365
0.223768
0.231557
0.234698
0.228355
0.221395
0.206808
0.197986
0.17882
0.17752
0.186606
0.194165
0.200343
0.200818
0.221718
0.228617
0.231924
0.247616
0.24656
0.247304
0.253066
0.260358
0.261337
0.260953
0.261548
0.263046
0.26557
0.269491
0.270634
0.263334
0.237858
0.200975
0.16188
0.128502
0.121687
0.116756
0.112974
0.11084
0.113385
0.109929
0.115607
0.116945
0.117259
0.115189
0.128107
0.125334
0.132989
0.13771
0.141666
0.135435
0.133163
0.132485
0.131212
0.133043
0.133899
0.130821
0.129881
0.134773
0.130711
0.134411
0.13813
0.141479
0.137522
0.137081
0.13125
0.129502
0.111041
0.113922
0.107818
0.110946
0.102513
0.113552
0.109797
0.125169
0.122883
0.134527
0.13759
0.142932
0.150408
0.148515
0.1578
0.165811
0.166123
0.16857
0.16914
0.178
0.171869
0.174288
0.173954
0.173512
0.152256
0.13684
0.132332
0.12419
0.131317
0.132156
0.13695
0.137088
0.147238
0.151352
0.156013
0.173494
0.174976
0.181547
0.187876
0.1891
0.19595
0.201035
0.206778
0.212994
0.218032
0.216376
0.227379
0.231137
0.233103
0.227368
0.234736
0.234937
0.239629
0.242135
0.237794
0.216919
0.194839
0.143584
0.146769
0.143266
0.149028
0.142786
0.134392
0.151677
0.158836
0.153929
0.168067
0.172976
0.174728
0.17304
0.186067
0.199438
0.197477
0.199544
0.216642
0.213635
0.215844
0.214489
0.215693
0.215671
0.202267
0.18998
0.169739
0.153643
0.129258
0.130102
0.124266
0.132491
0.117636
0.12264
0.128501
0.146959
0.134304
0.136902
0.130438
0.142546
0.137998
0.157126
0.144577
0.131263
0.12859
0.137666
0.12823
0.127011
0.131622
0.127518
0.133761
0.12717
0.137274
0.142994
0.134452
0.13233
0.135529
0.120033
0.129501
0.121117
0.0973469
0.104492
0.0992429
0.105601
0.109686
0.107374
0.116667
0.109829
0.110729
0.111118
0.109874
0.110682
0.105754
0.116126
0.115834
0.126882
0.14084
0.141759
0.146086
0.14917
0.150963
0.161509
0.157611
0.159078
0.162199
0.165574
0.159775
0.166732
0.157448
0.143289
0.132829
0.117137
0.123993
0.120998
0.105015
0.112475
0.133907
0.121782
0.1147
0.110994
0.126619
0.111378
0.123095
0.128
0.119687
0.133971
0.139485
0.125155
0.136903
0.149336
0.147839
0.160738
0.167046
0.164493
0.185667
0.199336
0.201967
0.196963
0.198798
0.202159
0.201569
0.195945
0.177906
0.157906
0.127147
0.132081
0.108191
0.116296
0.118708
0.119643
0.113334
0.112089
0.11271
0.126515
0.129686
0.112629
0.100713
0.116741
0.11528
0.113456
0.116683
0.139767
0.118059
0.117055
0.115411
0.11751
0.120259
0.135082
0.133112
0.131727
0.136372
0.146826
0.15846
0.170605
0.18446
0.205399
0.219558
0.212835
0.220876
0.218826
0.199566
0.196153
0.168602
0.173038
0.149153
0.163338
0.155558
0.156281
0.156947
0.162466
0.160448
0.168694
0.163418
0.165973
0.162067
0.179793
0.172975
0.175588
0.159465
0.153464
0.151802
0.15073
0.147955
0.150219
0.150373
0.152833
0.151494
0.142684
0.132241
0.151767
0.143565
0.126695
0.14737
0.140485
0.156306
0.125594
0.157089
0.130323
0.136951
0.141425
0.152741
0.148419
0.151097
0.146905
0.148201
0.156977
0.127985
0.149289
0.152752
0.156891
0.149927
0.161471
0.174941
0.162277
0.172969
0.153181
0.172736
0.183337
0.183182
0.181925
0.171115
0.187405
0.207722
0.221867
0.252686
0.244314
0.277967
0.272218
0.246718
0.243844
0.198347
0.201405
0.170513
0.138641
0.145688
0.166669
0.209632
0.256741
0.301632
0.339585
0.37957
0.399088
0.377893
0.307482
0.242121
0.16982
0.137912
0.132058
0.107774
0.130683
0.131533
0.121875
0.128976
0.134272
0.139232
0.134683
0.136046
0.144902
0.141356
0.154437
0.146903
0.156792
0.164446
0.167819
0.169106
0.150346
0.150647
0.131819
0.122386
0.12168
0.105473
0.119512
0.11929
0.120837
0.105845
0.107802
0.0963011
0.106384
0.0823562
0.0812946
0.10774
0.102852
0.116472
0.109715
0.112098
0.112141
0.106026
0.114505
0.111664
0.115097
0.118794
0.121838
0.133563
0.116495
0.106858
0.105838
0.124669
0.125383
0.113264
0.132283
0.11973
0.100942
0.114379
0.117269
0.112363
0.128888
0.112395
0.111324
0.130037
0.128384
0.123231
0.145787
0.137285
0.138077
0.137282
0.11783
0.133548
0.112395
0.10388
0.130687
0.122884
0.130397
0.141776
0.125159
0.126843
0.129713
0.13237
0.125198
0.126708
0.134292
0.147832
0.130432
0.137846
0.116995
0.14103
0.114627
0.120095
0.105512
0.110277
0.108794
0.10471
0.0710223
0.102831
0.108403
0.0980502
0.0648297
0.0844535
0.0848019
0.0985785
0.0730536
0.0923744
0.0802035
0.0922384
0.0901388
0.0932348
0.100629
0.0949316
0.0955049
0.0856626
0.0966777
0.101459
0.0853752
0.103055
0.0814952
0.0766705
0.0592869
0.0746334
0.062518
0.0818735
0.0768141
0.0846893
0.0875353
0.0850995
0.0916365
0.101124
0.116066
0.114727
0.114365
0.109864
0.122838
0.108369
0.121484
0.0966537
0.0966846
0.0800989
0.0740215
0.0550251
0.0815275
0.0526128
0.0776021
0.0804422
0.0985897
0.101173
0.0987665
0.0986322
0.0754364
0.124233
0.109085
0.0918937
0.0955196
0.0925748
0.0804764
0.0792607
0.095245
0.0972463
0.130973
0.123995
0.107071
0.138081
0.125649
0.112703
0.102922
0.100675
0.0973844
0.0941943
0.0989797
0.0800753
0.121379
0.101181
0.112059
0.100255
0.125862
0.113704
0.112743
0.114399
0.0981268
0.120247
0.112779
0.119352
0.114067
0.116399
0.103194
0.101054
0.0891856
0.0779577
0.0971539
0.100632
0.0956655
0.0946025
0.0737415
0.0957262
0.0699649
0.0629945
0.0625159
0.0770228
0.0645356
0.0528043
0.0571867
0.0486704
0.0568619
0.0539968
0.0474752
0.0312851
0.0563437
0.0440543
0.037579
0.0444215
0.0349604
0.0538567
0.0578071
0.0263874
0.0314973
0.0335095
0.0262732
0.0479828
0.0324952
0.0339266
0.0342224
0.036733
0.032491
0.0331762
0.0458455
0.0270583
0.0607939
0.0370611
0.0392523
0.0454225
0.0331445
0.042752
0.0512841
0.0454355
0.0406398
0.0431085
0.0293579
0.0631138
0.0603428
0.0590399
0.0538027
0.061714
0.053266
0.0650482
0.0537384
0.0345899
0.0383213
0.0451752
0.0331069
0.0264853
0.0249364
0.0436306
0.0290151
0.0271178
0.0242824
0.0264168
0.0305786
0.037302
0.0458701
0.0501315
0.0324586
0.0305474
0.0315863
0.0339027
0.0329098
0.0335006
0.0339187
0.0298568
0.0274396
0.0383223
0.0412135
0.0361681
0.0425114
0.0363714
0.0525339
0.0490486
0.0639601
0.0572699
0.0560969
0.0707809
0.06773
0.0556344
0.0594657
0.0779753
0.07945
0.080255
0.0815688
0.0988138
0.084962
0.0921291
0.0650321
0.0826065
0.0682024
0.0942453
0.103095
0.0865257
0.113435
0.10987
0.124737
0.121913
0.123191
0.119426
0.118055
0.144777
0.130773
0.170059
0.150981
0.12924
0.130269
0.104011
0.0844657
0.0812867
0.0805157
0.0812243
0.0980174
0.0962059
0.0990009
0.0914959
0.0976637
0.099288
0.0871924
0.093184
0.0935304
0.0939511
0.125655
0.118802
0.105098
0.115501
0.0826926
0.12246
0.102
0.114135
0.161424
0.145824
0.126677
0.131099
0.149444
0.149604
0.143409
0.136653
0.129284
0.142793
0.0987049
0.0754701
0.100445
0.0833916
0.0760404
0.0807664
0.057985
0.0452402
0.0522755
0.0362829
0.0379173
0.0213831
0.0148682
0.0176777
0.0126638
0.00499917
0.00831421
0.0102268
0.0176576
0.0126509
0.0126891
0.0149887
0.0127373
0.00353538
0.00599425
0.0129925
0.0155698
0.00812361
0.013184
0.0214134
0.0195512
0.0159985
0.0104076
0.0114385
0.000602419
0.0109376
0.00452106
0.00583693
0.00857952
0.00573546
0.00515736
0.00331961
0.00448202
0.00296714
0.00630397
0.000874199
0.00260334
0.00254415
0.00788243
0.00683626
0.0115781
0.0119346
0.0158888
0.0106915
0.00923782
0.00644889
0.00708923
0.0083773
0.00993948
0.00591028
0.00928839
0.0155047
0.0127131
0.0101944
0.00802667
0.0105741
0.0140972
0.0110161
0.00729092
0.0199499
0.0144714
0.0166721
0.0153357
0.0112074
0.0276377
0.0187657
0.0158605
0.0094887
0.0166836
0.0136513
0.0138512
0.0177719
0.00694147
0.0188459
0.0198401
0.0193798
0.0163103
0.0163967
0.0132186
0.021654
0.0215528
0.0229139
0.0223071
0.0154035
0.0298295
0.022109
0.0238135
0.0195233
0.0250137
0.0152293
0.0125843
0.0167208
0.0132579
0.0155757
0.014908
0.0144734
0.0146078
0.011485
0.0179199
0.0192596
0.0150904
0.0231939
0.0193636
0.019302
0.0265851
0.0173995
0.0295005
0.0236799
0.0321507
0.035389
0.0237492
0.0327392
0.0398846
0.0472037
0.0346059
0.0409778
0.0337085
0.0376728
0.0369295
0.0379949
0.0414291
0.0418537
0.0564845
0.0481724
0.0486531
0.0427924
0.047917
0.0436453
0.0556723
0.0626356
0.0557373
0.0662783
0.0708159
0.0596536
0.0692292
0.0607171
0.0617157
0.0717605
0.0678385
0.0694451
0.0767727
0.0748569
0.0678254
0.0714805
0.0565495
0.0736355
0.0532714
0.0659935
0.0575572
0.0714683
0.0665819
0.0605116
0.0730396
0.0761422
0.0932262
0.0711406
0.0720528
0.0640192
0.0606155
0.0557437
0.059363
0.0571036
0.0531879
0.0560677
0.0573797
0.054484
0.0450556
0.0621808
0.0574017
0.060058
0.0624753
0.0572198
0.0667932
0.0571383
0.0530633
0.0526149
0.0481715
0.0501918
0.0603733
0.0598214
0.0380914
0.0654957
0.0407667
0.0545257
0.0441738
0.0525084
0.0336448
0.0335968
0.0308861
0.0462712
0.0346452
0.0468962
0.0361964
0.0380035
0.0391494
0.0226368
0.0249922
0.0353689
0.0328106
0.0346375
0.0385689
0.0281889
0.0455666
0.043401
0.0257633
0.0428178
0.0351974
0.0342631
0.0285547
0.0236099
0.0341163
0.023633
0.0120179
0.00492128
0.0119099
0.00163789
0.0131598
0.0118036
0.0141528
0.0091248
0.0105596
0.0127888
0.0130781
0.00287978
0.00562387
0.00440744
0.00929543
0.0142385
0.00700707
0.0144159
0.0215478
0
0.0245188
0.0260693
0.0229334
0.0221971
0.0269766
0.0272371
0.0291305
0.0286836
0.0256263
0.0153174
0.02416
0.0120493
0.0151161
0.0231336
0.0205245
0.0163615
0.0100276
0.0159977
0.00452009
0.00683843
0.0143036
0.0153382
0.00973381
0.0122867
0.0180544
0.0122856
0.00542854
0.0102361
0.0110528
0.011161
0.0135249
0.00345493
0.00297028
0.00532791
0.0258229
0.00823634
0.0144733
0.0136941
0.00311301
0.00964427
0.00711206
0.0225667
0.0141368
0.0122442
0.00667132
0.00204052
0.00336428
0.00379034
0.0141593
0.00946858
0.0155755
0.0122523
0.0141388
0.00921019
0.00141544
0.0136665
0.00321878
0.016625
0.00941518
0.0197082
0.0106769
0.0308166
0.024454
0.0152453
0.0148794
0.023782
0.0238544
0.0265802
0.0200439
0.0194212
0.0195524
0.0145424
0.00832254
0.00878983
0.0108898
0.011769
0.00892874
0.0119812
0.00905261
0.00668345
0.00579244
0.0113883
0.0102348
0.0160063
0.0156203
0.0149084
0.0148858
0.0169204
0.00768369
0.0170595
0.0158381
0.0246972
0.0270067
0.0307424
0.0193245
0.0184302
0.0266841
0.0292701
0.0283048
0.0251174
0.0195902
0.0274219
0.0219694
0.0256841
0.0226787
0.0261916
0.0264228
0.026135
0.0247937
0.0264492
0.0235431
0.0265488
0.0310672
0.0243994
0.0250503
0.0351726
0.0335017
0.0287026
0.0303929
0.0306663
0.0362627
0.0375603
0.0381095
0.0468492
0.0458834
0.0610985
0.0869601
0.134982
0.287422
0.446395
0.543604
0.55913
0.542776
0.451988
0.278658
0.127392
0.0798908
0.0564992
0.0531238
0.0524927
0.0373031
0.0439302
0.0459905
0.0435496
0.0461809
0.0459588
0.0435132
0.042516
0.044237
0.0453742
0.0433368
0.0392601
0.0377045
0.0413755
0.0447082
0.0465852
0.0409379
0.0375277
0.0402071
0.0337985
0.0405442
0.0391766
0.0397848
0.0339868
0.0337697
0.0386793
0.035045
0.0353338
0.0365554
0.0292505
0.0439463
0.0403205
0.0366692
0.0432725
0.040731
0.0360873
0.0408972
0.0392867
0.0402589
0.0413519
0.0384369
0.0405731
0.0465825
0.0423895
0.0405386
0.0424015
0.0469768
0.0432396
0.0445688
0.0449855
0.0401017
0.0391871
0.038175
0.0397858
0.0385642
0.0357435
0.0394087
0.035512
0.0332611
0.0363017
0.0275206
0.0238312
0.0334738
0.0420584
0.0394929
0.0438282
0.0290708
0.0336455
0.0312207
0.0351871
0.0345308
0.0418784
0.039095
0.0356371
0.0478695
0.0371664
0.0358771
0.037341
0.0351181
0.0366658
0.0441323
0.0412507
0.0487897
0.0423416
0.0445358
0.0453841
0.0384713
0.0339124
0.0342419
0.0354619
0.0417881
0.0460475
0.0432561
0.0462031
0.0362626
0.0464425
0.0407788
0.0490927
0.0485902
0.0344933
0.0496029
0.0350973
0.0502658
0.0506268
0.0366644
0.0521709
0.0506621
0.0574209
0.0529125
0.061383
0.050071
0.051776
0.0419786
0.0515544
0.0511559
0.0462324
0.0538935
0.0649676
0.0633304
0.0545933
0.0486818
0.047211
0.0566419
0.0450892
0.0480548
0.0502789
0.0473655
0.0527282
0.0597677
0.0441483
0.0352851
0.0425978
0.0543676
0.0546986
0.0474208
0.0448101
0.0465715
0.0667697
0.057385
0.0439934
0.0678973
0.0645538
0.0520227
0.0793568
0.0493723
0.0905472
0.0497971
0.056005
0.0569869
0.0778851
0.0580258
0.0885416
0.0443198
0.0657808
0.0643767
0.091489
0.0374603
0.0874765
0.0794455
0.0836398
0.0803442
0.0889321
0.0973298
0.0977026
0.0964873
0.0798071
0.101936
0.114982
0.0975628
0.0581365
0.0798735
0.0765282
0.0801216
0.116578
0.058501
0.0874986
0.0614726
0.0686523
0.0509982
0.0828867
0.0770359
0.0807421
0.0666934
0.0924398
0.0718917
0.0608699
0.0333616
0.0655732
0.0600039
0.0558385
0.069403
0.0668226
0.052993
0.0652418
0.0661971
0.0940138
0.0547463
0.0724842
0.0650437
0.0574157
0.0547118
0.0458056
0.0527706
0.0510627
0.0596389
0.0502815
0.0523646
0.0610874
0.0674525
0.0856635
0.0822919
0.0910368
0.0682915
0.0906689
0.0706925
0.04538
0.0412206
0.045887
0.0503703
0.034703
0.0323821
0.0392712
0.0508912
0.0522238
0.0547161
0.0348328
0.0440429
0.0473811
0.0421126
0.0521543
0.0406671
0.0519914
0.0602587
0.0505887
0.0624344
0.0724969
0.0784868
0.0781301
0.0939703
0.103856
0.106769
0.119377
0.117019
0.121785
0.147625
0.14952
0.158731
0.173651
0.149789
0.140142
0.0796845
0.0540139
0.0492974
0.043187
0.0397516
0.043071
0.0405129
0.0672008
0.0440869
0.0401239
0.0494654
0.0501806
0.0479136
0.0127114
0.0508591
0.0383538
0.0337987
0.0450141
0.0334607
0.0487967
0.0316045
0.0545994
0.0285137
0.0370419
0.0421498
0.041738
0.0460192
0.0332645
0.0366359
0.0310356
0.0421472
0.0279039
0.0388142
0.0378128
0.0389781
0.0435645
0.0368995
0.0369929
0.0421575
0.039423
0.0436407
0.0332734
0.0361591
0.0415272
0.0407048
0.0408662
0.0390383
0.0488859
0.0393527
0.0461456
0.0479088
0.0370616
0.0408043
0.049755
0.0403886
0.0556181
0.0483133
0.0419661
0.0334893
0.0338038
0.0408414
0.028747
0.0344535
0.0389194
0.0376169
0.0362655
0.0369272
0.0309435
0.0392208
0.0447859
0.0344214
0.033734
0.0275195
0.0406028
0.0339754
0.039792
0.0442156
0.039179
0.0501875
0.0417972
0.0415042
0.0352605
0.0361547
0.0382508
0.0333624
0.0383458
0.0375641
0.0383817
0.0453006
0.041176
0.0391935
0.0398802
0.0404017
0.0324719
0.040486
0.0394765
0.0439683
0.0463962
0.0507708
0.048028
0.0504619
0.0470849
0.0491627
0.048137
0.0629563
0.0633527
0.0612552
0.0758673
0.0677858
0.073795
0.074215
0.0866278
0.0771574
0.0750202
0.0782881
0.0737396
0.0636677
0.0608153
0.0463622
0.0407309
0.0323798
0.0292356
0.0326311
0.0310906
0.0413522
0.0359699
0.034253
0.0303424
0.0344973
0.0366803
0.0402516
0.0357136
0.0454906
0.0423296
0.0359597
0.0416426
0.0500572
0.0482795
0.0460447
0.0516592
0.0629358
0.0659043
0.0605231
0.0602898
0.067814
0.081131
0.0828426
0.0876762
0.0890725
0.101771
0.106623
0.117481
0.115041
0.112519
0.105125
0.100825
0.0947959
0.0863983
0.0776681
0.0602144
0.0570015
0.0464858
0.0517391
0.0453348
0.0621069
0.0460237
0.0524896
0.0551808
0.0584663
0.0537299
0.056641
0.0552839
0.0514215
0.0589944
0.056567
0.0661309
0.0698549
0.0595957
0.0686964
0.0653117
0.0649215
0.0740364
0.0747987
0.0798077
0.0775901
0.0842326
0.0921313
0.0949611
0.0946713
0.104926
0.113746
0.115008
0.126663
0.122931
0.133774
0.133744
0.127427
0.125607
0.119369
0.1023
0.0937532
0.0807053
0.0766662
0.0641428
0.0608907
0.0598451
0.0532433
0.0642238
0.0594277
0.0624239
0.0682307
0.0605493
0.0560012
0.0657006
0.0605181
0.0533827
0.0637122
0.066224
0.0471111
0.0526611
0.0395794
0.0463785
0.0439011
0.0588391
0.0409052
0.0567699
0.0550679
0.0493979
0.0543782
0.0484097
0.0500762
0.0590473
0.0434545
0.0589616
0.0496842
0.0521318
0.0554542
0.0538272
0.0500845
0.0507923
0.0548003
0.0560805
0.0463718
0.0537215
0.0518147
0.0515331
0.0556514
0.0492515
0.0496884
0.0480236
0.0485383
0.0501797
0.0474526
0.0512405
0.0521566
0.0464371
0.0447884
0.04726
0.0561206
0.0563345
0.055555
0.0460212
0.0649517
0.058514
0.0636583
0.0560008
0.0651573
0.0628031
0.0635981
0.0734643
0.0742635
0.0659606
0.0688099
0.0741559
0.0695117
0.0764346
0.0854457
0.0812567
0.0689968
0.090151
0.0911848
0.095513
0.0978003
0.0787023
0.105206
0.104869
0.104227
0.109288
0.108491
0.109432
0.113485
0.11273
0.129599
0.105232
0.105083
0.120528
0.0900253
0.0952152
0.103726
0.0872959
0.0714086
0.0641936
0.0782923
0.082272
0.0817283
0.076504
0.0811294
0.0860369
0.0889189
0.0865606
0.0878427
0.111795
0.117709
0.1131
0.122938
0.110578
0.127223
0.130719
0.123965
0.121135
0.103992
0.11419
0.116306
0.110444
0.116146
0.089262
0.0970715
0.10098
0.0855514
0.107254
0.0818561
0.086726
0.0750299
0.111172
0.084593
0.114022
0.0939805
0.0966575
0.0954002
0.111892
0.135705
0.109861
0.104444
0.0999956
0.131021
0.128007
0.138605
0.11823
0.120122
0.153099
0.159818
0.12333
0.131274
0.136506
0.150753
0.15492
0.135535
0.137047
0.143067
0.173598
0.159434
0.150156
0.156837
0.168979
0.190136
0.172716
0.173733
0.165962
0.170546
0.147444
0.139184
0.15208
0.135962
0.12906
0.138874
0.112422
0.117778
0.0867648
0.0999439
0.096367
0.0941222
0.0679691
0.0609341
0.0813441
0.108069
0.0695904
0.0745276
0.052224
0.0748988
0.0767733
0.0355121
0.10142
0.0923742
0.102623
0.0631923
0.12227
0.0863669
0.0916793
0.0896964
0.114546
0.121125
0.157206
0.145464
0.157724
0.147179
0.140527
0.13402
0.188483
0.140821
0.162074
0.150287
0.185854
0.195049
0.190452
0.195001
0.184505
0.201662
0.198228
0.179177
0.193546
0.191748
0.190793
0.200524
0.175496
0.201027
0.16132
0.183251
0.168228
0.171531
0.155914
0.12658
0.143304
0.068542
0.109885
0.0772181
0.0709188
0.0962958
0.0677861
0.0801907
0.109429
0.0615166
0.0378333
0.048279
0.0739339
0.0366563
0.0652552
0.0653673
0.116563
0.0655985
0.076076
0.0657862
0.0797735
0.0711906
0.0998783
0.105363
0.0718533
0.124383
0.0595759
0.0868425
0.0775221
0.104308
0.0917793
0.0494264
0.0857121
0.0500918
0.0765504
0.0823167
0.0630345
0.0461475
0.0526275
0.13886
0.0742362
0.0897775
0.107639
0.128746
0.058065
0.0867251
0.0985726
0.0722396
0.0707297
0.0899738
0.0999569
0.112399
0.098715
0.115953
0.11618
0.0416677
0.0874798
0.0812875
0.0710527
0.0905147
0.100358
0.078718
0.121394
0.133742
0.10019
0.103514
0.0897692
0.0833937
0.0732731
0.150672
0.112448
0.0925695
0.0592938
0.0530244
0.0449876
0.0772583
0.0678055
0.0623003
0.114076
0.0999017
0.0615095
0.0599867
0.0924563
0.0681594
0.0601955
0.0993266
0.0839603
0.115879
0.0573788
0.06919
0.0364934
0.0649536
0.0948248
0.0815451
0.0973118
0.0590311
0.135728
0.149169
0.0689445
0.0646976
0.048759
0.0878105
0.0451727
0.0887224
0.0801026
0.11436
0.130423
0.121303
0.100937
0.0756313
0.0964124
0.112309
0.0858003
0.0848343
0.118089
0.153207
0.112873
0.112909
0.118216
0.115068
0.0953368
0.136335
0.154741
0.137419
0.078089
0.0709964
0.0877261
0.138734
0.105551
0.131132
0.100463
0.0903242
0.0480891
0.062252
0.0952346
0.0662862
0.0417621
0.0584021
0.0713983
0.0530921
