0.115215
0.118082
0.123741
0.122778
0.121839
0.125658
0.12965
0.128771
0.131922
0.143084
0.139203
0.152411
0.143795
0.149673
0.156497
0.154721
0.157747
0.158967
0.157579
0.154374
0.154363
0.156828
0.15415
0.161362
0.163926
0.174984
0.178936
0.176396
0.18704
0.183982
0.186015
0.19015
0.192497
0.194752
0.195396
0.198116
0.198992
0.198743
0.196531
0.188049
0.184206
0.184332
0.189044
0.193278
0.201951
0.21078
0.209993
0.215411
0.218939
0.216778
0.21595
0.203072
0.192074
0.188917
0.189444
0.190364
0.204897
0.228292
0.231811
0.219154
0.208463
0.171662
0.158463
0.137213
0.136332
0.123357
0.112951
0.10817
0.106474
0.10179
0.11139
0.100169
0.109865
0.102531
0.105918
0.109215
0.106723
0.103309
0.106598
0.108177
0.107679
0.109852
0.114994
0.11202
0.107543
0.117971
0.11991
0.121261
0.121324
0.127719
0.132681
0.134121
0.13401
0.143984
0.14672
0.157462
0.164686
0.177744
0.181601
0.191825
0.192562
0.19938
0.187486
0.180747
0.171055
0.163147
0.150282
0.152786
0.153296
0.153576
0.158205
0.158233
0.162396
0.162458
0.165274
0.158603
0.159635
0.157897
0.142497
0.145565
0.148853
0.149241
0.159678
0.158317
0.162182
0.174132
0.170746
0.17276
0.175161
0.184362
0.186284
0.188233
0.190337
0.189663
0.189341
0.190005
0.195839
0.199319
0.193808
0.191636
0.170261
0.165365
0.156322
0.15161
0.156687
0.161951
0.171339
0.174901
0.188838
0.190643
0.198503
0.212217
0.203592
0.210227
0.217736
0.217773
0.219813
0.220861
0.220765
0.22078
0.223333
0.223219
0.226192
0.219347
0.200471
0.170069
0.141751
0.120805
0.111341
0.108598
0.103227
0.0977751
0.100702
0.100754
0.101471
0.103313
0.101979
0.109937
0.116258
0.112162
0.121024
0.115494
0.120798
0.125524
0.113812
0.11385
0.117402
0.112721
0.115257
0.113441
0.117286
0.118813
0.11739
0.119342
0.12357
0.121417
0.121934
0.119984
0.110472
0.111424
0.103431
0.102173
0.0938431
0.0952014
0.0821213
0.0996067
0.103654
0.115133
0.115826
0.119758
0.121885
0.126034
0.131991
0.131132
0.139041
0.143978
0.146549
0.148023
0.147779
0.153816
0.148798
0.154762
0.146563
0.143977
0.127921
0.117628
0.109177
0.111457
0.106823
0.11732
0.12561
0.116844
0.123472
0.132942
0.137503
0.146526
0.148735
0.157053
0.159589
0.163621
0.171746
0.175407
0.174569
0.180281
0.183327
0.189328
0.193553
0.196272
0.196444
0.19042
0.202418
0.198321
0.198153
0.203666
0.199327
0.183692
0.170833
0.127281
0.122518
0.124968
0.125816
0.125581
0.124665
0.124839
0.141257
0.140384
0.146301
0.146463
0.15016
0.15051
0.159322
0.167665
0.165083
0.169504
0.177468
0.183251
0.180236
0.181058
0.187275
0.180407
0.176022
0.1668
0.149666
0.135094
0.114835
0.112344
0.107209
0.116816
0.113317
0.107603
0.116413
0.118912
0.124048
0.110506
0.118117
0.122374
0.130575
0.140794
0.134271
0.126903
0.113898
0.114004
0.121515
0.113634
0.109442
0.115136
0.115469
0.112288
0.123077
0.124288
0.12674
0.126015
0.11995
0.108168
0.102313
0.105337
0.0931905
0.0917691
0.0977925
0.0855135
0.100715
0.102783
0.087605
0.0926556
0.0954451
0.0882722
0.098863
0.0960045
0.089369
0.102256
0.110903
0.10948
0.120416
0.123537
0.134387
0.130564
0.130205
0.143897
0.141837
0.137127
0.140017
0.139783
0.141069
0.143417
0.138939
0.111424
0.108989
0.108079
0.105823
0.110679
0.0877028
0.108838
0.104878
0.0910013
0.0977085
0.0966931
0.120931
0.103335
0.11269
0.109453
0.111557
0.112456
0.106344
0.105536
0.115913
0.123776
0.12486
0.13794
0.149692
0.144969
0.153542
0.170677
0.160149
0.177554
0.169555
0.166105
0.176662
0.16572
0.154571
0.140606
0.11738
0.11093
0.0948484
0.0956902
0.100215
0.0990981
0.104623
0.0904183
0.102299
0.114396
0.111921
0.106495
0.100504
0.103398
0.0959704
0.112186
0.103647
0.11794
0.101379
0.10783
0.100899
0.110474
0.104349
0.117877
0.110028
0.111863
0.120889
0.121693
0.139912
0.149039
0.165573
0.176491
0.18906
0.18211
0.196941
0.176097
0.179311
0.16904
0.146026
0.136397
0.132301
0.139848
0.145075
0.143746
0.127948
0.137649
0.13527
0.142137
0.140692
0.132097
0.145605
0.145509
0.147247
0.142639
0.140596
0.136438
0.130205
0.131032
0.128864
0.135364
0.131911
0.12405
0.12744
0.119647
0.113904
0.125184
0.122562
0.116602
0.129676
0.12949
0.129169
0.102211
0.134305
0.134069
0.113089
0.122716
0.12012
0.138555
0.142212
0.1234
0.116686
0.137299
0.123219
0.13189
0.142343
0.14472
0.131543
0.140206
0.152005
0.140014
0.152809
0.143234
0.156385
0.159883
0.151906
0.159654
0.155329
0.170968
0.171237
0.180609
0.214307
0.228206
0.2426
0.243218
0.21457
0.204489
0.155831
0.157509
0.133999
0.129494
0.13843
0.138027
0.178722
0.208718
0.256925
0.302256
0.33074
0.332352
0.314708
0.265019
0.209994
0.144518
0.124145
0.108565
0.105223
0.117484
0.0991299
0.108392
0.115893
0.112257
0.1151
0.116686
0.116158
0.126137
0.131425
0.136435
0.124135
0.138446
0.138304
0.140391
0.147477
0.128194
0.12878
0.113203
0.110435
0.118275
0.0987198
0.0952813
0.101356
0.105176
0.0998572
0.096138
0.0836432
0.0937253
0.0942974
0.101528
0.101865
0.0827244
0.0922576
0.0989222
0.093873
0.106299
0.0980924
0.104489
0.103197
0.109266
0.109205
0.107047
0.105235
0.10897
0.0926176
0.0974837
0.104595
0.111227
0.101382
0.109216
0.10172
0.0956026
0.0935749
0.102247
0.0994536
0.113918
0.113007
0.0905317
0.100572
0.104
0.118917
0.14471
0.103049
0.128577
0.124179
0.098991
0.097233
0.105243
0.0941685
0.118218
0.110438
0.112297
0.128172
0.113131
0.11019
0.1097
0.113406
0.111217
0.11987
0.117863
0.135089
0.110765
0.122493
0.105222
0.112126
0.124584
0.0972593
0.090047
0.0987977
0.106917
0.09361
0.0877433
0.0699243
0.0808234
0.0879734
0.0717354
0.0822785
0.0832323
0.0914899
0.0797038
0.0881098
0.0638814
0.0709237
0.0851323
0.0899749
0.102846
0.0877621
0.083051
0.0845497
0.0888884
0.0862597
0.0868359
0.0904853
0.0811246
0.0615338
0.0555723
0.0666275
0.067532
0.0691094
0.0699195
0.0788927
0.0743063
0.0763441
0.0910903
0.0794738
0.10165
0.0975901
0.0972647
0.0921467
0.117027
0.0957171
0.0939948
0.088716
0.0847913
0.0718687
0.0625598
0.046067
0.0412523
0.0518548
0.0628482
0.0772386
0.0809888
0.0924488
0.0844244
0.0835647
0.0741646
0.108683
0.102318
0.0785463
0.085628
0.097599
0.0936386
0.0699877
0.102555
0.0975237
0.112602
0.10541
0.0854797
0.112796
0.10247
0.09202
0.0919295
0.0865625
0.0792478
0.0820107
0.0868949
0.090836
0.101265
0.0936938
0.105798
0.0895793
0.0897747
0.110912
0.0931674
0.0952074
0.110785
0.119597
0.0970966
0.0874672
0.0989477
0.10683
0.0999428
0.0894217
0.0963614
0.0783038
0.0963348
0.086023
0.0797286
0.0820905
0.0642877
0.0793606
0.0740318
0.0663478
0.0698934
0.072107
0.0650382
0.0428082
0.0432849
0.0406386
0.0524617
0.0509342
0.0461076
0.0361836
0.0536165
0.0470139
0.0436849
0.037721
0.0420812
0.0492091
0.0421813
0.0301775
0.0447757
0.0309672
0.0325332
0.0290062
0.0385276
0.0339959
0.0347908
0.0460242
0.0332314
0.0326478
0.0405601
0.030592
0.0497664
0.0331797
0.0411479
0.0582536
0.0327728
0.041627
0.0538564
0.045628
0.0278191
0.0456947
0.0298251
0.0548568
0.049378
0.0608804
0.0527334
0.0504301
0.0552162
0.0380446
0.0482866
0.0336464
0.0363816
0.0272851
0.0471687
0.0363468
0.0299827
0.02608
0.0310043
0.0241406
0.036069
0.0484862
0.0352623
0.0316987
0.0540146
0.0503035
0.0372514
0.0418827
0.0430029
0.0420242
0.0517288
0.0272956
0.029367
0.0238919
0.0258116
0.0460721
0.0387019
0.0362955
0.0412867
0.035273
0.0433407
0.0625521
0.0820849
0.0669058
0.0533638
0.0702078
0.0810188
0.0679216
0.0537229
0.0800787
0.0781036
0.0785684
0.0775825
0.0734974
0.0808216
0.0798251
0.0819712
0.0644831
0.0506288
0.0861716
0.109478
0.0786486
0.0914645
0.111389
0.116487
0.0998737
0.112377
0.12117
0.119102
0.12321
0.119591
0.129194
0.138035
0.140023
0.126216
0.10305
0.0741313
0.0927933
0.0868147
0.0925183
0.093364
0.0979567
0.0980328
0.0926817
0.0899287
0.100991
0.079831
0.0911755
0.0895487
0.108498
0.123266
0.114919
0.105291
0.114034
0.114137
0.105221
0.111268
0.0967536
0.144746
0.142685
0.114406
0.128428
0.121424
0.141129
0.113816
0.113686
0.115242
0.0992065
0.100397
0.0848181
0.103393
0.0790021
0.0694538
0.0709411
0.0465728
0.0387758
0.0428414
0.041558
0.0346887
0.0301362
0.0253276
0.020437
0.0130081
0.00574987
0.0124783
0.0109985
0.0108158
0.0137309
0.015889
0.0271268
0.0158193
0.0057315
0.009519
0.0131964
0.0158764
0.0140351
0.0157087
0.0190184
0.0241764
0.0148834
0.0137083
0.017938
0.00516529
0.00259752
0.0120364
0.00640546
0.00882649
0.0151368
0.00596746
0.0116144
0.0114334
0.00282948
0.00961303
0.00897816
0.00233571
0.00373877
0.0103327
0.0109438
0.0129676
0.00997871
0.00410167
0.00909474
0.00951067
0.00853345
0.00875365
0.0131964
0.0108318
0.0100907
0.0111074
0.0212385
0.00549692
0.010426
0.0102475
0.0114337
0.0111238
0.0131084
0.0149377
0.0201489
0.015536
0.018931
0.0122677
0.0185475
0.0305664
0.0190455
0.0186823
0.0103536
0.0168705
0.0149752
0.0130365
0.0182111
0.01198
0.0133564
0.0226064
0.0175073
0.015905
0.0174193
0.0233717
0.0231617
0.0233176
0.0217446
0.0229327
0.017024
0.033741
0.0234381
0.0320492
0.0172365
0.0222981
0.0176821
0.0193346
0.0146148
0.0180932
0.0142967
0.0227978
0.0157417
0.0173719
0.0162117
0.0213272
0.0193145
0.0204155
0.0212323
0.0150037
0.0141314
0.0274214
0.0232463
0.0334067
0.0284688
0.0359989
0.0354165
0.0262122
0.0336706
0.0368234
0.0429794
0.0254158
0.0388369
0.039777
0.0320027
0.0304205
0.0359977
0.0406179
0.0404293
0.0489113
0.0506416
0.0480888
0.0399705
0.0431629
0.0408036
0.0506007
0.056758
0.0571281
0.070213
0.0530417
0.0482316
0.0567171
0.0589932
0.0608113
0.0701683
0.0616244
0.0617627
0.070425
0.0666123
0.0632161
0.0526743
0.0513355
0.0630327
0.0541664
0.0617389
0.0530831
0.0701452
0.0580053
0.053889
0.0712296
0.0652047
0.0714016
0.0598552
0.0626033
0.0612214
0.0493315
0.0450709
0.0615495
0.0477128
0.0506042
0.0634614
0.0541053
0.0622194
0.0512917
0.0697451
0.0645568
0.0644366
0.0430793
0.0568466
0.0550013
0.0457125
0.0508448
0.049743
0.0473756
0.0509628
0.0423435
0.0446009
0.0503608
0.0536431
0.0385333
0.0501656
0.054132
0.0404197
0.0339032
0.0265096
0.0264407
0.0351185
0.035947
0.032018
0.0371909
0.0481421
0.0404743
0.029045
0.0207707
0.0367294
0.0312562
0.0162915
0.03706
0.042431
0.0416896
0.0345729
0.0316673
0.0394417
0.0296713
0.0296177
0.0388522
0.0180696
0.0248137
0.0290547
0.00964545
0.0133178
0.0135497
0.0141416
0.0119488
0.01566
0.0153849
0.012008
0.0152938
0.0191795
0.0131322
0.0126822
0.0116427
0
0.019506
0.0125177
0.0182457
0.0205943
0.0203402
0.0120855
0.0348071
0.0292387
0.0231188
0.0350495
0.0277709
0.0376994
0.0273267
0.0428654
0.023311
0.0147193
0.0207816
0.020223
0.0190919
0.0262261
0.0168467
0.0252673
0.0122481
0.0219934
0.0122423
0.0184347
0.0149164
0.0142151
0.0138438
0.0214127
0.0188244
0.00906451
0.00861953
0.0108639
0.0122309
0.016673
0.021067
0.0248578
0.00405823
0.0204372
0.0215351
0.0256184
0.0165685
0.0179994
0.0100603
0.0147116
0.00761186
0.0226974
0.0140346
0.0142924
0.00562286
0.0101385
0.0170907
0.00972771
0.0129847
0.0097382
0.020611
0.00964691
0.00773667
0.00431799
0.00666903
0.0142948
0.0135328
0.0190444
0.012893
0.0209313
0.0139794
0.0287063
0.02432
0.0134307
0.0107692
0.0247547
0.0288033
0.0245333
0.0233536
0.0195155
0.0307404
0.0218997
0.0116252
0.0138821
0.0106598
0.00874574
0.0115076
0.016306
0.0116865
0.00935028
0.00738556
0.0225087
0.00491004
0.0206932
0.0144728
0.0172103
0.0179856
0.0163384
0.00576475
0.0205354
0.0142383
0.0220736
0.01965
0.0362163
0.0316195
0.0280712
0.0325293
0.0315244
0.0272444
0.0305657
0.028185
0.0331667
0.0204987
0.0191639
0.0235254
0.0293128
0.01897
0.0279207
0.0183794
0.0259609
0.0266299
0.0226834
0.0317088
0.0217936
0.0255561
0.0327272
0.0316664
0.0289675
0.0318956
0.0304241
0.0345018
0.0358795
0.0306163
0.0461507
0.0385611
0.0482904
0.0785158
0.115668
0.245126
0.382512
0.462447
0.470389
0.456232
0.381626
0.240406
0.109974
0.0733495
0.0559859
0.0394782
0.0438805
0.0414756
0.0360949
0.0361462
0.0366937
0.0397733
0.0380433
0.043222
0.0434286
0.0425743
0.0421148
0.0391691
0.0371432
0.0384557
0.0357972
0.0404498
0.0426505
0.0360545
0.0347634
0.0340179
0.0367242
0.0475023
0.032585
0.0396683
0.0324178
0.0373057
0.0416638
0.0345366
0.0378115
0.0406466
0.0299036
0.042089
0.0333661
0.0296793
0.0379301
0.0329009
0.0361967
0.0385
0.0387274
0.032274
0.039303
0.0414214
0.0384937
0.0446705
0.0399453
0.0333004
0.0425469
0.0409942
0.0395654
0.0419231
0.0462914
0.0441531
0.0312202
0.0361741
0.0353544
0.0359625
0.0327643
0.0332733
0.0369803
0.0367471
0.0319441
0.0292572
0.031559
0.0224552
0.0419053
0.0316453
0.0436208
0.036126
0.0270342
0.0341352
0.0386888
0.0308142
0.0385137
0.040937
0.0436453
0.0288242
0.0289096
0.0288075
0.0369738
0.0300808
0.0312911
0.0401951
0.0371899
0.0381034
0.0360497
0.0371326
0.0424253
0.0276598
0.0331
0.0374056
0.0338368
0.0404238
0.0526965
0.0366584
0.0442237
0.0411061
0.0433452
0.0659651
0.0538705
0.0574551
0.0360329
0.0476879
0.0545722
0.052884
0.0559893
0.0433113
0.0465604
0.0535748
0.0450038
0.0525132
0.0628572
0.0454985
0.0409328
0.034833
0.043273
0.0405017
0.0507959
0.0608086
0.0557932
0.0541659
0.0435148
0.0467775
0.0404679
0.0528422
0.0427167
0.0520828
0.0486343
0.0473979
0.057924
0.0622663
0.0488457
0.0504506
0.0522403
0.049671
0.0605974
0.0610007
0.0565324
0.0693605
0.0339275
0.0834912
0.0542962
0.0852488
0.0790477
0.0730473
0.0668294
0.0773595
0.0626606
0.0635405
0.0733492
0.0457656
0.0827007
0.0677279
0.0934477
0.0762713
0.0762846
0.0585933
0.0963158
0.0705011
0.0978829
0.0751535
0.0803883
0.0849546
0.107899
0.0848376
0.104916
0.0837184
0.0857512
0.0973774
0.111933
0.0973578
0.098803
0.110284
0.0767516
0.0808213
0.0807411
0.0750191
0.0791399
0.0599391
0.0975728
0.0889581
0.0604389
0.0944542
0.0782691
0.067327
0.0730681
0.071677
0.0707374
0.0588484
0.0779057
0.0707073
0.0294445
0.0680861
0.0722973
0.0473453
0.0499561
0.054525
0.0632671
0.0485476
0.0605908
0.0480227
0.044518
0.0598304
0.0399707
0.0601546
0.0718147
0.068812
0.0671846
0.0553512
0.0557727
0.0498136
0.0904712
0.0792731
0.072483
0.0689247
0.0785681
0.0779866
0.0517036
0.0633541
0.0447511
0.0334243
0.0472695
0.0516555
0.0549239
0.0594421
0.0412075
0.0702079
0.0275009
0.037331
0.0571213
0.0610049
0.0493276
0.0396308
0.0650456
0.0564941
0.0465246
0.0570114
0.0738978
0.0767579
0.075603
0.0852201
0.0911405
0.08861
0.101237
0.104691
0.104854
0.133117
0.131627
0.141536
0.153013
0.130288
0.117711
0.0759397
0.0580035
0.0437536
0.0438098
0.0291077
0.0408562
0.0470844
0.0546645
0.0269792
0.032817
0.0438787
0.0548446
0.0422714
0.0305806
0.0588426
0.039548
0.0230717
0.0450785
0.0262005
0.0574547
0.0324256
0.0501233
0.0135134
0.041369
0.0479738
0.0343643
0.0368728
0.0406454
0.0260353
0.0401271
0.0279581
0.0378104
0.0381233
0.0533334
0.035875
0.0369364
0.0311235
0.0360785
0.0468727
0.0372287
0.0418072
0.036445
0.0323821
0.0417106
0.034812
0.0417415
0.0381569
0.0376304
0.0409319
0.0451055
0.0483273
0.0442361
0.0449394
0.0422913
0.038708
0.0514279
0.0380501
0.0312364
0.041417
0.0331419
0.0258683
0.0354109
0.0300037
0.0396115
0.0334563
0.0383293
0.0450476
0.0311273
0.0349113
0.0383969
0.0338151
0.0387683
0.0388939
0.0401199
0.0399597
0.0407252
0.0420653
0.0412936
0.0505301
0.0391851
0.0388529
0.0384109
0.0281005
0.0462035
0.0345175
0.0343093
0.0305964
0.0300038
0.0392082
0.0321179
0.0302773
0.0258795
0.0411708
0.0354974
0.0398179
0.0480629
0.041945
0.0404273
0.0471919
0.0411173
0.0427649
0.0430087
0.0492216
0.0573575
0.0596574
0.0552065
0.0560251
0.0688316
0.0577839
0.0614817
0.0690869
0.0775673
0.0737547
0.0706987
0.0722542
0.0601021
0.0547284
0.0513226
0.0535703
0.0430547
0.0390313
0.0283477
0.0291628
0.0324361
0.0305628
0.0429942
0.0334918
0.0307313
0.0352012
0.0330359
0.0461694
0.0327737
0.0328618
0.0392309
0.0304591
0.0364095
0.0480692
0.0433059
0.0432982
0.0484964
0.056007
0.0613288
0.0550509
0.0564534
0.0625178
0.0680444
0.0709945
0.0793661
0.0806839
0.0897851
0.0873164
0.0984061
0.0957947
0.095913
0.0945189
0.0891241
0.0869798
0.0697021
0.0797218
0.0622231
0.0631699
0.0438351
0.04098
0.0408218
0.0590408
0.0434778
0.05535
0.0600946
0.0569755
0.0462121
0.0533583
0.0606422
0.0418435
0.0459505
0.0549145
0.0644685
0.066223
0.0600727
0.0666854
0.0565386
0.0560889
0.0662257
0.0652624
0.0719618
0.0710893
0.0775342
0.0829345
0.0836196
0.0866614
0.0870377
0.0969456
0.098548
0.105693
0.106152
0.114922
0.111431
0.10734
0.111152
0.107512
0.0938615
0.0765956
0.0711132
0.0647093
0.0575737
0.0579873
0.056015
0.0505947
0.0576249
0.0583097
0.0617071
0.0570274
0.0481382
0.0525774
0.0511258
0.0640852
0.0629559
0.0626353
0.0615675
0.0387606
0.0453562
0.0384241
0.050728
0.0384181
0.0660046
0.051041
0.0571332
0.0564397
0.0494608
0.0439121
0.040091
0.0390097
0.047986
0.0444199
0.0480168
0.0393798
0.0512281
0.0519408
0.0534595
0.0434862
0.0487084
0.0447927
0.0496379
0.0488044
0.0506391
0.0406766
0.0501108
0.055091
0.0506018
0.0419256
0.046613
0.0470025
0.0519399
0.0384629
0.0447101
0.0557647
0.0402354
0.0440732
0.0447301
0.0492394
0.058542
0.0452981
0.0434482
0.0476876
0.0529143
0.063528
0.0540646
0.0662404
0.0580968
0.0590973
0.0646831
0.0717026
0.071835
0.0616623
0.0655461
0.0657548
0.0762632
0.0822591
0.0914969
0.0611958
0.0846873
0.0788936
0.0822305
0.0965492
0.0723051
0.095726
0.115828
0.0884105
0.0848218
0.0973466
0.0945768
0.0973909
0.0916025
0.113973
0.101181
0.0907324
0.106713
0.0820973
0.0700856
0.0864847
0.0859559
0.0676652
0.0759849
0.084468
0.0757323
0.0859384
0.0719206
0.0789894
0.098897
0.0911284
0.0803013
0.102109
0.100677
0.0999849
0.110612
0.0983891
0.110311
0.103611
0.127595
0.113078
0.103147
0.104438
0.0988652
0.0987254
0.0939365
0.10113
0.0793573
0.0901557
0.0972002
0.101666
0.104101
0.11555
0.0615813
0.0614315
0.0994131
0.0908786
0.113375
0.105891
0.100709
0.111023
0.0905414
0.0933189
0.128564
0.0958903
0.0958818
0.125489
0.130733
0.127513
0.102975
0.128492
0.129695
0.152261
0.12445
0.116322
0.118765
0.127186
0.125427
0.119789
0.127793
0.135108
0.161763
0.142024
0.13335
0.153309
0.151062
0.16082
0.155938
0.143589
0.15712
0.144611
0.114933
0.132335
0.151409
0.138024
0.116472
0.12404
0.101469
0.100296
0.0924253
0.0996547
0.115286
0.107803
0.08428
0.0807667
0.0745013
0.0949052
0.0780983
0.0730449
0.0732231
0.0935776
0.13338
0.0725809
0.092162
0.10761
0.0785185
0.098294
0.0888366
0.0713621
0.125336
0.10526
0.111521
0.11246
0.134303
0.136325
0.128486
0.131726
0.136376
0.145657
0.175719
0.151859
0.131598
0.168924
0.146403
0.156413
0.162896
0.181782
0.178073
0.180919
0.181913
0.152677
0.187688
0.165624
0.15883
0.172569
0.180522
0.191846
0.162895
0.170553
0.154018
0.148383
0.145833
0.115666
0.114309
0.108533
0.115795
0.0982058
0.0885608
0.120459
0.0580469
0.0759729
0.109677
0.0801118
0.101032
0.0860718
0.100696
0.0698927
0.0815934
0.0881837
0.119518
0.0921424
0.110048
0.0863628
0.074925
0.077789
0.0894596
0.0859145
0.112763
0.10035
0.0473412
0.0627797
0.104759
0.121032
0.093391
0.0805037
0.121048
0.0891405
0.0815762
0.0648016
0.0974572
0.130723
0.0782098
0.0780565
0.0678123
0.0976539
0.108311
0.138571
0.0486787
0.103508
0.136613
0.132759
0.0524374
0.124547
0.0905595
0.12789
0.107844
0.0897639
0.155012
0.0813342
0.116847
0.13189
0.10009
0.0857017
0.100154
0.0888868
0.14138
0.103827
0.112276
0.117432
0.108725
0.116423
0.135686
0.144133
0.0872638
0.0963198
0.102403
0.06942
0.071371
0.116448
0.0694206
0.101583
0.0935002
0.0891962
0.0862966
0.0691351
0.106012
0.0662194
0.137215
0.082967
0.13439
0.0804923
0.147397
0.0652388
0.0714071
0.067124
0.098189
0.0751005
0.0990673
0.0503145
0.11868
0.162409
0.109748
0.0975908
0.0453775
0.080257
0.103938
0.103686
0.0680203
0.0939834
0.109831
0.11981
0.103084
0.0873615
0.0983765
0.0906626
0.110316
0.066685
0.111873
0.124455
0.112596
0.0892048
0.121697
0.107334
0.0624428
0.124434
0.128785
0.12235
0.112477
0.0624272
0.0920454
0.1306
0.0956328
0.138984
0.139388
0.0657856
0.091958
0.0898434
0.0994803
0.0762669
0.0666389
0.0785454
0.060635
0.0736218
