0.221432
0.235696
0.241968
0.238187
0.234468
0.237708
0.238014
0.229742
0.230506
0.244809
0.244374
0.259741
0.264315
0.281838
0.290924
0.304082
0.317214
0.323283
0.335513
0.333856
0.320476
0.313268
0.298676
0.303871
0.304857
0.317694
0.318792
0.328874
0.340334
0.345147
0.359146
0.370073
0.375966
0.389293
0.40151
0.415176
0.430569
0.442981
0.438022
0.419978
0.396587
0.36958
0.374835
0.377051
0.385258
0.400455
0.406654
0.413279
0.421959
0.426818
0.422316
0.38806
0.368175
0.365304
0.365489
0.365625
0.391169
0.498587
0.525136
0.514026
0.475107
0.386988
0.331206
0.276677
0.266711
0.246701
0.221416
0.21677
0.199419
0.192686
0.180916
0.179149
0.176561
0.168022
0.173745
0.179934
0.185279
0.183418
0.199272
0.199631
0.201724
0.197519
0.195022
0.18508
0.18214
0.185943
0.190246
0.198481
0.202718
0.21437
0.229712
0.242201
0.253998
0.274984
0.289423
0.303337
0.316354
0.332453
0.344917
0.355856
0.370497
0.378521
0.369267
0.350604
0.317707
0.28903
0.274528
0.268515
0.274791
0.284571
0.296036
0.304596
0.320154
0.326604
0.338036
0.341738
0.332142
0.314569
0.289703
0.289628
0.287738
0.284758
0.301848
0.30395
0.309147
0.320306
0.322495
0.330877
0.338192
0.341709
0.353383
0.36014
0.367858
0.367471
0.366512
0.369166
0.398748
0.426858
0.431655
0.421725
0.383123
0.352892
0.31355
0.320197
0.318029
0.330766
0.334615
0.351148
0.364776
0.373085
0.386301
0.402687
0.402489
0.414556
0.426332
0.426923
0.435421
0.442314
0.444965
0.451489
0.460106
0.47363
0.491638
0.481273
0.444073
0.368674
0.27683
0.214472
0.184204
0.170128
0.161397
0.157371
0.158916
0.161368
0.17209
0.179172
0.187665
0.204278
0.211736
0.221044
0.224443
0.219845
0.224711
0.225095
0.20938
0.20443
0.200339
0.200295
0.194736
0.190513
0.186727
0.195058
0.196674
0.204798
0.216665
0.231533
0.236082
0.239329
0.22742
0.221865
0.199479
0.183576
0.180277
0.179664
0.173441
0.176822
0.181229
0.192984
0.201141
0.210133
0.214322
0.220209
0.229501
0.231601
0.242752
0.247699
0.257793
0.260881
0.270387
0.285586
0.293592
0.3077
0.308521
0.301807
0.263361
0.233649
0.215282
0.209454
0.203421
0.207436
0.217523
0.217732
0.220704
0.224656
0.242691
0.264922
0.276681
0.296531
0.300633
0.300568
0.315587
0.330907
0.331718
0.340041
0.353601
0.363269
0.371279
0.382519
0.395108
0.397782
0.407353
0.412096
0.410519
0.406314
0.407072
0.383197
0.342429
0.277928
0.263301
0.238482
0.254984
0.260405
0.248856
0.262851
0.261077
0.27599
0.290807
0.296051
0.297687
0.303929
0.31168
0.324778
0.329405
0.335466
0.351371
0.355828
0.355046
0.359395
0.361354
0.359986
0.346565
0.327636
0.286246
0.246499
0.219122
0.208455
0.200971
0.220409
0.222618
0.219568
0.221555
0.237498
0.240241
0.230095
0.240334
0.240053
0.236286
0.245661
0.235072
0.224997
0.215429
0.201815
0.208006
0.202701
0.196514
0.196065
0.205796
0.194688
0.210408
0.22513
0.231068
0.237885
0.247952
0.230024
0.218509
0.213415
0.187768
0.19252
0.191937
0.197183
0.196906
0.192267
0.19219
0.188141
0.189047
0.190554
0.192106
0.184708
0.186492
0.188411
0.207178
0.20435
0.210054
0.228252
0.233267
0.240712
0.239097
0.251459
0.255447
0.264752
0.272461
0.279747
0.284314
0.294273
0.276646
0.250166
0.231978
0.224514
0.211212
0.216107
0.200102
0.199725
0.199117
0.185948
0.197492
0.199087
0.209349
0.210721
0.217765
0.218528
0.225139
0.214341
0.223127
0.227654
0.227311
0.230119
0.239768
0.251855
0.263608
0.271187
0.29676
0.30568
0.316799
0.330774
0.33079
0.341393
0.354074
0.345374
0.329674
0.285074
0.228231
0.188006
0.190053
0.175219
0.174805
0.164037
0.174696
0.168562
0.188599
0.202174
0.203091
0.2038
0.185984
0.195153
0.191705
0.193833
0.193789
0.195106
0.183891
0.17895
0.171068
0.17294
0.177773
0.189721
0.18719
0.192182
0.200097
0.216378
0.237597
0.277274
0.300768
0.336189
0.358716
0.367934
0.378217
0.38099
0.358258
0.329552
0.292615
0.281272
0.251188
0.254657
0.272521
0.270483
0.254589
0.274465
0.244856
0.259265
0.259074
0.248588
0.256585
0.260987
0.256603
0.264443
0.25453
0.239344
0.240113
0.229972
0.242214
0.241133
0.254517
0.249445
0.231946
0.224328
0.246565
0.250906
0.259875
0.23183
0.244831
0.238427
0.239917
0.210574
0.251968
0.2289
0.225995
0.231307
0.229537
0.242745
0.254907
0.250157
0.220759
0.232821
0.239864
0.258258
0.265933
0.256098
0.245817
0.249116
0.276794
0.255611
0.258945
0.271621
0.269037
0.280689
0.292633
0.296559
0.306454
0.332643
0.346136
0.377158
0.418545
0.430321
0.439885
0.439323
0.413542
0.389087
0.331493
0.296315
0.273679
0.233313
0.236226
0.257637
0.297048
0.335812
0.391884
0.43123
0.493269
0.509982
0.485136
0.437671
0.349192
0.265609
0.216359
0.203203
0.201696
0.20846
0.205148
0.201119
0.204039
0.226458
0.228916
0.231489
0.228676
0.228238
0.234345
0.237858
0.236193
0.245487
0.251066
0.265424
0.274028
0.268282
0.253872
0.233662
0.216908
0.1925
0.181921
0.19169
0.192068
0.186434
0.168373
0.162495
0.151926
0.1514
0.140784
0.163543
0.144553
0.145553
0.155518
0.146895
0.162002
0.158527
0.166742
0.168592
0.182636
0.185958
0.212286
0.204443
0.211447
0.201896
0.197307
0.187892
0.194475
0.223252
0.206941
0.196998
0.188923
0.181399
0.170656
0.193681
0.177144
0.188444
0.182632
0.200374
0.218487
0.216113
0.237413
0.249389
0.214267
0.231303
0.224209
0.193322
0.188186
0.186177
0.185253
0.186787
0.18534
0.193165
0.189498
0.192973
0.18773
0.191945
0.19237
0.19768
0.191281
0.192796
0.211376
0.192347
0.212548
0.206929
0.208678
0.206541
0.195677
0.18293
0.186518
0.177645
0.198735
0.160336
0.159329
0.160828
0.177642
0.148173
0.143876
0.167433
0.159737
0.134494
0.15316
0.15112
0.151467
0.157352
0.161693
0.152822
0.146661
0.137767
0.138801
0.1559
0.14496
0.150055
0.152907
0.137382
0.122714
0.112731
0.11711
0.116892
0.117014
0.132187
0.134101
0.136103
0.161147
0.165823
0.160369
0.174695
0.187464
0.191935
0.196684
0.198206
0.194199
0.190643
0.17618
0.147121
0.141333
0.128159
0.10288
0.114054
0.116361
0.119771
0.139628
0.128869
0.1633
0.16819
0.169126
0.181529
0.187163
0.170913
0.178627
0.175297
0.169602
0.156163
0.161297
0.18441
0.179534
0.201496
0.20184
0.175838
0.210344
0.186736
0.19521
0.187857
0.175962
0.209922
0.168385
0.18098
0.181177
0.178652
0.184147
0.205526
0.188326
0.194586
0.203279
0.197146
0.193072
0.201909
0.186434
0.18019
0.202093
0.202725
0.192555
0.17741
0.190541
0.15479
0.164827
0.160207
0.169281
0.136266
0.153352
0.130544
0.128286
0.116545
0.102729
0.103344
0.105919
0.102999
0.0878336
0.0899333
0.0820995
0.0831899
0.0794832
0.0723202
0.0667579
0.0753244
0.0769847
0.0662798
0.0676947
0.0819384
0.0820127
0.0829806
0.0592926
0.0732879
0.0729966
0.0661602
0.0661615
0.0692156
0.0599009
0.056882
0.0690911
0.0560342
0.0592442
0.0753944
0.0659684
0.0747201
0.0755568
0.0717827
0.0754659
0.0714245
0.0867121
0.0921859
0.0838069
0.0649904
0.0783776
0.0790283
0.0822769
0.0950279
0.0990258
0.0862278
0.0899989
0.0960228
0.0722774
0.0850306
0.0736626
0.062795
0.0626702
0.0597348
0.066515
0.0490772
0.0596137
0.0623149
0.0566715
0.0642971
0.0795821
0.071413
0.0578155
0.0747043
0.0765547
0.081957
0.0740369
0.0774989
0.0580331
0.0796349
0.0626158
0.0598089
0.0650665
0.0714051
0.0740362
0.0667501
0.0690437
0.0714556
0.0726619
0.0937438
0.0932969
0.111367
0.112868
0.120661
0.115011
0.136897
0.140205
0.123619
0.147778
0.148007
0.145142
0.125766
0.150166
0.152064
0.151893
0.140406
0.166684
0.131266
0.146622
0.180982
0.174354
0.188437
0.189501
0.20625
0.173064
0.203644
0.208309
0.220725
0.237251
0.239212
0.254345
0.259107
0.24173
0.213171
0.194135
0.152577
0.161656
0.142925
0.13629
0.175489
0.165912
0.167469
0.183639
0.175871
0.184614
0.152716
0.164507
0.185556
0.177781
0.206104
0.206535
0.177323
0.182556
0.171877
0.168021
0.169266
0.191916
0.241607
0.252987
0.233521
0.225298
0.221359
0.23357
0.212382
0.212239
0.198487
0.207159
0.181322
0.151062
0.151169
0.120964
0.128412
0.127874
0.107497
0.0789757
0.07668
0.0609921
0.0526506
0.0475675
0.0343125
0.035978
0.0151415
0.0152286
0.0135883
0.0141576
0.0126539
0.0151361
0.0163497
0.0195066
0.0218413
0.00847726
0.0169838
0.0164167
0.0171469
0.0195229
0.0275953
0.0330817
0.0340868
0.0289988
0.0209685
0.0184078
0.00638321
0.0107351
0.00987985
0.00572542
0.0115343
0.011199
0.0127734
0.0124877
0.0102851
0.00435555
0.0114025
0.00517655
0
0.00678003
0.0132755
0.0138284
0.0184416
0.0215551
0.0182923
0.0188098
0.0191939
0.0148815
0.0236851
0.016656
0.0183212
0.0140378
0.0234401
0.0274645
0.0200443
0.0244054
0.0155452
0.0140713
0.0209967
0.0209687
0.0249755
0.0328009
0.0296332
0.0351292
0.0354023
0.0348053
0.0419279
0.0332633
0.0364872
0.0237272
0.0310186
0.0274517
0.0314102
0.0303456
0.0310288
0.0338576
0.0308822
0.0318712
0.0309383
0.0307424
0.0389622
0.0322989
0.0347658
0.0378123
0.0418001
0.0438921
0.0566466
0.0444116
0.0437747
0.0377105
0.0386348
0.0335553
0.0398988
0.0328691
0.032581
0.029954
0.0343344
0.0322357
0.0371234
0.0351556
0.0381406
0.0381958
0.0345768
0.0428149
0.0366964
0.0372636
0.0486581
0.0484287
0.0610616
0.0552833
0.0587256
0.0604338
0.0631468
0.0745685
0.0669629
0.0730072
0.0666494
0.0729007
0.0648162
0.0728087
0.066564
0.0684482
0.0788598
0.079426
0.0859702
0.08173
0.0855799
0.0790129
0.0844818
0.0903088
0.0943023
0.105155
0.106053
0.11668
0.104004
0.101071
0.120416
0.119588
0.114239
0.119059
0.123776
0.120101
0.119212
0.124601
0.111577
0.112842
0.115454
0.112683
0.108458
0.116159
0.113252
0.12191
0.117766
0.115704
0.13823
0.14127
0.151421
0.138849
0.129756
0.125228
0.114899
0.10735
0.109169
0.112667
0.0967818
0.113108
0.117805
0.100922
0.102012
0.114885
0.106656
0.106545
0.0974604
0.106103
0.102623
0.10732
0.0970284
0.0959714
0.105308
0.100824
0.101212
0.113136
0.08955
0.0964273
0.0755587
0.0859846
0.0773213
0.0728661
0.0504342
0.0606445
0.0525659
0.0546977
0.0524717
0.0601533
0.059376
0.0554916
0.0577616
0.0563918
0.0546583
0.0567089
0.0608733
0.0650951
0.068206
0.0685437
0.0586273
0.0788367
0.0678358
0.0651543
0.0606279
0.0594826
0.0638692
0.0477504
0.0391961
0.0464118
0.0277087
0.030741
0.0210445
0.0287044
0.0245915
0.0252221
0.0268461
0.0196616
0.0164152
0.0278233
0.0182291
0.012523
0.0116742
0.0208482
0.0227759
0.0234439
0.0239396
0.0373385
0.0291009
0.0330399
0.0473437
0.0580889
0.0508469
0.0571675
0.053073
0.0568992
0.0543502
0.0476213
0.0356188
0.0423037
0.046933
0.0273391
0.0284382
0.0297968
0.0209156
0.0224434
0.024956
0.0297559
0.0200196
0.0203026
0.0258313
0.0153852
0.0213316
0.0187827
0.0208599
0.0231105
0.0155692
0.0241215
0.0176639
0.0287151
0.027609
0.0225671
0.0253235
0.0255404
0.0396264
0.0319652
0.0264842
0.0318017
0.0267621
0.0210654
0.0220336
0.0252199
0.0260563
0.0196846
0.0109011
0.0186716
0.0121388
0.0234188
0.0176746
0.0195749
0.0273067
0.0192113
0.019684
0.0182916
0.020964
0.0258279
0.0259776
0.0282736
0.0190879
0.0330308
0.0331535
0.0426741
0.0478951
0.0443784
0.023673
0.0423066
0.0501756
0.0390259
0.024219
0.0289937
0.0365351
0.0283955
0.0262009
0.0264337
0.0259391
0.0236753
0.0172204
0.0254084
0.0195804
0.0211827
0.0215576
0.0289518
0.021834
0.0245419
0.0191029
0.0201724
0.0256676
0.0277674
0.0275051
0.0371614
0.0272364
0.0392131
0.0364564
0.044146
0.0433063
0.0514216
0.0532161
0.0505135
0.0420019
0.049612
0.0499324
0.053405
0.0492657
0.0442735
0.0437613
0.0450868
0.0454974
0.0453286
0.0456112
0.0471192
0.0478383
0.0451019
0.0516724
0.0465405
0.0503346
0.05082
0.0535466
0.0487204
0.0485027
0.0617453
0.0556876
0.0626512
0.0623177
0.0705354
0.0715337
0.0858845
0.110804
0.180148
0.357029
0.550146
0.6385
0.66496
0.644351
0.540593
0.347116
0.17333
0.123957
0.0958585
0.0790933
0.0892761
0.0755306
0.0774837
0.0777879
0.0792853
0.080277
0.0789386
0.0816491
0.0797072
0.0769343
0.0732408
0.0777719
0.0688993
0.0690432
0.069672
0.0735758
0.0753507
0.0756136
0.070358
0.0741685
0.0706663
0.0665129
0.069876
0.0643061
0.0589193
0.0601931
0.0643059
0.0650928
0.0686484
0.0678163
0.0648206
0.0660246
0.0626503
0.066819
0.0621336
0.0679737
0.0674751
0.0685516
0.0704408
0.0703
0.0733547
0.0746594
0.0736032
0.0748561
0.0743963
0.0764919
0.0756444
0.0734317
0.0740773
0.0760997
0.0807746
0.0731138
0.0749216
0.0758349
0.0796189
0.0704776
0.0645793
0.0780312
0.058878
0.0714048
0.0663524
0.064914
0.0556837
0.0603585
0.0767234
0.0693086
0.0673384
0.0679557
0.0642578
0.0601743
0.0643205
0.0704781
0.0728376
0.0784315
0.0661996
0.0683705
0.0697493
0.0670223
0.0769287
0.07553
0.0691649
0.0793972
0.0684124
0.0778652
0.0741224
0.0768791
0.085004
0.0706659
0.0692887
0.0767677
0.0820459
0.075961
0.080746
0.083039
0.0935039
0.0813182
0.0762481
0.0962006
0.0716602
0.085552
0.0869902
0.082478
0.0876792
0.105485
0.101135
0.0862545
0.0954176
0.0996681
0.0950574
0.0898585
0.0995565
0.0926899
0.0992622
0.0860256
0.093335
0.0954889
0.0993403
0.0958344
0.0921768
0.102427
0.0883219
0.100206
0.102774
0.101737
0.104969
0.0913161
0.10989
0.106357
0.101839
0.115281
0.0981734
0.0842246
0.0920387
0.119144
0.117492
0.0978972
0.0990563
0.0990899
0.118089
0.127221
0.102849
0.14693
0.105119
0.110077
0.112237
0.12439
0.112948
0.107067
0.126013
0.105878
0.121685
0.127037
0.141407
0.130131
0.124021
0.10606
0.14008
0.122929
0.123714
0.151415
0.134425
0.120297
0.137142
0.15485
0.168831
0.149791
0.148791
0.17081
0.178456
0.169361
0.141005
0.145777
0.11575
0.144684
0.142596
0.13744
0.135216
0.13357
0.124443
0.113251
0.115657
0.115921
0.107177
0.109125
0.10049
0.109746
0.105623
0.099255
0.116574
0.11426
0.0989263
0.120994
0.121047
0.0881566
0.107294
0.089219
0.114366
0.103722
0.098872
0.0879316
0.104522
0.114996
0.104636
0.0961256
0.118176
0.120037
0.115744
0.107206
0.121239
0.117872
0.149457
0.139719
0.139654
0.123746
0.150137
0.10681
0.0841438
0.0855487
0.0766855
0.0679731
0.094026
0.0947691
0.0964238
0.0832772
0.0847607
0.100047
0.0705975
0.092671
0.0929377
0.0801458
0.0882312
0.0814318
0.100836
0.101212
0.0986215
0.105691
0.1194
0.120452
0.124651
0.146925
0.160904
0.162029
0.182316
0.189748
0.193996
0.228671
0.244775
0.249679
0.260996
0.235818
0.211321
0.136466
0.10306
0.0877877
0.0840682
0.0666243
0.0750422
0.0708346
0.0954205
0.0746664
0.0894468
0.0810973
0.0871324
0.074032
0.0749344
0.0860894
0.0786
0.0705352
0.0768573
0.0623481
0.0769827
0.0686608
0.0799017
0.0639088
0.0769549
0.078576
0.0711188
0.0721007
0.0663837
0.0685319
0.0771568
0.0706766
0.0646992
0.0636052
0.07076
0.0708763
0.0737648
0.0665695
0.0665956
0.070311
0.0703424
0.0754477
0.0682841
0.0677907
0.0747127
0.0690678
0.0667745
0.0690229
0.0761128
0.0710317
0.077465
0.0815651
0.072835
0.0787276
0.0679623
0.0694658
0.0778465
0.0735912
0.0732751
0.0701056
0.0628423
0.0658367
0.0571682
0.0615083
0.0701229
0.0581787
0.0674625
0.0669934
0.0607268
0.0627881
0.0618342
0.0629223
0.0628222
0.0584745
0.0601824
0.0629407
0.0648261
0.0641943
0.0670378
0.0697789
0.0634988
0.0650191
0.0598576
0.0593222
0.0611429
0.0584703
0.0717892
0.0693871
0.0686753
0.0640353
0.0631023
0.0611198
0.0609305
0.0663246
0.0615974
0.0687086
0.075624
0.0710397
0.0775109
0.0781354
0.0745068
0.0736413
0.0806047
0.0824799
0.0849002
0.0959922
0.0884968
0.0921228
0.0956873
0.101577
0.103006
0.114763
0.126198
0.119708
0.117073
0.111534
0.0956189
0.0872693
0.0836988
0.0690305
0.0632576
0.0612544
0.0555108
0.0584519
0.065158
0.0578737
0.0626716
0.0672486
0.0585894
0.0645673
0.0634137
0.0711148
0.0661833
0.07067
0.0662893
0.0676096
0.0717631
0.0813037
0.0791044
0.0800321
0.0868301
0.08746
0.096667
0.094051
0.0963579
0.102739
0.118595
0.120919
0.13321
0.142312
0.153352
0.157034
0.168034
0.157674
0.16618
0.150466
0.139385
0.136275
0.119444
0.118749
0.0984029
0.100592
0.0904345
0.0810416
0.089094
0.103037
0.0920864
0.0878003
0.0907017
0.0887547
0.0890237
0.0937332
0.0936577
0.0880327
0.0902018
0.0919872
0.104893
0.106279
0.109107
0.104461
0.104818
0.11041
0.119916
0.120161
0.129145
0.133309
0.137814
0.146125
0.147009
0.151104
0.155906
0.166231
0.178493
0.182014
0.195569
0.202835
0.20527
0.202113
0.194767
0.175403
0.160519
0.14884
0.132735
0.114945
0.112086
0.103812
0.0925275
0.103105
0.0981764
0.0973028
0.105902
0.110103
0.09551
0.096786
0.101238
0.104511
0.0900304
0.105117
0.102862
0.0956765
0.0998552
0.0880976
0.0865208
0.0913481
0.0910513
0.0866519
0.0922152
0.0896794
0.103747
0.0863395
0.0870909
0.0919664
0.0869039
0.0855961
0.0953532
0.0840668
0.0904418
0.0955283
0.0876743
0.0903119
0.0931309
0.0868325
0.0910016
0.0884369
0.0968624
0.0920045
0.0955951
0.0977983
0.0964313
0.0903009
0.0969327
0.0892234
0.0930586
0.0924042
0.0969431
0.0946336
0.0907049
0.101297
0.0886293
0.0879942
0.0884023
0.0860486
0.081499
0.0868116
0.0774376
0.0672303
0.049959
0.0519118
0.0447126
0.0376538
0.0397068
0.0423965
0.0399835
0.0438356
0.0455409
0.0506273
0.0578829
0.065021
0.0758499
0.0826106
0.0940399
0.117142
0.102912
0.123295
0.125001
0.132505
0.124343
0.143989
0.157496
0.140587
0.135649
0.159356
0.165401
0.152222
0.157059
0.154534
0.149962
0.139436
0.129915
0.126581
0.120061
0.115454
0.118465
0.121024
0.122716
0.117118
0.117812
0.106047
0.132163
0.135056
0.130838
0.138561
0.151049
0.152959
0.146732
0.167016
0.164553
0.158971
0.168283
0.169137
0.170561
0.139218
0.159228
0.166197
0.168214
0.138365
0.149302
0.150811
0.163504
0.155201
0.133364
0.158162
0.15154
0.135895
0.136837
0.163491
0.18088
0.141662
0.169082
0.20075
0.170113
0.193586
0.187561
0.196416
0.172608
0.209559
0.186769
0.217191
0.177994
0.198042
0.204302
0.219408
0.199894
0.206832
0.216393
0.206565
0.216586
0.22681
0.234256
0.223193
0.23562
0.237807
0.24394
0.253126
0.255568
0.249013
0.259191
0.249762
0.249269
0.238173
0.223708
0.218495
0.223167
0.211897
0.189231
0.191037
0.183254
0.158046
0.153759
0.159372
0.172164
0.143627
0.130697
0.135576
0.135245
0.150243
0.146281
0.134588
0.129713
0.139218
0.185301
0.154714
0.184931
0.18451
0.192059
0.173216
0.178721
0.15648
0.210411
0.224029
0.194066
0.221412
0.227033
0.243478
0.222758
0.23413
0.230683
0.257234
0.28736
0.266101
0.273773
0.256439
0.290654
0.279138
0.288137
0.310664
0.284634
0.301055
0.325399
0.275058
0.308289
0.302009
0.2812
0.297125
0.291626
0.301272
0.26783
0.246004
0.287805
0.268461
0.239553
0.233005
0.199892
0.204612
0.135172
0.163974
0.132404
0.163812
0.148763
0.129476
0.179334
0.116981
0.12714
0.1258
0.16057
0.127253
0.130405
0.128465
0.150008
0.120094
0.130966
0.10068
0.0974724
0.112568
0.104686
0.161229
0.129359
0.140975
0.0796377
0.152688
0.160045
0.131807
0.149405
0.183226
0.164061
0.152295
0.124232
0.170035
0.154849
0.16476
0.188897
0.156234
0.174191
0.138058
0.148143
0.189439
0.152464
0.138014
0.202051
0.158828
0.149634
0.173312
0.208695
0.181587
0.164077
0.146776
0.18695
0.116868
0.155487
0.184984
0.14605
0.177304
0.16388
0.141661
0.172807
0.145994
0.13752
0.137835
0.167923
0.156142
0.167665
0.215224
0.128273
0.139086
0.147081
0.145587
0.152183
0.187425
0.113107
0.166043
0.151971
0.146957
0.123094
0.128796
0.188152
0.171202
0.20489
0.103709
0.171093
0.145062
0.191203
0.126771
0.132829
0.142961
0.181062
0.173871
0.162419
0.129142
0.15402
0.181708
0.141382
0.15488
0.101207
0.151691
0.128333
0.142903
0.203392
0.187054
0.159668
0.190846
0.19278
0.164378
0.159507
0.179558
0.158894
0.12354
0.141134
0.204165
0.169319
0.162858
0.172628
0.1674
0.18277
0.190438
0.210441
0.183155
0.170792
0.138053
0.165384
0.204581
0.154736
0.188461
0.169095
0.108738
0.119859
0.110664
0.107023
0.0794969
0.0350624
0.0386868
0.0290846
0.0164215
