0.193134
0.201542
0.202765
0.205696
0.207439
0.216864
0.218126
0.227583
0.228857
0.236282
0.24091
0.246231
0.251387
0.255607
0.263315
0.268201
0.269445
0.273283
0.271189
0.274572
0.261281
0.26954
0.270686
0.283694
0.296007
0.299714
0.314132
0.319456
0.324568
0.334578
0.336167
0.344548
0.345505
0.347788
0.35526
0.357514
0.359541
0.35491
0.362145
0.351271
0.337475
0.347268
0.343498
0.355997
0.37115
0.379394
0.395782
0.401398
0.402509
0.406066
0.400528
0.363241
0.339611
0.334251
0.334392
0.33435
0.360851
0.426365
0.429206
0.414792
0.383227
0.34472
0.280475
0.255174
0.238774
0.216851
0.203774
0.196857
0.186021
0.177311
0.171845
0.16922
0.16218
0.160072
0.158637
0.161769
0.155921
0.159657
0.164057
0.178855
0.180173
0.189576
0.19302
0.193364
0.203335
0.200472
0.202887
0.204119
0.207106
0.214952
0.221118
0.233766
0.242006
0.263144
0.280507
0.302864
0.340547
0.362073
0.386614
0.398281
0.398793
0.392101
0.379401
0.351235
0.312257
0.278211
0.267949
0.257156
0.261016
0.266087
0.27008
0.272453
0.273531
0.277384
0.275774
0.270344
0.2629
0.273285
0.268498
0.265564
0.268474
0.273445
0.281152
0.28224
0.291858
0.298058
0.309271
0.317073
0.322636
0.335641
0.332658
0.337766
0.340873
0.337083
0.33598
0.337577
0.352991
0.357031
0.351708
0.344397
0.311956
0.305394
0.28934
0.284264
0.290865
0.300179
0.315724
0.321238
0.331971
0.353838
0.364543
0.375714
0.381927
0.394098
0.405281
0.406494
0.409261
0.411524
0.413227
0.415229
0.412509
0.417467
0.418878
0.398173
0.368884
0.307969
0.247994
0.198351
0.182324
0.154706
0.155059
0.151356
0.142094
0.1404
0.144551
0.151415
0.152004
0.160313
0.169201
0.180066
0.202108
0.19948
0.201653
0.212641
0.203222
0.194176
0.18885
0.185817
0.185673
0.181682
0.180471
0.176696
0.18505
0.18689
0.18311
0.188986
0.188031
0.182517
0.181693
0.18032
0.171052
0.167571
0.1737
0.156089
0.164644
0.170696
0.180193
0.18938
0.186428
0.19876
0.213399
0.216798
0.22366
0.23152
0.232678
0.24366
0.24411
0.248356
0.253397
0.256392
0.261814
0.261612
0.25298
0.253703
0.230309
0.219488
0.208968
0.218038
0.22149
0.229598
0.23753
0.234153
0.246579
0.245995
0.257642
0.261554
0.272909
0.279413
0.284468
0.307258
0.313697
0.324966
0.329586
0.339637
0.342084
0.347437
0.35567
0.363037
0.363775
0.373266
0.381767
0.383605
0.397417
0.407139
0.385616
0.356785
0.31507
0.275371
0.241968
0.232388
0.229471
0.218726
0.231554
0.247572
0.247518
0.240123
0.259279
0.268879
0.284229
0.286459
0.295891
0.29593
0.309679
0.319821
0.317473
0.327771
0.329887
0.334076
0.334447
0.329572
0.316768
0.288473
0.249543
0.206654
0.178785
0.17311
0.168037
0.169867
0.172502
0.185886
0.204307
0.202231
0.216021
0.22214
0.218219
0.22454
0.215024
0.222874
0.205452
0.212345
0.206323
0.190998
0.187786
0.186361
0.18278
0.181928
0.175628
0.181372
0.183028
0.186167
0.186196
0.191136
0.185081
0.191111
0.18153
0.167903
0.174037
0.176843
0.173922
0.160852
0.172159
0.177561
0.172678
0.166958
0.166586
0.170496
0.16968
0.169005
0.174282
0.184375
0.181964
0.182735
0.188695
0.214366
0.218443
0.21685
0.218145
0.23187
0.23363
0.237074
0.241307
0.249829
0.241712
0.251425
0.237339
0.212144
0.214401
0.223391
0.209676
0.199008
0.199006
0.180753
0.178886
0.189622
0.195384
0.203408
0.213973
0.197808
0.211851
0.207711
0.198585
0.202032
0.212668
0.212481
0.221782
0.227628
0.234936
0.243191
0.245263
0.260399
0.271689
0.287606
0.30611
0.298745
0.299093
0.315008
0.312081
0.294206
0.276853
0.24517
0.203149
0.20628
0.173172
0.185663
0.169716
0.177739
0.17309
0.180601
0.186844
0.190231
0.178146
0.169848
0.187065
0.192851
0.182282
0.179347
0.179282
0.180555
0.178257
0.191166
0.187334
0.184166
0.189249
0.185605
0.181802
0.189227
0.205906
0.209089
0.229428
0.247168
0.280419
0.294955
0.332018
0.330247
0.349994
0.338101
0.323129
0.289874
0.271849
0.268703
0.258549
0.252116
0.247818
0.261497
0.278319
0.274318
0.26436
0.258309
0.2588
0.263215
0.272618
0.274482
0.273391
0.277872
0.253991
0.242943
0.212242
0.203884
0.200536
0.198508
0.206549
0.210237
0.206039
0.226651
0.213896
0.209798
0.195284
0.170904
0.214866
0.216543
0.196982
0.206939
0.213216
0.223327
0.214997
0.214286
0.216168
0.202472
0.221493
0.219812
0.220988
0.212602
0.219538
0.217463
0.226597
0.218342
0.225145
0.224538
0.245457
0.233688
0.243965
0.250568
0.271598
0.258443
0.271238
0.265056
0.289886
0.3036
0.319224
0.330139
0.361959
0.390673
0.396871
0.430226
0.416853
0.370306
0.326109
0.27466
0.246365
0.215933
0.213631
0.272872
0.334979
0.379801
0.444541
0.506262
0.527774
0.552335
0.521603
0.452772
0.358695
0.247977
0.216536
0.210827
0.209763
0.190521
0.202505
0.184182
0.203951
0.215932
0.213534
0.222485
0.214579
0.210735
0.231763
0.230052
0.231435
0.248626
0.258131
0.247452
0.246674
0.241665
0.223447
0.206771
0.182329
0.188051
0.158421
0.176885
0.16451
0.18779
0.167036
0.158429
0.141683
0.147741
0.150565
0.138237
0.117924
0.140941
0.148488
0.150679
0.134404
0.146118
0.156301
0.153773
0.154802
0.169332
0.179741
0.187239
0.184391
0.179592
0.195175
0.198112
0.189243
0.184859
0.204203
0.176678
0.194909
0.169859
0.161522
0.169088
0.169337
0.184197
0.179065
0.189195
0.203326
0.217274
0.218232
0.215541
0.215731
0.19877
0.190397
0.186934
0.1825
0.163189
0.157309
0.169675
0.186834
0.173334
0.174149
0.168363
0.182017
0.178561
0.184246
0.174953
0.195112
0.167275
0.169675
0.173709
0.179131
0.187692
0.173207
0.202748
0.179246
0.177888
0.191454
0.156214
0.159002
0.141824
0.137931
0.147355
0.158396
0.148744
0.155785
0.148946
0.152766
0.161436
0.130095
0.119829
0.132027
0.148581
0.138627
0.135007
0.130332
0.153071
0.134704
0.155611
0.144949
0.138963
0.133064
0.125087
0.112981
0.108774
0.0975053
0.113907
0.116664
0.105744
0.12425
0.134505
0.139463
0.157024
0.149849
0.157191
0.166407
0.177265
0.188216
0.186665
0.193569
0.178125
0.15828
0.158382
0.120368
0.0949666
0.094855
0.0767017
0.105378
0.105312
0.122839
0.128706
0.134411
0.128129
0.17046
0.154221
0.183205
0.147875
0.14121
0.115409
0.1392
0.125568
0.144801
0.180282
0.165084
0.177968
0.168987
0.166057
0.181362
0.188382
0.160603
0.176664
0.175171
0.166956
0.161728
0.171263
0.167235
0.173564
0.183325
0.17742
0.179189
0.171823
0.147429
0.169369
0.175477
0.162737
0.148073
0.184265
0.167757
0.167695
0.161489
0.147665
0.140015
0.15313
0.124406
0.138084
0.142212
0.145257
0.119791
0.124067
0.119046
0.121799
0.117135
0.102069
0.0938643
0.1084
0.0898891
0.085581
0.0757551
0.0824488
0.0804005
0.0945015
0.0689733
0.0682401
0.0658144
0.0647055
0.052882
0.0659041
0.0724061
0.0804279
0.0719531
0.0560205
0.067543
0.0592688
0.0662164
0.0717012
0.0551417
0.0621651
0.064583
0.0545192
0.0613978
0.0555588
0.0574985
0.0711385
0.0672023
0.0712408
0.0809701
0.0585651
0.0705043
0.0647848
0.0821766
0.0664534
0.0770191
0.0703141
0.0734979
0.0848958
0.08063
0.0878494
0.0779606
0.0675999
0.0755732
0.0641558
0.066902
0.064005
0.0632847
0.0475819
0.0614734
0.0374315
0.0447853
0.0628605
0.0519359
0.0376344
0.0525167
0.0723636
0.0553333
0.050654
0.068824
0.0574936
0.0731917
0.0717272
0.071347
0.0787112
0.0452301
0.0579886
0.0638094
0.0689714
0.0673336
0.0589843
0.0591934
0.0603499
0.0756972
0.0830776
0.0804625
0.102652
0.102846
0.105565
0.102104
0.112358
0.107138
0.0977688
0.132703
0.127506
0.119975
0.131606
0.136035
0.123821
0.140969
0.138995
0.128874
0.117459
0.129422
0.159412
0.149339
0.151219
0.19153
0.179637
0.197008
0.18821
0.214042
0.225276
0.212902
0.239447
0.243031
0.27507
0.240491
0.234561
0.19045
0.145468
0.155565
0.114528
0.138926
0.123687
0.144429
0.149056
0.140636
0.147141
0.142376
0.172454
0.144686
0.143549
0.155733
0.14738
0.175507
0.155808
0.155603
0.158717
0.153789
0.174731
0.149332
0.179636
0.172199
0.212793
0.18004
0.201234
0.179574
0.177584
0.156165
0.181478
0.159924
0.15257
0.139226
0.117218
0.124355
0.123235
0.101957
0.080565
0.0807429
0.0714683
0.0649904
0.0496693
0.0465696
0.0407405
0.0375005
0.0307052
0.0279156
0.0211617
0.0189246
0.0231031
0.0196565
0.0289993
0.0162651
0.0194178
0.0251842
0.0243585
0.0256575
0.0255292
0.0353845
0.030959
0.0375122
0.0385411
0.0288121
0.0197761
0.0198707
0.0197938
0.01159
0.011823
0.0127373
0.0136787
0.0193169
0.0188652
0.0157592
0.0200053
0.00869525
0.0150406
0.0150795
0.0117016
0.0158774
0.0175777
0.0160144
0.0161591
0.024808
0.0302761
0.0293798
0.0282184
0.0327321
0.0314272
0.0292039
0.0223746
0.0228441
0.0223279
0.0191172
0.0212476
0.0233618
0.0190555
0.0217428
0.0257934
0.0305557
0.0234605
0.0242588
0.0282517
0.0316587
0.0394003
0.0397901
0.0331762
0.0378596
0.0416717
0.0404164
0.0359791
0.032737
0.0344275
0.0312655
0.0377921
0.0382362
0.0327408
0.0410646
0.0322498
0.040683
0.0376433
0.0423296
0.0329849
0.0391184
0.0364994
0.0384018
0.0463491
0.0427118
0.0453878
0.0487376
0.0393974
0.0405164
0.0384995
0.0463973
0.0449799
0.0369351
0.0470849
0.0417234
0.0465927
0.0469658
0.0422606
0.0381717
0.0432165
0.0432774
0.0495677
0.0372044
0.0384217
0.0499862
0.0472882
0.059926
0.0621173
0.0567798
0.0701724
0.0648782
0.0759453
0.0787691
0.0811843
0.0750127
0.0687965
0.0746817
0.0691416
0.0792474
0.0754794
0.0809236
0.0772882
0.0803388
0.0764489
0.0858845
0.083406
0.0812637
0.094818
0.0996904
0.103043
0.115862
0.114937
0.110186
0.111905
0.116716
0.118089
0.123926
0.119003
0.108818
0.110965
0.116061
0.119154
0.121499
0.0914569
0.117995
0.118604
0.120786
0.116891
0.11101
0.119685
0.12225
0.122932
0.132149
0.143832
0.142329
0.131079
0.112995
0.122013
0.103004
0.0984839
0.107683
0.101251
0.102068
0.104082
0.103948
0.10068
0.0955824
0.0928521
0.108019
0.09462
0.0933294
0.0832289
0.104502
0.104869
0.0893047
0.101871
0.101326
0.095661
0.092324
0.0935826
0.102224
0.0907135
0.0625342
0.0614514
0.0670712
0.0537808
0.0604012
0.0499358
0.0595338
0.0643238
0.0672527
0.0418714
0.0548161
0.0511982
0.0540868
0.0623443
0.0571718
0.0535153
0.0501708
0.0566763
0.0545465
0.0586956
0.0639132
0.0587006
0.065448
0.0511673
0.0552073
0.0513382
0.0511285
0.0456058
0.0374296
0.0310479
0.0352603
0.0299544
0.0220289
0.0210048
0.0201854
0.0183911
0.0230162
0.0248878
0.0220081
0.0234922
0.0254045
0.0249528
0.0203458
0.0262814
0.0321487
0.021405
0.0265852
0.0382866
0.0328485
0.0326683
0.0519423
0.0465188
0.0665219
0.0476367
0.0354271
0.060202
0.0524473
0.0384048
0.0390687
0.0294241
0.0431725
0.0355234
0.0308371
0.025828
0.0343897
0.0199254
0.031064
0.0276055
0.022052
0.019963
0.0214438
0.0256875
0.0301636
0.0272232
0.0222455
0.0129552
0.0314338
0.0182293
0.029133
0.0328166
0.0372723
0.0264054
0.0413189
0.0272275
0.039857
0.014654
0.0326196
0.027496
0.0312908
0.028037
0.0275042
0.027459
0.0330043
0.0242244
0.0266756
0.0224235
0.0265174
0.0249515
0.0322051
0.0376681
0.0316507
0.0241688
0.0237984
0.027132
0.0263757
0.0290732
0.0245755
0.0290314
0.0399906
0.0385887
0.0449058
0.0434318
0.0364209
0.0230395
0.0322836
0.0356623
0.0425698
0.0322605
0.0245002
0.0306584
0.0380672
0.0336035
0.0320285
0.0352959
0.0338801
0.0301166
0.0278913
0.0323606
0.030199
0.0288397
0.0324791
0.0300277
0.0341064
0.0279441
0.0315785
0.0224924
0.0380233
0.0347435
0.0436166
0.0378269
0.0424222
0.0489634
0.0426821
0.0510163
0.0529708
0.0464287
0.0497211
0.0552384
0.0588091
0.0563604
0.0496918
0.0555743
0.0603414
0.0638854
0.0536596
0.0577863
0.0571504
0.0632577
0.0576359
0.0541264
0.0561767
0.0566706
0.063275
0.0613856
0.0565793
0.0613756
0.0634247
0.0658981
0.0654111
0.0741907
0.0691256
0.0660896
0.0878385
0.0855917
0.107557
0.136182
0.223215
0.442499
0.646693
0.716152
0.741726
0.723617
0.6201
0.420764
0.222944
0.147872
0.113727
0.102761
0.095244
0.0967156
0.0868499
0.0854928
0.0852493
0.0880916
0.0884727
0.0801827
0.0886104
0.0864573
0.0895117
0.0807011
0.0882771
0.0842314
0.0854736
0.0787911
0.0864874
0.0835593
0.0742653
0.0804401
0.0702192
0.0678514
0.0664664
0.0703453
0.067121
0.069486
0.0667664
0.0722725
0.0781326
0.0765627
0.0688805
0.0679091
0.0699163
0.0716554
0.0748532
0.0730359
0.0753141
0.074088
0.0749277
0.0781003
0.0752599
0.0796697
0.0804623
0.0789032
0.0783274
0.0805182
0.082799
0.0809549
0.0828181
0.0799187
0.0842636
0.0833886
0.0795395
0.0835719
0.0719451
0.0787504
0.0760294
0.0785196
0.071029
0.0713703
0.0682228
0.0630972
0.0670236
0.0678973
0.0740359
0.070279
0.0748379
0.0693997
0.065945
0.0723255
0.0685071
0.073602
0.0686416
0.0794476
0.0729534
0.075574
0.0767796
0.073361
0.0757735
0.0759015
0.0746236
0.0837655
0.0828311
0.073801
0.0773645
0.0671635
0.0813806
0.0781575
0.0833849
0.0725459
0.0777691
0.0828445
0.084637
0.0821525
0.0749281
0.0871518
0.0726998
0.0832191
0.09096
0.0825471
0.0898928
0.0792851
0.09459
0.0988696
0.0811803
0.102771
0.0890708
0.0908495
0.103725
0.0946074
0.100586
0.107195
0.0881489
0.0965945
0.0993263
0.100537
0.0954605
0.0984924
0.0918336
0.102718
0.0917016
0.101669
0.103234
0.0953558
0.0906345
0.0911059
0.102227
0.0939887
0.0836841
0.0845335
0.0886407
0.0902999
0.0858154
0.0811971
0.0623122
0.0688287
0.0972226
0.0943674
0.0865591
0.0895065
0.0705995
0.0658976
0.0948666
0.0850768
0.0742495
0.0912587
0.0933138
0.094208
0.0956422
0.0944326
0.0959062
0.0978788
0.0597497
0.074884
0.108351
0.115712
0.095777
0.108956
0.0980591
0.104286
0.111358
0.10429
0.0966539
0.116204
0.15018
0.115547
0.136259
0.123357
0.11196
0.128369
0.122
0.119438
0.0989574
0.0910973
0.10947
0.0956695
0.0946521
0.0900758
0.137962
0.104472
0.100596
0.113063
0.109659
0.0873604
0.100125
0.0833824
0.100666
0.0895465
0.112898
0.0753058
0.0939034
0.0862799
0.11125
0.10186
0.0918632
0.0892282
0.0948211
0.0961238
0.115984
0.100406
0.073906
0.084503
0.0772233
0.0989664
0.0814311
0.0851973
0.112935
0.0947658
0.112751
0.12779
0.130751
0.14364
0.138777
0.143321
0.118124
0.112173
0.0759019
0.0790686
0.0764101
0.0480447
0.054879
0.093779
0.0719849
0.0634186
0.069502
0.0721074
0.0796363
0.0859335
0.0839799
0.0793257
0.102134
0.0769778
0.0888269
0.102273
0.1123
0.0989176
0.130505
0.14169
0.143451
0.160519
0.175143
0.175917
0.186888
0.196487
0.207613
0.240012
0.271464
0.266874
0.267493
0.248179
0.221106
0.148049
0.0921036
0.0817995
0.0766422
0.0781835
0.0713529
0.068352
0.0754976
0.0665657
0.0808724
0.0731255
0.0724191
0.0853676
0.0675261
0.0586629
0.0682309
0.0698321
0.0679928
0.0672707
0.0705524
0.0776208
0.0867295
0.0704629
0.0595805
0.078817
0.0716722
0.0798192
0.0858535
0.0785555
0.076007
0.0739501
0.0778481
0.0724718
0.0815659
0.0681708
0.0706509
0.0835725
0.0805307
0.0850535
0.0772071
0.0720447
0.0922171
0.0779534
0.0792931
0.0793946
0.0792903
0.0723889
0.0692564
0.0764839
0.0764613
0.085092
0.0751658
0.0773648
0.0592633
0.0788188
0.0645635
0.0716699
0.0578827
0.0690638
0.0557899
0.0598355
0.0557038
0.0670981
0.048533
0.0647206
0.062489
0.0708587
0.0617299
0.0710745
0.0718987
0.0659182
0.0620685
0.0759078
0.0725369
0.0685368
0.0673314
0.0772429
0.0694531
0.0771739
0.0769599
0.0673358
0.0794001
0.0742558
0.065869
0.0729249
0.0637305
0.072325
0.0769965
0.0735343
0.066956
0.0626315
0.0804773
0.0783551
0.0823228
0.0726935
0.0789843
0.0836734
0.0874868
0.0789611
0.0814826
0.0822225
0.0854623
0.0858567
0.0960173
0.0946422
0.0959247
0.0961399
0.111768
0.110353
0.115682
0.125165
0.136538
0.124594
0.131715
0.117457
0.110133
0.101935
0.0895561
0.0775941
0.0749939
0.0653782
0.0664352
0.0682683
0.0658786
0.065595
0.0698596
0.0760273
0.0693982
0.0717883
0.0741619
0.0709159
0.0784261
0.0838128
0.0815281
0.0826448
0.0864364
0.0851634
0.0905561
0.0933953
0.104299
0.10179
0.104907
0.105986
0.111918
0.126505
0.124561
0.13539
0.146303
0.154157
0.170121
0.173569
0.185278
0.186395
0.173844
0.17937
0.172986
0.144946
0.133713
0.125594
0.0988058
0.103274
0.0908545
0.0938508
0.0868312
0.0898142
0.0861255
0.0917118
0.100052
0.095696
0.0856591
0.0832788
0.0973334
0.103373
0.108919
0.102254
0.111843
0.118396
0.108932
0.124859
0.118649
0.122365
0.137634
0.134719
0.138476
0.144647
0.146024
0.150944
0.1532
0.166982
0.175324
0.179758
0.195212
0.205007
0.222767
0.223567
0.227363
0.217088
0.198397
0.186289
0.181963
0.165067
0.152594
0.132771
0.122416
0.115827
0.113255
0.112204
0.103614
0.10902
0.11474
0.108073
0.118827
0.11779
0.109418
0.104891
0.101819
0.0947932
0.0976257
0.0879165
0.08863
0.0860982
0.0919251
0.0757939
0.0834333
0.0917362
0.0913624
0.0873375
0.083093
0.0936013
0.086592
0.07765
0.090272
0.0848158
0.0899602
0.0914957
0.103657
0.0981464
0.0904862
0.0889385
0.0882102
0.0919661
0.0967076
0.0884063
0.095698
0.0954929
0.0943461
0.0975486
0.0963384
0.096358
0.104311
0.0966568
0.0949679
0.0955112
0.0944132
0.0965286
0.097766
0.103214
0.0979473
0.0912784
0.0951125
0.0995711
0.0925792
0.0988541
0.0845752
0.0931983
0.0769526
0.0723833
0.0767435
0.0708388
0.0692655
0.0711681
0.061395
0.0679998
0.0758211
0.0864142
0.0729976
0.0892772
0.0929295
0.10927
0.122281
0.14569
0.134356
0.139736
0.148266
0.150116
0.177318
0.193798
0.172988
0.163822
0.184636
0.208553
0.21854
0.209293
0.191763
0.197665
0.167964
0.16273
0.151814
0.14214
0.137208
0.128044
0.117768
0.137559
0.123576
0.121746
0.121804
0.122325
0.130392
0.127655
0.135921
0.150536
0.151508
0.161036
0.171961
0.171299
0.174654
0.190247
0.154387
0.173503
0.15899
0.168307
0.162985
0.159909
0.149123
0.137053
0.126971
0.122982
0.134704
0.123305
0.133669
0.1372
0.110087
0.0930623
0.122168
0.118285
0.151598
0.115454
0.144506
0.133441
0.144227
0.149429
0.168237
0.12557
0.169381
0.176707
0.179712
0.194825
0.209154
0.187398
0.197629
0.173567
0.193171
0.211247
0.21267
0.205559
0.230034
0.240368
0.214176
0.225331
0.236173
0.241782
0.254885
0.260919
0.247431
0.270573
0.261624
0.254784
0.242443
0.235635
0.223181
0.239182
0.215257
0.211904
0.197103
0.188372
0.185924
0.150754
0.147783
0.119073
0.112188
0.120742
0.0913788
0.120675
0.124993
0.114143
0.081044
0.106898
0.12105
0.0990158
0.114922
0.135906
0.120696
0.134922
0.148494
0.122649
0.123453
0.135099
0.146732
0.188611
0.157799
0.177619
0.203119
0.1584
0.165626
0.187206
0.2192
0.210399
0.223632
0.237245
0.255899
0.258869
0.26905
0.2863
0.265473
0.285528
0.2971
0.315531
0.32548
0.313004
0.339791
0.307561
0.312211
0.291479
0.280277
0.272303
0.269396
0.263634
0.221021
0.242612
0.229707
0.183482
0.199934
0.151749
0.0998783
0.0755414
0.0819562
0.118709
0.102182
0.0550753
0.101271
0.0660279
0.0859402
0.0804998
0.0530484
0.0746596
0.0721125
0.0683997
0.108024
0.080505
0.0875859
0.0867724
0.0885245
0.108185
0.104514
0.106477
0.0794169
0.10863
0.0726165
0.09007
0.123487
0.0851694
0.105169
0.0945778
0.123193
0.0864356
0.0944851
0.0874639
0.108008
0.0945275
0.0399736
0.138389
0.105391
0.0979132
0.155733
0.100916
0.148649
0.111654
0.102241
0.0972514
0.104265
0.13201
0.129768
0.0975472
0.119117
0.119305
0.118139
0.0858439
0.119154
0.12325
0.114341
0.121456
0.109985
0.120902
0.127074
0.102532
0.149904
0.118741
0.0821631
0.114731
0.0968355
0.108078
0.114002
0.0908359
0.0843922
0.0796351
0.102088
0.0944829
0.0910974
0.0749359
0.0647964
0.0343129
0.0839655
0.125534
0.0955297
0.0988225
0.125607
0.0836391
0.105733
0.0660335
0.0993584
0.0565999
0.0821313
0.117464
0.115065
0.101253
0
0.0909574
0.106462
0.103456
0.109534
0.137433
0.0990781
0.116273
0.104461
0.091586
0.112906
0.113451
0.100059
0.11996
0.162059
0.131176
0.104519
0.146697
0.15513
0.146489
0.128014
0.14476
0.13918
0.137879
0.141345
0.155765
0.147024
0.145771
0.143634
0.131881
0.135432
0.161586
0.170259
0.148201
0.112411
0.119044
0.0932186
0.121909
0.073874
0.0856726
0.0932583
0.0406669
0.0600759
0.0541353
0.0174315
0.00576104
