0.189464
0.197037
0.198977
0.204737
0.201285
0.2136
0.217041
0.219526
0.229094
0.23212
0.236413
0.242136
0.248537
0.251281
0.26408
0.263204
0.26979
0.2744
0.274571
0.274358
0.264977
0.267638
0.276332
0.283583
0.296496
0.30156
0.314624
0.322962
0.327322
0.332316
0.340081
0.345907
0.348975
0.354014
0.360849
0.364354
0.365868
0.36107
0.370066
0.356102
0.345107
0.343815
0.34578
0.353909
0.374628
0.380795
0.392695
0.406061
0.406715
0.410021
0.406799
0.371689
0.349154
0.344117
0.344164
0.344509
0.370523
0.435297
0.445309
0.429536
0.398676
0.351685
0.285407
0.251099
0.226966
0.214698
0.20531
0.194723
0.181452
0.176632
0.168747
0.167059
0.155453
0.154199
0.153194
0.153653
0.154683
0.157404
0.161857
0.175014
0.176939
0.1867
0.184012
0.19013
0.199495
0.197593
0.200438
0.20258
0.200251
0.214903
0.220473
0.235103
0.242754
0.2621
0.28447
0.315651
0.346798
0.374469
0.394274
0.406718
0.410087
0.407702
0.391462
0.358914
0.3165
0.278964
0.260372
0.259172
0.254647
0.262155
0.270097
0.27165
0.274856
0.278174
0.277347
0.277537
0.26788
0.270818
0.259698
0.257652
0.269858
0.264076
0.275065
0.284429
0.292574
0.299958
0.307564
0.318778
0.321833
0.332546
0.335155
0.337186
0.34369
0.344384
0.344849
0.346082
0.356467
0.364236
0.357611
0.349323
0.319483
0.311524
0.287165
0.293338
0.296999
0.306448
0.315305
0.326291
0.333626
0.355226
0.368978
0.366212
0.387013
0.397772
0.403876
0.41168
0.415683
0.415187
0.41899
0.418434
0.421582
0.422617
0.427646
0.411328
0.373322
0.313614
0.252119
0.192346
0.172562
0.150372
0.146216
0.137428
0.133948
0.133668
0.140497
0.1432
0.146587
0.153397
0.171452
0.175897
0.201777
0.194321
0.202417
0.198453
0.193506
0.190262
0.184476
0.174875
0.177768
0.169657
0.17109
0.170277
0.177248
0.176717
0.179288
0.184295
0.185981
0.186427
0.184088
0.18401
0.173585
0.163739
0.171785
0.150986
0.162634
0.1566
0.171069
0.177464
0.186361
0.193114
0.207948
0.206588
0.217351
0.228718
0.226148
0.236582
0.23657
0.246016
0.252151
0.253295
0.259083
0.257089
0.255906
0.245679
0.234402
0.220683
0.206332
0.208892
0.216543
0.231081
0.232406
0.235689
0.246825
0.246474
0.253428
0.267335
0.27779
0.282748
0.287828
0.299375
0.313091
0.325898
0.332464
0.338135
0.342007
0.349849
0.350967
0.363389
0.373481
0.379754
0.391252
0.392948
0.410893
0.418169
0.40695
0.371277
0.325473
0.283386
0.250051
0.240134
0.224661
0.209233
0.237729
0.250342
0.236273
0.238534
0.258866
0.268764
0.277619
0.27622
0.302855
0.297193
0.309653
0.326823
0.323852
0.330269
0.335495
0.335166
0.33227
0.322312
0.313887
0.292645
0.248628
0.211489
0.17531
0.165577
0.15706
0.167178
0.170598
0.179644
0.198557
0.200542
0.214376
0.215314
0.227703
0.214822
0.206586
0.214396
0.204169
0.202311
0.19893
0.183587
0.183653
0.17732
0.180954
0.170994
0.176416
0.17461
0.176301
0.181881
0.188482
0.1924
0.193832
0.180493
0.187338
0.171367
0.181604
0.171324
0.171887
0.16614
0.169483
0.169017
0.163413
0.165643
0.169954
0.176
0.169121
0.166568
0.158589
0.182181
0.178723
0.188298
0.182615
0.209292
0.211086
0.213814
0.218832
0.22704
0.228159
0.228309
0.239634
0.239347
0.250476
0.252101
0.230857
0.231809
0.217933
0.209397
0.203472
0.192893
0.193022
0.185013
0.1701
0.189065
0.184164
0.200269
0.208712
0.200298
0.199163
0.200532
0.203898
0.211696
0.214764
0.204978
0.212811
0.238767
0.225289
0.243984
0.243272
0.259419
0.27628
0.28258
0.297996
0.296792
0.303491
0.321432
0.31157
0.30767
0.281711
0.247046
0.207732
0.193154
0.184517
0.184028
0.168323
0.17147
0.175471
0.177499
0.174964
0.187392
0.176997
0.170804
0.172924
0.194506
0.173638
0.17378
0.174437
0.163133
0.173849
0.183773
0.190207
0.170615
0.178934
0.185043
0.173659
0.180909
0.200572
0.207597
0.226932
0.254048
0.283876
0.309023
0.328105
0.339527
0.35504
0.335552
0.321374
0.293146
0.283848
0.277124
0.251254
0.254381
0.260737
0.269167
0.267242
0.270269
0.281563
0.265624
0.272668
0.268088
0.272479
0.270668
0.279669
0.270369
0.254648
0.24112
0.215344
0.197897
0.196356
0.202648
0.202629
0.211443
0.218444
0.220956
0.222076
0.212601
0.189255
0.193658
0.213847
0.209891
0.199085
0.192558
0.211267
0.201497
0.205264
0.217085
0.215732
0.204559
0.204226
0.206809
0.226572
0.219688
0.205769
0.215682
0.232869
0.230416
0.212796
0.230896
0.235823
0.234756
0.248526
0.242748
0.260326
0.260375
0.263953
0.269215
0.291595
0.294872
0.312143
0.321016
0.358544
0.391693
0.38125
0.413471
0.385828
0.356792
0.312447
0.271994
0.238742
0.223928
0.221615
0.291411
0.349408
0.398287
0.467212
0.538635
0.557305
0.594663
0.562765
0.476342
0.367527
0.252768
0.19965
0.200431
0.191783
0.185644
0.184062
0.186673
0.210232
0.202112
0.212217
0.216786
0.21541
0.20924
0.224895
0.227499
0.232121
0.243613
0.258787
0.251868
0.232108
0.235514
0.220098
0.211281
0.175261
0.187359
0.169991
0.166312
0.162099
0.176718
0.173361
0.141305
0.138422
0.130837
0.140466
0.143747
0.126198
0.128232
0.135105
0.132836
0.151411
0.149683
0.14285
0.142492
0.150934
0.16071
0.174721
0.1819
0.189755
0.181017
0.201004
0.184909
0.178435
0.170328
0.206273
0.186595
0.18824
0.166931
0.178495
0.18316
0.163748
0.181193
0.171676
0.188655
0.210496
0.216071
0.208317
0.214137
0.2154
0.204736
0.199695
0.182206
0.167691
0.152893
0.14227
0.165735
0.170535
0.186773
0.169913
0.175248
0.176922
0.182927
0.179077
0.174596
0.177181
0.176153
0.17572
0.168776
0.171547
0.191871
0.186299
0.20985
0.176895
0.203017
0.180044
0.164352
0.150159
0.135879
0.15413
0.150487
0.160427
0.154903
0.142912
0.154237
0.143456
0.151045
0.132597
0.127842
0.133403
0.152097
0.145919
0.136412
0.132468
0.145458
0.119402
0.144029
0.143201
0.130672
0.128603
0.128918
0.109086
0.103809
0.0815375
0.112034
0.110332
0.11453
0.124836
0.129093
0.13415
0.138977
0.15211
0.157206
0.161265
0.177786
0.175824
0.18257
0.18781
0.180447
0.151794
0.145055
0.119155
0.092826
0.0911498
0.0798798
0.095479
0.115223
0.121788
0.126663
0.1413
0.154825
0.155072
0.169653
0.187182
0.161761
0.14958
0.137322
0.135572
0.123635
0.168015
0.158656
0.171783
0.180913
0.159752
0.189449
0.165358
0.185276
0.169249
0.161618
0.171224
0.17218
0.178829
0.178344
0.176495
0.165917
0.176049
0.172925
0.178702
0.169152
0.170963
0.155774
0.154468
0.165785
0.145006
0.176167
0.187932
0.189472
0.166896
0.15043
0.139017
0.136095
0.122841
0.123956
0.121566
0.147669
0.121813
0.123999
0.110812
0.106851
0.107775
0.104022
0.100864
0.0800528
0.0797295
0.0625669
0.0626375
0.080487
0.0714309
0.0721322
0.0498616
0.0681809
0.0587297
0.0539985
0.0694513
0.0618691
0.0510782
0.0625551
0.0577578
0.0590677
0.0693404
0.0629653
0.0534715
0.0621122
0.0466503
0.0487083
0.0424661
0.0477724
0.0540869
0.0478808
0.0583021
0.0703143
0.0601362
0.0589289
0.0647061
0.0648204
0.0717464
0.0662756
0.0661846
0.0612065
0.0634493
0.0590786
0.0702706
0.0618358
0.0713175
0.0782379
0.0763954
0.0686653
0.0623426
0.0649107
0.063432
0.0453051
0.0529117
0.0453788
0.0567764
0.0356334
0.0364669
0.0603881
0.0466366
0.0361748
0.0442668
0.0582316
0.0429137
0.0513235
0.0618719
0.0395568
0.0622703
0.0684607
0.0683542
0.0681276
0.0431684
0.0512697
0.0608753
0.0463739
0.0531085
0.0519932
0.0482823
0.0582534
0.0693589
0.0781882
0.0781393
0.093143
0.0992329
0.104588
0.0928202
0.105408
0.108689
0.0942413
0.113756
0.119563
0.131242
0.13004
0.110695
0.132344
0.125154
0.149731
0.122171
0.122267
0.128239
0.149246
0.147216
0.16892
0.181539
0.181202
0.171845
0.196986
0.187934
0.229908
0.209944
0.230623
0.220279
0.244316
0.250602
0.225384
0.186986
0.155957
0.136806
0.116159
0.145031
0.122345
0.144962
0.136296
0.142088
0.146793
0.14347
0.158947
0.144631
0.144028
0.163539
0.145574
0.168739
0.14508
0.162188
0.142724
0.157382
0.161069
0.164067
0.163024
0.174191
0.201975
0.176954
0.211632
0.163153
0.169951
0.149124
0.179365
0.149208
0.147407
0.14635
0.130046
0.12966
0.113125
0.102002
0.0781861
0.0740567
0.0672322
0.0487683
0.045751
0.0401041
0.0358966
0.026874
0.0226687
0.0223599
0.00649346
0.00873263
0.0157911
0.00738728
0.0162436
0.0164108
0.0194313
0.0119355
0.0153075
0.0168061
0.0113716
0.0225148
0.0187112
0.0278918
0.0274805
0.0178598
0.00739428
0.00734114
0.00930319
0.00648939
0.00685389
0.00624206
0.00518756
0.00702453
0.0116531
0.0102653
0.00773418
0
0.0053111
0.00290658
0.00300526
0.0101267
0.00594293
0.0132972
0.00887101
0.0210094
0.0176084
0.0197303
0.0168248
0.0228767
0.0123522
0.015946
0.0121965
0.0133438
0.0145594
0.0213783
0.0154285
0.0177948
0.015192
0.0107065
0.0144536
0.0178522
0.00822118
0.0233979
0.0133793
0.0236506
0.0273627
0.0308585
0.0268565
0.0283839
0.0269308
0.0273287
0.0275718
0.0225383
0.0202775
0.0211251
0.0307344
0.0359077
0.0286549
0.0317447
0.0217653
0.0280288
0.0241723
0.0292605
0.0322962
0.0270318
0.0266381
0.0263509
0.0375445
0.0286799
0.0329105
0.0350906
0.0369244
0.0376246
0.0256584
0.0341672
0.0308782
0.0257361
0.0435717
0.0353015
0.0388433
0.0371095
0.0346082
0.0306128
0.0300883
0.0257717
0.0381719
0.0362045
0.0341105
0.0441771
0.0387732
0.0509666
0.0618811
0.056961
0.0631792
0.0734047
0.0757892
0.0702271
0.0691666
0.0660913
0.0538149
0.0608848
0.0572117
0.0679876
0.0722533
0.0620623
0.070184
0.0726312
0.0712493
0.0792896
0.0672772
0.0828825
0.0851681
0.0996273
0.0906554
0.114256
0.105798
0.108955
0.112226
0.109299
0.121771
0.107661
0.101743
0.09679
0.10189
0.103793
0.112347
0.119208
0.0946032
0.103416
0.10535
0.114499
0.107794
0.107259
0.109192
0.12557
0.120803
0.1195
0.137534
0.150276
0.11704
0.116327
0.119219
0.0975601
0.0900579
0.107021
0.0951233
0.0924851
0.100696
0.105225
0.096077
0.0951143
0.0918257
0.0997522
0.0841066
0.101064
0.0854905
0.101921
0.10066
0.0889749
0.100347
0.105275
0.0959553
0.0980735
0.0893299
0.103763
0.0838126
0.0762023
0.0671745
0.0560582
0.056057
0.0488776
0.0528729
0.0536923
0.0546209
0.0565789
0.0570268
0.0622887
0.0439483
0.0558447
0.0575683
0.0462854
0.0467798
0.0514305
0.0632084
0.0534671
0.060735
0.0675431
0.0598042
0.0635974
0.0545498
0.0613839
0.0456441
0.0435658
0.0380545
0.0253367
0.0278635
0.0317568
0.0166598
0.0117565
0.019431
0.0194644
0.00989393
0.022647
0.0143248
0.00935639
0.0139168
0.0224167
0.0261919
0.0157905
0.0186412
0.0251415
0.0205626
0.0241163
0.0310591
0.02373
0.0340089
0.0422725
0.0336132
0.0542099
0.0419734
0.0345027
0.0609872
0.057079
0.0432501
0.0295687
0.0291091
0.0270194
0.0262537
0.0213349
0.0180831
0.0253641
0.0102286
0.0180906
0.0153487
0.0265963
0.0139833
0.0151849
0.0201163
0.0112401
0.0155416
0.0147736
0.00686344
0.0254583
0.0193015
0.0112759
0.0307431
0.0279476
0.023547
0.034221
0.0306953
0.0221574
0.0120099
0.0258415
0.0164258
0.0171325
0.023337
0.0190472
0.0170837
0.0211545
0.0154626
0.0181716
0.0178499
0.0177051
0.0147619
0.0208159
0.0173927
0.0122089
0.0186046
0.0185596
0.024002
0.0160916
0.0223056
0.0188283
0.0254001
0.0330962
0.0264275
0.0354976
0.0405672
0.0317826
0.0317234
0.0325213
0.0368202
0.0278586
0.0218667
0.0308399
0.0232472
0.0238306
0.0261114
0.0201787
0.0197829
0.0151203
0.0219321
0.0187633
0.0228327
0.0179746
0.0199407
0.0212885
0.0244608
0.022466
0.0162604
0.0232772
0.0179616
0.0230467
0.0319235
0.0337012
0.0275028
0.0309401
0.0414083
0.0399836
0.0343775
0.0418443
0.038222
0.0389736
0.0521946
0.0517749
0.0493375
0.0468415
0.0469706
0.0483732
0.0513635
0.0469684
0.0457874
0.0520776
0.0523262
0.0483686
0.0487819
0.0484356
0.051192
0.057244
0.0563844
0.0486352
0.0456447
0.0573584
0.054124
0.0579516
0.0712392
0.0664281
0.0648387
0.0769244
0.0816425
0.108156
0.138038
0.224291
0.461699
0.67829
0.773821
0.801965
0.780296
0.679509
0.464408
0.233355
0.144875
0.103878
0.0988033
0.086494
0.0857107
0.0840256
0.0765619
0.0765496
0.0728562
0.0795829
0.0798623
0.0805235
0.0764172
0.0789461
0.075297
0.0755096
0.0712941
0.0777639
0.0724764
0.0792416
0.0785846
0.0725751
0.070883
0.0680166
0.0744229
0.0676497
0.0704332
0.0676998
0.0643044
0.0597874
0.07131
0.0637618
0.0628396
0.0667694
0.0612176
0.0612242
0.0663123
0.0617047
0.0662297
0.0658095
0.0703716
0.0729071
0.0756435
0.0752339
0.0757218
0.0708518
0.0711512
0.0668953
0.0680794
0.0719556
0.0724651
0.0677236
0.0752565
0.0702126
0.073416
0.0734082
0.0735269
0.0648824
0.0753878
0.0727283
0.066738
0.0646072
0.0724905
0.0713503
0.0614448
0.0597002
0.0652688
0.0622909
0.0598177
0.0635942
0.0659401
0.0690752
0.062163
0.0639375
0.0666227
0.0653427
0.0757341
0.0640252
0.0684229
0.0736131
0.0685321
0.071892
0.0733698
0.0713359
0.0711916
0.0711625
0.063782
0.0742588
0.0677714
0.0716762
0.0692236
0.072596
0.065569
0.0758936
0.0814453
0.0808133
0.0754888
0.0819184
0.0669705
0.086625
0.0761109
0.0911479
0.0848079
0.0865971
0.0800114
0.0835421
0.0881827
0.0902733
0.101776
0.0926203
0.0901056
0.0898688
0.088166
0.0976913
0.101505
0.0874859
0.102832
0.0915329
0.0953437
0.0928228
0.0954068
0.0889168
0.0884915
0.0864242
0.0921342
0.0992906
0.0900139
0.10286
0.101553
0.105477
0.0914128
0.104124
0.0948554
0.085183
0.0917926
0.0957959
0.0863421
0.098287
0.0785939
0.0910574
0.109046
0.100855
0.107434
0.0797087
0.094807
0.11463
0.095458
0.0851732
0.104821
0.103197
0.113004
0.0997093
0.103402
0.0936002
0.126313
0.0703998
0.104066
0.102552
0.115374
0.129213
0.125039
0.112411
0.0991239
0.146875
0.136488
0.127898
0.144422
0.138504
0.112325
0.137713
0.148116
0.133468
0.121404
0.135076
0.141335
0.109502
0.114235
0.115093
0.108983
0.10045
0.0904232
0.118673
0.0780125
0.096737
0.107251
0.108702
0.0911937
0.0946408
0.113282
0.0965207
0.0787679
0.122847
0.0967538
0.0928799
0.0771825
0.11783
0.104593
0.113184
0.104147
0.10418
0.0921879
0.112118
0.0969316
0.0755445
0.101999
0.0870207
0.0917728
0.0820667
0.100036
0.0932049
0.111141
0.141662
0.132055
0.136363
0.146149
0.141822
0.125591
0.129375
0.120462
0.0769598
0.0680192
0.0758874
0.077848
0.0872052
0.0880528
0.0760352
0.054303
0.0722026
0.0910942
0.0795223
0.0790924
0.0741807
0.0828848
0.102666
0.0900885
0.085589
0.105261
0.100708
0.103512
0.126295
0.138913
0.139711
0.165237
0.177119
0.173791
0.195323
0.203452
0.208387
0.243547
0.274312
0.274181
0.271424
0.254924
0.234278
0.155911
0.0955467
0.102985
0.109021
0.0792114
0.0787182
0.0532203
0.0850952
0.0594181
0.0782754
0.0726929
0.0667402
0.0749174
0.0731518
0.0715348
0.0811646
0.0830021
0.0906371
0.066007
0.0603253
0.0653694
0.0848891
0.0761955
0.05665
0.0812391
0.0719962
0.0824806
0.0770584
0.0694815
0.0695798
0.0729759
0.0669343
0.0705607
0.0682726
0.0645235
0.0728892
0.0785437
0.0722898
0.070743
0.0679575
0.0701494
0.083772
0.0791248
0.0715503
0.0704649
0.0792556
0.0705121
0.0731374
0.0757467
0.0718514
0.0713084
0.0685555
0.0831764
0.0604182
0.0780581
0.0659407
0.0696906
0.0597007
0.0621763
0.0570363
0.0652147
0.050356
0.0631675
0.0500123
0.0575829
0.0497602
0.0701461
0.0524768
0.0686213
0.0626903
0.0605565
0.0595567
0.077849
0.0629436
0.0606894
0.062031
0.0706515
0.0672241
0.0665506
0.0663937
0.0641083
0.0681791
0.0678308
0.0671735
0.0650492
0.0637397
0.0624641
0.0658515
0.0703157
0.0564167
0.0552226
0.0711392
0.0696278
0.0748643
0.0719666
0.0686863
0.0766224
0.0787222
0.0816658
0.0819232
0.0820399
0.0753826
0.0847955
0.094796
0.0907518
0.0910729
0.0941343
0.0991635
0.106809
0.125519
0.107526
0.135342
0.12743
0.1282
0.113161
0.103251
0.0910954
0.0828253
0.0774577
0.0722096
0.0582973
0.0686902
0.0718226
0.0653186
0.0563381
0.0556165
0.0695391
0.070782
0.0657401
0.065609
0.0665642
0.0724386
0.0680603
0.0745994
0.0749619
0.0781068
0.0784688
0.0816315
0.0852856
0.0873673
0.0897672
0.0972569
0.102987
0.107792
0.122016
0.125231
0.134159
0.143183
0.153319
0.173516
0.17791
0.181056
0.185285
0.178747
0.173607
0.168127
0.155437
0.143151
0.129132
0.109431
0.101339
0.097676
0.0850008
0.0841382
0.081887
0.0794417
0.089108
0.0990207
0.0976689
0.101298
0.0822599
0.0967234
0.0975323
0.10385
0.101459
0.11632
0.10515
0.111378
0.122565
0.12282
0.114326
0.134083
0.126016
0.133167
0.142404
0.142791
0.156665
0.156238
0.165549
0.169306
0.174704
0.194537
0.202179
0.217906
0.222529
0.225039
0.214447
0.205948
0.185962
0.178227
0.165988
0.148491
0.137159
0.12756
0.119058
0.110812
0.112216
0.104139
0.112896
0.102096
0.110692
0.105099
0.108385
0.102832
0.0997608
0.11313
0.0995034
0.0908199
0.104065
0.0823418
0.0852524
0.0974214
0.079456
0.0835395
0.0743783
0.0919265
0.0895546
0.0861365
0.0852496
0.0897435
0.0748445
0.0878878
0.0828791
0.0848112
0.0888346
0.0897092
0.095828
0.0820718
0.0897841
0.0826298
0.0852362
0.0899634
0.0836868
0.0850867
0.0842042
0.0866525
0.0930343
0.0880997
0.0945146
0.0967908
0.0911414
0.0864773
0.0866052
0.0928442
0.0840563
0.0796652
0.102037
0.0907923
0.0830246
0.0850226
0.0898006
0.095327
0.0999758
0.0854711
0.0760676
0.0669924
0.0612834
0.0614094
0.0600428
0.0567474
0.0555124
0.0601058
0.062009
0.0711428
0.0771035
0.0691058
0.0888474
0.0873321
0.110172
0.117034
0.135463
0.160764
0.158408
0.167537
0.162761
0.213233
0.185813
0.202787
0.194475
0.204858
0.21414
0.22283
0.22171
0.2118
0.19596
0.17619
0.183899
0.176849
0.160651
0.140106
0.132985
0.122718
0.127551
0.138425
0.127748
0.123132
0.128688
0.140842
0.131923
0.14534
0.166343
0.161533
0.163961
0.181468
0.17199
0.170059
0.186209
0.17676
0.180848
0.167277
0.172133
0.170371
0.176261
0.144067
0.153221
0.147022
0.130083
0.148254
0.118497
0.139338
0.154298
0.137252
0.132575
0.12608
0.137507
0.136423
0.135764
0.169339
0.161165
0.178331
0.17984
0.175066
0.166882
0.204032
0.186608
0.195627
0.194149
0.248605
0.197226
0.189372
0.192342
0.203252
0.232874
0.21908
0.228762
0.251325
0.241797
0.233557
0.235658
0.258787
0.242834
0.268785
0.265353
0.268028
0.281267
0.271734
0.260942
0.273442
0.253362
0.23899
0.256396
0.231532
0.226138
0.214764
0.198362
0.218382
0.175833
0.180756
0.139023
0.140001
0.172209
0.129743
0.125369
0.129906
0.161774
0.120721
0.140829
0.135391
0.111657
0.156173
0.181609
0.141062
0.193594
0.178765
0.161828
0.146652
0.167633
0.16539
0.220859
0.196465
0.204177
0.217305
0.232929
0.201272
0.223962
0.23117
0.243528
0.245408
0.258958
0.256589
0.27296
0.281327
0.321139
0.292541
0.297183
0.298886
0.332601
0.34938
0.327042
0.351325
0.320446
0.324342
0.313154
0.310004
0.291793
0.298597
0.297225
0.255033
0.285766
0.240966
0.216822
0.184398
0.159916
0.141095
0.115847
0.131272
0.113973
0.124953
0.0910444
0.124898
0.0947441
0.107162
0.099426
0.103834
0.0937807
0.125091
0.107149
0.126204
0.126099
0.114645
0.105861
0.099422
0.134738
0.0939919
0.0658353
0.101398
0.13564
0.113468
0.127162
0.132428
0.119466
0.177851
0.124714
0.15728
0.110895
0.110623
0.121579
0.141803
0.168495
0.126989
0.208781
0.166084
0.137995
0.158073
0.114099
0.1533
0.105271
0.160692
0.178058
0.12052
0.1681
0.155466
0.111963
0.145249
0.17562
0.164592
0.164895
0.134482
0.135206
0.1506
0.133609
0.179362
0.153954
0.122341
0.122084
0.174633
0.160433
0.129529
0.15012
0.135403
0.115791
0.148489
0.151398
0.170558
0.135791
0.145404
0.143651
0.151769
0.132841
0.148636
0.0908324
0.105726
0.139074
0.112965
0.107279
0.165088
0.0796159
0.139815
0.119658
0.12135
0.137258
0.159946
0.122012
0.135071
0.132553
0.102937
0.177433
0.134378
0.12974
0.124086
0.158987
0.159115
0.146346
0.157945
0.125437
0.106588
0.129166
0.131152
0.140404
0.190764
0.147253
0.185785
0.191998
0.183887
0.147441
0.186403
0.193135
0.177146
0.203827
0.140131
0.162495
0.186535
0.186736
0.179656
0.172634
0.166587
0.20622
0.182532
0.18607
0.136035
0.131534
0.149073
0.157795
0.135713
0.0904149
0.128851
0.115878
0.0858331
0.0485855
0.0346293
0.0313914
