0.197498
0.200572
0.207141
0.209286
0.202599
0.21587
0.213193
0.205857
0.220526
0.22528
0.224862
0.234304
0.245254
0.251678
0.262304
0.270594
0.277984
0.28372
0.283441
0.293424
0.278432
0.279828
0.27207
0.27904
0.281499
0.287627
0.302262
0.311413
0.313145
0.325737
0.331804
0.341224
0.346812
0.354948
0.363626
0.374025
0.383173
0.383424
0.391894
0.381084
0.360659
0.35287
0.339346
0.346199
0.363735
0.372661
0.382327
0.389504
0.398186
0.397439
0.398579
0.365546
0.34264
0.338293
0.337719
0.338121
0.365562
0.451662
0.469822
0.459202
0.427874
0.377186
0.308765
0.270214
0.244122
0.227839
0.215316
0.193165
0.192431
0.173199
0.155022
0.159237
0.158463
0.1544
0.144523
0.149306
0.157356
0.160895
0.164441
0.17182
0.17976
0.183628
0.175394
0.17763
0.189921
0.185824
0.185157
0.187455
0.192956
0.201715
0.20851
0.224599
0.23398
0.25406
0.272756
0.299525
0.327903
0.344208
0.366362
0.373809
0.379497
0.379329
0.363684
0.344414
0.305429
0.270337
0.24797
0.2469
0.248343
0.258763
0.267316
0.27254
0.277576
0.285022
0.293028
0.294748
0.288246
0.28424
0.27418
0.257313
0.272198
0.265337
0.268508
0.276806
0.285692
0.290137
0.295073
0.306227
0.309702
0.31721
0.323968
0.327411
0.335405
0.33853
0.339452
0.341449
0.359411
0.377933
0.380832
0.37791
0.345081
0.32423
0.28522
0.2943
0.306754
0.302581
0.313133
0.321899
0.330433
0.340302
0.358323
0.365886
0.380126
0.375534
0.392114
0.397345
0.399968
0.401466
0.409321
0.412089
0.42111
0.42617
0.439786
0.426888
0.399226
0.33649
0.257757
0.191866
0.166113
0.140037
0.134609
0.135404
0.129083
0.13007
0.136412
0.147101
0.155791
0.167449
0.182639
0.191129
0.204879
0.202953
0.194909
0.200459
0.189466
0.184182
0.179
0.16337
0.170199
0.160667
0.162863
0.161376
0.17341
0.177167
0.176301
0.191112
0.193607
0.19855
0.201749
0.196817
0.1809
0.165514
0.170163
0.151643
0.160811
0.158946
0.166358
0.172017
0.182584
0.189835
0.195247
0.201647
0.210885
0.218075
0.21525
0.224594
0.229098
0.237386
0.245005
0.25001
0.263305
0.265524
0.267896
0.267334
0.241474
0.226617
0.203814
0.200521
0.20268
0.214295
0.208395
0.216196
0.232564
0.223327
0.234228
0.250767
0.262729
0.269633
0.276213
0.283578
0.301559
0.311528
0.315721
0.322158
0.329916
0.334303
0.342279
0.352154
0.364634
0.372941
0.386613
0.389085
0.39734
0.404295
0.389906
0.374758
0.333352
0.28152
0.24496
0.227393
0.234934
0.224631
0.240348
0.243066
0.243527
0.245219
0.264279
0.268398
0.26984
0.278477
0.29199
0.282183
0.308139
0.317517
0.308945
0.317038
0.325331
0.324261
0.324197
0.326536
0.31858
0.294788
0.251778
0.210669
0.185135
0.173555
0.170193
0.18314
0.192996
0.196276
0.199253
0.211325
0.21064
0.218425
0.23098
0.216678
0.220209
0.228615
0.199321
0.204923
0.194263
0.1807
0.181627
0.173633
0.176978
0.172506
0.17724
0.170759
0.172731
0.183762
0.187696
0.19906
0.203943
0.203676
0.189733
0.181694
0.189593
0.178319
0.188037
0.168787
0.172259
0.174885
0.17907
0.158916
0.169187
0.171372
0.176497
0.165341
0.173567
0.176404
0.180843
0.187151
0.18125
0.202261
0.212403
0.208866
0.207492
0.218798
0.227883
0.233483
0.247418
0.255508
0.257682
0.264412
0.245616
0.229642
0.21977
0.214622
0.208882
0.197669
0.194107
0.187378
0.170117
0.165272
0.184124
0.205522
0.212002
0.201191
0.203135
0.202213
0.209744
0.202237
0.198035
0.201316
0.212147
0.213013
0.222448
0.233863
0.241908
0.250099
0.272274
0.288095
0.297529
0.293105
0.297602
0.321577
0.317026
0.314011
0.285543
0.261204
0.210175
0.196217
0.174915
0.173524
0.165982
0.153043
0.160611
0.181792
0.18332
0.188164
0.176565
0.182213
0.170178
0.182444
0.17563
0.168713
0.161973
0.170239
0.177323
0.171504
0.172163
0.158492
0.168647
0.16578
0.168504
0.176705
0.184439
0.206849
0.22656
0.24983
0.284538
0.30546
0.326414
0.333488
0.347193
0.347915
0.323425
0.306736
0.278895
0.278225
0.267225
0.245993
0.231844
0.255524
0.255605
0.253373
0.253024
0.242754
0.252701
0.246682
0.253434
0.252422
0.25873
0.256904
0.241793
0.225622
0.207821
0.202665
0.198564
0.215482
0.218856
0.224407
0.221965
0.222573
0.217921
0.193303
0.210166
0.206133
0.216902
0.203369
0.197403
0.198444
0.190274
0.206569
0.209173
0.220437
0.216078
0.199487
0.212468
0.213689
0.209128
0.206433
0.209632
0.220514
0.216717
0.206291
0.215717
0.219297
0.242441
0.230133
0.241076
0.239189
0.260539
0.258974
0.259284
0.251075
0.281807
0.294959
0.323327
0.329662
0.367567
0.382069
0.382078
0.401425
0.380945
0.351328
0.31093
0.286285
0.227618
0.209567
0.209659
0.238615
0.290188
0.316436
0.367686
0.419712
0.45352
0.473907
0.46385
0.411643
0.321177
0.240068
0.192624
0.193467
0.185479
0.183155
0.191662
0.186233
0.201817
0.203572
0.197971
0.206598
0.203829
0.200594
0.213945
0.216129
0.225352
0.232426
0.252908
0.261158
0.238537
0.245424
0.23325
0.208098
0.177195
0.176668
0.156727
0.165076
0.157447
0.173432
0.162117
0.141873
0.14196
0.139887
0.138052
0.130683
0.115264
0.123697
0.139972
0.129271
0.13184
0.131679
0.143146
0.15054
0.160753
0.158428
0.20144
0.196175
0.188516
0.182622
0.18934
0.190958
0.175956
0.17797
0.176903
0.167986
0.176736
0.169372
0.164193
0.16446
0.165411
0.170801
0.171816
0.19339
0.194333
0.202596
0.211821
0.213619
0.22491
0.206556
0.199201
0.183092
0.178595
0.155283
0.159105
0.160767
0.174309
0.173328
0.163511
0.160219
0.174544
0.167781
0.180067
0.162701
0.190543
0.173051
0.175031
0.160261
0.161306
0.170157
0.182888
0.181986
0.182441
0.183312
0.177876
0.166824
0.148201
0.162299
0.145571
0.150804
0.156849
0.13316
0.129308
0.150228
0.151371
0.140387
0.120799
0.133623
0.144474
0.144459
0.137531
0.136649
0.118927
0.141049
0.128303
0.141258
0.139518
0.130092
0.123424
0.129887
0.103547
0.0979363
0.0920477
0.10769
0.106622
0.102744
0.117045
0.122751
0.128302
0.149653
0.13956
0.154195
0.149557
0.180103
0.189028
0.178352
0.194732
0.168038
0.142237
0.143603
0.123539
0.0936373
0.0994924
0.0973424
0.0982325
0.110353
0.104115
0.11214
0.134741
0.134087
0.149569
0.15657
0.169994
0.156752
0.155109
0.137347
0.138649
0.139505
0.164961
0.168533
0.159917
0.179244
0.188725
0.186859
0.166561
0.20047
0.14812
0.170331
0.183723
0.166323
0.155109
0.175559
0.15389
0.149284
0.168304
0.148498
0.182993
0.159118
0.148898
0.175335
0.177427
0.163078
0.142705
0.159705
0.177718
0.186139
0.154718
0.154694
0.141772
0.1519
0.129717
0.12747
0.125748
0.128519
0.123113
0.113168
0.104814
0.102465
0.0921945
0.0885288
0.0909149
0.0924975
0.0815217
0.078917
0.0766847
0.0714182
0.0673392
0.0686588
0.0597047
0.0707678
0.0645462
0.0718976
0.0527002
0.0566344
0.0584659
0.0548096
0.0558722
0.0552341
0.0633159
0.0664535
0.0563824
0.0470401
0.0413526
0.0555884
0.0581358
0.0476822
0.0468395
0.0565721
0.0603212
0.0524875
0.0564234
0.0627848
0.0672809
0.0589928
0.0716681
0.0704354
0.0750586
0.0679026
0.0692472
0.0664364
0.0699506
0.0618105
0.0784303
0.0744552
0.0744275
0.0714067
0.0689152
0.0582976
0.0680787
0.0589097
0.0557605
0.0436842
0.0436193
0.0333569
0.0310283
0.0507711
0.0454439
0.0365114
0.0473514
0.0620818
0.0589827
0.0562886
0.047938
0.0500514
0.05393
0.0725286
0.0676853
0.0576693
0.0519175
0.0639372
0.0561819
0.0480699
0.0633325
0.0690829
0.0641441
0.0451536
0.0584987
0.0660327
0.0720934
0.112727
0.113444
0.096361
0.0987346
0.108578
0.112293
0.100048
0.103278
0.110193
0.118197
0.0968563
0.134274
0.120393
0.121887
0.132692
0.123913
0.131396
0.122068
0.140752
0.157125
0.14822
0.157535
0.160551
0.17337
0.177317
0.193725
0.221969
0.204196
0.223338
0.218411
0.255391
0.231098
0.22826
0.173859
0.153097
0.137372
0.115629
0.125359
0.115991
0.135622
0.139114
0.125873
0.150031
0.132604
0.164636
0.156187
0.136133
0.149746
0.151025
0.171808
0.162176
0.162821
0.125901
0.142938
0.143816
0.138699
0.189076
0.162784
0.195401
0.175888
0.191559
0.17616
0.15706
0.136559
0.179656
0.144474
0.147532
0.16107
0.119995
0.112441
0.0925916
0.093543
0.0839834
0.0642146
0.0656563
0.0418828
0.039367
0.0333749
0.0230907
0.0159662
0.0216819
0.0117571
0.00375981
0.0156478
0.0130719
0.0101575
0.0174271
0.00845944
0.012246
0.0149177
0.010796
0.016916
0.0147808
0.0216045
0.0249952
0.0277371
0.0310685
0.0167157
0.0109087
0.013352
0.0145441
0.004092
0.00351805
0.00292262
0.00645171
0.0142178
0.0121026
0.0072117
0.0135869
0.00539465
0.00878581
0.00544615
0
0.0110595
0.0114954
0.0160624
0.0169041
0.0256338
0.0178258
0.0291819
0.0203029
0.023836
0.0227264
0.0213774
0.0117698
0.0134378
0.0146537
0.0190883
0.0124728
0.018212
0.0193539
0.0151648
0.0173606
0.0198488
0.0157291
0.02358
0.0219338
0.0222575
0.0365054
0.0422297
0.0298204
0.0286344
0.0280236
0.0350897
0.0214498
0.020645
0.0308778
0.0250187
0.0325697
0.0328939
0.0322019
0.0343174
0.0258534
0.0268881
0.026378
0.0370605
0.038003
0.0340597
0.0347936
0.0383243
0.0369078
0.0416787
0.0376924
0.034978
0.0347953
0.036242
0.027258
0.0348484
0.0276793
0.0258094
0.0416645
0.0388002
0.0387246
0.0466154
0.0352906
0.0300189
0.0345868
0.0313932
0.0390176
0.0368536
0.0383882
0.0444449
0.0495604
0.0603161
0.0550641
0.0594245
0.0552876
0.0602804
0.0615881
0.0726634
0.0618323
0.0680372
0.0616914
0.0648966
0.0581846
0.0739842
0.0696195
0.0735281
0.0694884
0.0714547
0.0738283
0.081764
0.0701568
0.0904335
0.0829592
0.100797
0.0968977
0.115013
0.0995799
0.108407
0.10765
0.113089
0.111364
0.118819
0.108061
0.102659
0.108921
0.11372
0.11413
0.108576
0.100673
0.103866
0.113797
0.12407
0.115153
0.110581
0.109215
0.120732
0.127391
0.13546
0.143425
0.146802
0.114634
0.119978
0.11087
0.104802
0.096242
0.107626
0.101694
0.097887
0.0929832
0.0918611
0.0903745
0.0897568
0.0931118
0.105742
0.0908622
0.096479
0.0851061
0.0930496
0.106138
0.103515
0.0944972
0.0969843
0.0951329
0.089736
0.0890893
0.0893436
0.0761355
0.0726034
0.05531
0.0672178
0.0425296
0.041902
0.0524058
0.0479426
0.058387
0.0506712
0.052214
0.0593387
0.0472957
0.0520187
0.0452465
0.0496464
0.0498195
0.0447032
0.052279
0.0532105
0.054209
0.0608198
0.0632579
0.0587558
0.0394618
0.0495327
0.043933
0.0352657
0.0307328
0.0272084
0.0279815
0.0295254
0.0206579
0.0116667
0.0203956
0.0219634
0.00925103
0.0249922
0.0174657
0.0113906
0.0207883
0.0188141
0.0151383
0.00863298
0.0102882
0.0211191
0.00915714
0.0170899
0.0322908
0.0257787
0.0332162
0.0495835
0.0395735
0.0533768
0.0394383
0.0279418
0.0596356
0.0501597
0.0552302
0.0266986
0.0275133
0.0346658
0.0259371
0.0262124
0.0109798
0.0213361
0.00881976
0.0142072
0.0184112
0.0228879
0.0115604
0.0113186
0.013029
0.0190662
0.00891796
0.0101583
0.00906917
0.0234574
0.0186671
0.02105
0.0272844
0.0306035
0.0245173
0.0253131
0.0172303
0.0370044
0.0111397
0.0318338
0.010175
0.0181021
0.0142196
0.0202801
0.0240815
0.0142923
0.0231489
0.0185359
0.0135513
0.0215918
0.023183
0.024416
0.0301644
0.0194283
0.0139593
0.0196176
0.0252987
0.0223543
0.028197
0.0227207
0.0278564
0.0324324
0.0342779
0.0364424
0.0434576
0.0288459
0.0272131
0.0283615
0.0285823
0.0361206
0.0241438
0.0281113
0.0201838
0.0320254
0.0258023
0.0208893
0.0237491
0.0202898
0.022338
0.0166169
0.0241571
0.0183143
0.0266129
0.0298403
0.0251259
0.0233004
0.0257385
0.0359072
0.0203751
0.0241343
0.0314008
0.0354403
0.0386977
0.0370228
0.0439052
0.0386223
0.0418814
0.0459104
0.0412177
0.0432619
0.0497834
0.0431779
0.0523284
0.0440486
0.0377951
0.0502065
0.0487764
0.0475543
0.0457742
0.0501887
0.044427
0.0566094
0.0480808
0.0489854
0.0497965
0.049622
0.0563987
0.05401
0.0543236
0.059968
0.0529035
0.061708
0.0657949
0.0622056
0.0618137
0.0723469
0.0795549
0.100749
0.118444
0.194139
0.354995
0.513582
0.593571
0.625438
0.614853
0.545696
0.382153
0.199167
0.126232
0.0981833
0.0915713
0.0833219
0.0820706
0.0818561
0.0766682
0.0790876
0.0767874
0.082722
0.077664
0.0855962
0.0753473
0.0831611
0.0784927
0.0837976
0.0796011
0.0764125
0.0740623
0.0808665
0.0784627
0.0721924
0.0787815
0.072857
0.0728107
0.0683631
0.0647783
0.0588418
0.0593713
0.0568184
0.0598623
0.0729628
0.0561515
0.0631538
0.061551
0.0641189
0.0660961
0.0641927
0.0677023
0.0726337
0.0729969
0.0738413
0.0690084
0.0704851
0.0757836
0.0723987
0.0710811
0.0728373
0.0739849
0.0754916
0.0781007
0.0740622
0.0807442
0.0782176
0.0820069
0.0719313
0.087091
0.0760127
0.0808911
0.0741188
0.0748384
0.0695307
0.0694107
0.0667036
0.0638685
0.0661946
0.0686482
0.0636627
0.0596826
0.0702008
0.0661127
0.0612008
0.0600866
0.0606794
0.0661345
0.0691465
0.0739619
0.0635039
0.0694776
0.0707967
0.0744906
0.0713017
0.074032
0.0692742
0.0691017
0.0738854
0.0681619
0.0755206
0.0711233
0.075932
0.0728479
0.0748284
0.0730587
0.0833937
0.0854023
0.0828747
0.0831131
0.0837751
0.0871427
0.059499
0.0837506
0.091538
0.0644293
0.0716647
0.0817115
0.0889522
0.0780797
0.0759151
0.0995124
0.101532
0.0895036
0.095563
0.0863605
0.0980067
0.0961916
0.0927819
0.089056
0.0902438
0.0936976
0.0931394
0.0917486
0.0807709
0.0877157
0.0946838
0.101536
0.0959959
0.0901699
0.0991112
0.0950185
0.102681
0.0923014
0.100089
0.0802116
0.0847152
0.0952686
0.0769318
0.0729087
0.0829692
0.0615718
0.0769368
0.0882543
0.0688362
0.0788308
0.0806952
0.0844937
0.0912578
0.108504
0.0687502
0.0793903
0.117411
0.0718473
0.0907481
0.0928731
0.0889976
0.109719
0.0966903
0.0682127
0.0911194
0.091694
0.0851265
0.101911
0.089342
0.0734254
0.109287
0.125177
0.117374
0.12793
0.114087
0.121514
0.130108
0.135612
0.122095
0.127493
0.102546
0.118851
0.0862529
0.103971
0.102014
0.107611
0.110422
0.0951147
0.102446
0.07298
0.0787761
0.0817986
0.0788379
0.0699451
0.0817052
0.0860339
0.0863948
0.0888132
0.112113
0.0773574
0.0885168
0.0785927
0.119104
0.0948547
0.103368
0.0933786
0.096075
0.0774464
0.0938553
0.0692546
0.0793301
0.0896174
0.0711187
0.0744145
0.0660023
0.0851889
0.0791901
0.0774247
0.101726
0.102124
0.109092
0.123373
0.130727
0.129826
0.124476
0.0936011
0.0802396
0.0624061
0.0694286
0.0689761
0.0799381
0.070813
0.0683367
0.064964
0.0732484
0.0527208
0.0711758
0.0669362
0.0586159
0.0830136
0.0885999
0.0797677
0.0764173
0.090497
0.100293
0.107609
0.119429
0.132761
0.131984
0.15172
0.160335
0.16944
0.18168
0.186909
0.193024
0.22558
0.25033
0.262734
0.251859
0.24805
0.23384
0.160343
0.0978547
0.0925946
0.0785607
0.0740665
0.0687106
0.0675849
0.0816312
0.0656057
0.0624115
0.0653988
0.0634349
0.0721623
0.0558542
0.0633811
0.0724828
0.0739794
0.071231
0.0626136
0.0681316
0.0816245
0.0858226
0.0654739
0.0591772
0.0756596
0.0628857
0.0802001
0.0728572
0.0731214
0.0675038
0.0669733
0.0635157
0.065832
0.0748863
0.0690867
0.0771286
0.0690364
0.0692787
0.0671766
0.068855
0.0597304
0.0763662
0.0682117
0.069483
0.0726746
0.0753821
0.0695434
0.0712391
0.0698972
0.0686653
0.0662683
0.0693659
0.0680004
0.0623712
0.0701415
0.0640711
0.0612823
0.061839
0.0529494
0.0529125
0.0581286
0.0592924
0.0539478
0.0523654
0.0505465
0.0522455
0.0634924
0.0532247
0.0569277
0.0655168
0.0654254
0.0595569
0.0667482
0.0661688
0.0567124
0.0623963
0.0621134
0.0607647
0.06672
0.0676473
0.0642273
0.0644596
0.0689434
0.0681622
0.0642248
0.0621541
0.0676141
0.0643427
0.0621592
0.065993
0.060924
0.0693913
0.0682142
0.0698512
0.0684753
0.0707171
0.0755216
0.0766908
0.0769196
0.0761666
0.0857663
0.0772375
0.0871746
0.0872678
0.0900452
0.0971597
0.0897018
0.0942624
0.0947381
0.102604
0.104576
0.117573
0.122566
0.123076
0.114687
0.101796
0.093885
0.07844
0.0788148
0.0711914
0.054809
0.0586421
0.0612307
0.0589297
0.0552038
0.0659617
0.0660082
0.0633919
0.0646925
0.0673926
0.0703729
0.0731385
0.0691847
0.0788013
0.0774642
0.0800633
0.0780856
0.0786374
0.0805907
0.0921395
0.0929948
0.0980694
0.0938113
0.104126
0.114019
0.115625
0.12778
0.13476
0.146046
0.163114
0.165057
0.164067
0.180305
0.173708
0.1709
0.165842
0.14124
0.133407
0.123548
0.0996804
0.0910518
0.0892843
0.0860499
0.0794044
0.0783901
0.083785
0.0917245
0.0944257
0.0838726
0.0811086
0.0839365
0.0874237
0.0890462
0.102064
0.0962518
0.110901
0.105876
0.101055
0.111341
0.116406
0.113664
0.130472
0.124512
0.126653
0.133559
0.140566
0.14363
0.14951
0.159807
0.167617
0.170042
0.183463
0.19451
0.206932
0.213495
0.214596
0.209275
0.201317
0.180714
0.177573
0.161138
0.149006
0.131289
0.124413
0.117253
0.112635
0.102078
0.0982806
0.11017
0.103817
0.117885
0.101795
0.105542
0.102593
0.113363
0.0935065
0.0749614
0.0927038
0.0999864
0.0913602
0.0861027
0.0957637
0.0761534
0.0913855
0.0748769
0.0910328
0.0759921
0.0941447
0.0981473
0.0839538
0.0799469
0.0881678
0.0848939
0.0880558
0.0857873
0.0910285
0.10016
0.0915321
0.0884101
0.0872139
0.0825382
0.0886285
0.0878628
0.0916577
0.0878856
0.0903057
0.0918245
0.0954556
0.0951757
0.102472
0.0910062
0.0891182
0.0933943
0.0879138
0.0905423
0.0886483
0.100184
0.0983658
0.0967077
0.0937042
0.0965838
0.0919493
0.0955894
0.0708857
0.0741225
0.0589964
0.0492003
0.047614
0.0342376
0.0408763
0.0381863
0.0501388
0.0476637
0.049653
0.058616
0.0584836
0.0771265
0.0750531
0.0924188
0.107105
0.128553
0.137729
0.121526
0.131237
0.154186
0.161075
0.164397
0.178411
0.159677
0.161483
0.17799
0.182516
0.183183
0.177604
0.173721
0.145229
0.153955
0.134172
0.13912
0.130317
0.102479
0.105051
0.129467
0.0981791
0.101723
0.112936
0.122165
0.119124
0.123437
0.125449
0.148615
0.143233
0.156089
0.15513
0.165785
0.156763
0.163421
0.1543
0.167783
0.158616
0.16906
0.159221
0.168752
0.148356
0.137154
0.127259
0.135573
0.155485
0.0882312
0.135744
0.148667
0.100775
0.103873
0.118388
0.105447
0.157323
0.11458
0.148301
0.154914
0.136237
0.144806
0.147468
0.130592
0.175685
0.160707
0.170496
0.182752
0.203902
0.195431
0.188383
0.175406
0.18152
0.209912
0.19643
0.201876
0.191549
0.224162
0.21662
0.219523
0.224401
0.222274
0.241668
0.250039
0.256377
0.253024
0.256281
0.241597
0.240001
0.228068
0.228132
0.226453
0.216502
0.211738
0.187718
0.181915
0.177929
0.14733
0.158167
0.111982
0.113492
0.11531
0.0934348
0.107698
0.100659
0.118886
0.0872826
0.102719
0.137279
0.0896842
0.119424
0.150709
0.13633
0.143713
0.14385
0.131196
0.145199
0.156455
0.134776
0.180732
0.187176
0.188098
0.224821
0.179099
0.187578
0.198973
0.225841
0.204574
0.206433
0.232883
0.261104
0.24805
0.25054
0.256183
0.26858
0.271625
0.299261
0.301225
0.314532
0.31849
0.321293
0.285032
0.298311
0.289455
0.285741
0.278697
0.275156
0.264049
0.229732
0.248051
0.200948
0.178597
0.208265
0.145722
0.125949
0.110215
0.0996135
0.113889
0.0865947
0.0605063
0.0935755
0.0761205
0.0638896
0.0869962
0.0507862
0.0661632
0.0566629
0.0698748
0.10299
0.0820674
0.094202
0.0946626
0.062551
0.0822075
0.083765
0.052491
0.0725693
0.0933431
0.113331
0.0821249
0.103407
0.0968922
0.133353
0.119441
0.135384
0.114711
0.107626
0.143423
0.052468
0.116961
0.0984751
0.120508
0.133731
0.0931364
0.124663
0.0829913
0.102186
0.108625
0.103047
0.100625
0.115291
0.145556
0.12634
0.111919
0.091768
0.0950036
0.152159
0.141651
0.119875
0.13355
0.11433
0.117857
0.132334
0.120649
0.0980203
0.120403
0.180536
0.0961254
0.0981862
0.129589
0.124563
0.083197
0.103615
0.1199
0.113354
0.135296
0.140758
0.117199
0.11658
0.129465
0.0845216
0.0874689
0.0782614
0.119635
0.136029
0.0754723
0.120556
0.0870512
0.0917911
0.0679917
0.114525
0.104119
0.0876518
0.0923093
0.114919
0.142062
0.122068
0.109803
0.118848
0.158186
0.12822
0.142709
0.11991
0.113421
0.130735
0.134819
0.0940164
0.0964725
0.137559
0.13203
0.180368
0.099793
0.11321
0.142362
0.160418
0.159605
0.127701
0.134742
0.165644
0.159604
0.1475
0.133704
0.118692
0.161246
0.154386
0.114478
0.115317
0.169246
0.13482
0.155786
0.16049
0.140215
0.0909527
0.119663
0.0915997
0.086802
0.0683833
0.0471383
0.0464789
0.0279272
0.0108996
0.00275536
