0.188637
0.191993
0.196112
0.192205
0.195963
0.215078
0.213546
0.219372
0.231618
0.232046
0.229824
0.236853
0.248761
0.250646
0.25545
0.257823
0.263261
0.270702
0.269577
0.271093
0.257504
0.269336
0.271778
0.28201
0.291722
0.297698
0.307461
0.319428
0.321047
0.329696
0.334577
0.340019
0.34389
0.346238
0.351443
0.355708
0.355109
0.358019
0.35422
0.34544
0.331355
0.338082
0.346331
0.346537
0.370004
0.378965
0.39178
0.398689
0.40106
0.402204
0.397395
0.361667
0.338126
0.33328
0.333218
0.333267
0.359672
0.4263
0.430881
0.410412
0.39162
0.336581
0.281718
0.248104
0.238632
0.216711
0.212898
0.187253
0.193334
0.187859
0.168301
0.166838
0.158636
0.15951
0.147432
0.148154
0.15504
0.155578
0.16437
0.165643
0.170541
0.189997
0.187126
0.190862
0.199008
0.199007
0.194436
0.196558
0.204537
0.213372
0.215933
0.227182
0.238642
0.258612
0.279597
0.303473
0.340357
0.361973
0.383743
0.397352
0.39877
0.393797
0.378115
0.350421
0.310866
0.277825
0.256586
0.250078
0.255164
0.262488
0.26615
0.266626
0.273549
0.27166
0.271119
0.27168
0.262521
0.26
0.26131
0.252106
0.264479
0.260075
0.27529
0.278838
0.290913
0.298009
0.306987
0.317537
0.317356
0.32774
0.330809
0.333413
0.337473
0.335523
0.334471
0.335832
0.350037
0.354728
0.351265
0.336905
0.30965
0.300318
0.279717
0.278284
0.293235
0.303846
0.309632
0.318508
0.33343
0.347135
0.359659
0.369078
0.385294
0.392655
0.401633
0.405754
0.407632
0.40877
0.412222
0.409481
0.412923
0.415334
0.416251
0.396252
0.365813
0.306979
0.242312
0.189374
0.168864
0.151644
0.152692
0.14288
0.134268
0.133305
0.136317
0.143423
0.147218
0.157455
0.169499
0.17522
0.199964
0.199274
0.201264
0.198396
0.199711
0.192022
0.185711
0.179564
0.177509
0.171359
0.174471
0.172128
0.177802
0.181269
0.177174
0.185858
0.186258
0.183382
0.176976
0.180207
0.165993
0.157255
0.161394
0.154977
0.164129
0.162497
0.1716
0.182027
0.186676
0.195924
0.209901
0.209716
0.220045
0.225707
0.227249
0.235358
0.2404
0.246025
0.251909
0.254012
0.255088
0.251534
0.249863
0.23746
0.229821
0.2197
0.208531
0.204263
0.214609
0.221586
0.230786
0.232377
0.245852
0.237087
0.250713
0.260815
0.271227
0.278883
0.281914
0.291493
0.312837
0.326219
0.32648
0.334124
0.341969
0.344701
0.351312
0.358993
0.365738
0.371823
0.383402
0.38797
0.399737
0.412826
0.387111
0.364799
0.30741
0.268592
0.245898
0.232644
0.233098
0.218469
0.226428
0.24633
0.237656
0.243801
0.257792
0.26593
0.275918
0.281834
0.298127
0.297086
0.308587
0.31945
0.31497
0.328069
0.327994
0.332743
0.334315
0.322001
0.311131
0.284283
0.246474
0.200998
0.172452
0.16681
0.165732
0.160752
0.170966
0.180616
0.190293
0.205465
0.213121
0.221684
0.223972
0.217993
0.215116
0.218079
0.20951
0.194984
0.201022
0.183727
0.186555
0.174373
0.177982
0.172008
0.178739
0.17647
0.174046
0.179855
0.180565
0.183755
0.18475
0.183461
0.178968
0.174674
0.177536
0.167192
0.174033
0.161153
0.165489
0.167562
0.169365
0.167117
0.179944
0.170128
0.177027
0.160514
0.165047
0.182262
0.187412
0.185827
0.183419
0.20142
0.214176
0.217156
0.218814
0.225928
0.229836
0.243503
0.242482
0.242629
0.246524
0.252406
0.228477
0.219066
0.206919
0.206158
0.202959
0.203982
0.19427
0.178661
0.174428
0.168546
0.187947
0.189461
0.20811
0.19914
0.213578
0.198458
0.205131
0.221323
0.211309
0.211117
0.222652
0.224865
0.232785
0.244034
0.244256
0.25582
0.276417
0.288599
0.299349
0.298848
0.299979
0.319337
0.310984
0.299325
0.276155
0.241053
0.204903
0.196943
0.178709
0.179622
0.168239
0.172155
0.180799
0.16974
0.186242
0.1845
0.177447
0.163841
0.183215
0.187369
0.164255
0.166486
0.182354
0.176292
0.186579
0.182654
0.18215
0.172618
0.171803
0.172678
0.178591
0.186748
0.193317
0.213923
0.227535
0.250331
0.275336
0.300294
0.327682
0.330777
0.347213
0.33512
0.323509
0.298987
0.275972
0.280148
0.260482
0.249461
0.257097
0.257615
0.266786
0.270093
0.262871
0.268842
0.259132
0.256987
0.270816
0.2715
0.267678
0.263392
0.246395
0.231338
0.214106
0.194626
0.199535
0.206811
0.197259
0.224182
0.210987
0.229035
0.22209
0.207837
0.187969
0.181271
0.206476
0.216342
0.206979
0.189906
0.188367
0.21804
0.211737
0.229565
0.192818
0.215451
0.204318
0.222339
0.212716
0.212125
0.210848
0.218249
0.229612
0.215427
0.213822
0.223883
0.244125
0.236706
0.249192
0.243098
0.251972
0.252449
0.260128
0.26926
0.284626
0.286926
0.30044
0.319219
0.359859
0.390372
0.397697
0.412944
0.385151
0.368977
0.328942
0.27369
0.238804
0.226019
0.237783
0.283585
0.348593
0.393588
0.45607
0.516498
0.541486
0.569108
0.528619
0.463806
0.351262
0.254747
0.209171
0.19506
0.186446
0.166678
0.193551
0.188501
0.198516
0.193154
0.211662
0.220873
0.215948
0.218021
0.235331
0.218872
0.231451
0.23227
0.255312
0.250441
0.23523
0.23886
0.228228
0.203508
0.188174
0.178761
0.15773
0.175635
0.167735
0.185059
0.160909
0.145033
0.141565
0.156875
0.143968
0.143222
0.13601
0.141496
0.127409
0.127193
0.135927
0.148875
0.145415
0.146764
0.15573
0.151723
0.174767
0.18826
0.186557
0.184079
0.196641
0.179832
0.204117
0.177077
0.196116
0.180016
0.169847
0.176004
0.163813
0.180131
0.162702
0.175407
0.167294
0.186341
0.195538
0.225825
0.207062
0.211139
0.208357
0.207469
0.194984
0.167357
0.173158
0.16203
0.153035
0.158339
0.177812
0.17929
0.172926
0.164255
0.175276
0.182632
0.18287
0.173957
0.18531
0.161551
0.182166
0.169488
0.166171
0.180531
0.184038
0.175748
0.186351
0.169198
0.194951
0.149152
0.141976
0.145068
0.133709
0.148085
0.148033
0.136307
0.157292
0.162225
0.158061
0.141979
0.139592
0.126594
0.147521
0.141348
0.167436
0.132759
0.128841
0.14473
0.115315
0.143033
0.140373
0.136961
0.123113
0.130536
0.103923
0.106567
0.101493
0.111563
0.114686
0.116274
0.126668
0.143208
0.119876
0.155016
0.142431
0.15062
0.163251
0.179208
0.178525
0.190517
0.194814
0.183711
0.16662
0.145584
0.103956
0.0998251
0.102267
0.0842702
0.107295
0.105692
0.113781
0.125908
0.142227
0.143717
0.157836
0.17677
0.176081
0.136639
0.138932
0.137778
0.145237
0.123554
0.174268
0.159784
0.166802
0.189681
0.17036
0.158738
0.171769
0.190146
0.169781
0.175137
0.177476
0.18088
0.176476
0.187256
0.169052
0.162441
0.172034
0.170286
0.177957
0.162331
0.177616
0.167448
0.172669
0.163415
0.140155
0.188201
0.185745
0.181702
0.161722
0.158579
0.134584
0.135059
0.1498
0.129689
0.13084
0.14671
0.115612
0.132793
0.127786
0.113773
0.109395
0.0935589
0.0950376
0.0779507
0.0809909
0.0757845
0.0705105
0.0876652
0.0767966
0.0710188
0.0595284
0.0606536
0.0586814
0.0558628
0.0636718
0.0656458
0.0653463
0.0560854
0.0599844
0.0601454
0.0678877
0.0614264
0.0543812
0.0623565
0.0495438
0.0447626
0.0522913
0.0453419
0.0584821
0.0554525
0.0530083
0.0622491
0.0509601
0.056438
0.0701261
0.0635076
0.0721265
0.067274
0.0709307
0.0614917
0.0644455
0.0626339
0.0764683
0.0779484
0.0786118
0.0824881
0.0702129
0.0707101
0.0852902
0.0683953
0.0679702
0.0499182
0.0582473
0.0532489
0.0554621
0.0414447
0.0422401
0.0472207
0.0437589
0.0328067
0.0544893
0.0560295
0.0551291
0.0438337
0.054778
0.0626576
0.0575357
0.0670458
0.0620362
0.0645483
0.0405606
0.0598528
0.0585877
0.0575616
0.052359
0.0629331
0.0707394
0.0505814
0.062781
0.0688621
0.071734
0.0865275
0.109743
0.0946165
0.0869255
0.111875
0.11903
0.105661
0.140385
0.120999
0.135398
0.123784
0.124546
0.137571
0.13432
0.134412
0.129786
0.139249
0.12368
0.157916
0.154655
0.178289
0.179228
0.170269
0.183387
0.181131
0.194727
0.224122
0.224228
0.231586
0.236641
0.261001
0.254548
0.230192
0.177471
0.141473
0.141429
0.122235
0.139843
0.112301
0.155729
0.144794
0.139565
0.158291
0.157076
0.174793
0.144445
0.137445
0.147139
0.15779
0.195461
0.148511
0.14833
0.163056
0.160356
0.161901
0.133563
0.181242
0.173633
0.194888
0.167426
0.207096
0.198532
0.181127
0.148964
0.185148
0.172549
0.16721
0.157939
0.11861
0.119029
0.108327
0.0961958
0.0763143
0.0751493
0.0690486
0.0618438
0.0545459
0.0345768
0.0294317
0.0318167
0.0214749
0.017383
0.016727
0.00910519
0.0192049
0.0152801
0.0173211
0.0132592
0.0102413
0.0220827
0.0149352
0.0192806
0.011009
0.0226627
0.0212821
0.0307458
0.025543
0.0222235
0.0165944
0.0106044
0.0139047
0.00871701
0.00851219
0.00687233
0.00615209
0.0091952
0.0107973
0.00771051
0.0109813
0.00793946
0.00372371
0.00440584
0
0.00823749
0.00428732
0.00657697
0.0109727
0.0175419
0.0200667
0.0233766
0.0231738
0.0232332
0.0199304
0.0173715
0.0134586
0.0126094
0.0157008
0.012605
0.0117207
0.0167346
0.0165463
0.0102844
0.0137125
0.020604
0.0154021
0.0182634
0.0168688
0.0228727
0.0200981
0.033595
0.0301622
0.0311496
0.0338233
0.0331093
0.0311864
0.020202
0.0255591
0.0259289
0.0300743
0.0349448
0.0277975
0.033999
0.0304676
0.0336082
0.0220989
0.0343073
0.0384211
0.0323993
0.0356336
0.0284456
0.0349435
0.0279581
0.0374441
0.0357804
0.0402116
0.0381621
0.0337753
0.0406657
0.0352875
0.0286943
0.0298771
0.0338459
0.0364913
0.0433988
0.0365516
0.0354239
0.0290088
0.0301831
0.0374827
0.0359523
0.0362504
0.0501828
0.042999
0.0440191
0.0567428
0.057412
0.0583324
0.0628617
0.0627041
0.0678705
0.0667827
0.0706056
0.0591194
0.0632083
0.0590632
0.0658518
0.0715319
0.0702367
0.0686473
0.0692536
0.0739092
0.0758821
0.069533
0.0754498
0.0840509
0.0964941
0.0958142
0.118291
0.103265
0.111942
0.106158
0.104143
0.111929
0.114609
0.106059
0.106331
0.105332
0.105008
0.110247
0.112073
0.100983
0.109387
0.102306
0.106245
0.11338
0.10275
0.115447
0.129451
0.126724
0.128831
0.132098
0.143654
0.122076
0.11992
0.116671
0.0963223
0.0895703
0.0998612
0.098733
0.100064
0.0979076
0.101151
0.091301
0.0965189
0.0828732
0.0970218
0.0835376
0.100077
0.091123
0.0950604
0.107659
0.0880582
0.0914787
0.0968402
0.0839486
0.0847995
0.0915772
0.0949685
0.0872875
0.0700426
0.058607
0.063762
0.0585982
0.0558548
0.0477245
0.0564942
0.0539154
0.0487375
0.0592753
0.0475176
0.0580738
0.048248
0.0541667
0.0474031
0.0523905
0.0537258
0.0513875
0.0575237
0.0545006
0.0678725
0.0521458
0.0730993
0.0488301
0.063625
0.0526158
0.0411612
0.0354349
0.04414
0.0342268
0.029055
0.0130372
0.0120493
0.0226746
0.0155569
0.00992244
0.0236638
0.0191105
0.0171926
0.0166194
0.0181363
0.00640112
0.0163203
0.0132169
0.0306489
0.0134485
0.023283
0.0278116
0.0222399
0.0323371
0.0431751
0.0498483
0.0525164
0.0529741
0.0392827
0.0528618
0.0549639
0.0487007
0.0507629
0.0306141
0.0343953
0.0289842
0.0257271
0.0220812
0.0265724
0.0148168
0.0162675
0.0200394
0.025092
0.0152702
0.0142433
0.0173952
0.0166727
0.0151941
0.0122126
0.0084407
0.013754
0.0149275
0.0188284
0.0418543
0.0261641
0.0258363
0.0284764
0.00806771
0.0286802
0.0175852
0.0333199
0.0204785
0.0191039
0.00900857
0.0213194
0.0249743
0.02257
0.0177941
0.0151018
0.0112656
0.0188656
0.021861
0.0189782
0.0271889
0.0192812
0.0205288
0.0198012
0.0157544
0.0245684
0.0232815
0.0128649
0.0239553
0.0217819
0.0250657
0.0395767
0.035404
0.0381533
0.0176943
0.0370164
0.0392889
0.0330601
0.0249039
0.0272946
0.0260731
0.0268791
0.0220066
0.0239736
0.0271754
0.0279505
0.0220647
0.0144334
0.0227168
0.0131535
0.0192819
0.0200289
0.0273699
0.0298818
0.0214865
0.0261691
0.020981
0.0294406
0.0354263
0.031159
0.031681
0.0352071
0.0345584
0.0414925
0.0341287
0.0390116
0.0443607
0.0406033
0.0522213
0.0527093
0.0516816
0.0462939
0.049115
0.049781
0.0554824
0.0512643
0.0452289
0.0480673
0.0480822
0.0510368
0.0448434
0.0494725
0.048373
0.0573036
0.059718
0.0531674
0.0481602
0.0552999
0.0510823
0.0560457
0.0691501
0.0655382
0.0650748
0.0745863
0.0853288
0.0957924
0.133949
0.222116
0.451333
0.663388
0.74282
0.766717
0.74322
0.640802
0.429464
0.220316
0.143362
0.100542
0.0906219
0.0830875
0.088543
0.0816731
0.0795718
0.0743524
0.0754286
0.0798182
0.0765451
0.0862198
0.0742432
0.0798222
0.0741941
0.0793655
0.0770115
0.0741651
0.0719776
0.0760819
0.076523
0.0718949
0.0725669
0.0657092
0.0675283
0.0713858
0.0599522
0.0579833
0.066779
0.0640103
0.0596392
0.0651951
0.0695102
0.0594485
0.0646996
0.0665173
0.0679976
0.0639399
0.0673676
0.0685279
0.0669493
0.0751715
0.0699734
0.075343
0.0703071
0.0708885
0.06973
0.0731723
0.0746288
0.0787129
0.0748063
0.0699785
0.0741121
0.0726167
0.074448
0.0737446
0.070294
0.0634698
0.0685741
0.0670134
0.0693223
0.0624048
0.0632295
0.0642658
0.0669663
0.0657622
0.0583578
0.0616887
0.0596451
0.0695807
0.06507
0.0677098
0.057139
0.0562604
0.0702325
0.0579308
0.0753031
0.0681228
0.0643241
0.0700291
0.0668974
0.0699709
0.071762
0.0637054
0.073265
0.0687968
0.0657245
0.0683058
0.0712979
0.0706771
0.0742348
0.0717097
0.0703003
0.0684164
0.066835
0.0799888
0.0790851
0.0846231
0.0722796
0.0712224
0.0706366
0.0864118
0.0749856
0.0776169
0.0798039
0.0938079
0.0665801
0.0794182
0.109624
0.090263
0.0814168
0.098105
0.0924889
0.0968619
0.093845
0.0831831
0.0904475
0.0899268
0.0870669
0.098054
0.0982626
0.087033
0.093603
0.0878181
0.10048
0.0921896
0.0781683
0.0916267
0.0922593
0.0939895
0.0848608
0.0861083
0.0771325
0.0821232
0.099636
0.0840756
0.0727606
0.089927
0.0741132
0.104773
0.0833178
0.104237
0.104318
0.0901085
0.0869204
0.114373
0.107785
0.0780286
0.0916634
0.104997
0.0984557
0.0987181
0.0839174
0.0890059
0.109618
0.0831019
0.102261
0.112482
0.105628
0.112734
0.0969741
0.0912377
0.0752308
0.0975787
0.123933
0.125258
0.123618
0.133532
0.131902
0.132285
0.141097
0.132406
0.137595
0.124401
0.114178
0.114127
0.0805731
0.111507
0.11744
0.114586
0.086445
0.131657
0.0903388
0.113028
0.101278
0.0992338
0.100755
0.0916111
0.0998124
0.10647
0.0914427
0.122042
0.0928434
0.0833443
0.0625128
0.0864991
0.081549
0.0722062
0.0985197
0.0871987
0.078431
0.107543
0.0686703
0.0855328
0.0864644
0.0825234
0.0867926
0.0933415
0.107439
0.0960963
0.0980495
0.116149
0.116433
0.131756
0.113556
0.131067
0.139395
0.131162
0.109275
0.0880106
0.0651226
0.0859191
0.0586925
0.0609772
0.078364
0.0803869
0.0864061
0.10516
0.0838456
0.0672452
0.0782793
0.067461
0.0768446
0.0914117
0.084561
0.0744625
0.0994019
0.105859
0.0980623
0.134873
0.15027
0.138669
0.157987
0.155128
0.164633
0.189511
0.192384
0.208609
0.245186
0.258968
0.265237
0.259162
0.247346
0.212747
0.135743
0.0961277
0.104281
0.0816006
0.0678029
0.0824814
0.0580758
0.0965211
0.0628596
0.075247
0.0460963
0.0615214
0.0836167
0.0691258
0.0576394
0.0756973
0.0644001
0.0600424
0.0753812
0.0740174
0.0749524
0.0837387
0.0554706
0.0598309
0.0724684
0.0682688
0.0781109
0.0759362
0.0710553
0.0689273
0.0707251
0.0637367
0.074068
0.0707996
0.069791
0.0693204
0.0741653
0.075404
0.0745943
0.0697336
0.0677708
0.0795147
0.0735947
0.0668927
0.0595339
0.072765
0.0712899
0.0675166
0.0778046
0.0614705
0.0791123
0.0666744
0.0812575
0.0682684
0.0699108
0.0596117
0.0667199
0.0635006
0.0713822
0.0631125
0.0592843
0.0604596
0.0628662
0.0462062
0.0607972
0.0661823
0.0643973
0.0562482
0.0680493
0.0690199
0.065784
0.0691744
0.0679454
0.0655349
0.0599101
0.0647244
0.0766288
0.0685728
0.0655346
0.0625891
0.0585754
0.0693708
0.0695249
0.0686322
0.0599761
0.0654152
0.0631205
0.0690437
0.0687329
0.0635865
0.0623953
0.0659818
0.0678429
0.0749933
0.0664148
0.0740045
0.0788879
0.0740247
0.0767087
0.0674337
0.0838326
0.0775862
0.0916962
0.0864411
0.0885489
0.0945421
0.0918566
0.101872
0.0943899
0.113405
0.110895
0.129137
0.127029
0.121978
0.105485
0.0981947
0.0914661
0.0741156
0.0762668
0.0762367
0.0570496
0.0651491
0.0644155
0.064142
0.0596078
0.0579159
0.0666058
0.0636533
0.0693515
0.0613891
0.0647313
0.0705442
0.069303
0.0749349
0.0766792
0.0784994
0.0771947
0.082914
0.0862625
0.0929036
0.0968203
0.102618
0.100333
0.103207
0.11741
0.119722
0.128434
0.137933
0.1495
0.164728
0.172563
0.173477
0.180226
0.17783
0.168846
0.165237
0.142429
0.127862
0.116338
0.106844
0.0959283
0.097946
0.0864858
0.0848762
0.0865451
0.0860266
0.0900087
0.0917245
0.0957837
0.0870853
0.0787837
0.0941003
0.0949348
0.101714
0.0888333
0.10988
0.105515
0.107918
0.114072
0.121252
0.11901
0.12803
0.127424
0.132185
0.134093
0.141371
0.146625
0.152717
0.159475
0.16433
0.173753
0.191439
0.197568
0.210061
0.221462
0.218447
0.208151
0.197322
0.185991
0.178661
0.155915
0.144487
0.130885
0.122349
0.115611
0.107871
0.113358
0.10933
0.101859
0.107597
0.107514
0.100373
0.108284
0.101665
0.0961847
0.0957442
0.0760883
0.0793176
0.093855
0.0833483
0.0966835
0.0800751
0.0772633
0.0812171
0.0754243
0.0881052
0.0874218
0.0946497
0.0899563
0.0889843
0.0895737
0.0853664
0.073839
0.0876025
0.0872049
0.0849999
0.0953189
0.0940814
0.0852704
0.0782964
0.0827089
0.086423
0.0804514
0.0863115
0.0863697
0.0826549
0.0907832
0.0889483
0.0893075
0.0939885
0.0898046
0.0856746
0.0913802
0.0901259
0.0884962
0.0825566
0.0919676
0.0904633
0.092402
0.0882978
0.0887629
0.0907506
0.0941871
0.0759763
0.0794354
0.0716133
0.0629599
0.0658476
0.0607081
0.053993
0.0521013
0.0668255
0.0595357
0.0685623
0.0774274
0.0754858
0.0927587
0.0827072
0.0983029
0.113149
0.127989
0.133588
0.139145
0.14714
0.165358
0.185375
0.177391
0.187528
0.192238
0.213888
0.206656
0.22347
0.203591
0.194719
0.193124
0.173498
0.166696
0.148017
0.156832
0.13261
0.126603
0.122159
0.12383
0.123327
0.123274
0.119412
0.135133
0.133762
0.138677
0.139041
0.147169
0.15501
0.176258
0.165308
0.164998
0.165098
0.176685
0.168052
0.171881
0.166376
0.164889
0.159057
0.164864
0.148999
0.134428
0.114838
0.132104
0.139333
0.104207
0.14645
0.145742
0.100028
0.111063
0.12082
0.124676
0.162527
0.1045
0.146116
0.167019
0.155296
0.185758
0.146169
0.14524
0.180199
0.16878
0.177228
0.196084
0.203081
0.210783
0.198317
0.192052
0.213222
0.211737
0.196377
0.219751
0.239801
0.22213
0.236741
0.239814
0.226287
0.237771
0.255069
0.250813
0.257182
0.262352
0.274302
0.234866
0.252479
0.244052
0.235519
0.222764
0.227128
0.213787
0.207445
0.176979
0.180229
0.172616
0.154379
0.104169
0.114106
0.153071
0.110139
0.119972
0.115652
0.13783
0.100306
0.12998
0.117727
0.0876848
0.132787
0.138756
0.140693
0.156009
0.152254
0.133386
0.140631
0.158818
0.161269
0.180007
0.178844
0.206854
0.219706
0.188403
0.19246
0.199233
0.205236
0.200849
0.225163
0.233692
0.255608
0.229593
0.267222
0.31882
0.267876
0.307077
0.294987
0.306252
0.319128
0.3246
0.324684
0.313519
0.288355
0.301256
0.291242
0.273578
0.269728
0.283668
0.230735
0.248553
0.218669
0.193409
0.169554
0.146346
0.125356
0.108786
0.0851222
0.0926562
0.120268
0.0866152
0.126348
0.056616
0.121952
0.139265
0.10473
0.0997236
0.0787017
0.0934216
0.109419
0.123499
0.0900628
0.11001
0.0765405
0.101214
0.107324
0.111741
0.0813217
0.113119
0.0820884
0.109142
0.120405
0.0962631
0.129176
0.10546
0.128682
0.143332
0.09347
0.138765
0.0828287
0.0976023
0.076576
0.120819
0.105012
0.113213
0.1359
0.0889807
0.0892185
0.120765
0.139021
0.108172
0.0983495
0.107523
0.159613
0.127903
0.145538
0.148481
0.17416
0.118862
0.105587
0.144997
0.122649
0.111803
0.149816
0.145791
0.110325
0.0859406
0.161301
0.144779
0.10229
0.146163
0.133813
0.0967828
0.161731
0.119682
0.11419
0.129358
0.101597
0.136029
0.0624191
0.105046
0.114897
0.0459588
0.0867061
0.139466
0.120025
0.130969
0.161431
0.0854602
0.0979373
0.0975478
0.122508
0.0843785
0.0953811
0.10451
0.146067
0.139598
0.079517
0.136658
0.0851778
0.124194
0.114811
0.148884
0.154574
0.0968503
0.135727
0.113728
0.0994465
0.133234
0.0989469
0.114829
0.154703
0.162494
0.160082
0.156566
0.127146
0.164277
0.1469
0.153141
0.142964
0.176603
0.12285
0.116371
0.163765
0.171033
0.167723
0.123355
0.163956
0.15953
0.162604
0.162631
0.123397
0.178872
0.109381
0.142227
0.140821
0.0976932
0.104644
0.0793765
0.0570213
0.0420336
0.00977666
0.0296097
